-12.303000
-14.879000
-10.370000
0.579710
16.039000
9.597400
-1.996800
-7.149800
-3.285000
2.512100
6.376800
11.530000
13.462000
16.683001
20.548000
19.903000
13.462000
1.868000
-0.708530
-2.640900
8.953300
3.800300
-2.640900
6.376800
-3.285000
-10.370000
-11.014000
-7.793900
-1.352700
6.376800
17.327000
10.242000
8.953300
-2.640900
-18.100000
-18.743999
-14.879000
-15.523000
-14.235000
-10.370000
1.223800
4.444400
7.020900
17.971001
22.480000
10.886000
13.462000
21.191999
8.309200
5.732700
16.039000
17.327000
11.530000
-1.996800
-0.064410
7.020900
-0.064410
0.579710
10.886000
12.174000
2.512100
2.512100
0.579710
-0.064410
5.732700
-4.573300
-12.947000
-13.591000
-24.541000
-12.303000
-3.285000
-9.082100
-11.659000
-14.235000
-3.929100
1.868000
3.800300
14.750000
16.039000
12.818000
10.886000
6.376800
-3.285000
-9.726200
-9.082100
-1.996800
-3.929100
-10.370000
-18.100000
-15.523000
-6.505600
-2.640900
-0.708530
3.156200
4.444400
12.174000
6.376800
2.512100
8.309200
8.309200
5.088600
-7.149800
-7.793900
-7.793900
-27.118000
-12.303000
9.597400
10.242000
3.800300
7.665100
7.020900
6.376800
8.953300
7.665100
7.665100
6.376800
5.732700
-8.438000
-5.861500
-1.352700
-5.861500
1.223800
0.579710
-5.861500
-1.996800
8.953300
13.462000
18.615000
22.480000
12.174000
-0.064410
-7.149800
-5.861500
-6.505600
-3.285000
-1.996800
-1.352700
-3.285000
-14.879000
-9.726200
-2.640900
2.512100
8.953300
10.242000
8.953300
2.512100
5.732700
23.768000
23.124001
6.376800
-7.149800
-16.812000
-16.167000
-3.285000
9.597400
4.444400
-0.064410
-12.303000
-5.217400
5.732700
8.309200
5.088600
-5.217400
-5.861500
3.156200
-7.149800
-11.659000
-5.217400
3.800300
8.953300
1.868000
0.579710
1.223800
-0.064410
0.579710
1.868000
5.732700
-1.352700
-0.708530
-2.640900
1.223800
8.309200
5.732700
3.156200
-1.996800
-11.659000
-20.032000
-14.879000
-6.505600
-1.996800
-1.996800
1.223800
2.512100
-0.064410
-1.352700
-5.217400
-2.640900
-2.640900
0.579710
-4.573300
-10.370000
-2.640900
-5.861500
-13.591000
-14.879000
-14.879000
-6.505600
-6.505600
-7.149800
-3.285000
-10.370000
-6.505600
-9.726200
-14.879000
-6.505600
-15.523000
-19.388000
-10.370000
-1.996800
-14.879000
-21.965000
-14.235000
3.156200
12.818000
7.665100
8.953300
12.174000
3.156200
6.376800
10.886000
3.800300
1.223800
-5.217400
-12.947000
-7.149800
-0.708530
1.223800
0.579710
-7.149800
-6.505600
2.512100
7.665100
1.868000
-2.640900
7.665100
16.039000
17.971001
5.732700
-4.573300
-7.793900
-14.235000
-14.879000
-5.861500
3.156200
-0.064410
-1.996800
-2.640900
3.156200
14.750000
10.242000
3.156200
7.020900
5.088600
-1.352700
-7.793900
-17.455999
-18.100000
-12.947000
-11.014000
-4.573300
-9.082100
-12.947000
-1.352700
5.732700
9.597400
3.156200
-12.947000
-7.793900
-3.285000
7.020900
11.530000
1.223800
-5.217400
-7.793900
-12.947000
-9.082100
-1.996800
-1.996800
-3.285000
8.309200
14.750000
5.732700
-5.861500
-3.285000
-1.996800
8.309200
7.665100
10.242000
0.579710
-9.726200
-4.573300
-14.235000
-11.659000
-10.370000
-11.014000
-0.064410
-7.149800
-12.947000
-10.370000
-12.947000
-4.573300
3.156200
-0.064410
-3.285000
0.579710
-0.708530
5.088600
6.376800
-2.640900
5.732700
7.665100
6.376800
1.868000
-3.929100
-5.217400
-15.523000
-12.303000
-4.573300
-3.285000
0.579710
-2.640900
-9.082100
-7.793900
-13.591000
-17.455999
-3.929100
-2.640900
-7.149800
-4.573300
-0.064410
-2.640900
-5.861500
8.309200
8.953300
8.953300
14.750000
7.665100
3.156200
-3.929100
0.579710
5.088600
0.579710
-4.573300
5.088600
10.886000
8.953300
10.242000
19.259001
22.480000
12.818000
9.597400
14.106000
12.818000
14.750000
16.683001
8.953300
4.444400
3.156200
-3.285000
-7.149800
-9.726200
-14.235000
2.512100
17.971001
17.327000
17.327000
19.903000
21.836000
8.953300
9.597400
14.750000
10.242000
4.444400
-8.438000
-9.082100
-16.812000
-11.014000
-0.064410
7.020900
5.732700
12.174000
11.530000
1.868000
-2.640900
-5.861500
4.444400
-3.285000
-19.388000
-14.879000
-16.812000
-14.879000
-6.505600
-6.505600
-6.505600
-11.014000
-11.659000
-12.303000
-7.149800
1.868000
12.818000
7.020900
5.088600
13.462000
6.376800
8.309200
2.512100
-5.217400
-4.573300
-19.388000
-20.676001
-5.217400
2.512100
6.376800
1.223800
5.732700
1.223800
-3.285000
17.971001
17.327000
7.020900
3.800300
1.223800
-2.640900
-12.947000
-3.285000
8.953300
1.223800
1.223800
-0.064410
1.868000
5.088600
3.800300
9.597400
15.395000
18.615000
25.700001
35.362000
25.700001
18.615000
12.174000
16.039000
14.750000
1.868000
-11.659000
-8.438000
2.512100
-0.708530
-6.505600
-8.438000
1.868000
-0.064410
-0.064410
8.309200
7.665100
1.868000
7.665100
4.444400
1.868000
-1.352700
-0.708530
5.088600
4.444400
1.223800
-9.082100
-6.505600
-3.929100
3.156200
3.800300
2.512100
5.088600
8.953300
15.395000
14.106000
5.088600
4.444400
4.444400
-1.996800
-2.640900
12.818000
7.665100
-5.861500
-7.793900
-1.996800
-9.082100
-11.659000
-0.064410
-1.352700
-9.726200
-13.591000
-5.861500
-0.708530
-2.640900
-5.861500
-11.014000
-8.438000
-4.573300
1.223800
-1.352700
-4.573300
-3.929100
-3.285000
-2.640900
3.156200
7.665100
3.156200
-11.659000
-2.640900
7.020900
7.020900
7.020900
-11.659000
-11.014000
3.156200
6.376800
5.088600
2.512100
2.512100
-0.708530
4.444400
14.750000
15.395000
10.242000
4.444400
10.242000
6.376800
5.088600
12.174000
7.020900
-3.285000
-4.573300
-1.352700
12.818000
18.615000
14.750000
7.665100
4.444400
7.020900
-1.352700
1.223800
7.020900
10.886000
15.395000
7.665100
-1.996800
-12.303000
-11.014000
-0.708530
5.088600
4.444400
-3.929100
-13.591000
-16.167000
0.579710
21.191999
21.191999
7.020900
-9.726200
-15.523000
-9.726200
-8.438000
-7.793900
1.868000
3.800300
1.868000
-12.303000
-14.235000
-7.149800
-5.217400
-3.929100
-1.996800
3.156200
-0.708530
-12.303000
-10.370000
-5.217400
-5.861500
-2.640900
-6.505600
-12.303000
-9.082100
5.088600
7.665100
-1.352700
-1.352700
-0.064410
-5.217400
-5.217400
-9.726200
-20.676001
-30.337999
-23.253000
-12.947000
-6.505600
-0.064410
-1.996800
-17.455999
-12.303000
3.156200
14.106000
9.597400
-4.573300
-7.793900
-5.861500
-7.793900
-5.861500
3.156200
3.156200
-0.064410
0.579710
-3.285000
0.579710
-2.640900
-0.708530
-3.285000
-7.793900
1.868000
0.579710
1.868000
-4.573300
-12.947000
-1.996800
-0.064410
6.376800
7.020900
2.512100
1.223800
-4.573300
-5.861500
3.800300
10.886000
10.886000
1.868000
8.309200
11.530000
8.953300
-0.064410
3.156200
8.309200
7.020900
3.800300
-0.064410
-3.929100
-9.726200
-4.573300
1.868000
1.223800
-1.352700
5.088600
7.020900
2.512100
-0.064410
6.376800
16.683001
13.462000
-0.064410
-5.861500
-5.217400
-9.726200
-11.659000
-7.793900
5.088600
6.376800
3.800300
-4.573300
-2.640900
-6.505600
-11.659000
-0.064410
8.953300
8.953300
7.020900
-5.217400
-17.455999
-14.235000
-13.591000
-12.303000
0.579710
-1.352700
-3.929100
-11.659000
-16.167000
-6.505600
-7.793900
-6.505600
0.579710
1.223800
-6.505600
-15.523000
-20.032000
-28.406000
-27.118000
-12.303000
-16.812000
-20.676001
-11.659000
-4.573300
3.156200
-0.708530
-11.014000
5.088600
8.309200
-10.370000
-1.996800
3.156200
3.800300
0.579710
-9.726200
-5.217400
-3.285000
-3.285000
-5.861500
-3.285000
-4.573300
-7.793900
-12.303000
-2.640900
10.886000
8.953300
8.309200
-0.708530
-7.793900
3.800300
2.512100
1.868000
1.868000
-5.861500
-10.370000
-1.996800
-6.505600
-7.793900
0.579710
4.444400
7.665100
5.088600
10.242000
13.462000
6.376800
-3.929100
2.512100
13.462000
7.020900
6.376800
0.579710
5.088600
4.444400
-16.812000
-11.659000
-1.352700
-5.217400
-8.438000
-7.793900
5.088600
4.444400
-1.996800
2.512100
-0.064410
7.665100
5.088600
-0.708530
9.597400
11.530000
5.732700
3.800300
7.020900
6.376800
8.953300
4.444400
-6.505600
-7.149800
-1.996800
1.868000
1.868000
-0.064410
4.444400
1.223800
-3.285000
-3.285000
0.579710
0.579710
0.579710
-2.640900
-4.573300
-0.708530
3.156200
8.309200
3.156200
-8.438000
-2.640900
-0.708530
-7.149800
-0.708530
5.732700
4.444400
-2.640900
-5.861500
-3.929100
-1.996800
1.868000
5.732700
5.088600
-5.217400
-4.573300
5.732700
9.597400
2.512100
1.223800
4.444400
11.530000
10.242000
11.530000
5.732700
9.597400
18.615000
22.480000
21.836000
7.665100
1.868000
3.156200
2.512100
7.665100
6.376800
5.732700
4.444400
8.953300
11.530000
3.800300
13.462000
10.886000
0.579710
-10.370000
-9.726200
-5.217400
-5.861500
2.512100
7.020900
1.223800
7.020900
5.088600
0.579710
2.512100
6.376800
6.376800
-1.352700
0.579710
2.512100
-4.573300
8.953300
19.259001
17.971001
5.732700
0.579710
7.665100
10.886000
9.597400
3.800300
-0.708530
2.512100
2.512100
-1.996800
-2.640900
3.800300
-3.929100
-7.149800
-0.064410
7.665100
3.156200
-9.726200
2.512100
13.462000
3.800300
3.800300
3.800300
1.223800
-7.793900
-0.708530
7.665100
7.020900
-2.640900
-0.708530
3.800300
12.818000
12.174000
8.953300
5.088600
5.088600
2.512100
3.800300
8.953300
8.309200
-0.708530
-2.640900
-2.640900
-6.505600
-7.793900
4.444400
-5.217400
-0.708530
3.800300
-0.708530
5.732700
12.818000
12.174000
1.223800
-1.996800
-5.217400
-3.929100
-7.149800
-9.082100
-0.064410
2.512100
1.223800
-1.996800
5.088600
9.597400
7.665100
-0.708530
-8.438000
-3.929100
4.444400
-3.929100
-8.438000
-9.082100
-17.455999
-9.082100
3.156200
-0.064410
1.868000
5.732700
0.579710
-1.996800
5.088600
11.530000
11.530000
14.750000
2.512100
-1.352700
12.174000
5.732700
-5.861500
8.309200
7.665100
1.223800
5.732700
18.615000
13.462000
7.020900
0.579710
-2.640900
5.732700
-0.708530
-7.793900
2.512100
8.953300
-1.352700
-5.217400
-2.640900
-10.370000
-12.303000
-2.640900
3.156200
-1.996800
-5.217400
-3.285000
-0.064410
5.732700
14.106000
8.953300
2.512100
-14.879000
-9.082100
7.020900
9.597400
6.376800
-3.929100
-8.438000
-5.217400
-5.861500
-2.640900
-1.996800
-1.996800
-1.352700
-3.929100
3.800300
10.242000
16.683001
20.548000
14.106000
4.444400
6.376800
-0.064410
-16.167000
-19.388000
-13.591000
-3.285000
-0.064410
-4.573300
-2.640900
5.732700
-1.996800
-7.793900
-3.285000
1.868000
8.309200
1.868000
-1.996800
2.512100
2.512100
1.223800
-0.064410
-3.285000
-7.793900
-11.659000
-3.929100
12.174000
