5.142900
0.698410
1.968300
14.032000
14.032000
3.238100
-1.206300
-7.555600
-9.460300
-1.206300
5.777800
3.238100
8.317500
16.570999
17.205999
12.762000
17.841000
14.032000
3.873000
3.238100
0.698410
5.777800
4.507900
-2.476200
-3.746000
-3.746000
-1.841300
-5.015900
-7.555600
6.412700
12.762000
0.698410
-1.841300
-3.746000
-2.476200
-5.015900
-12.635000
-18.983999
-10.095000
-3.746000
-8.190500
-7.555600
-6.285700
-3.746000
-2.476200
-18.983999
-10.095000
3.238100
1.333300
-6.285700
-2.476200
7.047600
12.127000
8.952400
-2.476200
-0.571430
11.492000
8.952400
3.873000
8.317500
10.222000
8.952400
2.603200
-5.015900
-0.571430
6.412700
1.333300
-6.285700
-6.285700
-4.381000
-15.175000
-10.730000
-11.365000
-8.825400
-1.841300
-1.841300
-2.476200
1.968300
0.698410
0.063490
0.698410
-0.571430
-5.015900
2.603200
5.777800
4.507900
1.333300
-5.015900
-3.746000
-8.825400
-8.825400
-15.175000
-3.746000
13.397000
19.111000
17.841000
12.762000
8.952400
1.333300
-1.841300
-15.810000
-13.905000
1.333300
8.317500
4.507900
0.698410
-1.841300
3.238100
5.142900
-3.111100
3.873000
12.762000
13.397000
11.492000
12.127000
7.682500
1.333300
-5.015900
-18.349001
-8.190500
1.333300
-8.190500
-1.206300
4.507900
6.412700
6.412700
1.968300
-2.476200
1.968300
6.412700
-5.015900
-18.983999
-12.000000
-5.650800
-5.650800
0.063490
-12.000000
-6.285700
4.507900
5.142900
-3.111100
-1.841300
5.777800
5.142900
-2.476200
5.777800
15.302000
14.032000
8.317500
5.142900
3.238100
-3.111100
-6.920600
-12.000000
-3.111100
3.873000
2.603200
-1.841300
-2.476200
-1.206300
-0.571430
-5.650800
-0.571430
7.682500
7.047600
-1.841300
1.333300
-1.206300
-5.650800
0.698410
0.698410
4.507900
7.682500
1.968300
-0.571430
-5.650800
-6.285700
-10.730000
-3.746000
7.682500
14.032000
13.397000
7.682500
6.412700
-1.206300
-6.920600
-13.905000
-1.206300
-0.571430
2.603200
1.333300
-4.381000
-4.381000
-1.841300
4.507900
-3.111100
-10.095000
-5.650800
6.412700
3.238100
-3.746000
-4.381000
-6.285700
-1.206300
-4.381000
-12.000000
-17.714001
-8.190500
-2.476200
-10.095000
-6.920600
-1.206300
2.603200
-3.111100
-11.365000
-5.015900
0.063490
-5.015900
-3.111100
0.063490
2.603200
-1.841300
-13.270000
-9.460300
8.317500
11.492000
8.317500
13.397000
13.397000
9.587300
-3.746000
-1.841300
6.412700
9.587300
7.682500
5.777800
-1.206300
-2.476200
-1.841300
-15.810000
-17.714001
-0.571430
2.603200
2.603200
7.682500
12.127000
10.857000
-0.571430
0.698410
-3.111100
1.333300
1.333300
-0.571430
-2.476200
-1.841300
-8.825400
-7.555600
3.238100
3.238100
-2.476200
5.142900
9.587300
5.142900
-0.571430
2.603200
-5.015900
-5.650800
-7.555600
-14.540000
-14.540000
-13.270000
-12.635000
-14.540000
-5.650800
-0.571430
-1.206300
-1.206300
-2.476200
-2.476200
0.063490
0.698410
1.968300
-2.476200
3.238100
8.317500
7.047600
-1.841300
-0.571430
2.603200
2.603200
-9.460300
-9.460300
5.777800
6.412700
4.507900
4.507900
2.603200
11.492000
3.873000
-3.111100
1.968300
4.507900
1.333300
1.968300
-1.206300
2.603200
-3.111100
-16.444000
-12.635000
-4.381000
-5.650800
-3.111100
1.333300
-2.476200
-1.841300
1.333300
2.603200
5.777800
10.222000
12.762000
14.032000
6.412700
-3.111100
-0.571430
-8.190500
-6.920600
-3.746000
-6.285700
-1.841300
-9.460300
-15.810000
-13.270000
-12.635000
-10.095000
0.698410
-2.476200
-9.460300
-6.920600
-3.746000
-3.111100
-8.825400
3.238100
11.492000
3.238100
4.507900
1.968300
3.238100
5.777800
-0.571430
-8.190500
1.333300
4.507900
-5.015900
-3.111100
-0.571430
8.317500
14.032000
10.857000
20.381001
22.921000
15.302000
18.476000
8.317500
7.682500
14.032000
11.492000
1.968300
1.968300
4.507900
-0.571430
-0.571430
-4.381000
1.968300
0.063490
-1.841300
9.587300
11.492000
7.047600
7.047600
10.857000
5.142900
2.603200
0.698410
-0.571430
5.777800
1.333300
-5.650800
5.777800
9.587300
5.142900
1.968300
-0.571430
7.047600
13.397000
5.777800
-3.746000
-6.285700
-9.460300
-10.730000
-16.444000
-17.079000
-23.429001
-15.810000
-12.635000
-18.349001
-17.079000
-12.000000
-5.650800
-0.571430
-15.175000
-10.730000
5.142900
10.222000
8.317500
0.063490
-2.476200
-1.206300
-8.190500
-24.063000
-13.905000
-0.571430
0.063490
-5.015900
-4.381000
3.238100
5.777800
3.238100
-3.746000
5.777800
11.492000
9.587300
7.682500
2.603200
-4.381000
2.603200
-1.841300
5.777800
7.047600
3.873000
10.222000
9.587300
7.047600
0.698410
0.063490
-0.571430
17.205999
35.618999
26.094999
26.730000
22.285999
17.841000
8.317500
-1.206300
10.857000
8.317500
-2.476200
-5.015900
-13.905000
-17.079000
-14.540000
-20.254000
-9.460300
7.682500
8.317500
10.857000
8.317500
8.317500
21.650999
15.302000
4.507900
13.397000
15.302000
12.127000
14.032000
8.317500
1.333300
1.968300
-7.555600
-6.285700
1.333300
1.968300
0.063490
-3.746000
1.333300
5.777800
-4.381000
0.698410
7.047600
3.238100
7.047600
1.968300
-9.460300
-8.190500
-10.730000
-10.095000
-5.015900
-6.920600
-13.270000
-15.810000
-17.714001
-10.730000
-10.730000
-8.825400
-12.635000
-6.920600
-5.015900
-10.730000
-6.920600
-1.206300
-0.571430
-2.476200
-1.206300
-9.460300
-4.381000
0.698410
-2.476200
-1.206300
4.507900
5.142900
3.873000
-4.381000
-12.635000
-4.381000
0.063490
-2.476200
7.682500
9.587300
15.937000
19.111000
7.047600
14.032000
18.476000
9.587300
10.222000
10.857000
3.873000
2.603200
1.333300
10.857000
11.492000
8.952400
12.762000
14.032000
15.302000
5.142900
-2.476200
5.142900
11.492000
8.952400
1.333300
1.333300
0.698410
-7.555600
-20.254000
-4.381000
8.317500
0.698410
-1.206300
3.238100
1.333300
0.698410
-10.730000
1.968300
18.476000
8.317500
-3.111100
-12.635000
-12.635000
-10.730000
-24.063000
-17.079000
-1.206300
7.682500
1.333300
0.698410
3.873000
3.238100
2.603200
-1.206300
-10.730000
-2.476200
3.873000
-3.746000
-6.285700
-11.365000
-13.905000
-13.905000
-10.095000
-5.015900
7.682500
7.047600
5.142900
-1.841300
-7.555600
-3.111100
-5.015900
-10.730000
-17.079000
-9.460300
-6.920600
-9.460300
-8.190500
-7.555600
-3.111100
-4.381000
-13.270000
-3.111100
9.587300
8.952400
3.238100
1.333300
4.507900
-0.571430
-3.746000
-11.365000
-10.095000
-5.650800
-12.000000
-9.460300
-6.285700
-3.111100
-1.841300
0.063490
-11.365000
-6.920600
-2.476200
-0.571430
2.603200
2.603200
3.873000
3.873000
-6.920600
-6.920600
3.873000
0.698410
-3.111100
3.873000
1.333300
5.777800
7.682500
4.507900
2.603200
12.762000
13.397000
8.952400
13.397000
13.397000
19.746000
19.111000
5.777800
5.777800
7.682500
0.698410
-2.476200
-3.111100
-1.841300
-0.571430
7.047600
3.873000
11.492000
15.302000
14.667000
14.032000
3.238100
3.873000
-1.206300
-10.095000
0.698410
0.698410
1.333300
3.873000
3.238100
3.873000
1.968300
5.777800
3.873000
3.238100
10.857000
5.777800
1.968300
5.142900
5.142900
-1.841300
-20.889000
-6.920600
6.412700
0.698410
-0.571430
-3.746000
-1.841300
-3.746000
-13.270000
-13.270000
0.063490
6.412700
-0.571430
-6.920600
-17.079000
-20.254000
-29.143000
-37.396999
-18.349001
-12.000000
-17.714001
-10.095000
-3.746000
-0.571430
3.873000
0.698410
12.762000
9.587300
5.777800
2.603200
-4.381000
-5.015900
-10.095000
-13.270000
-12.635000
-5.650800
-1.206300
-6.285700
-6.920600
-6.285700
-5.650800
2.603200
10.857000
3.238100
5.777800
12.127000
1.968300
0.698410
-1.841300
-8.825400
-1.206300
2.603200
-1.841300
-5.015900
0.063490
2.603200
-1.206300
-3.746000
-3.746000
-1.206300
0.698410
-1.841300
4.507900
14.032000
10.222000
5.777800
2.603200
0.063490
-3.746000
3.238100
-1.206300
1.968300
4.507900
-1.206300
-5.650800
-7.555600
-7.555600
-11.365000
-11.365000
-6.285700
-9.460300
-0.571430
7.047600
11.492000
12.762000
11.492000
7.682500
0.698410
0.698410
1.968300
8.952400
13.397000
7.682500
5.777800
3.873000
3.873000
-0.571430
-8.825400
-3.746000
7.047600
11.492000
11.492000
1.968300
-5.650800
0.063490
1.333300
-6.920600
-2.476200
9.587300
7.682500
4.507900
-1.206300
0.063490
4.507900
1.333300
-1.841300
-9.460300
-0.571430
5.777800
0.698410
3.873000
-1.206300
-3.111100
-5.015900
-11.365000
-11.365000
0.063490
2.603200
-3.111100
3.238100
2.603200
3.238100
-0.571430
5.142900
-3.746000
1.968300
11.492000
12.762000
8.317500
7.047600
6.412700
1.968300
3.238100
-5.015900
0.698410
7.682500
3.238100
2.603200
1.968300
-1.206300
-3.111100
7.682500
10.857000
1.333300
5.777800
3.873000
0.063490
-5.015900
-10.730000
-9.460300
-9.460300
-12.635000
-2.476200
2.603200
-6.285700
-5.650800
-7.555600
-5.015900
-5.015900
-1.206300
-4.381000
5.777800
13.397000
9.587300
5.142900
7.682500
10.222000
3.238100
1.333300
-6.920600
-2.476200
5.142900
1.333300
5.777800
8.317500
7.047600
7.047600
-8.190500
0.698410
10.857000
-1.206300
-3.111100
-2.476200
0.063490
-2.476200
-7.555600
-15.810000
-4.381000
2.603200
2.603200
1.333300
-3.746000
-3.746000
3.238100
1.333300
-1.841300
3.873000
7.047600
5.777800
3.873000
-2.476200
-8.190500
-1.841300
-5.650800
-3.111100
5.777800
8.952400
14.032000
9.587300
2.603200
-0.571430
-8.825400
0.698410
10.222000
5.777800
2.603200
3.873000
5.777800
0.063490
-4.381000
-5.650800
-15.175000
0.698410
10.222000
1.333300
5.777800
4.507900
-0.571430
1.968300
1.333300
-8.190500
0.063490
10.222000
-1.206300
-13.270000
-9.460300
-6.285700
-10.730000
-15.175000
-9.460300
1.968300
6.412700
4.507900
8.317500
4.507900
7.047600
3.238100
-0.571430
-2.476200
4.507900
8.952400
5.142900
-1.841300
-3.111100
3.873000
7.682500
8.317500
10.222000
16.570999
19.111000
15.302000
12.762000
7.682500
-1.841300
-1.206300
8.317500
-0.571430
1.333300
2.603200
0.063490
2.603200
-4.381000
-5.650800
-10.095000
-15.175000
-9.460300
-1.841300
5.777800
4.507900
0.063490
4.507900
3.238100
0.063490
-1.841300
-7.555600
-17.079000
-1.206300
-1.841300
-5.650800
-4.381000
-6.285700
-2.476200
-0.571430
0.063490
-7.555600
-1.206300
5.777800
-0.571430
0.063490
4.507900
7.682500
10.857000
10.222000
-3.746000
-1.841300
3.238100
5.777800
-1.206300
-6.920600
-2.476200
-1.841300
-0.571430
-12.000000
-5.650800
8.317500
10.857000
2.603200
0.698410
1.333300
1.968300
3.238100
-5.015900
0.698410
7.047600
0.063490
-5.650800
-11.365000
-5.650800
-2.476200
1.333300
0.698410
