-3.846200
0.961540
1.923100
-1.923100
-2.884600
0.000000
1.923100
5.769200
4.807700
0.000000
-4.807700
-2.884600
-0.961540
1.923100
1.923100
-1.923100
-6.730800
-5.769200
-6.730800
-5.769200
0.961540
1.923100
1.923100
-1.923100
-1.923100
-1.923100
0.961540
3.846200
7.692300
8.653800
8.653800
5.769200
4.807700
3.846200
4.807700
4.807700
0.000000
-0.961540
-3.846200
-3.846200
-4.807700
-3.846200
-5.769200
-5.769200
-4.807700
-1.923100
1.923100
6.730800
5.769200
5.769200
5.769200
5.769200
4.807700
1.923100
0.000000
0.000000
-0.961540
-4.807700
-3.846200
-7.692300
-6.730800
-4.807700
-3.846200
-2.884600
1.923100
1.923100
1.923100
3.846200
2.884600
0.000000
0.961540
4.807700
4.807700
6.730800
0.961540
-4.807700
-9.615400
-7.692300
-8.653800
-8.653800
-5.769200
-2.884600
1.923100
2.884600
2.884600
3.846200
7.692300
8.653800
8.653800
5.769200
5.769200
3.846200
7.692300
6.730800
2.884600
-0.961540
-3.846200
-8.653800
-10.577000
-11.538000
-8.653800
-3.846200
-2.884600
-0.961540
1.923100
5.769200
5.769200
4.807700
0.961540
0.961540
1.923100
0.000000
-4.807700
-5.769200
0.000000
0.961540
3.846200
1.923100
1.923100
2.884600
0.961540
-4.807700
-2.884600
-3.846200
-3.846200
-3.846200
-0.961540
1.923100
5.769200
4.807700
1.923100
4.807700
6.730800
0.961540
0.000000
2.884600
0.000000
-1.923100
-6.730800
-6.730800
-4.807700
-2.884600
1.923100
4.807700
-0.961540
-3.846200
-3.846200
-2.884600
-1.923100
-1.923100
0.000000
-0.961540
-4.807700
-7.692300
-0.961540
0.000000
-0.961540
-1.923100
-0.961540
-1.923100
0.000000
0.000000
-0.961540
-0.961540
0.000000
2.884600
3.846200
5.769200
7.692300
6.730800
1.923100
0.961540
1.923100
6.730800
7.692300
8.653800
8.653800
7.692300
6.730800
6.730800
7.692300
4.807700
2.884600
1.923100
2.884600
1.923100
5.769200
3.846200
0.961540
0.961540
3.846200
1.923100
-0.961540
-6.730800
-9.615400
-0.961540
0.000000
1.923100
6.730800
0.961540
-1.923100
-0.961540
0.000000
0.000000
-2.884600
-0.961540
-0.961540
-2.884600
-6.730800
-5.769200
-4.807700
-5.769200
-1.923100
-7.692300
-12.500000
-10.577000
-7.692300
-3.846200
0.961540
2.884600
5.769200
3.846200
1.923100
-2.884600
-0.961540
0.961540
-0.961540
1.923100
2.884600
-0.961540
-2.884600
0.000000
-2.884600
-0.961540
-1.923100
0.961540
2.884600
0.961540
-0.961540
-1.923100
-0.961540
2.884600
0.961540
-3.846200
-2.884600
-2.884600
-3.846200
-2.884600
-0.961540
2.884600
3.846200
2.884600
7.692300
7.692300
5.769200
4.807700
3.846200
0.961540
0.000000
-2.884600
-6.730800
-7.692300
-5.769200
-2.884600
-1.923100
0.961540
3.846200
5.769200
3.846200
7.692300
6.730800
7.692300
10.577000
8.653800
7.692300
3.846200
3.846200
-1.923100
-5.769200
-3.846200
2.884600
1.923100
0.961540
-0.961540
2.884600
3.846200
3.846200
0.961540
-2.884600
-6.730800
-5.769200
-1.923100
0.000000
0.961540
-1.923100
-5.769200
-6.730800
-5.769200
-2.884600
0.961540
-1.923100
0.000000
0.000000
-0.961540
0.000000
1.923100
2.884600
2.884600
1.923100
1.923100
1.923100
2.884600
8.653800
11.538000
12.500000
8.653800
6.730800
4.807700
0.961540
-2.884600
-6.730800
-8.653800
-10.577000
-7.692300
-1.923100
1.923100
4.807700
1.923100
5.769200
14.423000
12.500000
8.653800
2.884600
1.923100
3.846200
5.769200
7.692300
8.653800
10.577000
6.730800
1.923100
-2.884600
-3.846200
-3.846200
-4.807700
-8.653800
-11.538000
-11.538000
-7.692300
-4.807700
-1.923100
-0.961540
0.961540
3.846200
3.846200
0.961540
-2.884600
-3.846200
-8.653800
-9.615400
-9.615400
-7.692300
-7.692300
-4.807700
-2.884600
0.000000
0.000000
0.000000
0.961540
-0.961540
-0.961540
-1.923100
-3.846200
-5.769200
-8.653800
-11.538000
-9.615400
-6.730800
-2.884600
0.961540
3.846200
3.846200
6.730800
4.807700
3.846200
4.807700
5.769200
1.923100
-5.769200
-6.730800
-8.653800
-6.730800
-9.615400
-5.769200
-5.769200
-7.692300
-8.653800
-2.884600
0.961540
0.961540
0.000000
0.961540
7.692300
12.500000
17.308001
19.231001
19.231001
14.423000
9.615400
1.923100
0.000000
-3.846200
-6.730800
-9.615400
-15.385000
-15.385000
-12.500000
-10.577000
-8.653800
-7.692300
-4.807700
-1.923100
0.000000
2.884600
1.923100
3.846200
7.692300
13.462000
14.423000
14.423000
15.385000
12.500000
10.577000
8.653800
1.923100
-1.923100
0.961540
-4.807700
-5.769200
-8.653800
-9.615400
-2.884600
3.846200
1.923100
0.961540
0.000000
1.923100
2.884600
1.923100
-1.923100
-3.846200
-1.923100
-5.769200
-3.846200
-1.923100
0.961540
0.000000
0.961540
0.961540
0.961540
-3.846200
-5.769200
-4.807700
-2.884600
-1.923100
-0.961540
0.961540
-0.961540
-0.961540
-0.961540
0.961540
0.000000
3.846200
7.692300
8.653800
3.846200
2.884600
1.923100
1.923100
-1.923100
-2.884600
-1.923100
-1.923100
-1.923100
-1.923100
1.923100
2.884600
6.730800
6.730800
5.769200
1.923100
0.000000
-0.961540
-0.961540
-2.884600
-4.807700
-2.884600
1.923100
2.884600
0.000000
1.923100
1.923100
4.807700
2.884600
-1.923100
-3.846200
-4.807700
-6.730800
-8.653800
-4.807700
-0.961540
-1.923100
4.807700
7.692300
4.807700
3.846200
1.923100
3.846200
0.961540
0.961540
3.846200
3.846200
3.846200
4.807700
-0.961540
-3.846200
-4.807700
-6.730800
-6.730800
-1.923100
5.769200
10.577000
12.500000
10.577000
8.653800
3.846200
3.846200
2.884600
1.923100
-1.923100
-4.807700
-7.692300
-5.769200
-2.884600
-0.961540
-1.923100
0.000000
0.961540
0.961540
2.884600
1.923100
0.000000
0.000000
0.961540
2.884600
5.769200
2.884600
1.923100
2.884600
1.923100
-3.846200
-5.769200
-2.884600
0.000000
-0.961540
-5.769200
-6.730800
-6.730800
2.884600
7.692300
12.500000
17.308001
15.385000
6.730800
1.923100
1.923100
0.961540
0.961540
-1.923100
3.846200
1.923100
-2.884600
-3.846200
-0.961540
1.923100
3.846200
0.961540
-0.961540
-2.884600
-4.807700
-4.807700
-3.846200
-3.846200
-3.846200
0.000000
5.769200
7.692300
7.692300
6.730800
1.923100
0.961540
-3.846200
-5.769200
-12.500000
-11.538000
-8.653800
-8.653800
-3.846200
0.000000
5.769200
6.730800
6.730800
6.730800
7.692300
9.615400
11.538000
8.653800
3.846200
-4.807700
-7.692300
-7.692300
-7.692300
-8.653800
-6.730800
-2.884600
-2.884600
-1.923100
-2.884600
0.000000
2.884600
5.769200
4.807700
6.730800
11.538000
14.423000
4.807700
2.884600
-0.961540
0.961540
0.000000
-4.807700
-8.653800
-8.653800
-5.769200
-4.807700
-1.923100
-2.884600
-5.769200
-3.846200
1.923100
1.923100
0.961540
-1.923100
-4.807700
-7.692300
-9.615400
-8.653800
-2.884600
1.923100
1.923100
6.730800
1.923100
-1.923100
-6.730800
-6.730800
-7.692300
-4.807700
-1.923100
-2.884600
0.000000
0.961540
0.961540
2.884600
1.923100
5.769200
9.615400
5.769200
3.846200
0.000000
0.961540
0.000000
-5.769200
-8.653800
-7.692300
-4.807700
2.884600
4.807700
4.807700
5.769200
3.846200
5.769200
6.730800
6.730800
2.884600
4.807700
5.769200
2.884600
-0.961540
0.961540
-1.923100
-1.923100
-0.961540
1.923100
4.807700
5.769200
0.961540
0.000000
0.961540
-2.884600
-5.769200
-7.692300
-3.846200
-0.961540
6.730800
7.692300
10.577000
11.538000
10.577000
8.653800
6.730800
2.884600
2.884600
0.961540
-4.807700
-4.807700
-6.730800
-2.884600
-2.884600
2.884600
6.730800
6.730800
5.769200
6.730800
3.846200
3.846200
-0.961540
-3.846200
-6.730800
-4.807700
-1.923100
-3.846200
-3.846200
-4.807700
-1.923100
0.000000
6.730800
4.807700
3.846200
0.000000
0.000000
-3.846200
-6.730800
-8.653800
-7.692300
-8.653800
-9.615400
-7.692300
-11.538000
-11.538000
-8.653800
0.000000
1.923100
5.769200
6.730800
3.846200
0.961540
6.730800
11.538000
7.692300
3.846200
0.961540
2.884600
0.961540
0.000000
0.000000
3.846200
6.730800
8.653800
8.653800
11.538000
4.807700
2.884600
-1.923100
-6.730800
-7.692300
-11.538000
-11.538000
-15.385000
-13.462000
-13.462000
-8.653800
-3.846200
-0.961540
1.923100
2.884600
2.884600
3.846200
3.846200
2.884600
2.884600
8.653800
11.538000
6.730800
3.846200
4.807700
7.692300
6.730800
8.653800
2.884600
-0.961540
-7.692300
-11.538000
-11.538000
-12.500000
-14.423000
-12.500000
-11.538000
-11.538000
-6.730800
-1.923100
0.000000
0.961540
0.961540
-1.923100
1.923100
0.961540
5.769200
4.807700
3.846200
5.769200
1.923100
0.961540
2.884600
4.807700
0.961540
0.961540
0.961540
0.961540
4.807700
6.730800
1.923100
3.846200
6.730800
4.807700
0.000000
-0.961540
-0.961540
-4.807700
-4.807700
0.961540
5.769200
5.769200
7.692300
10.577000
13.462000
12.500000
13.462000
6.730800
2.884600
1.923100
0.961540
1.923100
1.923100
-3.846200
-5.769200
-12.500000
-13.462000
-7.692300
-3.846200
-2.884600
-3.846200
-3.846200
-0.961540
0.961540
-4.807700
1.923100
6.730800
5.769200
5.769200
4.807700
5.769200
3.846200
3.846200
-1.923100
-1.923100
-3.846200
-4.807700
-6.730800
-8.653800
-5.769200
-0.961540
-0.961540
0.961540
0.961540
-6.730800
-12.500000
-8.653800
-4.807700
-2.884600
0.961540
-2.884600
-2.884600
-0.961540
0.961540
0.000000
-0.961540
-1.923100
3.846200
5.769200
6.730800
6.730800
5.769200
6.730800
5.769200
3.846200
0.961540
0.000000
-1.923100
-3.846200
-9.615400
-13.462000
-14.423000
-10.577000
-9.615400
-3.846200
-1.923100
0.961540
3.846200
7.692300
10.577000
10.577000
12.500000
11.538000
12.500000
11.538000
10.577000
8.653800
7.692300
1.923100
-2.884600
-4.807700
-1.923100
-3.846200
-6.730800
-9.615400
-6.730800
-0.961540
-2.884600
-3.846200
-5.769200
-0.961540
-2.884600
-1.923100
0.000000
2.884600
-1.923100
-3.846200
-1.923100
0.961540
0.000000
0.961540
2.884600
2.884600
0.961540
0.961540
1.923100
-0.961540
-0.961540
-2.884600
0.000000
-0.961540
-1.923100
-5.769200
-4.807700
-2.884600
-0.961540
-2.884600
-2.884600
0.961540
-0.961540
0.961540
2.884600
2.884600
1.923100
5.769200
7.692300
7.692300
6.730800
6.730800
3.846200
3.846200
-2.884600
-5.769200
-0.961540
-0.961540
-0.961540
1.923100
5.769200
2.884600
0.000000
0.961540
2.884600
0.961540
0.961540
0.000000
0.961540
-1.923100
-3.846200
-5.769200
-5.769200
-6.730800
-7.692300
-3.846200
-0.961540
4.807700
5.769200
8.653800
10.577000
12.500000
5.769200
-0.961540
-7.692300
-9.615400
-13.462000
