11.530000
-1.030600
-10.692000
-11.659000
-6.827700
-1.996800
-0.064410
5.732700
9.597400
8.631200
12.496000
7.665100
5.732700
4.766500
1.868000
-3.929100
-7.793900
-1.996800
-0.064410
3.800300
1.868000
0.901770
-0.064410
-2.963000
-0.064410
0.901770
-0.064410
4.766500
2.834100
-0.064410
1.868000
-4.895300
-4.895300
-1.996800
4.766500
2.834100
1.868000
1.868000
4.766500
1.868000
-0.064410
-0.064410
0.901770
2.834100
-2.963000
-3.929100
-3.929100
-4.895300
-2.963000
-1.996800
-2.963000
-4.895300
3.800300
-0.064410
-8.760100
-5.861500
1.868000
6.698900
9.597400
10.564000
13.462000
8.631200
-0.064410
-6.827700
-7.793900
-2.963000
-3.929100
-0.064410
1.868000
-1.030600
0.901770
-4.895300
-5.861500
1.868000
7.665100
6.698900
4.766500
4.766500
3.800300
2.834100
-0.064410
-1.996800
-0.064410
-4.895300
-5.861500
-1.030600
1.868000
-0.064410
0.901770
0.901770
1.868000
-1.996800
-6.827700
-7.793900
-4.895300
-5.861500
-3.929100
-3.929100
1.868000
2.834100
0.901770
3.800300
5.732700
7.665100
7.665100
4.766500
3.800300
4.766500
0.901770
1.868000
-1.030600
1.868000
3.800300
3.800300
7.665100
7.665100
-0.064410
-2.963000
-1.996800
-0.064410
2.834100
0.901770
-1.030600
3.800300
6.698900
6.698900
7.665100
2.834100
0.901770
2.834100
11.530000
10.564000
11.530000
9.597400
7.665100
5.732700
0.901770
-1.030600
-2.963000
-3.929100
-6.827700
-7.793900
-5.861500
-1.996800
1.868000
3.800300
2.834100
-0.064410
0.901770
2.834100
0.901770
2.834100
3.800300
1.868000
-0.064410
2.834100
2.834100
1.868000
1.868000
-3.929100
-3.929100
-6.827700
-7.793900
-13.591000
-14.557000
-9.726200
2.834100
1.868000
-3.929100
-8.760100
-8.760100
-3.929100
2.834100
6.698900
4.766500
-0.064410
-6.827700
-15.523000
-19.388000
-14.557000
-9.726200
-8.760100
-7.793900
-1.030600
4.766500
7.665100
3.800300
1.868000
3.800300
4.766500
2.834100
-0.064410
0.901770
1.868000
1.868000
0.901770
-6.827700
-11.659000
-10.692000
-12.625000
-11.659000
-10.692000
-8.760100
-7.793900
-4.895300
5.732700
6.698900
5.732700
7.665100
11.530000
10.564000
7.665100
4.766500
-1.030600
-5.861500
-5.861500
-1.996800
-0.064410
0.901770
3.800300
4.766500
3.800300
3.800300
1.868000
-1.996800
-2.963000
1.868000
6.698900
12.496000
14.428000
11.530000
10.564000
1.868000
-4.895300
-0.064410
3.800300
8.631200
15.395000
13.462000
9.597400
7.665100
3.800300
-1.030600
-6.827700
-15.523000
-10.692000
-2.963000
-4.895300
-3.929100
0.901770
10.564000
7.665100
4.766500
2.834100
2.834100
2.834100
0.901770
-0.064410
2.834100
3.800300
-0.064410
-4.895300
-4.895300
-7.793900
-7.793900
-1.030600
4.766500
5.732700
1.868000
0.901770
5.732700
5.732700
10.564000
15.395000
15.395000
21.191999
23.124001
18.292999
19.259001
21.191999
16.361000
7.665100
1.868000
-0.064410
3.800300
-1.996800
-4.895300
-6.827700
-8.760100
-4.895300
-4.895300
-3.929100
-3.929100
-2.963000
1.868000
-1.996800
-4.895300
-7.793900
0.901770
-2.963000
-4.895300
-9.726200
-10.692000
-3.929100
-1.996800
5.732700
3.800300
2.834100
-3.929100
-14.557000
-19.388000
-21.320000
-18.422001
-18.422001
-16.490000
-16.490000
-11.659000
-5.861500
0.901770
-1.996800
-4.895300
-5.861500
-0.064410
4.766500
2.834100
6.698900
12.496000
10.564000
11.530000
10.564000
3.800300
-2.963000
-10.692000
-12.625000
-7.793900
-2.963000
-1.030600
1.868000
1.868000
8.631200
10.564000
4.766500
-1.030600
-8.760100
-8.760100
-1.996800
-0.064410
1.868000
2.834100
3.800300
6.698900
4.766500
6.698900
6.698900
13.462000
12.496000
6.698900
4.766500
-0.064410
0.901770
2.834100
-0.064410
-3.929100
-6.827700
-8.760100
-10.692000
-11.659000
-7.793900
-3.929100
-3.929100
-6.827700
-6.827700
-9.726200
-14.557000
-5.861500
-2.963000
-1.030600
-1.996800
2.834100
13.462000
12.496000
8.631200
11.530000
16.361000
19.259001
15.395000
5.732700
0.901770
2.834100
-7.793900
-16.490000
-7.793900
-7.793900
-11.659000
-2.963000
5.732700
1.868000
-3.929100
1.868000
9.597400
5.732700
12.496000
20.225000
17.327000
19.259001
19.259001
13.462000
12.496000
4.766500
4.766500
-7.793900
-10.692000
-4.895300
-0.064410
4.766500
10.564000
4.766500
3.800300
4.766500
3.800300
-0.064410
1.868000
6.698900
2.834100
1.868000
7.665100
3.800300
7.665100
10.564000
3.800300
4.766500
2.834100
2.834100
-1.030600
-0.064410
0.901770
-4.895300
-1.030600
-3.929100
-4.895300
-8.760100
-1.030600
1.868000
-1.030600
-4.895300
-1.996800
2.834100
-1.996800
-2.963000
-4.895300
-3.929100
-3.929100
0.901770
2.834100
9.597400
7.665100
6.698900
13.462000
9.597400
3.800300
3.800300
-1.030600
-0.064410
-3.929100
-3.929100
0.901770
1.868000
2.834100
-0.064410
-6.827700
-8.760100
-11.659000
-10.692000
-4.895300
-4.895300
-1.996800
4.766500
-3.929100
-3.929100
-1.030600
-1.996800
-5.861500
-1.996800
-1.996800
-1.030600
4.766500
13.462000
8.631200
5.732700
1.868000
-2.963000
-10.692000
-5.861500
0.901770
1.868000
-1.030600
-6.827700
-10.692000
-13.591000
-7.793900
-11.659000
-11.659000
-9.726200
-1.996800
12.496000
18.292999
18.292999
21.191999
16.361000
7.665100
3.800300
-0.064410
-6.827700
-5.861500
-0.064410
-1.996800
-0.064410
-2.963000
2.834100
0.901770
-5.861500
1.868000
8.631200
9.597400
7.665100
3.800300
6.698900
9.597400
4.766500
5.732700
12.496000
7.665100
4.766500
11.530000
15.395000
7.665100
0.901770
-1.030600
1.868000
-2.963000
-5.861500
-1.030600
2.834100
-1.996800
-2.963000
-3.929100
-4.895300
-9.726200
-5.861500
-4.895300
-16.490000
-14.557000
-2.963000
-0.064410
-0.064410
-0.064410
3.800300
3.800300
6.698900
8.631200
2.834100
-1.030600
-5.861500
-11.659000
-8.760100
-11.659000
-11.659000
-10.692000
-21.320000
-15.523000
-10.692000
-12.625000
-10.692000
-5.861500
-9.726200
-9.726200
-3.929100
-0.064410
5.732700
4.766500
-1.996800
-0.064410
-1.996800
-1.030600
-2.963000
-1.030600
-0.064410
-5.861500
-8.760100
-15.523000
-16.490000
-17.455999
-13.591000
-5.861500
-5.861500
-1.030600
0.901770
2.834100
2.834100
4.766500
0.901770
-1.030600
1.868000
1.868000
-2.963000
-3.929100
-5.861500
-16.490000
-18.422001
-14.557000
-9.726200
-8.760100
-7.793900
-10.692000
-9.726200
-3.929100
-4.895300
-5.861500
-4.895300
-4.895300
-9.726200
1.868000
5.732700
5.732700
6.698900
1.868000
-1.030600
2.834100
4.766500
4.766500
2.834100
2.834100
0.901770
2.834100
2.834100
-5.861500
-5.861500
-5.861500
-1.030600
3.800300
1.868000
-0.064410
-1.996800
-3.929100
1.868000
2.834100
-1.030600
-0.064410
2.834100
4.766500
2.834100
6.698900
6.698900
0.901770
-1.996800
-1.996800
-2.963000
0.901770
0.901770
-1.030600
-2.963000
-3.929100
-4.895300
-0.064410
-0.064410
-4.895300
-1.030600
2.834100
4.766500
8.631200
9.597400
8.631200
7.665100
6.698900
7.665100
6.698900
3.800300
2.834100
5.732700
9.597400
9.597400
10.564000
8.631200
1.868000
-1.996800
-1.996800
-3.929100
-1.030600
-0.064410
2.834100
5.732700
12.496000
8.631200
2.834100
-2.963000
-3.929100
-9.726200
-13.591000
-11.659000
-7.793900
1.868000
7.665100
6.698900
2.834100
6.698900
3.800300
-4.895300
-6.827700
-12.625000
-7.793900
1.868000
4.766500
-0.064410
-8.760100
-10.692000
-2.963000
-4.895300
-4.895300
-2.963000
5.732700
0.901770
-5.861500
-4.895300
-4.895300
-7.793900
-0.064410
6.698900
9.597400
9.597400
7.665100
3.800300
2.834100
0.901770
-1.030600
4.766500
0.901770
-1.030600
1.868000
0.901770
-3.929100
4.766500
4.766500
2.834100
7.665100
13.462000
13.462000
9.597400
7.665100
9.597400
11.530000
7.665100
6.698900
6.698900
0.901770
-2.963000
-2.963000
-5.861500
2.834100
-0.064410
-1.996800
-1.030600
1.868000
4.766500
-1.996800
1.868000
3.800300
-1.030600
-2.963000
-0.064410
-4.895300
-11.659000
-11.659000
-4.895300
-1.030600
7.665100
11.530000
8.631200
7.665100
8.631200
9.597400
5.732700
-3.929100
-6.827700
-5.861500
-4.895300
-6.827700
1.868000
4.766500
3.800300
7.665100
2.834100
0.901770
2.834100
-3.929100
-11.659000
-15.523000
-6.827700
-1.996800
-3.929100
-2.963000
-1.030600
-1.030600
-3.929100
-2.963000
-0.064410
1.868000
9.597400
6.698900
-1.996800
0.901770
0.901770
-2.963000
7.665100
7.665100
4.766500
7.665100
6.698900
4.766500
6.698900
8.631200
0.901770
-2.963000
-7.793900
-13.591000
-8.760100
-1.996800
-0.064410
-0.064410
3.800300
2.834100
-1.030600
-5.861500
-11.659000
-19.388000
-12.625000
-7.793900
-3.929100
-1.996800
-1.996800
-1.030600
-1.030600
-0.064410
4.766500
9.597400
8.631200
5.732700
3.800300
3.800300
6.698900
4.766500
-1.030600
-0.064410
3.800300
3.800300
-0.064410
-4.895300
-6.827700
-2.963000
-0.064410
5.732700
5.732700
-3.929100
-3.929100
-3.929100
-9.726200
-11.659000
-13.591000
-7.793900
-6.827700
-9.726200
-9.726200
-1.030600
8.631200
9.597400
9.597400
7.665100
3.800300
1.868000
0.901770
2.834100
1.868000
6.698900
2.834100
-7.793900
-7.793900
-2.963000
-4.895300
-7.793900
-5.861500
-11.659000
-10.692000
-11.659000
-11.659000
-6.827700
-1.996800
2.834100
8.631200
14.428000
12.496000
8.631200
8.631200
9.597400
10.564000
10.564000
14.428000
19.259001
24.090000
18.292999
12.496000
11.530000
13.462000
12.496000
9.597400
12.496000
15.395000
17.327000
11.530000
8.631200
5.732700
6.698900
8.631200
3.800300
2.834100
-1.030600
-1.996800
2.834100
5.732700
-1.030600
2.834100
3.800300
0.901770
-5.861500
-10.692000
-3.929100
-8.760100
-11.659000
-4.895300
0.901770
3.800300
8.631200
10.564000
4.766500
3.800300
0.901770
-1.996800
-5.861500
-9.726200
-8.760100
-5.861500
-5.861500
-8.760100
-5.861500
-2.963000
-3.929100
-4.895300
-12.625000
-12.625000
-11.659000
-6.827700
-1.030600
-3.929100
0.901770
4.766500
4.766500
7.665100
4.766500
7.665100
15.395000
16.361000
13.462000
3.800300
-6.827700
-17.455999
-27.118000
-28.084000
-21.320000
-16.490000
-12.625000
-10.692000
-1.996800
-0.064410
-1.030600
4.766500
9.597400
8.631200
9.597400
4.766500
6.698900
9.597400
6.698900
3.800300
0.901770
-1.030600
-3.929100
-9.726200
-12.625000
-6.827700
-1.030600
-1.996800
-5.861500
-17.455999
-19.388000
-15.523000
-8.760100
-5.861500
-4.895300
7.665100
15.395000
10.564000
17.327000
15.395000
15.395000
17.327000
14.428000
11.530000
4.766500
-4.895300
-8.760100
-4.895300
-9.726200
-14.557000
-18.422001
-24.219000
-17.455999
