-1.011100
-6.698300
-4.802500
-1.958900
-1.958900
1.832500
1.832500
-3.854700
-4.802500
-9.541900
-13.333000
-8.594000
-1.958900
-3.854700
-4.802500
-6.698300
-9.541900
-4.802500
-4.802500
-4.802500
-1.011100
-3.854700
-5.750400
-1.011100
-1.011100
3.728300
5.624000
1.832500
1.832500
4.676100
6.571900
-0.063190
-0.063190
5.624000
-5.750400
-2.906800
3.728300
-1.011100
0.884680
8.467600
4.676100
3.728300
9.415500
4.676100
-0.063190
3.728300
4.676100
5.624000
1.832500
-1.958900
-4.802500
0.884680
4.676100
9.415500
6.571900
-3.854700
-6.698300
-6.698300
-4.802500
-4.802500
2.780400
7.519700
4.676100
9.415500
12.259000
9.415500
-2.906800
-5.750400
1.832500
0.884680
-0.063190
4.676100
10.363000
7.519700
-1.011100
-7.646100
-2.906800
4.676100
3.728300
4.676100
4.676100
3.728300
0.884680
1.832500
6.571900
0.884680
-1.958900
2.780400
0.884680
-2.906800
-1.958900
-4.802500
-7.646100
-4.802500
-1.011100
-2.906800
-1.011100
0.884680
4.676100
2.780400
0.884680
2.780400
-3.854700
-3.854700
-1.958900
-6.698300
-1.958900
7.519700
5.624000
1.832500
-1.011100
3.728300
6.571900
1.832500
2.780400
-0.063190
-1.011100
-0.063190
1.832500
8.467600
-0.063190
-3.854700
3.728300
4.676100
7.519700
10.363000
4.676100
-3.854700
-8.594000
-7.646100
-3.854700
-6.698300
-10.490000
-8.594000
-0.063190
-1.958900
-7.646100
-4.802500
-0.063190
5.624000
6.571900
5.624000
5.624000
2.780400
5.624000
-0.063190
-4.802500
-3.854700
-7.646100
-12.385000
-7.646100
-3.854700
-4.802500
-2.906800
1.832500
4.676100
3.728300
-1.958900
-1.958900
-6.698300
-9.541900
-10.490000
-7.646100
-5.750400
-2.906800
7.519700
12.259000
14.155000
17.945999
18.893999
12.259000
2.780400
-3.854700
-7.646100
-8.594000
-14.281000
-19.021000
-15.229000
-13.333000
-4.802500
3.728300
3.728300
-1.011100
2.780400
14.155000
9.415500
4.676100
1.832500
2.780400
5.624000
9.415500
9.415500
6.571900
2.780400
-0.063190
-2.906800
-7.646100
-14.281000
-13.333000
-9.541900
-1.011100
6.571900
7.519700
5.624000
2.780400
0.884680
2.780400
7.519700
4.676100
6.571900
5.624000
2.780400
4.676100
2.780400
-0.063190
0.884680
-1.011100
-4.802500
-5.750400
-2.906800
1.832500
4.676100
1.832500
-3.854700
3.728300
4.676100
-0.063190
-1.011100
0.884680
-2.906800
-5.750400
-3.854700
4.676100
4.676100
0.884680
-1.958900
-1.011100
-2.906800
-6.698300
-3.854700
0.884680
-1.958900
-7.646100
-6.698300
-1.958900
-0.063190
2.780400
1.832500
-0.063190
0.884680
-0.063190
-5.750400
-6.698300
-3.854700
-6.698300
-4.802500
-1.958900
6.571900
11.311000
15.103000
16.997999
18.893999
15.103000
12.259000
8.467600
4.676100
0.884680
0.884680
1.832500
2.780400
2.780400
11.311000
12.259000
8.467600
1.832500
-0.063190
-1.958900
-5.750400
-7.646100
-8.594000
-2.906800
-1.958900
-3.854700
-4.802500
-3.854700
0.884680
-3.854700
-1.011100
-0.063190
1.832500
8.467600
5.624000
1.832500
2.780400
7.519700
5.624000
4.676100
1.832500
1.832500
4.676100
-3.854700
-6.698300
-3.854700
4.676100
-5.750400
-17.125000
-10.490000
1.832500
-5.750400
-20.916000
-17.125000
-12.385000
-5.750400
0.884680
-0.063190
2.780400
4.676100
4.676100
3.728300
-1.011100
-1.011100
3.728300
-0.063190
-0.063190
9.415500
11.311000
6.571900
2.780400
-4.802500
-10.490000
-3.854700
6.571900
7.519700
7.519700
5.624000
5.624000
7.519700
3.728300
1.832500
0.884680
-10.490000
-16.177000
-8.594000
-3.854700
2.780400
11.311000
4.676100
-0.063190
-3.854700
0.884680
5.624000
5.624000
4.676100
0.884680
-2.906800
-3.854700
-1.958900
-4.802500
-10.490000
-12.385000
-15.229000
-17.125000
-7.646100
-0.063190
0.884680
3.728300
-0.063190
-4.802500
1.832500
10.363000
6.571900
3.728300
16.051001
13.207000
8.467600
7.519700
2.780400
-1.958900
-4.802500
-3.854700
0.884680
-3.854700
-3.854700
-3.854700
-4.802500
-10.490000
-1.958900
4.676100
4.676100
1.832500
-1.958900
-2.906800
-1.011100
-1.958900
3.728300
-1.011100
-1.958900
7.519700
9.415500
11.311000
18.893999
16.051001
6.571900
10.363000
10.363000
-1.958900
-3.854700
0.884680
-1.011100
0.884680
-1.011100
-7.646100
-9.541900
-19.968000
-24.708000
-19.021000
-15.229000
-1.011100
6.571900
8.467600
7.519700
0.884680
-0.063190
2.780400
-3.854700
-6.698300
-13.333000
-15.229000
-3.854700
1.832500
1.832500
-1.958900
-10.490000
-12.385000
-9.541900
-12.385000
0.884680
8.467600
6.571900
6.571900
16.997999
21.738001
14.155000
6.571900
4.676100
3.728300
-0.063190
-1.958900
0.884680
3.728300
3.728300
4.676100
7.519700
4.676100
-1.958900
0.884680
1.832500
1.832500
-0.063190
0.884680
2.780400
5.624000
6.571900
3.728300
-3.854700
-7.646100
-1.011100
-0.063190
-2.906800
-1.958900
2.780400
3.728300
-3.854700
-4.802500
-3.854700
-6.698300
-7.646100
-1.011100
3.728300
4.676100
11.311000
15.103000
12.259000
12.259000
3.728300
-7.646100
-4.802500
2.780400
1.832500
-1.958900
-1.011100
9.415500
10.363000
1.832500
-3.854700
-4.802500
0.884680
2.780400
-1.011100
4.676100
1.832500
-1.958900
-1.958900
-4.802500
-7.646100
-9.541900
-5.750400
-7.646100
-5.750400
-1.011100
-1.011100
-4.802500
-7.646100
-4.802500
-1.958900
-4.802500
-2.906800
2.780400
11.311000
13.207000
12.259000
6.571900
3.728300
-1.011100
-4.802500
-4.802500
-11.438000
-11.438000
2.780400
5.624000
6.571900
12.259000
7.519700
-0.063190
-2.906800
-2.906800
1.832500
0.884680
-5.750400
-7.646100
-0.063190
7.519700
12.259000
8.467600
8.467600
13.207000
15.103000
0.884680
-2.906800
2.780400
1.832500
6.571900
7.519700
-1.958900
-3.854700
-1.958900
-1.958900
-5.750400
-12.385000
-7.646100
-9.541900
-7.646100
-6.698300
-6.698300
1.832500
2.780400
1.832500
0.884680
4.676100
4.676100
9.415500
6.571900
-1.958900
-0.063190
2.780400
-3.854700
-10.490000
-7.646100
-3.854700
-2.906800
-3.854700
-5.750400
-6.698300
-5.750400
-1.011100
-12.385000
-14.281000
-7.646100
-3.854700
-2.906800
-6.698300
-0.063190
0.884680
-1.011100
4.676100
-0.063190
-1.011100
-1.011100
0.884680
0.884680
-1.011100
-7.646100
-12.385000
-8.594000
0.884680
1.832500
-0.063190
-2.906800
7.519700
15.103000
6.571900
1.832500
0.884680
-1.011100
1.832500
9.415500
10.363000
6.571900
1.832500
4.676100
7.519700
1.832500
-8.594000
-7.646100
-1.958900
-3.854700
-1.958900
-0.063190
2.780400
15.103000
8.467600
-3.854700
-3.854700
-0.063190
7.519700
4.676100
-0.063190
0.884680
3.728300
6.571900
6.571900
7.519700
8.467600
6.571900
-1.011100
-2.906800
3.728300
4.676100
1.832500
6.571900
-2.906800
-6.698300
-6.698300
-7.646100
-8.594000
-7.646100
-5.750400
-1.011100
4.676100
3.728300
-1.011100
-1.958900
-1.011100
-0.063190
1.832500
-2.906800
-2.906800
-0.063190
1.832500
2.780400
7.519700
11.311000
5.624000
0.884680
-0.063190
-0.063190
1.832500
1.832500
-3.854700
-4.802500
-1.011100
2.780400
0.884680
-8.594000
-1.958900
3.728300
-1.011100
1.832500
4.676100
-3.854700
-3.854700
2.780400
-2.906800
-3.854700
-2.906800
-4.802500
-1.011100
-1.011100
-3.854700
-4.802500
-9.541900
-9.541900
-8.594000
-4.802500
-1.958900
2.780400
0.884680
-0.063190
2.780400
1.832500
-2.906800
-1.011100
-3.854700
-9.541900
-4.802500
-5.750400
-4.802500
3.728300
3.728300
-1.958900
-5.750400
-1.958900
2.780400
0.884680
3.728300
8.467600
13.207000
10.363000
11.311000
9.415500
6.571900
3.728300
1.832500
-0.063190
-6.698300
-8.594000
-1.958900
-4.802500
-5.750400
-2.906800
1.832500
2.780400
2.780400
-1.958900
-4.802500
-5.750400
-9.541900
-11.438000
-1.958900
2.780400
-5.750400
-10.490000
-3.854700
2.780400
8.467600
3.728300
2.780400
6.571900
4.676100
0.884680
3.728300
0.884680
4.676100
6.571900
6.571900
9.415500
13.207000
9.415500
8.467600
8.467600
3.728300
-0.063190
-5.750400
-2.906800
-1.958900
-3.854700
0.884680
11.311000
12.259000
6.571900
2.780400
3.728300
-1.958900
-3.854700
-1.011100
-1.958900
-1.011100
-1.011100
-2.906800
3.728300
3.728300
5.624000
-0.063190
-10.490000
-9.541900
-8.594000
-13.333000
-11.438000
-5.750400
-4.802500
1.832500
2.780400
1.832500
8.467600
10.363000
9.415500
5.624000
1.832500
1.832500
-1.958900
-1.011100
3.728300
4.676100
8.467600
7.519700
-4.802500
-11.438000
-5.750400
-9.541900
-10.490000
1.832500
6.571900
7.519700
9.415500
4.676100
-2.906800
-1.958900
-7.646100
-9.541900
-13.333000
-11.438000
-1.011100
4.676100
1.832500
3.728300
6.571900
4.676100
-1.011100
-6.698300
-5.750400
-2.906800
-1.958900
-1.958900
2.780400
3.728300
5.624000
1.832500
-7.646100
-6.698300
-2.906800
-1.011100
-5.750400
-7.646100
-1.011100
9.415500
4.676100
1.832500
12.259000
15.103000
3.728300
-7.646100
-2.906800
-1.958900
-2.906800
3.728300
9.415500
6.571900
8.467600
14.155000
10.363000
2.780400
-1.011100
-2.906800
-5.750400
-14.281000
-10.490000
-2.906800
2.780400
5.624000
1.832500
1.832500
-0.063190
-0.063190
-7.646100
-16.177000
-8.594000
4.676100
16.051001
15.103000
10.363000
13.207000
17.945999
21.738001
19.841999
11.311000
8.467600
-0.063190
-7.646100
-4.802500
-5.750400
-7.646100
-10.490000
-9.541900
-3.854700
-0.063190
-3.854700
0.884680
5.624000
-1.958900
-9.541900
-2.906800
1.832500
-5.750400
-5.750400
-2.906800
-2.906800
-4.802500
-11.438000
-13.333000
-13.333000
-12.385000
-13.333000
-12.385000
-9.541900
-0.063190
-0.063190
-3.854700
-1.958900
4.676100
9.415500
8.467600
1.832500
-1.958900
-4.802500
-0.063190
-1.011100
-5.750400
-1.958900
-2.906800
-9.541900
-11.438000
-1.958900
0.884680
-0.063190
0.884680
-0.063190
-1.011100
-1.011100
-0.063190
0.884680
-5.750400
-4.802500
-8.594000
-4.802500
2.780400
3.728300
7.519700
10.363000
9.415500
7.519700
-0.063190
2.780400
-0.063190
-0.063190
0.884680
1.832500
9.415500
16.051001
8.467600
7.519700
10.363000
6.571900
0.884680
-1.958900
2.780400
8.467600
6.571900
12.259000
16.051001
15.103000
6.571900
9.415500
17.945999
8.467600
3.728300
9.415500
5.624000
-2.906800
-4.802500
0.884680
-3.854700
-1.011100
-2.906800
-8.594000
-1.011100
-1.958900
-4.802500
1.832500
-0.063190
-5.750400
-2.906800
1.832500
-0.063190
0.884680
-0.063190
-2.906800
-3.854700
-3.854700
-3.854700
-4.802500
-3.854700
0.884680
-2.906800
-8.594000
-5.750400
-15.229000
-17.125000
-11.438000
4.676100
14.155000
11.311000
15.103000
16.997999
10.363000
