-6.019400
-6.019400
-7.961200
-7.961200
-5.372200
-7.313900
-6.019400
-2.135900
-0.194170
-4.077700
-6.019400
-7.313900
-15.728000
-18.316999
-8.608400
9.514600
28.285000
39.935001
44.466000
36.699001
17.282000
-2.135900
-11.197000
-14.434000
-14.434000
-13.139000
-17.670000
-21.552999
-22.201000
-24.142000
-22.848000
-20.259001
-14.434000
-9.902900
-6.019400
-0.841420
5.631100
4.983800
2.394800
-3.430400
-6.666700
-8.608400
-13.786000
-6.019400
4.983800
14.693000
24.400999
28.285000
21.812000
12.104000
4.336600
-2.135900
-7.961200
-13.139000
-18.316999
-15.728000
-4.077700
4.983800
3.689300
-3.430400
-7.961200
-14.434000
-17.670000
-20.259001
-23.495001
-18.964001
-9.255700
-0.841420
8.220100
19.223000
21.165001
18.576000
15.340000
10.162000
4.983800
3.689300
3.689300
1.747600
-0.841420
2.394800
13.398000
23.754000
29.579000
26.990000
18.576000
8.867300
-1.488700
-4.724900
-7.961200
-9.902900
-9.902900
-9.255700
-5.372200
1.100300
6.278300
7.572800
2.394800
-0.194170
-0.194170
-1.488700
-2.783200
-6.666700
-9.255700
-9.255700
-9.255700
-10.550000
-12.492000
-9.255700
-11.197000
-11.845000
-9.902900
-6.666700
-4.724900
-3.430400
-1.488700
-2.783200
0.453070
6.925600
4.336600
2.394800
3.689300
3.689300
4.983800
6.278300
4.983800
1.100300
-0.194170
-0.841420
-0.841420
1.747600
-1.488700
-1.488700
-1.488700
-4.077700
-2.783200
-4.724900
-3.430400
2.394800
9.514600
15.987000
14.693000
9.514600
3.042100
-2.135900
-3.430400
-5.372200
-4.724900
-0.841420
2.394800
6.278300
5.631100
4.336600
-0.194170
-5.372200
-15.081000
-18.964001
-16.375000
-9.902900
-5.372200
-1.488700
1.747600
3.689300
5.631100
9.514600
14.693000
15.987000
14.045000
12.751000
12.104000
10.809000
12.104000
6.278300
-3.430400
-4.724900
0.453070
3.689300
-0.841420
-4.077700
-2.135900
-5.372200
-7.313900
-6.019400
-2.783200
1.100300
1.747600
-0.194170
-0.194170
-3.430400
-4.077700
-1.488700
-3.430400
-2.783200
-0.841420
1.100300
1.747600
4.983800
3.689300
4.983800
5.631100
5.631100
3.689300
1.747600
-0.841420
2.394800
3.689300
5.631100
4.983800
0.453070
-2.135900
5.631100
0.453070
-8.608400
-9.255700
-5.372200
-4.724900
-6.666700
-2.783200
-0.841420
-1.488700
1.100300
5.631100
10.809000
10.162000
4.336600
1.100300
-1.488700
-1.488700
-2.135900
-4.724900
-7.961200
-6.666700
-4.077700
3.689300
14.045000
15.340000
13.398000
4.983800
-2.783200
-6.666700
-8.608400
-3.430400
-2.135900
-2.135900
-0.841420
-0.194170
0.453070
-4.077700
-5.372200
-6.666700
-11.845000
-15.081000
-13.139000
-9.902900
-7.313900
-1.488700
9.514600
13.398000
6.278300
-0.194170
-4.724900
-10.550000
-8.608400
-6.019400
-3.430400
-4.724900
-4.077700
-6.019400
-7.961200
-9.255700
-9.255700
-3.430400
1.747600
4.336600
7.572800
9.514600
8.220100
6.278300
1.747600
-4.724900
-10.550000
-13.786000
-11.197000
-9.902900
-8.608400
-4.077700
2.394800
4.336600
3.042100
1.747600
0.453070
0.453070
8.220100
10.162000
8.220100
7.572800
4.336600
2.394800
3.689300
6.278300
10.162000
6.925600
2.394800
-1.488700
-0.841420
2.394800
3.042100
-0.194170
-4.724900
-4.077700
2.394800
6.278300
6.925600
7.572800
5.631100
5.631100
1.747600
-0.194170
-6.019400
-6.666700
-7.313900
-9.255700
-5.372200
-0.841420
3.042100
2.394800
2.394800
4.983800
6.925600
6.925600
4.983800
4.336600
2.394800
-0.841420
-0.841420
1.747600
4.983800
7.572800
3.689300
-1.488700
-1.488700
-0.841420
-2.783200
-4.077700
-5.372200
-5.372200
-6.019400
-7.313900
-7.961200
-7.961200
-5.372200
-0.194170
-2.135900
-2.135900
-0.194170
-2.135900
3.042100
5.631100
7.572800
8.867300
8.220100
7.572800
5.631100
5.631100
3.042100
-1.488700
-2.783200
-4.077700
-2.783200
-2.135900
1.747600
3.689300
3.689300
1.100300
-5.372200
-7.313900
-9.255700
-9.255700
-13.139000
-11.845000
-7.313900
-4.724900
1.747600
4.336600
2.394800
3.042100
-0.841420
-3.430400
-4.724900
-4.077700
3.042100
1.747600
1.100300
2.394800
1.747600
3.689300
7.572800
11.456000
12.104000
10.809000
6.925600
3.689300
-0.194170
-2.135900
0.453070
0.453070
2.394800
-0.194170
1.100300
4.336600
1.100300
-0.194170
-7.961200
-11.197000
-10.550000
-10.550000
-6.019400
-2.135900
-3.430400
-4.724900
1.100300
6.278300
10.809000
11.456000
7.572800
3.689300
4.336600
5.631100
10.809000
14.045000
5.631100
-1.488700
-1.488700
1.100300
2.394800
3.042100
-2.783200
-6.019400
-2.783200
-1.488700
-4.077700
-0.194170
6.278300
3.689300
1.747600
-2.135900
-7.313900
-9.255700
-7.313900
-6.019400
-6.019400
-7.313900
-2.783200
3.042100
2.394800
1.100300
-0.194170
-2.135900
-4.724900
-5.372200
-6.666700
-9.255700
-9.902900
-9.902900
-6.666700
-4.724900
-3.430400
-2.783200
-0.841420
1.747600
6.278300
7.572800
3.689300
0.453070
1.100300
6.925600
10.809000
12.104000
8.867300
0.453070
-3.430400
-0.841420
-3.430400
-6.019400
-0.841420
-0.194170
-2.135900
-3.430400
-2.783200
0.453070
4.983800
6.925600
7.572800
12.104000
17.282000
17.929001
14.045000
8.867300
4.336600
1.100300
-1.488700
-0.841420
0.453070
-2.135900
-2.783200
-0.841420
-6.666700
-8.608400
-6.666700
-7.313900
-6.666700
-11.845000
-15.081000
-17.670000
-13.139000
-4.077700
4.336600
5.631100
-0.841420
-1.488700
3.689300
8.220100
10.162000
10.162000
7.572800
6.278300
8.867300
6.925600
0.453070
-6.019400
-9.902900
-9.902900
-8.608400
-11.197000
-11.197000
-13.786000
-9.902900
-5.372200
-4.077700
-0.194170
3.689300
8.220100
9.514600
8.867300
4.983800
-2.783200
-9.902900
-10.550000
-8.608400
-2.783200
1.100300
1.747600
4.336600
7.572800
12.751000
15.987000
19.223000
19.223000
9.514600
-0.194170
-2.783200
-7.313900
-8.608400
-9.902900
-9.902900
-4.724900
0.453070
4.336600
10.809000
16.634001
14.045000
9.514600
2.394800
1.100300
-2.783200
-7.313900
-7.961200
-2.135900
-0.841420
0.453070
4.983800
9.514600
13.398000
17.929001
19.871000
17.929001
14.693000
8.867300
4.983800
1.747600
3.689300
10.809000
14.045000
14.045000
9.514600
2.394800
0.453070
3.042100
0.453070
-6.019400
-7.313900
-10.550000
-8.608400
-0.841420
8.867300
13.398000
10.809000
4.983800
3.042100
1.100300
-1.488700
-7.961200
-15.728000
-24.142000
-28.025999
-24.142000
-13.786000
-2.135900
8.220100
15.987000
22.459999
24.400999
23.754000
21.165001
14.045000
4.983800
-4.724900
-9.255700
-9.255700
-8.608400
-6.666700
-3.430400
-5.372200
-4.724900
0.453070
3.042100
4.983800
2.394800
0.453070
-2.783200
-3.430400
-2.783200
-7.313900
-7.313900
-9.255700
-9.902900
-5.372200
-3.430400
4.336600
4.983800
1.100300
-0.194170
-4.724900
-8.608400
-9.255700
-12.492000
-19.612000
-18.316999
-13.139000
-11.845000
-9.902900
-9.255700
-10.550000
-13.786000
-11.845000
-4.724900
-1.488700
-2.783200
-0.194170
-3.430400
-4.077700
-2.135900
-0.841420
2.394800
4.336600
1.100300
-0.194170
-0.841420
-6.019400
-13.786000
-20.259001
-18.316999
-10.550000
-1.488700
3.042100
2.394800
3.689300
6.278300
10.809000
17.282000
17.282000
16.634001
14.693000
13.398000
9.514600
6.278300
3.042100
-2.135900
-7.313900
-6.019400
-4.077700
-2.783200
3.042100
5.631100
3.042100
0.453070
0.453070
-0.841420
-2.135900
1.747600
6.278300
7.572800
12.104000
15.987000
14.693000
8.867300
2.394800
-3.430400
-4.077700
-2.135900
-0.194170
-1.488700
-1.488700
-3.430400
0.453070
4.336600
10.162000
6.925600
-0.841420
-2.783200
-2.135900
-0.841420
-3.430400
-2.783200
3.689300
10.162000
15.987000
14.045000
8.220100
3.042100
1.747600
1.100300
1.100300
-0.841420
-4.724900
-6.666700
-7.961200
-7.961200
-2.783200
5.631100
12.104000
10.809000
6.925600
5.631100
5.631100
8.867300
12.104000
8.220100
-0.194170
-6.666700
-11.845000
-9.255700
-9.902900
-8.608400
-5.372200
-5.372200
1.100300
1.100300
1.747600
1.747600
-2.783200
-3.430400
-0.841420
8.220100
7.572800
-0.194170
-4.077700
-2.135900
-0.841420
3.042100
3.042100
-0.194170
-6.666700
-9.902900
-5.372200
3.042100
7.572800
1.747600
-3.430400
-4.077700
-2.135900
2.394800
2.394800
-0.194170
-6.019400
-7.313900
-5.372200
-1.488700
1.747600
-2.783200
-7.961200
-8.608400
-5.372200
-1.488700
3.042100
-2.135900
-7.961200
-9.255700
-10.550000
-7.313900
-0.841420
-0.194170
-1.488700
-0.194170
3.689300
9.514600
10.809000
3.689300
-4.724900
-8.608400
-6.019400
-6.019400
-3.430400
-7.961200
-13.139000
-11.845000
-6.019400
1.100300
7.572800
9.514600
16.634001
13.398000
6.925600
3.689300
-0.194170
-1.488700
-1.488700
-1.488700
0.453070
-7.961200
-7.961200
-0.841420
3.689300
3.689300
-0.194170
-3.430400
-5.372200
-6.019400
-6.019400
-2.783200
-0.194170
-1.488700
1.747600
7.572800
18.576000
22.459999
15.340000
9.514600
4.336600
-1.488700
-2.135900
-2.783200
-3.430400
-2.783200
-4.077700
-6.666700
-4.724900
-4.077700
-7.961200
-9.255700
-6.019400
1.747600
9.514600
11.456000
12.751000
10.809000
4.336600
3.689300
4.336600
3.042100
-0.841420
-8.608400
-9.902900
-10.550000
-9.255700
-4.724900
1.100300
7.572800
10.809000
11.456000
8.867300
6.278300
2.394800
2.394800
7.572800
5.631100
1.747600
-2.135900
-2.135900
-4.077700
-3.430400
-3.430400
-3.430400
-0.841420
-0.841420
-0.194170
2.394800
1.100300
2.394800
0.453070
-2.783200
-6.019400
-8.608400
-6.666700
-0.841420
-2.135900
-2.135900
-0.841420
-1.488700
-2.783200
-2.783200
-0.194170
-0.194170
0.453070
-7.313900
-12.492000
-7.961200
-0.194170
4.983800
3.042100
-4.077700
-5.372200
-2.783200
1.747600
10.162000
12.104000
9.514600
10.162000
10.162000
12.751000
13.398000
6.278300
-4.724900
-13.786000
-13.786000
-9.902900
-3.430400
-3.430400
-4.724900
-6.666700
-6.019400
-2.135900
-3.430400
-3.430400
2.394800
8.220100
14.045000
12.751000
8.220100
0.453070
-4.077700
-4.077700
-1.488700
-0.841420
-1.488700
-1.488700
3.689300
10.162000
14.693000
17.282000
15.987000
14.045000
8.867300
2.394800
-0.841420
-4.724900
-3.430400
-9.902900
-11.197000
-6.666700
-2.135900
1.747600
3.042100
4.336600
4.336600
3.042100
-1.488700
-1.488700
-0.194170
-1.488700
-2.783200
-1.488700
1.747600
3.689300
7.572800
6.925600
10.809000
10.809000
10.162000
8.220100
5.631100
1.100300
-3.430400
-5.372200
-4.077700
-4.077700
-1.488700
-4.077700
-8.608400
-7.961200
-6.019400
-1.488700
1.100300
1.747600
-0.841420
-2.783200
0.453070
4.336600
6.278300
5.631100
8.220100
-0.841420
-4.724900
-0.841420
-0.194170
