-5.947700
-3.986900
-0.718950
4.509800
7.777800
7.777800
7.777800
9.085000
9.085000
5.163400
0.588240
-5.947700
-16.405001
-17.059000
-6.601300
11.046000
28.693001
40.458000
45.033001
35.882000
15.621000
-3.986900
-13.791000
-19.020000
-22.288000
-24.902000
-29.476999
-30.784000
-28.170000
-28.170000
-24.247999
-19.673000
-13.791000
-8.562100
-3.986900
0.588240
5.817000
6.470600
5.817000
2.549000
1.895400
1.895400
-3.333300
-1.372500
5.163400
13.007000
22.809999
30.000000
26.077999
14.967000
2.549000
-8.562100
-17.059000
-25.556000
-29.476999
-23.594999
-9.869300
1.241800
5.817000
3.202600
-1.372500
-9.215700
-16.405001
-23.594999
-27.516001
-24.247999
-15.098000
-2.026100
10.392000
24.118000
30.653999
28.693001
21.503000
13.660000
3.202600
-2.026100
-3.333300
-3.986900
-3.333300
2.549000
11.699000
21.503000
29.346001
30.000000
24.771000
13.007000
1.895400
-2.026100
-6.601300
-9.215700
-9.215700
-9.215700
-5.947700
-1.372500
3.202600
1.241800
-5.294100
-6.601300
-6.601300
-5.294100
-4.640500
-7.254900
-11.176000
-15.098000
-15.752000
-15.752000
-15.752000
-12.484000
-13.137000
-13.791000
-11.830000
-5.947700
-0.718950
1.895400
3.202600
-2.026100
-2.026100
1.895400
1.241800
0.588240
1.895400
4.509800
7.124200
7.124200
6.470600
1.895400
-1.372500
-4.640500
-3.986900
-1.372500
-4.640500
-5.294100
-5.294100
-5.294100
-3.986900
-4.640500
-3.333300
2.549000
10.392000
17.582001
16.275000
9.738600
0.588240
-3.333300
-4.640500
-5.947700
-4.640500
-1.372500
2.549000
5.817000
5.163400
4.509800
-0.718950
-9.869300
-21.634001
-27.516001
-26.209000
-19.673000
-10.523000
-3.986900
-0.065360
3.856200
6.470600
10.392000
14.314000
16.927999
15.621000
14.967000
14.314000
13.660000
13.007000
4.509800
-8.562100
-10.523000
-5.294100
0.588240
-0.718950
-3.986900
-3.333300
-5.947700
-6.601300
-5.294100
-1.372500
0.588240
-2.026100
-4.640500
-5.947700
-8.562100
-8.562100
-6.601300
-5.947700
-4.640500
-0.718950
2.549000
5.163400
7.777800
5.817000
6.470600
5.817000
7.777800
7.124200
5.163400
-0.065360
0.588240
1.895400
5.163400
5.817000
3.202600
1.241800
5.163400
2.549000
-4.640500
-5.947700
-4.640500
-4.640500
-4.640500
-0.065360
1.895400
1.895400
3.856200
7.124200
13.007000
14.967000
10.392000
5.817000
1.895400
-2.679700
-4.640500
-5.947700
-6.601300
-5.294100
-0.718950
7.777800
18.889000
20.195999
17.582001
5.163400
-3.333300
-5.947700
-6.601300
-3.333300
-1.372500
-0.065360
3.202600
5.163400
5.817000
1.241800
-2.679700
-6.601300
-11.176000
-13.137000
-10.523000
-5.947700
-4.640500
-0.718950
7.777800
12.353000
11.046000
3.202600
-5.947700
-13.137000
-12.484000
-8.562100
-5.294100
-5.294100
-4.640500
-3.986900
-4.640500
-7.254900
-6.601300
-2.679700
2.549000
8.431400
11.699000
13.007000
11.046000
8.431400
3.202600
-3.986900
-10.523000
-13.791000
-11.176000
-7.254900
-6.601300
-2.679700
3.202600
5.163400
3.202600
0.588240
-1.372500
-2.026100
3.202600
7.124200
7.777800
6.470600
3.202600
1.895400
3.856200
6.470600
11.699000
9.085000
2.549000
-3.333300
-2.679700
-2.026100
-2.026100
-4.640500
-9.215700
-6.601300
1.895400
8.431400
9.085000
10.392000
9.085000
7.777800
3.856200
0.588240
-5.294100
-7.908500
-9.869300
-10.523000
-6.601300
-2.026100
1.895400
1.895400
1.895400
3.856200
5.817000
7.777800
7.124200
5.817000
3.856200
-1.372500
-2.026100
-0.065360
2.549000
5.163400
1.895400
-1.372500
-0.718950
1.241800
-0.718950
-3.333300
-7.254900
-9.869300
-11.830000
-13.137000
-14.444000
-11.176000
-5.947700
0.588240
1.241800
1.241800
0.588240
-1.372500
2.549000
4.509800
4.509800
4.509800
5.163400
3.856200
4.509800
5.817000
5.163400
1.241800
0.588240
-3.333300
-4.640500
-3.333300
-0.718950
1.241800
2.549000
3.202600
1.241800
1.241800
-1.372500
-5.947700
-12.484000
-13.137000
-11.176000
-8.562100
-2.026100
1.241800
0.588240
0.588240
-2.026100
-3.333300
-4.640500
-3.986900
0.588240
1.895400
2.549000
2.549000
3.856200
7.777800
12.353000
15.621000
16.275000
12.353000
7.124200
3.202600
-0.718950
-0.718950
1.241800
1.895400
2.549000
1.241800
4.509800
5.817000
1.241800
-2.026100
-8.562100
-10.523000
-11.830000
-13.137000
-9.869300
-4.640500
-3.986900
-5.294100
-0.065360
6.470600
13.007000
13.007000
10.392000
7.124200
7.124200
7.777800
9.738600
9.738600
3.202600
-3.333300
-3.333300
-0.718950
2.549000
3.856200
0.588240
-2.026100
-0.065360
1.241800
-1.372500
1.895400
5.817000
4.509800
-0.065360
-3.986900
-8.562100
-10.523000
-9.215700
-7.908500
-5.294100
-5.947700
-2.679700
0.588240
-0.065360
0.588240
1.241800
1.241800
-1.372500
-5.947700
-8.562100
-9.869300
-9.869300
-9.215700
-5.947700
-2.026100
-0.718950
-0.718950
0.588240
2.549000
6.470600
7.777800
3.202600
-1.372500
-0.718950
5.163400
9.085000
10.392000
5.163400
-2.679700
-7.908500
-5.947700
-4.640500
-3.986900
1.895400
1.895400
-2.679700
-5.294100
-4.640500
-0.718950
3.202600
3.202600
3.856200
7.124200
12.353000
12.353000
9.738600
4.509800
-0.718950
-2.679700
-0.718950
3.856200
5.163400
0.588240
-2.026100
-0.718950
-3.333300
-3.986900
-2.679700
-3.986900
-7.254900
-12.484000
-16.405001
-19.020000
-13.791000
-2.026100
7.124200
6.470600
-0.065360
-0.065360
5.817000
9.738600
12.353000
11.046000
9.085000
4.509800
4.509800
3.856200
-0.065360
-3.986900
-6.601300
-5.947700
-4.640500
-7.908500
-11.176000
-13.791000
-12.484000
-8.562100
-6.601300
-1.372500
3.856200
8.431400
9.738600
9.738600
5.163400
-3.986900
-10.523000
-13.791000
-13.137000
-5.294100
0.588240
3.202600
7.124200
9.085000
11.699000
13.660000
17.582001
16.927999
10.392000
0.588240
-5.294100
-9.215700
-10.523000
-11.830000
-13.137000
-9.869300
-3.986900
3.202600
11.046000
16.275000
14.314000
10.392000
3.202600
1.895400
-2.026100
-5.947700
-4.640500
-0.718950
1.895400
3.856200
6.470600
9.738600
13.007000
16.927999
18.889000
18.889000
17.582001
11.046000
5.163400
-1.372500
-0.718950
7.777800
14.967000
17.582001
13.007000
3.856200
-0.718950
1.895400
0.588240
-4.640500
-9.215700
-13.137000
-12.484000
-4.640500
7.124200
16.275000
12.353000
3.202600
-0.065360
-2.679700
-2.679700
-7.908500
-15.752000
-25.556000
-32.744999
-30.784000
-17.712000
-3.333300
10.392000
16.275000
20.195999
20.195999
20.850000
20.195999
14.967000
7.777800
-2.679700
-7.908500
-7.254900
-3.986900
-1.372500
-0.718950
-6.601300
-8.562100
-5.294100
-2.026100
-0.065360
0.588240
0.588240
-2.026100
-2.026100
-2.026100
-5.294100
-5.294100
-6.601300
-7.908500
-5.294100
-2.679700
1.895400
1.895400
-0.065360
-2.679700
-3.986900
-6.601300
-7.254900
-9.215700
-13.791000
-9.869300
-4.640500
-3.986900
-4.640500
-7.908500
-12.484000
-15.752000
-13.791000
-5.947700
-2.679700
-3.986900
-3.986900
-3.986900
-2.026100
-0.718950
1.895400
4.509800
5.817000
2.549000
2.549000
3.202600
-2.679700
-11.830000
-19.020000
-18.365999
-10.523000
-2.026100
4.509800
5.817000
8.431400
12.353000
17.582001
20.850000
17.582001
16.275000
14.314000
13.007000
8.431400
4.509800
1.895400
-2.679700
-11.176000
-13.791000
-11.176000
-2.679700
5.817000
7.124200
1.895400
-2.026100
-3.333300
-5.294100
-3.986900
2.549000
12.353000
15.621000
18.235001
18.235001
13.660000
4.509800
-3.333300
-9.869300
-10.523000
-8.562100
-5.294100
-3.333300
-0.065360
-0.065360
3.202600
7.777800
11.046000
7.124200
-0.718950
-3.333300
-2.679700
-0.718950
-3.333300
-1.372500
6.470600
13.660000
18.235001
15.621000
8.431400
3.202600
1.241800
-0.065360
-0.065360
-2.679700
-6.601300
-10.523000
-11.830000
-10.523000
-2.026100
7.124200
14.967000
13.660000
7.124200
5.817000
5.817000
9.738600
10.392000
6.470600
-2.026100
-9.215700
-13.791000
-10.523000
-11.830000
-9.869300
-7.254900
-7.254900
-2.026100
1.895400
5.163400
4.509800
-0.065360
-0.065360
4.509800
13.660000
13.660000
3.202600
-3.986900
-7.254900
-3.986900
1.895400
1.241800
-2.026100
-5.947700
-5.947700
-0.718950
3.856200
5.163400
-0.065360
-5.294100
-6.601300
-5.294100
1.241800
3.856200
3.856200
-1.372500
-5.947700
-7.254900
-3.333300
-0.065360
-3.333300
-6.601300
-7.254900
-4.640500
1.241800
5.817000
2.549000
-3.333300
-7.908500
-9.869300
-8.562100
-2.679700
-2.026100
-3.333300
-3.986900
0.588240
8.431400
12.353000
6.470600
-3.333300
-9.869300
-10.523000
-8.562100
-4.640500
-6.601300
-11.176000
-11.830000
-7.908500
1.241800
11.046000
14.314000
16.927999
12.353000
5.817000
2.549000
-1.372500
-3.986900
-5.947700
-6.601300
-4.640500
-8.562100
-7.908500
-3.986900
-0.718950
-1.372500
-3.333300
-5.947700
-8.562100
-8.562100
-7.908500
-2.679700
1.241800
1.895400
4.509800
8.431400
19.542000
25.424999
22.157000
16.275000
8.431400
0.588240
-1.372500
-1.372500
-2.679700
-3.986900
-5.294100
-7.908500
-8.562100
-9.869300
-11.830000
-11.176000
-7.254900
0.588240
8.431400
11.046000
12.353000
9.738600
5.817000
3.856200
2.549000
1.895400
-2.679700
-7.908500
-10.523000
-11.176000
-10.523000
-5.947700
0.588240
7.777800
8.431400
7.124200
2.549000
-0.065360
-0.065360
4.509800
11.699000
11.046000
7.124200
1.895400
-1.372500
-3.986900
-3.333300
-5.294100
-6.601300
-4.640500
-2.679700
-2.026100
1.241800
3.856200
8.431400
8.431400
3.856200
-1.372500
-5.947700
-5.947700
-3.986900
-5.294100
-5.947700
-5.294100
-5.947700
-6.601300
-4.640500
0.588240
1.241800
1.241800
-4.640500
-8.562100
-5.294100
0.588240
6.470600
3.856200
-3.986900
-5.947700
-0.718950
7.777800
17.582001
17.582001
12.353000
8.431400
7.124200
10.392000
12.353000
6.470600
-5.294100
-13.791000
-15.752000
-10.523000
-3.986900
-1.372500
-1.372500
-2.679700
-3.333300
-1.372500
-4.640500
-7.254900
-2.679700
8.431400
16.927999
15.621000
10.392000
0.588240
-5.947700
-6.601300
-2.679700
-0.718950
-0.065360
1.241800
8.431400
17.582001
24.118000
24.771000
21.503000
14.967000
7.124200
1.241800
-3.333300
-7.254900
-9.215700
-14.444000
-15.098000
-9.869300
-3.986900
1.241800
3.202600
5.163400
3.202600
-0.065360
-3.333300
-2.026100
1.241800
2.549000
1.895400
3.202600
5.817000
5.817000
7.777800
6.470600
11.046000
9.738600
9.085000
7.124200
4.509800
-0.065360
-3.986900
-6.601300
-5.294100
-3.986900
-2.026100
-3.333300
-7.254900
-6.601300
-3.986900
-2.026100
-2.679700
-3.333300
-5.294100
-4.640500
-0.718950
3.202600
3.202600
3.202600
3.856200
-1.372500
-1.372500
3.202600
6.470600
