19.075001
15.885000
11.419000
5.677800
-1.339700
-5.805400
-6.443400
-4.529500
-1.339700
1.212100
4.401900
6.953700
6.953700
6.315800
6.315800
6.315800
2.488000
-3.891500
-8.995200
-12.823000
-13.461000
-12.823000
-7.719300
-1.977700
1.850100
5.039900
6.315800
6.953700
8.229700
8.229700
7.591700
6.953700
8.867600
10.144000
7.591700
1.212100
-4.529500
-7.719300
-5.805400
-3.253600
1.850100
8.867600
15.247000
20.989000
22.264999
19.712999
15.247000
10.144000
5.677800
-1.977700
-12.185000
-21.115999
-27.496000
-29.410000
-26.219999
-17.927000
-8.357300
-2.615600
-0.063800
2.488000
3.764000
3.764000
3.764000
1.850100
-1.977700
-7.081300
-10.271000
-10.909000
-8.995200
-2.615600
5.039900
10.144000
16.523001
17.799000
13.333000
8.229700
3.764000
-1.339700
-5.805400
-8.995200
-11.547000
-11.547000
-7.081300
-0.701750
5.677800
11.419000
12.057000
11.419000
10.144000
11.419000
12.057000
9.505600
6.953700
3.764000
1.850100
1.850100
-0.701750
-5.167500
-10.271000
-14.737000
-21.115999
-24.306000
-22.392000
-19.202999
-13.461000
-10.909000
-8.995200
-2.615600
1.850100
5.677800
6.315800
3.126000
-3.253600
-7.081300
-4.529500
-0.063800
6.953700
13.333000
15.885000
15.247000
12.057000
10.781000
8.229700
5.677800
3.126000
-0.701750
-1.977700
-5.805400
-8.357300
-8.995200
-11.547000
-10.909000
-10.271000
-7.081300
-0.701750
2.488000
3.126000
2.488000
-1.339700
-5.167500
-6.443400
-7.081300
-7.081300
-5.167500
-2.615600
1.212100
8.229700
12.695000
15.247000
17.160999
17.160999
15.885000
14.609000
14.609000
9.505600
3.126000
-3.891500
-11.547000
-16.650999
-17.289000
-15.375000
-11.547000
-6.443400
-2.615600
0.574160
3.764000
5.677800
5.677800
2.488000
-1.339700
-3.253600
-7.081300
-14.099000
-16.013000
-13.461000
-5.805400
3.126000
12.057000
20.989000
21.627001
19.075001
13.333000
6.315800
-3.253600
-11.547000
-16.013000
-19.202999
-20.478001
-16.650999
-8.357300
-1.977700
3.764000
6.953700
8.229700
9.505600
9.505600
5.677800
3.764000
0.574160
-0.701750
-0.063800
0.574160
0.574160
0.574160
-0.063800
3.764000
8.867600
12.057000
11.419000
10.781000
3.764000
-3.253600
-3.253600
-0.063800
-0.701750
-3.891500
-6.443400
-7.719300
-6.443400
-3.891500
-3.253600
-1.339700
0.574160
-0.063800
-1.339700
1.212100
5.039900
8.867600
10.144000
12.695000
14.609000
10.144000
6.315800
4.401900
-0.063800
-3.253600
-10.271000
-16.650999
-24.306000
-27.496000
-24.944000
-16.013000
-4.529500
5.677800
10.781000
10.144000
6.953700
6.315800
8.867600
10.144000
8.867600
6.953700
5.677800
5.677800
3.764000
1.850100
-1.339700
-2.615600
-1.977700
-0.063800
-0.063800
1.850100
0.574160
-2.615600
-3.253600
0.574160
5.039900
10.144000
15.247000
17.160999
14.609000
6.953700
-0.701750
-5.167500
-11.547000
-17.927000
-20.478001
-21.754000
-23.030001
-20.478001
-12.823000
-3.891500
5.039900
10.144000
11.419000
11.419000
12.695000
13.971000
15.885000
15.247000
12.057000
6.315800
0.574160
-2.615600
-3.253600
-3.253600
-1.977700
-1.339700
-0.701750
1.212100
2.488000
6.953700
8.867600
6.953700
0.574160
-3.891500
-7.081300
-10.909000
-12.823000
-13.461000
-14.099000
-14.099000
-12.823000
-8.357300
-2.615600
1.212100
2.488000
1.850100
1.212100
3.126000
4.401900
3.764000
0.574160
-3.253600
-8.995200
-13.461000
-16.013000
-16.013000
-12.185000
-7.081300
-2.615600
3.764000
8.229700
8.867600
5.677800
0.574160
-2.615600
-5.805400
-9.633200
-10.271000
-9.633200
-7.081300
-1.977700
3.126000
7.591700
10.781000
10.781000
6.953700
1.212100
-6.443400
-10.271000
-10.909000
-10.909000
-7.719300
-6.443400
-5.167500
-3.891500
-1.339700
4.401900
10.781000
13.333000
10.781000
6.315800
-0.701750
-6.443400
-7.719300
-7.719300
-5.805400
-5.805400
-8.357300
-8.995200
-3.891500
0.574160
1.212100
-0.063800
-5.167500
-8.995200
-10.909000
-4.529500
1.850100
5.039900
5.677800
6.953700
10.781000
15.885000
19.075001
15.885000
9.505600
3.764000
1.212100
0.574160
3.126000
5.677800
5.677800
1.850100
-2.615600
-1.339700
3.764000
7.591700
9.505600
10.144000
8.229700
6.315800
4.401900
1.850100
-2.615600
-7.081300
-8.357300
-8.995200
-5.805400
-1.339700
-1.339700
1.212100
4.401900
5.039900
4.401900
4.401900
1.850100
-0.701750
-0.063800
-0.701750
2.488000
4.401900
5.677800
5.677800
1.850100
-1.977700
-5.805400
-8.995200
-10.271000
-7.081300
-1.977700
-1.339700
-1.339700
-2.615600
-5.167500
-3.253600
2.488000
6.953700
5.677800
1.850100
-1.339700
-4.529500
-3.891500
-0.701750
3.126000
5.039900
5.039900
6.315800
7.591700
7.591700
6.953700
3.764000
-1.339700
-5.167500
-4.529500
0.574160
4.401900
6.315800
7.591700
8.867600
8.229700
4.401900
0.574160
-0.701750
-1.977700
-3.891500
-5.805400
-8.995200
-9.633200
-6.443400
-0.701750
5.039900
8.229700
9.505600
8.867600
8.229700
6.315800
4.401900
2.488000
1.212100
-5.167500
-10.909000
-11.547000
-10.271000
-6.443400
-3.253600
-1.339700
1.850100
6.315800
8.229700
6.953700
5.677800
3.126000
-1.339700
-4.529500
-5.805400
-3.891500
-1.977700
-1.339700
-3.253600
-5.805400
-3.253600
3.764000
8.867600
8.867600
8.229700
5.677800
-0.701750
-3.891500
-3.253600
1.850100
5.039900
2.488000
-2.615600
-7.081300
-7.081300
-6.443400
-3.891500
0.574160
4.401900
7.591700
11.419000
13.333000
10.781000
6.953700
3.126000
-1.339700
-5.167500
-11.547000
-13.461000
-10.909000
-5.167500
2.488000
5.039900
6.953700
6.953700
2.488000
-3.253600
-5.805400
-6.443400
-5.805400
-3.253600
-0.063800
2.488000
3.126000
2.488000
3.764000
5.039900
3.764000
2.488000
5.039900
4.401900
-2.615600
-11.547000
-14.099000
-7.081300
-0.063800
5.039900
10.781000
12.057000
12.695000
13.971000
12.057000
6.315800
0.574160
-4.529500
-8.357300
-12.185000
-14.737000
-11.547000
-9.633200
-3.891500
3.126000
6.953700
10.781000
12.695000
11.419000
6.953700
4.401900
3.126000
1.850100
2.488000
2.488000
1.212100
1.850100
2.488000
5.039900
5.677800
5.039900
2.488000
0.574160
-1.339700
-1.339700
-5.167500
-10.271000
-12.823000
-14.737000
-13.461000
-5.805400
3.126000
6.953700
5.039900
-1.977700
-10.271000
-15.375000
-16.650999
-16.650999
-17.927000
-14.737000
-10.909000
-3.891500
1.212100
-0.063800
-0.701750
-0.063800
-1.977700
-3.891500
-6.443400
-9.633200
-13.461000
-12.823000
-7.081300
-1.977700
0.574160
0.574160
0.574160
-0.701750
-0.701750
1.212100
3.126000
0.574160
-3.253600
-4.529500
-2.615600
-0.063800
2.488000
5.039900
6.953700
10.781000
16.523001
19.075001
17.799000
10.781000
3.764000
-0.063800
-1.977700
0.574160
2.488000
1.212100
-1.339700
-0.701750
3.764000
10.144000
15.885000
12.695000
3.764000
-3.891500
-6.443400
-1.977700
0.574160
0.574160
1.850100
3.764000
3.764000
1.850100
-0.701750
-0.701750
-0.063800
0.574160
-1.977700
-1.977700
-1.339700
-2.615600
-5.805400
-7.719300
-8.995200
-6.443400
1.850100
10.781000
15.885000
16.523001
12.695000
8.867600
8.229700
12.057000
17.799000
20.351000
18.437000
15.247000
14.609000
12.695000
13.333000
13.333000
12.057000
9.505600
8.229700
4.401900
1.212100
-5.805400
-14.737000
-15.375000
-13.461000
-12.823000
-7.719300
0.574160
6.953700
9.505600
10.144000
10.781000
8.867600
6.315800
0.574160
-5.805400
-9.633200
-9.633200
-8.995200
-8.357300
-8.357300
-6.443400
-3.891500
-0.701750
-1.977700
-5.805400
-10.909000
-12.823000
-12.185000
-10.271000
-5.805400
1.850100
8.867600
11.419000
10.781000
7.591700
3.764000
3.764000
2.488000
1.850100
3.764000
5.677800
3.764000
3.764000
3.764000
2.488000
3.764000
3.764000
-1.977700
-8.357300
-16.013000
-18.565001
-17.289000
-14.099000
-7.081300
-1.977700
3.126000
5.677800
6.315800
5.039900
4.401900
3.764000
5.039900
-1.977700
-9.633200
-10.909000
-7.081300
-1.339700
3.126000
6.953700
5.677800
3.126000
0.574160
-3.891500
-3.253600
-0.701750
0.574160
1.212100
2.488000
3.126000
3.764000
5.039900
6.953700
3.764000
-1.977700
-4.529500
-4.529500
-3.891500
-7.719300
-8.995200
-9.633200
-12.823000
-16.013000
-18.565001
-14.737000
-8.995200
-6.443400
-7.719300
-7.081300
-5.167500
-3.891500
-1.977700
-1.977700
-5.805400
-10.271000
-8.995200
-4.529500
1.850100
6.315800
8.867600
10.144000
9.505600
8.867600
7.591700
0.574160
-9.633200
-17.927000
-20.478001
-17.289000
-14.099000
-10.271000
-3.891500
5.677800
15.885000
20.989000
20.989000
16.523001
8.229700
-0.063800
-4.529500
-6.443400
-3.253600
-0.701750
1.850100
5.039900
8.867600
12.057000
12.695000
9.505600
8.229700
2.488000
-1.977700
-6.443400
-10.909000
-13.461000
-12.185000
-7.719300
0.574160
6.953700
9.505600
12.057000
15.885000
17.160999
16.523001
10.781000
5.677800
-0.063800
-3.253600
-1.977700
-1.977700
-3.891500
-4.529500
-3.253600
-2.615600
-1.977700
-0.701750
-0.701750
1.212100
3.764000
3.126000
0.574160
-3.891500
-7.719300
-8.357300
-7.081300
-5.167500
1.212100
6.315800
6.953700
5.677800
1.850100
-3.891500
-7.081300
-8.357300
-10.271000
-14.099000
-19.202999
-19.841000
-16.013000
-8.995200
-1.977700
1.850100
2.488000
-1.339700
-8.357300
-14.737000
-17.289000
-12.823000
-7.719300
-4.529500
-3.891500
-0.701750
3.764000
6.315800
8.867600
10.781000
12.057000
14.609000
13.971000
13.971000
10.781000
8.867600
8.229700
8.867600
9.505600
10.781000
9.505600
8.229700
6.953700
6.315800
6.315800
7.591700
8.229700
5.039900
2.488000
0.574160
1.212100
1.850100
2.488000
6.315800
8.867600
11.419000
13.971000
11.419000
8.867600
10.781000
12.057000
9.505600
6.953700
1.850100
-3.253600
-5.805400
-5.805400
-5.167500
-7.719300
-11.547000
-12.185000
-12.823000
-13.461000
-12.185000
-8.995200
-7.719300
-5.167500
-0.063800
3.764000
1.212100
-1.977700
-1.977700
1.212100
5.677800
6.953700
8.229700
7.591700
5.039900
3.764000
5.039900
8.229700
13.333000
10.781000
6.953700
6.953700
8.229700
8.867600
5.039900
0.574160
-4.529500
-7.719300
-7.081300
-9.633200
-11.547000
-12.185000
-12.823000
-12.823000
-12.823000
-12.185000
-10.909000
-8.995200
-5.805400
-4.529500
-3.253600
-1.339700
-0.063800
2.488000
5.039900
5.677800
4.401900
0.574160
1.212100
0.574160
2.488000
5.677800
6.953700
8.229700
8.867600
6.953700
2.488000
-5.167500
-8.357300
-8.357300
-8.357300
-5.167500
-2.615600
-1.339700
1.850100
7.591700
13.333000
12.695000
10.144000
6.315800
1.212100
-4.529500
-12.185000
-20.478001
-23.030001
-20.478001
-12.823000
