-1.417100
0.515300
2.447700
1.159400
-3.993600
-9.146500
-11.079000
-9.790700
-9.146500
-10.435000
-9.146500
-1.417100
1.159400
-1.417100
-2.061200
-0.128820
4.380000
10.821000
12.110000
8.244800
8.888900
8.888900
4.380000
1.803500
0.515300
1.159400
-2.061200
-3.993600
-5.925900
-5.925900
1.159400
3.735900
3.091800
6.312400
6.312400
8.244800
8.244800
1.803500
-11.079000
-8.502400
-9.790700
-18.164000
-19.452000
-14.300000
-5.925900
3.091800
10.177000
10.177000
9.533000
10.821000
8.888900
7.600600
5.668300
2.447700
-2.705300
-4.637700
-2.061200
-4.637700
-7.858300
-14.300000
-19.452000
-19.452000
-16.875999
-15.588000
-13.011000
-8.502400
-4.637700
2.447700
5.024200
2.447700
-2.061200
1.159400
4.380000
-0.128820
3.735900
5.668300
0.515300
1.803500
0.515300
3.091800
8.244800
7.600600
13.398000
10.821000
7.600600
5.024200
-1.417100
-2.705300
1.159400
1.159400
-2.061200
1.803500
3.091800
5.668300
13.398000
19.839001
22.415001
22.415001
17.261999
9.533000
6.956500
1.803500
-4.637700
-5.281800
-7.858300
-5.281800
-2.061200
-4.637700
-5.925900
-3.993600
-7.214200
-10.435000
-7.858300
-3.993600
-4.637700
-2.705300
-0.128820
0.515300
5.024200
5.668300
4.380000
1.803500
-2.061200
-5.925900
-2.061200
-2.705300
-6.570000
-3.349400
-0.772950
-0.772950
-0.128820
-0.128820
-0.772950
1.159400
-1.417100
-3.993600
-0.128820
2.447700
4.380000
3.735900
-2.061200
0.515300
3.735900
-0.128820
-1.417100
-0.772950
-0.128820
-1.417100
0.515300
4.380000
3.735900
6.956500
10.177000
3.091800
-0.128820
-0.772950
-2.061200
-3.993600
-5.281800
-8.502400
-3.349400
2.447700
5.024200
8.888900
6.956500
5.024200
8.244800
10.177000
6.312400
5.668300
6.312400
6.312400
3.735900
1.159400
-2.705300
-0.128820
-0.128820
-1.417100
-1.417100
-2.061200
-5.925900
-5.925900
-3.349400
-0.772950
-2.705300
-0.772950
2.447700
1.803500
-0.128820
-2.705300
1.803500
3.091800
3.091800
6.956500
6.312400
2.447700
-0.772950
-3.993600
1.159400
5.668300
1.159400
0.515300
-0.772950
-3.993600
-1.417100
-0.772950
-0.772950
-2.061200
-5.925900
-8.502400
-0.772950
0.515300
-0.128820
1.803500
2.447700
1.803500
-2.061200
-3.993600
-7.214200
-11.723000
-8.502400
-8.502400
-9.146500
-5.281800
-0.128820
6.956500
14.686000
14.686000
13.398000
8.244800
0.515300
0.515300
-3.993600
-1.417100
2.447700
-0.128820
-3.349400
-10.435000
-11.079000
-5.281800
-5.925900
-3.349400
0.515300
-3.993600
-4.637700
-5.281800
-7.214200
-9.790700
-11.079000
-7.214200
-0.128820
-0.772950
-3.349400
-1.417100
0.515300
-5.281800
-2.061200
3.091800
3.091800
4.380000
1.803500
0.515300
-3.993600
-3.349400
-3.349400
0.515300
4.380000
2.447700
-1.417100
-4.637700
-2.061200
1.803500
3.091800
1.159400
0.515300
3.091800
3.735900
0.515300
-2.705300
-5.925900
-6.570000
-9.146500
-11.723000
-8.502400
-2.705300
2.447700
5.024200
6.312400
8.888900
8.888900
5.668300
9.533000
10.177000
8.888900
8.244800
1.803500
0.515300
4.380000
1.803500
1.803500
3.735900
3.735900
2.447700
5.668300
7.600600
1.159400
-0.128820
2.447700
1.159400
-2.061200
-5.925900
-0.772950
4.380000
2.447700
3.735900
-0.772950
-1.417100
-0.128820
-0.128820
-3.349400
-7.858300
-5.925900
-6.570000
-6.570000
-1.417100
0.515300
2.447700
6.312400
1.803500
4.380000
5.668300
0.515300
0.515300
-0.128820
1.803500
1.803500
0.515300
1.803500
0.515300
-2.705300
1.159400
1.803500
-2.061200
-0.772950
-0.772950
-2.061200
-2.705300
-3.349400
-4.637700
-4.637700
-7.858300
-6.570000
-3.349400
-3.993600
-0.772950
2.447700
5.024200
12.754000
14.686000
17.261999
18.551001
12.754000
3.735900
3.091800
-3.993600
-7.214200
-5.281800
-8.502400
-4.637700
-1.417100
1.159400
0.515300
-3.993600
-8.502400
-6.570000
-5.281800
-7.858300
-11.723000
-11.079000
-11.079000
-9.790700
-9.146500
1.159400
3.735900
2.447700
0.515300
-1.417100
-0.772950
-1.417100
-5.281800
-0.128820
4.380000
3.735900
2.447700
-2.705300
-0.128820
1.803500
5.024200
10.177000
7.600600
4.380000
2.447700
-0.772950
-0.128820
-2.061200
1.159400
4.380000
1.803500
-0.128820
3.091800
5.024200
0.515300
-2.061200
-2.061200
-0.772950
0.515300
-3.349400
-2.705300
-5.281800
-2.061200
-0.128820
1.803500
7.600600
9.533000
6.312400
3.091800
3.091800
3.091800
3.735900
6.312400
4.380000
4.380000
5.024200
0.515300
-3.349400
-4.637700
-5.925900
-3.993600
-0.128820
2.447700
6.312400
3.735900
3.091800
0.515300
-3.993600
-4.637700
-3.993600
-3.993600
-5.925900
-4.637700
-2.705300
-3.993600
-0.772950
4.380000
5.668300
5.668300
4.380000
2.447700
-0.772950
1.803500
-5.281800
-3.993600
-1.417100
-6.570000
-9.790700
-9.146500
-2.061200
1.803500
1.159400
-0.128820
1.803500
4.380000
3.735900
6.956500
6.956500
5.668300
5.668300
3.735900
1.803500
1.803500
-3.993600
-2.061200
-1.417100
-5.281800
-3.993600
-7.214200
-3.993600
-2.705300
1.159400
6.956500
12.754000
19.195000
21.771000
19.195000
16.618000
12.754000
8.244800
-2.705300
-5.925900
-8.502400
-9.146500
-7.858300
-6.570000
-7.858300
-0.772950
0.515300
-3.349400
-8.502400
-7.858300
-4.637700
-7.214200
-10.435000
-13.655000
-9.146500
-8.502400
-6.570000
-4.637700
-3.993600
-2.061200
-1.417100
-2.705300
2.447700
5.024200
4.380000
9.533000
10.821000
3.091800
-2.705300
-5.281800
-2.705300
-3.993600
-5.281800
-5.925900
-5.925900
-3.993600
-0.128820
-0.128820
3.091800
6.956500
5.024200
1.803500
-0.128820
0.515300
-1.417100
-7.214200
-5.281800
3.091800
1.803500
-0.128820
1.803500
1.803500
1.159400
1.803500
8.888900
12.754000
14.042000
13.398000
10.821000
5.024200
-3.349400
-5.281800
-0.772950
-2.061200
-6.570000
-7.858300
-2.705300
0.515300
1.803500
3.091800
3.735900
8.244800
6.956500
1.803500
-0.128820
-7.214200
-11.079000
-9.146500
-5.281800
-2.705300
-0.772950
1.803500
1.159400
5.024200
7.600600
9.533000
8.888900
8.244800
6.956500
6.312400
3.091800
6.956500
12.110000
9.533000
4.380000
3.091800
-0.772950
-4.637700
-3.993600
-0.772950
-0.128820
0.515300
-0.128820
4.380000
4.380000
2.447700
5.024200
7.600600
5.024200
-0.772950
-2.705300
-2.705300
-7.214200
-13.011000
-12.367000
-9.790700
-11.723000
-0.128820
10.177000
11.465000
15.330000
15.330000
18.551001
21.771000
23.059999
21.127001
9.533000
-0.772950
-7.214200
-13.011000
-13.011000
-12.367000
-7.858300
-3.349400
-3.349400
0.515300
-2.705300
-2.705300
1.159400
-2.061200
-11.079000
-11.079000
-12.367000
-13.655000
-14.300000
-13.655000
-6.570000
-0.772950
1.159400
3.091800
6.312400
5.024200
-0.772950
-5.281800
-9.146500
-11.079000
-9.790700
-9.790700
-12.367000
-9.790700
-11.079000
-8.502400
-3.993600
-1.417100
-0.128820
-0.128820
3.091800
6.956500
5.668300
1.159400
-2.705300
-3.349400
-2.705300
-3.349400
-7.214200
-4.637700
-3.349400
-0.772950
2.447700
-1.417100
3.735900
6.956500
5.668300
2.447700
-3.349400
-3.993600
-3.993600
-4.637700
-2.061200
5.668300
12.110000
10.177000
11.465000
6.956500
11.465000
14.686000
8.888900
5.024200
4.380000
-0.772950
-5.281800
-7.214200
-9.146500
-5.281800
1.803500
2.447700
3.735900
7.600600
6.312400
4.380000
1.803500
0.515300
-3.993600
-3.349400
3.091800
1.803500
1.803500
1.159400
-0.128820
4.380000
5.668300
5.668300
-0.772950
-0.772950
1.159400
-0.128820
0.515300
2.447700
1.803500
-0.128820
-1.417100
-2.061200
1.159400
8.244800
7.600600
3.091800
1.159400
1.159400
3.735900
4.380000
5.024200
8.244800
3.735900
2.447700
5.668300
1.159400
-2.705300
-5.281800
-3.349400
-0.772950
-1.417100
1.803500
3.091800
0.515300
5.024200
8.244800
12.110000
19.195000
15.330000
5.668300
-2.061200
-5.925900
-3.993600
-3.993600
-7.214200
-9.790700
-5.925900
-4.637700
-8.502400
-3.993600
-5.925900
-7.214200
-10.435000
-13.011000
-6.570000
-2.061200
-2.705300
1.803500
-0.128820
2.447700
3.735900
1.803500
1.803500
-2.705300
-5.281800
-5.281800
-10.435000
-6.570000
-5.281800
-10.435000
-7.214200
-2.705300
-0.128820
2.447700
3.091800
4.380000
8.888900
5.668300
5.668300
5.668300
-1.417100
-6.570000
-8.502400
-11.079000
-11.723000
-9.790700
0.515300
3.735900
2.447700
1.803500
-1.417100
-0.128820
3.091800
1.803500
-0.772950
1.803500
1.159400
-0.772950
2.447700
2.447700
3.735900
-0.128820
-3.349400
-2.705300
-0.772950
-2.061200
-3.993600
-3.349400
-2.705300
2.447700
5.024200
6.312400
6.312400
3.735900
3.091800
1.159400
-2.705300
1.159400
-0.128820
-6.570000
-3.993600
-2.061200
1.159400
-0.772950
1.159400
3.735900
-0.128820
0.515300
6.312400
5.668300
2.447700
-0.772950
-3.349400
2.447700
1.803500
6.312400
7.600600
1.803500
1.803500
0.515300
-3.993600
-3.993600
-1.417100
0.515300
1.159400
0.515300
-0.128820
-5.281800
-5.281800
-0.128820
0.515300
-0.772950
5.024200
6.312400
3.735900
1.159400
1.803500
1.803500
-4.637700
-3.993600
-1.417100
-3.993600
-5.281800
-8.502400
-9.790700
-3.349400
1.803500
2.447700
13.398000
22.415001
21.771000
13.398000
5.668300
-1.417100
-8.502400
-9.790700
-9.146500
-12.367000
-10.435000
-0.128820
3.091800
1.803500
6.956500
8.244800
6.312400
5.024200
1.803500
3.091800
1.159400
-1.417100
-3.993600
-6.570000
-7.214200
-9.790700
-8.502400
-5.281800
5.024200
11.465000
8.244800
2.447700
-2.705300
-0.772950
-0.128820
-4.637700
-2.705300
-3.349400
-3.349400
-1.417100
-5.281800
-3.349400
-0.772950
-2.061200
3.091800
5.024200
5.024200
3.091800
9.533000
14.686000
13.398000
8.244800
1.803500
-0.772950
-8.502400
-8.502400
-7.214200
-9.790700
-4.637700
-2.705300
1.803500
5.668300
4.380000
1.159400
3.735900
-0.128820
-0.128820
-0.128820
-3.993600
-0.772950
-1.417100
1.159400
2.447700
1.803500
-0.128820
-0.128820
2.447700
-1.417100
-7.214200
2.447700
10.821000
3.735900
5.024200
5.024200
3.091800
-0.772950
-0.128820
-0.128820
-5.925900
-4.637700
-0.128820
-2.705300
-2.061200
-2.705300
0.515300
2.447700
-0.128820
3.091800
1.159400
1.803500
1.159400
-2.061200
-1.417100
-0.772950
-0.772950
1.803500
4.380000
6.956500
1.803500
2.447700
6.956500
6.312400
5.668300
6.956500
6.312400
3.091800
-3.993600
-2.705300
-3.349400
-6.570000
-2.705300
-1.417100
-5.281800
-7.214200
-2.061200
3.091800
1.159400
1.159400
4.380000
6.956500
8.888900
15.974000
15.330000
3.735900
-3.349400
-6.570000
-8.502400
