-20.989000
3.891500
3.891500
5.805400
14.418000
-1.850100
-2.807000
2.934600
9.633200
-2.807000
10.590000
14.418000
-8.548600
-9.505600
-9.505600
-14.290000
-9.505600
13.461000
16.332001
11.547000
13.461000
8.676200
-7.591700
-20.032000
1.020700
20.159000
1.977700
-15.247000
-16.204000
-2.807000
1.020700
0.063800
2.934600
15.375000
1.977700
-5.677800
-15.247000
2.934600
2.934600
4.848500
6.762400
-4.720900
-1.850100
11.547000
1.977700
-7.591700
8.676200
19.202999
15.375000
1.977700
-2.807000
-5.677800
3.891500
-0.893140
4.848500
12.504000
-1.850100
-2.807000
5.805400
-0.893140
-3.764000
4.848500
15.375000
9.633200
-6.634800
-2.807000
8.676200
1.977700
1.020700
-0.893140
-13.333000
-19.075001
9.633200
18.246000
8.676200
1.020700
-7.591700
-8.548600
-3.764000
-12.376000
-11.419000
1.977700
1.020700
3.891500
0.063800
-1.850100
2.934600
-9.505600
-9.505600
1.977700
-3.764000
-8.548600
-12.376000
13.461000
11.547000
-10.463000
-6.634800
3.891500
15.375000
9.633200
-21.945999
-1.850100
20.159000
6.762400
5.805400
4.848500
-6.634800
-18.118000
-0.893140
14.418000
3.891500
8.676200
8.676200
-3.764000
12.504000
24.944000
15.375000
7.719300
1.020700
6.762400
-0.893140
-17.160999
-15.247000
-16.204000
-21.945999
-16.204000
-18.118000
-11.419000
5.805400
7.719300
8.676200
12.504000
25.900999
32.599998
20.159000
5.805400
1.977700
4.848500
-6.634800
-20.989000
-22.903000
-6.634800
5.805400
-13.333000
-3.764000
-4.720900
6.762400
20.159000
9.633200
7.719300
12.504000
13.461000
6.762400
-10.463000
-3.764000
12.504000
10.590000
1.977700
-8.548600
1.020700
-6.634800
-0.893140
-9.505600
-13.333000
4.848500
0.063800
-1.850100
1.020700
3.891500
-5.677800
-5.677800
-5.677800
1.977700
-16.204000
-12.376000
-11.419000
-0.893140
3.891500
-8.548600
-12.376000
-15.247000
-12.376000
-4.720900
-7.591700
10.590000
5.805400
-15.247000
-20.032000
-10.463000
-1.850100
-9.505600
7.719300
7.719300
-4.720900
-8.548600
-1.850100
8.676200
7.719300
-9.505600
1.977700
5.805400
-11.419000
9.633200
1.977700
1.020700
1.020700
1.977700
7.719300
8.676200
1.020700
-12.376000
-20.989000
-7.591700
11.547000
16.332001
8.676200
4.848500
-5.677800
1.977700
2.934600
2.934600
8.676200
16.332001
7.719300
-13.333000
-19.075001
1.977700
20.159000
8.676200
-8.548600
0.063800
2.934600
-4.720900
3.891500
8.676200
3.891500
3.891500
1.020700
-6.634800
6.762400
5.805400
1.977700
5.805400
-4.720900
-6.634800
3.891500
-0.893140
-5.677800
-4.720900
1.977700
2.934600
2.934600
13.461000
10.590000
-2.807000
-4.720900
9.633200
4.848500
5.805400
-15.247000
-25.774000
15.375000
13.461000
5.805400
7.719300
1.020700
1.977700
1.020700
-8.548600
3.891500
8.676200
-0.893140
1.020700
-11.419000
-3.764000
12.504000
19.202999
8.676200
-0.893140
-3.764000
-4.720900
-11.419000
-3.764000
10.590000
6.762400
-6.634800
-15.247000
1.977700
2.934600
-0.893140
1.020700
2.934600
5.805400
5.805400
6.762400
7.719300
-17.160999
-21.945999
5.805400
19.202999
15.375000
8.676200
-11.419000
-15.247000
-7.591700
-13.333000
5.805400
22.073000
8.676200
3.891500
-2.807000
0.063800
1.977700
-12.376000
-22.903000
-5.677800
-3.764000
-2.807000
0.063800
5.805400
19.202999
11.547000
-0.893140
1.020700
-3.764000
-29.601000
7.719300
20.159000
2.934600
0.063800
-31.514999
-6.634800
18.246000
18.246000
10.590000
-23.860001
-2.807000
18.246000
9.633200
4.848500
-11.419000
-34.386002
-7.591700
7.719300
2.934600
-10.463000
1.020700
17.289000
1.020700
-4.720900
-0.893140
-4.720900
-6.634800
-20.032000
-8.548600
-5.677800
-1.850100
-6.634800
0.063800
-4.720900
6.762400
18.246000
13.461000
1.020700
-8.548600
-3.764000
-2.807000
-9.505600
-11.419000
-20.032000
-4.720900
-12.376000
-8.548600
4.848500
9.633200
11.547000
21.115999
25.900999
10.590000
-5.677800
8.676200
9.633200
-7.591700
-1.850100
-17.160999
-25.774000
-21.945999
8.676200
17.289000
0.063800
14.418000
18.246000
3.891500
0.063800
11.547000
12.504000
-4.720900
4.848500
-1.850100
-4.720900
-9.505600
-12.376000
-32.472000
-31.514999
1.977700
8.676200
-2.807000
-2.807000
9.633200
11.547000
15.375000
21.115999
19.202999
26.858000
7.719300
-0.893140
-9.505600
-7.591700
-2.807000
-13.333000
-10.463000
-5.677800
-22.903000
-1.850100
10.590000
-5.677800
-2.807000
10.590000
9.633200
8.676200
8.676200
13.461000
6.762400
-5.677800
-8.548600
-2.807000
2.934600
-16.204000
-15.247000
-1.850100
11.547000
22.073000
20.159000
12.504000
12.504000
2.934600
-2.807000
0.063800
6.762400
19.202999
18.246000
0.063800
-15.247000
-16.204000
2.934600
3.891500
6.762400
-14.290000
-1.850100
20.159000
2.934600
-2.807000
4.848500
2.934600
7.719300
4.848500
-3.764000
-20.989000
-12.376000
-7.591700
5.805400
7.719300
-9.505600
-18.118000
1.020700
16.332001
4.848500
-10.463000
-5.677800
-3.764000
-4.720900
4.848500
8.676200
8.676200
7.719300
1.977700
-10.463000
-20.032000
2.934600
16.332001
6.762400
2.934600
-1.850100
-7.591700
-0.893140
11.547000
5.805400
8.676200
11.547000
-7.591700
-9.505600
9.633200
4.848500
1.977700
-5.677800
-3.764000
-4.720900
-3.764000
6.762400
0.063800
5.805400
-6.634800
-23.860001
-0.893140
16.332001
15.375000
3.891500
-5.677800
-0.893140
-13.333000
2.934600
14.418000
-2.807000
-17.160999
-7.591700
11.547000
7.719300
-4.720900
-9.505600
-9.505600
21.115999
23.987000
8.676200
-7.591700
-12.376000
4.848500
5.805400
1.977700
1.020700
-13.333000
-15.247000
-5.677800
-5.677800
-3.764000
-0.893140
2.934600
-13.333000
1.020700
5.805400
8.676200
-3.764000
-15.247000
-2.807000
-2.807000
1.020700
0.063800
-20.989000
-12.376000
7.719300
3.891500
4.848500
10.590000
11.547000
-1.850100
-1.850100
-12.376000
-20.032000
3.891500
-0.893140
-19.075001
-5.677800
1.977700
-6.634800
9.633200
4.848500
-6.634800
3.891500
0.063800
3.891500
10.590000
7.719300
-19.075001
-20.989000
-18.118000
2.934600
16.332001
2.934600
5.805400
9.633200
-5.677800
15.375000
20.159000
-15.247000
-9.505600
5.805400
-9.505600
1.977700
2.934600
-3.764000
-12.376000
-9.505600
-6.634800
-3.764000
20.159000
26.858000
14.418000
19.202999
16.332001
7.719300
0.063800
12.504000
5.805400
1.020700
3.891500
0.063800
11.547000
10.590000
-3.764000
-9.505600
-13.333000
5.805400
7.719300
-0.893140
-11.419000
-13.333000
12.504000
9.633200
-17.160999
-1.850100
6.762400
-9.505600
-12.376000
-36.299999
-6.634800
23.030001
7.719300
2.934600
5.805400
15.375000
15.375000
18.246000
14.418000
7.719300
9.633200
16.332001
1.977700
-0.893140
2.934600
-23.860001
-9.505600
6.762400
-6.634800
-0.893140
-13.333000
-6.634800
1.977700
-3.764000
-4.720900
-12.376000
-21.945999
-13.333000
-20.989000
1.020700
6.762400
-4.720900
-18.118000
-20.989000
-27.687000
-25.774000
-13.333000
-4.720900
-7.591700
-1.850100
-10.463000
-10.463000
1.977700
1.020700
7.719300
2.934600
-2.807000
-10.463000
-6.634800
-8.548600
-9.505600
-8.548600
2.934600
6.762400
14.418000
18.246000
-7.591700
-6.634800
7.719300
17.289000
16.332001
6.762400
7.719300
-2.807000
-18.118000
-10.463000
-0.893140
8.676200
14.418000
7.719300
1.020700
14.418000
21.115999
12.504000
2.934600
-3.764000
0.063800
-15.247000
-20.032000
0.063800
9.633200
7.719300
0.063800
-18.118000
0.063800
25.900999
20.159000
21.115999
-6.634800
-7.591700
26.858000
20.159000
3.891500
-6.634800
-18.118000
-6.634800
3.891500
-14.290000
6.762400
12.504000
6.762400
10.590000
0.063800
-8.548600
-1.850100
4.848500
-13.333000
-7.591700
12.504000
7.719300
9.633200
10.590000
-9.505600
-27.687000
-5.677800
11.547000
-14.290000
-23.860001
-13.333000
0.063800
6.762400
10.590000
-7.591700
1.977700
23.030001
17.289000
-4.720900
5.805400
15.375000
-11.419000
-10.463000
1.977700
-7.591700
-8.548600
-4.720900
-7.591700
-19.075001
-19.075001
9.633200
23.030001
16.332001
8.676200
4.848500
1.977700
12.504000
13.461000
9.633200
5.805400
2.934600
-25.774000
-36.299999
-20.989000
-11.419000
-4.720900
1.977700
-0.893140
2.934600
19.202999
19.202999
16.332001
10.590000
-9.505600
10.590000
27.815001
15.375000
-7.591700
-29.601000
-28.643999
-9.505600
-4.720900
-19.075001
-19.075001
3.891500
11.547000
3.891500
20.159000
16.332001
9.633200
3.891500
13.461000
1.020700
-4.720900
1.977700
-7.591700
-3.764000
-1.850100
-3.764000
-5.677800
-0.893140
1.020700
2.934600
18.246000
14.418000
-6.634800
4.848500
-12.376000
-10.463000
18.246000
7.719300
3.891500
-5.677800
-8.548600
-3.764000
-18.118000
-3.764000
10.590000
-0.893140
-19.075001
3.891500
5.805400
-2.807000
-8.548600
-4.720900
11.547000
1.977700
-4.720900
0.063800
19.202999
30.686001
23.987000
5.805400
-4.720900
-2.807000
-20.032000
-0.893140
21.115999
11.547000
-12.376000
-7.591700
6.762400
8.676200
3.891500
-8.548600
1.020700
21.115999
4.848500
7.719300
1.977700
-6.634800
11.547000
6.762400
-3.764000
-23.860001
1.977700
12.504000
-5.677800
-4.720900
-8.548600
-10.463000
-20.989000
-7.591700
0.063800
-9.505600
1.977700
3.891500
-1.850100
-11.419000
-18.118000
-3.764000
8.676200
-10.463000
-6.634800
-7.591700
-9.505600
5.805400
10.590000
5.805400
0.063800
-6.634800
-21.945999
-8.548600
9.633200
1.020700
5.805400
1.020700
-18.118000
-10.463000
-7.591700
5.805400
3.891500
-12.376000
3.891500
-1.850100
4.848500
8.676200
4.848500
1.020700
6.762400
-5.677800
1.020700
9.633200
13.461000
10.590000
-9.505600
-17.160999
-2.807000
10.590000
6.762400
7.719300
0.063800
2.934600
-4.720900
-3.764000
19.202999
25.900999
11.547000
0.063800
-7.591700
-3.764000
1.977700
4.848500
2.934600
10.590000
-4.720900
-16.204000
18.246000
23.987000
7.719300
-14.290000
-23.860001
-0.893140
-5.677800
3.891500
-7.591700
-6.634800
17.289000
-16.204000
-0.893140
23.030001
14.418000
-4.720900
-3.764000
-7.591700
-9.505600
-8.548600
5.805400
1.977700
1.020700
2.934600
-0.893140
-27.687000
-0.893140
23.987000
12.504000
8.676200
4.848500
1.977700
-5.677800
-4.720900
-3.764000
-4.720900
-5.677800
1.020700
6.762400
6.762400
3.891500
-13.333000
-4.720900
11.547000
13.461000
9.633200
-8.548600
-1.850100
6.762400
0.063800
-4.720900
-8.548600
2.934600
15.375000
7.719300
-13.333000
-5.677800
11.547000
-4.720900
-15.247000
-3.764000
2.934600
3.891500
-10.463000
-9.505600
-0.893140
8.676200
10.590000
2.934600
-16.204000
-15.247000
-0.893140
-0.893140
-22.903000
-7.591700
2.934600
