10.732000
6.829300
-1.951200
-8.780500
-7.804900
-4.878000
-3.902400
0.975610
10.732000
14.634000
12.683000
14.634000
13.659000
11.707000
5.853700
5.853700
11.707000
13.659000
3.902400
-3.902400
1.951200
6.829300
9.756100
5.853700
-5.853700
-13.659000
-14.634000
-9.756100
-2.926800
-0.975610
-3.902400
-7.804900
-13.659000
-14.634000
-12.683000
-6.829300
-5.853700
-8.780500
-9.756100
-4.878000
0.975610
1.951200
-7.804900
-12.683000
-10.732000
-4.878000
0.000000
4.878000
0.975610
-4.878000
0.000000
3.902400
2.926800
5.853700
1.951200
-6.829300
-14.634000
-21.462999
-20.488001
-9.756100
5.853700
15.610000
18.537001
10.732000
1.951200
-1.951200
-3.902400
3.902400
-0.975610
-10.732000
-16.584999
-15.610000
-9.756100
-0.975610
0.000000
-12.683000
-17.561001
-5.853700
1.951200
5.853700
8.780500
12.683000
11.707000
-0.975610
-9.756100
-21.462999
-32.195000
-34.146000
-27.316999
-11.707000
8.780500
21.462999
21.462999
13.659000
9.756100
11.707000
18.537001
24.389999
19.511999
5.853700
-8.780500
-12.683000
-10.732000
-7.804900
-4.878000
0.975610
6.829300
14.634000
24.389999
29.268000
18.537001
5.853700
0.000000
-0.975610
2.926800
4.878000
-0.975610
-13.659000
-27.316999
-23.415001
0.975610
17.561001
14.634000
10.732000
15.610000
20.488001
16.584999
6.829300
-3.902400
-14.634000
-18.537001
-14.634000
-14.634000
-9.756100
-0.975610
9.756100
16.584999
17.561001
11.707000
0.975610
-3.902400
7.804900
17.561001
15.610000
5.853700
-7.804900
-20.488001
-27.316999
-27.316999
-25.365999
-16.584999
-3.902400
5.853700
10.732000
17.561001
23.415001
20.488001
9.756100
2.926800
1.951200
-3.902400
-12.683000
-17.561001
-15.610000
-8.780500
-1.951200
-1.951200
-9.756100
-7.804900
1.951200
14.634000
24.389999
20.488001
4.878000
-12.683000
-15.610000
-7.804900
0.975610
-2.926800
-16.584999
-18.537001
-2.926800
14.634000
20.488001
19.511999
12.683000
6.829300
5.853700
4.878000
-1.951200
-17.561001
-26.341000
-24.389999
-7.804900
1.951200
3.902400
-6.829300
-12.683000
-3.902400
13.659000
25.365999
25.365999
18.537001
13.659000
2.926800
-5.853700
-9.756100
-7.804900
-10.732000
-14.634000
-19.511999
-23.415001
-12.683000
12.683000
33.171001
37.073002
28.292999
22.438999
18.537001
11.707000
-0.975610
-13.659000
-12.683000
-4.878000
-3.902400
-3.902400
-6.829300
-14.634000
-19.511999
-18.537001
-10.732000
-2.926800
6.829300
16.584999
21.462999
23.415001
19.511999
14.634000
9.756100
-0.975610
-14.634000
-24.389999
-30.243999
-33.171001
-29.268000
-12.683000
7.804900
21.462999
19.511999
6.829300
1.951200
5.853700
15.610000
18.537001
16.584999
9.756100
4.878000
2.926800
-0.975610
-6.829300
-7.804900
0.000000
6.829300
12.683000
22.438999
22.438999
12.683000
4.878000
-2.926800
-8.780500
-18.537001
-30.243999
-32.195000
-28.292999
-16.584999
-13.659000
-13.659000
-5.853700
5.853700
15.610000
17.561001
13.659000
12.683000
14.634000
12.683000
2.926800
-13.659000
-21.462999
-12.683000
0.975610
11.707000
15.610000
11.707000
4.878000
-2.926800
-9.756100
-11.707000
-14.634000
-17.561001
-17.561001
-14.634000
-8.780500
-1.951200
1.951200
-2.926800
-8.780500
-0.975610
8.780500
11.707000
7.804900
-1.951200
-6.829300
-2.926800
2.926800
3.902400
-0.975610
-6.829300
-2.926800
4.878000
6.829300
10.732000
7.804900
1.951200
-2.926800
-8.780500
-7.804900
-9.756100
-10.732000
-3.902400
6.829300
9.756100
6.829300
4.878000
4.878000
12.683000
12.683000
3.902400
-11.707000
-20.488001
-19.511999
-14.634000
-7.804900
-5.853700
-9.756100
-7.804900
5.853700
13.659000
8.780500
0.975610
-2.926800
-0.975610
-1.951200
-7.804900
-16.584999
-20.488001
-14.634000
-5.853700
2.926800
15.610000
32.195000
39.023998
31.219999
17.561001
4.878000
-1.951200
-0.975610
-1.951200
-8.780500
-14.634000
-16.584999
-13.659000
-10.732000
3.902400
19.511999
27.316999
32.195000
36.098000
36.098000
37.073002
35.122002
27.316999
6.829300
-11.707000
-21.462999
-23.415001
-15.610000
-8.780500
-4.878000
0.975610
12.683000
23.415001
36.098000
40.976002
38.049000
28.292999
9.756100
-4.878000
-13.659000
-21.462999
-21.462999
-19.511999
-17.561001
-13.659000
-4.878000
5.853700
10.732000
17.561001
23.415001
20.488001
18.537001
14.634000
0.975610
-6.829300
-7.804900
-2.926800
2.926800
5.853700
2.926800
-6.829300
-13.659000
-16.584999
-13.659000
-6.829300
-1.951200
-5.853700
-9.756100
-8.780500
-3.902400
0.000000
0.975610
-4.878000
-14.634000
-23.415001
-24.389999
-16.584999
-11.707000
-6.829300
-9.756100
-17.561001
-23.415001
-20.488001
-10.732000
-2.926800
3.902400
5.853700
5.853700
0.000000
-7.804900
-13.659000
-24.389999
-36.098000
-34.146000
-25.365999
-18.537001
-13.659000
-14.634000
-16.584999
-15.610000
-13.659000
-7.804900
1.951200
5.853700
4.878000
6.829300
12.683000
16.584999
16.584999
3.902400
-17.561001
-28.292999
-16.584999
0.975610
11.707000
15.610000
16.584999
7.804900
0.000000
-7.804900
-8.780500
-7.804900
-11.707000
-13.659000
-7.804900
4.878000
12.683000
14.634000
2.926800
-5.853700
-0.975610
6.829300
6.829300
3.902400
0.000000
0.975610
0.975610
0.000000
-0.975610
-6.829300
-6.829300
-3.902400
-2.926800
-2.926800
-4.878000
-2.926800
4.878000
12.683000
12.683000
5.853700
-5.853700
-12.683000
-2.926800
7.804900
13.659000
13.659000
7.804900
1.951200
-7.804900
-10.732000
-4.878000
4.878000
7.804900
0.000000
-0.975610
3.902400
4.878000
-2.926800
-6.829300
1.951200
10.732000
16.584999
18.537001
15.610000
6.829300
0.000000
0.000000
0.975610
5.853700
7.804900
1.951200
-4.878000
-2.926800
-0.975610
-6.829300
-9.756100
-6.829300
6.829300
17.561001
18.537001
12.683000
0.975610
-5.853700
-6.829300
-13.659000
-14.634000
-15.610000
-14.634000
-5.853700
8.780500
13.659000
10.732000
13.659000
14.634000
11.707000
6.829300
4.878000
1.951200
1.951200
-1.951200
-2.926800
-2.926800
-4.878000
-3.902400
-0.975610
0.975610
9.756100
22.438999
26.341000
22.438999
15.610000
1.951200
-10.732000
-13.659000
-11.707000
-6.829300
-4.878000
-6.829300
-1.951200
6.829300
9.756100
18.537001
30.243999
28.292999
19.511999
10.732000
3.902400
-0.975610
-2.926800
-3.902400
-5.853700
-8.780500
-7.804900
-2.926800
0.975610
0.975610
0.000000
-2.926800
-1.951200
0.975610
3.902400
9.756100
10.732000
12.683000
5.853700
-10.732000
-22.438999
-17.561001
-2.926800
3.902400
-2.926800
-11.707000
-7.804900
1.951200
4.878000
0.975610
-2.926800
-6.829300
-3.902400
0.000000
-3.902400
-6.829300
-0.975610
7.804900
13.659000
14.634000
12.683000
17.561001
19.511999
17.561001
11.707000
0.975610
-9.756100
-14.634000
-11.707000
-12.683000
-15.610000
-14.634000
-8.780500
0.975610
9.756100
17.561001
17.561001
11.707000
8.780500
11.707000
9.756100
9.756100
11.707000
10.732000
11.707000
7.804900
1.951200
0.000000
2.926800
8.780500
12.683000
5.853700
-3.902400
-8.780500
-6.829300
5.853700
10.732000
4.878000
3.902400
8.780500
10.732000
16.584999
12.683000
-2.926800
-29.268000
-39.023998
-28.292999
-17.561001
-6.829300
0.975610
0.000000
-0.975610
-0.975610
4.878000
11.707000
1.951200
-18.537001
-33.171001
-37.073002
-29.268000
-18.537001
-12.683000
-8.780500
-2.926800
4.878000
13.659000
11.707000
-1.951200
-9.756100
-6.829300
-5.853700
-10.732000
-17.561001
-22.438999
-24.389999
-21.462999
-16.584999
-7.804900
0.000000
6.829300
16.584999
20.488001
11.707000
7.804900
8.780500
5.853700
3.902400
-0.975610
-6.829300
-12.683000
-8.780500
0.975610
1.951200
0.975610
1.951200
3.902400
4.878000
-0.975610
-4.878000
-9.756100
-13.659000
-7.804900
0.975610
6.829300
7.804900
8.780500
5.853700
4.878000
2.926800
2.926800
5.853700
13.659000
18.537001
15.610000
7.804900
-0.975610
-4.878000
-7.804900
-6.829300
-5.853700
-1.951200
2.926800
0.975610
-3.902400
-4.878000
-3.902400
5.853700
11.707000
13.659000
8.780500
-2.926800
-12.683000
-10.732000
-4.878000
-0.975610
0.000000
-3.902400
0.000000
7.804900
2.926800
-3.902400
-4.878000
-11.707000
-13.659000
-4.878000
4.878000
5.853700
-0.975610
-5.853700
-10.732000
-15.610000
-19.511999
-4.878000
15.610000
26.341000
27.316999
23.415001
14.634000
2.926800
-3.902400
-6.829300
-15.610000
-19.511999
-12.683000
-2.926800
4.878000
3.902400
1.951200
5.853700
13.659000
13.659000
7.804900
5.853700
1.951200
-4.878000
-8.780500
-13.659000
-12.683000
-9.756100
-8.780500
-5.853700
3.902400
18.537001
29.268000
29.268000
19.511999
8.780500
5.853700
6.829300
7.804900
3.902400
-5.853700
-12.683000
-12.683000
-5.853700
-1.951200
1.951200
11.707000
12.683000
9.756100
8.780500
10.732000
12.683000
9.756100
3.902400
1.951200
-0.975610
-6.829300
-12.683000
-19.511999
-19.511999
-12.683000
-6.829300
-0.975610
4.878000
9.756100
19.511999
24.389999
22.438999
15.610000
8.780500
4.878000
1.951200
-4.878000
-14.634000
-25.365999
-25.365999
-21.462999
-15.610000
-6.829300
-6.829300
-0.975610
8.780500
14.634000
20.488001
19.511999
3.902400
-19.511999
-36.098000
-41.951000
-31.219999
-10.732000
-1.951200
1.951200
7.804900
11.707000
15.610000
15.610000
13.659000
12.683000
7.804900
-0.975610
-6.829300
-9.756100
-7.804900
-1.951200
5.853700
8.780500
8.780500
11.707000
12.683000
13.659000
15.610000
12.683000
4.878000
-1.951200
-3.902400
-1.951200
-7.804900
-16.584999
-21.462999
-20.488001
-14.634000
-3.902400
-0.975610
4.878000
9.756100
13.659000
17.561001
14.634000
7.804900
-1.951200
-6.829300
-4.878000
-4.878000
-8.780500
-7.804900
-1.951200
4.878000
0.975610
-3.902400
-5.853700
-2.926800
3.902400
6.829300
5.853700
7.804900
10.732000
11.707000
8.780500
1.951200
-6.829300
-10.732000
-6.829300
-4.878000
-0.975610
-2.926800
-10.732000
-10.732000
-3.902400
0.975610
1.951200
0.975610
1.951200
2.926800
1.951200
4.878000
4.878000
0.000000
-4.878000
-6.829300
-7.804900
-8.780500
-6.829300
0.000000
4.878000
6.829300
7.804900
2.926800
-0.975610
-4.878000
-4.878000
2.926800
9.756100
5.853700
-0.975610
-2.926800
4.878000
7.804900
5.853700
1.951200
-6.829300
-9.756100
-3.902400
3.902400
4.878000
3.902400
1.951200
0.975610
0.000000
1.951200
2.926800
1.951200
-0.975610
2.926800
6.829300
3.902400
5.853700
5.853700
7.804900
8.780500
7.804900
3.902400
0.975610
-3.902400
-5.853700
-3.902400
-3.902400
-2.926800
-0.975610
-5.853700
-9.756100
-7.804900
-3.902400
0.975610
6.829300
6.829300
3.902400
2.926800
3.902400
4.878000
5.853700
8.780500
9.756100
10.732000
9.756100
10.732000
12.683000
7.804900
-0.975610
