13.333000
7.508100
-2.200600
-2.200600
-0.258900
-3.171500
-1.229800
6.537200
17.216999
14.304000
12.362000
12.362000
4.595500
5.566300
12.362000
14.304000
14.304000
7.508100
-2.200600
-5.113300
-0.258900
-0.258900
-6.084100
-11.909000
-13.851000
-14.822000
-8.025900
-3.171500
-4.142400
-0.258900
2.653700
-2.200600
-8.025900
-7.055000
-9.967600
-1.229800
1.682800
-7.055000
-10.939000
-9.967600
-5.113300
1.682800
4.595500
0.711970
-5.113300
-11.909000
-8.025900
2.653700
10.421000
8.479000
2.653700
-0.258900
0.711970
3.624600
4.595500
4.595500
-2.200600
-10.939000
-12.880000
-5.113300
3.624600
7.508100
11.392000
10.421000
6.537200
-1.229800
-8.996800
-5.113300
0.711970
-1.229800
-8.025900
-11.909000
-16.764000
-12.880000
-0.258900
-0.258900
-0.258900
5.566300
2.653700
-5.113300
-2.200600
7.508100
2.653700
-8.025900
-12.880000
-15.793000
-15.793000
-11.909000
-9.967600
-1.229800
2.653700
3.624600
6.537200
12.362000
17.216999
13.333000
10.421000
6.537200
0.711970
-0.258900
-5.113300
-8.025900
-5.113300
-0.258900
1.682800
-2.200600
-1.229800
11.392000
23.042000
30.809000
24.983999
13.333000
6.537200
-1.229800
-7.055000
-7.055000
-6.084100
-14.822000
-16.764000
-15.793000
-7.055000
6.537200
11.392000
8.479000
7.508100
6.537200
6.537200
9.449800
3.624600
-8.996800
-12.880000
-14.822000
-4.142400
0.711970
-0.258900
5.566300
5.566300
3.624600
-0.258900
-0.258900
1.682800
9.449800
19.159000
19.159000
16.246000
4.595500
-19.676001
-25.502001
-16.764000
-8.996800
-8.996800
-8.025900
-0.258900
0.711970
4.595500
12.362000
11.392000
5.566300
3.624600
5.566300
-4.142400
-17.735001
-13.851000
-8.025900
-1.229800
5.566300
3.624600
-2.200600
-3.171500
-7.055000
-3.171500
13.333000
20.129000
8.479000
-5.113300
-11.909000
-11.909000
-6.084100
-9.967600
-10.939000
-6.084100
3.624600
13.333000
15.275000
17.216999
9.449800
-1.229800
-9.967600
-10.939000
-10.939000
-6.084100
3.624600
2.653700
0.711970
-0.258900
-2.200600
-0.258900
-4.142400
-7.055000
-4.142400
3.624600
9.449800
21.100000
24.983999
10.421000
-7.055000
-21.618000
-23.559999
-22.589001
-19.676001
-16.764000
-18.705999
-9.967600
5.566300
21.100000
33.722000
31.780001
26.926001
20.129000
8.479000
-2.200600
-15.793000
-18.705999
-16.764000
-10.939000
-3.171500
-0.258900
-2.200600
2.653700
1.682800
1.682800
6.537200
10.421000
9.449800
9.449800
9.449800
7.508100
0.711970
-9.967600
-10.939000
-8.996800
-15.793000
-21.618000
-16.764000
-8.025900
0.711970
9.449800
13.333000
6.537200
-2.200600
-3.171500
2.653700
15.275000
21.100000
24.013000
23.042000
15.275000
4.595500
0.711970
-9.967600
-13.851000
-7.055000
-3.171500
0.711970
9.449800
14.304000
12.362000
9.449800
8.479000
2.653700
-8.025900
-21.618000
-29.385000
-22.589001
-12.880000
-12.880000
-13.851000
-6.084100
2.653700
8.479000
10.421000
10.421000
17.216999
22.070999
17.216999
5.566300
-6.084100
-8.025900
-1.229800
-2.200600
4.595500
13.333000
13.333000
5.566300
-1.229800
-5.113300
-3.171500
-8.996800
-17.735001
-19.676001
-19.676001
-15.793000
-11.909000
-3.171500
-1.229800
-3.171500
0.711970
5.566300
4.595500
1.682800
-0.258900
-2.200600
-2.200600
1.682800
3.624600
3.624600
5.566300
9.449800
6.537200
0.711970
-1.229800
-2.200600
-8.025900
-11.909000
-15.793000
-13.851000
-14.822000
-15.793000
-7.055000
3.624600
3.624600
4.595500
9.449800
9.449800
13.333000
15.275000
14.304000
3.624600
-8.996800
-18.705999
-15.793000
-9.967600
-7.055000
-4.142400
-8.025900
-6.084100
-1.229800
-1.229800
5.566300
12.362000
10.421000
4.595500
-1.229800
-5.113300
-14.822000
-8.025900
-0.258900
2.653700
8.479000
18.188000
23.042000
18.188000
15.275000
12.362000
5.566300
-4.142400
-8.025900
-11.909000
-17.735001
-21.618000
-20.646999
-19.676001
3.624600
27.896000
34.693001
34.693001
31.780001
25.955000
25.955000
24.013000
14.304000
-1.229800
-13.851000
-15.793000
-15.793000
-10.939000
-5.113300
-3.171500
-1.229800
5.566300
9.449800
14.304000
17.216999
17.216999
7.508100
1.682800
-2.200600
-11.909000
-19.676001
-12.880000
-11.909000
-12.880000
-14.822000
-9.967600
-2.200600
7.508100
20.129000
25.955000
21.100000
22.070999
23.042000
5.566300
-9.967600
-8.996800
-2.200600
7.508100
13.333000
11.392000
3.624600
-4.142400
-7.055000
-3.171500
0.711970
1.682800
0.711970
-0.258900
-0.258900
5.566300
7.508100
6.537200
7.508100
1.682800
-8.025900
-12.880000
-14.822000
-17.735001
-15.793000
-16.764000
-16.764000
-19.676001
-12.880000
-7.055000
1.682800
9.449800
6.537200
1.682800
-8.996800
-18.705999
-30.356001
-33.269001
-31.327000
-32.298000
-31.327000
-29.385000
-26.472000
-19.676001
-16.764000
-14.822000
-11.909000
-12.880000
-16.764000
-11.909000
-8.996800
-8.025900
-6.084100
-2.200600
-0.258900
-4.142400
-13.851000
-16.764000
-6.084100
-0.258900
-0.258900
10.421000
15.275000
7.508100
-3.171500
-11.909000
-15.793000
-19.676001
-18.705999
-12.880000
-6.084100
1.682800
4.595500
3.624600
-2.200600
-0.258900
1.682800
2.653700
6.537200
10.421000
4.595500
7.508100
9.449800
5.566300
1.682800
0.711970
-0.258900
-3.171500
-8.025900
-2.200600
2.653700
11.392000
13.333000
10.421000
18.188000
13.333000
7.508100
10.421000
16.246000
18.188000
16.246000
10.421000
5.566300
3.624600
4.595500
6.537200
5.566300
5.566300
6.537200
0.711970
4.595500
6.537200
4.595500
-0.258900
-2.200600
0.711970
7.508100
4.595500
1.682800
7.508100
9.449800
3.624600
0.711970
-5.113300
-0.258900
3.624600
8.479000
3.624600
-6.084100
-3.171500
-0.258900
4.595500
7.508100
9.449800
9.449800
7.508100
9.449800
1.682800
-0.258900
0.711970
-7.055000
-7.055000
-7.055000
-4.142400
3.624600
13.333000
11.392000
5.566300
3.624600
6.537200
8.479000
6.537200
6.537200
1.682800
-2.200600
-5.113300
-2.200600
4.595500
4.595500
0.711970
2.653700
6.537200
8.479000
20.129000
22.070999
12.362000
2.653700
-6.084100
-9.967600
-12.880000
-11.909000
-5.113300
1.682800
5.566300
3.624600
-1.229800
-2.200600
8.479000
18.188000
22.070999
17.216999
7.508100
-4.142400
-8.996800
-6.084100
0.711970
-1.229800
-5.113300
-2.200600
2.653700
5.566300
4.595500
2.653700
3.624600
7.508100
4.595500
4.595500
10.421000
7.508100
5.566300
-1.229800
-16.764000
-20.646999
-14.822000
-10.939000
-8.025900
-9.967600
-7.055000
-2.200600
1.682800
3.624600
3.624600
1.682800
-4.142400
-2.200600
-4.142400
-8.025900
-8.025900
-8.025900
-0.258900
10.421000
14.304000
14.304000
14.304000
14.304000
8.479000
-1.229800
-3.171500
-1.229800
-3.171500
-8.996800
-11.909000
-15.793000
-13.851000
-8.996800
-2.200600
6.537200
18.188000
25.955000
26.926001
19.159000
15.275000
6.537200
7.508100
14.304000
16.246000
23.042000
23.042000
10.421000
5.566300
8.479000
9.449800
6.537200
6.537200
4.595500
0.711970
-3.171500
-2.200600
1.682800
-0.258900
-1.229800
5.566300
4.595500
-5.113300
-10.939000
-11.909000
-15.793000
-19.676001
-16.764000
-21.618000
-23.559999
-14.822000
-11.909000
-2.200600
7.508100
6.537200
5.566300
1.682800
-11.909000
-28.414000
-31.327000
-24.531000
-17.735001
-13.851000
-8.996800
-2.200600
7.508100
11.392000
12.362000
4.595500
-6.084100
-9.967600
-18.705999
-18.705999
-14.822000
-20.646999
-21.618000
-17.735001
-16.764000
-7.055000
-3.171500
2.653700
8.479000
7.508100
4.595500
5.566300
7.508100
1.682800
-5.113300
-8.025900
-5.113300
-6.084100
-4.142400
4.595500
7.508100
5.566300
5.566300
7.508100
9.449800
7.508100
-3.171500
-12.880000
-16.764000
-9.967600
2.653700
5.566300
1.682800
0.711970
1.682800
0.711970
-8.996800
-5.113300
4.595500
12.362000
14.304000
12.362000
5.566300
0.711970
4.595500
0.711970
-3.171500
-1.229800
1.682800
4.595500
3.624600
2.653700
12.362000
11.392000
10.421000
12.362000
9.449800
6.537200
-2.200600
-8.025900
-8.996800
-6.084100
-3.171500
6.537200
9.449800
7.508100
12.362000
10.421000
11.392000
7.508100
-0.258900
-5.113300
-3.171500
0.711970
3.624600
-1.229800
-8.025900
-9.967600
-9.967600
-7.055000
0.711970
10.421000
18.188000
16.246000
10.421000
7.508100
-4.142400
-8.996800
-10.939000
-21.618000
-23.559999
-13.851000
-5.113300
3.624600
7.508100
9.449800
15.275000
19.159000
17.216999
10.421000
6.537200
4.595500
-6.084100
-10.939000
-13.851000
-19.676001
-15.793000
-8.025900
-3.171500
3.624600
11.392000
16.246000
12.362000
7.508100
6.537200
10.421000
7.508100
0.711970
-0.258900
-6.084100
-8.996800
-10.939000
-7.055000
0.711970
-3.171500
-1.229800
4.595500
-2.200600
-4.142400
-3.171500
-2.200600
3.624600
1.682800
-3.171500
-1.229800
-6.084100
-9.967600
-8.996800
-5.113300
-8.996800
-10.939000
-2.200600
7.508100
13.333000
21.100000
25.955000
30.809000
27.896000
17.216999
5.566300
-5.113300
-12.880000
-10.939000
-13.851000
-14.822000
-15.793000
-11.909000
-0.258900
7.508100
11.392000
15.275000
12.362000
6.537200
7.508100
-0.258900
-10.939000
-13.851000
-17.735001
-13.851000
-0.258900
1.682800
-2.200600
1.682800
5.566300
11.392000
17.216999
15.275000
3.624600
-9.967600
-8.025900
1.682800
-1.229800
-4.142400
-0.258900
2.653700
-2.200600
2.653700
8.479000
3.624600
1.682800
2.653700
1.682800
0.711970
-0.258900
-5.113300
-8.996800
-13.851000
-12.880000
-9.967600
-15.793000
-16.764000
-13.851000
-10.939000
-5.113300
-0.258900
8.479000
6.537200
-2.200600
-6.084100
-7.055000
-8.025900
-2.200600
2.653700
1.682800
-0.258900
-3.171500
-3.171500
-1.229800
-4.142400
-11.909000
-8.996800
-2.200600
2.653700
5.566300
10.421000
14.304000
7.508100
2.653700
4.595500
-0.258900
-5.113300
-6.084100
-4.142400
1.682800
5.566300
1.682800
-2.200600
-1.229800
2.653700
5.566300
2.653700
8.479000
7.508100
2.653700
5.566300
0.711970
-2.200600
-2.200600
-6.084100
-6.084100
-1.229800
0.711970
5.566300
6.537200
3.624600
-0.258900
-1.229800
-6.084100
-8.996800
-6.084100
-3.171500
-2.200600
2.653700
6.537200
-0.258900
-1.229800
7.508100
9.449800
7.508100
1.682800
2.653700
2.653700
2.653700
0.711970
-0.258900
-4.142400
-6.084100
-3.171500
1.682800
-0.258900
-6.084100
-3.171500
4.595500
10.421000
6.537200
6.537200
5.566300
7.508100
10.421000
9.449800
4.595500
-0.258900
-0.258900
-0.258900
2.653700
1.682800
-1.229800
0.711970
-3.171500
-8.025900
-3.171500
3.624600
6.537200
7.508100
5.566300
5.566300
3.624600
5.566300
7.508100
10.421000
12.362000
15.275000
24.013000
23.042000
21.100000
22.070999
16.246000
7.508100
