2.875800
0.915030
1.895400
2.875800
3.856200
2.875800
1.895400
0.915030
2.875800
5.817000
4.836600
4.836600
3.856200
1.895400
-2.026100
-2.026100
-2.026100
-2.026100
-3.006500
-4.967300
-4.967300
-2.026100
-1.045800
-5.947700
-3.986900
-2.026100
-3.006500
-2.026100
-1.045800
-2.026100
-3.006500
-3.006500
0.915030
6.797400
9.738600
4.836600
-3.006500
-5.947700
-4.967300
-1.045800
0.915030
0.915030
-0.065360
1.895400
4.836600
7.777800
6.797400
8.758200
8.758200
6.797400
5.817000
4.836600
5.817000
3.856200
1.895400
-2.026100
-2.026100
-3.006500
-3.006500
-1.045800
-0.065360
-1.045800
-3.006500
-6.928100
-7.908500
-8.888900
-6.928100
-6.928100
-8.888900
-7.908500
-5.947700
-3.006500
-3.006500
-3.006500
0.915030
2.875800
-0.065360
-0.065360
-3.006500
-3.006500
-5.947700
-5.947700
-0.065360
3.856200
3.856200
1.895400
2.875800
-2.026100
-5.947700
-3.006500
-1.045800
-0.065360
2.875800
-1.045800
-3.986900
-5.947700
-3.006500
-0.065360
-0.065360
0.915030
-1.045800
-2.026100
-3.986900
-4.967300
-6.928100
-5.947700
-4.967300
-2.026100
-1.045800
-1.045800
-1.045800
1.895400
1.895400
0.915030
1.895400
0.915030
1.895400
3.856200
5.817000
7.777800
12.680000
14.641000
12.680000
5.817000
1.895400
-1.045800
-2.026100
-3.006500
-4.967300
-7.908500
-10.850000
-12.810000
-8.888900
-1.045800
1.895400
1.895400
1.895400
3.856200
7.777800
10.719000
8.758200
3.856200
-5.947700
-8.888900
-9.869300
-11.830000
-9.869300
-8.888900
-3.006500
2.875800
7.777800
9.738600
12.680000
14.641000
14.641000
13.660000
12.680000
8.758200
3.856200
0.915030
3.856200
6.797400
5.817000
-0.065360
-6.928100
-8.888900
-6.928100
-1.045800
1.895400
-1.045800
-8.888900
-13.791000
-11.830000
-3.986900
-1.045800
-0.065360
-6.928100
-8.888900
-5.947700
-2.026100
4.836600
8.758200
12.680000
13.660000
7.777800
1.895400
1.895400
-0.065360
0.915030
2.875800
0.915030
-6.928100
-8.888900
-3.006500
3.856200
8.758200
4.836600
1.895400
-3.006500
-3.986900
0.915030
3.856200
0.915030
-2.026100
-0.065360
6.797400
9.738600
12.680000
6.797400
1.895400
0.915030
0.915030
1.895400
-0.065360
-2.026100
-2.026100
-0.065360
-0.065360
-1.045800
-4.967300
-8.888900
-4.967300
-2.026100
-5.947700
-4.967300
-2.026100
-1.045800
-1.045800
-1.045800
-0.065360
-1.045800
-0.065360
-2.026100
-2.026100
-0.065360
1.895400
1.895400
6.797400
9.738600
12.680000
10.719000
11.699000
12.680000
6.797400
4.836600
1.895400
-1.045800
-2.026100
-3.986900
-3.986900
-3.006500
-4.967300
-3.986900
-3.006500
-1.045800
1.895400
3.856200
3.856200
6.797400
6.797400
2.875800
2.875800
-3.006500
-2.026100
0.915030
1.895400
-3.006500
-9.869300
-16.732000
-14.771000
-9.869300
-5.947700
-5.947700
-4.967300
-5.947700
-5.947700
-4.967300
-5.947700
-7.908500
-8.888900
-7.908500
-6.928100
-4.967300
-3.986900
-4.967300
-5.947700
-0.065360
0.915030
0.915030
0.915030
-2.026100
-2.026100
-3.006500
-4.967300
-3.006500
1.895400
5.817000
7.777800
5.817000
5.817000
3.856200
0.915030
-1.045800
-4.967300
-6.928100
-4.967300
-3.006500
-3.006500
1.895400
3.856200
3.856200
4.836600
7.777800
5.817000
6.797400
6.797400
8.758200
6.797400
8.758200
9.738600
8.758200
5.817000
3.856200
3.856200
3.856200
4.836600
4.836600
3.856200
0.915030
0.915030
-2.026100
-0.065360
3.856200
6.797400
5.817000
3.856200
-0.065360
-3.006500
-1.045800
-4.967300
-6.928100
-7.908500
-5.947700
-2.026100
-1.045800
-0.065360
3.856200
2.875800
1.895400
1.895400
1.895400
1.895400
6.797400
8.758200
6.797400
6.797400
3.856200
0.915030
1.895400
3.856200
-1.045800
-5.947700
-6.928100
-3.006500
-3.986900
-3.006500
-1.045800
4.836600
6.797400
3.856200
2.875800
1.895400
-2.026100
-4.967300
-6.928100
-8.888900
-6.928100
-4.967300
-5.947700
-7.908500
-8.888900
-8.888900
-5.947700
-3.986900
0.915030
4.836600
4.836600
5.817000
5.817000
7.777800
7.777800
7.777800
5.817000
1.895400
-3.986900
-6.928100
-7.908500
-5.947700
-6.928100
-7.908500
-6.928100
-5.947700
-2.026100
1.895400
3.856200
3.856200
2.875800
1.895400
1.895400
0.915030
-1.045800
-4.967300
-6.928100
-6.928100
-3.986900
-1.045800
-2.026100
-1.045800
0.915030
3.856200
3.856200
4.836600
7.777800
5.817000
0.915030
-2.026100
-4.967300
-6.928100
-11.830000
-7.908500
-3.986900
-1.045800
-0.065360
1.895400
4.836600
4.836600
4.836600
-0.065360
-1.045800
2.875800
1.895400
-3.986900
-3.986900
-2.026100
1.895400
6.797400
8.758200
6.797400
5.817000
5.817000
-0.065360
1.895400
4.836600
7.777800
3.856200
-3.006500
-5.947700
-2.026100
-0.065360
-0.065360
-3.006500
-3.986900
-3.986900
2.875800
11.699000
13.660000
13.660000
12.680000
10.719000
4.836600
1.895400
-0.065360
-4.967300
-9.869300
-7.908500
-1.045800
3.856200
4.836600
5.817000
4.836600
7.777800
10.719000
11.699000
10.719000
4.836600
-2.026100
-9.869300
-11.830000
-11.830000
-6.928100
-3.986900
0.915030
4.836600
8.758200
10.719000
12.680000
10.719000
7.777800
8.758200
5.817000
1.895400
-1.045800
-3.006500
-3.006500
-0.065360
0.915030
-3.006500
-6.928100
-7.908500
-5.947700
3.856200
10.719000
12.680000
12.680000
5.817000
3.856200
0.915030
-5.947700
-13.791000
-17.712000
-19.673000
-14.771000
-8.888900
-2.026100
-0.065360
1.895400
2.875800
2.875800
3.856200
2.875800
-1.045800
-6.928100
-5.947700
-7.908500
-10.850000
-9.869300
-5.947700
-3.986900
-3.006500
-3.986900
-4.967300
-2.026100
2.875800
2.875800
1.895400
1.895400
-1.045800
-0.065360
-2.026100
-1.045800
-1.045800
-0.065360
-1.045800
-3.006500
-4.967300
-4.967300
-4.967300
-3.006500
-3.006500
-0.065360
-0.065360
-1.045800
-3.986900
-7.908500
-4.967300
-2.026100
-1.045800
-3.006500
-4.967300
-6.928100
-4.967300
-3.006500
-1.045800
1.895400
7.777800
10.719000
6.797400
4.836600
5.817000
8.758200
7.777800
5.817000
3.856200
2.875800
2.875800
0.915030
-0.065360
0.915030
-1.045800
0.915030
0.915030
-0.065360
2.875800
6.797400
7.777800
6.797400
6.797400
5.817000
8.758200
9.738600
4.836600
-1.045800
-3.986900
-6.928100
-5.947700
-6.928100
-9.869300
-12.810000
-6.928100
-1.045800
-0.065360
1.895400
-0.065360
1.895400
2.875800
5.817000
6.797400
5.817000
1.895400
-2.026100
-4.967300
-2.026100
0.915030
2.875800
4.836600
7.777800
7.777800
6.797400
7.777800
4.836600
2.875800
-0.065360
-2.026100
-1.045800
-0.065360
-3.986900
-5.947700
-3.986900
0.915030
0.915030
-2.026100
-3.986900
-6.928100
-6.928100
-8.888900
-5.947700
-3.986900
-2.026100
-2.026100
-4.967300
-8.888900
-7.908500
-7.908500
-3.986900
-3.006500
-3.006500
-3.986900
-3.986900
-0.065360
1.895400
4.836600
3.856200
0.915030
-2.026100
-1.045800
-0.065360
1.895400
-0.065360
-0.065360
1.895400
3.856200
1.895400
-0.065360
2.875800
-0.065360
-3.986900
-5.947700
-5.947700
-6.928100
-6.928100
-4.967300
-4.967300
-6.928100
-7.908500
-5.947700
-1.045800
1.895400
5.817000
7.777800
8.758200
11.699000
8.758200
8.758200
9.738600
10.719000
9.738600
8.758200
9.738600
11.699000
6.797400
2.875800
1.895400
2.875800
-0.065360
-1.045800
0.915030
1.895400
4.836600
5.817000
5.817000
4.836600
1.895400
-0.065360
1.895400
4.836600
8.758200
4.836600
2.875800
3.856200
5.817000
3.856200
-3.006500
-3.986900
-7.908500
-7.908500
-5.947700
-3.986900
-4.967300
-5.947700
-4.967300
-1.045800
-0.065360
1.895400
2.875800
3.856200
5.817000
2.875800
-1.045800
-4.967300
-3.006500
-1.045800
-2.026100
-5.947700
-5.947700
-3.986900
-2.026100
-3.986900
-1.045800
3.856200
4.836600
1.895400
0.915030
-0.065360
-3.006500
-3.986900
-3.986900
-3.006500
-3.006500
-2.026100
-3.006500
-7.908500
-9.869300
-5.947700
-3.986900
-1.045800
-2.026100
-1.045800
-1.045800
-3.006500
-3.006500
-3.986900
-2.026100
-1.045800
0.915030
-0.065360
-1.045800
-2.026100
0.915030
-0.065360
-2.026100
-3.986900
-2.026100
-0.065360
-3.006500
-3.006500
-6.928100
-6.928100
-3.006500
-0.065360
2.875800
3.856200
5.817000
8.758200
6.797400
3.856200
-0.065360
-1.045800
-0.065360
-1.045800
-2.026100
-2.026100
-3.986900
-6.928100
-6.928100
-9.869300
-7.908500
-4.967300
-1.045800
0.915030
0.915030
3.856200
8.758200
7.777800
4.836600
0.915030
2.875800
8.758200
7.777800
7.777800
4.836600
0.915030
-0.065360
-1.045800
-3.986900
-5.947700
-5.947700
-3.986900
-4.967300
-0.065360
2.875800
6.797400
6.797400
5.817000
9.738600
9.738600
9.738600
10.719000
12.680000
14.641000
12.680000
10.719000
5.817000
-2.026100
-6.928100
-8.888900
-6.928100
-3.006500
1.895400
2.875800
-1.045800
2.875800
2.875800
1.895400
6.797400
8.758200
7.777800
4.836600
0.915030
1.895400
-0.065360
0.915030
0.915030
-1.045800
-2.026100
-3.006500
-0.065360
-2.026100
-3.006500
-3.006500
0.915030
2.875800
5.817000
5.817000
3.856200
1.895400
0.915030
-2.026100
-5.947700
-7.908500
-4.967300
-3.006500
-3.986900
-3.006500
-2.026100
-0.065360
-1.045800
1.895400
7.777800
10.719000
9.738600
9.738600
7.777800
3.856200
-4.967300
-10.850000
-12.810000
-8.888900
-3.986900
-2.026100
1.895400
4.836600
8.758200
7.777800
6.797400
3.856200
0.915030
-3.986900
-6.928100
-11.830000
-15.752000
-14.771000
-12.810000
-7.908500
-3.006500
-0.065360
2.875800
5.817000
7.777800
8.758200
8.758200
9.738600
4.836600
0.915030
-2.026100
-0.065360
2.875800
3.856200
0.915030
-1.045800
-2.026100
-3.986900
-4.967300
-7.908500
-8.888900
-8.888900
-7.908500
-3.006500
0.915030
3.856200
7.777800
10.719000
10.719000
8.758200
6.797400
6.797400
3.856200
2.875800
-0.065360
1.895400
3.856200
1.895400
-2.026100
-5.947700
-5.947700
-0.065360
-2.026100
-4.967300
-8.888900
-8.888900
-6.928100
-4.967300
-2.026100
-0.065360
4.836600
4.836600
3.856200
8.758200
10.719000
5.817000
-0.065360
-0.065360
4.836600
4.836600
3.856200
-0.065360
-2.026100
-2.026100
-3.006500
-0.065360
-3.006500
-3.986900
-3.986900
0.915030
2.875800
2.875800
2.875800
2.875800
-1.045800
-2.026100
-2.026100
-0.065360
-0.065360
-3.986900
-5.947700
-6.928100
-6.928100
-7.908500
-6.928100
-1.045800
-0.065360
1.895400
7.777800
7.777800
9.738600
6.797400
2.875800
0.915030
0.915030
-2.026100
-5.947700
-11.830000
-17.712000
-16.732000
-12.810000
-6.928100
-2.026100
0.915030
3.856200
10.719000
12.680000
7.777800
0.915030
-1.045800
-0.065360
