-1.089700
-0.128210
-0.128210
-1.089700
2.756400
0.833330
-0.128210
-2.051300
-0.128210
3.717900
2.756400
2.756400
2.756400
3.717900
0.833330
-1.089700
0.833330
1.794900
0.833330
0.833330
-2.051300
-0.128210
0.833330
-1.089700
-1.089700
-2.051300
-0.128210
4.679500
3.717900
-2.051300
-2.051300
-3.012800
-3.012800
1.794900
1.794900
0.833330
-2.051300
-2.051300
0.833330
-0.128210
-3.012800
-1.089700
-1.089700
-1.089700
1.794900
2.756400
1.794900
-0.128210
-0.128210
1.794900
1.794900
1.794900
1.794900
0.833330
-0.128210
-1.089700
1.794900
2.756400
0.833330
-0.128210
2.756400
5.641000
5.641000
5.641000
2.756400
-0.128210
0.833330
0.833330
1.794900
3.717900
1.794900
-0.128210
-1.089700
-3.012800
-9.743600
-7.820500
-2.051300
-1.089700
-2.051300
0.833330
0.833330
-0.128210
-1.089700
-0.128210
0.833330
0.833330
0.833330
-1.089700
-3.012800
-3.012800
-1.089700
0.833330
2.756400
0.833330
-3.012800
-7.820500
-7.820500
-5.897400
-4.935900
1.794900
6.602600
5.641000
4.679500
2.756400
1.794900
3.717900
1.794900
-1.089700
-2.051300
-0.128210
1.794900
1.794900
2.756400
3.717900
5.641000
4.679500
1.794900
-1.089700
-3.012800
-4.935900
-4.935900
-5.897400
-3.974400
-4.935900
-3.012800
0.833330
6.602600
7.564100
6.602600
2.756400
-3.012800
-7.820500
-6.859000
-2.051300
-3.012800
-4.935900
-3.974400
-4.935900
-6.859000
-3.012800
0.833330
2.756400
6.602600
6.602600
4.679500
3.717900
4.679500
2.756400
0.833330
-0.128210
2.756400
3.717900
3.717900
3.717900
-0.128210
-2.051300
2.756400
2.756400
1.794900
-1.089700
-2.051300
-0.128210
2.756400
2.756400
-0.128210
0.833330
2.756400
5.641000
5.641000
5.641000
3.717900
3.717900
3.717900
4.679500
3.717900
2.756400
-1.089700
-2.051300
-3.012800
-3.012800
3.717900
4.679500
6.602600
6.602600
4.679500
3.717900
1.794900
-2.051300
-3.974400
-6.859000
-10.705000
-12.628000
-10.705000
-5.897400
-3.012800
0.833330
1.794900
1.794900
1.794900
-0.128210
-1.089700
-2.051300
-3.012800
-5.897400
-7.820500
-6.859000
-3.974400
0.833330
-1.089700
-1.089700
-1.089700
-0.128210
3.717900
2.756400
4.679500
5.641000
4.679500
3.717900
1.794900
-3.012800
-6.859000
-3.974400
-3.012800
-3.974400
-0.128210
0.833330
0.833330
5.641000
9.487200
10.449000
8.525600
8.525600
5.641000
2.756400
4.679500
2.756400
-2.051300
-4.935900
-5.897400
-1.089700
-1.089700
-0.128210
2.756400
2.756400
2.756400
1.794900
0.833330
1.794900
4.679500
5.641000
4.679500
0.833330
-2.051300
-0.128210
-0.128210
-4.935900
-4.935900
-3.974400
-0.128210
-0.128210
-3.974400
-0.128210
1.794900
-0.128210
-1.089700
-1.089700
-2.051300
-5.897400
-9.743600
-5.897400
-0.128210
2.756400
3.717900
3.717900
5.641000
1.794900
-1.089700
1.794900
5.641000
2.756400
-1.089700
0.833330
1.794900
0.833330
-3.012800
-4.935900
-1.089700
2.756400
3.717900
3.717900
3.717900
2.756400
-0.128210
-3.012800
-3.012800
-1.089700
0.833330
-2.051300
-3.974400
-3.974400
-3.974400
-3.012800
-3.012800
-3.012800
-3.974400
-1.089700
0.833330
1.794900
1.794900
-1.089700
-4.935900
-2.051300
-0.128210
-7.820500
-8.782100
-2.051300
0.833330
1.794900
3.717900
1.794900
2.756400
6.602600
4.679500
1.794900
-0.128210
-2.051300
-1.089700
4.679500
3.717900
-0.128210
-2.051300
-1.089700
1.794900
-0.128210
-2.051300
-1.089700
-0.128210
2.756400
6.602600
4.679500
1.794900
-1.089700
-1.089700
0.833330
-0.128210
-3.012800
-3.012800
-2.051300
-1.089700
-3.012800
-3.012800
-3.974400
-0.128210
3.717900
5.641000
6.602600
6.602600
6.602600
7.564100
5.641000
0.833330
-4.935900
-3.974400
-0.128210
1.794900
6.602600
7.564100
4.679500
2.756400
0.833330
2.756400
-3.012800
-5.897400
-7.820500
-4.935900
0.833330
4.679500
6.602600
4.679500
2.756400
-0.128210
-3.012800
-3.012800
-5.897400
-4.935900
-2.051300
-3.012800
-0.128210
-0.128210
1.794900
3.717900
2.756400
2.756400
4.679500
3.717900
3.717900
2.756400
-0.128210
-0.128210
0.833330
1.794900
-0.128210
-4.935900
-3.012800
-5.897400
-9.743600
-6.859000
-3.974400
-3.012800
-3.974400
-2.051300
-0.128210
0.833330
-1.089700
0.833330
5.641000
5.641000
2.756400
4.679500
5.641000
1.794900
-3.012800
-2.051300
-2.051300
-4.935900
-2.051300
-3.012800
-3.012800
-2.051300
1.794900
3.717900
0.833330
-0.128210
1.794900
5.641000
7.564100
12.372000
9.487200
3.717900
0.833330
-3.974400
-6.859000
-3.012800
-0.128210
-2.051300
-3.974400
-1.089700
-1.089700
0.833330
2.756400
5.641000
6.602600
3.717900
5.641000
5.641000
1.794900
-1.089700
-3.974400
-8.782100
-14.551000
-19.358999
-14.551000
-6.859000
-1.089700
3.717900
8.525600
12.372000
15.256000
13.333000
12.372000
8.525600
3.717900
-0.128210
-4.935900
-8.782100
-8.782100
-5.897400
-4.935900
-0.128210
1.794900
4.679500
7.564100
9.487200
9.487200
8.525600
7.564100
4.679500
2.756400
1.794900
5.641000
6.602600
2.756400
-2.051300
-0.128210
-0.128210
-0.128210
1.794900
1.794900
3.717900
4.679500
1.794900
-1.089700
-2.051300
-2.051300
-0.128210
1.794900
-0.128210
-1.089700
-3.974400
-6.859000
-5.897400
-4.935900
-4.935900
-3.012800
-2.051300
0.833330
2.756400
2.756400
1.794900
1.794900
0.833330
1.794900
-0.128210
0.833330
-0.128210
-1.089700
-0.128210
-0.128210
1.794900
3.717900
1.794900
-0.128210
2.756400
1.794900
2.756400
1.794900
-0.128210
-0.128210
-0.128210
-6.859000
-10.705000
-9.743600
-4.935900
-4.935900
-6.859000
-6.859000
-6.859000
-3.974400
-3.012800
-2.051300
-2.051300
-1.089700
1.794900
2.756400
0.833330
0.833330
0.833330
1.794900
-0.128210
-2.051300
-4.935900
-5.897400
-7.820500
-7.820500
-4.935900
0.833330
4.679500
3.717900
4.679500
5.641000
3.717900
1.794900
-0.128210
-2.051300
-0.128210
0.833330
0.833330
-2.051300
-3.012800
-1.089700
-3.974400
0.833330
2.756400
3.717900
4.679500
4.679500
6.602600
7.564100
5.641000
4.679500
0.833330
-3.012800
-5.897400
-8.782100
-6.859000
-0.128210
3.717900
1.794900
2.756400
2.756400
1.794900
-1.089700
-0.128210
1.794900
2.756400
3.717900
5.641000
4.679500
3.717900
3.717900
-0.128210
0.833330
-1.089700
-2.051300
-3.974400
-2.051300
-1.089700
-0.128210
-0.128210
1.794900
1.794900
0.833330
2.756400
3.717900
3.717900
3.717900
1.794900
-2.051300
-2.051300
-3.012800
-4.935900
-3.974400
-3.012800
-3.974400
-3.974400
-3.012800
-3.012800
-1.089700
0.833330
0.833330
0.833330
-2.051300
-1.089700
2.756400
3.717900
3.717900
-1.089700
-4.935900
-2.051300
-1.089700
-3.012800
-1.089700
-0.128210
0.833330
1.794900
0.833330
-0.128210
-1.089700
-3.012800
-1.089700
2.756400
3.717900
2.756400
1.794900
2.756400
2.756400
5.641000
8.525600
8.525600
5.641000
2.756400
2.756400
0.833330
-1.089700
-4.935900
-4.935900
-5.897400
-8.782100
-12.628000
-10.705000
-3.974400
-0.128210
-2.051300
-3.012800
-0.128210
3.717900
5.641000
8.525600
8.525600
6.602600
5.641000
2.756400
-0.128210
-3.974400
-4.935900
-4.935900
-3.974400
-1.089700
0.833330
2.756400
1.794900
3.717900
4.679500
3.717900
3.717900
2.756400
3.717900
5.641000
3.717900
2.756400
-0.128210
-2.051300
-3.974400
-2.051300
0.833330
1.794900
-0.128210
0.833330
2.756400
3.717900
3.717900
2.756400
4.679500
2.756400
1.794900
0.833330
-1.089700
-3.012800
-4.935900
-2.051300
1.794900
-1.089700
-3.974400
-3.974400
-3.012800
-3.974400
-4.935900
-3.012800
-1.089700
2.756400
4.679500
3.717900
0.833330
-1.089700
1.794900
1.794900
-0.128210
1.794900
1.794900
3.717900
0.833330
-0.128210
1.794900
0.833330
1.794900
2.756400
3.717900
3.717900
2.756400
0.833330
-0.128210
0.833330
0.833330
-1.089700
0.833330
-1.089700
-0.128210
2.756400
0.833330
-0.128210
-0.128210
-1.089700
-3.012800
-3.012800
-3.012800
-3.012800
-4.935900
-5.897400
-4.935900
-2.051300
-2.051300
1.794900
2.756400
3.717900
5.641000
2.756400
-0.128210
1.794900
-0.128210
1.794900
3.717900
5.641000
7.564100
3.717900
3.717900
4.679500
1.794900
-1.089700
-2.051300
-0.128210
0.833330
-1.089700
-0.128210
2.756400
1.794900
1.794900
-2.051300
-4.935900
-5.897400
-3.974400
-2.051300
-2.051300
-5.897400
-8.782100
-10.705000
-9.743600
-3.012800
1.794900
3.717900
3.717900
3.717900
4.679500
5.641000
5.641000
5.641000
4.679500
2.756400
-0.128210
-0.128210
-2.051300
-1.089700
-0.128210
-2.051300
-3.012800
-6.859000
-5.897400
-3.974400
-2.051300
1.794900
8.525600
10.449000
6.602600
3.717900
3.717900
3.717900
2.756400
-2.051300
-5.897400
-4.935900
-4.935900
-3.012800
-6.859000
-9.743600
-3.974400
1.794900
2.756400
2.756400
1.794900
3.717900
4.679500
6.602600
6.602600
10.449000
8.525600
0.833330
-3.012800
-2.051300
-1.089700
-3.012800
-2.051300
-3.012800
-3.974400
-3.974400
-3.012800
-2.051300
-0.128210
2.756400
6.602600
6.602600
6.602600
7.564100
2.756400
-1.089700
-3.974400
-8.782100
-10.705000
-11.667000
-8.782100
-6.859000
-5.897400
-0.128210
3.717900
8.525600
9.487200
8.525600
5.641000
5.641000
4.679500
3.717900
1.794900
-0.128210
-2.051300
-3.974400
-5.897400
-7.820500
-8.782100
-6.859000
-3.012800
0.833330
2.756400
1.794900
0.833330
0.833330
3.717900
5.641000
4.679500
2.756400
1.794900
0.833330
-1.089700
-0.128210
-0.128210
-2.051300
-3.012800
-1.089700
2.756400
3.717900
1.794900
3.717900
5.641000
4.679500
3.717900
0.833330
-0.128210
-1.089700
0.833330
0.833330
0.833330
-0.128210
0.833330
1.794900
0.833330
1.794900
-1.089700
-2.051300
-1.089700
1.794900
2.756400
7.564100
6.602600
2.756400
-5.897400
-12.628000
-9.743600
-4.935900
-5.897400
-5.897400
-5.897400
-5.897400
-3.012800
0.833330
2.756400
3.717900
4.679500
3.717900
3.717900
4.679500
5.641000
0.833330
-1.089700
-3.012800
-1.089700
0.833330
3.717900
4.679500
4.679500
2.756400
0.833330
2.756400
1.794900
1.794900
1.794900
0.833330
0.833330
0.833330
-2.051300
-2.051300
-3.012800
-4.935900
-3.012800
-2.051300
-1.089700
-1.089700
2.756400
4.679500
3.717900
2.756400
4.679500
2.756400
-0.128210
-1.089700
-1.089700
-2.051300
0.833330
1.794900
2.756400
5.641000
4.679500
2.756400
2.756400
1.794900
1.794900
1.794900
2.756400
-0.128210
-3.012800
-4.935900
-5.897400
-4.935900
-1.089700
-0.128210
1.794900
2.756400
1.794900
