8.221100
5.112300
3.039700
0.967180
8.221100
4.076000
-0.069090
5.112300
7.184800
6.148500
9.257300
4.076000
2.003500
10.294000
3.039700
-7.323000
-3.177900
-3.177900
-6.286700
-7.323000
-3.177900
5.112300
-1.105400
-9.395500
-3.177900
-0.069090
-1.105400
-0.069090
3.039700
0.967180
-8.359200
-14.577000
-10.432000
-8.359200
-10.432000
-7.323000
-3.177900
-5.250400
2.003500
-3.177900
-3.177900
4.076000
-0.069090
2.003500
9.257300
9.257300
4.076000
21.693001
14.439000
4.076000
3.039700
2.003500
5.112300
5.112300
2.003500
2.003500
10.294000
0.967180
-3.177900
7.184800
7.184800
9.257300
12.366000
11.330000
9.257300
17.547001
11.330000
7.184800
8.221100
4.076000
4.076000
8.221100
11.330000
9.257300
12.366000
9.257300
10.294000
13.402000
9.257300
15.475000
19.620001
14.439000
10.294000
11.330000
12.366000
17.547001
12.366000
13.402000
23.764999
22.729000
26.874001
26.874001
18.584000
20.656000
21.693001
14.439000
15.475000
22.729000
15.475000
9.257300
12.366000
11.330000
12.366000
15.475000
18.584000
14.439000
16.511000
14.439000
13.402000
16.511000
13.402000
4.076000
4.076000
8.221100
10.294000
7.184800
5.112300
11.330000
13.402000
12.366000
4.076000
6.148500
14.439000
6.148500
5.112300
14.439000
14.439000
11.330000
7.184800
6.148500
13.402000
15.475000
11.330000
13.402000
12.366000
6.148500
6.148500
7.184800
12.366000
8.221100
16.511000
12.366000
2.003500
4.076000
7.184800
8.221100
9.257300
9.257300
8.221100
3.039700
3.039700
7.184800
6.148500
7.184800
10.294000
6.148500
4.076000
4.076000
0.967180
2.003500
5.112300
13.402000
7.184800
-2.141600
0.967180
-0.069090
-0.069090
-7.323000
-5.250400
-3.177900
0.967180
9.257300
6.148500
2.003500
0.967180
5.112300
10.294000
11.330000
12.366000
13.402000
14.439000
10.294000
6.148500
8.221100
7.184800
10.294000
15.475000
15.475000
8.221100
6.148500
-0.069090
-2.141600
6.148500
12.366000
12.366000
11.330000
16.511000
16.511000
17.547001
15.475000
14.439000
11.330000
11.330000
13.402000
8.221100
13.402000
10.294000
4.076000
-0.069090
0.967180
0.967180
-3.177900
-6.286700
-0.069090
9.257300
15.475000
10.294000
11.330000
16.511000
26.874001
16.511000
9.257300
11.330000
5.112300
3.039700
8.221100
4.076000
-0.069090
-0.069090
-3.177900
-4.214200
-3.177900
-7.323000
-7.323000
2.003500
-0.069090
-6.286700
-3.177900
-1.105400
5.112300
6.148500
6.148500
2.003500
-3.177900
-7.323000
-10.432000
-11.468000
-11.468000
-12.504000
-10.432000
-14.577000
-12.504000
-9.395500
-3.177900
-1.105400
-2.141600
-1.105400
7.184800
2.003500
-7.323000
-1.105400
2.003500
-1.105400
-6.286700
-11.468000
-8.359200
-4.214200
-12.504000
-16.649000
-12.504000
-15.613000
-17.686001
-10.432000
-2.141600
-4.214200
-7.323000
-19.757999
-19.757999
-11.468000
-11.468000
-9.395500
-9.395500
-7.323000
-1.105400
-5.250400
-9.395500
-2.141600
-4.214200
-9.395500
-3.177900
-2.141600
-12.504000
-10.432000
-7.323000
-6.286700
-9.395500
-13.541000
-9.395500
-9.395500
-9.395500
-5.250400
2.003500
-3.177900
-12.504000
-8.359200
-4.214200
-12.504000
-17.686001
-4.214200
0.967180
-9.395500
-3.177900
0.967180
-3.177900
0.967180
5.112300
6.148500
12.366000
11.330000
9.257300
11.330000
19.620001
14.439000
11.330000
21.693001
14.439000
6.148500
9.257300
6.148500
7.184800
7.184800
4.076000
8.221100
11.330000
-2.141600
-8.359200
2.003500
5.112300
-1.105400
-1.105400
5.112300
8.221100
2.003500
-0.069090
5.112300
-5.250400
-8.359200
-4.214200
-1.105400
0.967180
-1.105400
-0.069090
-3.177900
-4.214200
-3.177900
4.076000
-4.214200
-11.468000
-0.069090
0.967180
-2.141600
-7.323000
-10.432000
-10.432000
-9.395500
-9.395500
-8.359200
3.039700
-4.214200
-8.359200
-7.323000
-4.214200
-3.177900
-10.432000
-7.323000
-3.177900
-3.177900
-2.141600
-7.323000
-7.323000
-8.359200
-12.504000
-17.686001
-13.541000
-5.250400
-10.432000
-10.432000
-5.250400
-5.250400
-10.432000
-8.359200
-6.286700
-7.323000
-8.359200
-14.577000
-12.504000
-4.214200
-4.214200
-6.286700
-7.323000
-2.141600
-4.214200
-7.323000
-1.105400
-1.105400
-5.250400
-9.395500
-10.432000
-11.468000
-9.395500
-10.432000
-10.432000
-5.250400
-7.323000
-4.214200
0.967180
2.003500
-9.395500
-15.613000
-13.541000
-5.250400
-4.214200
-5.250400
-3.177900
-4.214200
-12.504000
-10.432000
-2.141600
-3.177900
-7.323000
-10.432000
-4.214200
-3.177900
-8.359200
-10.432000
-6.286700
-4.214200
-3.177900
-6.286700
-7.323000
-0.069090
8.221100
-1.105400
-7.323000
-5.250400
-5.250400
-6.286700
-5.250400
-1.105400
-4.214200
-5.250400
-4.214200
2.003500
0.967180
0.967180
5.112300
3.039700
-1.105400
-1.105400
-6.286700
-5.250400
-0.069090
-2.141600
0.967180
-0.069090
-2.141600
0.967180
6.148500
2.003500
-7.323000
-7.323000
-1.105400
2.003500
-1.105400
-5.250400
-4.214200
-3.177900
-5.250400
-2.141600
-1.105400
3.039700
-6.286700
-4.214200
3.039700
0.967180
-4.214200
-3.177900
-2.141600
-0.069090
-5.250400
-4.214200
-6.286700
-9.395500
-8.359200
-11.468000
-8.359200
-5.250400
-5.250400
-3.177900
3.039700
5.112300
8.221100
2.003500
-2.141600
0.967180
0.967180
2.003500
10.294000
8.221100
-3.177900
-8.359200
-1.105400
2.003500
4.076000
-4.214200
-6.286700
-6.286700
-5.250400
-1.105400
-4.214200
-4.214200
8.221100
4.076000
-3.177900
-1.105400
-1.105400
2.003500
4.076000
0.967180
-2.141600
2.003500
6.148500
4.076000
-3.177900
6.148500
6.148500
-2.141600
-0.069090
3.039700
2.003500
-0.069090
2.003500
4.076000
6.148500
7.184800
7.184800
8.221100
6.148500
5.112300
3.039700
4.076000
-2.141600
2.003500
4.076000
-0.069090
-0.069090
4.076000
0.967180
-4.214200
-1.105400
2.003500
0.967180
3.039700
3.039700
-3.177900
2.003500
-1.105400
-5.250400
-6.286700
-12.504000
-11.468000
-7.323000
-4.214200
-5.250400
-10.432000
-8.359200
-4.214200
-7.323000
-10.432000
-9.395500
-4.214200
-4.214200
-5.250400
-6.286700
-3.177900
-0.069090
-1.105400
3.039700
-2.141600
-0.069090
6.148500
0.967180
-6.286700
-3.177900
0.967180
4.076000
-2.141600
-7.323000
-2.141600
3.039700
9.257300
8.221100
3.039700
0.967180
5.112300
3.039700
2.003500
-0.069090
-4.214200
-5.250400
-3.177900
2.003500
2.003500
10.294000
9.257300
-0.069090
4.076000
6.148500
6.148500
8.221100
5.112300
3.039700
0.967180
3.039700
13.402000
-0.069090
-8.359200
-3.177900
-1.105400
5.112300
7.184800
12.366000
7.184800
5.112300
7.184800
11.330000
10.294000
5.112300
8.221100
4.076000
2.003500
2.003500
0.967180
0.967180
5.112300
11.330000
6.148500
13.402000
17.547001
8.221100
6.148500
5.112300
-0.069090
-4.214200
-8.359200
-4.214200
-3.177900
-2.141600
-4.214200
-6.286700
-6.286700
-4.214200
8.221100
3.039700
-5.250400
-2.141600
0.967180
6.148500
8.221100
7.184800
6.148500
6.148500
0.967180
6.148500
7.184800
8.221100
4.076000
-0.069090
11.330000
9.257300
8.221100
8.221100
3.039700
-1.105400
0.967180
3.039700
3.039700
-0.069090
-0.069090
4.076000
6.148500
-0.069090
-5.250400
-3.177900
-3.177900
-5.250400
-7.323000
-4.214200
-3.177900
-0.069090
-1.105400
6.148500
2.003500
-4.214200
-1.105400
-2.141600
-10.432000
-7.323000
-1.105400
-2.141600
-10.432000
-11.468000
-6.286700
-6.286700
-6.286700
-2.141600
-5.250400
-12.504000
-14.577000
-13.541000
-14.577000
-8.359200
-12.504000
-6.286700
-7.323000
-15.613000
-15.613000
-10.432000
-6.286700
-1.105400
-4.214200
-5.250400
-5.250400
-4.214200
-3.177900
-6.286700
-10.432000
-6.286700
-2.141600
-1.105400
-8.359200
-9.395500
-5.250400
-5.250400
-6.286700
-5.250400
-3.177900
-6.286700
-1.105400
-0.069090
-3.177900
-2.141600
2.003500
2.003500
3.039700
-1.105400
-1.105400
2.003500
8.221100
5.112300
3.039700
7.184800
5.112300
4.076000
11.330000
11.330000
6.148500
6.148500
9.257300
6.148500
3.039700
2.003500
10.294000
7.184800
-1.105400
-3.177900
-3.177900
7.184800
11.330000
10.294000
10.294000
12.366000
8.221100
9.257300
9.257300
10.294000
11.330000
7.184800
3.039700
2.003500
2.003500
9.257300
10.294000
7.184800
4.076000
7.184800
9.257300
7.184800
7.184800
6.148500
6.148500
9.257300
9.257300
5.112300
7.184800
9.257300
3.039700
6.148500
13.402000
16.511000
12.366000
10.294000
13.402000
15.475000
12.366000
14.439000
8.221100
3.039700
2.003500
0.967180
5.112300
7.184800
5.112300
6.148500
8.221100
6.148500
6.148500
6.148500
5.112300
10.294000
9.257300
12.366000
2.003500
-0.069090
2.003500
5.112300
10.294000
2.003500
-1.105400
-0.069090
3.039700
2.003500
-3.177900
-1.105400
-2.141600
-1.105400
-4.214200
-4.214200
-5.250400
-4.214200
-8.359200
-6.286700
-4.214200
-2.141600
-1.105400
2.003500
-7.323000
-6.286700
-0.069090
-2.141600
-1.105400
-0.069090
-3.177900
4.076000
2.003500
-4.214200
2.003500
7.184800
5.112300
-2.141600
-6.286700
-4.214200
-4.214200
3.039700
2.003500
-1.105400
2.003500
-4.214200
-8.359200
-3.177900
-2.141600
-4.214200
2.003500
-1.105400
-3.177900
0.967180
-0.069090
6.148500
5.112300
3.039700
2.003500
0.967180
3.039700
0.967180
-0.069090
3.039700
0.967180
-3.177900
-3.177900
-0.069090
7.184800
6.148500
8.221100
6.148500
4.076000
0.967180
-1.105400
5.112300
-3.177900
-3.177900
-6.286700
-12.504000
-6.286700
-4.214200
-2.141600
-1.105400
-8.359200
-5.250400
-4.214200
-6.286700
-3.177900
-2.141600
-2.141600
-3.177900
-4.214200
-2.141600
-1.105400
-1.105400
0.967180
-3.177900
-8.359200
-11.468000
-12.504000
-8.359200
-7.323000
-1.105400
0.967180
0.967180
-0.069090
-4.214200
2.003500
2.003500
2.003500
3.039700
8.221100
8.221100
5.112300
2.003500
3.039700
7.184800
6.148500
8.221100
7.184800
8.221100
9.257300
12.366000
13.402000
10.294000
5.112300
-0.069090
-4.214200
-0.069090
-0.069090
-5.250400
-7.323000
-6.286700
-4.214200
-4.214200
-1.105400
-0.069090
-1.105400
-1.105400
5.112300
-0.069090
-9.395500
-3.177900
-0.069090
0.967180
2.003500
-5.250400
-1.105400
-3.177900
-11.468000
-14.577000
-14.577000
-11.468000
-2.141600
-1.105400
-4.214200
-2.141600
-2.141600
-3.177900
2.003500
9.257300
13.402000
9.257300
6.148500
8.221100
14.439000
13.402000
14.439000
17.547001
12.366000
17.547001
11.330000
7.184800
11.330000
12.366000
17.547001
21.693001
15.475000
13.402000
16.511000
20.656000
18.584000
8.221100
6.148500
6.148500
14.439000
8.221100
-1.105400
4.076000
4.076000
3.039700
