-17.540001
-18.511000
-19.482000
-19.482000
-18.511000
-20.452999
-18.511000
-16.570000
-20.452999
-13.657000
-13.657000
-21.424000
-20.452999
-21.424000
-18.511000
-17.540001
-22.395000
-24.337000
-22.395000
-22.395000
-24.337000
-27.249001
-28.219999
-25.306999
-24.337000
-20.452999
-21.424000
-20.452999
-14.628000
-14.628000
-16.570000
-15.599000
-14.628000
-18.511000
-21.424000
-18.511000
-20.452999
-31.132999
-30.162001
-25.306999
-26.278000
-23.365999
-18.511000
-14.628000
-10.744000
-10.744000
-11.715000
-15.599000
-15.599000
-24.337000
-31.132999
-28.219999
-22.395000
-14.628000
-13.657000
-12.686000
-13.657000
-9.773500
-9.773500
-19.482000
-12.686000
-18.511000
-25.306999
-25.306999
-26.278000
-24.337000
-21.424000
-21.424000
-17.540001
-14.628000
-11.715000
-9.773500
-6.860800
-9.773500
-10.744000
-8.802600
-6.860800
-4.919100
-4.919100
-2.977300
-1.035600
3.818800
3.818800
1.877000
1.877000
1.877000
-1.035600
-2.977300
-2.977300
-1.035600
-1.035600
-4.919100
-11.715000
-11.715000
-8.802600
-3.948200
-2.977300
-4.919100
-0.064720
-3.948200
-8.802600
-3.948200
-2.977300
-2.977300
0.906150
-1.035600
-5.890000
-7.831700
-4.919100
-2.977300
-1.035600
-1.035600
0.906150
1.877000
3.818800
6.731400
8.673100
14.498000
15.469000
14.498000
12.557000
8.673100
14.498000
8.673100
5.760500
6.731400
2.847900
9.644000
17.410999
17.410999
14.498000
10.615000
8.673100
5.760500
5.760500
7.702300
13.528000
14.498000
16.440001
19.353001
21.294001
25.177999
28.091000
30.032000
27.120001
24.207001
27.120001
30.032000
26.149000
25.177999
29.061001
31.003000
27.120001
25.177999
27.120001
29.061001
25.177999
26.149000
31.974001
27.120001
26.149000
23.236000
17.410999
14.498000
9.644000
7.702300
6.731400
9.644000
7.702300
6.731400
9.644000
13.528000
13.528000
12.557000
16.440001
12.557000
11.586000
11.586000
10.615000
8.673100
0.906150
-2.977300
-5.890000
-7.831700
-6.860800
-9.773500
-2.977300
0.906150
2.847900
5.760500
4.789600
11.586000
15.469000
13.528000
16.440001
10.615000
3.818800
1.877000
3.818800
3.818800
1.877000
6.731400
14.498000
16.440001
16.440001
20.323999
16.440001
13.528000
15.469000
16.440001
15.469000
15.469000
12.557000
10.615000
6.731400
4.789600
4.789600
8.673100
8.673100
5.760500
1.877000
2.847900
6.731400
6.731400
7.702300
2.847900
-2.006500
0.906150
5.760500
5.760500
3.818800
-2.977300
-6.860800
-5.890000
-0.064720
0.906150
2.847900
5.760500
0.906150
-2.977300
-2.006500
-0.064720
-1.035600
1.877000
5.760500
6.731400
8.673100
10.615000
5.760500
1.877000
-1.035600
1.877000
8.673100
2.847900
-3.948200
-2.006500
7.702300
6.731400
7.702300
20.323999
28.091000
29.061001
30.032000
30.032000
32.945000
31.003000
25.177999
19.353001
12.557000
6.731400
7.702300
10.615000
9.644000
11.586000
9.644000
10.615000
10.615000
6.731400
4.789600
3.818800
5.760500
1.877000
-1.035600
0.906150
3.818800
6.731400
7.702300
6.731400
7.702300
8.673100
7.702300
6.731400
9.644000
5.760500
-3.948200
-4.919100
1.877000
4.789600
5.760500
5.760500
7.702300
11.586000
13.528000
13.528000
11.586000
9.644000
8.673100
9.644000
5.760500
0.906150
-3.948200
-8.802600
-3.948200
-2.977300
-4.919100
-3.948200
-4.919100
-3.948200
-7.831700
-7.831700
-4.919100
-2.977300
-3.948200
-5.890000
-12.686000
-14.628000
-7.831700
-5.890000
-5.890000
-6.860800
-9.773500
-12.686000
-13.657000
-15.599000
-15.599000
-12.686000
-13.657000
-12.686000
-12.686000
-12.686000
-10.744000
-7.831700
-6.860800
-8.802600
-10.744000
-18.511000
-21.424000
-19.482000
-13.657000
-7.831700
-4.919100
-2.006500
1.877000
5.760500
7.702300
8.673100
10.615000
9.644000
12.557000
17.410999
20.323999
25.177999
27.120001
28.091000
31.003000
31.974001
38.770000
36.827999
28.091000
30.032000
35.858002
40.712002
41.682999
39.741001
36.827999
31.974001
31.003000
29.061001
27.120001
28.091000
26.149000
26.149000
28.091000
31.003000
32.945000
32.945000
30.032000
27.120001
25.177999
20.323999
16.440001
12.557000
3.818800
9.644000
9.644000
8.673100
10.615000
14.498000
17.410999
15.469000
11.586000
11.586000
8.673100
0.906150
-2.006500
-3.948200
-5.890000
-7.831700
-5.890000
-6.860800
-9.773500
-9.773500
-5.890000
-1.035600
1.877000
-0.064720
-2.977300
-4.919100
-6.860800
-9.773500
-5.890000
-3.948200
-3.948200
-1.035600
-4.919100
-2.977300
-0.064720
-1.035600
-0.064720
-5.890000
-12.686000
-11.715000
-5.890000
-2.006500
-2.977300
-0.064720
1.877000
2.847900
1.877000
2.847900
0.906150
-1.035600
-1.035600
-1.035600
-6.860800
-7.831700
-6.860800
-8.802600
-12.686000
-18.511000
-26.278000
-23.365999
-16.570000
-11.715000
-5.890000
-11.715000
-17.540001
-19.482000
-15.599000
-12.686000
-12.686000
-15.599000
-15.599000
-9.773500
-10.744000
-9.773500
-8.802600
-9.773500
-6.860800
-4.919100
-2.977300
-3.948200
-4.919100
-5.890000
-4.919100
-11.715000
-10.744000
-7.831700
-4.919100
0.906150
5.760500
5.760500
-2.006500
-3.948200
-7.831700
-8.802600
-10.744000
-18.511000
-17.540001
-9.773500
-2.006500
2.847900
4.789600
5.760500
8.673100
5.760500
-0.064720
-5.890000
-9.773500
-7.831700
-11.715000
-11.715000
-2.977300
0.906150
0.906150
-1.035600
4.789600
9.644000
7.702300
3.818800
-1.035600
-5.890000
-10.744000
-6.860800
-4.919100
-7.831700
-12.686000
-13.657000
-11.715000
-9.773500
-15.599000
-16.570000
-16.570000
-8.802600
-8.802600
-14.628000
-17.540001
-17.540001
-19.482000
-15.599000
-16.570000
-14.628000
-11.715000
-15.599000
-14.628000
-12.686000
-15.599000
-15.599000
-12.686000
-11.715000
-17.540001
-23.365999
-23.365999
-25.306999
-27.249001
-26.278000
-23.365999
-16.570000
-11.715000
-9.773500
-12.686000
-20.452999
-27.249001
-29.191000
-32.104000
-33.074001
-23.365999
-23.365999
-20.452999
-19.482000
-17.540001
-8.802600
-3.948200
-2.977300
-8.802600
-14.628000
-17.540001
-16.570000
-14.628000
-14.628000
-12.686000
-12.686000
-10.744000
-5.890000
-3.948200
0.906150
3.818800
-0.064720
-4.919100
-9.773500
-10.744000
-7.831700
-8.802600
-14.628000
-13.657000
-15.599000
-20.452999
-16.570000
-11.715000
-12.686000
-13.657000
-7.831700
-5.890000
-6.860800
-5.890000
-5.890000
-6.860800
-3.948200
-5.890000
-4.919100
-1.035600
-2.006500
-2.006500
-6.860800
-5.890000
-3.948200
-1.035600
0.906150
1.877000
7.702300
16.440001
14.498000
6.731400
0.906150
-2.006500
-3.948200
-6.860800
-6.860800
-12.686000
-15.599000
-14.628000
-13.657000
-8.802600
-11.715000
-12.686000
-12.686000
-11.715000
-7.831700
-7.831700
-7.831700
-3.948200
-6.860800
-9.773500
-11.715000
-7.831700
-8.802600
-18.511000
-18.511000
-12.686000
-8.802600
-6.860800
-7.831700
-9.773500
-12.686000
-15.599000
-18.511000
-15.599000
-8.802600
5.760500
16.440001
8.673100
8.673100
3.818800
4.789600
10.615000
8.673100
1.877000
-0.064720
-2.977300
-2.006500
-4.919100
0.906150
7.702300
14.498000
16.440001
16.440001
20.323999
17.410999
13.528000
16.440001
20.323999
22.264999
24.207001
24.207001
28.091000
28.091000
29.061001
36.827999
38.770000
32.945000
28.091000
25.177999
12.557000
-1.035600
-1.035600
2.847900
3.818800
-2.977300
-4.919100
-4.919100
-4.919100
-0.064720
-2.006500
-1.035600
0.906150
2.847900
-0.064720
-2.977300
-3.948200
-5.890000
-6.860800
-10.744000
-11.715000
-14.628000
-6.860800
-2.006500
-4.919100
-5.890000
-3.948200
1.877000
-0.064720
-3.948200
-8.802600
-9.773500
-8.802600
-9.773500
-4.919100
-2.977300
-1.035600
-1.035600
-1.035600
-1.035600
-4.919100
-6.860800
-4.919100
-1.035600
2.847900
5.760500
9.644000
13.528000
20.323999
21.294001
21.294001
24.207001
29.061001
30.032000
24.207001
20.323999
22.264999
15.469000
16.440001
15.469000
17.410999
18.382000
17.410999
21.294001
27.120001
29.061001
26.149000
28.091000
28.091000
25.177999
25.177999
21.294001
17.410999
18.382000
26.149000
23.236000
18.382000
19.353001
27.120001
19.353001
11.586000
11.586000
11.586000
13.528000
9.644000
8.673100
8.673100
5.760500
6.731400
4.789600
9.644000
10.615000
4.789600
14.498000
11.586000
6.731400
7.702300
15.469000
17.410999
16.440001
11.586000
9.644000
8.673100
13.528000
12.557000
8.673100
10.615000
11.586000
5.760500
-1.035600
-2.006500
1.877000
7.702300
4.789600
1.877000
3.818800
1.877000
-4.919100
-5.890000
-2.006500
-1.035600
-0.064720
-1.035600
-3.948200
-5.890000
-4.919100
-1.035600
-1.035600
-0.064720
1.877000
2.847900
2.847900
0.906150
-3.948200
-9.773500
-11.715000
-6.860800
-1.035600
-4.919100
-10.744000
-11.715000
-8.802600
-9.773500
-10.744000
-3.948200
-2.006500
-0.064720
0.906150
-2.977300
-6.860800
-7.831700
-9.773500
-5.890000
-4.919100
-3.948200
-2.006500
-1.035600
-4.919100
-3.948200
11.586000
14.498000
7.702300
8.673100
8.673100
6.731400
15.469000
16.440001
15.469000
19.353001
26.149000
30.032000
31.003000
26.149000
21.294001
21.294001
18.382000
19.353001
15.469000
12.557000
12.557000
7.702300
10.615000
15.469000
12.557000
10.615000
6.731400
-0.064720
3.818800
2.847900
4.789600
-0.064720
-5.890000
-6.860800
-4.919100
-3.948200
-2.006500
-0.064720
-2.006500
-0.064720
6.731400
3.818800
-3.948200
-6.860800
-5.890000
-11.715000
-12.686000
-13.657000
-18.511000
-13.657000
-12.686000
-10.744000
-11.715000
-17.540001
-14.628000
-12.686000
-12.686000
-10.744000
-11.715000
-13.657000
-14.628000
-17.540001
-19.482000
-17.540001
-18.511000
-16.570000
-17.540001
-16.570000
-18.511000
-19.482000
-14.628000
-14.628000
-9.773500
-6.860800
-2.977300
-2.006500
-2.977300
-7.831700
-15.599000
-17.540001
-16.570000
-8.802600
-4.919100
-1.035600
2.847900
5.760500
8.673100
5.760500
4.789600
1.877000
-5.890000
-10.744000
-18.511000
-24.337000
-16.570000
-13.657000
-12.686000
-5.890000
3.818800
9.644000
8.673100
7.702300
9.644000
6.731400
6.731400
-2.006500
-9.773500
-13.657000
-13.657000
-13.657000
-12.686000
-14.628000
-15.599000
-13.657000
-17.540001
-19.482000
-14.628000
-12.686000
-16.570000
-15.599000
-14.628000
-15.599000
-12.686000
-13.657000
-10.744000
-6.860800
-6.860800
-9.773500
-11.715000
-12.686000
-11.715000
-8.802600
-5.890000
-5.890000
-2.977300
-5.890000
-6.860800
-8.802600
-3.948200
-8.802600
-9.773500
-6.860800
-8.802600
-3.948200
0.906150
-1.035600
-4.919100
-2.006500
-0.064720
-2.006500
-2.977300
-4.919100
-1.035600
-0.064720
-1.035600
-2.977300
-5.890000
-9.773500
-8.802600
-5.890000
-2.977300
0.906150
-0.064720
-2.977300
1.877000
4.789600
2.847900
4.789600
9.644000
6.731400
4.789600
4.789600
4.789600
6.731400
-1.035600
-5.890000
-3.948200
1.877000
5.760500
6.731400
6.731400
12.557000
14.498000
