-13.471000
-16.563999
-16.563999
-14.502000
-16.563999
-23.780001
-22.749001
-17.594999
-20.687000
-15.533000
-18.625000
-21.718000
-16.563999
-17.594999
-17.594999
-16.563999
-22.749001
-27.903999
-29.966000
-30.997000
-28.934999
-30.997000
-27.903999
-24.811001
-20.687000
-17.594999
-16.563999
-14.502000
-7.285200
-9.347100
-11.409000
-11.409000
-10.378000
-16.563999
-20.687000
-22.749001
-24.811001
-35.119999
-30.997000
-23.780001
-27.903999
-25.841999
-17.594999
-10.378000
-6.254300
-5.223400
-3.161500
-3.161500
-7.285200
-14.502000
-16.563999
-18.625000
-18.625000
-11.409000
-9.347100
-10.378000
-13.471000
-13.471000
-10.378000
-18.625000
-9.347100
-19.656000
-25.841999
-26.872999
-28.934999
-23.780001
-23.780001
-19.656000
-12.440000
-7.285200
-4.192400
-0.068730
5.085900
5.085900
3.024100
4.055000
6.116800
6.116800
3.024100
-1.099700
-3.161500
3.024100
3.024100
-1.099700
-1.099700
-1.099700
-4.192400
-4.192400
-3.161500
-2.130600
-1.099700
-4.192400
-7.285200
-7.285200
-4.192400
4.055000
8.178700
6.116800
7.147800
0.962200
-4.192400
-2.130600
0.962200
-0.068730
-1.099700
-3.161500
-9.347100
-10.378000
-7.285200
-2.130600
1.993100
4.055000
4.055000
0.962200
-1.099700
1.993100
4.055000
9.209600
13.333000
11.271000
11.271000
9.209600
15.395000
9.209600
7.147800
4.055000
4.055000
7.147800
8.178700
8.178700
8.178700
14.364000
17.457001
15.395000
14.364000
15.395000
12.302000
12.302000
16.426001
16.426001
12.302000
12.302000
11.271000
15.395000
11.271000
13.333000
16.426001
16.426001
15.395000
10.241000
12.302000
14.364000
17.457001
14.364000
12.302000
17.457001
15.395000
19.518999
25.704000
20.549999
23.643000
18.488001
12.302000
14.364000
11.271000
7.147800
5.085900
10.241000
12.302000
8.178700
5.085900
10.241000
6.116800
6.116800
11.271000
8.178700
9.209600
9.209600
10.241000
6.116800
1.993100
-3.161500
-2.130600
-0.068730
-0.068730
-6.254300
-3.161500
-1.099700
0.962200
1.993100
3.024100
10.241000
14.364000
13.333000
16.426001
11.271000
7.147800
4.055000
4.055000
3.024100
3.024100
14.364000
18.488001
16.426001
14.364000
17.457001
11.271000
9.209600
7.147800
6.116800
1.993100
5.085900
8.178700
3.024100
-1.099700
-1.099700
0.962200
5.085900
9.209600
7.147800
4.055000
3.024100
6.116800
7.147800
5.085900
-0.068730
-1.099700
1.993100
6.116800
4.055000
-4.192400
-14.502000
-22.749001
-22.749001
-15.533000
-6.254300
-2.130600
3.024100
1.993100
-0.068730
5.085900
7.147800
11.271000
17.457001
17.457001
10.241000
8.178700
6.116800
9.209600
7.147800
5.085900
8.178700
8.178700
-2.130600
-9.347100
-10.378000
-1.099700
-0.068730
5.085900
15.395000
18.488001
19.518999
22.612000
24.674000
29.827999
27.766001
20.549999
17.457001
5.085900
0.962200
10.241000
15.395000
13.333000
14.364000
14.364000
16.426001
15.395000
8.178700
7.147800
7.147800
7.147800
4.055000
5.085900
3.024100
3.024100
5.085900
10.241000
8.178700
8.178700
10.241000
14.364000
14.364000
15.395000
16.426001
4.055000
0.962200
6.116800
10.241000
9.209600
5.085900
3.024100
10.241000
16.426001
19.518999
17.457001
12.302000
10.241000
13.333000
11.271000
5.085900
-4.192400
-15.533000
-8.316200
-2.130600
-0.068730
-3.161500
-9.347100
-9.347100
-8.316200
-4.192400
0.962200
-0.068730
-4.192400
-1.099700
-5.223400
-4.192400
-4.192400
-2.130600
3.024100
1.993100
-5.223400
-9.347100
-9.347100
-9.347100
-10.378000
-6.254300
-9.347100
-9.347100
-6.254300
-3.161500
0.962200
1.993100
-0.068730
-4.192400
-4.192400
-10.378000
-9.347100
-9.347100
-5.223400
-2.130600
-0.068730
7.147800
13.333000
15.395000
12.302000
10.241000
9.209600
8.178700
15.395000
22.612000
18.488001
14.364000
15.395000
23.643000
26.735001
25.704000
25.704000
20.549999
11.271000
15.395000
27.766001
25.704000
25.704000
21.580999
15.395000
14.364000
19.518999
22.612000
25.704000
19.518999
17.457001
21.580999
25.704000
22.612000
19.518999
21.580999
19.518999
19.518999
17.457001
12.302000
3.024100
-0.068730
-4.192400
6.116800
14.364000
17.457001
14.364000
12.302000
15.395000
18.488001
10.241000
8.178700
9.209600
1.993100
3.024100
1.993100
-0.068730
-2.130600
-3.161500
-2.130600
-3.161500
-1.099700
7.147800
11.271000
14.364000
12.302000
11.271000
10.241000
7.147800
3.024100
1.993100
5.085900
-1.099700
-1.099700
-2.130600
3.024100
4.055000
0.962200
-2.130600
-9.347100
-13.471000
-10.378000
-5.223400
-1.099700
0.962200
4.055000
6.116800
6.116800
6.116800
7.147800
4.055000
0.962200
5.085900
3.024100
0.962200
0.962200
0.962200
-5.223400
-8.316200
-14.502000
-24.811001
-23.780001
-19.656000
-10.378000
-5.223400
-10.378000
-14.502000
-14.502000
-10.378000
-4.192400
-3.161500
-7.285200
-9.347100
-9.347100
-10.378000
-5.223400
-3.161500
-8.316200
-5.223400
-3.161500
0.962200
0.962200
-1.099700
-4.192400
-2.130600
-10.378000
-8.316200
-6.254300
-7.285200
-3.161500
4.055000
4.055000
-3.161500
-7.285200
-14.502000
-14.502000
-14.502000
-14.502000
-12.440000
-14.502000
-8.316200
-1.099700
-3.161500
-3.161500
4.055000
4.055000
-1.099700
-11.409000
-15.533000
-14.502000
-20.687000
-17.594999
-7.285200
-7.285200
-5.223400
-3.161500
8.178700
8.178700
3.024100
-5.223400
-10.378000
-12.440000
-14.502000
-6.254300
-8.316200
-9.347100
-11.409000
-12.440000
-12.440000
-8.316200
-12.440000
-13.471000
-13.471000
-8.316200
-9.347100
-16.563999
-18.625000
-14.502000
-16.563999
-13.471000
-12.440000
-13.471000
-9.347100
-12.440000
-12.440000
-16.563999
-18.625000
-18.625000
-15.533000
-13.471000
-15.533000
-17.594999
-19.656000
-24.811001
-29.966000
-29.966000
-23.780001
-15.533000
-9.347100
-9.347100
-16.563999
-21.718000
-28.934999
-29.966000
-29.966000
-22.749001
-13.471000
-15.533000
-19.656000
-25.841999
-25.841999
-16.563999
-11.409000
-10.378000
-7.285200
-10.378000
-14.502000
-15.533000
-14.502000
-15.533000
-13.471000
-14.502000
-8.316200
0.962200
-2.130600
-3.161500
-4.192400
-8.316200
-13.471000
-18.625000
-26.872999
-21.718000
-17.594999
-17.594999
-13.471000
-11.409000
-18.625000
-14.502000
-9.347100
-9.347100
-5.223400
0.962200
-1.099700
-6.254300
-8.316200
-9.347100
-8.316200
-1.099700
3.024100
8.178700
10.241000
3.024100
-2.130600
-13.471000
-9.347100
-1.099700
3.024100
6.116800
9.209600
10.241000
20.549999
23.643000
13.333000
8.178700
-1.099700
-7.285200
-13.471000
-15.533000
-14.502000
-11.409000
-7.285200
-8.316200
-3.161500
-6.254300
-9.347100
-10.378000
-9.347100
-4.192400
1.993100
-2.130600
-1.099700
-9.347100
-16.563999
-16.563999
-14.502000
-20.687000
-25.841999
-22.749001
-17.594999
-11.409000
-5.223400
-3.161500
-6.254300
-4.192400
-9.347100
-13.471000
-7.285200
-0.068730
9.209600
14.364000
-2.130600
-4.192400
-9.347100
-7.285200
1.993100
5.085900
7.147800
0.962200
-10.378000
-12.440000
-11.409000
-2.130600
5.085900
11.271000
15.395000
9.209600
14.364000
10.241000
5.085900
8.178700
15.395000
17.457001
15.395000
12.302000
14.364000
16.426001
12.302000
22.612000
29.827999
29.827999
27.766001
28.797001
13.333000
-4.192400
1.993100
10.241000
11.271000
4.055000
1.993100
0.962200
-1.099700
3.024100
9.209600
10.241000
11.271000
12.302000
5.085900
0.962200
-1.099700
-4.192400
-6.254300
-12.440000
-14.502000
-16.563999
-8.316200
0.962200
0.962200
-0.068730
5.085900
10.241000
1.993100
-0.068730
-5.223400
-6.254300
-2.130600
-1.099700
1.993100
-1.099700
-0.068730
-0.068730
0.962200
1.993100
-3.161500
-9.347100
-2.130600
4.055000
6.116800
5.085900
8.178700
14.364000
21.580999
19.518999
17.457001
18.488001
24.674000
26.735001
21.580999
15.395000
16.426001
9.209600
9.209600
10.241000
11.271000
12.302000
12.302000
11.271000
16.426001
22.612000
16.426001
21.580999
20.549999
15.395000
17.457001
16.426001
10.241000
15.395000
24.674000
17.457001
16.426001
15.395000
21.580999
15.395000
10.241000
8.178700
10.241000
17.457001
15.395000
12.302000
4.055000
-0.068730
-1.099700
-3.161500
-0.068730
1.993100
-0.068730
9.209600
5.085900
0.962200
5.085900
14.364000
12.302000
9.209600
5.085900
1.993100
-1.099700
0.962200
0.962200
-6.254300
-6.254300
-5.223400
-5.223400
-11.409000
-16.563999
-12.440000
-3.161500
-4.192400
-8.316200
-9.347100
-13.471000
-17.594999
-13.471000
-7.285200
-6.254300
1.993100
0.962200
-0.068730
-0.068730
5.085900
9.209600
11.271000
10.241000
8.178700
10.241000
9.209600
7.147800
3.024100
-0.068730
-1.099700
-0.068730
5.085900
3.024100
-2.130600
-3.161500
-0.068730
1.993100
-1.099700
1.993100
-1.099700
-0.068730
3.024100
-1.099700
-5.223400
-3.161500
-1.099700
0.962200
-0.068730
-1.099700
1.993100
5.085900
1.993100
0.962200
15.395000
16.426001
10.241000
11.271000
6.116800
4.055000
11.271000
13.333000
12.302000
14.364000
18.488001
20.549999
17.457001
12.302000
7.147800
7.147800
-1.099700
6.116800
8.178700
7.147800
9.209600
7.147800
10.241000
15.395000
8.178700
3.024100
-2.130600
-8.316200
0.962200
-0.068730
1.993100
0.962200
-1.099700
-3.161500
1.993100
6.116800
6.116800
3.024100
0.962200
1.993100
9.209600
3.024100
-7.285200
-6.254300
-2.130600
-2.130600
-4.192400
-3.161500
-3.161500
-1.099700
-1.099700
-2.130600
-3.161500
-10.378000
-11.409000
-9.347100
-8.316200
-4.192400
-2.130600
-4.192400
-5.223400
-7.285200
-9.347100
-10.378000
-8.316200
-5.223400
-6.254300
-9.347100
-16.563999
-15.533000
-10.378000
-11.409000
-5.223400
-2.130600
0.962200
1.993100
0.962200
-4.192400
-9.347100
-10.378000
-11.409000
-6.254300
-6.254300
-2.130600
1.993100
6.116800
6.116800
-1.099700
-0.068730
0.962200
1.993100
0.962200
-12.440000
-25.841999
-14.502000
-11.409000
-10.378000
-4.192400
6.116800
9.209600
8.178700
11.271000
15.395000
11.271000
7.147800
-0.068730
-9.347100
-13.471000
-10.378000
-10.378000
-11.409000
-12.440000
-16.563999
-14.502000
-18.625000
-19.656000
-16.563999
-15.533000
-18.625000
-20.687000
-18.625000
-20.687000
-15.533000
-16.563999
-14.502000
-15.533000
-15.533000
-15.533000
-15.533000
-17.594999
-17.594999
-12.440000
-7.285200
-6.254300
-3.161500
-4.192400
-4.192400
-2.130600
1.993100
-7.285200
-15.533000
-13.471000
-14.502000
-8.316200
-1.099700
0.962200
4.055000
7.147800
6.116800
3.024100
3.024100
3.024100
4.055000
0.962200
0.962200
-2.130600
-4.192400
-10.378000
-10.378000
-4.192400
-2.130600
1.993100
3.024100
-0.068730
6.116800
11.271000
11.271000
14.364000
16.426001
17.457001
12.302000
10.241000
9.209600
10.241000
4.055000
-3.161500
-4.192400
-1.099700
-0.068730
-1.099700
-1.099700
8.178700
11.271000
