-13.131000
-14.141000
-16.162001
-15.152000
-18.181999
-23.232000
-23.232000
-22.222000
-27.273001
-21.212000
-19.191999
-23.232000
-20.202000
-20.202000
-17.172001
-15.152000
-21.212000
-26.263000
-26.263000
-27.273001
-28.283001
-30.302999
-25.253000
-19.191999
-17.172001
-16.162001
-18.181999
-15.152000
-4.040400
-4.040400
-6.060600
-6.060600
-3.030300
-7.070700
-11.111000
-13.131000
-15.152000
-27.273001
-28.283001
-25.253000
-27.273001
-24.242001
-20.202000
-13.131000
-7.070700
-3.030300
0.000000
-1.010100
-4.040400
-13.131000
-18.181999
-17.172001
-14.141000
-7.070700
-6.060600
-8.080800
-12.121000
-9.090900
-8.080800
-16.162001
-8.080800
-17.172001
-21.212000
-20.202000
-25.253000
-21.212000
-18.181999
-18.181999
-15.152000
-11.111000
-9.090900
-7.070700
-3.030300
-3.030300
-5.050500
-2.020200
2.020200
4.040400
2.020200
5.050500
8.080800
13.131000
13.131000
7.070700
5.050500
3.030300
-1.010100
-3.030300
-4.040400
-3.030300
-2.020200
-7.070700
-12.121000
-14.141000
-11.111000
-3.030300
3.030300
3.030300
6.060600
0.000000
-4.040400
0.000000
1.010100
-1.010100
0.000000
0.000000
-4.040400
-8.080800
-8.080800
-4.040400
1.010100
4.040400
7.070700
6.060600
6.060600
9.090900
11.111000
15.152000
16.162001
12.121000
11.111000
8.080800
15.152000
9.090900
7.070700
4.040400
3.030300
11.111000
15.152000
16.162001
13.131000
13.131000
15.152000
14.141000
16.162001
18.181999
16.162001
17.172001
21.212000
19.191999
15.152000
18.181999
21.212000
27.273001
24.242001
20.202000
21.212000
21.212000
18.181999
14.141000
17.172001
20.202000
23.232000
21.212000
20.202000
22.222000
19.191999
21.212000
29.292999
26.263000
28.283001
25.253000
18.181999
16.162001
11.111000
9.090900
7.070700
12.121000
10.101000
8.080800
7.070700
10.101000
6.060600
7.070700
12.121000
8.080800
7.070700
6.060600
8.080800
3.030300
-3.030300
-9.090900
-11.111000
-9.090900
-5.050500
-7.070700
-2.020200
-1.010100
0.000000
2.020200
3.030300
11.111000
17.172001
17.172001
19.191999
11.111000
4.040400
0.000000
2.020200
0.000000
-2.020200
4.040400
6.060600
10.101000
11.111000
15.152000
10.101000
9.090900
11.111000
13.131000
11.111000
11.111000
6.060600
2.020200
-1.010100
-3.030300
-1.010100
3.030300
7.070700
5.050500
-1.010100
0.000000
4.040400
6.060600
4.040400
-1.010100
-3.030300
0.000000
2.020200
3.030300
-3.030300
-18.181999
-29.292999
-28.283001
-16.162001
-6.060600
-2.020200
3.030300
1.010100
-1.010100
0.000000
3.030300
5.050500
9.090900
7.070700
4.040400
3.030300
1.010100
-1.010100
-6.060600
-9.090900
-4.040400
2.020200
-6.060600
-13.131000
-12.121000
-1.010100
0.000000
2.020200
11.111000
17.172001
18.181999
17.172001
18.181999
22.222000
22.222000
12.121000
11.111000
3.030300
-3.030300
3.030300
8.080800
7.070700
9.090900
9.090900
14.141000
13.131000
7.070700
9.090900
12.121000
13.131000
6.060600
5.050500
5.050500
5.050500
5.050500
7.070700
4.040400
2.020200
2.020200
4.040400
5.050500
9.090900
9.090900
0.000000
-1.010100
7.070700
10.101000
8.080800
6.060600
7.070700
14.141000
16.162001
14.141000
8.080800
5.050500
5.050500
7.070700
2.020200
-1.010100
-8.080800
-15.152000
-7.070700
-7.070700
-9.090900
-8.080800
-7.070700
-4.040400
-6.060600
-2.020200
4.040400
7.070700
6.060600
1.010100
-9.090900
-9.090900
0.000000
2.020200
1.010100
-2.020200
-6.060600
-4.040400
-4.040400
-5.050500
-6.060600
-3.030300
-5.050500
-3.030300
0.000000
0.000000
-1.010100
-2.020200
1.010100
1.010100
0.000000
-8.080800
-9.090900
-9.090900
-5.050500
0.000000
2.020200
2.020200
4.040400
6.060600
7.070700
10.101000
11.111000
8.080800
10.101000
16.162001
20.202000
22.222000
21.212000
20.202000
20.202000
24.242001
29.292999
23.232000
10.101000
10.101000
20.202000
22.222000
25.253000
25.253000
21.212000
17.172001
17.172001
18.181999
23.232000
24.242001
23.232000
22.222000
23.232000
24.242001
25.253000
25.253000
21.212000
20.202000
19.191999
17.172001
11.111000
7.070700
-3.030300
1.010100
4.040400
6.060600
8.080800
12.121000
18.181999
19.191999
12.121000
13.131000
10.101000
0.000000
-1.010100
-1.010100
-1.010100
-1.010100
-2.020200
-4.040400
-10.101000
-11.111000
-3.030300
5.050500
12.121000
9.090900
4.040400
2.020200
1.010100
-3.030300
-2.020200
-3.030300
-7.070700
-6.060600
-10.101000
-4.040400
-1.010100
-1.010100
-2.020200
-9.090900
-15.152000
-13.131000
-5.050500
3.030300
6.060600
5.050500
5.050500
5.050500
8.080800
12.121000
11.111000
5.050500
3.030300
2.020200
-3.030300
0.000000
3.030300
-2.020200
-9.090900
-21.212000
-30.302999
-24.242001
-15.152000
-3.030300
3.030300
-5.050500
-13.131000
-13.131000
-7.070700
-1.010100
-2.020200
-3.030300
-5.050500
-6.060600
-9.090900
-6.060600
-5.050500
-8.080800
-3.030300
-2.020200
-2.020200
-1.010100
0.000000
-1.010100
2.020200
-9.090900
-11.111000
-8.080800
-2.020200
7.070700
15.152000
13.131000
5.050500
2.020200
-3.030300
-6.060600
-13.131000
-17.172001
-13.131000
-9.090900
1.010100
6.060600
5.050500
3.030300
9.090900
9.090900
4.040400
-4.040400
-5.050500
-1.010100
-5.050500
-2.020200
5.050500
7.070700
7.070700
6.060600
12.121000
14.141000
10.101000
3.030300
-2.020200
-8.080800
-10.101000
-1.010100
-1.010100
-6.060600
-10.101000
-12.121000
-10.101000
-7.070700
-13.131000
-13.131000
-13.131000
-7.070700
-9.090900
-15.152000
-16.162001
-14.141000
-14.141000
-10.101000
-10.101000
-11.111000
-7.070700
-8.080800
-4.040400
-6.060600
-11.111000
-11.111000
-8.080800
-5.050500
-7.070700
-12.121000
-15.152000
-20.202000
-23.232000
-24.242001
-21.212000
-11.111000
-5.050500
-3.030300
-7.070700
-14.141000
-20.202000
-22.222000
-26.263000
-23.232000
-15.152000
-15.152000
-13.131000
-16.162001
-13.131000
-6.060600
-2.020200
0.000000
0.000000
-3.030300
-8.080800
-9.090900
-10.101000
-10.101000
-7.070700
-7.070700
-6.060600
-2.020200
0.000000
3.030300
4.040400
0.000000
-4.040400
-11.111000
-16.162001
-12.121000
-11.111000
-13.131000
-14.141000
-15.152000
-19.191999
-13.131000
-8.080800
-10.101000
-8.080800
-2.020200
-1.010100
-4.040400
-6.060600
-8.080800
-6.060600
-2.020200
-2.020200
-4.040400
0.000000
-2.020200
-4.040400
-15.152000
-16.162001
-13.131000
-6.060600
-1.010100
3.030300
11.111000
19.191999
17.172001
9.090900
7.070700
2.020200
-4.040400
-7.070700
-5.050500
-9.090900
-10.101000
-7.070700
-7.070700
-8.080800
-13.131000
-10.101000
-12.121000
-10.101000
-2.020200
2.020200
-3.030300
-3.030300
-7.070700
-13.131000
-12.121000
-6.060600
-7.070700
-14.141000
-13.131000
-10.101000
-8.080800
-7.070700
-7.070700
-12.121000
-10.101000
-13.131000
-18.181999
-17.172001
-9.090900
2.020200
10.101000
1.010100
0.000000
-7.070700
-6.060600
1.010100
2.020200
5.050500
1.010100
-7.070700
-10.101000
-16.162001
-11.111000
-4.040400
4.040400
11.111000
9.090900
11.111000
5.050500
1.010100
4.040400
9.090900
15.152000
18.181999
16.162001
15.152000
17.172001
13.131000
21.212000
25.253000
17.172001
10.101000
13.131000
4.040400
-9.090900
-6.060600
-3.030300
-2.020200
-7.070700
-7.070700
-3.030300
0.000000
5.050500
3.030300
0.000000
1.010100
5.050500
2.020200
1.010100
0.000000
-4.040400
-8.080800
-14.141000
-17.172001
-17.172001
-5.050500
-1.010100
-6.060600
-5.050500
1.010100
7.070700
-2.020200
-6.060600
-9.090900
-10.101000
-10.101000
-10.101000
-5.050500
-4.040400
-1.010100
-1.010100
0.000000
-1.010100
-5.050500
-9.090900
-5.050500
-1.010100
3.030300
7.070700
12.121000
16.162001
22.222000
19.191999
14.141000
16.162001
20.202000
22.222000
19.191999
11.111000
12.121000
5.050500
8.080800
11.111000
11.111000
12.121000
13.131000
12.121000
15.152000
19.191999
16.162001
20.202000
19.191999
19.191999
16.162001
10.101000
6.060600
8.080800
19.191999
14.141000
10.101000
11.111000
16.162001
5.050500
-3.030300
-4.040400
-1.010100
7.070700
5.050500
2.020200
-3.030300
-5.050500
-2.020200
-1.010100
5.050500
9.090900
4.040400
12.121000
9.090900
5.050500
7.070700
17.172001
20.202000
17.172001
10.101000
6.060600
3.030300
11.111000
13.131000
9.090900
12.121000
12.121000
4.040400
-8.080800
-12.121000
-7.070700
3.030300
1.010100
-3.030300
-4.040400
-5.050500
-13.131000
-16.162001
-10.101000
-9.090900
-1.010100
-3.030300
-11.111000
-15.152000
-11.111000
-6.060600
-3.030300
-3.030300
-1.010100
3.030300
6.060600
6.060600
1.010100
-3.030300
-4.040400
-1.010100
7.070700
8.080800
2.020200
1.010100
1.010100
0.000000
-4.040400
0.000000
1.010100
3.030300
5.050500
0.000000
-5.050500
-8.080800
-8.080800
0.000000
3.030300
2.020200
6.060600
4.040400
1.010100
-1.010100
14.141000
13.131000
2.020200
4.040400
4.040400
5.050500
13.131000
12.121000
9.090900
11.111000
15.152000
18.181999
16.162001
11.111000
5.050500
2.020200
-5.050500
-3.030300
-2.020200
-3.030300
-2.020200
-6.060600
-1.010100
8.080800
6.060600
7.070700
4.040400
-3.030300
5.050500
3.030300
5.050500
1.010100
-3.030300
-3.030300
-1.010100
3.030300
6.060600
6.060600
4.040400
3.030300
8.080800
5.050500
-6.060600
-7.070700
-6.060600
-8.080800
-10.101000
-10.101000
-14.141000
-10.101000
-7.070700
-4.040400
-5.050500
-12.121000
-10.101000
-6.060600
-5.050500
-1.010100
0.000000
-4.040400
-7.070700
-9.090900
-10.101000
-10.101000
-10.101000
-8.080800
-7.070700
-9.090900
-15.152000
-16.162001
-10.101000
-9.090900
-5.050500
-4.040400
-1.010100
2.020200
2.020200
-2.020200
-10.101000
-16.162001
-16.162001
-6.060600
-3.030300
-3.030300
-3.030300
1.010100
3.030300
-3.030300
-4.040400
-2.020200
-4.040400
-7.070700
-14.141000
-23.232000
-13.131000
-11.111000
-13.131000
-10.101000
-1.010100
4.040400
4.040400
6.060600
9.090900
9.090900
7.070700
0.000000
-7.070700
-12.121000
-9.090900
-9.090900
-8.080800
-6.060600
-13.131000
-12.121000
-15.152000
-17.172001
-16.162001
-16.162001
-18.181999
-18.181999
-18.181999
-20.202000
-18.181999
-21.212000
-20.202000
-16.162001
-13.131000
-15.152000
-16.162001
-18.181999
-17.172001
-9.090900
-6.060600
-3.030300
-1.010100
-4.040400
-7.070700
-7.070700
-4.040400
-10.101000
-13.131000
-10.101000
-9.090900
-1.010100
6.060600
8.080800
6.060600
8.080800
11.111000
8.080800
5.050500
3.030300
7.070700
8.080800
6.060600
2.020200
-3.030300
-9.090900
-7.070700
-4.040400
-1.010100
3.030300
3.030300
1.010100
5.050500
7.070700
6.060600
10.101000
13.131000
12.121000
9.090900
9.090900
9.090900
11.111000
3.030300
-4.040400
-4.040400
0.000000
4.040400
4.040400
0.000000
7.070700
13.131000
