-12.436000
-7.628200
-8.589700
-5.705100
-9.551300
-19.167000
-21.090000
-16.282000
-15.321000
-11.474000
-14.359000
-22.051001
-15.321000
-12.436000
-5.705100
-2.820500
-7.628200
-16.282000
-15.321000
-15.321000
-9.551300
-4.743600
-6.666700
-2.820500
-3.782100
-8.589700
-7.628200
0.064100
7.756400
0.064100
-3.782100
-2.820500
-3.782100
-5.705100
-5.705100
-5.705100
-7.628200
-16.282000
-11.474000
-9.551300
-13.397000
-11.474000
-8.589700
1.025600
8.717900
8.717900
10.641000
4.871800
-3.782100
-12.436000
-14.359000
-21.090000
-17.243999
-5.705100
-2.820500
1.987200
-0.897440
-4.743600
-9.551300
-22.051001
-21.090000
-29.743999
-30.705000
-30.705000
-34.550999
-21.090000
-13.397000
-7.628200
-4.743600
-8.589700
-12.436000
-14.359000
-15.321000
-24.936001
-27.820999
-23.974001
-14.359000
-3.782100
1.987200
0.064100
-4.743600
-6.666700
-13.397000
-14.359000
-10.513000
-6.666700
-7.628200
-12.436000
-13.397000
-10.513000
-8.589700
-9.551300
-11.474000
-10.513000
-2.820500
12.564000
19.295000
10.641000
4.871800
-5.705100
-14.359000
-11.474000
-3.782100
-2.820500
1.025600
6.794900
10.641000
11.603000
10.641000
3.910300
-4.743600
-12.436000
-17.243999
-22.051001
-9.551300
1.025600
-0.897440
3.910300
9.679500
16.410000
17.372000
5.833300
6.794900
2.948700
1.987200
1.987200
5.833300
11.603000
15.449000
21.218000
20.256001
27.948999
29.872000
20.256001
9.679500
-0.897440
-14.359000
-16.282000
-3.782100
1.025600
1.987200
8.717900
15.449000
18.333000
9.679500
9.679500
18.333000
18.333000
8.717900
2.948700
6.794900
10.641000
14.487000
16.410000
22.179001
35.640999
36.603001
32.756001
27.948999
15.449000
4.871800
-0.897440
0.064100
6.794900
5.833300
1.025600
0.064100
10.641000
11.603000
13.526000
21.218000
23.141001
15.449000
2.948700
-2.820500
-10.513000
-7.628200
-1.859000
4.871800
2.948700
7.756400
9.679500
15.449000
23.141001
17.372000
0.064100
-0.897440
-6.666700
-12.436000
-15.321000
-14.359000
0.064100
5.833300
6.794900
13.526000
12.564000
8.717900
8.717900
5.833300
-11.474000
-10.513000
-2.820500
-9.551300
-8.589700
-4.743600
5.833300
13.526000
18.333000
22.179001
18.333000
9.679500
9.679500
-2.820500
-18.205000
-23.013000
-18.205000
-14.359000
-3.782100
-1.859000
-1.859000
-2.820500
-1.859000
-2.820500
-5.705100
-8.589700
-6.666700
-2.820500
-4.743600
-5.705100
-8.589700
-17.243999
-26.858999
-16.282000
-5.705100
2.948700
6.794900
16.410000
19.295000
13.526000
13.526000
14.487000
10.641000
10.641000
13.526000
15.449000
10.641000
8.717900
13.526000
10.641000
2.948700
5.833300
15.449000
19.295000
12.564000
5.833300
4.871800
4.871800
1.025600
5.833300
15.449000
22.179001
28.910000
30.833000
30.833000
31.795000
25.063999
8.717900
-0.897440
-18.205000
-20.128000
0.064100
9.679500
6.794900
16.410000
25.063999
31.795000
29.872000
21.218000
17.372000
11.603000
2.948700
-9.551300
-15.321000
-13.397000
-8.589700
-4.743600
2.948700
-0.897440
2.948700
11.603000
17.372000
8.717900
5.833300
8.717900
3.910300
8.717900
13.526000
6.794900
1.987200
1.987200
4.871800
7.756400
17.372000
22.179001
17.372000
9.679500
-1.859000
-4.743600
-15.321000
-11.474000
-0.897440
-0.897440
7.756400
13.526000
13.526000
8.717900
2.948700
2.948700
-6.666700
-10.513000
-12.436000
-14.359000
-5.705100
12.564000
15.449000
10.641000
6.794900
3.910300
7.756400
3.910300
-2.820500
0.064100
1.025600
-4.743600
-8.589700
-4.743600
-3.782100
4.871800
8.717900
5.833300
3.910300
0.064100
-0.897440
-2.820500
-1.859000
-3.782100
-8.589700
-8.589700
-2.820500
1.025600
1.987200
8.717900
11.603000
13.526000
17.372000
24.103001
26.987000
13.526000
0.064100
-3.782100
4.871800
14.487000
22.179001
29.872000
33.717999
34.679001
31.795000
21.218000
11.603000
2.948700
-3.782100
-14.359000
-8.589700
5.833300
15.449000
21.218000
21.218000
20.256001
20.256001
14.487000
10.641000
10.641000
5.833300
-2.820500
-15.321000
-15.321000
-5.705100
6.794900
10.641000
11.603000
8.717900
13.526000
1.025600
-6.666700
-11.474000
-13.397000
-8.589700
-9.551300
-5.705100
-3.782100
-11.474000
-5.705100
5.833300
12.564000
21.218000
16.410000
8.717900
-0.897440
-8.589700
-5.705100
-7.628200
-8.589700
-3.782100
-0.897440
-0.897440
-5.705100
-13.397000
-13.397000
-9.551300
-6.666700
-4.743600
-6.666700
-15.321000
-17.243999
-17.243999
-4.743600
8.717900
18.333000
27.948999
20.256001
4.871800
-5.705100
-14.359000
-23.013000
-24.936001
-19.167000
-7.628200
4.871800
14.487000
24.103001
23.141001
15.449000
10.641000
5.833300
-2.820500
-4.743600
-13.397000
-28.782000
-29.743999
-27.820999
-15.321000
-3.782100
4.871800
13.526000
21.218000
18.333000
6.794900
-2.820500
-9.551300
-9.551300
-6.666700
-6.666700
-5.705100
-1.859000
6.794900
19.295000
26.025999
25.063999
22.179001
8.717900
-2.820500
-4.743600
-14.359000
-18.205000
-5.705100
0.064100
6.794900
9.679500
13.526000
25.063999
27.948999
19.295000
8.717900
3.910300
2.948700
7.756400
2.948700
-5.705100
-0.897440
-1.859000
10.641000
16.410000
8.717900
4.871800
8.717900
8.717900
7.756400
-4.743600
-11.474000
-12.436000
-21.090000
-10.513000
5.833300
15.449000
20.256001
20.256001
19.295000
4.871800
-9.551300
-23.974001
-35.513000
-37.436001
-34.550999
-14.359000
-0.897440
7.756400
15.449000
15.449000
13.526000
7.756400
-4.743600
-9.551300
-21.090000
-25.896999
-25.896999
-30.705000
-23.974001
-8.589700
0.064100
7.756400
2.948700
-3.782100
-5.705100
-11.474000
-17.243999
-20.128000
-21.090000
-22.051001
-22.051001
-16.282000
-9.551300
0.064100
8.717900
9.679500
2.948700
-4.743600
-12.436000
-12.436000
-15.321000
-18.205000
-11.474000
-7.628200
-8.589700
-5.705100
-0.897440
0.064100
3.910300
-0.897440
-3.782100
-10.513000
-19.167000
-17.243999
-12.436000
-12.436000
-1.859000
3.910300
1.987200
2.948700
1.025600
-1.859000
0.064100
2.948700
3.910300
2.948700
-2.820500
1.025600
4.871800
6.794900
6.794900
-2.820500
-13.397000
-13.397000
-17.243999
-22.051001
-12.436000
-3.782100
-2.820500
4.871800
5.833300
-1.859000
-3.782100
-12.436000
-25.896999
-34.550999
-29.743999
-18.205000
-8.589700
4.871800
11.603000
18.333000
21.218000
12.564000
1.987200
-17.243999
-26.858999
-32.627998
-33.590000
-29.743999
-17.243999
1.987200
25.063999
38.526001
33.717999
29.872000
26.987000
13.526000
-8.589700
-28.782000
-42.243999
-37.436001
-22.051001
-1.859000
21.218000
24.103001
18.333000
8.717900
-1.859000
-3.782100
-9.551300
-16.282000
-12.436000
-16.282000
-20.128000
-14.359000
-0.897440
14.487000
19.295000
20.256001
23.141001
23.141001
12.564000
1.025600
-7.628200
-4.743600
-1.859000
0.064100
1.025600
0.064100
9.679500
23.141001
25.063999
25.063999
8.717900
-3.782100
-7.628200
-5.705100
2.948700
2.948700
1.025600
7.756400
10.641000
17.372000
12.564000
8.717900
2.948700
-5.705100
1.987200
2.948700
2.948700
12.564000
19.295000
19.295000
16.410000
10.641000
14.487000
13.526000
1.987200
5.833300
5.833300
1.987200
-4.743600
-2.820500
-7.628200
-12.436000
1.987200
7.756400
11.603000
9.679500
5.833300
1.987200
-5.705100
-5.705100
-0.897440
1.025600
-4.743600
-3.782100
-6.666700
-1.859000
1.025600
-0.897440
-1.859000
-1.859000
1.987200
-7.628200
-8.589700
-6.666700
-9.551300
-9.551300
-3.782100
1.025600
1.987200
5.833300
6.794900
1.987200
1.025600
-0.897440
0.064100
-2.820500
-6.666700
-9.551300
-5.705100
0.064100
8.717900
13.526000
17.372000
16.410000
7.756400
-4.743600
-10.513000
-3.782100
4.871800
9.679500
15.449000
19.295000
15.449000
5.833300
-3.782100
-11.474000
0.064100
-2.820500
2.948700
5.833300
3.910300
1.987200
1.987200
0.064100
8.717900
11.603000
-3.782100
-8.589700
-9.551300
-6.666700
-3.782100
2.948700
4.871800
5.833300
4.871800
-7.628200
-7.628200
1.025600
15.449000
5.833300
-2.820500
-5.705100
-4.743600
1.987200
2.948700
6.794900
1.987200
1.025600
3.910300
0.064100
0.064100
-7.628200
-16.282000
-6.666700
-9.551300
-10.513000
1.987200
18.333000
17.372000
12.564000
5.833300
1.025600
-4.743600
3.910300
2.948700
-9.551300
-11.474000
-8.589700
-10.513000
-14.359000
-14.359000
-7.628200
-0.897440
0.064100
2.948700
6.794900
3.910300
-4.743600
-10.513000
-9.551300
-12.436000
-7.628200
-0.897440
1.025600
5.833300
14.487000
17.372000
13.526000
4.871800
-1.859000
-2.820500
-3.782100
-4.743600
-7.628200
-3.782100
0.064100
7.756400
17.372000
8.717900
-3.782100
-3.782100
-3.782100
-3.782100
2.948700
11.603000
7.756400
2.948700
0.064100
-3.782100
-6.666700
-7.628200
-6.666700
2.948700
3.910300
-1.859000
2.948700
-0.897440
-8.589700
-5.705100
10.641000
11.603000
3.910300
8.717900
3.910300
1.025600
7.756400
5.833300
2.948700
5.833300
11.603000
14.487000
13.526000
1.987200
-4.743600
-2.820500
-10.513000
-5.705100
-5.705100
-9.551300
-0.897440
1.987200
7.756400
10.641000
-0.897440
-6.666700
-16.282000
-23.974001
-15.321000
-16.282000
-8.589700
1.025600
1.025600
5.833300
11.603000
10.641000
7.756400
-1.859000
-8.589700
-10.513000
-5.705100
-11.474000
-17.243999
-10.513000
-4.743600
-8.589700
-14.359000
-11.474000
-6.666700
3.910300
11.603000
13.526000
11.603000
-1.859000
-14.359000
-11.474000
-0.897440
3.910300
5.833300
7.756400
7.756400
5.833300
0.064100
-2.820500
-4.743600
0.064100
1.987200
1.025600
-4.743600
-3.782100
1.987200
5.833300
11.603000
7.756400
-4.743600
-9.551300
-5.705100
-4.743600
-1.859000
-2.820500
-2.820500
-2.820500
-9.551300
-9.551300
-9.551300
-3.782100
5.833300
6.794900
9.679500
5.833300
0.064100
2.948700
1.987200
-5.705100
4.871800
4.871800
-4.743600
-6.666700
6.794900
7.756400
1.025600
0.064100
2.948700
-3.782100
-11.474000
-19.167000
-21.090000
-18.205000
-0.897440
0.064100
-3.782100
-4.743600
-12.436000
-13.397000
-14.359000
-16.282000
-19.167000
-25.896999
-32.627998
-26.858999
-16.282000
-5.705100
6.794900
-0.897440
-10.513000
-18.205000
-25.896999
-32.627998
-30.705000
-23.013000
-18.205000
-7.628200
-5.705100
-15.321000
-15.321000
-10.513000
-4.743600
1.987200
5.833300
-0.897440
0.064100
0.064100
-6.666700
-7.628200
-3.782100
1.987200
3.910300
7.756400
10.641000
7.756400
1.987200
3.910300
5.833300
-3.782100
-13.397000
-11.474000
-4.743600
-2.820500
-0.897440
0.064100
3.910300
6.794900
0.064100
-3.782100
0.064100
4.871800
2.948700
5.833300
6.794900
6.794900
6.794900
7.756400
4.871800
-0.897440
-6.666700
-6.666700
-1.859000
-1.859000
0.064100
6.794900
3.910300
8.717900
8.717900
