-14.070000
-10.050000
-13.065000
-12.060000
-13.065000
-23.115999
-25.125999
-19.094999
-20.101000
-17.084999
-22.111000
-26.131001
-17.084999
-16.080000
-13.065000
-9.045200
-15.075000
-23.115999
-21.106001
-22.111000
-17.084999
-12.060000
-10.050000
-7.035200
-5.025100
-10.050000
-7.035200
1.005000
8.040200
2.010100
-2.010100
0.000000
0.000000
-7.035200
-12.060000
-15.075000
-15.075000
-24.121000
-20.101000
-17.084999
-18.090000
-16.080000
-13.065000
-5.025100
2.010100
1.005000
5.025100
2.010100
-6.030200
-16.080000
-15.075000
-17.084999
-14.070000
-6.030200
-4.020100
-4.020100
-10.050000
-11.055000
-13.065000
-25.125999
-19.094999
-26.131001
-26.131001
-30.150999
-39.195999
-26.131001
-18.090000
-13.065000
-8.040200
-10.050000
-7.035200
-3.015100
-1.005000
-6.030200
-12.060000
-13.065000
-6.030200
-1.005000
-1.005000
-5.025100
-6.030200
-4.020100
-7.035200
-7.035200
-5.025100
-6.030200
-9.045200
-13.065000
-11.055000
-6.030200
-1.005000
-5.025100
-10.050000
-13.065000
-9.045200
3.015100
5.025100
0.000000
1.005000
-6.030200
-13.065000
-9.045200
-5.025100
-1.005000
2.010100
-5.025100
-13.065000
-13.065000
-5.025100
-4.020100
-5.025100
-8.040200
-8.040200
-13.065000
-9.045200
-1.005000
-2.010100
-3.015100
0.000000
4.020100
10.050000
7.035200
8.040200
0.000000
-2.010100
2.010100
11.055000
20.101000
19.094999
20.101000
14.070000
18.090000
21.106001
14.070000
9.045200
7.035200
-3.015100
-4.020100
6.030200
7.035200
7.035200
7.035200
6.030200
8.040200
8.040200
11.055000
18.090000
18.090000
12.060000
7.035200
12.060000
18.090000
21.106001
16.080000
11.055000
16.080000
13.065000
15.075000
20.101000
18.090000
19.094999
18.090000
16.080000
17.084999
10.050000
6.030200
4.020100
11.055000
10.050000
10.050000
14.070000
14.070000
5.025100
0.000000
1.005000
-5.025100
2.010100
9.045200
12.060000
7.035200
5.025100
-1.005000
4.020100
10.050000
9.045200
-2.010100
-1.005000
3.015100
6.030200
4.020100
5.025100
16.080000
20.101000
19.094999
19.094999
9.045200
3.015100
0.000000
-2.010100
-7.035200
-2.010100
7.035200
3.015100
9.045200
14.070000
23.115999
21.106001
20.101000
20.101000
16.080000
6.030200
2.010100
-4.020100
-11.055000
-15.075000
-13.065000
-10.050000
-1.005000
4.020100
5.025100
6.030200
2.010100
-3.015100
-6.030200
-11.055000
-8.040200
-7.035200
-11.055000
-9.045200
-10.050000
-20.101000
-26.131001
-21.106001
-18.090000
-12.060000
-12.060000
-8.040200
2.010100
4.020100
5.025100
10.050000
9.045200
13.065000
23.115999
25.125999
18.090000
10.050000
3.015100
-4.020100
-9.045200
-1.005000
14.070000
21.106001
14.070000
5.025100
0.000000
0.000000
-1.005000
4.020100
17.084999
26.131001
26.131001
22.111000
22.111000
23.115999
22.111000
13.065000
10.050000
-10.050000
-19.094999
0.000000
10.050000
12.060000
20.101000
22.111000
25.125999
22.111000
12.060000
10.050000
8.040200
3.015100
-4.020100
-8.040200
-9.045200
-7.035200
-4.020100
-1.005000
-2.010100
1.005000
6.030200
9.045200
3.015100
3.015100
7.035200
5.025100
11.055000
18.090000
14.070000
9.045200
7.035200
8.040200
11.055000
13.065000
12.060000
9.045200
6.030200
3.015100
4.020100
-5.025100
-3.015100
0.000000
-8.040200
0.000000
5.025100
3.015100
-2.010100
-6.030200
-3.015100
-6.030200
-1.005000
2.010100
-1.005000
-3.015100
6.030200
4.020100
9.045200
10.050000
5.025100
4.020100
-3.015100
-6.030200
-1.005000
2.010100
-5.025100
-8.040200
1.005000
4.020100
11.055000
13.065000
9.045200
5.025100
-1.005000
-2.010100
-4.020100
-3.015100
-8.040200
-13.065000
-11.055000
1.005000
9.045200
11.055000
16.080000
16.080000
11.055000
10.050000
19.094999
23.115999
10.050000
4.020100
11.055000
19.094999
25.125999
26.131001
25.125999
27.136000
26.131001
25.125999
14.070000
2.010100
0.000000
9.045200
7.035200
13.065000
17.084999
16.080000
11.055000
6.030200
12.060000
22.111000
24.121000
22.111000
20.101000
15.075000
5.025100
-6.030200
-4.020100
2.010100
12.060000
13.065000
10.050000
3.015100
2.010100
-11.055000
-11.055000
-7.035200
-1.005000
4.020100
1.005000
1.005000
-2.010100
-13.065000
-9.045200
0.000000
6.030200
19.094999
12.060000
-3.015100
-13.065000
-19.094999
-18.090000
-15.075000
-5.025100
7.035200
10.050000
7.035200
-2.010100
-16.080000
-21.106001
-21.106001
-15.075000
-9.045200
-8.040200
-18.090000
-18.090000
-12.060000
2.010100
14.070000
20.101000
21.106001
7.035200
-11.055000
-23.115999
-31.156000
-35.175999
-31.156000
-21.106001
-10.050000
3.015100
18.090000
31.156000
32.160999
20.101000
11.055000
5.025100
-6.030200
-8.040200
-15.075000
-29.146000
-32.160999
-35.175999
-28.141001
-11.055000
3.015100
20.101000
27.136000
18.090000
2.010100
-11.055000
-15.075000
-10.050000
-2.010100
-1.005000
1.005000
0.000000
5.025100
17.084999
22.111000
20.101000
18.090000
8.040200
2.010100
-1.005000
-12.060000
-17.084999
-7.035200
-6.030200
5.025100
15.075000
22.111000
31.156000
33.166000
21.106001
8.040200
2.010100
-4.020100
-2.010100
-4.020100
-6.030200
2.010100
2.010100
14.070000
19.094999
12.060000
6.030200
12.060000
15.075000
11.055000
-4.020100
-7.035200
-8.040200
-14.070000
-4.020100
9.045200
15.075000
16.080000
14.070000
13.065000
0.000000
-12.060000
-20.101000
-27.136000
-24.121000
-20.101000
-1.005000
6.030200
7.035200
7.035200
7.035200
6.030200
1.005000
-11.055000
-12.060000
-15.075000
-16.080000
-16.080000
-16.080000
-11.055000
-5.025100
-4.020100
0.000000
-9.045200
-15.075000
-10.050000
-13.065000
-18.090000
-26.131001
-27.136000
-20.101000
-15.075000
-5.025100
-3.015100
-1.005000
-3.015100
-13.065000
-23.115999
-27.136000
-23.115999
-12.060000
-5.025100
-8.040200
-6.030200
-4.020100
-8.040200
-8.040200
-6.030200
-9.045200
-3.015100
-7.035200
-14.070000
-26.131001
-29.146000
-21.106001
-13.065000
-6.030200
5.025100
9.045200
3.015100
-4.020100
-12.060000
-13.065000
-6.030200
3.015100
11.055000
15.075000
9.045200
10.050000
12.060000
11.055000
5.025100
-10.050000
-25.125999
-22.111000
-19.094999
-21.106001
-10.050000
-5.025100
-10.050000
-4.020100
0.000000
-3.015100
2.010100
-1.005000
-12.060000
-22.111000
-22.111000
-19.094999
-8.040200
11.055000
22.111000
30.150999
29.146000
11.055000
-8.040200
-31.156000
-36.181000
-28.141001
-17.084999
-6.030200
6.030200
16.080000
29.146000
36.181000
29.146000
26.131001
20.101000
7.035200
-8.040200
-21.106001
-29.146000
-23.115999
-9.045200
2.010100
18.090000
19.094999
12.060000
3.015100
-10.050000
-13.065000
-14.070000
-16.080000
-5.025100
-6.030200
-8.040200
-3.015100
4.020100
9.045200
1.005000
-2.010100
-1.005000
7.035200
8.040200
12.060000
11.055000
14.070000
11.055000
8.040200
5.025100
6.030200
16.080000
27.136000
18.090000
9.045200
-5.025100
-7.035200
-3.015100
6.030200
17.084999
14.070000
6.030200
5.025100
2.010100
4.020100
3.015100
5.025100
4.020100
0.000000
6.030200
4.020100
5.025100
16.080000
24.121000
25.125999
22.111000
13.065000
11.055000
11.055000
-1.005000
6.030200
10.050000
8.040200
5.025100
10.050000
5.025100
-3.015100
11.055000
13.065000
9.045200
2.010100
0.000000
0.000000
-1.005000
2.010100
6.030200
7.035200
6.030200
6.030200
1.005000
3.015100
3.015100
0.000000
0.000000
-5.025100
-7.035200
-13.065000
-9.045200
-1.005000
1.005000
1.005000
6.030200
9.045200
5.025100
3.015100
-1.005000
-5.025100
-3.015100
-3.015100
-1.005000
0.000000
3.015100
0.000000
1.005000
3.015100
5.025100
5.025100
7.035200
6.030200
1.005000
-2.010100
1.005000
8.040200
14.070000
15.075000
17.084999
18.090000
17.084999
11.055000
4.020100
-7.035200
-1.005000
-3.015100
3.015100
9.045200
10.050000
7.035200
4.020100
1.005000
10.050000
12.060000
1.005000
-2.010100
-2.010100
0.000000
6.030200
9.045200
4.020100
2.010100
6.030200
-3.015100
-1.005000
8.040200
23.115999
11.055000
1.005000
-3.015100
0.000000
11.055000
10.050000
9.045200
-4.020100
-9.045200
-4.020100
-2.010100
2.010100
1.005000
-8.040200
-3.015100
-12.060000
-14.070000
-1.005000
15.075000
17.084999
17.084999
10.050000
2.010100
-7.035200
2.010100
5.025100
-8.040200
-14.070000
-14.070000
-18.090000
-21.106001
-21.106001
-12.060000
-1.005000
0.000000
0.000000
1.005000
-4.020100
-12.060000
-14.070000
-4.020100
-4.020100
-1.005000
-1.005000
-4.020100
-2.010100
5.025100
8.040200
7.035200
2.010100
-2.010100
0.000000
2.010100
3.015100
0.000000
0.000000
-3.015100
4.020100
11.055000
2.010100
-10.050000
-8.040200
-4.020100
0.000000
5.025100
13.065000
7.035200
3.015100
1.005000
-1.005000
-7.035200
-10.050000
-11.055000
-6.030200
-5.025100
-6.030200
-3.015100
-2.010100
-4.020100
-1.005000
16.080000
10.050000
-1.005000
5.025100
3.015100
1.005000
6.030200
2.010100
-2.010100
0.000000
8.040200
11.055000
7.035200
-5.025100
-12.060000
-10.050000
-16.080000
-7.035200
0.000000
-2.010100
1.005000
-2.010100
1.005000
4.020100
-5.025100
-10.050000
-19.094999
-24.121000
-10.050000
-8.040200
-2.010100
-1.005000
-4.020100
-1.005000
5.025100
7.035200
4.020100
0.000000
-5.025100
-12.060000
-9.045200
-15.075000
-20.101000
-9.045200
-1.005000
-4.020100
-12.060000
-12.060000
-9.045200
-1.005000
8.040200
13.065000
7.035200
-8.040200
-14.070000
-9.045200
-2.010100
3.015100
6.030200
7.035200
4.020100
2.010100
-3.015100
-4.020100
-3.015100
5.025100
6.030200
1.005000
-10.050000
-6.030200
0.000000
4.020100
11.055000
8.040200
-2.010100
-5.025100
-3.015100
-3.015100
-2.010100
-5.025100
-5.025100
-4.020100
-8.040200
-7.035200
-8.040200
-3.015100
6.030200
8.040200
10.050000
7.035200
2.010100
5.025100
2.010100
-4.020100
10.050000
7.035200
-4.020100
-6.030200
3.015100
3.015100
2.010100
7.035200
13.065000
11.055000
-1.005000
-12.060000
-14.070000
-13.065000
1.005000
1.005000
-1.005000
-1.005000
-10.050000
-12.060000
-18.090000
-17.084999
-12.060000
-14.070000
-18.090000
-19.094999
-17.084999
-13.065000
-2.010100
-5.025100
-11.055000
-18.090000
-24.121000
-28.141001
-28.141001
-27.136000
-23.115999
-9.045200
-5.025100
-9.045200
-5.025100
-2.010100
-6.030200
-6.030200
-3.015100
-9.045200
-6.030200
-5.025100
-10.050000
-9.045200
-5.025100
1.005000
4.020100
7.035200
6.030200
1.005000
-1.005000
6.030200
12.060000
4.020100
-4.020100
-4.020100
-4.020100
-8.040200
-8.040200
-3.015100
3.015100
7.035200
3.015100
1.005000
7.035200
14.070000
12.060000
13.065000
12.060000
10.050000
8.040200
14.070000
15.075000
11.055000
6.030200
0.000000
0.000000
0.000000
-1.005000
4.020100
3.015100
8.040200
8.040200
