-2.893100
-3.836500
-1.006300
2.767300
7.484300
12.201000
10.314000
10.314000
7.484300
2.767300
-7.610100
-11.384000
-10.440000
-7.610100
-1.949700
0.880500
-1.949700
-0.062890
4.654100
4.654100
5.597500
8.427700
8.427700
2.767300
-1.006300
1.823900
2.767300
-1.006300
5.597500
8.427700
9.371100
5.597500
3.710700
-0.062890
2.767300
3.710700
-1.949700
-1.949700
-4.779900
-2.893100
4.654100
4.654100
-1.006300
0.880500
-1.949700
-6.666700
-14.214000
-12.327000
-8.553500
-5.723300
-0.062890
-1.006300
0.880500
5.597500
8.427700
10.314000
10.314000
12.201000
14.088000
12.201000
9.371100
0.880500
3.710700
-3.836500
-5.723300
0.880500
-1.949700
-1.006300
-2.893100
-4.779900
-1.949700
2.767300
8.427700
5.597500
1.823900
-3.836500
-11.384000
-11.384000
-13.270000
-13.270000
-9.496900
-1.006300
5.597500
-0.062890
-1.006300
-1.006300
-0.062890
-1.949700
-3.836500
-8.553500
-10.440000
-9.496900
-7.610100
-3.836500
-0.062890
-1.006300
-4.779900
-8.553500
-6.666700
-7.610100
-2.893100
-2.893100
-2.893100
2.767300
1.823900
-0.062890
-1.006300
-1.006300
-3.836500
-0.062890
0.880500
3.710700
2.767300
2.767300
7.484300
5.597500
10.314000
7.484300
0.880500
-2.893100
-5.723300
-4.779900
4.654100
3.710700
8.427700
11.258000
13.145000
11.258000
2.767300
-2.893100
-3.836500
-6.666700
-9.496900
-6.666700
0.880500
5.597500
6.540900
5.597500
0.880500
2.767300
-1.006300
-3.836500
-4.779900
-2.893100
-1.949700
0.880500
-0.062890
4.654100
6.540900
7.484300
7.484300
10.314000
12.201000
7.484300
2.767300
-0.062890
-6.666700
-7.610100
-7.610100
-10.440000
-1.949700
1.823900
4.654100
5.597500
7.484300
10.314000
13.145000
3.710700
-3.836500
-6.666700
-3.836500
2.767300
2.767300
4.654100
6.540900
9.371100
5.597500
-2.893100
-6.666700
-6.666700
-6.666700
-4.779900
-4.779900
-2.893100
-0.062890
-1.006300
1.823900
-1.949700
-3.836500
-3.836500
-2.893100
-7.610100
-5.723300
-6.666700
-7.610100
-5.723300
-8.553500
-10.440000
-12.327000
-11.384000
-14.214000
-10.440000
-1.949700
4.654100
4.654100
0.880500
0.880500
3.710700
3.710700
1.823900
0.880500
3.710700
6.540900
4.654100
0.880500
-3.836500
-1.949700
-1.949700
-1.949700
-0.062890
4.654100
5.597500
7.484300
0.880500
-1.949700
-3.836500
-1.949700
-4.779900
-1.949700
1.823900
-0.062890
0.880500
6.540900
10.314000
12.201000
14.088000
13.145000
9.371100
8.427700
5.597500
4.654100
-0.062890
-1.949700
-0.062890
-0.062890
-1.006300
-1.006300
-4.779900
-3.836500
-4.779900
-3.836500
-1.949700
6.540900
8.427700
8.427700
4.654100
3.710700
4.654100
5.597500
2.767300
0.880500
-1.006300
-3.836500
-5.723300
-8.553500
-11.384000
-9.496900
-7.610100
-5.723300
0.880500
3.710700
9.371100
12.201000
13.145000
6.540900
1.823900
2.767300
-0.062890
-0.062890
-2.893100
-1.949700
-1.006300
-7.610100
-6.666700
0.880500
-6.666700
-5.723300
-2.893100
-3.836500
-3.836500
-4.779900
1.823900
6.540900
8.427700
9.371100
4.654100
1.823900
-1.006300
-6.666700
-4.779900
-5.723300
-7.610100
-4.779900
-5.723300
-1.006300
1.823900
3.710700
4.654100
-1.006300
-6.666700
-10.440000
-8.553500
-0.062890
2.767300
5.597500
3.710700
6.540900
8.427700
5.597500
3.710700
-1.949700
-11.384000
-17.044001
-11.384000
0.880500
4.654100
7.484300
9.371100
9.371100
10.314000
1.823900
-3.836500
-7.610100
-9.496900
-10.440000
-2.893100
2.767300
1.823900
7.484300
11.258000
9.371100
2.767300
-3.836500
-3.836500
-8.553500
-11.384000
-2.893100
5.597500
9.371100
8.427700
12.201000
7.484300
8.427700
6.540900
0.880500
0.880500
2.767300
-1.949700
-10.440000
-9.496900
-10.440000
-7.610100
-5.723300
-0.062890
-0.062890
0.880500
-0.062890
-1.949700
1.823900
4.654100
2.767300
3.710700
7.484300
9.371100
15.031000
14.088000
14.088000
8.427700
4.654100
-0.062890
1.823900
1.823900
-0.062890
-6.666700
1.823900
-2.893100
-5.723300
0.880500
2.767300
-0.062890
-4.779900
-2.893100
-1.006300
-0.062890
-10.440000
-9.496900
-1.006300
2.767300
3.710700
7.484300
5.597500
5.597500
10.314000
6.540900
-1.949700
-3.836500
-4.779900
-11.384000
-10.440000
-9.496900
-5.723300
-1.006300
2.767300
3.710700
9.371100
9.371100
14.088000
8.427700
-0.062890
-1.006300
-6.666700
-12.327000
-12.327000
-7.610100
-1.949700
-1.006300
0.880500
2.767300
-2.893100
-6.666700
-9.496900
-8.553500
-10.440000
-8.553500
-1.006300
5.597500
6.540900
6.540900
10.314000
15.975000
14.088000
5.597500
-3.836500
-9.496900
-5.723300
-6.666700
-5.723300
-9.496900
-6.666700
-5.723300
-2.893100
-1.949700
1.823900
3.710700
-1.006300
-6.666700
-9.496900
-5.723300
-1.006300
3.710700
5.597500
3.710700
7.484300
8.427700
7.484300
5.597500
-1.006300
-6.666700
-11.384000
-11.384000
-8.553500
-5.723300
4.654100
-0.062890
-1.006300
4.654100
15.031000
16.917999
15.975000
9.371100
0.880500
-5.723300
-4.779900
-7.610100
-3.836500
0.880500
1.823900
1.823900
1.823900
4.654100
6.540900
14.088000
11.258000
7.484300
-1.006300
-2.893100
-3.836500
-1.949700
0.880500
3.710700
5.597500
10.314000
6.540900
0.880500
3.710700
1.823900
2.767300
-1.949700
-2.893100
-3.836500
-5.723300
-3.836500
-1.949700
0.880500
3.710700
5.597500
7.484300
12.201000
9.371100
0.880500
-1.949700
-6.666700
-13.270000
-14.214000
-12.327000
-5.723300
-2.893100
6.540900
6.540900
2.767300
2.767300
-2.893100
-3.836500
-5.723300
-5.723300
-8.553500
-5.723300
-2.893100
2.767300
4.654100
8.427700
13.145000
11.258000
4.654100
3.710700
0.880500
-9.496900
-14.214000
-13.270000
-7.610100
-5.723300
0.880500
1.823900
5.597500
10.314000
9.371100
6.540900
7.484300
4.654100
0.880500
-4.779900
-1.006300
-0.062890
-5.723300
-5.723300
-4.779900
-1.006300
2.767300
8.427700
4.654100
0.880500
-4.779900
-5.723300
-4.779900
-3.836500
-1.949700
-2.893100
-1.006300
2.767300
3.710700
3.710700
6.540900
7.484300
-0.062890
-2.893100
-5.723300
-10.440000
-3.836500
-0.062890
5.597500
4.654100
2.767300
4.654100
4.654100
2.767300
-1.006300
-2.893100
-7.610100
-1.006300
3.710700
-2.893100
-2.893100
2.767300
1.823900
3.710700
1.823900
5.597500
8.427700
8.427700
6.540900
6.540900
-0.062890
-5.723300
-3.836500
-2.893100
0.880500
6.540900
13.145000
14.088000
11.258000
1.823900
-1.949700
-4.779900
-6.666700
-14.214000
-16.101000
-11.384000
-10.440000
-4.779900
-1.006300
1.823900
-1.006300
2.767300
4.654100
5.597500
2.767300
2.767300
-0.062890
2.767300
-1.006300
-3.836500
-5.723300
-4.779900
-5.723300
-5.723300
-5.723300
-4.779900
-5.723300
-8.553500
-3.836500
-0.062890
-2.893100
2.767300
9.371100
10.314000
9.371100
5.597500
7.484300
4.654100
-1.006300
-7.610100
-7.610100
-1.949700
0.880500
4.654100
5.597500
6.540900
4.654100
7.484300
6.540900
0.880500
-1.006300
-1.006300
-5.723300
-5.723300
-5.723300
-6.666700
-2.893100
-1.006300
1.823900
0.880500
-1.006300
-2.893100
-0.062890
-1.949700
-1.006300
-3.836500
-2.893100
0.880500
-1.949700
-2.893100
-1.949700
-5.723300
-5.723300
-3.836500
-5.723300
-1.949700
2.767300
12.201000
7.484300
4.654100
8.427700
12.201000
13.145000
15.975000
12.201000
9.371100
2.767300
-1.949700
-5.723300
-6.666700
-7.610100
-6.666700
-2.893100
-3.836500
-1.006300
3.710700
-2.893100
-2.893100
2.767300
1.823900
6.540900
8.427700
11.258000
13.145000
19.747999
17.862000
14.088000
16.917999
15.031000
13.145000
13.145000
16.917999
8.427700
7.484300
3.710700
0.880500
-1.006300
-4.779900
-9.496900
-10.440000
-13.270000
-20.818001
-14.214000
-9.496900
-4.779900
-1.949700
0.880500
3.710700
0.880500
-0.062890
-3.836500
-6.666700
-2.893100
-3.836500
-2.893100
-6.666700
-12.327000
-13.270000
-11.384000
-5.723300
-11.384000
-14.214000
-11.384000
-6.666700
-8.553500
-11.384000
-11.384000
-6.666700
-5.723300
-7.610100
-9.496900
-6.666700
-2.893100
-6.666700
-5.723300
0.880500
0.880500
-3.836500
-1.949700
-4.779900
-6.666700
-4.779900
-0.062890
-0.062890
-0.062890
3.710700
5.597500
2.767300
2.767300
2.767300
-1.949700
0.880500
0.880500
5.597500
1.823900
0.880500
-0.062890
-1.949700
-0.062890
-2.893100
-6.666700
-1.006300
-5.723300
-6.666700
-1.949700
-1.949700
2.767300
-1.949700
-0.062890
5.597500
6.540900
2.767300
-0.062890
1.823900
6.540900
3.710700
5.597500
4.654100
-2.893100
-1.949700
3.710700
7.484300
4.654100
0.880500
-3.836500
0.880500
0.880500
4.654100
4.654100
5.597500
4.654100
5.597500
7.484300
3.710700
4.654100
7.484300
1.823900
-0.062890
1.823900
2.767300
6.540900
2.767300
0.880500
2.767300
1.823900
4.654100
9.371100
12.201000
15.975000
15.975000
10.314000
-1.006300
-6.666700
-4.779900
-5.723300
-6.666700
-5.723300
-4.779900
-8.553500
-5.723300
-2.893100
5.597500
11.258000
10.314000
7.484300
6.540900
3.710700
4.654100
-1.949700
-7.610100
-9.496900
-8.553500
-9.496900
-6.666700
-1.949700
-0.062890
2.767300
3.710700
3.710700
1.823900
3.710700
3.710700
1.823900
4.654100
8.427700
4.654100
0.880500
-3.836500
-7.610100
-7.610100
-11.384000
-4.779900
-6.666700
-1.006300
-0.062890
-0.062890
-0.062890
-4.779900
-5.723300
-1.949700
-1.006300
-3.836500
1.823900
7.484300
7.484300
1.823900
-3.836500
-4.779900
-4.779900
-8.553500
-4.779900
-3.836500
0.880500
0.880500
1.823900
4.654100
-0.062890
3.710700
8.427700
10.314000
10.314000
5.597500
2.767300
6.540900
8.427700
4.654100
1.823900
5.597500
4.654100
1.823900
-1.006300
6.540900
11.258000
8.427700
8.427700
3.710700
7.484300
10.314000
4.654100
-2.893100
-1.949700
-5.723300
-7.610100
-7.610100
-1.949700
-0.062890
-1.949700
-1.006300
-1.006300
2.767300
5.597500
7.484300
2.767300
-4.779900
-6.666700
-9.496900
-13.270000
-15.157000
-10.440000
-7.610100
-5.723300
-6.666700
-5.723300
-3.836500
-4.779900
-5.723300
-6.666700
-10.440000
-14.214000
-12.327000
-12.327000
-12.327000
-4.779900
1.823900
7.484300
13.145000
13.145000
14.088000
11.258000
2.767300
1.823900
-1.006300
-2.893100
3.710700
2.767300
2.767300
1.823900
0.880500
-1.949700
-3.836500
-3.836500
0.880500
2.767300
4.654100
5.597500
7.484300
15.031000
12.201000
10.314000
12.201000
12.201000
0.880500
-3.836500
-4.779900
0.880500
1.823900
4.654100
6.540900
15.031000
15.031000
15.031000
16.917999
11.258000
4.654100
-0.062890
1.823900
-1.949700
-5.723300
-8.553500
-10.440000
-12.327000
-9.496900
-7.610100
