13.462000
7.692300
4.807700
3.846200
3.846200
5.769200
5.769200
5.769200
2.884600
0.000000
-4.807700
-5.769200
-7.692300
-6.730800
-3.846200
1.923100
0.961540
0.961540
0.000000
1.923100
5.769200
8.653800
11.538000
11.538000
10.577000
8.653800
5.769200
4.807700
6.730800
4.807700
5.769200
3.846200
3.846200
0.961540
-2.884600
-7.692300
-9.615400
-10.577000
-10.577000
-7.692300
-1.923100
0.961540
0.000000
2.884600
1.923100
-2.884600
-9.615400
-6.730800
-2.884600
-2.884600
-2.884600
-4.807700
-1.923100
1.923100
2.884600
0.000000
-0.961540
-3.846200
-0.961540
0.000000
-1.923100
-3.846200
0.961540
-1.923100
-3.846200
-4.807700
-5.769200
-3.846200
-2.884600
-3.846200
0.961540
3.846200
2.884600
1.923100
0.961540
0.000000
-0.961540
0.961540
0.000000
1.923100
0.961540
1.923100
0.961540
-3.846200
-5.769200
-6.730800
-6.730800
-7.692300
-5.769200
-3.846200
-2.884600
-3.846200
0.961540
1.923100
3.846200
2.884600
0.000000
-3.846200
-2.884600
-2.884600
-2.884600
-4.807700
-1.923100
3.846200
2.884600
-0.961540
-2.884600
-1.923100
-4.807700
-0.961540
0.000000
0.000000
0.961540
0.961540
0.961540
-0.961540
-0.961540
0.000000
-2.884600
-4.807700
-4.807700
-3.846200
3.846200
3.846200
3.846200
2.884600
6.730800
6.730800
3.846200
0.000000
-4.807700
-5.769200
-4.807700
-5.769200
-5.769200
-2.884600
-2.884600
0.961540
0.000000
0.961540
0.000000
1.923100
2.884600
4.807700
3.846200
6.730800
6.730800
7.692300
7.692300
10.577000
7.692300
4.807700
4.807700
-0.961540
-0.961540
-1.923100
-2.884600
-4.807700
-6.730800
-7.692300
-0.961540
0.000000
-0.961540
-0.961540
0.961540
5.769200
6.730800
6.730800
13.462000
16.346001
14.423000
10.577000
2.884600
1.923100
-0.961540
1.923100
0.000000
-2.884600
-2.884600
-2.884600
-2.884600
-1.923100
-2.884600
0.961540
5.769200
4.807700
4.807700
1.923100
1.923100
2.884600
1.923100
0.961540
0.961540
-0.961540
-2.884600
-4.807700
-7.692300
-8.653800
-11.538000
-9.615400
-7.692300
-0.961540
1.923100
4.807700
1.923100
-1.923100
-3.846200
-3.846200
-3.846200
-2.884600
-1.923100
0.000000
2.884600
3.846200
3.846200
0.000000
0.961540
-0.961540
1.923100
4.807700
7.692300
6.730800
6.730800
4.807700
2.884600
0.000000
1.923100
-3.846200
-4.807700
-7.692300
-6.730800
-3.846200
-2.884600
0.000000
0.961540
4.807700
5.769200
9.615400
8.653800
7.692300
6.730800
5.769200
4.807700
4.807700
2.884600
-1.923100
-3.846200
-7.692300
-9.615400
-13.462000
-10.577000
-6.730800
0.000000
4.807700
11.538000
12.500000
10.577000
7.692300
8.653800
7.692300
2.884600
2.884600
0.961540
-1.923100
-5.769200
-5.769200
-7.692300
-9.615400
-11.538000
-8.653800
-9.615400
-4.807700
0.961540
0.961540
2.884600
7.692300
0.961540
-7.692300
-7.692300
-4.807700
-2.884600
-7.692300
-8.653800
-9.615400
-5.769200
-9.615400
-7.692300
-4.807700
-2.884600
-2.884600
-1.923100
2.884600
2.884600
1.923100
0.000000
-2.884600
-0.961540
3.846200
1.923100
1.923100
-2.884600
-2.884600
-1.923100
-2.884600
0.000000
2.884600
4.807700
2.884600
2.884600
3.846200
4.807700
4.807700
7.692300
7.692300
5.769200
0.961540
-0.961540
-4.807700
-2.884600
-1.923100
-3.846200
-2.884600
1.923100
4.807700
5.769200
3.846200
4.807700
5.769200
7.692300
9.615400
7.692300
9.615400
7.692300
4.807700
0.000000
2.884600
5.769200
4.807700
0.000000
-1.923100
-2.884600
-4.807700
-3.846200
-4.807700
-5.769200
-3.846200
1.923100
4.807700
7.692300
8.653800
10.577000
5.769200
7.692300
6.730800
1.923100
0.000000
-1.923100
-0.961540
-3.846200
-3.846200
-6.730800
-6.730800
-5.769200
-0.961540
-0.961540
-0.961540
-3.846200
-5.769200
-6.730800
-3.846200
0.000000
2.884600
1.923100
1.923100
8.653800
8.653800
7.692300
3.846200
2.884600
-0.961540
-3.846200
-6.730800
-10.577000
-9.615400
-6.730800
-9.615400
-8.653800
-5.769200
-2.884600
-2.884600
-6.730800
-4.807700
-5.769200
-3.846200
-5.769200
0.000000
3.846200
8.653800
9.615400
10.577000
7.692300
5.769200
4.807700
1.923100
-2.884600
-4.807700
-4.807700
-6.730800
-3.846200
0.961540
3.846200
-0.961540
-1.923100
1.923100
6.730800
2.884600
2.884600
4.807700
2.884600
5.769200
6.730800
2.884600
-2.884600
-3.846200
-5.769200
-7.692300
-6.730800
-6.730800
-9.615400
-3.846200
0.000000
1.923100
0.961540
3.846200
6.730800
6.730800
5.769200
6.730800
7.692300
5.769200
6.730800
3.846200
0.961540
-1.923100
0.000000
-1.923100
0.000000
0.000000
0.961540
1.923100
1.923100
3.846200
3.846200
0.961540
0.000000
0.000000
-1.923100
-0.961540
0.961540
4.807700
2.884600
-3.846200
-5.769200
-2.884600
-2.884600
-2.884600
-5.769200
-7.692300
-5.769200
-5.769200
-2.884600
-1.923100
1.923100
2.884600
4.807700
4.807700
6.730800
5.769200
8.653800
7.692300
3.846200
-3.846200
-8.653800
-13.462000
-8.653800
-1.923100
2.884600
6.730800
2.884600
6.730800
10.577000
14.423000
16.346001
13.462000
4.807700
0.000000
-3.846200
0.000000
2.884600
6.730800
8.653800
4.807700
-0.961540
-4.807700
-5.769200
-7.692300
-7.692300
-9.615400
-2.884600
-0.961540
0.000000
0.000000
0.000000
0.000000
0.000000
-1.923100
-2.884600
-0.961540
0.000000
0.000000
-0.961540
-1.923100
-3.846200
-2.884600
-4.807700
0.000000
1.923100
0.961540
0.000000
0.961540
1.923100
-0.961540
0.961540
0.961540
0.000000
-1.923100
0.000000
-2.884600
-5.769200
-8.653800
-3.846200
0.961540
0.000000
-1.923100
0.961540
0.961540
-0.961540
0.000000
0.961540
0.000000
0.000000
3.846200
3.846200
3.846200
2.884600
3.846200
0.961540
0.000000
0.000000
0.961540
1.923100
3.846200
2.884600
-0.961540
-1.923100
-3.846200
-0.961540
-0.961540
-1.923100
-3.846200
0.000000
-0.961540
0.000000
-2.884600
-2.884600
-0.961540
-1.923100
0.000000
0.961540
-0.961540
-2.884600
0.961540
4.807700
2.884600
1.923100
3.846200
1.923100
2.884600
-0.961540
0.961540
0.000000
-0.961540
1.923100
-0.961540
-3.846200
-4.807700
-4.807700
-4.807700
0.000000
0.961540
0.961540
0.961540
1.923100
-2.884600
-2.884600
-3.846200
0.000000
0.000000
3.846200
6.730800
10.577000
7.692300
1.923100
0.961540
-1.923100
0.961540
3.846200
3.846200
-0.961540
1.923100
0.961540
0.000000
-4.807700
-9.615400
-12.500000
-12.500000
-10.577000
-8.653800
-5.769200
-0.961540
1.923100
-0.961540
1.923100
1.923100
2.884600
1.923100
1.923100
0.961540
2.884600
5.769200
5.769200
0.000000
-4.807700
-6.730800
-2.884600
-3.846200
-8.653800
-7.692300
-6.730800
0.961540
3.846200
0.000000
-0.961540
0.000000
-2.884600
0.000000
0.000000
3.846200
2.884600
1.923100
-0.961540
-2.884600
0.961540
-1.923100
1.923100
2.884600
4.807700
2.884600
2.884600
3.846200
3.846200
1.923100
0.000000
-3.846200
-4.807700
-6.730800
-8.653800
-4.807700
-4.807700
-1.923100
0.000000
3.846200
1.923100
4.807700
6.730800
6.730800
3.846200
3.846200
3.846200
0.961540
-1.923100
-0.961540
-0.961540
-1.923100
0.000000
-2.884600
0.961540
6.730800
10.577000
9.615400
12.500000
12.500000
15.385000
16.346001
14.423000
8.653800
4.807700
2.884600
0.000000
-3.846200
-7.692300
-10.577000
-11.538000
-6.730800
-5.769200
-0.961540
0.961540
2.884600
5.769200
5.769200
11.538000
20.191999
25.962000
40.384998
57.692001
75.000000
89.422997
92.307999
93.268997
91.346001
83.653999
72.114998
62.500000
44.230999
34.615002
22.115000
8.653800
-3.846200
-14.423000
-27.885000
-37.500000
-42.307999
-49.037998
-44.230999
-44.230999
-44.230999
-41.346001
-41.346001
-43.269001
-42.307999
-42.307999
-42.307999
-42.307999
-38.462002
-41.346001
-41.346001
-43.269001
-46.153999
-47.115002
-50.962002
-45.192001
-43.269001
-43.269001
-42.307999
-38.462002
-40.384998
-40.384998
-38.462002
-33.653999
-27.885000
-20.191999
-15.385000
-10.577000
-7.692300
-9.615400
-4.807700
0.000000
-1.923100
-4.807700
-3.846200
-4.807700
-2.884600
-1.923100
-1.923100
-2.884600
-3.846200
0.000000
0.961540
0.000000
1.923100
6.730800
7.692300
6.730800
6.730800
10.577000
10.577000
14.423000
13.462000
10.577000
8.653800
6.730800
6.730800
7.692300
7.692300
5.769200
5.769200
5.769200
8.653800
4.807700
10.577000
16.346001
19.231001
16.346001
16.346001
13.462000
12.500000
13.462000
12.500000
6.730800
0.000000
0.000000
2.884600
6.730800
4.807700
5.769200
4.807700
10.577000
11.538000
12.500000
12.500000
13.462000
12.500000
10.577000
9.615400
5.769200
2.884600
4.807700
4.807700
1.923100
0.961540
0.000000
2.884600
1.923100
3.846200
3.846200
4.807700
10.577000
11.538000
7.692300
9.615400
8.653800
6.730800
0.961540
-3.846200
-5.769200
-6.730800
-3.846200
-3.846200
0.000000
2.884600
8.653800
9.615400
10.577000
12.500000
7.692300
4.807700
3.846200
-0.961540
-4.807700
-6.730800
-6.730800
-8.653800
-7.692300
-5.769200
-2.884600
-1.923100
-2.884600
0.961540
5.769200
10.577000
8.653800
4.807700
5.769200
14.423000
16.346001
14.423000
12.500000
0.961540
-4.807700
-11.538000
-8.653800
-9.615400
-3.846200
-6.730800
-6.730800
-0.961540
2.884600
1.923100
0.961540
2.884600
2.884600
3.846200
4.807700
4.807700
4.807700
2.884600
-3.846200
-5.769200
-10.577000
-8.653800
-7.692300
-4.807700
-5.769200
0.000000
3.846200
3.846200
4.807700
1.923100
1.923100
2.884600
4.807700
0.000000
-2.884600
-5.769200
-3.846200
-4.807700
-4.807700
-2.884600
1.923100
3.846200
2.884600
0.961540
6.730800
7.692300
3.846200
2.884600
-1.923100
-2.884600
-7.692300
-7.692300
-9.615400
-7.692300
-5.769200
-4.807700
-2.884600
0.961540
11.538000
16.346001
16.346001
12.500000
8.653800
7.692300
9.615400
2.884600
-3.846200
-6.730800
-8.653800
-11.538000
-10.577000
-6.730800
-5.769200
-7.692300
0.000000
-0.961540
-1.923100
-4.807700
-11.538000
-9.615400
-5.769200
-4.807700
-6.730800
-5.769200
-4.807700
-1.923100
1.923100
6.730800
10.577000
11.538000
11.538000
6.730800
0.961540
0.961540
0.000000
-4.807700
-0.961540
-0.961540
-2.884600
-4.807700
-7.692300
-10.577000
-7.692300
-0.961540
2.884600
0.000000
0.000000
0.961540
-1.923100
0.961540
-1.923100
-1.923100
-2.884600
-1.923100
-3.846200
-5.769200
-8.653800
-5.769200
0.000000
6.730800
7.692300
8.653800
6.730800
5.769200
9.615400
7.692300
6.730800
1.923100
0.000000
0.000000
0.961540
0.000000
0.961540
0.961540
1.923100
1.923100
