2.006500
1.035600
2.977300
3.948200
4.919100
7.831700
11.715000
11.715000
12.686000
10.744000
3.948200
2.977300
1.035600
-0.906150
-0.906150
-0.906150
-0.906150
1.035600
0.064720
-3.818800
-5.760500
-5.760500
-1.877000
-1.877000
-1.877000
-4.789600
-10.615000
-17.410999
-24.207001
-24.207001
-25.177999
-31.003000
-29.061001
-23.236000
-16.440001
-6.731400
2.977300
7.831700
9.773500
14.628000
18.511000
16.570000
12.686000
12.686000
9.773500
4.919100
0.064720
-4.789600
-7.702300
-10.615000
-8.673100
0.064720
3.948200
2.006500
1.035600
-1.877000
1.035600
5.890000
6.860800
5.890000
2.006500
-1.877000
-4.789600
-8.673100
-6.731400
-7.702300
-9.644000
-7.702300
-4.789600
-4.789600
-9.644000
-9.644000
-6.731400
-1.877000
-1.877000
-4.789600
-3.818800
1.035600
4.919100
11.715000
14.628000
14.628000
8.802600
4.919100
3.948200
0.064720
-4.789600
-13.528000
-16.440001
-19.353001
-14.498000
-0.906150
2.006500
-0.906150
-0.906150
-0.906150
-0.906150
2.977300
8.802600
11.715000
15.599000
13.657000
13.657000
12.686000
7.831700
-0.906150
-10.615000
-16.440001
-17.410999
-12.557000
-3.818800
6.860800
10.744000
10.744000
15.599000
16.570000
17.540001
17.540001
16.570000
14.628000
13.657000
6.860800
-2.847900
-9.644000
-11.586000
-12.557000
-9.644000
-4.789600
1.035600
4.919100
4.919100
12.686000
19.482000
23.365999
25.306999
25.306999
19.482000
12.686000
5.890000
2.006500
1.035600
-0.906150
-5.760500
-5.760500
-1.877000
1.035600
1.035600
2.006500
0.064720
3.948200
5.890000
5.890000
10.744000
13.657000
10.744000
3.948200
-6.731400
-19.353001
-20.323999
-12.557000
-3.818800
-2.847900
-6.731400
-10.615000
-12.557000
-14.498000
-12.557000
-8.673100
-4.789600
-5.760500
-8.673100
-9.644000
-8.673100
-2.847900
-2.847900
-3.818800
-4.789600
-3.818800
-2.847900
3.948200
4.919100
1.035600
-3.818800
-7.702300
-6.731400
-3.818800
-2.847900
0.064720
3.948200
9.773500
10.744000
4.919100
-0.906150
-4.789600
-2.847900
-4.789600
-6.731400
-4.789600
-2.847900
0.064720
6.860800
9.773500
5.890000
2.006500
2.977300
3.948200
3.948200
4.919100
2.977300
0.064720
0.064720
-2.847900
-4.789600
-10.615000
-16.440001
-14.498000
-9.644000
-8.673100
-6.731400
-4.789600
-0.906150
1.035600
3.948200
6.860800
8.802600
9.773500
14.628000
11.715000
2.977300
-1.877000
-1.877000
2.006500
3.948200
4.919100
5.890000
4.919100
5.890000
3.948200
2.977300
-0.906150
-4.789600
-4.789600
-1.877000
-0.906150
2.006500
4.919100
6.860800
5.890000
2.006500
-0.906150
-4.789600
-5.760500
-4.789600
-9.644000
-11.586000
-8.673100
-6.731400
-5.760500
-1.877000
4.919100
7.831700
10.744000
8.802600
6.860800
2.977300
-7.702300
-16.440001
-19.353001
-19.353001
-15.469000
-13.528000
-4.789600
1.035600
5.890000
4.919100
2.977300
2.977300
5.890000
11.715000
15.599000
16.570000
12.686000
7.831700
2.977300
0.064720
-1.877000
-1.877000
-0.906150
-0.906150
-2.847900
-6.731400
-5.760500
0.064720
6.860800
12.686000
21.424000
23.365999
17.540001
9.773500
3.948200
-1.877000
-5.760500
-6.731400
-4.789600
-1.877000
-3.818800
-3.818800
-3.818800
-3.818800
-4.789600
-1.877000
1.035600
2.006500
6.860800
9.773500
12.686000
16.570000
16.570000
16.570000
14.628000
8.802600
3.948200
3.948200
4.919100
-1.877000
-5.760500
-2.847900
3.948200
6.860800
5.890000
0.064720
-0.906150
-3.818800
-8.673100
-10.615000
-14.498000
-18.382000
-17.410999
-18.382000
-15.469000
-16.440001
-16.440001
-12.557000
-8.673100
-6.731400
2.006500
5.890000
3.948200
2.977300
2.006500
3.948200
7.831700
10.744000
6.860800
3.948200
7.831700
10.744000
8.802600
6.860800
4.919100
3.948200
3.948200
2.006500
2.977300
10.744000
16.570000
14.628000
12.686000
13.657000
13.657000
9.773500
5.890000
2.006500
-0.906150
-4.789600
-4.789600
-3.818800
-6.731400
-9.644000
-7.702300
-6.731400
-7.702300
-8.673100
-10.615000
-8.673100
-10.615000
-10.615000
-13.528000
-12.557000
-10.615000
-12.557000
-9.644000
-10.615000
-12.557000
-4.789600
-0.906150
1.035600
1.035600
1.035600
-3.818800
-6.731400
-6.731400
-4.789600
-3.818800
-2.847900
-5.760500
-7.702300
-9.644000
-8.673100
-4.789600
2.977300
6.860800
5.890000
2.006500
-0.906150
-3.818800
-1.877000
3.948200
3.948200
0.064720
1.035600
2.977300
2.977300
3.948200
6.860800
8.802600
8.802600
5.890000
3.948200
4.919100
4.919100
2.006500
-0.906150
-5.760500
-9.644000
-5.760500
1.035600
5.890000
9.773500
11.715000
7.831700
3.948200
4.919100
1.035600
-2.847900
-3.818800
-2.847900
1.035600
1.035600
0.064720
2.006500
2.977300
5.890000
9.773500
11.715000
12.686000
11.715000
6.860800
2.977300
2.006500
2.006500
1.035600
-4.789600
-8.673100
-11.586000
-6.731400
0.064720
1.035600
1.035600
0.064720
1.035600
-1.877000
-5.760500
-5.760500
-2.847900
-2.847900
-2.847900
1.035600
2.006500
-0.906150
0.064720
2.006500
2.006500
4.919100
4.919100
4.919100
7.831700
8.802600
8.802600
7.831700
4.919100
8.802600
10.744000
10.744000
8.802600
5.890000
2.977300
-2.847900
-11.586000
-11.586000
-8.673100
-7.702300
-7.702300
-7.702300
-5.760500
-2.847900
-3.818800
-5.760500
-1.877000
1.035600
2.977300
3.948200
6.860800
9.773500
11.715000
9.773500
6.860800
-1.877000
-10.615000
-11.586000
-12.557000
-10.615000
-6.731400
-6.731400
-3.818800
-0.906150
1.035600
2.977300
4.919100
5.890000
11.715000
19.482000
21.424000
17.540001
9.773500
3.948200
-1.877000
-5.760500
-10.615000
-9.644000
-5.760500
-4.789600
-4.789600
-1.877000
2.006500
4.919100
7.831700
8.802600
5.890000
2.006500
0.064720
-4.789600
-5.760500
0.064720
3.948200
4.919100
3.948200
4.919100
7.831700
12.686000
11.715000
11.715000
11.715000
4.919100
-0.906150
-1.877000
-1.877000
-1.877000
0.064720
-1.877000
-5.760500
-10.615000
-11.586000
-11.586000
-12.557000
-16.440001
-12.557000
-8.673100
-3.818800
2.006500
5.890000
10.744000
13.657000
11.715000
6.860800
1.035600
-4.789600
-12.557000
-19.353001
-26.149000
-25.177999
-27.120001
-24.207001
-13.528000
-4.789600
4.919100
12.686000
17.540001
17.540001
17.540001
16.570000
10.744000
7.831700
5.890000
-0.906150
-6.731400
-13.528000
-17.410999
-16.440001
-12.557000
-11.586000
-12.557000
-6.731400
-1.877000
7.831700
15.599000
13.657000
14.628000
13.657000
13.657000
11.715000
15.599000
20.452999
20.452999
21.424000
19.482000
14.628000
11.715000
11.715000
11.715000
9.773500
3.948200
3.948200
5.890000
9.773500
11.715000
13.657000
21.424000
26.278000
24.337000
22.395000
16.570000
9.773500
-1.877000
-12.557000
-19.353001
-18.382000
-15.469000
-11.586000
-8.673100
-8.673100
-10.615000
-12.557000
-12.557000
-9.644000
-12.557000
-13.528000
-12.557000
-17.410999
-18.382000
-15.469000
-9.644000
-5.760500
-7.702300
-11.586000
-18.382000
-20.323999
-19.353001
-17.410999
-21.294001
-21.294001
-21.294001
-20.323999
-15.469000
-13.528000
-12.557000
-9.644000
-9.644000
-7.702300
-4.789600
-3.818800
1.035600
6.860800
6.860800
4.919100
-2.847900
-8.673100
-5.760500
-2.847900
-1.877000
1.035600
3.948200
4.919100
4.919100
5.890000
8.802600
13.657000
17.540001
20.452999
21.424000
20.452999
13.657000
3.948200
-0.906150
-1.877000
2.977300
11.715000
18.511000
18.511000
13.657000
5.890000
-2.847900
-5.760500
-5.760500
-3.818800
-2.847900
-2.847900
1.035600
2.006500
0.064720
-4.789600
-10.615000
-12.557000
-5.760500
-0.906150
-1.877000
-5.760500
-8.673100
-3.818800
-0.906150
2.006500
2.006500
1.035600
-0.906150
4.919100
8.802600
4.919100
-1.877000
-10.615000
-19.353001
-18.382000
-15.469000
-12.557000
-7.702300
-8.673100
-4.789600
2.006500
4.919100
2.006500
1.035600
0.064720
1.035600
6.860800
13.657000
16.570000
14.628000
13.657000
9.773500
2.977300
0.064720
-1.877000
-4.789600
-1.877000
2.006500
5.890000
6.860800
6.860800
6.860800
4.919100
3.948200
0.064720
-0.906150
3.948200
6.860800
10.744000
11.715000
8.802600
5.890000
3.948200
5.890000
9.773500
13.657000
10.744000
5.890000
0.064720
-4.789600
-6.731400
-7.702300
-10.615000
-10.615000
-7.702300
-4.789600
-0.906150
7.831700
17.540001
18.511000
15.599000
12.686000
12.686000
11.715000
8.802600
5.890000
4.919100
1.035600
-3.818800
-6.731400
-1.877000
2.006500
5.890000
8.802600
8.802600
11.715000
6.860800
-1.877000
-10.615000
-17.410999
-19.353001
-16.440001
-10.615000
-10.615000
-8.673100
-2.847900
4.919100
11.715000
19.482000
21.424000
14.628000
3.948200
-0.906150
0.064720
1.035600
2.006500
7.831700
10.744000
13.657000
14.628000
14.628000
13.657000
11.715000
5.890000
2.977300
-0.906150
-7.702300
-16.440001
-25.177999
-25.177999
-23.236000
-21.294001
-17.410999
-8.673100
2.006500
9.773500
10.744000
5.890000
6.860800
10.744000
12.686000
9.773500
3.948200
-2.847900
-6.731400
-9.644000
-11.586000
-18.382000
-23.236000
-19.353001
-11.586000
-7.702300
-3.818800
-0.906150
1.035600
1.035600
1.035600
4.919100
3.948200
1.035600
-3.818800
-11.586000
-16.440001
-14.498000
-9.644000
-4.789600
-0.906150
0.064720
2.006500
3.948200
7.831700
6.860800
4.919100
3.948200
-0.906150
-6.731400
-10.615000
-16.440001
-21.294001
-22.264999
-22.264999
-24.207001
-20.323999
-10.615000
0.064720
8.802600
14.628000
18.511000
13.657000
8.802600
4.919100
-1.877000
-13.528000
-22.264999
-20.323999
-14.498000
-12.557000
-9.644000
-4.789600
0.064720
4.919100
5.890000
7.831700
6.860800
0.064720
-7.702300
-12.557000
-15.469000
-11.586000
-8.673100
-8.673100
-8.673100
-1.877000
7.831700
13.657000
16.570000
23.365999
25.306999
18.511000
9.773500
6.860800
8.802600
7.831700
7.831700
7.831700
3.948200
0.064720
0.064720
3.948200
5.890000
6.860800
7.831700
6.860800
10.744000
15.599000
21.424000
20.452999
17.540001
15.599000
10.744000
8.802600
3.948200
-2.847900
-2.847900
0.064720
2.977300
5.890000
4.919100
3.948200
3.948200
5.890000
5.890000
2.977300
-0.906150
-4.789600
-6.731400
-4.789600
-2.847900
-1.877000
-2.847900
-2.847900
-0.906150
0.064720
-0.906150
2.977300
5.890000
5.890000
3.948200
2.977300
1.035600
0.064720
1.035600
2.006500
-1.877000
-3.818800
-7.702300
-9.644000
-5.760500
-4.789600
-5.760500
-5.760500
-5.760500
-7.702300
-6.731400
-6.731400
-5.760500
-5.760500
-2.847900
0.064720
1.035600
-0.906150
-2.847900
-2.847900
-1.877000
-1.877000
-2.847900
-6.731400
-8.673100
-6.731400
-2.847900
3.948200
9.773500
11.715000
6.860800
-0.906150
-2.847900
-2.847900
-4.789600
