-3.156200
-6.054800
0.708530
7.471800
8.438000
11.337000
15.201000
14.235000
12.303000
9.404200
3.607100
8.438000
5.539500
-2.190000
-5.088600
-5.088600
-4.122400
-1.223800
-1.223800
-1.223800
-1.223800
-1.223800
-1.223800
0.708530
-1.223800
-6.054800
-9.919500
-10.886000
-16.683001
-14.750000
-14.750000
-21.514000
-18.615000
-15.717000
-14.750000
-8.953300
-5.088600
-5.088600
-4.122400
-1.223800
1.674700
2.640900
3.607100
8.438000
7.471800
0.708530
-4.122400
-6.054800
-2.190000
0.708530
0.708530
4.573300
7.471800
1.674700
0.708530
-0.257650
2.640900
11.337000
11.337000
10.370000
5.539500
-0.257650
-2.190000
-5.088600
-2.190000
0.708530
-6.054800
-8.953300
-7.020900
-5.088600
-5.088600
-3.156200
-2.190000
-2.190000
-4.122400
-4.122400
-2.190000
2.640900
1.674700
1.674700
1.674700
3.607100
0.708530
-3.156200
-2.190000
-5.088600
-5.088600
-8.953300
-8.953300
-12.818000
-12.818000
-1.223800
0.708530
-2.190000
-1.223800
0.708530
1.674700
8.438000
9.404200
6.505600
8.438000
2.640900
2.640900
5.539500
7.471800
4.573300
-0.257650
-7.987100
-12.818000
-10.886000
-3.156200
7.471800
8.438000
3.607100
2.640900
7.471800
10.370000
14.235000
14.235000
10.370000
11.337000
8.438000
1.674700
0.708530
3.607100
1.674700
-0.257650
-4.122400
-4.122400
-1.223800
-3.156200
4.573300
14.235000
21.965000
23.896999
21.965000
19.066000
16.167000
12.303000
7.471800
6.505600
2.640900
-4.122400
-4.122400
1.674700
4.573300
7.471800
10.370000
5.539500
4.573300
4.573300
3.607100
7.471800
8.438000
5.539500
3.607100
-1.223800
-14.750000
-18.615000
-12.818000
-4.122400
-2.190000
-4.122400
-3.156200
-0.257650
-0.257650
-0.257650
0.708530
-4.122400
-12.818000
-18.615000
-24.412001
-29.243000
-20.548000
-10.886000
0.708530
8.438000
0.708530
-9.919500
-8.953300
-11.852000
-15.717000
-16.683001
-16.683001
-10.886000
-5.088600
-2.190000
5.539500
9.404200
13.269000
16.167000
14.235000
8.438000
-2.190000
-7.020900
-12.818000
-13.784000
-6.054800
3.607100
4.573300
5.539500
6.505600
7.471800
2.640900
-1.223800
-2.190000
-4.122400
-3.156200
-1.223800
-2.190000
0.708530
-1.223800
-3.156200
-7.987100
-12.818000
-9.919500
-4.122400
-3.156200
-0.257650
-2.190000
-3.156200
-7.987100
-7.020900
-1.223800
3.607100
8.438000
17.134001
16.167000
8.438000
2.640900
-1.223800
-1.223800
-0.257650
-0.257650
-1.223800
-3.156200
-3.156200
-0.257650
1.674700
-1.223800
1.674700
2.640900
2.640900
4.573300
5.539500
9.404200
12.303000
12.303000
7.471800
3.607100
-1.223800
-1.223800
-1.223800
-5.088600
-7.987100
-7.987100
-8.953300
-8.953300
-6.054800
-2.190000
2.640900
5.539500
9.404200
14.235000
11.337000
2.640900
-4.122400
-7.020900
-7.020900
-6.054800
-6.054800
-1.223800
-0.257650
2.640900
1.674700
1.674700
-1.223800
1.674700
7.471800
8.438000
6.505600
2.640900
-0.257650
-1.223800
0.708530
0.708530
2.640900
0.708530
-1.223800
-0.257650
-4.122400
-2.190000
3.607100
6.505600
8.438000
12.303000
15.201000
16.167000
13.269000
9.404200
2.640900
-2.190000
-0.257650
3.607100
4.573300
2.640900
2.640900
2.640900
1.674700
-1.223800
-0.257650
-3.156200
-6.054800
-3.156200
-0.257650
-1.223800
3.607100
2.640900
3.607100
3.607100
0.708530
0.708530
3.607100
6.505600
2.640900
0.708530
1.674700
2.640900
2.640900
1.674700
0.708530
1.674700
-1.223800
-7.987100
-10.886000
-15.717000
-18.615000
-15.717000
-12.818000
-7.987100
-8.953300
-7.020900
-0.257650
2.640900
-0.257650
6.505600
9.404200
6.505600
5.539500
1.674700
-0.257650
0.708530
0.708530
-4.122400
-3.156200
3.607100
7.471800
7.471800
7.471800
2.640900
2.640900
7.471800
6.505600
3.607100
3.607100
-0.257650
-4.122400
-0.257650
2.640900
-1.223800
-7.987100
-4.122400
0.708530
-2.190000
-4.122400
-2.190000
-3.156200
-8.953300
-8.953300
-8.953300
-10.886000
-13.784000
-11.852000
-10.886000
-7.987100
-10.886000
-7.987100
-5.088600
-2.190000
-0.257650
-7.987100
-8.953300
-10.886000
-15.717000
-8.953300
-5.088600
-0.257650
-2.190000
-5.088600
-7.987100
-7.020900
-5.088600
-3.156200
-2.190000
-0.257650
-7.020900
-11.852000
-6.054800
-1.223800
2.640900
7.471800
12.303000
11.337000
8.438000
2.640900
-0.257650
-0.257650
3.607100
3.607100
2.640900
2.640900
2.640900
4.573300
4.573300
5.539500
3.607100
1.674700
0.708530
2.640900
4.573300
3.607100
5.539500
6.505600
1.674700
-2.190000
0.708530
5.539500
6.505600
7.471800
9.404200
3.607100
1.674700
1.674700
-2.190000
-3.156200
-1.223800
1.674700
6.505600
4.573300
4.573300
5.539500
7.471800
9.404200
14.235000
19.066000
20.997999
17.134001
10.370000
4.573300
1.674700
-0.257650
-4.122400
-9.919500
-15.717000
-20.548000
-15.717000
-8.953300
-4.122400
-0.257650
2.640900
6.505600
4.573300
0.708530
1.674700
4.573300
2.640900
1.674700
4.573300
3.607100
-3.156200
-2.190000
-0.257650
-1.223800
-0.257650
-3.156200
0.708530
7.471800
4.573300
1.674700
2.640900
2.640900
6.505600
7.471800
3.607100
2.640900
3.607100
4.573300
4.573300
-3.156200
-3.156200
1.674700
0.708530
-2.190000
-4.122400
-1.223800
-0.257650
-4.122400
-6.054800
-2.190000
-0.257650
-1.223800
1.674700
2.640900
2.640900
2.640900
4.573300
3.607100
-3.156200
-9.919500
-9.919500
-12.818000
-9.919500
-5.088600
-4.122400
1.674700
3.607100
4.573300
4.573300
2.640900
-2.190000
-0.257650
11.337000
16.167000
14.235000
14.235000
11.337000
2.640900
-2.190000
-7.987100
-12.818000
-14.750000
-13.784000
-9.919500
-4.122400
5.539500
9.404200
12.303000
11.337000
5.539500
-1.223800
-6.054800
-15.717000
-17.649000
-14.750000
-9.919500
-2.190000
1.674700
-1.223800
-5.088600
-2.190000
-1.223800
4.573300
13.269000
10.370000
5.539500
5.539500
6.505600
9.404200
13.269000
11.337000
3.607100
-4.122400
-9.919500
-10.886000
-13.784000
-14.750000
-8.953300
-2.190000
-2.190000
-1.223800
1.674700
3.607100
6.505600
8.438000
8.438000
5.539500
-0.257650
-7.020900
-14.750000
-18.615000
-15.717000
-14.750000
-8.953300
1.674700
6.505600
4.573300
0.708530
3.607100
8.438000
12.303000
11.337000
8.438000
8.438000
6.505600
-1.223800
-5.088600
-7.020900
-7.987100
-10.886000
-9.919500
-4.122400
3.607100
13.269000
16.167000
20.032000
21.965000
15.201000
15.201000
11.337000
11.337000
6.505600
5.539500
4.573300
0.708530
-2.190000
-4.122400
-4.122400
-2.190000
0.708530
-1.223800
-3.156200
-9.919500
-15.717000
-12.818000
-8.953300
-7.987100
-7.020900
-0.257650
10.370000
11.337000
12.303000
10.370000
6.505600
0.708530
-3.156200
-7.020900
-6.054800
-1.223800
2.640900
1.674700
-1.223800
-6.054800
-11.852000
-11.852000
-3.156200
0.708530
1.674700
4.573300
2.640900
1.674700
3.607100
3.607100
3.607100
-0.257650
-4.122400
-7.987100
-12.818000
-16.683001
-13.784000
-17.649000
-17.649000
-13.784000
-9.919500
-6.054800
-11.852000
-16.683001
-14.750000
-15.717000
-12.818000
-7.020900
-1.223800
3.607100
7.471800
8.438000
10.370000
5.539500
4.573300
7.471800
5.539500
4.573300
3.607100
1.674700
-1.223800
-6.054800
-8.953300
-7.020900
-3.156200
1.674700
7.471800
12.303000
13.269000
6.505600
1.674700
-1.223800
-3.156200
0.708530
8.438000
12.303000
12.303000
11.337000
8.438000
-3.156200
-13.784000
-13.784000
-6.054800
1.674700
5.539500
10.370000
13.269000
11.337000
4.573300
0.708530
3.607100
8.438000
12.303000
6.505600
-5.088600
-10.886000
-7.987100
-6.054800
-1.223800
-0.257650
-1.223800
-7.987100
-7.020900
-5.088600
-5.088600
-2.190000
-0.257650
-4.122400
-4.122400
-7.020900
-8.953300
-6.054800
-5.088600
-1.223800
2.640900
2.640900
-1.223800
1.674700
4.573300
2.640900
7.471800
13.269000
16.167000
17.134001
16.167000
14.235000
10.370000
6.505600
-0.257650
-5.088600
-6.054800
-4.122400
0.708530
5.539500
5.539500
0.708530
-1.223800
2.640900
5.539500
7.471800
8.438000
8.438000
10.370000
8.438000
2.640900
-1.223800
-4.122400
-7.987100
-8.953300
-2.190000
-1.223800
-2.190000
-5.088600
-8.953300
-11.852000
-10.886000
-13.784000
-13.784000
-8.953300
-3.156200
1.674700
11.337000
17.134001
12.303000
3.607100
-4.122400
-3.156200
4.573300
6.505600
7.471800
8.438000
4.573300
-7.020900
-13.784000
-6.054800
5.539500
14.235000
13.269000
8.438000
9.404200
4.573300
-0.257650
-4.122400
-5.088600
-9.919500
-15.717000
-9.919500
-7.987100
-5.088600
1.674700
6.505600
8.438000
16.167000
20.997999
16.167000
8.438000
3.607100
6.505600
8.438000
6.505600
9.404200
7.471800
7.471800
8.438000
6.505600
4.573300
2.640900
-5.088600
-4.122400
-1.223800
-3.156200
-9.919500
-18.615000
-19.580999
-16.683001
-15.717000
-14.750000
-10.886000
-2.190000
9.404200
11.337000
6.505600
8.438000
9.404200
6.505600
2.640900
-1.223800
-4.122400
-4.122400
-5.088600
-6.054800
-9.919500
-15.717000
-16.683001
-15.717000
-18.615000
-15.717000
-11.852000
-8.953300
-8.953300
-7.987100
0.708530
2.640900
0.708530
-1.223800
-3.156200
-1.223800
3.607100
7.471800
12.303000
14.235000
6.505600
2.640900
4.573300
8.438000
6.505600
1.674700
1.674700
-4.122400
-6.054800
-3.156200
-4.122400
-7.020900
-8.953300
-9.919500
-15.717000
-15.717000
-7.987100
-3.156200
-3.156200
-1.223800
2.640900
1.674700
-2.190000
-3.156200
-4.122400
-7.987100
-13.784000
-12.818000
-10.886000
-11.852000
-9.919500
-6.054800
-3.156200
-1.223800
-1.223800
-0.257650
5.539500
1.674700
-6.054800
-8.953300
-11.852000
-10.886000
-7.987100
-9.919500
-9.919500
-4.122400
1.674700
7.471800
13.269000
20.032000
21.965000
17.134001
8.438000
5.539500
6.505600
7.471800
9.404200
14.235000
13.269000
4.573300
-1.223800
-1.223800
-2.190000
-3.156200
0.708530
4.573300
9.404200
13.269000
18.100000
20.032000
20.997999
18.100000
16.167000
20.032000
16.167000
5.539500
1.674700
0.708530
-1.223800
-2.190000
-7.020900
-12.818000
-11.852000
-7.020900
-4.122400
-4.122400
-5.088600
-3.156200
-0.257650
4.573300
8.438000
10.370000
6.505600
1.674700
-4.122400
-7.020900
-5.088600
-2.190000
-0.257650
-2.190000
-5.088600
-5.088600
-7.020900
-5.088600
0.708530
6.505600
0.708530
-3.156200
-7.020900
-4.122400
1.674700
2.640900
-0.257650
-2.190000
-7.020900
-12.818000
-11.852000
-7.020900
-1.223800
-4.122400
-5.088600
-3.156200
0.708530
1.674700
1.674700
1.674700
2.640900
1.674700
-1.223800
-5.088600
-6.054800
-5.088600
-3.156200
2.640900
7.471800
4.573300
1.674700
-2.190000
-0.257650
2.640900
4.573300
