6.827700
2.963000
-1.868000
-4.766500
-4.766500
-1.868000
3.929100
5.861500
9.726200
10.692000
8.760100
7.793900
5.861500
2.963000
1.030600
0.064410
0.064410
1.030600
1.996800
0.064410
-0.901770
-1.868000
1.030600
0.064410
-1.868000
-5.732700
-11.530000
-16.361000
-22.158001
-20.225000
-19.259001
-23.124001
-19.259001
-14.428000
-7.665100
0.064410
8.760100
14.557000
16.490000
18.422001
18.422001
12.625000
6.827700
6.827700
5.861500
2.963000
1.996800
0.064410
-2.834100
-4.766500
-4.766500
1.996800
4.895300
1.996800
-2.834100
-10.564000
-13.462000
-11.530000
-12.496000
-10.564000
-9.597400
-9.597400
-10.564000
-11.530000
-7.665100
-5.732700
-4.766500
-1.868000
1.030600
1.030600
-5.732700
-9.597400
-9.597400
-8.631200
-9.597400
-12.496000
-10.564000
-4.766500
1.996800
9.726200
15.523000
19.388000
17.455999
16.490000
16.490000
11.659000
3.929100
-6.698900
-10.564000
-11.530000
-8.631200
1.030600
3.929100
3.929100
5.861500
5.861500
3.929100
5.861500
10.692000
12.625000
14.557000
13.591000
15.523000
13.591000
6.827700
-4.766500
-13.462000
-16.361000
-14.428000
-9.597400
-0.901770
11.659000
18.422001
21.320000
25.184999
23.253000
19.388000
18.422001
17.455999
16.490000
14.557000
5.861500
-7.665100
-16.361000
-20.225000
-20.225000
-16.361000
-11.530000
-4.766500
1.030600
3.929100
10.692000
15.523000
16.490000
16.490000
15.523000
9.726200
2.963000
-3.800300
-7.665100
-9.597400
-11.530000
-14.428000
-14.428000
-11.530000
-10.564000
-7.665100
-2.834100
0.064410
7.793900
12.625000
12.625000
16.490000
15.523000
9.726200
0.064410
-12.496000
-24.090000
-24.090000
-16.361000
-8.631200
-5.732700
-4.766500
-6.698900
-9.597400
-12.496000
-12.496000
-10.564000
-6.698900
-2.834100
0.064410
2.963000
3.929100
9.726200
6.827700
0.064410
-4.766500
-4.766500
0.064410
8.760100
15.523000
16.490000
15.523000
14.557000
15.523000
17.455999
12.625000
7.793900
5.861500
5.861500
1.996800
-5.732700
-9.597400
-7.665100
-1.868000
-0.901770
-2.834100
-3.800300
-3.800300
-2.834100
2.963000
6.827700
4.895300
3.929100
6.827700
9.726200
10.692000
10.692000
8.760100
4.895300
1.996800
-0.901770
-1.868000
-7.665100
-14.428000
-15.395000
-13.462000
-13.462000
-10.564000
-9.597400
-6.698900
-4.766500
-0.901770
3.929100
5.861500
6.827700
8.760100
5.861500
-1.868000
-4.766500
-2.834100
-0.901770
-1.868000
-0.901770
2.963000
5.861500
7.793900
4.895300
3.929100
2.963000
1.030600
0.064410
-2.834100
-5.732700
-3.800300
-0.901770
-1.868000
-4.766500
-8.631200
-10.564000
-13.462000
-12.496000
-9.597400
-9.597400
-6.698900
-1.868000
1.030600
1.030600
3.929100
8.760100
9.726200
8.760100
2.963000
-2.834100
-6.698900
-14.428000
-22.158001
-26.023001
-24.090000
-18.292999
-14.428000
-3.800300
2.963000
8.760100
8.760100
7.793900
7.793900
8.760100
11.659000
14.557000
15.523000
12.625000
6.827700
-0.901770
-6.698900
-10.564000
-8.631200
-5.732700
-2.834100
-2.834100
-6.698900
-7.665100
-4.766500
-2.834100
2.963000
12.625000
17.455999
13.591000
7.793900
2.963000
-1.868000
-5.732700
-9.597400
-10.564000
-9.597400
-8.631200
-6.698900
-3.800300
-3.800300
-1.868000
1.996800
5.861500
7.793900
13.591000
16.490000
20.354000
27.118000
29.049999
27.118000
22.287001
15.523000
8.760100
5.861500
1.996800
-7.665100
-12.496000
-10.564000
-6.698900
-2.834100
-1.868000
-3.800300
-1.868000
-2.834100
-3.800300
-1.868000
-2.834100
-5.732700
-6.698900
-9.597400
-8.631200
-12.496000
-17.327000
-18.292999
-15.395000
-12.496000
-4.766500
-0.901770
1.030600
2.963000
4.895300
8.760100
14.557000
16.490000
13.591000
13.591000
16.490000
17.455999
14.557000
9.726200
5.861500
1.996800
-2.834100
-5.732700
-3.800300
3.929100
11.659000
13.591000
17.455999
21.320000
22.287001
17.455999
11.659000
7.793900
4.895300
1.030600
0.064410
1.030600
-0.901770
-2.834100
2.963000
4.895300
2.963000
-0.901770
-6.698900
-7.665100
-9.597400
-9.597400
-12.496000
-15.395000
-16.361000
-19.259001
-13.462000
-8.631200
-5.732700
3.929100
5.861500
4.895300
4.895300
5.861500
4.895300
1.996800
-2.834100
-4.766500
-5.732700
-6.698900
-11.530000
-14.428000
-19.259001
-23.124001
-24.090000
-20.225000
-13.462000
-9.597400
-6.698900
-4.766500
-3.800300
-0.901770
3.929100
4.895300
3.929100
6.827700
7.793900
3.929100
1.996800
2.963000
4.895300
5.861500
2.963000
0.064410
-1.868000
-5.732700
-9.597400
-8.631200
-8.631200
-8.631200
-2.834100
4.895300
9.726200
15.523000
16.490000
12.625000
8.760100
6.827700
2.963000
-0.901770
1.030600
1.030600
1.996800
0.064410
-1.868000
-0.901770
-2.834100
-2.834100
-1.868000
-1.868000
-0.901770
0.064410
-1.868000
-3.800300
-3.800300
0.064410
1.030600
-0.901770
-1.868000
-3.800300
-0.901770
3.929100
4.895300
3.929100
2.963000
3.929100
1.996800
-2.834100
-3.800300
-3.800300
-3.800300
-4.766500
-4.766500
-5.732700
-8.631200
-6.698900
-2.834100
-0.901770
2.963000
6.827700
8.760100
12.625000
15.523000
15.523000
13.591000
11.659000
13.591000
15.523000
14.557000
11.659000
6.827700
2.963000
-2.834100
-11.530000
-14.428000
-12.496000
-11.530000
-12.496000
-13.462000
-10.564000
-4.766500
-3.800300
-2.834100
1.996800
6.827700
8.760100
9.726200
12.625000
13.591000
14.557000
10.692000
4.895300
-3.800300
-10.564000
-12.496000
-14.428000
-15.395000
-12.496000
-10.564000
-8.631200
-6.698900
-5.732700
-2.834100
1.996800
6.827700
11.659000
17.455999
17.455999
14.557000
8.760100
2.963000
0.064410
-0.901770
-2.834100
-1.868000
1.996800
4.895300
4.895300
4.895300
8.760100
10.692000
9.726200
6.827700
1.030600
-1.868000
0.064410
0.064410
1.030600
5.861500
7.793900
9.726200
11.659000
14.557000
18.422001
21.320000
17.455999
13.591000
8.760100
-0.901770
-8.631200
-9.597400
-10.564000
-14.428000
-16.361000
-19.259001
-20.225000
-22.158001
-19.259001
-13.462000
-11.530000
-13.462000
-10.564000
-6.698900
-0.901770
5.861500
8.760100
11.659000
14.557000
11.659000
6.827700
-1.868000
-10.564000
-18.292999
-25.056000
-30.853001
-31.820000
-33.751999
-31.820000
-21.191999
-10.564000
3.929100
14.557000
20.354000
21.320000
21.320000
20.354000
15.523000
12.625000
10.692000
5.861500
3.929100
1.030600
-3.800300
-6.698900
-8.631200
-15.395000
-24.090000
-26.989000
-26.989000
-18.292999
-5.732700
-0.901770
4.895300
9.726200
14.557000
14.557000
20.354000
26.150999
29.049999
31.948000
33.881001
32.915001
30.016001
26.150999
22.287001
16.490000
8.760100
3.929100
1.030600
1.996800
5.861500
10.692000
21.320000
28.084000
27.118000
25.184999
20.354000
16.490000
6.827700
-2.834100
-9.597400
-11.530000
-13.462000
-14.428000
-14.428000
-13.462000
-15.395000
-16.361000
-16.361000
-13.462000
-16.361000
-18.292999
-18.292999
-22.158001
-22.158001
-19.259001
-15.395000
-12.496000
-15.395000
-20.225000
-26.989000
-26.989000
-25.056000
-23.124001
-25.056000
-24.090000
-22.158001
-16.361000
-7.665100
-2.834100
1.030600
2.963000
0.064410
1.030600
1.030600
0.064410
1.030600
1.996800
-0.901770
-1.868000
-7.665100
-13.462000
-11.530000
-9.597400
-8.631200
-3.800300
1.030600
2.963000
3.929100
7.793900
12.625000
18.422001
23.253000
22.287001
20.354000
19.388000
14.557000
5.861500
1.996800
4.895300
9.726200
16.490000
17.455999
15.523000
10.692000
5.861500
1.030600
1.030600
1.996800
2.963000
5.861500
5.861500
5.861500
1.030600
-7.665100
-16.361000
-20.225000
-20.225000
-11.530000
-4.766500
-4.766500
-4.766500
-3.800300
1.996800
6.827700
10.692000
10.692000
9.726200
7.793900
10.692000
12.625000
6.827700
-2.834100
-11.530000
-19.259001
-22.158001
-20.225000
-17.327000
-10.564000
-9.597400
-7.665100
-1.868000
1.996800
2.963000
1.996800
1.030600
-0.901770
-0.901770
2.963000
3.929100
1.996800
-0.901770
-3.800300
-8.631200
-8.631200
-8.631200
-9.597400
-6.698900
-4.766500
-3.800300
-3.800300
-0.901770
1.996800
3.929100
2.963000
1.030600
2.963000
8.760100
13.591000
16.490000
17.455999
17.455999
17.455999
16.490000
15.523000
16.490000
17.455999
14.557000
11.659000
8.760100
3.929100
1.030600
0.064410
-1.868000
-0.901770
0.064410
-0.901770
-1.868000
2.963000
11.659000
19.388000
22.287001
22.287001
20.354000
17.455999
11.659000
5.861500
3.929100
1.030600
-4.766500
-9.597400
-8.631200
-7.665100
-3.800300
0.064410
2.963000
10.692000
10.692000
3.929100
-3.800300
-10.564000
-14.428000
-13.462000
-6.698900
-3.800300
-2.834100
0.064410
3.929100
4.895300
5.861500
4.895300
-0.901770
-9.597400
-10.564000
-5.732700
-1.868000
1.996800
10.692000
17.455999
22.287001
25.184999
25.184999
25.184999
23.253000
15.523000
7.793900
-1.868000
-13.462000
-24.090000
-31.820000
-32.785999
-30.853001
-27.955000
-24.090000
-16.361000
-8.631200
-2.834100
0.064410
-1.868000
0.064410
5.861500
9.726200
9.726200
5.861500
1.030600
-5.732700
-11.530000
-16.361000
-21.191999
-24.090000
-19.259001
-9.597400
-2.834100
3.929100
9.726200
12.625000
13.591000
11.659000
12.625000
8.760100
5.861500
0.064410
-9.597400
-19.259001
-21.191999
-19.259001
-15.395000
-8.631200
-0.901770
2.963000
5.861500
8.760100
9.726200
7.793900
6.827700
1.996800
-2.834100
-6.698900
-13.462000
-18.292999
-18.292999
-15.395000
-14.428000
-10.564000
-3.800300
2.963000
10.692000
15.523000
19.388000
16.490000
10.692000
3.929100
-5.732700
-18.292999
-25.056000
-22.158001
-15.395000
-11.530000
-8.631200
-4.766500
-0.901770
4.895300
7.793900
9.726200
8.760100
1.030600
-7.665100
-14.428000
-21.191999
-20.225000
-15.395000
-13.462000
-8.631200
1.030600
8.760100
11.659000
11.659000
15.523000
16.490000
11.659000
3.929100
1.996800
2.963000
1.996800
1.030600
0.064410
-2.834100
-3.800300
0.064410
5.861500
11.659000
15.523000
17.455999
14.557000
15.523000
17.455999
21.320000
17.455999
13.591000
10.692000
4.895300
1.996800
-1.868000
-7.665100
-5.732700
-4.766500
-0.901770
6.827700
12.625000
14.557000
16.490000
17.455999
16.490000
13.591000
8.760100
2.963000
-1.868000
-3.800300
-7.665100
-10.564000
-11.530000
-8.631200
-2.834100
1.996800
4.895300
8.760100
12.625000
11.659000
10.692000
9.726200
6.827700
2.963000
2.963000
2.963000
0.064410
-1.868000
-8.631200
-17.327000
-20.225000
-20.225000
-17.327000
-14.428000
-11.530000
-9.597400
-5.732700
-4.766500
-3.800300
-2.834100
-1.868000
1.996800
2.963000
0.064410
-0.901770
-0.901770
0.064410
0.064410
-2.834100
-6.698900
-8.631200
-7.665100
-6.698900
0.064410
7.793900
11.659000
7.793900
1.030600
-1.868000
-1.868000
-6.698900
