-0.192310
-3.076900
-6.923100
-7.884600
-3.076900
11.346000
8.461500
1.730800
3.653800
2.692300
2.692300
0.769230
0.769230
3.653800
-1.153800
-1.153800
-0.192310
-1.153800
-4.038500
-6.923100
-5.961500
0.769230
-3.076900
-1.153800
-2.115400
-6.923100
-7.884600
-3.076900
1.730800
4.615400
-0.192310
-5.000000
-5.961500
-5.000000
-5.961500
-5.961500
-5.000000
3.653800
6.538500
9.423100
5.576900
0.769230
8.461500
9.423100
-0.192310
-5.000000
-1.153800
1.730800
-0.192310
-3.076900
0.769230
2.692300
-1.153800
-2.115400
-5.961500
-1.153800
3.653800
-4.038500
-5.000000
-4.038500
-1.153800
-3.076900
-7.884600
-2.115400
0.769230
0.769230
2.692300
2.692300
-1.153800
-3.076900
-1.153800
-2.115400
4.615400
1.730800
-2.115400
-3.076900
2.692300
2.692300
-1.153800
0.769230
8.461500
7.500000
3.653800
-0.192310
-2.115400
-3.076900
1.730800
-0.192310
5.576900
1.730800
1.730800
9.423100
-1.153800
-7.884600
-1.153800
-2.115400
-4.038500
0.769230
4.615400
6.538500
6.538500
0.769230
-5.961500
-5.961500
-11.731000
-10.769000
-2.115400
-2.115400
2.692300
6.538500
10.385000
11.346000
5.576900
-3.076900
-14.615000
-18.462000
-9.807700
5.576900
15.192000
1.730800
-6.923100
-3.076900
-13.654000
-19.423000
-25.191999
-23.268999
-14.615000
-6.923100
0.769230
1.730800
3.653800
17.115000
13.269000
2.692300
10.385000
10.385000
3.653800
5.576900
6.538500
12.308000
16.153999
17.115000
14.231000
10.385000
8.461500
2.692300
0.769230
-2.115400
-3.076900
-5.000000
-6.923100
-4.038500
-3.076900
-3.076900
-2.115400
-4.038500
-10.769000
-17.500000
-12.692000
-2.115400
-1.153800
-2.115400
2.692300
-0.192310
-4.038500
1.730800
8.461500
6.538500
4.615400
2.692300
-1.153800
0.769230
1.730800
6.538500
4.615400
3.653800
5.576900
4.615400
5.576900
-2.115400
-4.038500
-1.153800
3.653800
3.653800
-3.076900
-1.153800
-2.115400
-5.961500
-6.923100
-4.038500
-4.038500
-1.153800
3.653800
3.653800
6.538500
1.730800
2.692300
1.730800
-2.115400
-9.807700
-7.884600
0.769230
-3.076900
-3.076900
2.692300
-6.923100
-9.807700
-0.192310
3.653800
1.730800
2.692300
-1.153800
-3.076900
-2.115400
5.576900
2.692300
-2.115400
0.769230
6.538500
2.692300
0.769230
4.615400
1.730800
0.769230
4.615400
-0.192310
0.769230
0.769230
-0.192310
5.576900
-1.153800
-5.000000
-0.192310
-3.076900
-5.961500
-5.961500
3.653800
1.730800
-2.115400
0.769230
2.692300
0.769230
-1.153800
-3.076900
-0.192310
3.653800
11.346000
1.730800
-5.961500
-3.076900
3.653800
-5.000000
-10.769000
-7.884600
-10.769000
-10.769000
-9.807700
-8.846200
-5.000000
-5.000000
-5.000000
1.730800
4.615400
1.730800
-2.115400
-1.153800
-2.115400
0.769230
-0.192310
-0.192310
3.653800
4.615400
2.692300
1.730800
7.500000
10.385000
0.769230
-5.000000
4.615400
7.500000
6.538500
1.730800
4.615400
9.423100
0.769230
-1.153800
-1.153800
-3.076900
0.769230
0.769230
-1.153800
-2.115400
-1.153800
-1.153800
0.769230
9.423100
3.653800
-0.192310
3.653800
5.576900
4.615400
0.769230
-5.000000
-6.923100
-2.115400
2.692300
1.730800
-2.115400
-5.961500
-5.961500
-5.961500
-4.038500
1.730800
-0.192310
-3.076900
2.692300
0.769230
-1.153800
5.576900
7.500000
7.500000
14.231000
10.385000
8.461500
8.461500
0.769230
-2.115400
0.769230
-2.115400
-2.115400
7.500000
-1.153800
-6.923100
-1.153800
1.730800
2.692300
0.769230
-2.115400
6.538500
7.500000
3.653800
2.692300
2.692300
0.769230
-1.153800
10.385000
7.500000
-2.115400
-0.192310
-3.076900
-3.076900
0.769230
-5.000000
-10.769000
-8.846200
-1.153800
-0.192310
-0.192310
-4.038500
-8.846200
-6.923100
-10.769000
-14.615000
-12.692000
-9.807700
-10.769000
-12.692000
-1.153800
1.730800
-5.000000
-9.807700
-5.000000
0.769230
-1.153800
-4.038500
1.730800
3.653800
0.769230
-5.961500
-0.192310
4.615400
-2.115400
-5.000000
-1.153800
7.500000
7.500000
2.692300
-0.192310
0.769230
4.615400
4.615400
-2.115400
-7.884600
-4.038500
2.692300
-2.115400
-0.192310
7.500000
11.346000
11.346000
3.653800
-1.153800
-2.115400
1.730800
4.615400
5.576900
1.730800
3.653800
-0.192310
-2.115400
-0.192310
-0.192310
6.538500
10.385000
5.576900
-1.153800
-6.923100
10.385000
9.423100
0.769230
3.653800
3.653800
2.692300
5.576900
3.653800
3.653800
6.538500
7.500000
5.576900
4.615400
2.692300
4.615400
2.692300
4.615400
-2.115400
-2.115400
-2.115400
-3.076900
-1.153800
-2.115400
-3.076900
-6.923100
-7.884600
-9.807700
-9.807700
-6.923100
-11.731000
-9.807700
-5.000000
-5.000000
-15.577000
-14.615000
-3.076900
-8.846200
-7.884600
-8.846200
-10.769000
-5.961500
-1.153800
1.730800
5.576900
7.500000
-2.115400
-9.807700
-5.000000
-5.000000
-2.115400
3.653800
-0.192310
1.730800
5.576900
3.653800
0.769230
3.653800
2.692300
-1.153800
3.653800
5.576900
7.500000
-2.115400
-8.846200
-4.038500
-5.961500
-5.000000
-1.153800
0.769230
1.730800
0.769230
0.769230
3.653800
6.538500
7.500000
7.500000
10.385000
9.423100
5.576900
1.730800
3.653800
3.653800
4.615400
6.538500
2.692300
1.730800
3.653800
4.615400
-0.192310
-1.153800
6.538500
5.576900
7.500000
5.576900
4.615400
1.730800
-2.115400
4.615400
2.692300
-1.153800
-5.000000
-5.961500
-4.038500
-1.153800
4.615400
2.692300
1.730800
-0.192310
-9.807700
-5.961500
-2.115400
-5.961500
-5.961500
-0.192310
-2.115400
-2.115400
-1.153800
1.730800
-1.153800
-8.846200
-2.115400
8.461500
3.653800
8.461500
10.385000
2.692300
-0.192310
-0.192310
-4.038500
-1.153800
-3.076900
1.730800
5.576900
7.500000
8.461500
4.615400
2.692300
1.730800
6.538500
11.346000
11.346000
7.500000
4.615400
6.538500
8.461500
1.730800
-6.923100
-4.038500
1.730800
1.730800
-0.192310
-2.115400
-1.153800
-2.115400
-0.192310
-2.115400
-5.961500
1.730800
1.730800
-1.153800
4.615400
2.692300
-8.846200
-5.961500
-5.961500
-5.000000
0.769230
1.730800
-2.115400
1.730800
5.576900
5.576900
3.653800
-2.115400
-5.000000
4.615400
0.769230
-5.961500
-3.076900
-3.076900
-6.923100
-11.731000
-7.884600
-5.961500
-4.038500
-2.115400
1.730800
4.615400
5.576900
2.692300
2.692300
0.769230
-2.115400
-4.038500
-6.923100
-5.961500
-0.192310
0.769230
-2.115400
-2.115400
-1.153800
-1.153800
-1.153800
-0.192310
-2.115400
3.653800
3.653800
1.730800
5.576900
-2.115400
-3.076900
-2.115400
-14.615000
-16.538000
-9.807700
-5.000000
-2.115400
4.615400
11.346000
12.308000
8.461500
6.538500
6.538500
1.730800
0.769230
-5.000000
-10.769000
-13.654000
-13.654000
-8.846200
-7.884600
-11.731000
-11.731000
-3.076900
-3.076900
-0.192310
3.653800
3.653800
0.769230
-1.153800
1.730800
-1.153800
0.769230
3.653800
2.692300
6.538500
7.500000
6.538500
2.692300
-3.076900
-3.076900
0.769230
7.500000
3.653800
-3.076900
0.769230
0.769230
-3.076900
-5.961500
-7.884600
-4.038500
-12.692000
-13.654000
-3.076900
1.730800
0.769230
-6.923100
-7.884600
-1.153800
-1.153800
-1.153800
6.538500
2.692300
-6.923100
-2.115400
0.769230
-2.115400
-1.153800
-5.000000
-2.115400
-0.192310
-7.884600
-6.923100
1.730800
9.423100
9.423100
9.423100
13.269000
3.653800
3.653800
3.653800
0.769230
5.576900
-3.076900
-4.038500
-4.038500
-2.115400
0.769230
4.615400
4.615400
2.692300
-1.153800
0.769230
8.461500
5.576900
1.730800
7.500000
1.730800
0.769230
1.730800
-1.153800
-1.153800
-3.076900
-2.115400
1.730800
-0.192310
0.769230
7.500000
6.538500
6.538500
7.500000
-2.115400
-5.000000
1.730800
9.423100
2.692300
-3.076900
0.769230
4.615400
4.615400
2.692300
-0.192310
-0.192310
1.730800
3.653800
3.653800
5.576900
14.231000
7.500000
-6.923100
-2.115400
1.730800
1.730800
0.769230
-3.076900
0.769230
-0.192310
0.769230
4.615400
4.615400
2.692300
6.538500
2.692300
5.576900
1.730800
-4.038500
-1.153800
-3.076900
0.769230
10.385000
10.385000
4.615400
0.769230
-4.038500
-3.076900
2.692300
4.615400
6.538500
2.692300
0.769230
-3.076900
-8.846200
1.730800
8.461500
4.615400
4.615400
-2.115400
-3.076900
-4.038500
-10.769000
-10.769000
-8.846200
-3.076900
1.730800
6.538500
3.653800
-6.923100
-11.731000
-9.807700
-6.923100
0.769230
3.653800
1.730800
3.653800
-2.115400
-5.000000
-3.076900
-5.000000
-1.153800
-1.153800
-4.038500
-3.076900
-4.038500
-10.769000
-11.731000
-13.654000
-16.538000
-12.692000
-16.538000
-21.346001
-18.462000
-13.654000
-6.923100
0.769230
5.576900
15.192000
14.231000
7.500000
4.615400
10.385000
5.576900
-0.192310
1.730800
5.576900
10.385000
6.538500
1.730800
-1.153800
6.538500
2.692300
0.769230
9.423100
1.730800
-3.076900
3.653800
3.653800
0.769230
-1.153800
2.692300
-2.115400
-5.961500
-0.192310
4.615400
0.769230
-2.115400
0.769230
4.615400
-3.076900
-3.076900
4.615400
0.769230
-0.192310
4.615400
10.385000
9.423100
2.692300
1.730800
1.730800
-5.961500
-9.807700
-8.846200
-7.884600
-1.153800
2.692300
7.500000
9.423100
0.769230
-5.000000
-4.038500
0.769230
3.653800
-0.192310
0.769230
4.615400
1.730800
-1.153800
-2.115400
1.730800
4.615400
-1.153800
1.730800
2.692300
-2.115400
2.692300
2.692300
6.538500
4.615400
2.692300
-1.153800
-2.115400
-3.076900
-5.961500
-5.961500
-7.884600
-9.807700
-5.961500
0.769230
3.653800
0.769230
-0.192310
2.692300
1.730800
5.576900
1.730800
-5.961500
-3.076900
-4.038500
-5.961500
-2.115400
0.769230
1.730800
4.615400
5.576900
6.538500
6.538500
2.692300
0.769230
-3.076900
-2.115400
-3.076900
-5.961500
-5.961500
-3.076900
2.692300
6.538500
9.423100
5.576900
5.576900
6.538500
4.615400
9.423100
11.346000
-1.153800
-5.000000
-5.000000
-8.846200
-7.884600
-10.769000
-6.923100
-6.923100
-9.807700
-7.884600
-6.923100
-3.076900
0.769230
0.769230
-5.961500
-7.884600
1.730800
4.615400
-6.923100
-9.807700
-2.115400
0.769230
3.653800
3.653800
4.615400
4.615400
1.730800
2.692300
7.500000
13.269000
6.538500
-0.192310
4.615400
-0.192310
-4.038500
1.730800
-1.153800
1.730800
5.576900
7.500000
10.385000
5.576900
-0.192310
4.615400
10.385000
4.615400
8.461500
9.423100
-3.076900
-7.884600
-2.115400
0.769230
-4.038500
-7.884600
-7.884600
-7.884600
-6.923100
-1.153800
2.692300
-0.192310
-1.153800
-3.076900
-6.923100
-6.923100
-10.769000
-8.846200
-7.884600
-2.115400
3.653800
0.769230
-1.153800
0.769230
-0.192310
-2.115400
1.730800
