-5.940600
-8.580900
-6.600700
-1.320100
5.280500
4.620500
3.960400
13.201000
14.521000
8.580900
9.901000
5.940600
6.600700
0.660070
-1.980200
0.660070
2.640300
-3.960400
-4.620500
-3.960400
-3.300300
-6.600700
-9.240900
-3.300300
-1.980200
1.320100
3.300300
-1.980200
-3.960400
0.660070
1.320100
-1.980200
-1.980200
-1.320100
-11.221000
-17.822001
-13.201000
-7.920800
-9.901000
-11.221000
-1.320100
1.320100
-5.280500
-8.580900
-12.541000
-5.280500
0.000000
-1.980200
-1.320100
6.600700
2.640300
0.000000
-1.320100
-2.640300
2.640300
0.660070
3.300300
-2.640300
-0.660070
1.320100
-2.640300
-0.660070
-1.320100
-5.940600
-2.640300
5.280500
1.980200
8.580900
5.940600
-4.620500
-8.580900
-15.842000
-17.822001
-14.521000
-7.920800
-4.620500
-8.580900
-13.861000
-13.201000
-13.201000
-5.940600
-7.260700
-9.240900
-1.320100
1.980200
-5.280500
0.000000
3.960400
-3.300300
3.300300
8.580900
7.260700
11.221000
11.221000
-3.300300
-5.280500
-3.300300
-3.300300
-1.320100
-2.640300
5.940600
7.260700
10.561000
8.580900
6.600700
12.541000
20.462000
21.782000
22.441999
23.761999
22.441999
25.743000
13.861000
4.620500
15.182000
16.502001
12.541000
11.881000
12.541000
11.221000
19.142000
15.182000
9.240900
11.881000
11.881000
10.561000
0.660070
-7.260700
0.000000
3.300300
-1.320100
1.980200
0.000000
0.000000
-1.320100
-3.960400
-0.660070
1.980200
7.260700
3.960400
-5.280500
-11.881000
-15.182000
-16.502001
-13.861000
-13.861000
-13.861000
-13.861000
-16.502001
-20.462000
-17.822001
-9.901000
-4.620500
0.000000
-9.240900
-13.201000
-9.901000
-7.260700
-6.600700
-8.580900
-13.861000
-15.182000
-16.502001
-19.142000
-15.182000
-14.521000
-7.920800
-7.920800
-15.842000
-11.221000
-5.280500
-14.521000
-12.541000
-1.980200
0.000000
-7.260700
-11.881000
-13.861000
-20.462000
-21.782000
-4.620500
3.960400
0.000000
-5.280500
-4.620500
2.640300
7.920800
6.600700
2.640300
4.620500
3.300300
0.660070
-3.960400
-4.620500
-4.620500
-4.620500
-3.300300
4.620500
9.240900
11.881000
17.162001
15.842000
7.920800
11.221000
13.861000
21.122000
22.441999
27.063000
21.782000
11.221000
7.260700
9.901000
10.561000
9.901000
16.502001
10.561000
4.620500
11.881000
13.201000
19.802000
23.101999
13.861000
15.842000
29.042999
29.042999
19.802000
20.462000
20.462000
15.182000
19.802000
13.201000
12.541000
17.162001
24.422001
25.083000
14.521000
10.561000
11.221000
9.901000
11.881000
15.182000
12.541000
12.541000
16.502001
19.802000
17.162001
21.782000
16.502001
4.620500
0.000000
6.600700
7.260700
0.660070
4.620500
7.260700
3.300300
0.000000
-1.320100
-3.960400
0.000000
8.580900
3.960400
2.640300
9.240900
19.142000
13.201000
2.640300
0.660070
-5.940600
-13.201000
-5.940600
-8.580900
-13.861000
-14.521000
-17.822001
-18.482000
-13.201000
-1.320100
10.561000
16.502001
20.462000
12.541000
12.541000
5.280500
-3.960400
5.280500
2.640300
-4.620500
-0.660070
-3.300300
-2.640300
-7.260700
-17.162001
-15.842000
-11.221000
-8.580900
-0.660070
7.260700
7.260700
2.640300
-7.260700
-17.162001
-23.761999
-29.702999
-23.761999
-9.240900
-10.561000
-17.162001
-19.142000
-16.502001
-11.881000
-11.881000
-7.260700
-7.920800
-5.280500
-2.640300
1.320100
-1.980200
-11.881000
-15.182000
-19.802000
-15.842000
-13.861000
-13.201000
-9.901000
-7.260700
-1.320100
3.960400
0.660070
-3.960400
-0.660070
-4.620500
-10.561000
-1.320100
0.000000
-1.980200
-3.960400
-7.920800
-5.940600
-7.920800
-16.502001
-21.122000
-11.221000
3.300300
6.600700
7.920800
11.221000
11.881000
5.280500
-1.320100
0.660070
9.901000
9.240900
12.541000
16.502001
16.502001
18.482000
9.901000
0.660070
0.660070
-4.620500
-5.940600
-6.600700
-1.980200
-6.600700
-14.521000
-16.502001
-15.842000
-20.462000
-19.802000
-14.521000
-12.541000
-7.920800
-9.901000
-22.441999
-21.782000
-11.881000
-9.240900
-8.580900
-5.940600
-9.240900
-7.260700
-7.920800
-14.521000
-12.541000
-11.221000
-11.881000
-6.600700
-7.920800
-14.521000
-15.182000
-9.901000
-2.640300
-7.260700
-11.881000
-5.280500
-8.580900
-15.842000
-11.881000
-11.221000
-9.901000
-17.162001
-15.842000
-11.881000
-10.561000
-12.541000
-7.920800
-1.980200
-5.940600
-3.960400
-1.320100
-2.640300
-5.280500
-1.320100
-3.960400
-3.960400
3.960400
8.580900
11.221000
7.260700
9.901000
11.221000
5.280500
9.240900
13.861000
13.201000
4.620500
9.901000
1.980200
-11.881000
-13.861000
-5.940600
-3.960400
-3.960400
7.260700
11.221000
13.861000
14.521000
14.521000
21.782000
13.861000
6.600700
15.182000
16.502001
15.842000
5.940600
5.940600
9.240900
5.280500
2.640300
5.940600
1.980200
9.240900
4.620500
-2.640300
-3.960400
-5.940600
-6.600700
-1.980200
-7.920800
-8.580900
-7.920800
-16.502001
-11.881000
-0.660070
2.640300
10.561000
1.980200
-0.660070
11.221000
9.901000
3.960400
-1.320100
-2.640300
0.660070
0.000000
-8.580900
-9.901000
-6.600700
-5.940600
3.300300
1.320100
-6.600700
-6.600700
-3.960400
-0.660070
-1.980200
-9.901000
-3.300300
-3.960400
-3.960400
-4.620500
-6.600700
-5.940600
-1.320100
7.920800
6.600700
-3.960400
-0.660070
5.940600
3.960400
-2.640300
-5.940600
4.620500
0.660070
-11.881000
-9.901000
-11.881000
-17.822001
-9.240900
-7.920800
-5.940600
-1.980200
-0.660070
6.600700
15.182000
17.162001
16.502001
21.122000
10.561000
-3.300300
-4.620500
0.660070
2.640300
3.960400
4.620500
8.580900
5.280500
1.320100
4.620500
0.660070
0.660070
2.640300
8.580900
11.221000
10.561000
8.580900
11.881000
8.580900
9.901000
11.881000
11.221000
15.182000
7.920800
1.980200
3.300300
-1.320100
-3.300300
0.660070
14.521000
11.881000
-2.640300
-9.240900
-5.280500
-6.600700
-9.901000
-13.201000
-8.580900
-10.561000
-6.600700
-0.660070
-1.320100
-0.660070
9.901000
5.280500
-4.620500
-7.260700
-9.240900
-7.920800
-4.620500
-5.940600
-3.960400
-7.260700
-8.580900
-10.561000
-7.920800
-2.640300
-8.580900
-14.521000
-9.240900
-15.842000
-19.802000
-7.260700
-1.320100
5.280500
9.240900
11.221000
1.980200
-1.320100
-2.640300
1.980200
1.320100
0.660070
0.000000
1.320100
-4.620500
-3.300300
1.980200
6.600700
1.980200
3.300300
6.600700
3.960400
9.901000
11.881000
23.101999
16.502001
8.580900
5.940600
6.600700
6.600700
1.980200
9.901000
9.240900
-1.320100
0.660070
3.300300
7.260700
9.901000
19.142000
13.201000
2.640300
-6.600700
-4.620500
5.280500
2.640300
-3.300300
5.280500
6.600700
1.980200
5.940600
10.561000
13.861000
15.842000
17.822001
17.162001
15.842000
13.861000
3.960400
1.320100
-0.660070
5.940600
6.600700
2.640300
10.561000
7.920800
5.280500
6.600700
9.901000
-4.620500
-11.221000
-7.920800
-2.640300
-2.640300
-7.260700
-11.881000
-3.960400
-8.580900
-8.580900
-1.980200
5.940600
9.240900
4.620500
1.980200
3.960400
1.320100
5.280500
7.260700
5.280500
1.320100
-5.280500
-9.901000
-5.940600
-0.660070
-0.660070
-3.300300
3.300300
9.240900
9.240900
11.221000
8.580900
8.580900
23.761999
16.502001
13.201000
16.502001
12.541000
10.561000
15.182000
9.240900
9.901000
16.502001
11.881000
8.580900
8.580900
5.280500
2.640300
1.320100
-3.300300
0.000000
-2.640300
0.000000
-3.960400
-9.901000
-11.221000
-9.240900
-5.940600
-7.260700
-8.580900
-11.221000
-11.221000
-8.580900
-0.660070
-5.280500
-13.861000
-7.260700
-3.960400
-6.600700
-8.580900
-1.980200
0.000000
-6.600700
-1.980200
0.660070
10.561000
10.561000
-4.620500
-4.620500
-9.240900
-1.980200
-5.940600
-15.842000
-9.901000
-1.980200
5.280500
1.980200
0.000000
9.901000
13.861000
3.960400
-2.640300
0.000000
5.280500
4.620500
6.600700
1.980200
1.980200
4.620500
3.300300
3.960400
7.260700
7.920800
7.260700
10.561000
3.960400
-1.320100
-2.640300
0.660070
0.660070
1.980200
-1.320100
-1.320100
3.300300
3.960400
0.000000
-5.940600
-7.260700
-2.640300
0.660070
2.640300
6.600700
6.600700
10.561000
10.561000
15.842000
15.182000
9.240900
13.201000
15.182000
7.920800
5.280500
1.320100
-2.640300
0.660070
-9.240900
-12.541000
-12.541000
-11.221000
-7.260700
-6.600700
1.320100
5.280500
7.260700
4.620500
11.221000
16.502001
17.162001
18.482000
15.182000
18.482000
14.521000
11.881000
20.462000
14.521000
12.541000
21.782000
13.861000
9.240900
7.260700
3.960400
5.280500
1.320100
3.300300
11.881000
8.580900
6.600700
5.280500
5.940600
12.541000
15.182000
13.201000
7.260700
4.620500
7.920800
9.240900
9.240900
5.940600
2.640300
-3.300300
-8.580900
-6.600700
-3.300300
1.320100
-14.521000
-25.083000
-15.842000
-17.822001
-9.901000
-7.260700
-8.580900
-1.980200
-5.940600
-0.660070
13.201000
15.182000
7.260700
-3.960400
-3.960400
-1.980200
-5.940600
-5.280500
-4.620500
-5.280500
-5.940600
-6.600700
-2.640300
4.620500
7.260700
14.521000
9.901000
0.660070
5.280500
-0.660070
-7.920800
-11.881000
-11.881000
-13.861000
-16.502001
-12.541000
-6.600700
-10.561000
-8.580900
-6.600700
-6.600700
0.000000
-5.280500
-5.280500
-1.320100
3.300300
-3.300300
3.960400
-3.300300
-19.142000
-21.122000
-22.441999
-15.842000
-8.580900
-0.660070
-5.280500
-5.280500
-3.300300
-0.660070
3.960400
5.940600
-3.300300
-17.162001
-15.182000
-11.221000
-9.240900
-11.881000
-5.280500
-1.320100
-7.260700
-9.240900
-9.240900
-7.920800
7.920800
5.280500
-0.660070
-0.660070
-1.980200
0.660070
1.980200
-0.660070
0.660070
-3.300300
-6.600700
-8.580900
1.320100
2.640300
5.280500
-4.620500
-10.561000
-8.580900
-9.901000
-5.940600
-4.620500
3.300300
3.300300
-1.320100
-5.280500
-9.240900
-3.960400
-3.960400
-0.660070
5.940600
-4.620500
-11.881000
-7.920800
-12.541000
-7.920800
-7.260700
-11.221000
-14.521000
-7.920800
3.300300
14.521000
11.881000
5.940600
5.940600
7.260700
7.260700
7.260700
0.660070
-8.580900
-12.541000
-14.521000
-9.901000
-4.620500
-3.960400
-8.580900
-9.901000
-9.901000
-5.940600
9.901000
3.960400
-3.300300
3.300300
7.920800
7.260700
2.640300
-1.980200
-4.620500
-7.260700
-9.901000
-15.842000
-16.502001
-15.182000
-7.920800
-15.182000
-21.782000
-13.861000
0.000000
-3.960400
-6.600700
10.561000
11.221000
8.580900
8.580900
5.940600
-1.320100
-12.541000
1.320100
5.940600
-8.580900
-7.920800
0.000000
1.980200
1.320100
-4.620500
-11.881000
-3.960400
7.920800
3.960400
1.980200
4.620500
1.980200
5.940600
5.280500
-2.640300
-3.300300
-0.660070
5.940600
5.280500
-5.940600
-7.260700
-3.960400
1.980200
6.600700
0.000000
-6.600700
-3.960400
-3.300300
1.980200
