-1.990000
-1.326700
4.643400
9.286900
11.277000
5.306800
3.980100
12.604000
17.910000
13.267000
9.950200
3.980100
3.316700
-1.326700
-1.326700
5.306800
5.306800
-2.653400
-2.653400
-4.643400
-5.970100
-7.296800
-7.296800
-5.306800
-0.663350
1.990000
0.000000
0.000000
-4.643400
-1.990000
-2.653400
-12.604000
-15.920000
-9.950200
-12.604000
-15.257000
-16.584000
-15.920000
-13.267000
-8.623500
0.663350
0.663350
-7.296800
-10.614000
-11.277000
-6.633500
-1.326700
-0.663350
-1.990000
2.653400
-3.980100
-8.623500
-5.306800
-7.296800
-5.970100
-5.970100
-3.316700
-3.980100
-1.990000
-1.326700
-3.316700
-3.316700
-4.643400
-7.960200
-5.970100
0.000000
3.980100
11.940000
6.633500
3.316700
1.990000
-7.296800
-9.286900
-7.296800
-0.663350
1.990000
-4.643400
-11.940000
-13.930000
-14.594000
-1.326700
0.663350
-0.663350
5.970100
11.277000
9.286900
10.614000
15.920000
16.584000
21.226999
24.544001
23.216999
26.534000
20.563999
4.643400
-0.663350
-3.316700
-5.970100
-7.296800
-8.623500
1.990000
3.316700
5.970100
5.970100
6.633500
11.277000
18.573999
23.216999
25.207001
19.900000
16.584000
19.237000
11.277000
1.326700
0.000000
-3.316700
-4.643400
-3.316700
0.663350
3.316700
10.614000
6.633500
0.000000
1.326700
3.316700
1.326700
-2.653400
-5.306800
-0.663350
2.653400
-1.326700
-2.653400
-4.643400
-3.980100
-1.990000
-3.980100
-4.643400
-1.326700
0.000000
-3.980100
-11.277000
-17.910000
-19.237000
-20.563999
-18.573999
-14.594000
-17.910000
-17.247000
-19.237000
-19.237000
-15.257000
-8.623500
-0.663350
9.950200
4.643400
-2.653400
0.000000
5.306800
1.990000
-3.980100
-7.960200
-9.950200
-12.604000
-11.277000
-5.970100
-8.623500
-3.316700
-3.316700
-9.950200
-7.296800
-3.316700
-2.653400
-0.663350
7.296800
7.960200
6.633500
0.663350
-9.286900
-13.930000
-11.940000
-3.316700
3.316700
6.633500
1.990000
2.653400
4.643400
5.306800
9.286900
11.940000
8.623500
1.990000
-0.663350
-6.633500
-4.643400
-5.970100
-8.623500
-9.286900
-7.296800
0.663350
9.286900
13.267000
13.267000
4.643400
5.970100
7.960200
9.286900
13.267000
14.594000
3.316700
-3.980100
-3.316700
-1.990000
0.000000
-0.663350
5.306800
1.326700
-1.990000
8.623500
9.286900
10.614000
13.930000
13.267000
16.584000
19.237000
18.573999
10.614000
4.643400
1.326700
1.326700
5.306800
-0.663350
-3.980100
1.326700
13.267000
16.584000
9.950200
0.000000
-5.306800
-1.326700
1.326700
2.653400
3.980100
8.623500
6.633500
7.960200
15.920000
17.247000
7.296800
0.663350
-0.663350
5.970100
4.643400
-3.316700
-0.663350
3.316700
1.990000
-2.653400
-2.653400
-3.980100
-6.633500
3.980100
1.990000
0.663350
7.296800
14.594000
11.277000
5.970100
2.653400
0.000000
-1.326700
-2.653400
-6.633500
-7.960200
-5.306800
-7.960200
-11.277000
-3.980100
1.990000
7.960200
9.286900
13.267000
8.623500
5.306800
-0.663350
-4.643400
0.663350
-1.990000
-3.316700
3.316700
1.990000
6.633500
3.980100
-3.316700
5.306800
12.604000
9.286900
11.940000
13.930000
5.970100
-6.633500
-15.920000
-25.207001
-31.841000
-34.493999
-31.177000
-24.544001
-27.197001
-33.167000
-34.493999
-29.851000
-19.237000
-11.277000
-1.990000
1.990000
10.614000
15.257000
15.257000
9.950200
3.980100
1.326700
-0.663350
3.980100
7.960200
15.920000
20.563999
17.910000
20.563999
25.871000
22.554001
16.584000
15.920000
11.277000
5.970100
8.623500
6.633500
5.306800
-5.970100
-14.594000
-14.594000
-15.920000
-17.910000
-18.573999
-11.277000
-5.306800
-1.990000
2.653400
6.633500
7.960200
1.990000
-3.316700
1.990000
14.594000
19.900000
20.563999
21.891001
24.544001
25.871000
19.237000
11.277000
3.980100
-7.296800
-8.623500
-11.940000
-6.633500
-9.286900
-23.881001
-29.851000
-32.504002
-33.167000
-34.493999
-33.831001
-29.187000
-22.554001
-21.226999
-25.871000
-25.871000
-19.237000
-12.604000
-2.653400
6.633500
5.306800
5.306800
7.296800
3.316700
-3.980100
-10.614000
-9.950200
0.000000
0.663350
-3.316700
-3.980100
0.663350
7.296800
7.296800
3.316700
0.663350
-7.296800
-9.950200
-9.950200
-11.940000
-11.277000
-15.920000
-18.573999
-13.267000
-5.970100
-6.633500
-2.653400
3.316700
2.653400
5.970100
3.316700
0.663350
-1.990000
1.990000
0.000000
0.663350
7.960200
7.296800
9.286900
8.623500
7.960200
7.960200
1.326700
4.643400
8.623500
8.623500
1.990000
0.663350
-7.960200
-14.594000
-13.930000
-13.930000
-14.594000
-12.604000
0.663350
9.286900
17.247000
21.226999
19.237000
25.207001
20.563999
17.910000
23.881001
16.584000
19.237000
13.267000
9.286900
12.604000
4.643400
-4.643400
-5.306800
-6.633500
1.326700
-2.653400
-11.277000
-9.950200
-11.940000
-11.940000
-7.296800
-9.286900
-8.623500
-7.296800
-7.960200
-5.970100
-0.663350
5.970100
17.247000
14.594000
11.277000
14.594000
14.594000
11.277000
3.980100
-1.326700
-3.316700
-7.296800
-17.247000
-17.910000
-11.940000
-8.623500
0.663350
-3.980100
-9.286900
-9.286900
-5.306800
-2.653400
-5.306800
-8.623500
-1.990000
-5.306800
-5.306800
-4.643400
-7.960200
-6.633500
0.000000
5.970100
8.623500
5.970100
6.633500
6.633500
4.643400
0.663350
-3.980100
6.633500
1.990000
-10.614000
-11.940000
-13.930000
-14.594000
-8.623500
-12.604000
-11.277000
-7.296800
-3.316700
4.643400
16.584000
20.563999
19.237000
21.891001
11.940000
-1.326700
-5.970100
-1.990000
-1.326700
-4.643400
-1.990000
4.643400
2.653400
-2.653400
1.990000
1.326700
-0.663350
1.326700
13.930000
19.900000
20.563999
17.247000
17.247000
17.247000
21.226999
24.544001
16.584000
13.930000
5.306800
-3.316700
-6.633500
-9.286900
-8.623500
-6.633500
8.623500
10.614000
-6.633500
-11.940000
-3.316700
-10.614000
-15.257000
-10.614000
-10.614000
-10.614000
-3.980100
3.316700
7.960200
8.623500
17.910000
11.940000
4.643400
6.633500
6.633500
3.980100
3.316700
0.000000
0.663350
-5.970100
-9.950200
-5.970100
-3.316700
-0.663350
-5.970100
-12.604000
-7.296800
-11.277000
-18.573999
-13.267000
-3.980100
3.980100
5.306800
8.623500
1.326700
0.663350
1.326700
3.980100
1.326700
-4.643400
-5.970100
-6.633500
-9.286900
-5.970100
-1.990000
2.653400
-3.316700
-5.970100
-2.653400
-7.296800
-1.326700
5.970100
15.920000
7.960200
-0.663350
-2.653400
-2.653400
-4.643400
-6.633500
-2.653400
-5.970100
-12.604000
-13.267000
-7.960200
-1.990000
1.990000
11.940000
3.980100
-3.316700
-1.326700
-3.980100
-3.980100
-7.296800
-7.296800
1.326700
1.326700
-1.990000
0.663350
8.623500
15.920000
15.257000
13.930000
13.267000
9.950200
9.286900
3.316700
-1.990000
-3.316700
7.960200
5.306800
4.643400
15.257000
13.930000
12.604000
16.584000
20.563999
11.277000
5.970100
7.296800
9.286900
4.643400
2.653400
-3.980100
-3.980100
-1.990000
0.000000
5.306800
13.267000
17.247000
12.604000
5.970100
7.960200
9.286900
7.296800
7.960200
5.306800
-3.316700
-7.960200
-9.950200
-9.286900
-4.643400
0.000000
1.326700
4.643400
9.950200
11.277000
9.950200
11.940000
13.267000
21.226999
7.296800
-0.663350
0.663350
-1.990000
-1.990000
-0.663350
-3.980100
-1.326700
5.306800
0.663350
-1.326700
5.970100
5.306800
1.326700
-0.663350
-3.316700
3.316700
0.000000
-1.326700
-2.653400
-5.306800
-7.960200
-13.267000
-12.604000
-11.940000
-9.286900
-7.296800
-4.643400
-1.990000
1.326700
-1.326700
-7.960200
-9.286900
-11.277000
-11.940000
-14.594000
-9.950200
-9.286900
-13.267000
-11.277000
-7.296800
1.326700
-1.990000
-9.286900
-11.277000
-14.594000
-4.643400
-5.306800
-10.614000
-1.990000
1.990000
5.970100
2.653400
-2.653400
3.980100
7.960200
1.326700
0.000000
0.663350
0.663350
1.326700
7.296800
1.990000
-3.316700
0.663350
7.960200
11.277000
10.614000
9.950200
9.286900
9.950200
3.980100
-3.316700
-9.286900
-10.614000
-10.614000
-9.286900
-12.604000
-5.970100
5.306800
8.623500
3.980100
1.326700
5.970100
5.306800
5.970100
9.950200
15.257000
13.930000
14.594000
14.594000
19.900000
18.573999
12.604000
9.950200
0.000000
-5.970100
-5.306800
-6.633500
-9.286900
-5.306800
-14.594000
-19.237000
-21.891001
-27.197001
-23.216999
-19.237000
-7.960200
3.980100
7.960200
3.316700
7.960200
19.900000
25.207001
22.554001
16.584000
21.891001
17.910000
12.604000
14.594000
7.296800
6.633500
8.623500
-4.643400
-14.594000
-17.247000
-19.900000
-18.573999
-17.910000
-16.584000
-9.286900
-9.286900
-3.980100
5.306800
13.267000
24.544001
29.851000
30.514000
23.216999
20.563999
23.881001
23.216999
21.226999
16.584000
8.623500
-4.643400
-12.604000
-11.940000
-10.614000
-5.970100
-21.891001
-33.167000
-28.524000
-27.197001
-14.594000
-11.940000
-11.940000
-0.663350
5.306800
12.604000
24.544001
27.197001
21.226999
10.614000
3.980100
0.000000
-2.653400
0.000000
1.326700
1.326700
7.960200
9.950200
9.286900
14.594000
15.257000
15.920000
9.286900
0.000000
-0.663350
-7.960200
-17.247000
-22.554001
-24.544001
-23.216999
-21.891001
-19.237000
-13.930000
-14.594000
-11.940000
-5.306800
-0.663350
10.614000
7.296800
1.326700
0.000000
3.980100
1.990000
8.623500
1.326700
-12.604000
-16.584000
-21.226999
-13.930000
-5.970100
5.970100
1.990000
-1.326700
3.316700
5.306800
5.970100
5.306800
-4.643400
-11.940000
-14.594000
-11.277000
-7.296800
-10.614000
-4.643400
5.970100
4.643400
-2.653400
-3.980100
-2.653400
11.277000
10.614000
5.306800
1.326700
0.663350
0.000000
0.663350
-0.663350
-2.653400
-5.970100
-6.633500
-8.623500
-0.663350
2.653400
5.970100
-1.326700
-7.960200
-3.316700
-1.326700
-0.663350
0.663350
11.277000
7.960200
3.316700
3.980100
0.663350
1.990000
0.000000
0.000000
3.980100
-4.643400
-9.286900
-7.960200
-9.950200
-5.970100
-6.633500
-14.594000
-16.584000
-5.970100
7.296800
21.226999
21.891001
15.920000
13.267000
11.277000
8.623500
5.970100
-3.316700
-14.594000
-17.247000
-18.573999
-12.604000
-3.980100
-3.316700
-7.960200
-5.970100
-4.643400
2.653400
17.910000
15.257000
11.940000
13.930000
13.930000
9.286900
5.306800
4.643400
0.000000
-3.980100
-11.277000
-19.237000
-19.237000
-15.257000
-12.604000
-15.920000
-19.237000
-11.940000
3.980100
8.623500
9.950200
21.891001
21.891001
23.216999
19.237000
11.940000
5.306800
-3.316700
2.653400
0.000000
-15.920000
-19.237000
-11.940000
-9.286900
-5.306800
-7.960200
-14.594000
-5.970100
5.970100
5.306800
5.306800
11.277000
13.267000
14.594000
8.623500
1.990000
2.653400
3.316700
8.623500
7.960200
-1.990000
-3.316700
-2.653400
1.326700
1.990000
-4.643400
-7.296800
0.000000
3.980100
7.296800
