7.536200
24.283001
13.977000
0.450890
28.148001
18.486000
-14.364000
17.198000
38.453999
19.775000
1.095000
-33.688000
-15.652000
8.824500
-0.193240
8.824500
-14.364000
-40.772999
-7.278600
10.113000
15.266000
10.113000
-12.432000
-15.652000
3.671500
11.401000
-15.652000
-0.193240
-4.058000
-5.346200
2.383300
-31.111000
-13.720000
8.824500
-7.278600
-8.566800
-15.008000
-29.823000
-11.787000
17.198000
16.554001
19.129999
1.739100
-15.008000
1.095000
8.824500
4.959700
-12.432000
-4.058000
13.333000
-1.481500
-9.855100
-13.720000
-7.278600
-17.584999
-13.720000
13.333000
9.468600
8.180400
2.383300
-4.702100
10.757000
22.995001
-25.958000
-11.143000
18.486000
-25.313999
8.824500
34.589001
-1.481500
-12.432000
-10.499000
11.401000
20.419001
-8.566800
-7.922700
7.536200
8.824500
4.315600
-31.754999
-18.872999
4.315600
10.757000
10.113000
7.536200
1.095000
-0.193240
1.739100
-19.517000
-27.889999
-0.193240
17.198000
13.333000
6.248000
-2.769700
-11.143000
-2.769700
2.383300
4.959700
15.910000
21.063000
-11.787000
-25.958000
-4.702100
-2.769700
-15.652000
3.027400
24.927999
17.841999
-4.058000
12.689000
22.351000
1.095000
-20.160999
-5.346200
4.959700
-8.566800
-14.364000
6.892100
1.739100
5.603900
-24.025999
-36.908001
4.959700
25.572001
12.689000
12.689000
0.450890
-16.296000
-8.566800
9.468600
7.536200
1.095000
10.757000
12.045000
5.603900
-33.042999
-15.008000
10.113000
-16.296000
4.959700
-4.058000
-34.332001
4.315600
26.860001
21.707001
0.450890
-2.769700
-6.634500
-11.143000
10.113000
1.739100
1.095000
-20.160999
-9.210900
26.216000
11.401000
17.841999
12.689000
-6.634500
-8.566800
-0.837360
-12.432000
-13.720000
8.180400
6.248000
-2.125600
1.739100
-7.922700
-13.720000
-3.413800
12.045000
22.351000
-5.346200
-7.278600
4.315600
6.248000
10.113000
0.450890
-0.837360
-36.908001
-22.738001
24.927999
-2.769700
-8.566800
3.027400
-3.413800
-4.058000
9.468600
16.554001
5.603900
-3.413800
-19.517000
-0.193240
8.180400
-26.601999
-29.823000
10.113000
23.639000
5.603900
2.383300
1.739100
-43.993999
-13.720000
24.283001
2.383300
-0.193240
-40.772999
-35.619999
21.707001
26.216000
14.622000
8.180400
-15.652000
17.841999
14.622000
1.095000
2.383300
6.892100
21.707001
24.283001
-7.278600
-13.720000
15.910000
22.995001
16.554001
2.383300
-25.958000
-36.264000
8.824500
4.315600
3.671500
4.315600
4.315600
32.013000
25.572001
11.401000
-5.346200
16.554001
13.977000
-4.702100
9.468600
11.401000
1.095000
5.603900
4.315600
0.450890
-7.922700
6.248000
-10.499000
-29.179001
-13.076000
6.892100
12.689000
-2.125600
-2.125600
19.129999
15.910000
4.959700
-16.296000
-5.990300
19.775000
8.824500
-18.229000
8.824500
19.129999
6.892100
3.027400
-5.990300
-4.702100
-4.702100
-24.670000
-15.652000
18.486000
30.080999
6.892100
-9.855100
-13.076000
4.959700
5.603900
10.113000
0.450890
-1.481500
-9.855100
-32.398998
-24.670000
-25.958000
-29.823000
-0.837360
-4.702100
-23.382000
2.383300
10.113000
7.536200
13.333000
8.180400
8.824500
-5.990300
-31.754999
-18.229000
8.824500
8.824500
-7.922700
-5.990300
0.450890
-15.652000
-59.452000
-1.481500
38.453999
14.622000
11.401000
-13.076000
-16.296000
-29.823000
16.554001
38.453999
22.351000
12.045000
-9.210900
-27.246000
-22.738001
1.739100
24.927999
21.707001
-0.193240
13.977000
4.315600
-5.346200
-6.634500
-8.566800
16.554001
28.148001
-1.481500
16.554001
-5.346200
13.333000
39.742001
22.351000
-16.940001
-24.025999
-3.413800
19.129999
30.080999
-0.837360
-15.652000
-4.058000
1.095000
-5.990300
17.198000
27.504000
9.468600
-12.432000
-2.125600
-17.584999
-16.940001
5.603900
6.248000
13.333000
15.266000
-12.432000
-20.805000
-2.125600
2.383300
1.095000
18.486000
8.824500
6.892100
-27.246000
-57.520000
-17.584999
22.351000
13.977000
10.757000
-0.837360
-20.805000
-17.584999
-9.855100
-45.925999
-11.787000
25.572001
0.450890
8.824500
-10.499000
-11.787000
21.707001
7.536200
-32.398998
-3.413800
26.216000
27.504000
22.995001
-0.837360
-7.922700
-15.652000
-12.432000
-14.364000
-6.634500
-24.025999
-2.125600
21.063000
-1.481500
-4.702100
-15.652000
-20.805000
12.045000
26.860001
19.129999
-4.702100
-11.787000
-40.772999
0.450890
27.504000
-3.413800
20.419001
14.622000
-17.584999
-18.872999
3.671500
-17.584999
-29.823000
-10.499000
21.707001
2.383300
-21.448999
14.622000
29.436001
11.401000
17.841999
-7.278600
11.401000
5.603900
-10.499000
12.689000
-4.058000
-2.769700
-0.837360
-12.432000
-16.940001
12.045000
30.725000
9.468600
-13.076000
-27.246000
3.671500
41.030998
28.792000
21.063000
17.198000
0.450890
-16.940001
5.603900
13.333000
6.892100
-11.143000
-22.093000
-2.125600
-5.346200
-12.432000
8.824500
-1.481500
-22.738001
-16.296000
-5.346200
4.959700
10.113000
-5.990300
-1.481500
-12.432000
-6.634500
17.841999
16.554001
2.383300
5.603900
9.468600
-13.720000
15.266000
17.841999
-14.364000
3.671500
2.383300
-1.481500
-21.448999
-0.837360
23.639000
19.129999
3.027400
-34.332001
1.739100
29.436001
-24.670000
-38.195999
10.113000
19.775000
-3.413800
4.959700
-0.193240
-14.364000
-33.042999
-36.908001
3.027400
25.572001
-11.787000
-24.025999
15.266000
32.013000
8.824500
-8.566800
2.383300
6.892100
6.248000
-25.313999
-11.143000
7.536200
-2.769700
-9.855100
0.450890
-3.413800
3.027400
9.468600
16.554001
-11.143000
-16.940001
9.468600
12.045000
3.671500
1.095000
1.739100
13.977000
-2.769700
-24.670000
-9.210900
-25.958000
-31.754999
3.671500
3.671500
12.689000
22.351000
7.536200
13.333000
14.622000
10.757000
-6.634500
-3.413800
-9.855100
-25.313999
-25.313999
4.959700
24.283001
6.892100
-6.634500
7.536200
17.841999
-4.058000
15.910000
4.959700
3.027400
14.622000
-0.193240
-4.058000
-0.837360
-13.076000
-26.601999
-2.125600
34.589001
22.351000
-2.769700
8.180400
17.198000
-21.448999
-2.125600
12.689000
-0.193240
-2.125600
-0.837360
-1.481500
-15.652000
-34.976002
-7.278600
13.333000
5.603900
2.383300
-4.702100
-13.720000
13.977000
32.657001
13.333000
12.689000
-8.566800
-24.670000
-13.720000
18.486000
5.603900
3.671500
24.283001
0.450890
-10.499000
17.841999
24.283001
13.333000
-15.008000
-10.499000
14.622000
-1.481500
-17.584999
6.892100
22.351000
-4.702100
8.180400
10.757000
-0.837360
-18.229000
-26.601999
-9.855100
-5.990300
3.027400
10.757000
12.045000
7.536200
-3.413800
-4.702100
-3.413800
-9.210900
-7.922700
-13.720000
-9.210900
-7.922700
6.892100
14.622000
6.892100
6.248000
11.401000
-1.481500
-35.619999
-29.823000
10.113000
12.045000
8.180400
16.554001
10.757000
-17.584999
-4.702100
27.504000
12.689000
-20.805000
-22.738001
6.892100
13.333000
13.333000
-5.990300
-5.990300
11.401000
-2.125600
-29.823000
-36.908001
2.383300
22.351000
17.841999
12.689000
7.536200
-31.754999
-32.398998
6.892100
16.554001
17.841999
12.689000
4.959700
-5.990300
-21.448999
-5.990300
-7.922700
-4.058000
-3.413800
-14.364000
-7.922700
-0.193240
5.603900
18.486000
4.959700
-19.517000
-13.720000
0.450890
12.045000
21.707001
-22.738001
-2.125600
14.622000
-5.346200
2.383300
-0.837360
-5.990300
-16.940001
8.180400
16.554001
-2.125600
-0.193240
-2.769700
4.959700
20.419001
16.554001
-2.125600
-9.855100
-24.670000
-39.485001
-2.769700
26.860001
8.180400
-0.193240
-2.125600
-13.720000
-5.990300
17.198000
16.554001
6.892100
-16.940001
5.603900
15.266000
-2.125600
3.671500
4.315600
5.603900
-51.078999
-34.332001
22.995001
24.927999
20.419001
1.739100
-8.566800
-15.652000
-11.787000
13.977000
20.419001
-14.364000
-18.872999
8.824500
4.959700
10.113000
-9.210900
-13.720000
24.283001
17.841999
-20.805000
-36.264000
-9.210900
9.468600
13.333000
6.248000
-13.720000
-11.787000
-3.413800
11.401000
1.095000
1.095000
22.351000
24.283001
26.216000
17.198000
-15.652000
-21.448999
-5.990300
13.333000
17.841999
7.536200
-24.670000
1.095000
19.129999
17.841999
20.419001
22.351000
17.841999
12.045000
8.824500
14.622000
24.927999
-0.837360
-8.566800
12.689000
8.824500
-3.413800
-10.499000
-25.313999
-5.990300
4.315600
-0.193240
26.860001
-3.413800
-10.499000
-0.837360
4.959700
-0.193240
1.739100
6.892100
18.486000
-5.990300
-2.125600
8.180400
-1.481500
9.468600
10.113000
-29.823000
-10.499000
16.554001
-4.702100
-9.855100
-7.278600
-9.210900
13.977000
19.129999
4.315600
16.554001
15.910000
-15.652000
-20.160999
-15.652000
17.841999
32.657001
3.027400
-0.193240
8.180400
-5.346200
6.892100
8.824500
19.775000
10.757000
-16.940001
5.603900
12.689000
-6.634500
-19.517000
-5.346200
8.180400
-13.076000
-24.670000
12.689000
19.775000
-6.634500
-5.990300
8.180400
0.450890
6.248000
-19.517000
-24.025999
-5.346200
16.554001
-0.837360
8.180400
0.450890
-19.517000
-7.278600
-11.787000
6.892100
1.739100
-7.922700
-7.922700
0.450890
22.351000
19.129999
6.892100
-4.058000
18.486000
24.927999
-10.499000
-17.584999
-16.940001
1.739100
-8.566800
-11.143000
-13.076000
-0.193240
-4.058000
1.739100
-8.566800
-21.448999
-9.855100
12.045000
2.383300
-20.160999
2.383300
-6.634500
-0.193240
7.536200
-11.143000
-25.313999
-15.652000
17.841999
4.315600
-14.364000
-29.823000
-3.413800
26.216000
26.860001
-7.922700
-21.448999
-5.346200
34.589001
42.963001
21.707001
-38.195999
-24.670000
5.603900
-0.193240
-3.413800
9.468600
-3.413800
-22.093000
-5.346200
-11.143000
11.401000
10.757000
-1.481500
6.892100
4.959700
-1.481500
4.959700
2.383300
-7.922700
-22.738001
3.671500
14.622000
9.468600
-12.432000
-13.720000
4.315600
5.603900
-11.787000
4.959700
-16.296000
-2.125600
22.995001
20.419001
-5.990300
-33.688000
-13.720000
26.216000
22.351000
25.572001
26.216000
-19.517000
-60.741001
-24.670000
6.248000
21.707001
23.639000
4.315600
-15.008000
-61.384998
-30.466999
21.063000
15.266000
18.486000
10.113000
-0.837360
5.603900
9.468600
13.977000
-5.346200
-11.787000
-8.566800
-19.517000
-8.566800
6.892100
-1.481500
-4.702100
-0.193240
-0.193240
-0.837360
17.198000
6.892100
3.027400
13.333000
-11.143000
-25.958000
-11.787000
-21.448999
3.027400
25.572001
11.401000
-2.125600
-11.143000
13.977000
13.977000
1.739100
4.959700
-18.229000
-6.634500
13.333000
28.148001
7.536200
-13.076000
-10.499000
-31.754999
-25.958000
-11.787000
14.622000
26.216000
2.383300
-37.551998
-28.535000
20.419001
32.657001
21.707001
-21.448999
-15.652000
30.725000
37.810001
5.603900
4.959700
14.622000
13.977000
-18.229000
-25.958000
0.450890
0.450890
10.113000
21.707001
-0.193240
-11.787000
11.401000
23.639000
8.180400
8.824500
-14.364000
-36.264000
-24.670000
12.689000
