-0.126380
4.297000
16.302999
2.401300
-3.917900
6.192700
6.192700
12.512000
4.928900
-0.758290
1.137400
4.297000
6.824600
-0.758290
-7.709300
0.505530
7.456600
6.192700
6.824600
-0.758290
-2.654000
-5.181700
-10.237000
-4.549800
-2.022100
-1.390200
4.297000
-7.077400
-14.028000
-5.813600
-0.758290
1.137400
4.297000
-1.390200
-0.758290
2.401300
3.033200
5.560800
11.880000
11.248000
2.401300
-2.022100
-3.285900
-2.654000
5.560800
11.248000
-1.390200
-11.501000
-7.077400
3.033200
-0.126380
-8.973100
-5.181700
-3.285900
-0.758290
11.248000
9.984200
6.824600
8.720400
6.824600
6.192700
3.665100
0.505530
3.033200
1.137400
-1.390200
1.769400
6.192700
1.769400
1.137400
-5.181700
-11.501000
-8.341200
-2.654000
6.824600
3.033200
1.769400
-0.758290
-2.654000
0.505530
5.560800
11.248000
9.984200
-1.390200
-3.917900
1.769400
8.720400
13.144000
5.560800
0.505530
-0.758290
-3.917900
-3.285900
-2.022100
10.616000
10.616000
6.824600
7.456600
-3.285900
-10.237000
-13.397000
-12.765000
-7.077400
-3.917900
1.137400
3.665100
-2.654000
-1.390200
-0.126380
-2.654000
-2.022100
-3.917900
8.088500
0.505530
-4.549800
-0.758290
3.033200
3.033200
-5.813600
-7.077400
-5.181700
-2.654000
-4.549800
-11.501000
-2.654000
3.033200
-5.181700
-7.077400
-3.285900
-6.445500
-2.654000
-4.549800
-3.917900
2.401300
4.297000
3.033200
2.401300
3.033200
-3.917900
-17.820000
-11.501000
8.088500
9.984200
9.984200
10.616000
6.824600
7.456600
5.560800
2.401300
2.401300
5.560800
0.505530
-8.341200
-4.549800
0.505530
4.928900
11.248000
10.616000
6.824600
3.665100
4.928900
7.456600
11.880000
18.830999
16.934999
4.928900
-0.126380
1.137400
1.137400
6.192700
8.720400
-5.813600
-15.924000
-12.765000
-8.341200
-2.022100
-0.126380
-2.022100
-1.390200
-0.126380
-0.758290
8.720400
8.720400
-0.126380
-0.126380
1.769400
-0.126380
-5.181700
-10.237000
-3.285900
-4.549800
-1.390200
-2.022100
-8.973100
-3.285900
4.297000
5.560800
6.192700
6.192700
-2.022100
-1.390200
-1.390200
-6.445500
0.505530
1.137400
-0.758290
-7.709300
-7.709300
-7.077400
-5.813600
-0.758290
4.928900
6.192700
-1.390200
-1.390200
3.033200
-2.022100
-4.549800
3.665100
6.824600
-1.390200
-3.917900
-2.022100
0.505530
-3.285900
-4.549800
7.456600
7.456600
-0.126380
4.297000
7.456600
2.401300
6.192700
-3.285900
-5.181700
-2.654000
2.401300
5.560800
-3.917900
-8.341200
-4.549800
-7.077400
-3.285900
0.505530
-5.181700
-9.605100
-11.501000
-7.077400
-2.654000
-4.549800
-2.654000
-0.758290
-2.022100
4.928900
6.824600
5.560800
9.984200
2.401300
7.456600
1.769400
-9.605100
-0.758290
-0.758290
8.720400
14.408000
4.297000
-0.758290
6.192700
7.456600
3.665100
6.192700
9.352300
4.297000
-4.549800
-3.917900
2.401300
7.456600
4.928900
-3.285900
-5.181700
-3.285900
-2.654000
1.769400
-0.126380
5.560800
13.144000
16.302999
15.671000
1.137400
-1.390200
9.984200
13.144000
14.408000
15.039000
12.512000
-0.126380
-3.285900
3.033200
3.665100
-2.022100
-7.077400
-10.237000
-8.341200
-4.549800
-0.126380
1.137400
0.505530
-7.709300
-8.973100
-7.709300
-10.869000
-7.709300
-8.341200
-9.605100
-14.660000
-10.869000
-8.341200
-2.022100
0.505530
3.665100
0.505530
-7.709300
-5.813600
-2.022100
-3.917900
-2.022100
-7.709300
-7.709300
-7.077400
-12.133000
-9.605100
-0.758290
3.665100
-2.654000
-2.654000
-0.758290
-0.126380
6.192700
6.824600
4.928900
4.928900
6.824600
-7.077400
-17.820000
-9.605100
-4.549800
4.928900
11.248000
-2.022100
-6.445500
6.824600
5.560800
1.769400
-3.285900
-3.285900
4.928900
9.352300
13.144000
11.248000
4.928900
-3.917900
3.033200
3.033200
1.769400
1.769400
3.033200
-3.917900
-10.237000
-5.181700
1.769400
-0.126380
-5.813600
0.505530
-2.654000
-4.549800
-1.390200
-0.126380
3.665100
2.401300
3.665100
7.456600
7.456600
8.720400
11.880000
13.144000
4.297000
1.769400
-0.758290
-4.549800
-2.022100
9.984200
6.192700
-0.758290
8.088500
7.456600
9.984200
9.984200
-1.390200
-7.077400
-8.973100
-4.549800
-7.077400
-12.133000
-9.605100
-4.549800
2.401300
6.824600
9.352300
11.880000
6.192700
0.505530
-0.126380
6.192700
6.192700
-1.390200
-3.285900
-0.126380
-5.813600
-5.181700
-2.022100
-10.237000
-12.133000
-2.654000
5.560800
14.408000
11.248000
1.137400
-2.022100
0.505530
0.505530
-4.549800
-7.077400
1.137400
0.505530
1.769400
2.401300
-2.022100
-5.181700
-8.341200
-10.869000
-7.077400
-7.077400
-7.077400
-0.758290
3.665100
0.505530
-0.126380
3.033200
5.560800
3.665100
-0.126380
2.401300
3.033200
-0.126380
-8.341200
-5.181700
-5.181700
-8.341200
-4.549800
0.505530
-0.126380
-3.285900
-3.285900
4.297000
4.928900
5.560800
4.928900
8.720400
7.456600
4.297000
1.137400
-3.917900
-2.654000
0.505530
-2.022100
-10.237000
-4.549800
-0.758290
-8.973100
-15.924000
-15.924000
-12.133000
-0.758290
3.033200
-1.390200
-0.758290
-0.126380
8.720400
11.880000
9.984200
2.401300
-0.126380
0.505530
7.456600
4.297000
1.769400
9.352300
7.456600
4.297000
-2.022100
-5.181700
-0.758290
11.248000
8.720400
4.928900
8.088500
6.824600
10.616000
8.720400
1.769400
3.033200
-0.126380
3.033200
1.769400
-2.654000
-3.917900
1.137400
1.137400
1.137400
3.665100
4.928900
11.248000
8.720400
-2.654000
-7.709300
-7.077400
-3.917900
-8.341200
-8.973100
-2.654000
-2.022100
-4.549800
3.033200
12.512000
1.137400
-7.709300
-5.181700
-3.285900
6.192700
3.033200
-8.341200
-15.924000
-12.765000
-10.237000
-8.341200
-12.133000
-13.397000
3.033200
8.088500
3.665100
0.505530
-5.813600
-2.654000
-0.758290
3.033200
4.297000
0.505530
1.137400
-0.758290
-0.758290
-0.758290
1.769400
6.192700
13.776000
15.671000
2.401300
-2.654000
1.137400
2.401300
3.033200
5.560800
3.033200
1.769400
7.456600
9.984200
7.456600
1.137400
-2.654000
-2.654000
1.137400
1.769400
4.297000
13.144000
4.928900
-3.285900
-0.758290
-2.022100
-1.390200
-4.549800
-8.973100
-9.605100
-13.397000
-13.397000
-10.237000
-5.181700
-4.549800
-7.077400
-12.133000
-19.716000
-17.188000
-8.973100
0.505530
3.033200
-2.022100
-7.709300
-5.181700
-4.549800
8.720400
11.248000
9.352300
11.880000
-0.126380
-3.917900
1.137400
6.824600
6.824600
3.033200
-0.126380
-5.813600
-2.022100
-3.917900
-7.077400
-6.445500
-4.549800
0.505530
2.401300
-0.758290
-6.445500
-5.181700
-2.654000
-3.285900
4.297000
-1.390200
-7.709300
-0.758290
3.665100
12.512000
11.880000
1.769400
-0.126380
-2.022100
0.505530
4.297000
5.560800
6.192700
5.560800
-0.758290
-3.917900
5.560800
0.505530
-0.758290
-0.126380
-4.549800
-3.285900
-5.181700
-3.917900
-7.077400
-6.445500
-2.022100
2.401300
-1.390200
-0.126380
-0.758290
1.769400
-3.917900
-8.973100
-0.758290
-0.126380
-4.549800
-6.445500
-5.181700
-3.917900
1.769400
3.665100
5.560800
0.505530
-1.390200
8.088500
1.769400
-7.077400
-5.813600
1.137400
8.088500
3.033200
-2.022100
1.137400
-0.126380
1.769400
6.192700
8.088500
7.456600
11.248000
8.088500
3.665100
1.769400
1.769400
4.928900
4.297000
4.297000
2.401300
10.616000
7.456600
1.137400
-0.758290
1.769400
7.456600
-5.813600
-10.869000
-8.341200
-2.654000
4.928900
9.352300
9.352300
11.248000
11.248000
-2.654000
-12.765000
-10.237000
-0.126380
-3.917900
-8.341200
-8.341200
-2.654000
-0.758290
-1.390200
8.088500
2.401300
1.137400
5.560800
0.505530
-1.390200
-0.758290
8.720400
6.192700
4.297000
1.769400
-5.813600
-4.549800
-2.654000
2.401300
-0.758290
-7.077400
-10.237000
-6.445500
3.033200
5.560800
-4.549800
-5.813600
4.928900
2.401300
-1.390200
3.033200
3.665100
3.665100
7.456600
6.192700
3.033200
-2.654000
8.720400
13.144000
7.456600
2.401300
-4.549800
-3.285900
-0.126380
3.665100
3.665100
3.033200
4.928900
-1.390200
11.248000
19.462999
15.039000
12.512000
6.824600
12.512000
14.408000
6.192700
-0.758290
-5.813600
0.505530
1.769400
-5.813600
-9.605100
-10.237000
-12.765000
-0.758290
0.505530
1.137400
-0.758290
-14.028000
-16.556000
-16.556000
-18.452000
-16.556000
-10.869000
-7.709300
-2.654000
-1.390200
-5.813600
-5.181700
-8.341200
-9.605100
-3.917900
-1.390200
-0.126380
-0.758290
6.824600
8.088500
-4.549800
-8.973100
-7.709300
-7.077400
3.033200
6.192700
8.088500
6.192700
4.297000
3.033200
4.928900
9.984200
8.720400
8.088500
10.616000
6.824600
-1.390200
-1.390200
-10.869000
-12.765000
-5.181700
3.033200
1.137400
-0.758290
-0.758290
1.137400
3.665100
-0.126380
-2.654000
1.769400
6.192700
2.401300
-3.285900
-10.237000
-7.077400
-5.813600
-7.077400
-2.654000
-1.390200
-1.390200
1.137400
4.928900
6.192700
9.352300
11.880000
3.665100
-5.181700
-7.077400
6.824600
7.456600
-1.390200
-3.917900
-1.390200
-1.390200
2.401300
7.456600
9.984200
9.984200
8.720400
4.928900
3.665100
6.192700
3.665100
-2.654000
-5.181700
-12.765000
-6.445500
-0.126380
-2.654000
0.505530
-2.654000
-5.813600
0.505530
8.088500
9.984200
9.984200
15.671000
15.671000
13.776000
11.248000
4.297000
-4.549800
-10.869000
-13.397000
-4.549800
1.769400
-2.654000
-8.341200
-10.869000
-12.765000
-5.181700
-0.126380
3.665100
1.769400
-14.028000
-18.452000
-9.605100
-1.390200
-4.549800
-15.292000
-12.133000
-2.022100
3.665100
1.137400
-5.813600
-3.285900
2.401300
4.928900
7.456600
4.928900
-4.549800
-8.341200
-10.237000
-2.022100
-1.390200
-7.709300
-7.077400
-3.285900
1.769400
6.192700
4.928900
3.665100
1.137400
6.824600
6.824600
4.297000
4.928900
1.137400
4.297000
8.088500
16.934999
30.837000
21.358999
11.880000
15.039000
14.408000
11.248000
2.401300
1.137400
9.352300
7.456600
4.928900
5.560800
-0.758290
-0.126380
0.505530
-6.445500
-5.181700
-6.445500
-7.709300
-3.285900
-2.022100
-4.549800
3.033200
-1.390200
-5.813600
-6.445500
-6.445500
-6.445500
-12.765000
-16.556000
-15.292000
-12.133000
-10.237000
-12.765000
-12.133000
-12.765000
-15.292000
-11.501000
-12.765000
-9.605100
-2.654000
5.560800
0.505530
-3.917900
-2.654000
-6.445500
-2.654000
7.456600
0.505530
-1.390200
-0.758290
0.505530
9.352300
6.824600
3.665100
9.352300
8.720400
7.456600
20.094999
9.984200
-1.390200
6.824600
12.512000
8.720400
-3.285900
-6.445500
-5.813600
-7.709300
2.401300
1.137400
-8.973100
-7.709300
-6.445500
-5.181700
1.137400
-4.549800
-5.813600
3.033200
-0.758290
-3.285900
1.137400
3.665100
13.144000
13.776000
