-1.886200
0.715450
10.472000
-5.138200
-7.739800
13.073000
20.228001
22.829000
14.374000
7.219500
3.967500
0.065040
0.715450
0.715450
0.065040
7.219500
7.869900
2.666700
4.617900
3.967500
5.918700
3.317100
-5.138200
-6.439000
-4.487800
2.016300
9.170700
1.365900
-4.487800
1.365900
6.569100
8.520300
8.520300
0.715450
-1.886200
3.967500
7.219500
3.967500
9.821100
10.472000
0.715450
-7.089400
-9.040700
-6.439000
3.317100
5.268300
-7.739800
-12.943000
-5.788600
2.666700
-1.886200
-8.390200
-5.788600
-5.788600
-1.886200
8.520300
5.918700
5.268300
7.219500
3.317100
4.617900
2.016300
2.016300
4.617900
2.016300
0.065040
2.016300
5.918700
1.365900
0.065040
-3.837400
-7.739800
-3.837400
1.365900
12.423000
11.122000
8.520300
5.268300
6.569100
7.219500
5.268300
2.016300
2.666700
5.918700
7.869900
5.918700
0.715450
2.016300
0.715450
-3.187000
-0.585370
1.365900
10.472000
14.374000
19.577000
9.821100
-1.235800
0.065040
-4.487800
-7.739800
-9.691100
-10.992000
-8.390200
-7.739800
-1.235800
0.715450
-7.739800
-6.439000
-1.886200
-1.235800
0.065040
-6.439000
3.317100
3.967500
3.967500
3.317100
2.666700
2.016300
-2.536600
0.065040
2.016300
-1.886200
-6.439000
-12.943000
-9.040700
-0.585370
-1.886200
-5.138200
-5.788600
-10.341000
-3.837400
5.268300
7.869900
8.520300
5.268300
0.065040
2.016300
5.918700
3.967500
-7.089400
-5.788600
7.219500
5.268300
2.016300
-1.235800
-1.235800
6.569100
8.520300
5.268300
3.317100
10.472000
10.472000
2.666700
1.365900
-0.585370
2.666700
9.821100
10.472000
5.268300
4.617900
7.869900
7.869900
5.918700
9.170700
5.918700
0.065040
1.365900
-3.187000
-6.439000
-3.187000
-1.886200
-8.390200
-10.341000
-1.235800
-0.585370
0.065040
4.617900
0.715450
-3.837400
-4.487800
-0.585370
12.423000
10.472000
1.365900
1.365900
5.918700
5.918700
-0.585370
-5.138200
2.666700
-5.138200
-7.089400
-5.788600
-10.341000
-5.788600
-3.837400
-5.788600
2.016300
9.821100
6.569100
2.016300
-3.187000
-8.390200
1.365900
5.918700
-3.187000
-18.146000
-15.545000
-6.439000
0.065040
4.617900
7.869900
2.666700
-4.487800
1.365900
9.821100
11.772000
9.821100
15.024000
11.122000
-0.585370
-12.293000
-20.098000
-18.797001
-16.846001
-9.691100
7.869900
15.024000
6.569100
2.666700
1.365900
-3.187000
5.918700
2.666700
-6.439000
-9.691100
-3.837400
1.365900
-5.138200
-10.341000
-4.487800
-7.089400
-7.089400
-1.235800
-5.138200
-3.187000
-0.585370
-3.837400
-4.487800
-3.837400
2.016300
3.967500
-2.536600
-4.487800
-0.585370
5.918700
10.472000
-0.585370
2.016300
0.715450
-6.439000
-2.536600
-7.739800
0.715450
14.374000
13.073000
5.918700
7.869900
3.967500
8.520300
19.577000
20.228001
10.472000
1.365900
0.065040
2.016300
6.569100
7.219500
-1.235800
-3.187000
-3.187000
-1.235800
4.617900
0.715450
1.365900
2.016300
3.967500
7.869900
-0.585370
0.065040
14.374000
16.976000
16.976000
16.976000
15.675000
7.219500
3.317100
-0.585370
-9.040700
-15.545000
-15.545000
-8.390200
-1.235800
-2.536600
0.065040
1.365900
5.268300
4.617900
4.617900
2.666700
-3.187000
-3.837400
-6.439000
-10.992000
-12.293000
-13.593000
-18.797001
-18.146000
-18.797001
-14.244000
-14.894000
-20.747999
-15.545000
-9.040700
-7.739800
-0.585370
-3.837400
-5.788600
-5.788600
-8.390200
-3.837400
5.268300
6.569100
0.715450
0.065040
1.365900
2.016300
9.170700
9.170700
7.869900
5.918700
7.219500
-1.886200
-10.992000
-5.138200
-3.187000
2.666700
9.821100
2.666700
-1.886200
6.569100
4.617900
-4.487800
-12.293000
-7.089400
5.918700
7.219500
6.569100
7.869900
9.821100
5.918700
5.268300
0.065040
-0.585370
1.365900
5.918700
-0.585370
-9.691100
-9.040700
3.317100
7.219500
-3.837400
-9.040700
-14.894000
-12.293000
-6.439000
-5.138200
-5.138200
-8.390200
-3.187000
7.869900
12.423000
9.821100
9.821100
9.170700
3.967500
2.666700
-2.536600
-7.089400
-5.788600
2.666700
2.016300
-1.886200
5.918700
3.317100
3.967500
6.569100
1.365900
-4.487800
-9.040700
-6.439000
-2.536600
3.317100
6.569100
3.317100
4.617900
7.219500
10.472000
13.073000
13.724000
13.073000
7.869900
2.666700
-7.089400
-16.195000
-17.496000
-10.341000
-9.691100
-8.390200
-1.235800
2.666700
8.520300
11.772000
9.170700
7.869900
7.219500
3.967500
-3.837400
-5.138200
1.365900
2.666700
1.365900
8.520300
4.617900
3.317100
2.666700
-1.886200
-2.536600
-1.886200
-2.536600
-1.886200
-6.439000
-9.691100
-3.837400
4.617900
2.666700
0.715450
3.967500
6.569100
3.317100
-3.187000
-7.739800
-11.642000
-10.992000
-10.341000
-2.536600
-0.585370
-6.439000
-4.487800
0.715450
5.918700
7.219500
2.666700
5.268300
6.569100
9.170700
9.170700
11.122000
12.423000
11.122000
4.617900
-3.187000
3.317100
11.772000
9.821100
3.967500
8.520300
6.569100
-1.235800
-3.187000
-1.886200
-3.837400
-1.886200
0.715450
0.715450
5.268300
8.520300
10.472000
12.423000
13.073000
5.918700
0.715450
1.365900
11.772000
16.325001
12.423000
14.374000
10.472000
3.317100
-1.886200
0.715450
10.472000
15.675000
5.918700
-0.585370
2.666700
1.365900
4.617900
7.219500
4.617900
2.666700
-3.837400
-2.536600
-3.187000
-5.138200
-7.739800
-3.837400
-1.886200
2.016300
7.219500
1.365900
2.016300
3.967500
-1.886200
-5.138200
-7.739800
-10.341000
-13.593000
-9.691100
-3.187000
-4.487800
-8.390200
-1.886200
9.821100
1.365900
-5.138200
-7.089400
-10.992000
-7.089400
-12.293000
-19.447001
-20.747999
-16.846001
-10.341000
-6.439000
-9.040700
-9.691100
2.666700
1.365900
-5.788600
-6.439000
-12.293000
-9.040700
-5.788600
-3.187000
-2.536600
-3.837400
-1.235800
-5.138200
-6.439000
-1.886200
3.317100
7.219500
15.024000
17.625999
7.219500
2.016300
1.365900
-1.235800
1.365900
10.472000
9.821100
5.268300
9.170700
11.122000
11.772000
4.617900
-5.138200
-9.691100
-3.837400
0.065040
1.365900
9.170700
5.268300
0.065040
5.268300
5.918700
5.268300
0.715450
-5.788600
-7.089400
-12.943000
-16.195000
-12.943000
-6.439000
-7.739800
-10.341000
-15.545000
-17.496000
-14.244000
-11.642000
-4.487800
-5.138200
-6.439000
0.065040
9.821100
10.472000
12.423000
7.869900
5.918700
11.122000
2.666700
-0.585370
2.666700
2.016300
0.715450
-1.235800
-0.585370
-4.487800
-3.837400
-2.536600
-1.886200
-5.138200
-9.040700
-7.089400
-2.536600
-3.837400
-7.739800
-7.739800
-5.788600
-2.536600
3.967500
-3.187000
-7.089400
-2.536600
-2.536600
4.617900
10.472000
8.520300
7.869900
0.065040
-1.886200
2.016300
2.666700
2.666700
2.016300
-0.585370
0.715450
6.569100
-2.536600
-4.487800
-1.886200
0.715450
3.317100
-1.886200
-1.886200
-1.886200
-1.886200
1.365900
6.569100
4.617900
3.967500
2.016300
2.666700
-6.439000
-12.943000
-7.089400
-4.487800
-7.089400
-9.691100
-5.788600
-1.235800
-0.585370
-3.187000
2.016300
2.666700
-1.235800
3.317100
-2.536600
-10.992000
-9.691100
-1.235800
3.967500
-3.187000
-8.390200
0.065040
7.219500
12.423000
11.122000
7.869900
9.170700
16.976000
15.024000
4.617900
-0.585370
0.065040
3.967500
3.317100
0.065040
-3.837400
6.569100
6.569100
-0.585370
-5.138200
-5.788600
1.365900
-9.040700
-10.992000
-3.187000
2.666700
9.821100
13.073000
10.472000
11.772000
15.024000
3.967500
-9.040700
-9.691100
-1.235800
-5.788600
-9.691100
-7.089400
-4.487800
-5.138200
-7.089400
3.967500
3.317100
3.317100
6.569100
-1.235800
0.715450
2.666700
9.170700
7.219500
9.170700
8.520300
-0.585370
-3.837400
-3.187000
3.967500
5.268300
2.666700
0.065040
-1.235800
3.317100
5.268300
-0.585370
-4.487800
0.065040
-5.138200
-10.341000
-5.138200
-3.837400
-3.187000
-0.585370
2.016300
3.967500
-0.585370
7.869900
11.772000
4.617900
0.065040
-1.886200
0.715450
0.715450
3.317100
3.317100
1.365900
2.016300
-1.235800
11.122000
15.675000
10.472000
9.170700
7.219500
11.122000
13.724000
9.170700
6.569100
4.617900
4.617900
2.666700
-3.187000
-4.487800
2.016300
2.666700
4.617900
0.065040
1.365900
3.967500
-6.439000
-10.992000
-15.545000
-20.747999
-18.797001
-15.545000
-15.545000
-11.642000
-9.691100
-9.040700
-4.487800
-10.992000
-12.943000
-8.390200
-7.739800
-3.837400
-0.585370
7.219500
6.569100
-5.138200
-12.943000
-10.341000
-9.691100
-1.235800
2.016300
3.967500
5.918700
8.520300
5.918700
5.918700
12.423000
11.122000
8.520300
12.423000
5.918700
-7.089400
-9.040700
-20.098000
-21.398001
-9.691100
-3.187000
-1.886200
-1.235800
-1.235800
3.967500
9.170700
5.268300
0.065040
5.918700
7.869900
0.065040
-7.739800
-13.593000
-8.390200
-7.089400
-7.089400
-3.837400
-1.235800
3.967500
9.821100
16.325001
16.325001
13.073000
11.772000
7.219500
7.869900
9.821100
18.275999
14.374000
0.715450
-5.788600
0.715450
6.569100
9.821100
12.423000
13.073000
9.821100
8.520300
9.821100
9.821100
9.821100
3.967500
-3.187000
-7.739800
-19.447001
-17.496000
-11.642000
-9.691100
-2.536600
-2.536600
-5.138200
-3.837400
5.918700
13.724000
16.976000
20.228001
15.024000
15.675000
10.472000
-3.187000
-15.545000
-19.447001
-16.846001
-9.040700
-4.487800
-5.788600
-10.341000
-8.390200
-5.138200
-1.886200
2.016300
3.317100
1.365900
-7.739800
-7.089400
1.365900
-1.235800
-7.089400
-12.293000
-9.691100
-3.837400
-2.536600
-7.089400
-12.293000
-5.138200
6.569100
8.520300
7.869900
5.268300
0.065040
-2.536600
-10.341000
-9.691100
-8.390200
-7.089400
-2.536600
-0.585370
0.065040
2.016300
3.317100
3.317100
0.715450
7.869900
9.170700
6.569100
5.268300
2.016300
8.520300
11.122000
18.927000
33.236000
26.080999
17.625999
15.675000
15.675000
15.024000
5.268300
0.715450
7.219500
7.869900
6.569100
5.268300
-5.788600
-8.390200
-7.089400
-10.992000
-7.739800
-7.089400
-4.487800
2.666700
3.967500
2.666700
9.821100
6.569100
2.666700
2.666700
0.065040
-3.187000
-10.992000
-16.195000
-14.894000
-10.341000
-7.089400
-9.040700
-4.487800
-3.837400
-8.390200
-6.439000
-6.439000
-3.837400
1.365900
9.170700
6.569100
2.016300
2.666700
-1.235800
0.715450
9.170700
3.317100
0.715450
0.715450
0.065040
3.317100
0.715450
-1.235800
3.967500
3.967500
2.016300
8.520300
5.268300
0.065040
5.918700
8.520300
3.967500
-5.138200
-10.341000
-8.390200
-5.788600
4.617900
3.967500
-3.837400
-1.235800
0.065040
-4.487800
0.715450
3.317100
5.918700
10.472000
2.666700
-3.187000
2.666700
7.219500
15.024000
13.724000
