1.320100
8.580900
17.162001
14.521000
14.521000
21.782000
21.782000
25.743000
22.441999
20.462000
18.482000
17.162001
18.482000
16.502001
15.182000
19.802000
21.782000
14.521000
11.221000
11.881000
13.201000
11.881000
11.881000
15.182000
9.901000
10.561000
17.162001
17.822001
15.182000
16.502001
12.541000
3.300300
1.980200
7.260700
8.580900
8.580900
7.920800
13.861000
13.861000
7.260700
1.980200
9.240900
16.502001
14.521000
15.842000
15.182000
7.920800
-2.640300
-3.960400
0.660070
-1.320100
-1.980200
3.960400
7.260700
9.240900
13.201000
5.280500
-0.660070
1.980200
9.901000
16.502001
15.842000
8.580900
9.240900
1.980200
-1.320100
5.280500
4.620500
4.620500
6.600700
-1.320100
-6.600700
0.000000
6.600700
7.920800
7.920800
11.221000
12.541000
11.221000
9.240900
5.280500
2.640300
2.640300
5.280500
9.240900
11.221000
5.940600
4.620500
-1.980200
-6.600700
-4.620500
-13.201000
2.640300
15.182000
15.182000
5.940600
-0.660070
1.320100
-4.620500
-5.940600
0.660070
-1.980200
-8.580900
-13.861000
-9.240900
1.320100
-3.300300
-3.960400
-5.280500
-5.280500
-3.300300
-9.240900
3.960400
7.260700
-2.640300
-7.920800
-8.580900
0.660070
6.600700
7.920800
1.320100
-3.300300
-1.320100
5.280500
7.260700
6.600700
11.881000
13.201000
7.920800
5.280500
7.260700
7.260700
-1.320100
-3.300300
-1.320100
-2.640300
-3.960400
-6.600700
-4.620500
-9.901000
-11.221000
-0.660070
-4.620500
-10.561000
-6.600700
-2.640300
1.980200
5.940600
-1.320100
3.960400
16.502001
7.260700
-1.320100
-1.980200
-3.960400
-0.660070
3.960400
2.640300
-1.980200
-7.920800
-3.960400
-0.660070
-1.980200
1.980200
-5.940600
-7.260700
2.640300
0.660070
-5.940600
1.320100
10.561000
-7.260700
-12.541000
2.640300
7.260700
3.300300
-0.660070
1.980200
5.940600
3.300300
-4.620500
5.940600
9.240900
4.620500
5.940600
5.940600
4.620500
-3.960400
-6.600700
0.000000
0.000000
4.620500
1.320100
-1.980200
-1.320100
0.660070
0.660070
0.660070
2.640300
-2.640300
-6.600700
-1.320100
-2.640300
0.000000
-3.300300
-7.260700
-13.861000
-9.901000
-3.960400
2.640300
2.640300
-1.320100
-3.300300
-1.980200
7.260700
13.861000
8.580900
4.620500
9.901000
8.580900
6.600700
4.620500
-0.660070
-2.640300
-5.940600
-1.980200
9.901000
13.861000
3.960400
2.640300
7.260700
3.960400
7.920800
2.640300
-5.940600
-15.182000
-7.260700
3.960400
-0.660070
-7.260700
-1.320100
-1.980200
-2.640300
1.980200
-6.600700
-7.920800
-0.660070
-4.620500
-6.600700
-2.640300
1.980200
2.640300
-3.300300
-2.640300
6.600700
9.901000
11.221000
1.980200
6.600700
5.280500
-11.221000
-3.960400
3.960400
9.901000
10.561000
-3.300300
-9.901000
1.320100
0.660070
3.300300
7.920800
5.940600
4.620500
-1.320100
-1.320100
4.620500
0.660070
-3.960400
-9.901000
-4.620500
-1.980200
-1.320100
5.940600
0.000000
0.660070
0.660070
-2.640300
7.920800
8.580900
11.221000
21.122000
20.462000
19.142000
19.802000
25.083000
16.502001
4.620500
7.260700
7.260700
7.920800
4.620500
5.940600
9.901000
7.260700
12.541000
13.201000
19.142000
18.482000
9.240900
5.940600
0.000000
1.320100
3.960400
-1.980200
-11.221000
-8.580900
-12.541000
-18.482000
-13.861000
-9.901000
-13.201000
-15.842000
-14.521000
-15.842000
-17.822001
-9.240900
-11.881000
-7.920800
-11.221000
-19.142000
-15.842000
-4.620500
-5.940600
-24.422001
-22.441999
-11.881000
-8.580900
-7.260700
-14.521000
-13.861000
-6.600700
-4.620500
-13.861000
-14.521000
4.620500
3.960400
-3.300300
4.620500
1.320100
-4.620500
-1.320100
-7.920800
-10.561000
-9.901000
-6.600700
3.300300
-5.280500
-9.901000
7.260700
16.502001
4.620500
-2.640300
-1.980200
7.260700
4.620500
9.240900
11.221000
4.620500
5.280500
6.600700
1.980200
-11.221000
-9.240900
-5.280500
-3.300300
-9.240900
-3.960400
1.980200
-3.960400
-5.280500
0.000000
6.600700
1.980200
0.660070
1.320100
-5.280500
-3.960400
-4.620500
-5.940600
2.640300
11.881000
0.000000
-8.580900
-5.940600
-11.881000
-13.201000
1.980200
11.221000
8.580900
0.000000
3.960400
2.640300
5.280500
10.561000
12.541000
11.881000
7.920800
-1.320100
3.960400
8.580900
9.240900
5.280500
2.640300
-5.280500
-21.782000
-3.300300
15.842000
2.640300
-1.980200
0.660070
3.300300
11.221000
3.960400
-0.660070
-5.280500
-1.980200
2.640300
-0.660070
3.960400
11.221000
7.260700
1.320100
3.300300
5.280500
12.541000
6.600700
-5.940600
-8.580900
-3.960400
-1.320100
7.920800
9.240900
-1.320100
4.620500
9.901000
3.300300
-4.620500
1.980200
3.300300
-2.640300
-1.980200
-1.980200
-9.240900
0.660070
0.000000
1.980200
11.221000
1.980200
-7.260700
-0.660070
7.920800
5.280500
1.320100
3.300300
-0.660070
-9.901000
-7.920800
7.920800
9.901000
5.280500
-1.980200
-18.482000
-12.541000
4.620500
3.300300
-9.901000
-0.660070
9.240900
6.600700
2.640300
-7.920800
-12.541000
-3.300300
-0.660070
2.640300
11.221000
10.561000
9.901000
11.881000
2.640300
-3.960400
7.260700
3.960400
10.561000
11.221000
5.280500
10.561000
1.980200
-9.901000
-9.240900
3.300300
7.920800
9.240900
-9.240900
-22.441999
-9.901000
-5.280500
0.660070
-2.640300
-7.920800
-2.640300
-3.300300
5.940600
10.561000
5.280500
-5.280500
-2.640300
1.320100
5.280500
4.620500
1.320100
3.960400
8.580900
1.980200
-0.660070
2.640300
9.240900
1.980200
-4.620500
-0.660070
1.320100
-1.320100
6.600700
13.201000
5.280500
-6.600700
-6.600700
-3.960400
-3.960400
-9.240900
-5.280500
-9.240900
-5.280500
-11.221000
-7.260700
3.960400
1.320100
5.280500
4.620500
1.980200
9.240900
9.901000
9.901000
1.320100
7.920800
15.182000
14.521000
9.240900
4.620500
5.280500
1.980200
0.000000
7.260700
11.221000
15.842000
6.600700
0.660070
0.660070
-5.280500
1.320100
13.861000
5.940600
-9.240900
-7.920800
-5.280500
11.881000
14.521000
0.000000
-9.240900
-8.580900
-15.182000
-11.221000
11.881000
14.521000
-2.640300
-8.580900
-1.320100
-0.660070
-6.600700
-11.881000
-15.182000
-12.541000
-4.620500
-4.620500
-5.940600
-2.640300
6.600700
0.660070
-9.240900
-5.940600
-1.980200
-4.620500
0.000000
0.660070
-2.640300
1.320100
-4.620500
-7.260700
-3.300300
1.320100
2.640300
-9.240900
-14.521000
0.000000
5.940600
3.300300
-1.320100
-5.280500
-13.861000
-12.541000
0.000000
3.960400
-6.600700
-9.901000
-1.320100
-0.660070
-9.240900
-8.580900
-3.960400
0.000000
-0.660070
5.940600
-5.940600
-13.201000
-1.980200
4.620500
9.901000
7.920800
-4.620500
-3.300300
-3.300300
-5.280500
-0.660070
0.000000
-3.960400
-6.600700
-12.541000
-7.260700
0.000000
5.280500
6.600700
9.901000
15.842000
12.541000
4.620500
7.920800
5.280500
-4.620500
-3.300300
1.980200
-2.640300
7.260700
9.240900
6.600700
2.640300
-11.221000
-2.640300
3.960400
0.000000
-0.660070
5.940600
4.620500
1.320100
1.320100
3.960400
2.640300
-3.300300
-4.620500
-4.620500
-6.600700
-10.561000
-4.620500
0.000000
-7.920800
-10.561000
-3.300300
-11.221000
-8.580900
1.320100
5.280500
0.660070
3.960400
7.920800
-2.640300
-0.660070
-1.320100
-4.620500
0.000000
-1.320100
-5.940600
7.920800
9.240900
1.320100
-3.960400
-1.320100
9.240900
-6.600700
-14.521000
-7.260700
-5.940600
-1.980200
7.260700
5.280500
1.980200
5.940600
5.940600
-0.660070
-4.620500
1.320100
-3.300300
-8.580900
-10.561000
-0.660070
0.660070
-3.960400
4.620500
0.000000
-3.960400
1.980200
8.580900
6.600700
1.980200
7.260700
11.221000
6.600700
3.300300
-4.620500
-7.260700
-1.980200
5.280500
3.300300
3.960400
3.960400
3.960400
7.260700
7.920800
0.660070
-7.260700
-3.300300
-1.320100
-4.620500
3.300300
-2.640300
-5.280500
-0.660070
-1.320100
5.940600
5.940600
8.580900
11.881000
5.940600
5.280500
5.280500
2.640300
6.600700
20.462000
36.964001
56.105999
83.828003
83.828003
83.828003
83.828003
83.828003
83.828003
83.828003
83.828003
83.828003
59.405998
33.002998
11.881000
1.320100
-5.940600
-15.842000
-29.042999
-33.662998
-36.304001
-35.644001
-46.205002
-50.165001
-51.485001
-66.667000
-66.667000
-58.745998
-60.066002
-58.745998
-59.405998
-62.706001
-58.085999
-60.066002
-67.987000
-55.445999
-46.865002
-53.465000
-54.125000
-54.125000
-52.145000
-51.485001
-36.964001
-28.382999
-40.924000
-34.323002
-21.122000
-24.422001
-29.702999
-21.782000
-11.221000
-13.861000
-12.541000
-15.842000
-19.802000
-16.502001
-13.201000
-14.521000
-5.280500
-7.920800
-21.782000
-16.502001
-24.422001
-20.462000
-2.640300
-9.901000
-8.580900
1.320100
0.000000
-2.640300
-1.980200
-1.320100
3.960400
5.940600
9.901000
8.580900
7.260700
5.940600
12.541000
10.561000
3.300300
0.660070
-0.660070
7.920800
8.580900
11.221000
13.861000
10.561000
12.541000
7.920800
4.620500
2.640300
4.620500
5.280500
7.920800
12.541000
10.561000
5.280500
6.600700
9.901000
19.142000
23.101999
13.201000
11.221000
19.142000
25.083000
18.482000
10.561000
6.600700
2.640300
7.920800
17.162001
24.422001
33.002998
40.924000
43.563999
44.223999
64.026001
71.946999
72.607002
71.946999
71.946999
68.647003
56.105999
34.323002
8.580900
0.000000
-9.901000
-19.142000
-24.422001
-18.482000
-16.502001
-19.142000
-22.441999
-24.422001
-25.083000
-29.042999
-28.382999
-26.403000
-27.063000
-23.761999
-23.101999
-27.723000
-38.284000
-36.304001
-29.702999
-33.002998
-36.304001
-34.983002
-34.983002
-27.723000
-22.441999
-18.482000
-17.822001
-27.063000
-25.083000
-23.101999
-24.422001
-29.042999
-29.042999
-21.782000
-11.881000
-7.920800
-7.920800
-13.861000
-10.561000
-7.920800
-1.980200
2.640300
7.920800
19.802000
36.304001
62.046001
83.828003
83.828003
83.828003
83.828003
83.828003
83.828003
83.828003
83.828003
83.828003
83.828003
83.828003
62.046001
40.924000
23.101999
-2.640300
-30.363001
-46.205002
-56.765999
-66.667000
-69.967003
-80.528000
-78.547997
-77.888000
-83.828003
-80.528000
-83.828003
-83.828003
-83.828003
-83.167999
-79.208000
-83.828003
-83.828003
-83.828003
-83.828003
-69.306999
-68.647003
-67.327003
-68.647003
-69.306999
-62.046001
-54.125000
-54.785000
-51.485001
-38.284000
-36.304001
-39.604000
-36.304001
-35.644001
-29.042999
-20.462000
-29.042999
-33.002998
-21.782000
-16.502001
-19.142000
-17.822001
-15.842000
-6.600700
-2.640300
-2.640300
7.920800
5.280500
3.300300
8.580900
14.521000
12.541000
4.620500
6.600700
5.940600
1.320100
14.521000
24.422001
23.761999
15.182000
2.640300
4.620500
19.802000
21.122000
18.482000
17.162001
7.920800
9.901000
12.541000
3.300300
15.842000
25.743000
