5.138200
9.691100
17.496000
11.642000
15.545000
24.000000
23.350000
27.252001
23.350000
18.797001
13.593000
14.894000
18.797001
15.545000
10.341000
14.894000
14.894000
6.439000
7.739800
5.138200
2.536600
1.886200
3.187000
4.487800
1.886200
5.788600
10.341000
5.788600
3.187000
7.089400
5.788600
0.585370
1.235800
-3.317100
-8.520300
-5.268300
-4.617900
-1.365900
2.536600
-3.317100
-7.219500
-6.569100
1.235800
3.187000
5.138200
7.739800
3.187000
-3.967500
-8.520300
-5.918700
-8.520300
-11.772000
-8.520300
-7.219500
-4.617900
1.235800
-3.967500
-8.520300
-5.268300
-2.666700
3.187000
1.886200
1.235800
3.837400
-0.065040
-1.365900
-2.016300
0.585370
0.585370
-1.365900
-7.219500
-11.772000
-6.569100
-0.065040
6.439000
4.487800
2.536600
1.235800
3.837400
7.089400
3.187000
-3.317100
-7.219500
-5.268300
2.536600
2.536600
-3.967500
-5.268300
-8.520300
-9.170700
-3.317100
-0.715450
3.187000
1.235800
3.837400
2.536600
-2.016300
1.235800
0.585370
-0.065040
-0.065040
-3.317100
-5.268300
-9.170700
-3.967500
5.788600
0.585370
-4.617900
-6.569100
-6.569100
-3.317100
-10.472000
3.837400
8.390200
1.886200
-3.317100
-5.268300
1.235800
1.235800
5.788600
1.886200
-0.065040
7.739800
7.739800
9.691100
7.739800
3.837400
7.739800
11.642000
6.439000
9.691100
11.642000
8.390200
7.739800
5.788600
-0.065040
-4.617900
-2.016300
1.235800
-10.472000
-12.423000
-5.268300
-7.869900
-6.569100
-0.065040
4.487800
9.691100
9.040700
-2.666700
5.788600
20.747999
15.545000
3.187000
0.585370
-2.666700
-1.365900
1.886200
-0.065040
-4.617900
-5.268300
-5.268300
-2.666700
-0.715450
2.536600
-3.317100
-5.268300
-0.065040
-0.065040
-2.016300
0.585370
1.886200
-6.569100
-8.520300
3.187000
-0.065040
-3.967500
-2.666700
-5.268300
-2.016300
-0.715450
-0.715450
7.739800
4.487800
-1.365900
0.585370
2.536600
7.739800
5.788600
0.585370
-0.065040
-5.918700
2.536600
3.837400
-2.666700
-7.869900
-5.918700
-2.666700
5.138200
1.235800
-6.569100
-0.715450
1.235800
-5.268300
-3.317100
-2.666700
-5.268300
-11.772000
-7.219500
-2.666700
-0.715450
-2.666700
-0.065040
2.536600
0.585370
4.487800
9.691100
7.089400
5.138200
10.341000
9.040700
1.235800
-0.065040
0.585370
1.235800
-3.967500
-2.016300
10.992000
12.943000
3.837400
1.886200
1.235800
1.235800
8.390200
-0.715450
-11.772000
-15.675000
-5.918700
2.536600
-2.016300
-5.268300
-0.715450
-3.317100
-3.317100
2.536600
-2.666700
-5.918700
-3.317100
-5.268300
-5.268300
-6.569100
-0.715450
2.536600
-0.065040
3.837400
6.439000
8.390200
8.390200
3.837400
11.642000
7.089400
-3.317100
3.837400
1.235800
7.089400
13.593000
3.187000
-7.869900
-7.219500
-4.617900
3.187000
13.593000
12.293000
3.187000
-2.016300
-1.365900
1.235800
1.886200
-0.065040
-6.569100
-6.569100
-3.967500
-5.268300
-1.365900
-3.317100
-4.617900
-4.617900
-2.016300
3.837400
1.235800
3.187000
14.894000
13.593000
14.894000
22.049000
24.650000
15.545000
9.040700
5.138200
1.235800
-2.016300
-7.219500
-5.268300
3.187000
5.138200
9.691100
7.739800
11.642000
10.341000
9.691100
10.341000
3.837400
5.138200
3.837400
-3.317100
-9.821100
-11.122000
-21.528000
-23.480000
-19.577000
-16.976000
-21.528000
-28.683001
-20.878000
-14.374000
-10.472000
-3.967500
-9.170700
-5.918700
-2.016300
-6.569100
-3.967500
1.886200
-0.715450
-9.170700
-11.772000
-9.821100
-10.472000
-7.869900
-9.821100
-6.569100
-5.918700
2.536600
0.585370
-7.219500
1.886200
2.536600
5.138200
10.341000
2.536600
-0.715450
3.187000
-3.967500
-9.170700
-13.724000
-13.724000
-3.967500
-0.715450
-4.617900
7.739800
18.146000
14.244000
14.894000
12.943000
13.593000
14.894000
16.195000
10.341000
8.390200
12.943000
16.195000
16.195000
5.138200
4.487800
1.235800
-0.065040
-0.715450
1.235800
3.187000
-0.065040
-0.065040
2.536600
1.235800
0.585370
3.837400
1.886200
-2.016300
2.536600
-0.715450
-5.268300
-3.967500
1.235800
-4.617900
-13.724000
-7.219500
-11.772000
-13.073000
-7.869900
-3.967500
-2.016300
-5.268300
1.235800
7.089400
10.341000
10.992000
7.739800
3.837400
1.235800
-1.365900
-0.715450
5.138200
7.739800
1.235800
-0.065040
-5.268300
-8.520300
-6.569100
0.585370
-4.617900
-3.967500
3.837400
2.536600
4.487800
5.788600
-0.065040
1.235800
1.235800
-0.065040
-2.666700
-0.715450
5.138200
3.187000
-2.016300
3.187000
1.235800
7.089400
6.439000
-2.666700
-2.016300
-0.715450
-2.016300
3.187000
3.837400
-5.268300
-2.016300
7.739800
4.487800
3.837400
7.739800
3.837400
-1.365900
-5.268300
-3.317100
-0.065040
-0.715450
-7.219500
-2.666700
1.235800
-2.016300
3.187000
5.138200
3.187000
1.886200
0.585370
5.138200
1.235800
-0.715450
-3.317100
2.536600
1.886200
-0.715450
-7.869900
-20.878000
-15.024000
-0.715450
6.439000
3.837400
8.390200
10.341000
3.187000
-2.666700
-4.617900
-3.967500
3.187000
3.187000
-0.715450
2.536600
3.837400
9.040700
9.691100
7.739800
-0.065040
-0.715450
4.487800
10.992000
4.487800
0.585370
7.739800
1.886200
-4.617900
-4.617900
-0.715450
5.138200
4.487800
-13.073000
-20.228001
-11.122000
-11.122000
-6.569100
-3.317100
-4.617900
-0.065040
-4.617900
1.235800
1.886200
-0.715450
-1.365900
5.138200
7.739800
4.487800
5.788600
-2.666700
-1.365900
0.585370
-2.016300
3.837400
7.739800
9.040700
-0.065040
1.235800
8.390200
2.536600
-2.016300
1.235800
8.390200
-2.016300
-10.472000
-5.268300
-4.617900
-3.967500
-5.268300
-7.869900
-7.219500
-3.317100
-5.268300
-0.715450
0.585370
1.886200
15.545000
11.642000
-1.365900
3.187000
6.439000
9.691100
8.390200
8.390200
8.390200
3.187000
4.487800
6.439000
6.439000
4.487800
5.138200
7.739800
12.943000
18.146000
8.390200
6.439000
5.788600
-0.715450
5.788600
14.894000
7.089400
-4.617900
-3.967500
-3.317100
3.837400
-0.065040
-10.472000
-15.675000
-8.520300
-1.365900
-0.715450
3.837400
1.886200
-3.967500
-2.016300
-3.317100
-4.617900
-13.073000
-19.577000
-18.275999
-17.625999
-12.423000
-6.569100
-5.918700
-7.869900
-1.365900
-0.065040
-5.918700
-8.520300
-15.675000
-15.024000
-12.423000
-12.423000
-8.520300
-0.065040
-4.617900
-5.268300
-7.869900
-8.520300
0.585370
-6.569100
-10.472000
-3.967500
0.585370
1.235800
-3.317100
-0.065040
-3.317100
-2.666700
1.886200
-1.365900
-3.317100
-6.569100
-5.268300
-3.967500
-8.520300
-6.569100
-2.666700
-0.715450
-2.016300
2.536600
-2.016300
-4.617900
1.235800
5.788600
9.691100
9.040700
1.235800
0.585370
-0.715450
-2.666700
-2.666700
0.585370
1.886200
1.235800
-1.365900
1.235800
5.138200
5.788600
14.244000
16.195000
22.698999
24.650000
14.244000
11.642000
14.894000
12.293000
9.691100
9.691100
8.390200
11.642000
10.341000
12.293000
5.788600
0.585370
5.138200
8.390200
4.487800
2.536600
4.487800
3.187000
1.235800
1.886200
9.040700
7.739800
-5.918700
-5.268300
-3.967500
-7.219500
-11.772000
-3.967500
2.536600
-6.569100
-11.772000
-5.268300
-2.666700
-2.016300
-1.365900
1.886200
4.487800
8.390200
8.390200
1.886200
-2.666700
-7.869900
-4.617900
-2.666700
-2.016300
-3.317100
0.585370
-2.016300
-5.268300
-7.869900
-2.666700
4.487800
-3.967500
-11.772000
-12.423000
-9.821100
-0.065040
5.138200
1.235800
-2.666700
-3.967500
-2.016300
-2.016300
-4.617900
0.585370
-2.016300
-4.617900
-5.918700
-2.016300
-6.569100
-7.219500
5.138200
3.837400
0.585370
5.138200
8.390200
7.089400
-2.016300
3.187000
5.788600
6.439000
3.837400
-2.016300
-3.967500
-5.918700
2.536600
7.089400
5.788600
5.788600
3.187000
5.138200
8.390200
1.886200
-5.918700
-2.666700
-5.918700
-9.170700
-3.967500
-3.967500
-5.268300
-8.520300
-6.569100
2.536600
4.487800
10.341000
12.293000
1.886200
-3.967500
-2.666700
2.536600
4.487800
10.341000
19.447001
29.202999
41.561001
46.764000
62.374001
72.129997
63.674999
55.869999
50.667000
46.113998
38.308998
27.252001
15.545000
9.691100
5.788600
-0.065040
-5.268300
-13.724000
-12.423000
-13.073000
-12.423000
-21.528000
-23.480000
-22.179001
-28.683001
-29.333000
-28.033001
-31.934999
-31.285000
-30.634001
-30.634001
-27.382000
-26.732000
-33.886002
-25.431000
-29.333000
-31.285000
-27.382000
-30.634001
-27.382000
-22.179001
-11.122000
-11.122000
-26.080999
-17.625999
1.235800
-0.715450
-0.065040
-0.715450
1.886200
4.487800
7.089400
-3.317100
-11.772000
-7.219500
-6.569100
-6.569100
-0.715450
-5.918700
-13.073000
-9.170700
-17.625999
-15.024000
-7.869900
-7.219500
-5.268300
-0.065040
-0.715450
-2.666700
5.788600
6.439000
5.788600
9.691100
10.992000
9.691100
9.040700
3.837400
5.138200
0.585370
-0.715450
2.536600
1.235800
1.235800
2.536600
9.040700
4.487800
1.886200
6.439000
9.691100
9.040700
3.187000
3.837400
3.837400
4.487800
1.886200
-0.065040
-0.065040
1.886200
7.089400
10.341000
9.691100
7.739800
2.536600
6.439000
13.593000
8.390200
4.487800
6.439000
1.886200
5.788600
9.040700
7.739800
14.894000
16.846001
13.593000
16.846001
31.153999
29.854000
26.601999
33.105999
32.455002
26.601999
18.797001
11.642000
-1.365900
-9.821100
-14.374000
-13.073000
-7.219500
-8.520300
-14.374000
-14.374000
-13.073000
-11.122000
-10.472000
-8.520300
-6.569100
-13.724000
-13.073000
-5.918700
-12.423000
-13.724000
-18.275999
-19.577000
-14.374000
-14.374000
-21.528000
-22.179001
-16.976000
-11.772000
-8.520300
-3.317100
-7.219500
-15.024000
-16.325001
-17.625999
-11.122000
-12.423000
-12.423000
-10.472000
-9.170700
-10.472000
-6.569100
-7.219500
-6.569100
-1.365900
1.235800
0.585370
5.138200
16.846001
25.301001
38.308998
48.715000
59.771999
82.537003
82.537003
82.537003
82.537003
80.584999
69.528000
51.317001
41.561001
40.910999
31.805000
20.098000
10.992000
-6.569100
-15.675000
-22.829000
-32.584999
-35.837002
-37.789001
-37.789001
-33.886002
-34.536999
-36.487999
-29.333000
-34.536999
-39.740002
-39.089001
-37.789001
-37.789001
-37.789001
-40.389999
-39.740002
-35.837002
-29.983999
-29.333000
-28.033001
-30.634001
-32.584999
-26.732000
-22.179001
-20.878000
-22.179001
-16.325001
-12.423000
-13.724000
-10.472000
-12.423000
-12.423000
-3.967500
-10.472000
-16.325001
-13.724000
-11.122000
-5.918700
-3.967500
-7.219500
-3.317100
-0.715450
1.886200
10.992000
10.341000
5.788600
9.040700
8.390200
-2.016300
-7.869900
0.585370
5.138200
6.439000
16.846001
10.341000
1.235800
-0.715450
2.536600
0.585370
7.089400
7.089400
5.788600
12.943000
4.487800
2.536600
3.837400
2.536600
11.642000
14.894000
