11.556000
14.095000
20.444000
-1.142900
2.666700
16.000000
16.000000
23.618999
18.540001
15.365000
10.921000
10.286000
10.921000
4.571400
2.031700
4.571400
3.301600
2.666700
5.206300
-0.507940
-3.047600
-1.777800
2.031700
-3.047600
-3.047600
1.396800
5.206300
-4.952400
-7.492100
2.031700
5.206300
3.301600
6.476200
-10.667000
-18.285999
-7.492100
-1.777800
-8.761900
2.031700
-3.047600
-15.111000
-16.381001
-10.032000
1.396800
7.746000
10.921000
-2.412700
-11.302000
-5.587300
7.746000
-1.142900
-13.206000
-11.302000
-9.396800
-3.047600
3.301600
-13.206000
-14.476000
-9.396800
-3.047600
5.206300
-1.777800
-5.587300
5.206300
8.381000
-3.047600
6.476200
6.476200
-4.952400
-1.142900
-7.492100
-12.571000
-4.317500
-3.047600
3.301600
-3.682500
7.111100
3.301600
-2.412700
9.650800
-1.777800
-1.142900
2.666700
0.761900
1.396800
-5.587300
-2.412700
-1.142900
-1.777800
-5.587300
-6.222200
-3.047600
5.841300
0.761900
5.841300
10.921000
0.126980
0.126980
-7.492100
-8.761900
3.301600
5.206300
3.301600
1.396800
0.761900
-4.317500
-8.127000
-5.587300
-1.142900
-1.777800
-2.412700
-5.587300
3.301600
5.206300
4.571400
-6.222200
-4.317500
3.936500
5.841300
10.286000
5.841300
0.126980
-1.142900
-3.682500
2.666700
2.666700
-0.507940
4.571400
3.936500
-4.317500
6.476200
4.571400
-1.777800
6.476200
8.381000
1.396800
-13.206000
-4.317500
-3.047600
-9.396800
-5.587300
-1.777800
-13.206000
-3.682500
1.396800
3.301600
11.556000
1.396800
-2.412700
-1.142900
12.190000
11.556000
3.301600
0.761900
-6.857100
0.761900
4.571400
3.301600
-1.142900
-7.492100
-0.507940
-1.142900
-2.412700
3.301600
4.571400
-3.682500
0.761900
3.936500
4.571400
-0.507940
-6.222200
-9.396800
-5.587300
5.841300
10.286000
-4.952400
-11.937000
-8.761900
-2.412700
3.301600
0.126980
3.301600
8.381000
-2.412700
-3.047600
5.206300
10.286000
11.556000
-0.507940
3.301600
5.841300
3.301600
-0.507940
-11.302000
-9.396800
-1.142900
3.936500
14.095000
4.571400
-10.032000
-3.047600
-0.507940
-6.222200
4.571400
3.936500
2.031700
-3.047600
0.126980
-8.761900
-6.222200
3.301600
10.286000
4.571400
-5.587300
2.666700
5.206300
-3.047600
1.396800
8.381000
7.111100
6.476200
2.031700
-8.761900
-6.857100
-2.412700
-3.682500
9.015900
10.921000
9.650800
0.126980
-6.857100
-5.587300
3.301600
-7.492100
-22.730000
-18.921000
0.126980
2.666700
-0.507940
2.031700
1.396800
1.396800
-1.777800
3.936500
-9.396800
-8.127000
2.031700
-8.761900
-4.952400
-5.587300
3.936500
2.666700
-4.317500
-2.412700
4.571400
10.286000
8.381000
5.841300
11.556000
8.381000
1.396800
9.015900
3.301600
5.841300
4.571400
2.031700
0.126980
-2.412700
-6.857100
3.301600
8.381000
9.015900
12.825000
0.761900
1.396800
-1.142900
-5.587300
2.031700
-5.587300
-6.222200
-1.777800
-2.412700
2.031700
-7.492100
-12.571000
-8.127000
-0.507940
6.476200
-1.777800
3.301600
14.730000
14.730000
8.381000
19.174999
21.079000
6.476200
1.396800
0.126980
6.476200
2.031700
-15.111000
-8.127000
2.666700
-2.412700
2.031700
10.286000
11.556000
9.650800
14.095000
15.365000
5.206300
-1.777800
1.396800
-3.682500
-5.587300
-10.667000
-18.285999
-18.285999
-15.746000
-6.222200
-10.667000
-22.730000
-22.730000
-19.556000
-12.571000
-1.777800
-1.142900
1.396800
5.841300
-1.142900
-2.412700
10.286000
14.095000
3.936500
0.761900
-7.492100
-6.857100
-8.761900
-17.016001
-12.571000
0.761900
9.015900
3.936500
-0.507940
9.015900
1.396800
-2.412700
3.936500
0.126980
6.476200
2.666700
-5.587300
-4.317500
-15.746000
-16.381001
0.126980
2.666700
-5.587300
2.666700
13.460000
7.746000
10.286000
5.841300
0.761900
-1.142900
16.000000
9.015900
4.571400
11.556000
12.825000
11.556000
3.936500
6.476200
0.761900
-4.952400
-8.127000
-3.682500
3.301600
-4.952400
-1.777800
3.936500
3.301600
3.936500
8.381000
-6.222200
-2.412700
-3.047600
-14.476000
-0.507940
1.396800
-3.047600
-3.682500
-13.206000
-2.412700
-4.952400
-18.921000
-18.285999
-10.032000
-3.682500
-1.777800
10.286000
9.650800
8.381000
7.746000
5.841300
3.301600
2.031700
5.841300
-3.047600
0.126980
10.921000
7.746000
5.206300
0.761900
-9.396800
-15.111000
-8.761900
-8.761900
-0.507940
9.650800
3.936500
7.746000
3.936500
0.761900
2.031700
3.301600
3.936500
-1.777800
2.031700
12.190000
1.396800
-11.937000
0.761900
8.381000
8.381000
6.476200
5.841300
-4.952400
-4.317500
-0.507940
-3.047600
-2.412700
0.126980
2.666700
7.111100
2.666700
0.126980
12.190000
10.286000
-1.777800
-9.396800
-6.222200
-3.682500
-17.016001
-8.127000
2.666700
-0.507940
0.761900
-1.777800
2.666700
0.126980
-2.412700
3.936500
10.286000
9.650800
0.761900
3.936500
0.126980
-5.587300
-4.317500
-8.127000
-15.746000
-15.111000
-5.587300
3.936500
0.761900
12.825000
13.460000
0.761900
0.761900
5.841300
16.000000
9.015900
0.761900
-4.317500
-5.587300
5.841300
11.556000
3.301600
2.666700
0.126980
-0.507940
-11.302000
3.936500
13.460000
2.666700
9.650800
6.476200
-10.667000
-6.857100
9.650800
14.095000
14.095000
-13.206000
-33.523998
-18.285999
-3.047600
2.666700
-3.047600
-7.492100
-0.507940
-4.952400
0.761900
3.301600
1.396800
2.666700
5.206300
3.936500
5.841300
10.921000
1.396800
-6.222200
-4.952400
-12.571000
-10.667000
5.841300
15.365000
9.015900
9.650800
-1.142900
-1.777800
-0.507940
-1.142900
10.286000
-1.777800
-4.317500
-1.777800
-10.032000
-10.667000
-8.127000
-6.222200
-1.777800
5.841300
4.571400
5.206300
2.031700
0.761900
14.730000
14.095000
2.666700
-1.777800
-3.682500
3.936500
-3.047600
0.126980
7.746000
0.761900
2.666700
5.841300
6.476200
5.841300
-3.047600
-2.412700
12.190000
17.905001
10.921000
4.571400
2.031700
2.031700
5.841300
14.095000
1.396800
-11.302000
-3.682500
-5.587300
0.126980
2.031700
-11.937000
-17.016001
-7.492100
-3.682500
-2.412700
7.746000
0.126980
-8.127000
-8.127000
-4.952400
-1.777800
-17.650999
-25.905001
-17.650999
-12.571000
-5.587300
-3.047600
-8.127000
-12.571000
-0.507940
3.301600
2.666700
2.031700
-11.302000
-8.761900
-4.317500
-3.682500
-3.047600
0.126980
-3.047600
2.666700
2.666700
5.841300
11.556000
2.031700
-13.841000
-11.937000
2.031700
0.126980
3.936500
8.381000
1.396800
-0.507940
-4.317500
5.841300
3.301600
-8.761900
-8.127000
-6.857100
-6.857100
-7.492100
-4.952400
-11.302000
-7.492100
5.841300
2.031700
-4.952400
-4.317500
0.761900
5.206300
-1.142900
0.126980
5.841300
9.015900
-2.412700
-9.396800
-1.777800
2.666700
3.301600
2.031700
4.571400
16.635000
2.666700
3.301600
16.000000
22.349001
17.270000
9.015900
10.921000
6.476200
5.206300
8.381000
9.015900
8.381000
-3.682500
-6.222200
8.381000
9.650800
7.111100
7.746000
-1.142900
-8.761900
-9.396800
0.761900
7.111100
-0.507940
-7.492100
1.396800
3.301600
5.206300
2.666700
-16.381001
-17.016001
-6.857100
6.476200
13.460000
-1.142900
-14.476000
-15.746000
-9.396800
2.031700
6.476200
9.650800
8.381000
11.556000
-0.507940
-10.032000
-6.857100
0.126980
2.031700
2.031700
2.666700
-6.222200
-4.952400
-3.682500
-4.952400
-3.682500
1.396800
7.111100
-6.222200
-8.127000
-6.222200
-14.476000
-1.142900
4.571400
4.571400
7.746000
-1.142900
-8.761900
-12.571000
0.761900
8.381000
4.571400
0.761900
-0.507940
-10.667000
-10.667000
-3.047600
7.746000
6.476200
3.301600
-1.142900
-2.412700
3.936500
5.841300
10.286000
-3.047600
2.031700
6.476200
4.571400
0.126980
-4.952400
5.206300
16.635000
18.540001
23.618999
3.301600
-1.142900
10.286000
1.396800
-3.047600
3.301600
-1.777800
-9.396800
-4.317500
-5.587300
-1.777800
-3.682500
-4.317500
2.666700
1.396800
12.825000
3.301600
-15.111000
-6.222200
-3.682500
-2.412700
-9.396800
-2.412700
2.031700
10.921000
10.921000
-11.302000
6.476200
20.444000
12.190000
6.476200
5.841300
14.095000
15.365000
14.095000
7.111100
1.396800
8.381000
12.190000
12.190000
10.286000
6.476200
-3.682500
-10.032000
-7.492100
-0.507940
-0.507940
-6.222200
-3.682500
-4.317500
-15.746000
-11.302000
-4.317500
-10.032000
-3.047600
-10.032000
-22.094999
-7.492100
-10.667000
-13.841000
-11.302000
-9.396800
-11.302000
-4.317500
8.381000
-4.952400
-17.016001
-14.476000
4.571400
9.015900
5.841300
5.206300
10.286000
7.111100
2.031700
4.571400
1.396800
-13.841000
-10.667000
4.571400
7.111100
-4.317500
-8.761900
-1.142900
-12.571000
-17.650999
-15.746000
-13.206000
-0.507940
12.825000
5.841300
-0.507940
2.666700
2.666700
5.841300
17.905001
7.746000
2.031700
-1.142900
-2.412700
-5.587300
-6.222200
5.206300
-0.507940
-4.952400
-1.142900
-3.682500
12.825000
10.286000
0.126980
0.126980
8.381000
16.000000
7.746000
3.936500
5.841300
0.761900
6.476200
12.190000
-1.142900
-11.302000
-6.222200
1.396800
6.476200
3.301600
-8.761900
-14.476000
-2.412700
7.111100
2.666700
-1.777800
-4.317500
8.381000
4.571400
-2.412700
8.381000
7.111100
-5.587300
-4.952400
5.206300
7.746000
4.571400
14.095000
7.746000
-5.587300
-1.142900
2.031700
-1.142900
0.126980
-18.921000
-20.825001
3.936500
13.460000
3.936500
-7.492100
-7.492100
3.301600
7.111100
2.031700
3.936500
-6.222200
-10.032000
5.841300
3.936500
-5.587300
-5.587300
-4.317500
-1.142900
3.936500
5.841300
-3.682500
-6.222200
-8.127000
-5.587300
6.476200
-3.047600
-6.857100
4.571400
-0.507940
-0.507940
-10.667000
-11.937000
-1.777800
0.761900
-2.412700
-11.302000
-9.396800
0.126980
-4.952400
1.396800
7.111100
9.650800
12.190000
7.111100
7.746000
14.095000
14.095000
19.174999
19.809999
7.746000
-0.507940
12.825000
18.540001
1.396800
-7.492100
2.666700
12.190000
17.905001
16.635000
-0.507940
-5.587300
-10.667000
-10.667000
-3.047600
-1.142900
1.396800
-5.587300
-6.222200
-1.142900
5.206300
2.666700
-4.952400
-14.476000
-19.556000
-12.571000
-4.952400
-14.476000
-11.937000
-7.492100
-3.682500
0.761900
-11.937000
-17.016001
-6.222200
3.301600
2.666700
0.761900
-9.396800
-3.682500
5.206300
-7.492100
-8.127000
2.031700
-2.412700
10.286000
-0.507940
-5.587300
-1.142900
-15.746000
-0.507940
2.666700
-3.047600
-5.587300
-8.127000
-8.761900
5.206300
9.650800
-3.682500
0.761900
-2.412700
3.301600
3.936500
3.936500
9.015900
5.206300
-4.317500
-0.507940
10.286000
5.206300
5.206300
0.126980
-1.777800
-4.317500
-7.492100
5.841300
7.111100
-1.777800
-2.412700
0.126980
7.111100
3.301600
