-8.715400
3.967500
12.748000
17.625999
16.650000
15.675000
11.772000
7.869900
2.991900
-2.861800
-10.667000
-19.447001
-24.325001
-24.325001
-31.153999
-33.105999
-30.179001
-23.350000
-10.667000
-5.788600
-0.910570
7.869900
10.797000
7.869900
7.869900
11.772000
14.699000
18.601999
25.431000
24.455000
22.504000
19.577000
18.601999
15.675000
9.821100
9.821100
7.869900
4.943100
-0.910570
-3.837400
-2.861800
0.065040
0.065040
-0.910570
2.991900
3.967500
1.040700
-3.837400
-5.788600
-2.861800
2.991900
7.869900
10.797000
7.869900
6.894300
8.845500
11.772000
14.699000
13.724000
4.943100
6.894300
5.918700
2.016300
4.943100
12.748000
19.577000
18.601999
18.601999
24.455000
22.504000
17.625999
8.845500
2.991900
0.065040
-3.837400
-12.618000
-17.496000
-20.423000
-22.374001
-24.325001
-22.374001
-18.472000
-12.618000
-7.739800
-10.667000
-9.691100
-10.667000
-11.642000
-13.593000
-17.496000
-13.593000
-9.691100
-0.910570
7.869900
8.845500
3.967500
3.967500
11.772000
9.821100
6.894300
5.918700
6.894300
5.918700
8.845500
9.821100
11.772000
16.650000
15.675000
9.821100
7.869900
2.016300
-3.837400
-2.861800
-5.788600
-4.813000
-5.788600
-7.739800
-10.667000
-16.520000
-14.569000
-16.520000
-22.374001
-20.423000
-15.545000
-12.618000
-15.545000
-10.667000
-5.788600
-0.910570
1.040700
1.040700
3.967500
4.943100
11.772000
8.845500
-1.886200
-7.739800
-10.667000
-14.569000
-18.472000
-19.447001
-23.350000
-30.179001
-31.153999
-26.275999
-18.472000
-9.691100
-0.910570
10.797000
13.724000
11.772000
12.748000
16.650000
18.601999
19.577000
19.577000
18.601999
14.699000
9.821100
7.869900
4.943100
2.991900
2.991900
6.894300
10.797000
9.821100
12.748000
14.699000
10.797000
9.821100
14.699000
16.650000
17.625999
18.601999
19.577000
19.577000
22.504000
22.504000
16.650000
12.748000
12.748000
6.894300
2.991900
5.918700
1.040700
-3.837400
-3.837400
-4.813000
-14.569000
-25.301001
-23.350000
-23.350000
-18.472000
-15.545000
-18.472000
-10.667000
0.065040
7.869900
12.748000
14.699000
11.772000
9.821100
8.845500
2.991900
-4.813000
-11.642000
-16.520000
-26.275999
-34.081001
-35.056999
-32.130001
-28.228001
-27.252001
-26.275999
-25.301001
-20.423000
-14.569000
-13.593000
-10.667000
-8.715400
-1.886200
4.943100
11.772000
17.625999
13.724000
11.772000
13.724000
12.748000
9.821100
7.869900
8.845500
13.724000
7.869900
4.943100
4.943100
7.869900
9.821100
10.797000
17.625999
19.577000
23.480000
31.285000
35.187000
35.187000
28.358000
24.455000
23.480000
26.407000
25.431000
17.625999
13.724000
4.943100
-3.837400
-12.618000
-16.520000
-18.472000
-18.472000
-14.569000
-13.593000
-14.569000
-8.715400
-2.861800
0.065040
0.065040
-2.861800
-9.691100
-13.593000
-12.618000
-12.618000
-15.545000
-21.398001
-25.301001
-19.447001
-17.496000
-20.423000
-19.447001
-10.667000
-1.886200
4.943100
13.724000
17.625999
18.601999
17.625999
11.772000
5.918700
2.016300
-0.910570
-0.910570
-1.886200
-1.886200
-3.837400
-8.715400
-14.569000
-17.496000
-15.545000
-10.667000
-7.739800
-4.813000
-0.910570
-0.910570
-3.837400
-8.715400
-10.667000
-10.667000
-5.788600
-5.788600
1.040700
7.869900
13.724000
15.675000
13.724000
13.724000
12.748000
7.869900
3.967500
-0.910570
-5.788600
-5.788600
-3.837400
-5.788600
-7.739800
-6.764200
-9.691100
-8.715400
-6.764200
-1.886200
2.016300
4.943100
2.991900
3.967500
2.991900
4.943100
10.797000
14.699000
21.528000
28.358000
33.236000
39.089001
43.966999
36.162998
23.480000
13.724000
2.991900
-5.788600
-15.545000
-21.398001
-20.423000
-20.423000
-17.496000
-17.496000
-13.593000
-4.813000
2.991900
7.869900
10.797000
11.772000
14.699000
18.601999
18.601999
15.675000
12.748000
10.797000
6.894300
2.991900
2.016300
3.967500
5.918700
-3.837400
-11.642000
-12.618000
-12.618000
-20.423000
-22.374001
-21.398001
-25.301001
-23.350000
-16.520000
-11.642000
-5.788600
-4.813000
-1.886200
4.943100
13.724000
23.480000
29.333000
31.285000
33.236000
34.210999
30.309000
19.577000
7.869900
-3.837400
-12.618000
-17.496000
-27.252001
-35.056999
-38.959000
-44.813000
-45.789001
-44.813000
-42.862000
-34.081001
-20.423000
-11.642000
-9.691100
-8.715400
1.040700
4.943100
3.967500
5.918700
1.040700
-4.813000
-3.837400
-2.861800
-3.837400
-4.813000
-8.715400
-10.667000
-10.667000
-10.667000
-7.739800
0.065040
5.918700
11.772000
17.625999
23.480000
25.431000
25.431000
24.455000
21.528000
16.650000
14.699000
5.918700
2.016300
4.943100
2.016300
0.065040
2.016300
2.991900
3.967500
5.918700
10.797000
11.772000
11.772000
14.699000
18.601999
20.552999
16.650000
14.699000
12.748000
7.869900
1.040700
-2.861800
-2.861800
-1.886200
0.065040
-0.910570
1.040700
6.894300
9.821100
10.797000
12.748000
16.650000
16.650000
15.675000
11.772000
3.967500
0.065040
0.065040
-0.910570
-8.715400
-12.618000
-9.691100
-7.739800
-4.813000
-6.764200
-11.642000
-13.593000
-16.520000
-12.618000
-7.739800
-4.813000
1.040700
6.894300
2.991900
-0.910570
1.040700
1.040700
-0.910570
2.016300
-1.886200
-6.764200
-10.667000
-15.545000
-19.447001
-28.228001
-32.130001
-36.033001
-38.959000
-37.007999
-32.130001
-27.252001
-16.520000
-3.837400
7.869900
17.625999
18.601999
7.869900
4.943100
3.967500
-0.910570
-6.764200
-10.667000
-5.788600
-4.813000
-0.910570
2.016300
2.016300
7.869900
15.675000
20.552999
25.431000
33.236000
37.138000
40.064999
38.113998
34.210999
31.285000
31.285000
28.358000
35.187000
43.966999
43.966999
38.113998
35.187000
28.358000
19.577000
9.821100
5.918700
2.991900
-7.739800
-21.398001
-34.081001
-42.862000
-48.715000
-49.691002
-46.764000
-44.813000
-41.886002
-34.081001
-28.228001
-16.520000
-9.691100
-7.739800
-6.764200
-5.788600
-6.764200
-6.764200
-9.691100
-11.642000
-9.691100
-4.813000
-4.813000
-10.667000
-13.593000
-8.715400
-4.813000
-11.642000
-12.618000
-12.618000
-12.618000
-11.642000
-9.691100
2.016300
7.869900
8.845500
11.772000
16.650000
19.577000
17.625999
16.650000
20.552999
19.577000
13.724000
9.821100
4.943100
3.967500
4.943100
-0.910570
-2.861800
-8.715400
-10.667000
-7.739800
-7.739800
-5.788600
-4.813000
-4.813000
-3.837400
0.065040
5.918700
7.869900
7.869900
6.894300
3.967500
8.845500
8.845500
4.943100
2.016300
2.016300
5.918700
10.797000
6.894300
6.894300
14.699000
13.724000
13.724000
16.650000
16.650000
14.699000
12.748000
9.821100
8.845500
7.869900
2.991900
3.967500
7.869900
8.845500
3.967500
0.065040
-4.813000
-13.593000
-22.374001
-23.350000
-21.398001
-14.569000
-12.618000
-7.739800
2.016300
4.943100
4.943100
7.869900
12.748000
8.845500
3.967500
-2.861800
-2.861800
1.040700
1.040700
-2.861800
-3.837400
-1.886200
-1.886200
2.016300
8.845500
11.772000
14.699000
15.675000
11.772000
2.991900
-6.764200
-13.593000
-18.472000
-20.423000
-23.350000
-24.325001
-24.325001
-22.374001
-14.569000
-5.788600
2.991900
3.967500
11.772000
15.675000
15.675000
13.724000
6.894300
2.991900
2.991900
-0.910570
4.943100
7.869900
9.821100
8.845500
3.967500
1.040700
-2.861800
-3.837400
-1.886200
-5.788600
-9.691100
-4.813000
2.016300
2.016300
2.016300
2.016300
2.991900
9.821100
9.821100
0.065040
-3.837400
-3.837400
-8.715400
-13.593000
-13.593000
-14.569000
-19.447001
-17.496000
-6.764200
0.065040
3.967500
8.845500
12.748000
16.650000
28.358000
33.236000
35.187000
29.333000
20.552999
22.504000
17.625999
8.845500
-6.764200
-11.642000
-18.472000
-28.228001
-31.153999
-30.179001
-27.252001
-19.447001
-10.667000
-5.788600
1.040700
11.772000
17.625999
19.577000
21.528000
20.552999
12.748000
2.991900
1.040700
2.016300
-1.886200
-6.764200
-4.813000
-2.861800
-6.764200
-7.739800
-8.715400
-16.520000
-19.447001
-20.423000
-29.202999
-32.130001
-31.153999
-25.301001
-19.447001
-15.545000
-7.739800
0.065040
2.991900
1.040700
5.918700
8.845500
8.845500
9.821100
9.821100
7.869900
10.797000
8.845500
-0.910570
-9.691100
-10.667000
-8.715400
-6.764200
-9.691100
-6.764200
-2.861800
3.967500
8.845500
13.724000
22.504000
28.358000
36.162998
41.041000
42.992001
41.041000
31.285000
21.528000
17.625999
12.748000
2.016300
-0.910570
-2.861800
-6.764200
-5.788600
-10.667000
-16.520000
-18.472000
-21.398001
-20.423000
-18.472000
-17.496000
-12.618000
-10.667000
-12.618000
-6.764200
-1.886200
1.040700
2.016300
5.918700
4.943100
-0.910570
-0.910570
-0.910570
-1.886200
-6.764200
-10.667000
-10.667000
-12.618000
-16.520000
-18.472000
-18.472000
-13.593000
-15.545000
-13.593000
-6.764200
2.991900
9.821100
14.699000
18.601999
25.431000
34.210999
33.236000
27.382000
19.577000
9.821100
2.016300
-6.764200
-12.618000
-13.593000
-15.545000
-19.447001
-25.301001
-24.325001
-17.496000
-15.545000
-6.764200
2.016300
4.943100
7.869900
11.772000
19.577000
23.480000
21.528000
17.625999
16.650000
13.724000
9.821100
8.845500
3.967500
1.040700
1.040700
1.040700
5.918700
10.797000
7.869900
4.943100
0.065040
-1.886200
-2.861800
-3.837400
-3.837400
-1.886200
2.991900
2.991900
8.845500
16.650000
21.528000
22.504000
16.650000
18.601999
14.699000
8.845500
2.016300
-4.813000
-7.739800
-12.618000
-18.472000
-20.423000
-12.618000
-4.813000
-2.861800
-3.837400
-8.715400
-14.569000
-23.350000
-29.202999
-25.301001
-18.472000
-11.642000
-11.642000
-10.667000
-8.715400
-7.739800
-6.764200
-2.861800
2.991900
9.821100
11.772000
9.821100
7.869900
5.918700
2.991900
2.016300
8.845500
9.821100
5.918700
3.967500
3.967500
1.040700
-1.886200
1.040700
5.918700
14.699000
17.625999
14.699000
13.724000
15.675000
16.650000
11.772000
1.040700
-4.813000
-8.715400
-14.569000
-15.545000
-16.520000
-17.496000
-18.472000
-10.667000
0.065040
8.845500
13.724000
10.797000
10.797000
16.650000
13.724000
5.918700
-3.837400
-9.691100
-14.569000
-26.275999
-31.153999
-32.130001
-35.056999
-30.179001
-26.275999
-18.472000
-6.764200
0.065040
8.845500
14.699000
15.675000
11.772000
14.699000
20.552999
21.528000
20.552999
21.528000
18.601999
21.528000
23.480000
20.552999
17.625999
16.650000
18.601999
21.528000
23.480000
19.577000
17.625999
9.821100
2.016300
-8.715400
-15.545000
-22.374001
-25.301001
-22.374001
-16.520000
-13.593000
-14.569000
-10.667000
-7.739800
-6.764200
-3.837400
0.065040
-2.861800
-11.642000
-16.520000
-17.496000
-17.496000
-13.593000
-3.837400
1.040700
5.918700
11.772000
11.772000
6.894300
7.869900
6.894300
3.967500
2.991900
-1.886200
-6.764200
-8.715400
-6.764200
-6.764200
-6.764200
-0.910570
0.065040
1.040700
2.016300
2.016300
2.991900
2.991900
2.991900
