-12.878000
1.756100
14.439000
18.341000
17.365999
20.292999
22.243999
20.292999
16.389999
18.341000
9.561000
-5.073200
-5.073200
-2.146300
2.731700
5.658500
-1.170700
-0.195120
2.731700
5.658500
9.561000
20.292999
21.268000
10.537000
10.537000
12.488000
12.488000
19.316999
16.389999
14.439000
11.512000
1.756100
1.756100
-1.170700
-1.170700
-0.195120
0.780490
5.658500
2.731700
3.707300
6.634100
11.512000
6.634100
5.658500
8.585400
4.682900
2.731700
-1.170700
-0.195120
5.658500
10.537000
19.316999
24.195000
26.146000
19.316999
18.341000
23.219999
25.171000
20.292999
3.707300
-0.195120
3.707300
0.780490
-0.195120
2.731700
6.634100
4.682900
2.731700
8.585400
7.609800
11.512000
9.561000
1.756100
2.731700
8.585400
-1.170700
-8.975600
-8.975600
-17.756001
-23.610001
-22.634001
-18.732000
-22.634001
-21.659000
-22.634001
-21.659000
-17.756001
-18.732000
-12.878000
-18.732000
-16.780001
-7.024400
-0.195120
-0.195120
-2.146300
-9.951200
-14.829000
-5.073200
-6.048800
-7.024400
-12.878000
-13.854000
-5.073200
-3.122000
2.731700
5.658500
16.389999
20.292999
21.268000
26.146000
27.122000
17.365999
15.415000
14.439000
9.561000
2.731700
3.707300
-4.097600
-13.854000
-14.829000
-21.659000
-23.610001
-22.634001
-21.659000
-16.780001
-15.805000
-15.805000
-7.024400
-7.024400
-6.048800
-3.122000
-1.170700
1.756100
9.561000
7.609800
-0.195120
-2.146300
-7.024400
-13.854000
-13.854000
-8.975600
-7.024400
-16.780001
-19.707001
-24.584999
-21.659000
-20.683001
-12.878000
-2.146300
3.707300
5.658500
12.488000
17.365999
20.292999
21.268000
27.122000
32.976002
34.926998
30.049000
25.171000
23.219999
17.365999
20.292999
20.292999
14.439000
12.488000
17.365999
17.365999
12.488000
1.756100
4.682900
5.658500
5.658500
9.561000
8.585400
8.585400
14.439000
14.439000
7.609800
2.731700
7.609800
2.731700
1.756100
2.731700
3.707300
-6.048800
-10.927000
-14.829000
-23.610001
-25.561001
-15.805000
-18.732000
-15.805000
-11.902000
-14.829000
-8.975600
-2.146300
10.537000
11.512000
4.682900
1.756100
3.707300
1.756100
-5.073200
-13.854000
-25.561001
-28.488001
-34.341000
-45.073002
-45.073002
-36.292999
-31.415001
-28.488001
-19.707001
-12.878000
-2.146300
7.609800
13.463000
18.341000
13.463000
21.268000
27.122000
25.171000
26.146000
16.389999
7.609800
11.512000
3.707300
-7.024400
-10.927000
-8.975600
-3.122000
-7.024400
-8.000000
-3.122000
-0.195120
0.780490
4.682900
11.512000
3.707300
10.537000
20.292999
15.415000
13.463000
10.537000
0.780490
0.780490
10.537000
8.585400
-0.195120
2.731700
3.707300
1.756100
-2.146300
3.707300
-1.170700
-1.170700
2.731700
6.634100
3.707300
2.731700
-3.122000
-8.000000
-12.878000
-20.683001
-26.537001
-34.341000
-36.292999
-24.584999
-28.488001
-32.389999
-28.488001
-15.805000
-4.097600
-8.000000
-5.073200
2.731700
11.512000
22.243999
25.171000
25.171000
24.195000
24.195000
16.389999
8.585400
12.488000
13.463000
14.439000
10.537000
13.463000
11.512000
4.682900
6.634100
3.707300
0.780490
1.756100
2.731700
8.585400
4.682900
1.756100
3.707300
-1.170700
-3.122000
-8.000000
-11.902000
-14.829000
-8.000000
1.756100
7.609800
14.439000
20.292999
25.171000
17.365999
14.439000
12.488000
1.756100
-4.097600
-9.951200
-7.024400
-17.756001
-22.634001
-26.537001
-40.195000
-39.220001
-40.195000
-32.389999
-29.462999
-27.511999
-25.561001
-26.537001
-28.488001
-31.415001
-19.707001
-11.902000
-11.902000
-6.048800
7.609800
14.439000
18.341000
12.488000
10.537000
5.658500
0.780490
-5.073200
-10.927000
-7.024400
-2.146300
3.707300
3.707300
0.780490
7.609800
16.389999
22.243999
25.171000
29.073000
29.073000
31.024000
38.828999
34.926998
32.976002
36.877998
35.902000
35.902000
35.902000
37.854000
33.951000
28.098000
21.268000
15.415000
13.463000
8.585400
-0.195120
-3.122000
-7.024400
-14.829000
-13.854000
-10.927000
-12.878000
-8.000000
-1.170700
-0.195120
2.731700
8.585400
14.439000
26.146000
31.024000
31.024000
31.024000
32.976002
25.171000
6.634100
-7.024400
-8.975600
-7.024400
-19.707001
-33.366001
-36.292999
-38.243999
-43.122002
-45.073002
-39.220001
-30.438999
-20.683001
-20.683001
-18.732000
-12.878000
-11.902000
-9.951200
-11.902000
-10.927000
-17.756001
-14.829000
-13.854000
-14.829000
-9.951200
-9.951200
-9.951200
-1.170700
3.707300
-3.122000
-6.048800
-0.195120
5.658500
10.537000
15.415000
13.463000
17.365999
23.219999
28.098000
19.316999
11.512000
15.415000
16.389999
24.195000
25.171000
25.171000
29.073000
30.049000
23.219999
20.292999
14.439000
15.415000
10.537000
3.707300
1.756100
-0.195120
-2.146300
-6.048800
-12.878000
-14.829000
-14.829000
-17.756001
-14.829000
-8.975600
-1.170700
0.780490
0.780490
4.682900
9.561000
11.512000
10.537000
12.488000
16.389999
6.634100
5.658500
6.634100
-8.000000
-14.829000
-17.756001
-15.805000
-26.537001
-33.366001
-26.537001
-18.732000
-11.902000
-7.024400
-8.000000
-6.048800
-11.902000
-11.902000
-7.024400
-3.122000
1.756100
5.658500
-6.048800
-17.756001
-12.878000
-4.097600
-3.122000
-2.146300
1.756100
1.756100
4.682900
-3.122000
-12.878000
-10.927000
-13.854000
-18.732000
-24.584999
-25.561001
-20.683001
-21.659000
-20.683001
-18.732000
-12.878000
-4.097600
-4.097600
-10.927000
-10.927000
-15.805000
-21.659000
-22.634001
-22.634001
-16.780001
-17.756001
-7.024400
-2.146300
-0.195120
10.537000
19.316999
25.171000
32.000000
44.682999
45.659000
42.731998
48.584999
51.512001
51.512001
48.584999
44.682999
48.584999
50.536999
43.707001
38.828999
36.877998
26.146000
13.463000
9.561000
6.634100
2.731700
-4.097600
-8.975600
-17.756001
-20.683001
-28.488001
-26.537001
-19.707001
-19.707001
-20.683001
-26.537001
-26.537001
-19.707001
-25.561001
-24.584999
-19.707001
-22.634001
-30.438999
-28.488001
-25.561001
-29.462999
-31.415001
-26.537001
-23.610001
-33.366001
-34.341000
-32.389999
-33.366001
-42.146000
-43.122002
-36.292999
-38.243999
-38.243999
-27.511999
-6.048800
2.731700
8.585400
19.316999
23.219999
24.195000
31.024000
33.951000
38.828999
45.659000
46.633999
48.584999
37.854000
33.951000
35.902000
32.000000
32.976002
26.146000
23.219999
22.243999
12.488000
7.609800
9.561000
5.658500
5.658500
0.780490
0.780490
-2.146300
-2.146300
-0.195120
-3.122000
1.756100
0.780490
3.707300
0.780490
2.731700
10.537000
17.365999
13.463000
11.512000
24.195000
16.389999
7.609800
10.537000
8.585400
5.658500
5.658500
1.756100
0.780490
1.756100
-1.170700
-3.122000
-4.097600
-7.024400
-12.878000
-20.683001
-18.732000
-15.805000
-16.780001
-17.756001
-18.732000
-10.927000
-8.975600
-10.927000
-8.000000
-2.146300
0.780490
1.756100
1.756100
1.756100
3.707300
-4.097600
-4.097600
2.731700
3.707300
4.682900
3.707300
5.658500
-8.975600
-9.951200
1.756100
4.682900
8.585400
11.512000
13.463000
7.609800
2.731700
2.731700
0.780490
-4.097600
-5.073200
-7.024400
4.682900
-0.195120
-2.146300
4.682900
9.561000
8.585400
14.439000
19.316999
10.537000
3.707300
2.731700
-3.122000
-4.097600
-8.975600
-0.195120
-0.195120
-4.097600
-3.122000
-0.195120
-1.170700
-5.073200
0.780490
-4.097600
-12.878000
-10.927000
-8.000000
-1.170700
-2.146300
-2.146300
-5.073200
-4.097600
-5.073200
-9.951200
-17.756001
-17.756001
-16.780001
-17.756001
-12.878000
-19.707001
-27.511999
-26.537001
-24.584999
-16.780001
-8.000000
-1.170700
11.512000
12.488000
17.365999
26.146000
29.073000
35.902000
35.902000
32.976002
26.146000
21.268000
17.365999
8.585400
5.658500
-5.073200
-16.780001
-18.732000
-30.438999
-33.366001
-31.415001
-30.438999
-28.488001
-21.659000
-19.707001
-18.732000
-11.902000
-11.902000
-8.975600
-8.975600
-9.951200
-7.024400
-8.000000
-5.073200
2.731700
8.585400
19.316999
20.292999
21.268000
17.365999
1.756100
-6.048800
-7.024400
-11.902000
-10.927000
-14.829000
-8.000000
-10.927000
-8.000000
2.731700
4.682900
4.682900
3.707300
15.415000
14.439000
5.658500
8.585400
14.439000
11.512000
21.268000
13.463000
-1.170700
-8.975600
-7.024400
-3.122000
-2.146300
-5.073200
2.731700
2.731700
4.682900
6.634100
3.707300
12.488000
16.389999
16.389999
10.537000
12.488000
20.292999
20.292999
15.415000
15.415000
16.389999
1.756100
-1.170700
-1.170700
-7.024400
-5.073200
-8.000000
-9.951200
-11.902000
-15.805000
-16.780001
-9.951200
-6.048800
-1.170700
0.780490
3.707300
16.389999
24.195000
22.243999
17.365999
21.268000
18.341000
9.561000
6.634100
6.634100
1.756100
-8.975600
-13.854000
-14.829000
-24.584999
-29.462999
-31.415001
-33.366001
-32.389999
-35.317001
-33.366001
-29.462999
-21.659000
-18.732000
-12.878000
-10.927000
-8.975600
5.658500
13.463000
9.561000
2.731700
-2.146300
3.707300
7.609800
4.682900
4.682900
9.561000
8.585400
1.756100
-1.170700
2.731700
5.658500
19.316999
21.268000
15.415000
18.341000
19.316999
24.195000
27.122000
27.122000
14.439000
9.561000
8.585400
6.634100
13.463000
9.561000
2.731700
5.658500
-0.195120
-1.170700
3.707300
-0.195120
-1.170700
-7.024400
-8.000000
-8.975600
-7.024400
-8.000000
-7.024400
-3.122000
-1.170700
9.561000
17.365999
20.292999
18.341000
16.389999
18.341000
10.537000
6.634100
11.512000
0.780490
-8.000000
-7.024400
-4.097600
-2.146300
-1.170700
-2.146300
2.731700
7.609800
-2.146300
-8.000000
-13.854000
-19.707001
-16.780001
-11.902000
-4.097600
3.707300
-3.122000
-9.951200
-13.854000
-13.854000
-13.854000
-13.854000
-3.122000
-2.146300
-4.097600
-4.097600
-0.195120
-0.195120
-1.170700
7.609800
4.682900
1.756100
-1.170700
-3.122000
-2.146300
-0.195120
6.634100
7.609800
6.634100
10.537000
15.415000
13.463000
9.561000
7.609800
1.756100
-9.951200
-18.732000
-20.683001
-15.805000
-13.854000
-9.951200
-7.024400
-7.024400
-6.048800
2.731700
11.512000
8.585400
4.682900
1.756100
-1.170700
-2.146300
-11.902000
-27.511999
-28.488001
-24.584999
-38.243999
-44.098000
-39.220001
-40.195000
-31.415001
-28.488001
-21.659000
-9.951200
-4.097600
-1.170700
4.682900
11.512000
11.512000
14.439000
14.439000
13.463000
13.463000
13.463000
9.561000
10.537000
16.389999
15.415000
12.488000
14.439000
19.316999
27.122000
33.951000
32.976002
37.854000
37.854000
29.073000
19.316999
14.439000
7.609800
4.682900
8.585400
8.585400
12.488000
13.463000
14.439000
18.341000
11.512000
13.463000
13.463000
8.585400
3.707300
-0.195120
-4.097600
-6.048800
-7.024400
1.756100
3.707300
6.634100
2.731700
-2.146300
-8.000000
-7.024400
-4.097600
3.707300
3.707300
-1.170700
0.780490
3.707300
2.731700
1.756100
-4.097600
-5.073200
-4.097600
-8.000000
-15.805000
-15.805000
-10.927000
-8.975600
-5.073200
