-7.804900
4.878000
11.707000
18.537001
17.561001
16.584999
17.561001
15.610000
18.537001
24.389999
24.389999
13.659000
9.756100
10.732000
12.683000
13.659000
23.415001
21.462999
14.634000
22.438999
27.316999
26.341000
27.316999
12.683000
9.756100
8.780500
10.732000
11.707000
5.853700
-3.902400
-9.756100
-14.634000
-23.415001
-19.511999
-15.610000
-15.610000
-11.707000
-10.732000
-16.584999
-16.584999
0.000000
10.732000
9.756100
9.756100
14.634000
17.561001
6.829300
1.951200
18.537001
29.268000
27.316999
28.292999
27.316999
21.462999
22.438999
27.316999
30.243999
34.146000
30.243999
13.659000
13.659000
11.707000
1.951200
4.878000
4.878000
3.902400
0.000000
0.975610
0.975610
-9.756100
-9.756100
-5.853700
-8.780500
-4.878000
2.926800
-3.902400
-11.707000
-14.634000
-19.511999
-24.389999
-24.389999
-21.462999
-16.584999
-17.561001
-18.537001
-15.610000
-15.610000
-18.537001
-15.610000
-5.853700
0.000000
-4.878000
1.951200
0.000000
-1.951200
-8.780500
0.000000
2.926800
-0.975610
-1.951200
-7.804900
-4.878000
3.902400
13.659000
24.389999
26.341000
25.365999
30.243999
27.316999
28.292999
24.389999
17.561001
19.511999
11.707000
9.756100
2.926800
-7.804900
-12.683000
-14.634000
-14.634000
-20.488001
-28.292999
-23.415001
-21.462999
-21.462999
-16.584999
-13.659000
-7.804900
-4.878000
-14.634000
-10.732000
-11.707000
-13.659000
-6.829300
-1.951200
-8.780500
-19.511999
-18.537001
-20.488001
-18.537001
-11.707000
-14.634000
-16.584999
-15.610000
-18.537001
-18.537001
-24.389999
-17.561001
-5.853700
-5.853700
0.975610
4.878000
8.780500
18.537001
21.462999
18.537001
21.462999
22.438999
17.561001
15.610000
14.634000
20.488001
19.511999
16.584999
15.610000
14.634000
9.756100
15.610000
20.488001
13.659000
12.683000
9.756100
6.829300
11.707000
9.756100
5.853700
17.561001
22.438999
11.707000
7.804900
9.756100
7.804900
0.000000
5.853700
5.853700
2.926800
0.000000
-4.878000
-8.780500
-22.438999
-10.732000
-9.756100
-5.853700
-8.780500
-10.732000
-8.780500
-7.804900
-3.902400
4.878000
9.756100
3.902400
1.951200
7.804900
6.829300
-6.829300
-14.634000
-16.584999
-28.292999
-39.023998
-38.049000
-30.243999
-26.341000
-33.171001
-19.511999
-9.756100
-2.926800
10.732000
9.756100
16.584999
22.438999
19.511999
25.365999
25.365999
21.462999
19.511999
12.683000
11.707000
5.853700
-3.902400
-8.780500
-6.829300
6.829300
5.853700
-1.951200
0.000000
2.926800
1.951200
-7.804900
-3.902400
5.853700
3.902400
6.829300
10.732000
0.975610
-1.951200
0.975610
-4.878000
0.000000
1.951200
-6.829300
-10.732000
-17.561001
-4.878000
0.000000
-0.975610
0.975610
-0.975610
-3.902400
-3.902400
0.975610
6.829300
-5.853700
-14.634000
-16.584999
-24.389999
-30.243999
-32.195000
-25.365999
-19.511999
-26.341000
-23.415001
-12.683000
-8.780500
-3.902400
2.926800
3.902400
2.926800
8.780500
5.853700
12.683000
24.389999
23.415001
19.511999
14.634000
8.780500
8.780500
14.634000
16.584999
18.537001
21.462999
16.584999
10.732000
1.951200
4.878000
4.878000
-4.878000
-1.951200
3.902400
1.951200
-7.804900
-7.804900
-5.853700
-1.951200
-1.951200
-3.902400
-2.926800
-4.878000
0.975610
12.683000
14.634000
18.537001
18.537001
14.634000
1.951200
1.951200
6.829300
0.000000
-3.902400
-4.878000
-15.610000
-23.415001
-23.415001
-18.537001
-22.438999
-24.389999
-25.365999
-24.389999
-22.438999
-28.292999
-29.268000
-30.243999
-32.195000
-21.462999
-14.634000
-16.584999
-16.584999
-7.804900
-4.878000
2.926800
4.878000
9.756100
2.926800
-2.926800
-3.902400
-8.780500
-7.804900
0.975610
6.829300
11.707000
16.584999
19.511999
21.462999
24.389999
24.389999
25.365999
31.219999
33.171001
33.171001
37.073002
32.195000
34.146000
29.268000
32.195000
33.171001
34.146000
34.146000
37.073002
29.268000
16.584999
19.511999
9.756100
-4.878000
-3.902400
-8.780500
-13.659000
-13.659000
-18.537001
-16.584999
-14.634000
-18.537001
-13.659000
-4.878000
-4.878000
3.902400
16.584999
16.584999
18.537001
24.389999
25.365999
12.683000
10.732000
12.683000
5.853700
1.951200
-4.878000
-4.878000
-12.683000
-18.537001
-16.584999
-19.511999
-21.462999
-16.584999
-4.878000
-6.829300
-4.878000
-0.975610
1.951200
1.951200
-9.756100
-5.853700
-8.780500
-19.511999
-15.610000
-6.829300
-6.829300
-0.975610
1.951200
1.951200
2.926800
-1.951200
0.975610
5.853700
0.975610
4.878000
7.804900
5.853700
13.659000
18.537001
14.634000
11.707000
12.683000
6.829300
19.511999
21.462999
26.341000
28.292999
21.462999
20.488001
19.511999
11.707000
5.853700
0.000000
-3.902400
-10.732000
-10.732000
-8.780500
-8.780500
-18.537001
-22.438999
-16.584999
-15.610000
-21.462999
-15.610000
-5.853700
-7.804900
-5.853700
-7.804900
1.951200
9.756100
0.000000
0.975610
0.975610
0.000000
-6.829300
-13.659000
-17.561001
-12.683000
-14.634000
-16.584999
-12.683000
-21.462999
-28.292999
-18.537001
-9.756100
-11.707000
-8.780500
-10.732000
-8.780500
-9.756100
-13.659000
-3.902400
4.878000
5.853700
11.707000
5.853700
-3.902400
-3.902400
-6.829300
0.975610
7.804900
6.829300
5.853700
6.829300
2.926800
-1.951200
1.951200
-0.975610
-9.756100
-13.659000
-14.634000
-14.634000
-21.462999
-23.415001
-16.584999
-9.756100
-11.707000
-11.707000
-17.561001
-20.488001
-30.243999
-26.341000
-16.584999
-16.584999
-8.780500
-8.780500
-2.926800
-1.951200
-2.926800
4.878000
14.634000
20.488001
27.316999
32.195000
31.219999
40.000000
44.877998
39.023998
40.976002
42.926998
43.902000
44.877998
40.976002
40.000000
39.023998
31.219999
20.488001
9.756100
4.878000
8.780500
4.878000
3.902400
-0.975610
-8.780500
-8.780500
-14.634000
-17.561001
-14.634000
-10.732000
-13.659000
-11.707000
-10.732000
-13.659000
-22.438999
-20.488001
-14.634000
-15.610000
-15.610000
-16.584999
-19.511999
-24.389999
-23.415001
-21.462999
-26.341000
-37.073002
-50.731998
-37.073002
-35.122002
-45.854000
-41.951000
-40.000000
-36.098000
-32.195000
-22.438999
-6.829300
3.902400
10.732000
13.659000
19.511999
18.537001
18.537001
29.268000
43.902000
40.976002
41.951000
44.877998
40.000000
33.171001
35.122002
39.023998
40.000000
29.268000
29.268000
26.341000
13.659000
18.537001
18.537001
6.829300
5.853700
0.975610
1.951200
3.902400
-4.878000
-5.853700
-3.902400
-2.926800
-5.853700
-6.829300
-5.853700
-13.659000
-7.804900
0.975610
-2.926800
0.975610
11.707000
9.756100
2.926800
4.878000
9.756100
10.732000
7.804900
7.804900
6.829300
3.902400
-5.853700
-11.707000
-9.756100
-7.804900
-10.732000
-11.707000
-14.634000
-13.659000
-23.415001
-19.511999
-9.756100
-5.853700
-10.732000
-7.804900
-7.804900
-8.780500
-9.756100
-0.975610
4.878000
-2.926800
-4.878000
-5.853700
0.000000
0.000000
3.902400
5.853700
10.732000
10.732000
-4.878000
-4.878000
0.975610
12.683000
14.634000
12.683000
12.683000
7.804900
0.975610
-4.878000
7.804900
11.707000
5.853700
4.878000
5.853700
2.926800
2.926800
1.951200
13.659000
13.659000
8.780500
10.732000
9.756100
-3.902400
-6.829300
-9.756100
-10.732000
-13.659000
-5.853700
2.926800
-4.878000
-4.878000
2.926800
3.902400
2.926800
0.975610
0.000000
0.000000
-9.756100
-7.804900
-0.975610
-4.878000
-4.878000
-7.804900
-7.804900
-6.829300
-5.853700
-4.878000
-6.829300
-8.780500
-7.804900
-2.926800
-10.732000
-7.804900
-4.878000
-13.659000
-14.634000
-8.780500
-3.902400
3.902400
2.926800
7.804900
20.488001
14.634000
16.584999
22.438999
19.511999
17.561001
11.707000
9.756100
6.829300
0.000000
-10.732000
-17.561001
-16.584999
-23.415001
-35.122002
-31.219999
-25.365999
-38.049000
-35.122002
-20.488001
-24.389999
-21.462999
-17.561001
-15.610000
-10.732000
-13.659000
-14.634000
-0.975610
0.000000
1.951200
12.683000
18.537001
14.634000
17.561001
14.634000
9.756100
9.756100
5.853700
-1.951200
2.926800
2.926800
2.926800
6.829300
8.780500
12.683000
20.488001
16.584999
11.707000
13.659000
13.659000
8.780500
18.537001
23.415001
17.561001
12.683000
13.659000
4.878000
-6.829300
-10.732000
-8.780500
1.951200
0.975610
0.000000
0.975610
-1.951200
-0.975610
-4.878000
-0.975610
6.829300
6.829300
1.951200
3.902400
4.878000
0.975610
-6.829300
2.926800
10.732000
8.780500
10.732000
7.804900
1.951200
4.878000
-0.975610
-4.878000
2.926800
7.804900
5.853700
1.951200
0.000000
0.975610
7.804900
8.780500
18.537001
16.584999
15.610000
16.584999
11.707000
12.683000
13.659000
2.926800
0.975610
-0.975610
-7.804900
-13.659000
-15.610000
-25.365999
-31.219999
-27.316999
-28.292999
-31.219999
-32.195000
-30.243999
-27.316999
-26.341000
-24.389999
-11.707000
-12.683000
-9.756100
1.951200
-5.853700
-1.951200
1.951200
3.902400
6.829300
0.000000
7.804900
9.756100
4.878000
9.756100
9.756100
8.780500
8.780500
10.732000
17.561001
16.584999
13.659000
15.610000
15.610000
5.853700
7.804900
7.804900
-3.902400
-7.804900
-12.683000
-13.659000
-10.732000
-8.780500
-12.683000
-11.707000
-9.756100
-5.853700
-2.926800
-8.780500
-4.878000
-10.732000
-14.634000
-6.829300
-3.902400
-2.926800
1.951200
5.853700
0.975610
0.975610
8.780500
16.584999
22.438999
22.438999
28.292999
20.488001
17.561001
8.780500
8.780500
7.804900
10.732000
16.584999
10.732000
11.707000
16.584999
4.878000
11.707000
20.488001
10.732000
3.902400
-4.878000
-5.853700
-2.926800
-3.902400
0.975610
10.732000
8.780500
5.853700
-2.926800
-3.902400
-6.829300
0.975610
-0.975610
0.975610
4.878000
-1.951200
-0.975610
-6.829300
-0.975610
-2.926800
-14.634000
-10.732000
-5.853700
-3.902400
-0.975610
-7.804900
-4.878000
5.853700
10.732000
9.756100
6.829300
7.804900
2.926800
0.975610
-6.829300
-11.707000
-16.584999
-23.415001
-12.683000
-9.756100
-8.780500
-4.878000
-2.926800
1.951200
0.000000
-8.780500
-6.829300
-0.975610
-1.951200
-7.804900
-16.584999
-20.488001
-23.415001
-27.316999
-32.195000
-22.438999
-18.537001
-26.341000
-18.537001
-12.683000
-9.756100
-6.829300
-0.975610
3.902400
9.756100
13.659000
11.707000
12.683000
12.683000
10.732000
6.829300
13.659000
18.537001
18.537001
15.610000
10.732000
6.829300
8.780500
4.878000
11.707000
23.415001
21.462999
22.438999
18.537001
17.561001
11.707000
3.902400
6.829300
7.804900
7.804900
1.951200
5.853700
13.659000
11.707000
2.926800
9.756100
11.707000
5.853700
3.902400
-2.926800
-6.829300
-12.683000
-16.584999
-13.659000
-10.732000
-3.902400
1.951200
0.975610
-2.926800
-3.902400
1.951200
5.853700
10.732000
23.415001
26.341000
19.511999
17.561001
13.659000
9.756100
3.902400
6.829300
2.926800
-7.804900
-14.634000
-20.488001
-19.511999
-18.537001
-18.537001
