-6.730200
-3.873000
-2.920600
-1.968300
-0.063490
1.841300
-1.968300
-7.682500
-10.540000
-10.540000
-10.540000
-14.349000
-13.397000
-4.825400
-6.730200
-4.825400
-2.920600
-1.015900
1.841300
-4.825400
-6.730200
-3.873000
-1.968300
-0.063490
-5.777800
-5.777800
0.888890
7.555600
21.841000
26.603001
29.459999
28.507999
30.413000
26.603001
20.889000
18.983999
14.222000
8.507900
-0.063490
-8.634900
-15.302000
-20.063000
-23.872999
-27.683001
-21.968000
-26.730000
-28.635000
-29.587000
-27.683001
-22.921000
-15.302000
-20.063000
-23.872999
-21.968000
-21.016001
-22.921000
-26.730000
-25.778000
-26.730000
-34.348999
-29.587000
-21.016001
-18.159000
-8.634900
-3.873000
-2.920600
-1.968300
0.888890
1.841300
-1.015900
-5.777800
-11.492000
-11.492000
-16.254000
-20.063000
-22.921000
-21.016001
-14.349000
-11.492000
-4.825400
1.841300
6.603200
10.413000
15.175000
10.413000
9.460300
4.698400
-1.968300
-1.968300
-1.968300
1.841300
-0.063490
2.793700
13.270000
12.317000
13.270000
18.032000
22.794001
21.841000
15.175000
10.413000
4.698400
-0.063490
2.793700
-0.063490
-0.063490
5.650800
6.603200
1.841300
-0.063490
-2.920600
-7.682500
-1.968300
-0.063490
3.746000
9.460300
15.175000
19.937000
23.746000
29.459999
28.507999
24.698000
24.698000
24.698000
22.794001
11.365000
8.507900
7.555600
3.746000
0.888890
0.888890
-1.968300
-5.777800
4.698400
5.650800
0.888890
-1.015900
-2.920600
-2.920600
-6.730200
-5.777800
-5.777800
-8.634900
-4.825400
-1.015900
6.603200
10.413000
11.365000
18.983999
18.032000
12.317000
8.507900
8.507900
7.555600
8.507900
1.841300
-1.968300
-5.777800
-8.634900
-10.540000
-14.349000
-20.063000
-19.111000
-14.349000
-14.349000
-15.302000
-14.349000
-13.397000
-9.587300
-5.777800
-0.063490
1.841300
-0.063490
-1.015900
-0.063490
-0.063490
1.841300
6.603200
4.698400
7.555600
7.555600
3.746000
1.841300
7.555600
2.793700
-7.682500
-9.587300
-9.587300
-16.254000
-20.063000
-14.349000
-11.492000
-3.873000
-4.825400
-9.587300
-4.825400
3.746000
8.507900
17.079000
21.841000
18.032000
12.317000
10.413000
3.746000
-6.730200
-8.634900
-1.968300
-2.920600
-3.873000
1.841300
8.507900
9.460300
6.603200
5.650800
1.841300
2.793700
-3.873000
-12.444000
-15.302000
-19.111000
-12.444000
-9.587300
-9.587300
-10.540000
-15.302000
-19.111000
-17.205999
-15.302000
-17.205999
-17.205999
-7.682500
5.650800
5.650800
8.507900
14.222000
18.032000
24.698000
26.603001
30.413000
33.270000
29.459999
32.317001
30.413000
27.556000
23.746000
18.983999
17.079000
18.032000
16.127001
13.270000
13.270000
12.317000
8.507900
0.888890
-1.968300
-1.015900
-0.063490
-1.968300
-1.015900
-0.063490
-0.063490
-3.873000
-4.825400
0.888890
7.555600
12.317000
14.222000
16.127001
20.889000
18.983999
8.507900
-1.015900
-4.825400
-12.444000
-21.968000
-28.635000
-25.778000
-25.778000
-28.635000
-20.063000
-14.349000
-10.540000
-6.730200
-7.682500
-7.682500
-5.777800
-9.587300
-12.444000
-19.111000
-28.635000
-37.206001
-42.921001
-39.111000
-29.587000
-22.921000
-11.492000
-1.968300
1.841300
7.555600
11.365000
13.270000
12.317000
7.555600
5.650800
3.746000
-3.873000
-6.730200
-11.492000
-15.302000
-10.540000
-11.492000
-9.587300
-2.920600
-4.825400
-5.777800
-1.015900
1.841300
8.507900
11.365000
11.365000
15.175000
21.841000
18.983999
19.937000
20.889000
22.794001
25.650999
24.698000
23.746000
23.746000
14.222000
7.555600
4.698400
-2.920600
-7.682500
-7.682500
-9.587300
-7.682500
-3.873000
-3.873000
-3.873000
-1.968300
-2.920600
-5.777800
-9.587300
-12.444000
-15.302000
-19.111000
-18.159000
-22.921000
-25.778000
-18.159000
-6.730200
-8.634900
-11.492000
-8.634900
-4.825400
-5.777800
-5.777800
-2.920600
4.698400
11.365000
18.032000
20.889000
20.889000
19.937000
27.556000
26.603001
24.698000
30.413000
33.270000
26.603001
28.507999
30.413000
25.650999
27.556000
20.889000
12.317000
6.603200
-2.920600
-7.682500
-12.444000
-18.159000
-19.111000
-14.349000
-10.540000
-5.777800
-0.063490
6.603200
10.413000
12.317000
15.175000
12.317000
8.507900
2.793700
-3.873000
-4.825400
-10.540000
-11.492000
-12.444000
-15.302000
-19.111000
-22.921000
-20.063000
-21.016001
-18.159000
-8.634900
-9.587300
-11.492000
-5.777800
-11.492000
-14.349000
-9.587300
-9.587300
-11.492000
-11.492000
-12.444000
-10.540000
-6.730200
-7.682500
-8.634900
-7.682500
-8.634900
-8.634900
-9.587300
-6.730200
-7.682500
-7.682500
-4.825400
1.841300
0.888890
-4.825400
-11.492000
-15.302000
-9.587300
-12.444000
-16.254000
-15.302000
-14.349000
-8.634900
-3.873000
2.793700
7.555600
11.365000
15.175000
18.983999
23.746000
26.603001
32.317001
30.413000
24.698000
17.079000
10.413000
2.793700
-3.873000
-6.730200
-10.540000
-13.397000
-9.587300
-7.682500
-9.587300
-3.873000
0.888890
6.603200
15.175000
20.889000
18.983999
17.079000
21.841000
25.650999
23.746000
20.889000
18.983999
17.079000
11.365000
7.555600
6.603200
5.650800
1.841300
2.793700
1.841300
-1.968300
0.888890
2.793700
-3.873000
-6.730200
-2.920600
-3.873000
-2.920600
1.841300
-3.873000
-5.777800
-1.015900
-3.873000
-3.873000
-1.015900
-1.968300
-5.777800
-6.730200
-6.730200
-2.920600
-0.063490
5.650800
12.317000
14.222000
13.270000
11.365000
2.793700
-2.920600
-4.825400
-10.540000
-11.492000
-10.540000
-11.492000
-9.587300
-6.730200
-2.920600
-0.063490
2.793700
5.650800
0.888890
-0.063490
1.841300
6.603200
5.650800
2.793700
-1.968300
-5.777800
-5.777800
-11.492000
-15.302000
-12.444000
-11.492000
-15.302000
-10.540000
2.793700
14.222000
20.889000
30.413000
35.174999
27.556000
17.079000
4.698400
-3.873000
-8.634900
-11.492000
-14.349000
-21.968000
-26.730000
-27.683001
-29.587000
-21.968000
-15.302000
-13.397000
-8.634900
-1.015900
1.841300
4.698400
6.603200
12.317000
19.937000
27.556000
33.270000
31.365000
33.270000
38.032001
35.174999
27.556000
21.841000
17.079000
12.317000
10.413000
1.841300
4.698400
8.507900
4.698400
-1.968300
-4.825400
-5.777800
-10.540000
-11.492000
-5.777800
-2.920600
-10.540000
-16.254000
-21.016001
-24.825001
-28.635000
-36.254002
-34.348999
-34.348999
-35.301998
-32.444000
-26.730000
-21.968000
-17.205999
-13.397000
-9.587300
-3.873000
-1.015900
-4.825400
-3.873000
-8.634900
-16.254000
-16.254000
-19.111000
-20.063000
-13.397000
-9.587300
-1.015900
12.317000
12.317000
10.413000
11.365000
7.555600
4.698400
7.555600
10.413000
14.222000
18.983999
26.603001
28.507999
26.603001
20.889000
18.032000
19.937000
21.841000
18.983999
13.270000
12.317000
9.460300
-1.015900
-10.540000
-7.682500
-2.920600
-0.063490
4.698400
16.127001
18.032000
16.127001
18.032000
23.746000
19.937000
15.175000
10.413000
2.793700
-0.063490
-1.968300
-8.634900
-11.492000
-6.730200
-6.730200
-2.920600
-0.063490
7.555600
12.317000
12.317000
14.222000
8.507900
-0.063490
-10.540000
-17.205999
-14.349000
-14.349000
-21.016001
-26.730000
-28.635000
-24.825001
-16.254000
-6.730200
-4.825400
-1.968300
0.888890
5.650800
7.555600
8.507900
8.507900
11.365000
8.507900
9.460300
10.413000
10.413000
6.603200
0.888890
-5.777800
-6.730200
-3.873000
4.698400
10.413000
5.650800
4.698400
6.603200
5.650800
1.841300
1.841300
-0.063490
-0.063490
2.793700
-1.968300
-4.825400
-5.777800
-6.730200
-16.254000
-16.254000
-14.349000
-16.254000
-6.730200
0.888890
5.650800
5.650800
5.650800
9.460300
7.555600
9.460300
3.746000
-1.015900
-3.873000
-9.587300
-4.825400
-6.730200
-10.540000
-10.540000
-11.492000
-9.587300
-4.825400
-5.777800
-8.634900
-8.634900
-1.968300
2.793700
3.746000
6.603200
10.413000
9.460300
8.507900
9.460300
8.507900
3.746000
-0.063490
1.841300
1.841300
-1.968300
-4.825400
-1.015900
2.793700
-1.015900
-0.063490
-2.920600
-8.634900
-6.730200
-3.873000
-2.920600
-1.015900
0.888890
5.650800
3.746000
-0.063490
3.746000
3.746000
4.698400
2.793700
0.888890
-1.015900
-2.920600
-1.968300
-5.777800
-8.634900
-2.920600
2.793700
2.793700
2.793700
5.650800
9.460300
6.603200
3.746000
3.746000
-3.873000
-13.397000
-15.302000
-7.682500
-8.634900
-5.777800
6.603200
19.937000
26.603001
30.413000
26.603001
23.746000
23.746000
18.983999
7.555600
10.413000
12.317000
10.413000
7.555600
1.841300
-4.825400
-7.682500
-10.540000
-15.302000
-14.349000
-14.349000
-18.159000
-20.063000
-21.016001
-16.254000
-10.540000
-16.254000
-17.205999
-8.634900
-6.730200
-9.587300
-5.777800
-4.825400
-2.920600
2.793700
4.698400
5.650800
-0.063490
-1.015900
3.746000
3.746000
10.413000
2.793700
-2.920600
-0.063490
6.603200
10.413000
9.460300
10.413000
14.222000
18.983999
20.889000
17.079000
16.127001
16.127001
15.175000
10.413000
7.555600
3.746000
-2.920600
-9.587300
-17.205999
-23.872999
-25.778000
-31.492001
-29.587000
-21.016001
-15.302000
-13.397000
-9.587300
0.888890
1.841300
0.888890
3.746000
6.603200
6.603200
6.603200
5.650800
1.841300
2.793700
3.746000
0.888890
1.841300
4.698400
2.793700
4.698400
0.888890
3.746000
6.603200
2.793700
2.793700
7.555600
13.270000
12.317000
12.317000
14.222000
14.222000
14.222000
11.365000
9.460300
4.698400
4.698400
5.650800
1.841300
-0.063490
-4.825400
-8.634900
-12.444000
-4.825400
-1.968300
-0.063490
6.603200
5.650800
0.888890
-8.634900
-13.397000
-8.634900
-3.873000
-0.063490
-4.825400
-4.825400
-5.777800
-3.873000
1.841300
3.746000
4.698400
8.507900
7.555600
1.841300
1.841300
3.746000
1.841300
6.603200
12.317000
13.270000
10.413000
5.650800
1.841300
-3.873000
-12.444000
-8.634900
-5.777800
-4.825400
-4.825400
-5.777800
-10.540000
-7.682500
-1.968300
0.888890
-2.920600
-4.825400
-3.873000
-10.540000
-14.349000
-16.254000
-18.159000
-21.016001
-17.205999
-8.634900
0.888890
9.460300
12.317000
11.365000
16.127001
18.983999
18.032000
7.555600
1.841300
2.793700
2.793700
-2.920600
-12.444000
-22.921000
-23.872999
-22.921000
-18.159000
-12.444000
-9.587300
0.888890
7.555600
9.460300
8.507900
9.460300
14.222000
20.889000
22.794001
29.459999
31.365000
31.365000
28.507999
25.650999
19.937000
18.032000
16.127001
15.175000
5.650800
-8.634900
-16.254000
-19.111000
-26.730000
-29.587000
-33.396999
-32.444000
-25.778000
-23.872999
-20.063000
-15.302000
-11.492000
-4.825400
2.793700
6.603200
8.507900
11.365000
14.222000
4.698400
-0.063490
-4.825400
-7.682500
-7.682500
-1.968300
-1.015900
-0.063490
7.555600
6.603200
-1.015900
-4.825400
-7.682500
-13.397000
-12.444000
-19.111000
-29.587000
-31.492001
-28.635000
-28.635000
-25.778000
-17.205999
-11.492000
-3.873000
3.746000
11.365000
19.937000
26.603001
28.507999
