-18.292999
-14.428000
-13.462000
-10.564000
-8.631200
-6.698900
-7.665100
-9.597400
-11.530000
-11.530000
-12.496000
-15.395000
-15.395000
-10.564000
-11.530000
-10.564000
-7.665100
-5.732700
-1.868000
-5.732700
-5.732700
1.030600
2.963000
1.996800
1.996800
3.929100
7.793900
15.523000
30.016001
33.881001
33.881001
30.982000
28.084000
23.253000
17.455999
15.523000
11.659000
6.827700
1.030600
-2.834100
-2.834100
-1.868000
-0.901770
-0.901770
2.963000
1.996800
-1.868000
-7.665100
-12.496000
-12.496000
-10.564000
-12.496000
-13.462000
-15.395000
-14.428000
-12.496000
-9.597400
-4.766500
-3.800300
-12.496000
-10.564000
-8.631200
-9.597400
-3.800300
1.030600
4.895300
2.963000
2.963000
6.827700
3.929100
0.064410
-5.732700
-7.665100
-9.597400
-11.530000
-16.361000
-18.292999
-20.225000
-20.225000
-17.327000
-14.428000
-9.597400
-2.834100
1.996800
-0.901770
3.929100
3.929100
0.064410
-4.766500
-8.631200
-5.732700
-4.766500
-0.901770
5.861500
6.827700
5.861500
8.760100
14.557000
12.625000
10.692000
7.793900
4.895300
2.963000
2.963000
0.064410
-3.800300
-0.901770
-3.800300
-9.597400
-10.564000
-13.462000
-15.395000
-8.631200
-3.800300
1.030600
4.895300
7.793900
8.760100
8.760100
10.692000
9.726200
4.895300
5.861500
8.760100
8.760100
2.963000
3.929100
4.895300
5.861500
3.929100
2.963000
2.963000
2.963000
10.692000
12.625000
4.895300
-0.901770
-5.732700
-11.530000
-19.259001
-22.158001
-24.090000
-28.921000
-29.886999
-26.989000
-18.292999
-7.665100
2.963000
16.490000
20.354000
18.422001
18.422001
21.320000
19.388000
18.422001
16.490000
14.557000
8.760100
2.963000
1.030600
-1.868000
-3.800300
-2.834100
1.030600
3.929100
3.929100
6.827700
9.726200
7.793900
7.793900
12.625000
13.591000
12.625000
10.692000
10.692000
10.692000
11.659000
15.523000
12.625000
12.625000
15.523000
12.625000
10.692000
14.557000
12.625000
7.793900
4.895300
0.064410
-15.395000
-31.820000
-34.717999
-37.617001
-32.785999
-29.886999
-30.853001
-20.225000
-5.732700
7.793900
20.354000
28.084000
28.084000
24.219000
22.287001
12.625000
0.064410
-9.597400
-14.428000
-23.124001
-30.853001
-29.886999
-26.023001
-22.158001
-22.158001
-22.158001
-21.191999
-16.361000
-15.395000
-19.259001
-20.225000
-20.225000
-12.496000
-3.800300
1.996800
6.827700
1.996800
-3.800300
-6.698900
-5.732700
-6.698900
-6.698900
-2.834100
3.929100
1.030600
-1.868000
1.030600
6.827700
13.591000
19.388000
30.016001
34.847000
37.745998
46.441002
51.271999
52.237999
47.407001
42.576000
38.712002
37.745998
33.881001
25.184999
18.422001
10.692000
1.996800
-9.597400
-16.361000
-18.292999
-17.327000
-13.462000
-13.462000
-14.428000
-9.597400
-3.800300
0.064410
5.861500
8.760100
7.793900
8.760100
9.726200
9.726200
4.895300
-6.698900
-17.327000
-18.292999
-23.124001
-31.820000
-37.617001
-31.820000
-24.090000
-18.292999
-6.698900
1.030600
4.895300
7.793900
4.895300
3.929100
2.963000
-1.868000
-6.698900
-13.462000
-22.158001
-29.886999
-34.717999
-37.617001
-34.717999
-27.955000
-16.361000
-7.665100
1.030600
10.692000
16.490000
18.422001
17.455999
13.591000
9.726200
7.793900
1.996800
0.064410
0.064410
1.030600
2.963000
1.996800
1.996800
4.895300
4.895300
4.895300
4.895300
1.996800
4.895300
8.760100
7.793900
9.726200
14.557000
12.625000
10.692000
12.625000
15.523000
17.455999
16.490000
11.659000
8.760100
1.996800
-2.834100
-5.732700
-10.564000
-9.597400
-5.732700
-5.732700
-1.868000
3.929100
2.963000
1.030600
1.030600
-2.834100
-8.631200
-14.428000
-19.259001
-22.158001
-27.955000
-29.886999
-32.785999
-32.785999
-26.023001
-18.292999
-16.361000
-16.361000
-14.428000
-12.496000
-10.564000
-10.564000
-10.564000
-6.698900
-3.800300
-1.868000
-0.901770
-2.834100
1.996800
9.726200
8.760100
10.692000
18.422001
22.287001
20.354000
23.253000
27.118000
22.287001
24.219000
26.150999
24.219000
22.287001
15.523000
13.591000
13.591000
15.523000
20.354000
25.184999
29.049999
33.881001
38.712002
41.610001
38.712002
34.847000
29.049999
20.354000
11.659000
0.064410
-8.631200
-13.462000
-22.158001
-26.023001
-28.921000
-32.785999
-31.820000
-28.921000
-26.023001
-26.989000
-26.989000
-20.225000
-19.259001
-22.158001
-18.292999
-20.225000
-21.191999
-18.292999
-15.395000
-14.428000
-13.462000
-16.361000
-15.395000
-12.496000
-12.496000
-14.428000
-13.462000
-12.496000
-9.597400
-4.766500
0.064410
1.030600
2.963000
7.793900
12.625000
12.625000
10.692000
0.064410
-7.665100
-5.732700
-11.530000
-15.395000
-11.530000
-9.597400
-8.631200
-3.800300
3.929100
8.760100
12.625000
16.490000
21.320000
28.084000
30.016001
32.915001
30.982000
25.184999
14.557000
2.963000
-2.834100
-6.698900
-7.665100
-10.564000
-9.597400
-3.800300
-0.901770
2.963000
10.692000
19.388000
27.118000
35.813000
38.712002
36.778999
36.778999
38.712002
38.712002
34.847000
30.016001
26.150999
21.320000
16.490000
7.793900
-0.901770
-6.698900
-11.530000
-11.530000
-12.496000
-16.361000
-14.428000
-11.530000
-14.428000
-19.259001
-16.361000
-19.259001
-22.158001
-20.225000
-23.124001
-25.056000
-25.056000
-26.989000
-27.955000
-30.853001
-30.853001
-31.820000
-33.751999
-28.921000
-21.191999
-13.462000
-1.868000
7.793900
14.557000
18.422001
18.422001
6.827700
-0.901770
-5.732700
-14.428000
-19.259001
-20.225000
-17.327000
-13.462000
-7.665100
0.064410
5.861500
14.557000
23.253000
25.184999
27.118000
30.982000
34.847000
36.778999
34.847000
28.084000
24.219000
23.253000
20.354000
25.184999
31.948000
31.948000
28.084000
26.150999
26.150999
24.219000
19.388000
17.455999
16.490000
3.929100
-11.530000
-23.124001
-29.886999
-32.785999
-31.820000
-29.886999
-31.820000
-32.785999
-29.886999
-27.955000
-20.225000
-16.361000
-15.395000
-13.462000
-10.564000
-8.631200
-5.732700
-4.766500
-0.901770
6.827700
17.455999
22.287001
20.354000
19.388000
26.150999
28.084000
18.422001
11.659000
5.861500
0.064410
-6.698900
-13.462000
-9.597400
-7.665100
-13.462000
-17.327000
-15.395000
-14.428000
-17.327000
-17.327000
-13.462000
-12.496000
-19.259001
-23.124001
-26.023001
-26.989000
-27.955000
-32.785999
-31.820000
-34.717999
-34.717999
-30.853001
-27.955000
-23.124001
-17.327000
-12.496000
-9.597400
-4.766500
0.064410
0.064410
2.963000
1.996800
-0.901770
2.963000
3.929100
4.895300
7.793900
13.591000
19.388000
27.118000
27.118000
30.982000
36.778999
31.948000
29.049999
29.049999
29.049999
27.118000
27.118000
28.084000
29.049999
28.084000
24.219000
23.253000
28.084000
29.049999
26.150999
21.320000
15.523000
5.861500
-6.698900
-12.496000
-13.462000
-10.564000
-8.631200
-4.766500
3.929100
8.760100
9.726200
14.557000
22.287001
23.253000
19.388000
9.726200
5.861500
4.895300
2.963000
-4.766500
-7.665100
-4.766500
-6.698900
-5.732700
0.064410
1.996800
1.030600
0.064410
-2.834100
-10.564000
-20.225000
-26.989000
-31.820000
-32.785999
-32.785999
-33.751999
-31.820000
-27.955000
-19.259001
-11.530000
-3.800300
-2.834100
3.929100
7.793900
9.726200
10.692000
6.827700
4.895300
5.861500
2.963000
6.827700
10.692000
11.659000
8.760100
3.929100
0.064410
-4.766500
-5.732700
-1.868000
-2.834100
-8.631200
-5.732700
0.064410
-0.901770
0.064410
1.996800
1.996800
6.827700
9.726200
2.963000
0.064410
1.030600
-0.901770
-6.698900
-6.698900
-7.665100
-15.395000
-14.428000
-7.665100
-3.800300
-2.834100
-0.901770
3.929100
7.793900
15.523000
17.455999
19.388000
17.455999
12.625000
13.591000
9.726200
3.929100
-5.732700
-7.665100
-12.496000
-17.327000
-20.225000
-21.191999
-20.225000
-14.428000
-8.631200
-4.766500
1.030600
10.692000
15.523000
17.455999
16.490000
13.591000
5.861500
-2.834100
-4.766500
-4.766500
-9.597400
-15.395000
-15.395000
-12.496000
-14.428000
-12.496000
-12.496000
-16.361000
-17.327000
-16.361000
-18.292999
-19.259001
-18.292999
-15.395000
-14.428000
-12.496000
-6.698900
0.064410
4.895300
5.861500
9.726200
11.659000
12.625000
14.557000
13.591000
10.692000
11.659000
9.726200
1.996800
-3.800300
-4.766500
-2.834100
-0.901770
0.064410
4.895300
8.760100
13.591000
20.354000
30.016001
35.813000
36.778999
38.712002
37.745998
35.813000
30.016001
16.490000
5.861500
1.030600
-3.800300
-9.597400
-4.766500
1.030600
4.895300
8.760100
4.895300
-2.834100
-7.665100
-13.462000
-18.292999
-20.225000
-21.191999
-20.225000
-22.158001
-23.124001
-17.327000
-12.496000
-9.597400
-4.766500
3.929100
8.760100
7.793900
10.692000
12.625000
11.659000
7.793900
3.929100
2.963000
-3.800300
-7.665100
-8.631200
-9.597400
-5.732700
-11.530000
-11.530000
-7.665100
1.030600
4.895300
7.793900
10.692000
16.490000
23.253000
24.219000
21.320000
16.490000
8.760100
2.963000
-4.766500
-10.564000
-16.361000
-25.056000
-31.820000
-37.617001
-38.583000
-33.751999
-34.717999
-29.886999
-19.259001
-12.496000
-6.698900
-0.901770
8.760100
13.591000
15.523000
15.523000
17.455999
16.490000
13.591000
12.625000
7.793900
5.861500
6.827700
4.895300
8.760100
15.523000
14.557000
15.523000
12.625000
12.625000
9.726200
6.827700
4.895300
6.827700
11.659000
10.692000
14.557000
18.422001
17.455999
15.523000
11.659000
13.591000
9.726200
6.827700
2.963000
-1.868000
-4.766500
-11.530000
-18.292999
-20.225000
-14.428000
-9.597400
-8.631200
-5.732700
-7.665100
-15.395000
-25.056000
-29.886999
-26.023001
-19.259001
-15.395000
-18.292999
-17.327000
-14.428000
-10.564000
-4.766500
-0.901770
3.929100
6.827700
6.827700
4.895300
3.929100
4.895300
3.929100
4.895300
13.591000
17.455999
15.523000
12.625000
10.692000
5.861500
1.996800
3.929100
6.827700
11.659000
15.523000
14.557000
12.625000
15.523000
16.490000
11.659000
1.996800
-5.732700
-11.530000
-20.225000
-23.124001
-23.124001
-21.191999
-18.292999
-9.597400
3.929100
15.523000
25.184999
24.219000
26.150999
31.948000
28.084000
19.388000
7.793900
-2.834100
-9.597400
-21.191999
-28.921000
-35.683998
-43.414001
-43.414001
-41.480999
-33.751999
-23.124001
-15.395000
-2.834100
8.760100
12.625000
10.692000
14.557000
21.320000
25.184999
28.084000
32.915001
31.948000
30.982000
30.016001
26.150999
20.354000
19.388000
19.388000
17.455999
10.692000
1.030600
-6.698900
-12.496000
-18.292999
-25.056000
-27.955000
-27.955000
-26.023001
-21.191999
-14.428000
-11.530000
-11.530000
-6.698900
-2.834100
-1.868000
-1.868000
-1.868000
-2.834100
-10.564000
-15.395000
-16.361000
-16.361000
-14.428000
-3.800300
3.929100
10.692000
18.422001
17.455999
12.625000
13.591000
11.659000
5.861500
1.996800
-7.665100
-17.327000
-23.124001
-25.056000
-28.921000
-29.886999
-21.191999
-17.327000
-11.530000
-3.800300
3.929100
10.692000
16.490000
18.422001
