-2.717200
2.022100
18.136000
20.979000
15.292000
6.761500
1.074200
10.553000
6.761500
5.813600
15.292000
11.501000
4.865700
-7.456600
-3.665100
-4.613000
-6.508700
0.126380
1.074200
-9.352300
-3.665100
8.657200
9.605100
-4.613000
3.917900
17.188000
2.022100
-1.769400
5.813600
1.074200
-4.613000
-3.665100
-4.613000
-17.882999
-22.622000
-25.466000
-17.882999
-18.830999
-18.830999
-20.726999
-10.300000
2.022100
2.970000
0.126380
3.917900
16.240000
15.292000
16.240000
21.927000
23.823000
10.553000
11.501000
8.657200
6.761500
12.449000
6.761500
0.126380
-5.560800
2.022100
1.074200
-8.404400
-9.352300
-3.665100
-9.352300
-9.352300
-15.987000
-12.196000
-8.404400
-15.987000
-22.622000
-36.840000
-20.726999
-5.560800
-14.092000
-13.144000
-6.508700
-10.300000
-6.508700
5.813600
19.084000
20.979000
15.292000
15.292000
5.813600
1.074200
8.657200
20.979000
16.240000
5.813600
9.605100
17.188000
5.813600
9.605100
23.823000
32.354000
30.458000
23.823000
28.562000
25.719000
27.615000
18.136000
26.667000
28.562000
18.136000
5.813600
-8.404400
-0.821480
11.501000
10.553000
7.709300
4.865700
2.970000
-15.987000
-1.769400
16.240000
5.813600
-1.769400
-4.613000
-16.934999
-23.570000
-5.560800
-1.769400
-17.882999
-14.092000
-15.039000
-26.414000
-15.987000
-0.821480
-0.821480
-1.769400
-15.039000
-14.092000
-9.352300
-11.248000
-0.821480
-1.769400
-21.674999
-19.778999
-15.987000
-18.830999
-18.830999
-4.613000
-5.560800
-0.821480
6.761500
6.761500
8.657200
5.813600
10.553000
19.084000
16.240000
9.605100
-8.404400
-12.196000
-0.821480
-4.613000
-13.144000
-26.414000
-30.205000
-17.882999
-12.196000
-25.466000
-16.934999
-1.769400
-8.404400
-8.404400
-9.352300
-11.248000
-1.769400
4.865700
0.126380
-8.404400
-2.717200
-1.769400
3.917900
6.761500
8.657200
13.397000
2.970000
6.761500
12.449000
17.188000
6.761500
2.970000
-8.404400
-5.560800
2.970000
-1.769400
3.917900
0.126380
-9.352300
0.126380
2.970000
7.709300
8.657200
14.344000
20.032000
10.553000
-9.352300
2.970000
14.344000
7.709300
-2.717200
-8.404400
-0.821480
2.022100
5.813600
14.344000
6.761500
12.449000
17.188000
13.397000
6.761500
5.813600
4.865700
4.865700
9.605100
3.917900
-0.821480
-3.665100
-8.404400
-8.404400
-3.665100
3.917900
7.709300
-2.717200
9.605100
20.979000
14.344000
-3.665100
8.657200
16.240000
11.501000
14.344000
1.074200
2.022100
1.074200
-6.508700
-6.508700
-15.039000
-10.300000
1.074200
2.022100
-1.769400
-20.726999
-10.300000
3.917900
8.657200
5.813600
-0.821480
-6.508700
-10.300000
-6.508700
0.126380
-9.352300
-13.144000
-15.039000
-8.404400
-4.613000
-15.039000
-10.300000
-8.404400
-2.717200
2.022100
8.657200
2.970000
-4.613000
-0.821480
2.970000
4.865700
-2.717200
-9.352300
-12.196000
2.970000
6.761500
-0.821480
-9.352300
-9.352300
-5.560800
7.709300
14.344000
0.126380
1.074200
2.970000
5.813600
-1.769400
-10.300000
-0.821480
3.917900
-5.560800
-11.248000
-10.300000
-15.987000
-3.665100
6.761500
4.865700
0.126380
2.022100
4.865700
7.709300
5.813600
8.657200
9.605100
-3.665100
-2.717200
3.917900
2.022100
6.761500
6.761500
-1.769400
-5.560800
-6.508700
5.813600
10.553000
2.970000
-4.613000
-4.613000
-7.456600
-3.665100
-0.821480
-19.778999
-21.674999
-23.570000
-15.039000
-19.778999
-26.414000
-31.153000
-34.945000
-30.205000
-22.622000
-6.508700
8.657200
5.813600
13.397000
11.501000
26.667000
42.779999
38.041000
25.719000
31.406000
42.779999
35.196999
27.615000
12.449000
17.188000
25.719000
25.719000
10.553000
12.449000
15.292000
0.126380
5.813600
9.605100
13.397000
5.813600
-6.508700
-10.300000
-10.300000
-4.613000
-11.248000
-22.622000
-15.039000
1.074200
10.553000
-1.769400
-6.508700
-3.665100
13.397000
14.344000
9.605100
2.022100
-5.560800
-19.778999
-8.404400
2.022100
-6.508700
-23.570000
-18.830999
-10.300000
-16.934999
-3.665100
5.813600
-7.456600
-2.717200
8.657200
2.970000
2.022100
2.970000
-7.456600
0.126380
7.709300
1.074200
-3.665100
-18.830999
-14.092000
2.022100
-1.769400
-10.300000
-14.092000
-16.934999
-2.717200
2.022100
1.074200
0.126380
-16.934999
-3.665100
2.970000
-1.769400
1.074200
1.074200
-11.248000
-6.508700
4.865700
2.022100
-11.248000
-7.456600
3.917900
9.605100
3.917900
2.970000
5.813600
16.240000
29.510000
30.458000
15.292000
13.397000
18.136000
16.240000
3.917900
1.074200
0.126380
4.865700
0.126380
-8.404400
-16.934999
-22.622000
-20.726999
-17.882999
-12.196000
2.022100
2.022100
-0.821480
-8.404400
6.761500
16.240000
2.022100
7.709300
10.553000
4.865700
-13.144000
-11.248000
-4.613000
-2.717200
-0.821480
-1.769400
-9.352300
4.865700
8.657200
9.605100
11.501000
6.761500
10.553000
23.823000
24.771000
14.344000
9.605100
6.761500
2.022100
-4.613000
2.970000
-2.717200
-15.039000
-16.934999
-24.518000
-14.092000
-3.665100
-7.456600
-11.248000
-22.622000
-18.830999
-11.248000
-6.508700
1.074200
4.865700
4.865700
-0.821480
-4.613000
-0.821480
-8.404400
-9.352300
-2.717200
-7.456600
1.074200
9.605100
9.605100
2.970000
-0.821480
12.449000
21.927000
10.553000
6.761500
-2.717200
-1.769400
-3.665100
-5.560800
-5.560800
-1.769400
-14.092000
0.126380
15.292000
20.032000
21.927000
12.449000
12.449000
8.657200
10.553000
17.188000
13.397000
9.605100
2.022100
-14.092000
-21.674999
-15.987000
-7.456600
-14.092000
-22.622000
-19.778999
-25.466000
-19.778999
-7.456600
-5.560800
-3.665100
-5.560800
-6.508700
9.605100
14.344000
5.813600
6.761500
8.657200
3.917900
15.292000
15.292000
3.917900
-2.717200
-9.352300
-9.352300
-19.778999
-7.456600
6.761500
8.657200
5.813600
9.605100
3.917900
13.397000
18.136000
5.813600
3.917900
2.970000
-3.665100
-5.560800
3.917900
4.865700
-2.717200
-10.300000
-14.092000
-11.248000
8.657200
13.397000
8.657200
9.605100
3.917900
9.605100
9.605100
20.032000
23.823000
14.344000
1.074200
2.022100
9.605100
9.605100
8.657200
2.022100
7.709300
5.813600
2.022100
0.126380
-13.144000
-3.665100
12.449000
13.397000
6.761500
-1.769400
-1.769400
-6.508700
-10.300000
-7.456600
1.074200
1.074200
-4.613000
-10.300000
-10.300000
1.074200
3.917900
1.074200
-2.717200
7.709300
10.553000
-2.717200
3.917900
-2.717200
-8.404400
-1.769400
-6.508700
-8.404400
-8.404400
-6.508700
-14.092000
-10.300000
-13.144000
-12.196000
-2.717200
-5.560800
-5.560800
-2.717200
-14.092000
-5.560800
-6.508700
-4.613000
4.865700
2.970000
-2.717200
-0.821480
2.022100
-7.456600
4.865700
12.449000
0.126380
7.709300
13.397000
4.865700
1.074200
10.553000
9.605100
4.865700
6.761500
7.709300
-5.560800
2.970000
11.501000
3.917900
4.865700
10.553000
5.813600
-0.821480
2.970000
4.865700
0.126380
-10.300000
-12.196000
-17.882999
-11.248000
-4.613000
-4.613000
-0.821480
-9.352300
-1.769400
-11.248000
-6.508700
8.657200
2.970000
10.553000
18.136000
5.813600
-3.665100
1.074200
6.761500
-1.769400
2.970000
-3.665100
-4.613000
-1.769400
1.074200
1.074200
-2.717200
-6.508700
-7.456600
1.074200
3.917900
7.709300
9.605100
4.865700
2.022100
-7.456600
-1.769400
0.126380
2.970000
2.022100
-3.665100
-18.830999
-7.456600
1.074200
1.074200
4.865700
4.865700
-0.821480
-6.508700
2.022100
2.970000
-0.821480
10.553000
7.709300
-1.769400
3.917900
5.813600
7.709300
2.970000
-8.404400
-4.613000
2.022100
0.126380
-7.456600
-19.778999
-17.882999
-3.665100
-0.821480
-7.456600
-14.092000
-1.769400
3.917900
3.917900
0.126380
-11.248000
7.709300
18.136000
16.240000
11.501000
8.657200
11.501000
19.084000
20.979000
12.449000
9.605100
7.709300
6.761500
-0.821480
-10.300000
-6.508700
-4.613000
-2.717200
-12.196000
-3.665100
-7.456600
-0.821480
-3.665100
-6.508700
-3.665100
-9.352300
-1.769400
3.917900
-11.248000
-2.717200
12.449000
11.501000
8.657200
5.813600
6.761500
-7.456600
-3.665100
3.917900
-0.821480
-2.717200
1.074200
-2.717200
-10.300000
-0.821480
-2.717200
-5.560800
-2.717200
-6.508700
-1.769400
3.917900
2.022100
-2.717200
-4.613000
-10.300000
2.022100
14.344000
15.292000
3.917900
4.865700
3.917900
7.709300
6.761500
6.761500
4.865700
-0.821480
-11.248000
0.126380
-1.769400
4.865700
12.449000
9.605100
-2.717200
11.501000
18.136000
9.605100
12.449000
4.865700
-14.092000
-9.352300
-2.717200
-7.456600
-20.726999
-29.257999
-19.778999
-12.196000
-20.726999
-21.674999
-22.622000
-11.248000
-7.456600
-4.613000
-6.508700
-13.144000
-7.456600
1.074200
2.970000
0.126380
2.970000
14.344000
11.501000
-5.560800
4.865700
17.188000
16.240000
8.657200
-5.560800
-1.769400
5.813600
-8.404400
2.022100
13.397000
4.865700
4.865700
2.022100
-5.560800
4.865700
8.657200
6.761500
-0.821480
0.126380
1.074200
17.188000
14.344000
7.709300
6.761500
1.074200
-4.613000
-19.778999
-16.934999
0.126380
-1.769400
-2.717200
-14.092000
-8.404400
4.865700
2.970000
1.074200
2.970000
3.917900
8.657200
10.553000
4.865700
9.605100
-3.665100
1.074200
3.917900
3.917900
3.917900
-6.508700
6.761500
14.344000
13.397000
13.397000
9.605100
3.917900
-3.665100
3.917900
11.501000
2.970000
-4.613000
-5.560800
-4.613000
-14.092000
-14.092000
-12.196000
-16.934999
-6.508700
2.022100
-0.821480
-4.613000
-11.248000
-13.144000
2.022100
1.074200
-3.665100
1.074200
-7.456600
0.126380
13.397000
14.344000
4.865700
8.657200
6.761500
4.865700
14.344000
12.449000
0.126380
4.865700
2.970000
6.761500
6.761500
5.813600
-6.508700
-3.665100
10.553000
5.813600
-4.613000
-11.248000
-8.404400
2.022100
3.917900
2.022100
-5.560800
-10.300000
5.813600
-0.821480
1.074200
10.553000
1.074200
2.970000
-15.987000
-12.196000
-6.508700
-6.508700
-5.560800
-21.674999
-7.456600
12.449000
12.449000
15.292000
15.292000
22.875000
19.084000
20.032000
25.719000
23.823000
16.240000
6.761500
-8.404400
-7.456600
4.865700
-2.717200
-20.726999
-12.196000
0.126380
-0.821480
-8.404400
-8.404400
-1.769400
4.865700
7.709300
11.501000
4.865700
-5.560800
-9.352300
6.761500
4.865700
-1.769400
-9.352300
-1.769400
-1.769400
-2.717200
5.813600
6.761500
-8.404400
-8.404400
-9.352300
-11.248000
-11.248000
-6.508700
-13.144000
-24.518000
-35.893002
-28.309999
-15.039000
-16.934999
-23.570000
-9.352300
0.126380
-3.665100
6.761500
9.605100
-3.665100
5.813600
13.397000
3.917900
-7.456600
-0.821480
-5.560800
-10.300000
-10.300000
-16.934999
-11.248000
-1.769400
4.865700
0.126380
0.126380
5.813600
11.501000
8.657200
6.761500
11.501000
2.970000
