1.300800
0.000000
-5.203300
-2.601600
5.853700
-5.203300
-8.455300
-7.804900
-5.203300
-1.951200
-8.455300
-7.154500
0.650410
5.853700
4.552800
3.902400
3.252000
3.252000
1.951200
-1.951200
5.853700
17.561001
7.804900
0.000000
-1.300800
2.601600
5.853700
5.853700
8.455300
5.853700
0.650410
-1.951200
6.504100
4.552800
0.000000
3.902400
-3.902400
-8.455300
-2.601600
1.300800
5.203300
-3.902400
5.203300
4.552800
7.154500
16.910999
12.358000
10.407000
14.309000
13.008000
13.008000
8.455300
1.951200
1.300800
-2.601600
2.601600
-0.650410
6.504100
-7.154500
-13.659000
-1.300800
6.504100
13.008000
20.813000
24.065001
23.415001
20.163000
16.260000
11.057000
7.804900
0.000000
-9.105700
-8.455300
-21.462999
-33.820999
-33.820999
-30.569000
-22.764000
-14.959000
-12.358000
-6.504100
1.300800
-3.902400
5.853700
10.407000
11.057000
16.910999
16.260000
7.154500
7.154500
-0.650410
-2.601600
0.650410
-1.300800
-1.300800
-7.154500
-7.804900
-6.504100
-11.707000
-4.552800
2.601600
0.000000
2.601600
9.105700
1.951200
-3.902400
-1.951200
-16.260000
-18.862000
-16.910999
-24.065001
-20.813000
-19.511999
-7.804900
1.300800
2.601600
2.601600
3.902400
1.300800
4.552800
6.504100
7.154500
3.902400
10.407000
16.910999
18.211000
25.365999
19.511999
22.114000
17.561001
8.455300
4.552800
7.804900
1.951200
-6.504100
-9.756100
-13.659000
-13.659000
-4.552800
-1.300800
-1.300800
-5.853700
-8.455300
0.650410
6.504100
11.707000
22.764000
17.561001
9.756100
-2.601600
-3.902400
3.252000
-3.902400
-7.154500
-12.358000
-4.552800
-3.252000
-9.756100
-9.756100
-7.154500
-3.252000
6.504100
11.057000
8.455300
9.105700
5.203300
6.504100
12.358000
2.601600
-4.552800
-3.902400
-15.610000
-14.309000
-8.455300
-5.203300
0.000000
0.000000
-3.902400
-6.504100
-5.203300
1.300800
5.853700
-2.601600
-0.650410
3.252000
11.057000
7.804900
16.910999
16.260000
22.114000
27.966999
16.910999
16.260000
21.462999
14.959000
21.462999
13.659000
4.552800
0.650410
-9.105700
0.000000
-4.552800
-6.504100
-10.407000
-7.154500
-3.252000
1.300800
-1.300800
-3.252000
-1.951200
0.650410
-1.300800
-9.756100
-4.552800
-7.804900
-7.154500
-11.707000
-9.105700
-11.057000
-16.260000
-13.659000
-9.756100
-14.959000
-11.707000
-9.756100
-5.203300
0.650410
3.252000
3.902400
-0.650410
-3.252000
0.000000
0.000000
-5.853700
-6.504100
-9.105700
-5.853700
-4.552800
-16.910999
-20.163000
-24.065001
-22.764000
-8.455300
0.650410
2.601600
12.358000
14.959000
16.910999
13.008000
11.707000
9.756100
15.610000
13.659000
11.707000
12.358000
12.358000
3.252000
-5.853700
-5.203300
-10.407000
-12.358000
-16.260000
-24.715000
-26.016001
-14.959000
-19.511999
-13.008000
-12.358000
-1.300800
-5.203300
-8.455300
3.902400
11.707000
20.163000
26.016001
27.316999
32.520000
26.667000
24.715000
23.415001
18.862000
18.211000
7.154500
5.203300
-2.601600
-5.203300
-4.552800
-0.650410
-3.252000
-9.105700
0.000000
0.650410
-4.552800
0.650410
2.601600
-1.951200
-7.154500
-17.561001
-16.260000
-11.707000
-9.756100
-3.902400
1.300800
1.951200
5.203300
1.300800
5.203300
11.057000
9.105700
3.252000
-2.601600
0.650410
-13.008000
-11.707000
-16.260000
-18.211000
-17.561001
-11.707000
-2.601600
-9.105700
0.650410
5.853700
0.000000
2.601600
-6.504100
-4.552800
-5.203300
-12.358000
-14.959000
-8.455300
9.105700
9.756100
9.756100
11.707000
-2.601600
-5.853700
-11.707000
-24.065001
-18.211000
-11.707000
-4.552800
7.154500
9.756100
16.260000
15.610000
18.211000
19.511999
17.561001
11.707000
8.455300
7.154500
5.853700
10.407000
12.358000
11.057000
10.407000
11.057000
5.853700
-3.902400
-5.203300
-1.951200
-9.756100
-6.504100
-18.862000
-26.667000
-24.065001
-29.919001
-34.472000
-29.919001
-27.316999
-2.601600
5.203300
3.252000
13.659000
13.008000
15.610000
22.114000
25.365999
17.561001
16.260000
16.910999
7.154500
1.951200
-11.707000
-16.260000
-14.309000
-9.756100
1.300800
13.659000
13.659000
11.707000
8.455300
3.252000
5.203300
2.601600
7.154500
10.407000
9.756100
7.154500
10.407000
4.552800
4.552800
9.105700
5.203300
4.552800
5.853700
-1.951200
-4.552800
-5.203300
0.000000
-0.650410
-5.853700
-2.601600
-0.650410
2.601600
13.659000
17.561001
9.756100
5.203300
10.407000
16.910999
15.610000
11.057000
0.650410
6.504100
3.902400
-10.407000
-16.910999
-15.610000
-9.105700
-12.358000
-15.610000
-10.407000
-9.756100
4.552800
0.650410
3.902400
11.707000
14.959000
17.561001
0.650410
-3.252000
-7.804900
-16.260000
-11.057000
-14.959000
-15.610000
-6.504100
-1.300800
0.650410
4.552800
-5.203300
-5.203300
1.300800
-3.902400
-12.358000
-6.504100
-14.309000
-5.853700
-12.358000
-13.659000
-2.601600
1.951200
-3.252000
-6.504100
-9.105700
-14.959000
-14.959000
-5.853700
7.804900
3.902400
0.000000
0.650410
-1.300800
-5.853700
-4.552800
-6.504100
-4.552800
1.300800
7.804900
13.008000
8.455300
6.504100
5.853700
6.504100
3.902400
4.552800
-4.552800
-13.008000
-13.659000
-13.008000
-8.455300
-4.552800
3.902400
7.804900
7.154500
19.511999
18.211000
22.114000
29.268000
24.715000
22.114000
18.211000
8.455300
-0.650410
-1.951200
-11.707000
-16.910999
-18.211000
-13.659000
-12.358000
2.601600
-1.300800
-1.951200
4.552800
6.504100
8.455300
7.154500
7.154500
9.105700
5.203300
0.650410
9.105700
8.455300
1.300800
7.154500
10.407000
-6.504100
-13.008000
-3.902400
2.601600
13.659000
11.707000
4.552800
0.000000
6.504100
0.000000
-3.902400
1.300800
0.000000
1.951200
0.650410
6.504100
12.358000
22.764000
22.764000
18.862000
24.715000
22.764000
15.610000
11.057000
-4.552800
-3.902400
-3.902400
-5.203300
-5.203300
-2.601600
-6.504100
-7.804900
-3.252000
-2.601600
-1.951200
-1.951200
-4.552800
-9.105700
-5.853700
-14.309000
-9.756100
-1.300800
4.552800
5.203300
3.252000
3.252000
3.252000
1.951200
-3.252000
-9.756100
-8.455300
-6.504100
-5.853700
-5.853700
-18.862000
-16.910999
-18.211000
-20.813000
-31.219999
-21.462999
-14.959000
-11.057000
-9.756100
-5.203300
3.252000
0.650410
6.504100
1.300800
-6.504100
-5.203300
6.504100
-1.951200
-3.252000
-9.105700
-5.203300
-5.853700
-5.853700
-10.407000
-5.853700
2.601600
1.300800
0.650410
6.504100
4.552800
12.358000
16.260000
9.105700
11.707000
4.552800
-0.650410
0.650410
3.252000
0.000000
-9.105700
-11.057000
-6.504100
-1.951200
0.000000
-6.504100
-1.300800
-2.601600
3.252000
13.659000
9.756100
2.601600
-4.552800
0.650410
-1.951200
-5.203300
4.552800
3.902400
0.000000
-5.853700
-13.659000
-9.756100
-0.650410
1.300800
-2.601600
-2.601600
-1.951200
1.300800
3.252000
-1.300800
-5.853700
-8.455300
-2.601600
-1.951200
0.000000
3.902400
11.057000
14.309000
14.959000
13.659000
8.455300
4.552800
-6.504100
-4.552800
-5.853700
-17.561001
-15.610000
-17.561001
-13.659000
4.552800
12.358000
20.163000
24.065001
22.114000
15.610000
21.462999
23.415001
7.804900
1.951200
-5.203300
-4.552800
4.552800
1.300800
-5.853700
-11.057000
-5.853700
-1.300800
1.300800
-3.252000
-11.057000
-3.252000
9.756100
18.211000
25.365999
16.910999
5.853700
7.804900
6.504100
5.853700
3.902400
3.902400
5.203300
11.707000
5.203300
3.902400
-1.951200
0.000000
-1.300800
0.000000
-9.756100
-17.561001
-20.163000
-13.008000
-9.756100
-6.504100
-9.105700
-5.203300
4.552800
3.252000
-0.650410
0.000000
-1.300800
9.756100
13.659000
11.057000
6.504100
0.650410
3.252000
-5.203300
-6.504100
-1.951200
-11.707000
-9.105700
-3.902400
-5.203300
-9.756100
-8.455300
-4.552800
1.951200
1.951200
9.105700
12.358000
18.211000
13.008000
14.309000
13.659000
8.455300
9.756100
-3.252000
-14.959000
-11.057000
-9.105700
-7.804900
-2.601600
-6.504100
-8.455300
-7.154500
-1.951200
1.300800
5.203300
-1.951200
1.300800
0.000000
-1.951200
-1.951200
-5.853700
-14.309000
-20.813000
-16.260000
-3.902400
9.105700
0.000000
-7.804900
-5.203300
4.552800
5.853700
1.300800
-4.552800
-8.455300
-8.455300
-8.455300
-8.455300
-9.105700
-7.804900
-1.951200
5.203300
7.804900
11.707000
7.804900
15.610000
4.552800
4.552800
3.252000
1.951200
7.154500
2.601600
-1.951200
-4.552800
-5.853700
-5.853700
-1.300800
3.252000
1.951200
3.902400
7.804900
7.804900
12.358000
14.309000
8.455300
-1.300800
-7.154500
-10.407000
-1.951200
-3.252000
3.252000
-1.951200
-3.252000
-3.252000
-7.154500
-4.552800
-10.407000
-7.154500
-8.455300
-0.650410
0.650410
-2.601600
0.000000
-0.650410
1.300800
7.154500
9.105700
8.455300
5.203300
6.504100
4.552800
7.154500
1.300800
-6.504100
-10.407000
-18.862000
-16.260000
-22.764000
-13.008000
-10.407000
-21.462999
-16.260000
-14.309000
-13.008000
-4.552800
0.000000
5.853700
4.552800
7.154500
11.057000
9.105700
10.407000
13.659000
13.659000
13.008000
11.707000
14.309000
9.105700
9.105700
14.309000
17.561001
13.008000
7.154500
1.951200
0.650410
3.902400
10.407000
5.853700
-0.650410
-6.504100
-6.504100
-1.300800
-2.601600
-7.154500
-9.105700
-8.455300
-9.756100
-13.008000
-11.707000
-2.601600
1.951200
11.707000
6.504100
0.650410
0.650410
10.407000
11.057000
13.659000
7.154500
11.057000
6.504100
-7.154500
-10.407000
-16.910999
-6.504100
-9.105700
-6.504100
-4.552800
1.951200
-1.951200
2.601600
2.601600
-4.552800
-7.154500
3.902400
-0.650410
-3.902400
-7.804900
-13.659000
-1.951200
-1.300800
-4.552800
-4.552800
-1.951200
-7.154500
5.203300
7.154500
4.552800
-7.154500
-10.407000
-5.203300
8.455300
0.000000
4.552800
9.105700
8.455300
3.902400
1.300800
4.552800
5.853700
5.853700
4.552800
4.552800
14.959000
24.065001
24.065001
17.561001
14.959000
16.260000
20.163000
16.260000
14.959000
9.756100
7.804900
9.756100
7.804900
5.853700
-1.300800
1.300800
5.203300
-1.951200
-8.455300
-5.853700
-10.407000
-13.008000
-7.804900
-5.203300
-10.407000
-1.951200
-4.552800
-0.650410
-5.203300
-5.853700
-16.910999
-20.813000
-18.211000
-1.951200
9.105700
10.407000
0.000000
-3.902400
-11.707000
-7.804900
-11.707000
-11.057000
-14.309000
-11.057000
-11.057000
-16.910999
-5.853700
-3.902400
-5.853700
-6.504100
0.650410
6.504100
20.813000
16.910999
22.114000
20.813000
14.959000
20.813000
11.057000
3.252000
-2.601600
-3.902400
-3.902400
-13.008000
-13.008000
-14.309000
-18.862000
-18.862000
-14.959000
-9.105700
-7.804900
-9.756100
-1.951200
-5.853700
-1.300800
0.650410
11.707000
6.504100
3.252000
-0.650410
1.951200
5.853700
7.804900
6.504100
5.853700
4.552800
3.252000
