10.797000
-21.724001
-23.024000
1.040700
25.756001
-1.561000
-3.512200
-10.016000
10.797000
6.894300
-11.967000
-0.910570
-5.463400
14.699000
-16.520000
-0.910570
-4.813000
-4.813000
4.943100
6.894300
-5.463400
22.504000
-0.260160
-14.569000
4.943100
12.098000
5.593500
-11.967000
6.243900
15.350000
12.748000
-16.520000
4.292700
13.398000
7.544700
-0.260160
12.098000
8.845500
-10.016000
-2.211400
-10.016000
12.098000
18.601999
-3.512200
8.845500
16.000000
18.601999
5.593500
2.991900
-5.463400
27.707001
-13.919000
-0.260160
21.854000
18.601999
16.650000
-21.724001
1.040700
-10.667000
1.691100
-4.813000
6.894300
4.943100
5.593500
19.902000
12.748000
6.894300
-4.813000
8.195100
11.447000
1.691100
0.390240
10.146000
-39.935001
-16.520000
-15.870000
-11.317000
-9.365900
-6.113800
2.341500
-22.374001
-32.130001
1.691100
3.642300
-15.870000
-4.162600
12.748000
5.593500
-11.317000
6.243900
-2.861800
-9.365900
-9.365900
-14.569000
3.642300
-23.024000
-17.820999
6.243900
6.894300
-11.317000
1.691100
8.845500
-1.561000
8.845500
-4.813000
5.593500
15.350000
-12.618000
-17.820999
3.642300
-10.667000
-8.065000
-9.365900
-8.715400
-2.211400
8.195100
4.292700
-19.771999
21.202999
11.447000
19.252001
7.544700
6.894300
18.601999
11.447000
19.902000
4.943100
22.504000
29.007999
-2.861800
14.699000
0.390240
16.000000
11.447000
-4.813000
9.495900
-16.520000
-15.870000
12.098000
-12.618000
-5.463400
-10.667000
-3.512200
8.845500
7.544700
6.894300
13.398000
19.252001
-1.561000
-11.317000
-0.260160
2.341500
6.243900
-8.065000
-15.220000
6.243900
14.699000
13.398000
-6.113800
-11.317000
-10.667000
2.341500
-4.162600
8.195100
4.292700
-4.162600
2.341500
8.845500
-11.317000
-15.220000
-3.512200
-7.414600
-5.463400
-9.365900
-3.512200
6.243900
-4.813000
2.991900
-4.162600
-1.561000
-6.113800
-13.268000
-21.073000
-17.820999
-7.414600
5.593500
-14.569000
-11.317000
-24.976000
12.748000
12.098000
-4.162600
21.854000
34.210999
33.561001
-6.113800
-6.113800
16.650000
21.854000
25.106001
1.040700
-13.268000
-22.374001
-20.423000
11.447000
1.040700
10.797000
-6.764200
-15.870000
-4.813000
-20.423000
12.098000
-1.561000
-17.820999
-5.463400
12.098000
-36.682999
-17.171000
5.593500
-17.171000
12.748000
9.495900
-36.033001
-8.065000
16.000000
12.098000
7.544700
6.894300
6.243900
8.195100
1.040700
7.544700
4.292700
-6.764200
-25.625999
4.943100
1.691100
-17.820999
-0.910570
-15.870000
-12.618000
-13.919000
-2.211400
16.650000
0.390240
-7.414600
-1.561000
23.805000
7.544700
8.195100
-0.260160
12.098000
0.390240
13.398000
10.146000
7.544700
14.049000
12.098000
-13.919000
-7.414600
8.845500
-7.414600
-28.228001
4.292700
-16.520000
-37.984001
-17.171000
0.390240
-4.162600
6.894300
-13.268000
-20.423000
6.243900
14.049000
9.495900
27.707001
23.153999
-4.162600
15.350000
32.910999
19.902000
20.552999
16.650000
7.544700
-5.463400
-8.065000
-8.715400
27.056999
-11.317000
-18.472000
6.243900
-17.171000
7.544700
-12.618000
-27.577000
-4.813000
-1.561000
-1.561000
-5.463400
10.797000
-11.317000
-14.569000
8.195100
15.350000
6.894300
10.146000
0.390240
12.098000
2.991900
-5.463400
-11.317000
2.991900
-4.162600
-0.260160
-5.463400
1.691100
-7.414600
2.341500
0.390240
-2.861800
12.098000
2.341500
-3.512200
4.292700
-7.414600
15.350000
1.040700
-11.967000
-8.065000
2.341500
14.699000
-11.967000
16.000000
2.991900
-2.211400
-0.910570
2.991900
-4.813000
-30.829000
0.390240
0.390240
-8.715400
38.764000
29.007999
-0.260160
10.146000
14.699000
-8.715400
8.195100
23.153999
1.691100
1.691100
17.951000
6.894300
8.195100
19.252001
17.301001
7.544700
4.943100
8.195100
-8.715400
2.991900
2.991900
-13.919000
1.691100
-21.073000
-21.724001
-40.584999
-14.569000
-25.625999
-2.211400
3.642300
-15.220000
-31.480000
-5.463400
21.854000
21.202999
16.650000
20.552999
17.951000
1.040700
10.146000
0.390240
-15.220000
-11.967000
-14.569000
-6.764200
-5.463400
-11.967000
1.691100
-0.910570
15.350000
-7.414600
-13.268000
-26.927000
-19.771999
4.292700
15.350000
24.455000
4.292700
-4.162600
-0.260160
18.601999
-1.561000
4.292700
-2.861800
1.691100
1.040700
-19.771999
-8.065000
-13.919000
-0.260160
-6.764200
0.390240
0.390240
8.195100
-3.512200
16.000000
24.455000
8.845500
-15.220000
14.049000
15.350000
-10.667000
9.495900
19.252001
13.398000
-21.073000
-8.715400
16.000000
-21.724001
6.243900
-8.715400
-10.667000
-4.162600
-32.130001
-4.162600
27.707001
11.447000
12.098000
34.862000
-19.122000
-18.472000
-10.667000
-29.528000
-8.065000
-34.731998
-2.861800
-13.268000
-0.910570
15.350000
-29.528000
2.341500
12.098000
-11.967000
-1.561000
11.447000
-41.886002
-21.073000
-6.764200
0.390240
-12.618000
8.845500
14.049000
-11.317000
-14.569000
21.202999
-19.122000
-9.365900
13.398000
8.195100
16.650000
-1.561000
2.991900
19.902000
8.195100
16.000000
10.146000
-20.423000
-8.715400
17.951000
2.991900
8.195100
0.390240
1.040700
-6.764200
-4.162600
0.390240
-10.016000
-7.414600
-4.162600
-10.016000
1.040700
2.991900
11.447000
0.390240
21.202999
22.504000
0.390240
22.504000
-4.162600
31.610001
17.301001
12.098000
8.195100
-6.113800
5.593500
-6.764200
-23.674999
9.495900
-9.365900
-1.561000
-4.813000
8.845500
18.601999
-4.813000
2.341500
23.805000
-10.016000
-15.220000
2.991900
-5.463400
5.593500
-36.682999
2.991900
9.495900
-6.764200
2.991900
-14.569000
-30.179001
5.593500
1.040700
-10.667000
30.959000
12.098000
2.341500
24.455000
-4.813000
-2.861800
-13.919000
-3.512200
0.390240
-5.463400
12.748000
27.056999
18.601999
12.748000
16.650000
29.007999
12.748000
13.398000
-9.365900
13.398000
18.601999
-4.813000
-13.919000
-23.024000
7.544700
8.195100
8.845500
13.398000
-10.016000
5.593500
-43.187000
-13.919000
-8.715400
-14.569000
-9.365900
0.390240
11.447000
-14.569000
15.350000
9.495900
1.040700
8.845500
-0.910570
21.202999
-0.260160
-17.820999
-31.480000
7.544700
-13.268000
-38.633999
-10.016000
-19.771999
-12.618000
-14.569000
-10.016000
-19.122000
-27.577000
2.341500
-2.211400
-8.715400
5.593500
-4.813000
-6.764200
-9.365900
-0.910570
2.991900
0.390240
-8.065000
-15.220000
-10.016000
-19.122000
-4.813000
-2.211400
1.040700
-5.463400
-6.113800
-0.910570
2.341500
2.341500
22.504000
14.699000
4.292700
19.252001
-0.910570
-16.520000
12.748000
11.447000
1.691100
-10.016000
-0.260160
-4.813000
-17.171000
8.195100
10.797000
0.390240
9.495900
8.845500
1.040700
6.243900
-12.618000
-7.414600
-6.764200
-8.715400
-11.967000
-6.113800
1.691100
-21.073000
-15.220000
-1.561000
-3.512200
-18.472000
8.195100
11.447000
-4.813000
19.902000
5.593500
4.292700
20.552999
2.341500
-10.016000
-5.463400
13.398000
14.049000
24.455000
23.805000
11.447000
1.691100
-0.260160
1.691100
-15.220000
-12.618000
-4.162600
-4.162600
-38.633999
-34.731998
-7.414600
-12.618000
-0.260160
17.301001
19.902000
21.202999
6.243900
-10.667000
22.504000
4.943100
-1.561000
4.943100
0.390240
19.902000
-4.162600
-10.667000
6.894300
-11.317000
-0.910570
-6.764200
-2.861800
10.146000
-9.365900
6.243900
14.699000
-2.861800
6.243900
-0.910570
-11.967000
-30.829000
-1.561000
10.797000
1.691100
12.098000
15.350000
16.650000
6.243900
4.292700
8.195100
17.301001
-5.463400
7.544700
-14.569000
-11.967000
6.894300
-4.813000
-1.561000
-7.414600
-13.919000
-6.764200
2.341500
5.593500
-0.910570
-13.919000
10.797000
8.195100
17.951000
17.301001
2.991900
7.544700
-8.065000
-20.423000
-0.260160
6.243900
-2.211400
12.748000
5.593500
-17.820999
-4.813000
-9.365900
1.040700
-15.220000
-4.162600
-4.162600
14.699000
21.854000
24.455000
1.040700
2.991900
-3.512200
4.943100
-14.569000
8.845500
-2.211400
-0.260160
-19.122000
-15.870000
-17.171000
5.593500
-4.813000
6.894300
-25.625999
-18.472000
7.544700
3.642300
-6.113800
17.301001
-23.674999
-15.220000
-8.065000
-3.512200
14.699000
-9.365900
11.447000
8.845500
-19.771999
10.146000
-8.715400
5.593500
17.301001
-5.463400
-18.472000
3.642300
-9.365900
-9.365900
-6.113800
2.341500
-17.820999
-7.414600
14.049000
-1.561000
11.447000
16.650000
3.642300
1.040700
4.292700
10.146000
19.252001
-10.667000
-2.861800
-13.268000
-8.715400
6.894300
-9.365900
4.292700
-7.414600
3.642300
12.098000
8.845500
35.512001
-17.171000
-2.861800
21.854000
4.292700
19.252001
11.447000
2.991900
-0.260160
-29.528000
9.495900
9.495900
-15.870000
-1.561000
-21.073000
-20.423000
-4.813000
-0.260160
-1.561000
-8.715400
-7.414600
12.748000
13.398000
17.301001
11.447000
2.341500
0.390240
-1.561000
15.350000
32.910999
-2.861800
-18.472000
6.894300
-0.260160
-16.520000
-8.065000
-15.220000
-41.236000
-11.967000
-20.423000
-8.065000
-16.520000
-31.480000
2.341500
7.544700
18.601999
1.040700
19.252001
18.601999
6.894300
14.699000
24.455000
9.495900
-1.561000
16.000000
19.252001
4.292700
8.195100
14.699000
-17.171000
-10.016000
-14.569000
-5.463400
2.341500
-10.667000
8.195100
0.390240
-10.016000
-0.910570
24.455000
6.243900
22.504000
2.341500
-11.317000
-26.927000
17.301001
4.943100
5.593500
8.845500
-11.967000
-19.771999
-12.618000
-1.561000
10.146000
14.049000
-12.618000
8.195100
3.642300
-2.861800
-4.813000
8.195100
-27.577000
-8.715400
5.593500
4.292700
2.341500
-2.211400
-15.870000
10.797000
6.243900
-16.520000
3.642300
-1.561000
-5.463400
-6.764200
-26.275999
13.398000
6.243900
4.943100
-0.910570
6.894300
-6.764200
-6.113800
4.292700
-2.861800
-6.113800
-0.260160
6.894300
18.601999
0.390240
10.146000
-9.365900
5.593500
-11.967000
8.845500
2.991900
2.341500
4.943100
-2.211400
3.642300
12.748000
22.504000
6.894300
10.797000
14.699000
-11.967000
24.455000
18.601999
4.292700
4.292700
-3.512200
11.447000
6.894300
2.341500
6.243900
6.243900
16.650000
4.292700
9.495900
7.544700
-5.463400
9.495900
-10.016000
8.845500
-2.211400
-5.463400
-4.162600
2.341500
-18.472000
6.894300
-15.870000
-34.081001
-15.220000
-9.365900
0.390240
-6.764200
-18.472000
7.544700
-2.211400
1.691100
5.593500
4.292700
-13.268000
-11.317000
-7.414600
-7.414600
10.146000
16.650000
2.991900
-4.813000
-8.065000
2.991900
9.495900
16.650000
14.699000
18.601999
16.650000
12.098000
-20.423000
-12.618000
8.195100
-11.967000
5.593500
-9.365900
-2.211400
-4.813000
-19.771999
-20.423000
-18.472000
-13.919000
-20.423000
-13.268000
8.195100
-11.317000
-18.472000
-7.414600
3.642300
6.894300
-10.016000
1.691100
4.943100
-6.764200
-1.561000
19.902000
0.390240
-19.771999
16.650000
