-7.793900
-14.879000
-7.793900
-2.640900
-2.640900
-2.640900
-1.996800
-16.167000
7.020900
13.462000
5.732700
-7.793900
-5.861500
-17.455999
-9.726200
5.088600
-0.064410
-5.861500
-5.861500
-8.438000
-9.726200
5.732700
12.818000
-1.352700
3.800300
7.020900
1.868000
-9.082100
1.868000
12.818000
-5.217400
-0.708530
-10.370000
-4.573300
8.953300
-1.996800
-13.591000
3.800300
9.597400
1.223800
7.665100
-3.285000
2.512100
-1.352700
3.800300
12.174000
11.530000
1.868000
4.444400
5.732700
-1.996800
7.665100
1.223800
5.732700
-3.285000
-0.064410
3.156200
1.868000
-2.640900
-5.217400
-1.996800
8.953300
8.953300
6.376800
0.579710
-0.064410
-9.726200
10.886000
4.444400
1.868000
-6.505600
-5.217400
13.462000
14.750000
-9.082100
-9.082100
-7.793900
-2.640900
-5.861500
-2.640900
5.088600
5.088600
-6.505600
-1.996800
-3.285000
-7.793900
-7.793900
0.579710
0.579710
-4.573300
0.579710
-5.861500
-16.812000
-11.659000
6.376800
-3.285000
-3.285000
-1.352700
-10.370000
-1.352700
12.818000
-5.861500
-8.438000
-0.708530
-0.064410
7.665100
14.106000
1.223800
-6.505600
-7.793900
8.953300
3.800300
-1.352700
2.512100
-5.217400
-5.217400
-0.708530
-3.929100
9.597400
-1.996800
14.106000
-1.996800
-4.573300
23.768000
8.953300
1.223800
9.597400
-3.929100
0.579710
8.309200
1.868000
7.665100
9.597400
-3.929100
-1.352700
-7.149800
-1.352700
3.156200
-2.640900
-0.708530
7.020900
-0.708530
-0.064410
5.732700
-5.217400
-7.149800
0.579710
-7.149800
-1.352700
-1.352700
10.242000
3.800300
-0.708530
6.376800
10.242000
13.462000
14.750000
-13.591000
-3.929100
7.665100
5.088600
-7.149800
-11.014000
-3.929100
-3.929100
-5.217400
-1.352700
11.530000
-6.505600
-6.505600
-2.640900
-7.149800
-0.708530
-25.184999
8.309200
7.020900
-1.352700
4.444400
-29.049999
-11.014000
-5.217400
16.039000
-12.947000
-20.676001
-6.505600
-12.947000
-9.082100
-3.929100
-16.167000
-16.812000
12.174000
3.156200
5.732700
5.088600
-5.861500
17.971001
12.174000
4.444400
16.683001
-1.996800
7.020900
7.665100
4.444400
-7.149800
-1.352700
-9.726200
1.868000
-0.708530
-5.217400
1.868000
-12.303000
12.818000
5.088600
-3.929100
-2.640900
-10.370000
-11.014000
5.088600
1.868000
12.818000
-5.861500
-8.438000
-0.708530
3.156200
3.156200
-5.217400
0.579710
8.309200
5.732700
-0.708530
1.223800
4.444400
5.088600
2.512100
6.376800
5.732700
2.512100
-1.996800
3.156200
-2.640900
7.665100
11.530000
0.579710
15.395000
-8.438000
1.223800
14.750000
8.953300
9.597400
-0.064410
-14.235000
-16.812000
3.156200
-3.285000
-9.082100
-3.285000
-8.438000
15.395000
-1.352700
-4.573300
10.886000
-0.064410
-14.235000
-19.388000
-9.082100
3.156200
-7.793900
-8.438000
-18.743999
-8.438000
-11.014000
-8.438000
-2.640900
-11.659000
9.597400
16.039000
13.462000
12.174000
1.223800
10.886000
11.530000
1.223800
-8.438000
-1.996800
2.512100
1.223800
-3.285000
-9.726200
-3.285000
-1.352700
-1.352700
-2.640900
-23.253000
-9.082100
0.579710
0.579710
-2.640900
-1.996800
-5.861500
-10.370000
3.156200
12.818000
5.732700
9.597400
7.665100
8.309200
9.597400
9.597400
18.615000
8.953300
4.444400
1.223800
3.800300
5.088600
-7.149800
-2.640900
8.953300
10.886000
6.376800
-7.149800
22.480000
21.836000
2.512100
10.242000
3.156200
3.800300
7.665100
10.886000
10.886000
0.579710
-0.064410
-9.082100
6.376800
8.953300
10.886000
5.732700
-14.235000
-7.149800
0.579710
-1.352700
2.512100
5.088600
-8.438000
7.665100
12.174000
-5.217400
1.223800
-7.793900
7.665100
12.818000
5.732700
-1.352700
-1.996800
1.868000
5.088600
11.530000
8.953300
8.309200
5.732700
0.579710
8.953300
0.579710
-7.793900
14.106000
-1.996800
-16.167000
-11.014000
-20.676001
-25.829000
-11.659000
3.156200
-14.235000
-18.743999
-18.100000
0.579710
-2.640900
6.376800
0.579710
-14.879000
15.395000
13.462000
-0.708530
2.512100
-8.438000
-6.505600
-5.217400
-1.996800
-11.014000
2.512100
-2.640900
-0.708530
0.579710
-4.573300
-12.303000
-10.370000
-12.303000
-12.947000
0.579710
-7.149800
-3.929100
22.480000
8.953300
-0.064410
4.444400
10.886000
21.191999
8.953300
-9.082100
-6.505600
-4.573300
-5.861500
-11.014000
-9.726200
6.376800
4.444400
-7.149800
-5.217400
9.597400
14.750000
-1.996800
5.088600
8.309200
1.223800
1.223800
14.106000
4.444400
4.444400
1.868000
1.868000
2.512100
-5.861500
3.156200
3.156200
-11.659000
-7.793900
-17.455999
-7.793900
-1.996800
15.395000
3.800300
-6.505600
1.868000
-11.659000
-12.303000
-11.659000
-18.743999
-17.455999
-11.659000
-0.064410
-12.303000
-11.014000
4.444400
1.223800
0.579710
5.732700
5.088600
18.615000
8.309200
9.597400
3.800300
-7.149800
12.174000
12.174000
2.512100
-4.573300
-11.014000
-0.708530
-5.861500
17.327000
18.615000
11.530000
14.750000
6.376800
19.903000
26.989000
16.039000
10.242000
-3.929100
11.530000
2.512100
-7.149800
-4.573300
-1.996800
-12.947000
3.800300
-0.064410
-12.947000
-14.235000
2.512100
10.886000
-7.149800
-0.708530
-1.996800
-9.082100
6.376800
-8.438000
5.732700
1.868000
1.223800
6.376800
12.818000
3.800300
4.444400
9.597400
-0.064410
7.665100
3.800300
-3.929100
7.020900
-1.996800
4.444400
-1.996800
-3.929100
5.088600
3.800300
0.579710
-3.929100
-12.303000
-4.573300
-9.082100
-5.861500
-20.676001
-11.014000
-9.726200
-14.879000
-11.014000
-9.082100
-11.014000
-3.929100
5.732700
-1.352700
-5.861500
0.579710
12.818000
15.395000
10.886000
-1.352700
0.579710
-5.861500
-17.455999
-15.523000
-5.861500
6.376800
2.512100
-0.708530
14.750000
18.615000
16.039000
13.462000
14.750000
20.548000
10.242000
5.732700
20.548000
3.800300
10.242000
16.039000
0.579710
5.732700
-3.285000
-0.064410
5.088600
-3.929100
1.868000
-14.879000
-19.388000
-3.929100
6.376800
3.800300
12.174000
-9.082100
3.800300
17.327000
18.615000
2.512100
5.088600
3.156200
5.732700
-3.285000
-13.591000
2.512100
-9.082100
-16.167000
-13.591000
-16.167000
-18.743999
-13.591000
-14.879000
-1.352700
-7.149800
-9.082100
-14.235000
-11.014000
-7.149800
0.579710
-7.793900
-11.659000
-1.352700
2.512100
1.223800
-5.861500
-15.523000
-21.965000
-6.505600
-6.505600
-9.726200
7.020900
1.223800
-5.217400
0.579710
1.868000
11.530000
8.953300
16.683001
8.953300
3.800300
4.444400
12.818000
4.444400
2.512100
-0.708530
-1.996800
-8.438000
1.223800
1.868000
-2.640900
8.953300
-13.591000
-0.064410
4.444400
-5.861500
-3.285000
0.579710
3.156200
7.665100
1.868000
-10.370000
-5.217400
-10.370000
-14.879000
0.579710
5.088600
-6.505600
-9.726200
1.223800
-9.082100
18.615000
28.921000
10.242000
16.039000
5.088600
-12.303000
14.106000
17.327000
5.732700
12.174000
2.512100
-0.708530
7.665100
0.579710
-3.929100
-2.640900
-4.573300
-3.285000
-7.793900
-19.388000
-7.149800
1.223800
-1.996800
-1.352700
-1.996800
5.732700
6.376800
0.579710
-9.726200
-6.505600
-3.929100
5.732700
2.512100
7.020900
-3.929100
10.886000
16.039000
-3.285000
-0.708530
-1.352700
-1.352700
4.444400
-5.861500
-3.285000
14.106000
11.530000
5.732700
1.868000
-1.996800
-7.149800
7.020900
5.732700
-5.861500
-0.708530
-3.285000
-0.708530
-0.708530
5.088600
10.886000
3.800300
5.088600
5.732700
5.732700
1.223800
2.512100
-3.929100
-3.929100
-0.064410
10.886000
-6.505600
-10.370000
-10.370000
-8.438000
-11.659000
9.597400
-6.505600
-19.388000
11.530000
9.597400
0.579710
10.886000
6.376800
-3.285000
3.156200
7.020900
1.868000
1.868000
-5.217400
7.665100
4.444400
-9.082100
-20.032000
-20.032000
-12.947000
-12.947000
-1.996800
7.665100
8.309200
17.327000
10.886000
10.886000
12.174000
2.512100
0.579710
1.868000
-0.708530
-3.929100
-12.947000
-15.523000
-3.929100
-1.996800
3.800300
-20.032000
-17.455999
6.376800
3.156200
-2.640900
-4.573300
-14.879000
1.223800
-12.303000
-13.591000
-9.726200
-4.573300
7.020900
3.800300
0.579710
-2.640900
-3.929100
3.800300
2.512100
1.223800
8.309200
8.953300
-9.726200
-2.640900
-10.370000
-14.235000
-3.285000
0.579710
-3.285000
2.512100
-5.861500
6.376800
15.395000
1.868000
4.444400
9.597400
7.665100
-1.352700
-3.929100
-0.708530
-0.064410
4.444400
-3.285000
-12.303000
-14.235000
14.106000
3.156200
1.223800
6.376800
-7.149800
7.665100
-2.640900
1.223800
-4.573300
-6.505600
4.444400
8.953300
1.868000
14.106000
-3.285000
-1.352700
8.309200
3.156200
1.223800
-8.438000
-11.014000
-0.708530
0.579710
-5.217400
3.800300
8.953300
6.376800
-3.285000
-2.640900
10.886000
17.971001
8.309200
7.665100
-2.640900
-2.640900
17.971001
7.665100
-9.082100
-14.879000
-8.438000
-9.726200
-17.455999
-10.370000
-14.879000
-20.676001
-1.352700
3.800300
-0.708530
1.223800
5.088600
4.444400
13.462000
17.971001
3.156200
10.886000
2.512100
9.597400
13.462000
8.309200
11.530000
5.732700
9.597400
-3.929100
-10.370000
-11.659000
-25.829000
-18.100000
-8.438000
-7.149800
-7.793900
2.512100
-2.640900
11.530000
11.530000
17.971001
6.376800
4.444400
8.309200
5.088600
5.732700
3.156200
12.174000
3.156200
-1.352700
-9.082100
-23.253000
-10.370000
-6.505600
-5.861500
-6.505600
6.376800
1.223800
8.309200
1.223800
-11.659000
-1.352700
3.156200
-1.996800
5.088600
-2.640900
-7.793900
4.444400
26.344999
-2.640900
-1.996800
-3.285000
-25.829000
-12.947000
-5.861500
-0.708530
13.462000
-4.573300
7.020900
7.020900
4.444400
9.597400
-0.064410
-11.659000
12.174000
1.223800
-1.996800
3.800300
1.223800
10.886000
3.156200
-1.352700
-7.149800
-3.929100
-3.929100
-1.996800
-1.996800
1.868000
-11.014000
1.223800
0.579710
7.665100
5.732700
-1.352700
-8.438000
-3.285000
0.579710
-1.352700
-7.149800
-8.438000
12.818000
2.512100
1.868000
4.444400
8.309200
-3.285000
10.886000
7.665100
7.665100
18.615000
6.376800
7.020900
7.020900
0.579710
-1.996800
7.020900
3.156200
5.088600
6.376800
-2.640900
-18.100000
-9.082100
-10.370000
-4.573300
-1.996800
-7.149800
3.156200
-7.149800
2.512100
10.242000
0.579710
5.088600
14.106000
25.056000
12.174000
9.597400
21.191999
13.462000
12.818000
27.632999
27.632999
3.800300
19.259001
14.106000
12.174000
16.039000
1.223800
2.512100
-0.064410
-14.235000
-7.793900
-6.505600
6.376800
1.868000
-7.149800
-18.743999
-17.455999
-9.726200
-24.541000
-26.473000
-16.167000
-21.965000
-17.455999
-6.505600
-1.352700
-9.082100
-8.438000
-5.861500
-11.659000
-7.793900
7.665100
7.665100
-1.996800
-9.082100
-3.285000
-1.996800
7.665100
