1.877000
9.644000
-2.006500
2.524300
-0.064720
-7.831700
7.055000
-2.006500
7.055000
2.524300
1.877000
8.996800
-3.948200
-29.191000
1.877000
6.407800
3.171500
3.818800
10.291000
5.113300
19.353001
10.291000
14.175000
3.818800
7.055000
-20.777000
8.996800
12.880000
-0.711970
20.000000
-3.948200
-7.831700
3.171500
-4.595500
-11.715000
-7.184500
-21.424000
12.233000
-8.479000
-6.537200
-11.715000
3.818800
22.589001
15.469000
12.233000
14.822000
20.646999
12.880000
-16.246000
7.055000
5.113300
-2.653700
-6.537200
0.582520
3.171500
-2.006500
-10.421000
-29.837999
-12.362000
-1.359200
2.524300
-7.831700
-3.948200
-0.711970
-3.301000
-13.010000
0.582520
6.407800
-11.068000
-9.773500
-19.482000
-16.246000
-14.951000
-31.780001
-22.718000
-13.010000
-27.249001
-7.184500
-2.006500
-0.064720
2.524300
14.822000
1.229800
-7.184500
16.764000
11.586000
14.822000
21.294001
18.058001
24.531000
12.880000
7.055000
8.349500
1.229800
-5.242700
0.582520
-8.479000
-6.537200
-7.184500
-1.359200
1.229800
-6.537200
1.877000
-14.951000
10.291000
17.410999
5.760500
2.524300
-5.242700
-1.359200
-0.711970
1.229800
1.877000
-3.948200
3.171500
5.113300
1.229800
11.586000
-14.304000
1.877000
2.524300
-2.653700
1.877000
6.407800
21.941999
10.939000
12.880000
6.407800
0.582520
14.175000
4.466000
12.880000
-10.421000
12.233000
4.466000
-0.064720
6.407800
5.113300
10.939000
-8.479000
-22.070999
3.171500
-8.479000
-2.653700
-2.653700
5.113300
5.113300
1.877000
-20.777000
3.818800
1.877000
-8.479000
0.582520
-3.948200
12.233000
-7.831700
17.410999
-2.006500
-4.595500
-0.711970
-10.421000
3.171500
3.171500
1.229800
5.760500
2.524300
1.877000
4.466000
-3.301000
1.877000
10.291000
-22.718000
-8.479000
-7.831700
-2.653700
17.410999
10.939000
14.175000
-2.006500
0.582520
5.760500
-9.126200
3.171500
2.524300
0.582520
2.524300
-0.064720
-9.773500
15.469000
8.349500
1.877000
7.702300
0.582520
-1.359200
-3.948200
17.410999
14.175000
1.229800
7.055000
4.466000
1.877000
-1.359200
-7.831700
5.113300
-18.834999
8.996800
4.466000
-9.773500
-5.242700
1.877000
14.175000
-39.547001
1.877000
5.760500
-1.359200
-3.301000
-3.948200
2.524300
-1.359200
-3.948200
-28.544001
0.582520
-1.359200
-11.715000
-11.068000
-4.595500
5.113300
6.407800
8.996800
-15.599000
0.582520
-3.301000
0.582520
3.818800
3.818800
6.407800
-1.359200
-16.893000
8.996800
4.466000
-3.301000
3.818800
15.469000
5.760500
21.941999
9.644000
12.880000
12.880000
14.175000
6.407800
1.229800
4.466000
-3.948200
-3.301000
2.524300
2.524300
-1.359200
-1.359200
-46.019001
2.524300
2.524300
-16.893000
-18.188000
-24.013000
-17.540001
-24.013000
-22.718000
5.113300
7.702300
-0.064720
2.524300
5.760500
12.233000
18.705999
23.236000
21.294001
31.650000
8.349500
22.589001
25.177999
10.939000
3.818800
-9.126200
-14.951000
7.702300
-11.068000
-16.893000
-6.537200
-15.599000
-9.126200
-11.068000
-14.304000
-16.893000
-4.595500
8.349500
-11.715000
1.229800
-2.006500
-12.362000
-10.421000
-12.362000
-8.479000
8.349500
1.229800
-14.951000
-12.362000
7.055000
-7.184500
-13.657000
2.524300
8.996800
3.818800
8.349500
7.055000
1.877000
5.760500
11.586000
1.229800
1.877000
-8.479000
-13.010000
-6.537200
-13.010000
-2.653700
-7.184500
-3.948200
-0.064720
8.349500
7.702300
11.586000
13.528000
14.822000
7.055000
0.582520
1.229800
-29.191000
-11.068000
-8.479000
-19.482000
-27.249001
-11.715000
8.996800
-2.653700
7.055000
1.229800
-2.653700
1.877000
-12.362000
9.644000
13.528000
-2.006500
16.764000
16.117001
23.236000
-4.595500
11.586000
1.229800
-7.831700
10.291000
-1.359200
-3.301000
-3.301000
8.996800
-2.653700
-11.068000
0.582520
-14.951000
-9.126200
-13.010000
-14.951000
12.880000
-2.006500
14.175000
20.646999
16.764000
18.705999
8.349500
20.646999
3.818800
3.818800
6.407800
-2.006500
-9.773500
-5.890000
-25.955000
-18.834999
-9.126200
5.113300
-13.657000
-9.773500
13.528000
4.466000
10.939000
-13.010000
20.646999
24.531000
16.117001
26.472000
21.941999
20.646999
5.760500
3.818800
9.644000
-4.595500
-25.955000
-13.010000
-7.184500
-23.365999
-18.834999
-22.718000
-4.595500
-15.599000
1.877000
-18.834999
-33.722000
-2.006500
-3.301000
-2.006500
-5.242700
-2.653700
-10.421000
-5.890000
-20.129000
-6.537200
1.229800
-15.599000
3.818800
-1.359200
-7.184500
10.939000
-0.064720
8.349500
29.061001
3.171500
5.113300
18.705999
27.120001
12.880000
21.294001
-6.537200
5.113300
8.996800
0.582520
-6.537200
-9.126200
-2.653700
-11.715000
-0.064720
-12.362000
6.407800
17.410999
14.822000
16.117001
26.472000
21.294001
15.469000
9.644000
3.818800
5.760500
-3.948200
1.877000
-0.711970
5.760500
8.996800
-11.715000
-14.304000
-5.890000
-1.359200
12.880000
-1.359200
1.877000
16.764000
3.171500
18.058001
5.113300
3.171500
-2.006500
-11.715000
-9.773500
-25.955000
-16.246000
0.582520
-5.242700
3.818800
-3.301000
-14.304000
1.877000
-3.948200
-3.301000
3.818800
-5.242700
9.644000
2.524300
8.996800
7.702300
-0.064720
-13.657000
9.644000
13.528000
5.113300
4.466000
12.880000
12.233000
12.880000
-7.184500
-5.890000
-22.718000
-11.715000
-28.544001
-33.722000
-24.660000
-20.129000
-16.246000
0.582520
8.349500
3.818800
-5.242700
3.818800
1.877000
-29.837999
20.646999
22.589001
10.291000
25.825001
-2.653700
-0.064720
2.524300
12.233000
13.528000
-5.890000
-5.242700
-2.006500
-8.479000
-20.777000
-2.006500
1.877000
-9.126200
-2.006500
-9.773500
-2.006500
-7.831700
5.113300
-15.599000
10.291000
20.000000
8.996800
5.760500
18.058001
14.822000
5.760500
5.760500
5.760500
0.582520
-13.010000
-4.595500
8.349500
-14.304000
-2.006500
-0.064720
-9.126200
11.586000
8.996800
8.996800
-3.948200
-3.948200
-13.657000
-24.660000
-9.773500
-2.006500
-1.359200
1.877000
12.233000
27.120001
10.291000
14.822000
12.233000
21.941999
12.233000
-9.126200
5.760500
-3.301000
3.818800
-4.595500
-9.126200
13.528000
-2.006500
-5.890000
-3.948200
1.229800
5.760500
-5.242700
-9.126200
-6.537200
-1.359200
-7.184500
-14.304000
-4.595500
-14.304000
-1.359200
-11.715000
-11.715000
-13.657000
-25.955000
-13.657000
-3.301000
-16.893000
-13.657000
-14.951000
-14.304000
1.877000
-2.653700
1.877000
-0.064720
-2.006500
12.880000
10.939000
2.524300
3.171500
4.466000
14.822000
1.877000
8.349500
5.113300
3.171500
-0.711970
9.644000
-5.890000
27.767000
14.822000
-0.711970
1.877000
4.466000
-1.359200
-28.544001
2.524300
-3.948200
-20.129000
-3.948200
-11.068000
-5.242700
-9.126200
-13.010000
-2.653700
-6.537200
4.466000
-5.890000
7.702300
8.349500
7.055000
10.291000
-9.126200
5.760500
-3.948200
20.646999
22.589001
16.764000
24.531000
31.650000
17.410999
10.939000
12.233000
4.466000
-6.537200
2.524300
-35.015999
-10.421000
-16.893000
-20.777000
2.524300
6.407800
9.644000
-5.890000
-12.362000
5.113300
-0.064720
-2.653700
4.466000
5.113300
11.586000
16.764000
-3.301000
11.586000
12.880000
-6.537200
-4.595500
-9.126200
-1.359200
-6.537200
-0.711970
-10.421000
2.524300
-8.479000
-7.184500
-7.184500
-10.421000
-14.304000
0.582520
4.466000
-7.184500
-2.653700
-9.773500
3.818800
10.939000
6.407800
8.996800
7.055000
1.877000
2.524300
-19.482000
-10.421000
1.877000
-4.595500
-7.831700
-3.948200
-1.359200
-3.948200
1.229800
5.760500
3.171500
10.291000
-6.537200
8.349500
16.764000
20.000000
14.175000
-8.479000
-11.715000
-0.064720
-7.831700
-6.537200
-19.482000
-7.184500
-4.595500
2.524300
14.175000
6.407800
-2.006500
4.466000
-7.831700
19.353001
14.175000
20.646999
23.236000
2.524300
5.113300
7.055000
15.469000
-0.711970
-2.653700
3.818800
1.229800
-7.184500
-13.010000
-4.595500
-13.010000
1.229800
5.113300
-9.126200
-6.537200
-15.599000
0.582520
12.233000
-0.711970
-3.301000
-8.479000
1.877000
-6.537200
-15.599000
1.229800
-0.064720
0.582520
-5.890000
1.229800
-5.242700
-6.537200
1.877000
11.586000
22.589001
6.407800
-5.890000
12.880000
10.939000
13.528000
7.702300
8.349500
8.996800
2.524300
1.877000
2.524300
-26.601999
-5.890000
-32.426998
-16.246000
1.877000
-0.711970
-3.948200
5.113300
8.996800
10.939000
-0.711970
8.349500
5.760500
1.229800
3.818800
6.407800
-22.718000
19.353001
14.175000
-7.184500
10.939000
-0.064720
-7.831700
-2.006500
-0.711970
7.055000
-4.595500
-4.595500
0.582520
-11.715000
-3.948200
7.055000
7.702300
11.586000
-22.070999
-1.359200
11.586000
5.760500
3.171500
1.229800
-13.010000
-28.544001
-2.653700
-16.893000
-24.013000
-11.715000
-25.955000
-12.362000
-25.955000
-2.006500
-0.711970
-11.715000
7.702300
-5.890000
-6.537200
12.880000
-1.359200
-5.890000
5.760500
-20.777000
-6.537200
-3.301000
-9.126200
-2.653700
-5.242700
-21.424000
10.291000
-1.359200
5.113300
9.644000
3.818800
13.528000
6.407800
3.171500
5.113300
-10.421000
-4.595500
18.058001
-7.184500
-1.359200
13.528000
14.822000
18.705999
16.117001
18.705999
-3.301000
5.113300
-11.068000
0.582520
7.055000
-2.006500
16.764000
-0.064720
8.349500
7.055000
18.705999
14.822000
5.760500
18.705999
0.582520
9.644000
14.822000
-7.184500
16.117001
16.117001
2.524300
-9.773500
-29.837999
3.818800
-23.365999
-18.188000
-2.653700
-11.068000
11.586000
0.582520
-3.301000
-0.064720
3.818800
12.233000
2.524300
23.236000
8.996800
2.524300
8.349500
1.229800
15.469000
6.407800
-0.064720
5.760500
-0.711970
-20.777000
8.996800
16.764000
1.877000
-0.064720
-9.126200
-25.955000
18.705999
14.175000
-9.126200
14.822000
9.644000
1.877000
12.233000
15.469000
-0.064720
8.349500
10.291000
8.349500
-11.068000
8.996800
26.472000
5.760500
8.349500
-0.711970
11.586000
-0.064720
7.055000
-0.711970
-12.362000
9.644000
-20.777000
-5.242700
-2.653700
-33.074001
-0.711970
-3.948200
-6.537200
-4.595500
-3.948200
-9.773500
-13.010000
-7.831700
-12.362000
0.582520
-11.068000
-15.599000
-33.074001
-13.010000
-33.722000
-16.246000
6.407800
-11.068000
15.469000
10.939000
-26.601999
1.877000
1.229800
-17.540001
-29.837999
-9.126200
-6.537200
-10.421000
-9.126200
-9.126200
-11.715000
-7.184500
-0.064720
3.818800
-0.711970
-11.715000
24.531000
12.880000
19.353001
12.233000
-2.653700
10.939000
8.996800
-9.126200
14.822000
17.410999
-7.831700
14.822000
-4.595500
-13.010000
-7.184500
-6.537200
-28.544001
3.818800
8.996800
-0.064720
-14.304000
-11.068000
-3.948200
-38.900002
7.055000
16.117001
-3.948200
16.764000
-0.711970
-12.362000
6.407800
25.825001
14.822000
-16.893000
