-2.006500
-3.948200
-7.184500
-1.359200
3.818800
-2.006500
-7.831700
-2.653700
-2.653700
5.760500
12.233000
-5.242700
-7.831700
-15.599000
-18.834999
8.996800
5.760500
-10.421000
-11.715000
-9.126200
-10.421000
8.996800
-0.711970
-2.653700
8.349500
1.229800
-6.537200
5.113300
3.171500
-1.359200
-1.359200
-6.537200
-9.773500
-3.301000
1.229800
-3.948200
-3.301000
-4.595500
-3.948200
-3.948200
10.291000
-5.890000
8.996800
1.229800
11.586000
18.058001
12.233000
10.939000
6.407800
10.939000
-3.301000
3.818800
11.586000
7.055000
1.877000
9.644000
1.877000
10.939000
-6.537200
-7.831700
-3.948200
-0.711970
9.644000
6.407800
5.760500
2.524300
-0.711970
15.469000
11.586000
-0.064720
-11.715000
-9.126200
0.582520
-3.948200
-14.951000
-17.540001
-16.246000
-13.657000
-7.184500
-2.653700
-2.653700
1.229800
-11.715000
-1.359200
-3.948200
-4.595500
-6.537200
1.877000
-7.184500
-3.948200
-3.301000
-3.948200
-25.306999
-8.479000
9.644000
-5.242700
-8.479000
-7.831700
-9.126200
8.349500
10.291000
1.877000
-9.126200
12.233000
11.586000
5.760500
17.410999
-3.301000
-11.715000
-11.068000
1.877000
8.349500
1.229800
5.113300
-5.890000
-2.006500
-2.653700
-0.711970
5.113300
-1.359200
4.466000
6.407800
-0.064720
14.175000
5.760500
5.113300
11.586000
7.702300
1.877000
16.764000
7.702300
12.233000
18.705999
3.171500
1.229800
3.171500
3.818800
5.113300
6.407800
-4.595500
1.229800
11.586000
-3.948200
-0.711970
-2.006500
-11.715000
1.877000
1.229800
-5.890000
1.877000
7.702300
1.229800
-2.006500
-2.653700
3.171500
14.822000
5.760500
-14.951000
-5.242700
4.466000
3.171500
-2.653700
-20.129000
8.349500
14.822000
-3.948200
1.229800
-10.421000
-6.537200
1.877000
5.760500
-7.831700
-15.599000
-14.304000
18.058001
20.000000
6.407800
2.524300
-20.777000
-14.951000
-11.068000
3.171500
-11.715000
-20.129000
-11.715000
-11.068000
-17.540001
-11.715000
-18.834999
5.113300
18.705999
8.996800
18.058001
7.702300
9.644000
22.589001
28.414000
16.117001
14.822000
7.055000
7.055000
8.996800
5.113300
-5.890000
-3.301000
-13.657000
8.349500
-5.242700
-11.715000
-3.948200
-13.657000
1.229800
-7.184500
-7.184500
-7.831700
-29.191000
-2.006500
12.880000
-2.006500
-0.064720
-4.595500
-12.362000
-7.184500
8.349500
6.407800
-9.126200
0.582520
10.291000
12.880000
-9.126200
10.291000
-3.301000
0.582520
-2.006500
3.171500
1.877000
-2.006500
5.113300
-0.064720
-12.362000
-0.711970
14.175000
-0.711970
16.764000
7.055000
5.113300
21.294001
16.117001
8.996800
12.233000
3.818800
-0.064720
20.000000
19.353001
5.113300
5.113300
0.582520
11.586000
1.877000
-4.595500
-1.359200
-6.537200
-16.246000
-26.601999
-13.657000
-22.070999
-7.831700
-11.715000
-12.362000
-8.479000
-7.831700
1.229800
-7.831700
5.760500
7.702300
18.705999
19.353001
10.291000
6.407800
14.175000
14.175000
7.702300
1.229800
-1.359200
1.877000
1.877000
-4.595500
-5.890000
-11.068000
-9.126200
-9.126200
-13.010000
-18.188000
-33.722000
9.644000
14.175000
-7.184500
-6.537200
-7.831700
-13.010000
-7.831700
8.349500
1.877000
-5.890000
-5.242700
-7.184500
3.818800
7.702300
5.113300
1.877000
2.524300
10.939000
-0.064720
-0.064720
-5.890000
-0.064720
8.349500
8.996800
6.407800
-2.653700
2.524300
12.880000
1.229800
-2.653700
3.171500
-15.599000
7.702300
15.469000
10.291000
-5.242700
-0.064720
-2.006500
16.764000
16.764000
8.349500
-2.006500
-5.242700
-2.006500
-2.006500
-8.479000
-10.421000
1.229800
6.407800
5.760500
3.171500
3.818800
-5.242700
1.229800
-0.711970
16.117001
8.349500
7.702300
14.822000
13.528000
13.528000
10.939000
11.586000
10.939000
12.233000
1.229800
-3.301000
-1.359200
-1.359200
-5.242700
-7.184500
-13.010000
-2.653700
-16.246000
-20.129000
-18.834999
-1.359200
-1.359200
-9.126200
-2.006500
-0.711970
3.171500
-1.359200
6.407800
3.171500
15.469000
5.113300
-1.359200
-5.890000
-5.890000
-7.831700
-13.657000
-9.773500
-18.188000
1.877000
3.171500
3.171500
-3.948200
-16.246000
-15.599000
-10.421000
-0.064720
-0.711970
1.877000
1.877000
-1.359200
21.294001
17.410999
-2.653700
-3.948200
7.055000
18.058001
0.582520
-13.010000
-7.184500
-12.362000
1.229800
-7.831700
-4.595500
17.410999
8.349500
-7.184500
3.818800
3.171500
6.407800
5.113300
1.229800
-5.890000
-7.184500
1.877000
12.880000
10.291000
1.877000
-11.068000
4.466000
-2.653700
-0.711970
4.466000
2.524300
-4.595500
-6.537200
-14.304000
1.877000
8.996800
17.410999
10.939000
-14.304000
8.349500
-2.653700
-15.599000
-15.599000
-24.013000
-13.657000
-11.715000
-13.657000
-3.948200
-11.068000
-0.064720
10.291000
7.055000
12.233000
1.229800
18.058001
4.466000
-1.359200
-12.362000
-2.006500
2.524300
0.582520
8.349500
-12.362000
-6.537200
-5.890000
-13.657000
7.702300
29.709000
9.644000
19.353001
5.113300
23.882999
10.291000
16.117001
12.880000
-2.653700
9.644000
6.407800
-11.715000
0.582520
-3.301000
-7.831700
-2.006500
-13.657000
-0.711970
-11.068000
-4.595500
-7.831700
-4.595500
1.229800
-7.831700
2.524300
10.939000
1.229800
9.644000
2.524300
8.996800
9.644000
14.822000
14.175000
8.349500
5.113300
-7.831700
7.055000
3.171500
-7.831700
-6.537200
-10.421000
-5.242700
-7.184500
-6.537200
0.582520
5.760500
-4.595500
5.113300
-4.595500
-5.890000
-1.359200
-0.064720
-1.359200
-3.301000
-2.653700
-8.479000
-10.421000
-13.657000
3.171500
7.702300
8.349500
-6.537200
-2.653700
2.524300
18.058001
9.644000
16.764000
3.818800
-1.359200
-5.890000
-1.359200
-6.537200
-4.595500
10.291000
17.410999
15.469000
18.705999
25.825001
26.472000
21.294001
23.882999
27.767000
10.939000
15.469000
15.469000
14.822000
7.055000
16.117001
7.055000
16.764000
6.407800
6.407800
19.353001
7.055000
-3.948200
-9.773500
-27.896000
-16.893000
-1.359200
-7.831700
-1.359200
-7.831700
-5.242700
14.175000
3.818800
-6.537200
-5.890000
4.466000
-2.006500
-16.893000
-16.893000
-9.126200
-25.955000
-20.777000
-22.718000
-24.660000
-27.249001
-20.129000
-15.599000
-14.304000
-15.599000
-20.777000
-11.068000
-6.537200
-6.537200
-15.599000
-10.421000
-16.246000
-8.479000
-8.479000
-7.184500
-18.188000
-23.365999
-22.070999
-11.715000
-12.362000
-13.657000
-13.010000
-7.831700
3.818800
3.171500
-3.301000
2.524300
8.996800
10.939000
18.058001
-0.711970
-3.301000
-0.711970
13.528000
6.407800
-4.595500
-7.831700
-9.126200
0.582520
3.818800
5.760500
7.702300
-7.184500
6.407800
12.880000
-3.301000
3.171500
-7.831700
-0.711970
8.996800
-0.064720
-6.537200
-3.301000
-11.715000
-6.537200
-1.359200
-2.006500
-6.537200
-16.246000
-6.537200
-2.653700
17.410999
18.058001
12.233000
1.877000
3.171500
-6.537200
16.117001
16.764000
14.822000
16.764000
18.058001
17.410999
14.175000
9.644000
0.582520
4.466000
-7.184500
-9.126200
-4.595500
-18.834999
-19.482000
-9.773500
1.229800
0.582520
6.407800
0.582520
15.469000
15.469000
-2.006500
6.407800
-1.359200
6.407800
21.294001
14.822000
9.644000
1.229800
9.644000
0.582520
-9.773500
-7.184500
-8.479000
-0.711970
3.171500
-0.711970
-2.653700
10.939000
1.229800
1.877000
-5.242700
-14.304000
-2.653700
3.171500
-13.010000
4.466000
1.229800
-2.006500
4.466000
5.760500
27.767000
21.294001
12.880000
12.233000
5.760500
-0.711970
10.291000
-9.126200
3.171500
2.524300
-2.653700
-8.479000
-14.304000
-3.948200
-8.479000
-8.479000
1.877000
-6.537200
-3.301000
11.586000
4.466000
1.877000
5.113300
4.466000
-3.301000
2.524300
-4.595500
-7.184500
-4.595500
3.818800
5.113300
0.582520
-9.773500
-14.951000
-10.421000
-5.890000
-3.301000
-0.711970
12.880000
11.586000
13.528000
6.407800
3.818800
5.760500
8.996800
-0.711970
-3.301000
4.466000
-9.773500
-9.126200
-5.890000
-5.242700
-13.657000
-6.537200
-16.893000
-3.301000
-2.006500
-0.064720
5.113300
-5.890000
-0.064720
7.055000
-1.359200
-7.831700
-16.893000
-0.711970
14.822000
-2.006500
-7.831700
-11.715000
-9.126200
-0.064720
1.229800
-8.479000
-0.064720
5.113300
-6.537200
-8.479000
-6.537200
-13.657000
-3.301000
2.524300
-3.948200
-1.359200
-3.301000
-5.242700
6.407800
7.702300
-0.064720
7.702300
-1.359200
-3.948200
10.291000
2.524300
-7.831700
-6.537200
7.702300
-15.599000
-1.359200
5.113300
3.818800
7.702300
9.644000
16.117001
8.996800
10.291000
5.113300
-2.006500
10.939000
5.113300
1.877000
1.229800
-2.653700
-11.068000
-9.126200
2.524300
-7.184500
-20.129000
-15.599000
-3.301000
-3.301000
0.582520
-7.184500
1.229800
11.586000
5.113300
1.229800
1.229800
8.349500
10.939000
4.466000
-0.064720
0.582520
-0.064720
16.764000
3.171500
-8.479000
-9.126200
-5.242700
1.229800
-13.657000
-11.715000
-16.246000
-33.074001
-12.362000
-7.831700
-11.715000
-1.359200
1.877000
5.113300
12.880000
15.469000
14.822000
12.880000
8.996800
16.117001
11.586000
12.233000
17.410999
-5.890000
16.117001
13.528000
0.582520
-11.068000
-22.718000
-3.948200
2.524300
-11.715000
-0.064720
0.582520
3.171500
5.760500
4.466000
6.407800
2.524300
3.171500
3.818800
12.233000
7.702300
5.760500
-3.301000
6.407800
-2.653700
-6.537200
-13.657000
-3.948200
4.466000
4.466000
-3.301000
-3.948200
3.818800
3.171500
1.229800
-19.482000
-9.126200
-3.948200
-3.948200
-0.064720
3.171500
-9.773500
7.055000
12.880000
7.055000
1.229800
3.171500
-8.479000
-0.064720
5.113300
-5.242700
5.760500
-5.242700
12.233000
1.877000
5.113300
-3.948200
-11.715000
-13.657000
-3.301000
-0.064720
-5.890000
-2.653700
3.171500
-2.653700
7.055000
11.586000
2.524300
3.818800
1.229800
5.113300
3.818800
8.349500
6.407800
1.229800
1.229800
3.171500
14.175000
8.349500
1.229800
-2.653700
-4.595500
5.113300
10.291000
2.524300
7.702300
4.466000
4.466000
5.113300
8.349500
4.466000
10.291000
8.996800
3.818800
16.117001
8.996800
5.760500
-2.006500
3.818800
-2.653700
-2.653700
2.524300
0.582520
-3.948200
-0.064720
-25.955000
-27.249001
-8.479000
1.877000
-5.890000
-9.126200
-8.479000
-10.421000
-11.715000
-4.595500
-11.715000
-7.184500
-0.064720
-7.184500
7.055000
-0.711970
2.524300
-8.479000
4.466000
8.996800
11.586000
7.055000
13.528000
19.353001
15.469000
21.294001
7.702300
8.996800
-5.242700
5.113300
3.171500
5.113300
7.702300
-1.359200
3.171500
-19.482000
-18.834999
-13.657000
-24.013000
-18.834999
-19.482000
-29.191000
-7.184500
-20.129000
-7.831700
-9.126200
-11.068000
-7.831700
-3.301000
-9.126200
8.349500
5.113300
-0.711970
-3.948200
12.233000
8.996800
6.407800
