1.153800
1.794900
0.512820
-1.410300
1.153800
-2.692300
-1.410300
-3.333300
-5.256400
-4.615400
-2.692300
-0.128210
3.076900
-2.051300
-3.974400
-3.333300
-4.615400
-0.769230
4.359000
-0.128210
0.512820
4.359000
-0.769230
1.153800
1.153800
-0.769230
4.359000
1.794900
-2.051300
0.512820
-3.333300
-6.538500
-3.974400
-3.974400
-7.820500
-7.179500
-12.308000
-11.026000
-5.256400
-3.333300
0.512820
-2.692300
6.282100
3.076900
4.359000
8.846200
5.000000
5.641000
3.076900
4.359000
1.153800
-2.051300
-2.692300
-5.256400
-11.026000
-11.026000
-15.513000
-9.102600
-9.743600
-5.897400
-3.333300
-0.769230
2.435900
7.564100
14.615000
17.179001
21.025999
22.308001
18.462000
6.923100
-0.769230
-3.974400
-2.051300
-16.795000
-30.256001
-32.820999
-28.974001
-13.590000
-0.128210
6.923100
9.487200
17.820999
12.692000
19.743999
26.795000
26.153999
24.231001
21.667000
17.179001
17.820999
11.410000
10.128000
6.923100
3.717900
4.359000
-0.128210
-2.051300
-3.333300
-2.692300
-2.692300
-1.410300
-2.692300
-0.128210
5.641000
6.282100
1.794900
-2.051300
-11.667000
-14.231000
-13.590000
-14.231000
-14.872000
-16.795000
-12.308000
-5.256400
-2.051300
-1.410300
0.512820
-2.051300
-3.333300
-8.461500
-3.974400
-3.974400
3.076900
2.435900
1.794900
6.282100
3.717900
8.846200
5.641000
1.794900
5.641000
1.153800
-2.051300
-3.974400
-3.333300
-2.692300
-3.333300
-0.128210
-3.333300
-2.051300
-3.333300
-2.692300
1.153800
3.076900
3.076900
3.717900
2.435900
1.153800
-4.615400
-7.820500
-6.538500
-12.949000
-9.743600
-6.538500
-3.333300
-5.256400
-8.461500
-7.820500
-3.974400
-2.051300
0.512820
4.359000
8.846200
10.769000
7.564100
8.205100
8.205100
3.717900
-4.615400
-11.026000
-25.768999
-25.128000
-16.795000
-5.897400
5.000000
8.205100
11.410000
12.692000
12.051000
16.538000
20.385000
15.897000
17.179001
18.462000
20.385000
14.615000
15.897000
12.051000
15.256000
16.538000
14.615000
15.256000
13.333000
12.051000
13.333000
7.564100
4.359000
1.794900
-4.615400
-0.128210
-5.256400
-3.974400
-5.897400
-5.256400
-7.179500
-7.820500
-8.461500
-10.385000
-10.385000
-7.179500
-6.538500
-6.538500
-3.974400
-9.102600
-9.102600
-6.538500
2.435900
2.435900
-0.128210
-0.769230
1.794900
-2.051300
0.512820
-7.820500
-8.461500
-0.128210
1.153800
1.794900
-3.333300
-2.051300
-3.333300
1.794900
-4.615400
-5.256400
-6.538500
-3.974400
-4.615400
-3.974400
-9.743600
-9.102600
-4.615400
-2.692300
-2.051300
-1.410300
1.794900
3.076900
3.076900
0.512820
2.435900
0.512820
6.282100
10.769000
10.128000
7.564100
8.205100
4.359000
-2.051300
-3.333300
-7.179500
-11.026000
-9.102600
-11.026000
-11.026000
-2.051300
-8.461500
-3.333300
-7.179500
-9.743600
-16.795000
-18.077000
-6.538500
2.435900
9.487200
13.333000
13.333000
16.538000
12.692000
9.487200
15.897000
13.333000
13.333000
4.359000
3.076900
3.076900
1.153800
-0.128210
1.153800
0.512820
5.000000
8.846200
6.923100
3.076900
1.794900
7.564100
6.282100
5.641000
-3.333300
-5.897400
-9.102600
-9.102600
-8.461500
-8.461500
-11.667000
-5.897400
-4.615400
0.512820
5.641000
0.512820
0.512820
-0.769230
0.512820
-3.974400
-3.974400
-9.102600
-9.102600
-9.102600
-11.026000
-7.820500
-17.436001
-11.667000
-1.410300
-3.974400
-0.769230
-3.974400
-3.974400
-0.128210
-0.769230
1.794900
1.794900
8.205100
8.846200
12.051000
14.615000
12.051000
5.641000
-0.769230
-7.179500
-8.461500
-11.667000
-11.026000
-11.026000
-13.590000
-6.538500
-8.461500
-5.897400
-7.820500
-5.897400
-5.256400
-2.051300
-0.128210
-0.128210
1.153800
1.794900
1.153800
2.435900
2.435900
0.512820
-2.051300
-6.538500
-3.974400
-10.385000
-5.256400
-13.590000
-16.153999
-12.949000
-14.231000
-16.153999
-13.590000
-8.461500
9.487200
17.179001
16.538000
21.667000
20.385000
23.590000
17.820999
17.179001
5.641000
5.000000
4.359000
0.512820
1.153800
-5.256400
-7.179500
-8.461500
-8.461500
-3.333300
5.000000
9.487200
17.179001
19.743999
22.308001
22.308001
26.153999
26.153999
21.025999
18.462000
13.974000
15.256000
4.359000
-2.051300
-0.769230
-2.051300
-5.897400
-7.179500
-12.949000
-16.795000
-17.436001
-10.385000
-9.102600
-7.820500
-7.179500
-3.333300
-2.051300
0.512820
5.641000
3.717900
-0.128210
3.717900
8.205100
8.846200
10.128000
2.435900
3.717900
-0.769230
-2.051300
-1.410300
1.153800
4.359000
1.794900
1.153800
10.128000
13.333000
15.897000
14.615000
12.692000
12.051000
10.769000
12.692000
-1.410300
-5.256400
-7.179500
-9.743600
-7.179500
-1.410300
4.359000
5.000000
7.564100
10.769000
10.769000
8.205100
6.282100
8.846200
6.282100
-2.051300
1.794900
-7.179500
-9.102600
-14.231000
-13.590000
-11.667000
-12.949000
-11.667000
-20.000000
-30.256001
-33.462002
-31.538000
-17.436001
-2.692300
-0.769230
1.153800
1.153800
3.076900
-2.051300
-4.615400
-3.974400
-3.333300
2.435900
2.435900
1.153800
0.512820
2.435900
2.435900
3.076900
0.512820
0.512820
-4.615400
-2.051300
-3.974400
-2.692300
1.794900
1.153800
6.282100
9.487200
6.923100
13.333000
10.769000
9.487200
7.564100
5.000000
9.487200
8.846200
5.641000
-5.897400
-9.102600
-15.513000
-16.795000
-20.000000
-16.795000
-14.231000
-10.385000
-12.949000
-8.461500
-7.820500
-3.333300
-0.128210
0.512820
8.846200
12.051000
19.743999
14.615000
15.256000
16.538000
12.051000
14.615000
12.051000
4.359000
0.512820
-1.410300
-3.333300
-1.410300
-3.974400
-3.333300
-9.102600
-4.615400
-7.820500
-7.179500
-3.333300
-0.128210
-3.333300
-0.128210
3.076900
5.000000
11.410000
9.487200
8.205100
13.974000
11.410000
5.641000
4.359000
-8.461500
-7.179500
-8.461500
-6.538500
-7.820500
-9.102600
-9.102600
-6.538500
-0.128210
7.564100
5.641000
9.487200
6.923100
-0.128210
-3.974400
-11.026000
-4.615400
2.435900
8.205100
6.282100
4.359000
3.717900
3.076900
3.717900
6.923100
7.564100
8.846200
5.000000
1.794900
1.153800
-5.256400
-2.051300
-9.102600
-9.102600
-14.872000
-11.667000
-7.179500
-0.769230
1.153800
3.076900
8.205100
9.487200
11.410000
9.487200
2.435900
-7.820500
-5.256400
-7.179500
1.794900
-1.410300
1.153800
0.512820
2.435900
-3.974400
-8.461500
-7.820500
-9.743600
-7.179500
-3.974400
-3.974400
-1.410300
-0.128210
-5.897400
-2.692300
-2.692300
-0.769230
1.794900
3.717900
3.076900
1.794900
4.359000
4.359000
3.076900
3.076900
1.153800
-2.692300
-1.410300
1.153800
0.512820
-0.769230
4.359000
-0.128210
1.794900
3.717900
4.359000
8.205100
9.487200
10.128000
9.487200
8.205100
3.717900
3.717900
9.487200
6.923100
-2.692300
-3.974400
-9.102600
-7.179500
-7.179500
-11.026000
-9.102600
-5.897400
-3.333300
-2.692300
-2.692300
4.359000
3.717900
2.435900
5.000000
1.153800
2.435900
1.153800
-0.128210
-9.743600
-20.000000
-24.487000
-18.077000
-5.256400
5.641000
11.410000
8.205100
8.846200
13.974000
12.051000
13.333000
13.974000
5.641000
3.717900
-7.820500
-14.872000
-13.590000
-13.590000
-11.667000
-9.102600
-7.179500
1.153800
1.794900
1.794900
1.153800
-0.769230
1.794900
4.359000
12.692000
13.974000
12.051000
8.205100
3.076900
3.717900
2.435900
2.435900
5.000000
5.000000
2.435900
1.153800
-2.051300
-1.410300
-3.974400
-3.333300
-8.461500
-10.385000
-15.513000
-11.667000
-12.308000
-12.308000
-10.385000
-5.897400
-2.051300
-1.410300
1.153800
5.641000
7.564100
14.615000
13.974000
6.282100
1.794900
-3.974400
-3.333300
-5.897400
-1.410300
-3.974400
-10.385000
-6.538500
-2.051300
1.153800
2.435900
1.794900
3.717900
12.051000
15.897000
22.308001
23.590000
19.743999
7.564100
6.282100
1.153800
-3.974400
-0.128210
-2.051300
-5.256400
-4.615400
-8.461500
-12.308000
-7.179500
-5.897400
-4.615400
-4.615400
-2.692300
-0.128210
8.846200
5.000000
8.846200
8.846200
4.359000
0.512820
-6.538500
-10.385000
-11.026000
-4.615400
8.846200
14.615000
5.641000
3.076900
-1.410300
8.205100
9.487200
10.769000
7.564100
5.000000
5.000000
-0.769230
-0.769230
-3.333300
-5.256400
-0.769230
-0.769230
-0.769230
3.076900
-2.692300
-6.538500
-14.231000
-12.308000
-16.153999
-15.513000
-12.308000
-14.231000
-8.461500
-2.051300
-2.051300
1.153800
6.282100
5.641000
8.846200
8.846200
10.769000
6.282100
8.846200
9.487200
10.128000
7.564100
0.512820
-3.974400
-7.820500
-7.179500
-0.769230
-5.897400
-5.256400
-3.974400
-7.179500
1.153800
-1.410300
2.435900
-3.333300
-0.128210
2.435900
1.153800
0.512820
-0.128210
-3.333300
-6.538500
-6.538500
-7.179500
-7.179500
-4.615400
-6.538500
-5.256400
-7.179500
-9.743600
-5.256400
-9.102600
-3.333300
-1.410300
4.359000
13.333000
8.846200
6.282100
6.923100
9.487200
8.846200
8.205100
6.282100
3.717900
-0.128210
5.641000
-5.897400
-5.256400
0.512820
0.512820
3.076900
1.794900
-0.128210
-0.769230
1.794900
3.717900
5.000000
-0.128210
-0.769230
-6.538500
-3.974400
6.923100
15.897000
6.923100
1.153800
-4.615400
-10.385000
-5.897400
-9.102600
-12.308000
-15.513000
-11.667000
-5.256400
-6.538500
0.512820
7.564100
6.282100
17.820999
18.462000
17.179001
15.256000
17.179001
9.487200
0.512820
-9.743600
-10.385000
-12.308000
-13.590000
-11.667000
-10.385000
-4.615400
-7.179500
-3.974400
-9.102600
-1.410300
-9.102600
-6.538500
-5.897400
-9.102600
-3.974400
2.435900
8.205100
12.051000
10.128000
3.717900
2.435900
-0.128210
2.435900
-2.051300
2.435900
0.512820
3.717900
5.641000
6.282100
2.435900
3.076900
3.717900
9.487200
9.487200
8.205100
9.487200
10.128000
9.487200
3.076900
6.923100
6.282100
5.641000
7.564100
6.282100
6.282100
8.846200
8.205100
10.128000
11.410000
10.769000
13.333000
6.282100
4.359000
4.359000
8.205100
6.923100
3.076900
-2.051300
-5.256400
-7.179500
-5.897400
-14.231000
-16.795000
-14.231000
-15.513000
-9.743600
-11.026000
-9.102600
-9.743600
-3.333300
-2.692300
1.794900
-4.615400
-10.385000
-16.153999
-21.282000
-18.077000
-5.256400
7.564100
9.487200
5.641000
3.717900
-4.615400
-7.179500
-11.026000
-14.872000
-14.872000
-11.667000
-8.461500
-8.461500
-8.461500
-3.974400
-1.410300
1.153800
3.717900
5.000000
9.487200
13.333000
15.256000
15.256000
12.051000
14.615000
6.923100
5.641000
-1.410300
-2.051300
-2.051300
-5.256400
-5.897400
-7.820500
-9.743600
-11.667000
-11.667000
-3.974400
1.794900
2.435900
4.359000
3.717900
4.359000
-0.769230
3.717900
-0.128210
3.076900
6.923100
9.487200
13.333000
13.333000
9.487200
13.974000
8.846200
8.205100
