-1.832500
-0.884680
1.011100
1.011100
-2.780400
-4.676100
-1.832500
-3.728300
-6.571900
-5.624000
-0.884680
3.854700
6.698300
7.646100
7.646100
9.541900
14.281000
13.333000
11.438000
8.594000
5.750400
2.906800
1.958900
3.854700
7.646100
13.333000
13.333000
8.594000
5.750400
0.063190
-3.728300
-6.571900
-7.519700
-5.624000
-3.728300
-5.624000
-8.467600
-4.676100
1.958900
1.958900
2.906800
5.750400
6.698300
4.802500
4.802500
1.011100
1.011100
2.906800
-1.832500
-6.571900
-9.415500
-13.207000
-9.415500
-2.780400
0.063190
4.802500
7.646100
6.698300
5.750400
4.802500
2.906800
0.063190
-3.728300
-1.832500
-3.728300
-7.519700
-6.571900
-1.832500
2.906800
3.854700
1.958900
-2.780400
-3.728300
-2.780400
-2.780400
1.958900
2.906800
0.063190
-0.884680
0.063190
0.063190
1.011100
3.854700
7.646100
4.802500
1.958900
3.854700
1.958900
4.802500
4.802500
3.854700
3.854700
1.011100
0.063190
3.854700
8.594000
9.541900
8.594000
4.802500
-0.884680
-9.415500
-9.415500
-3.728300
-4.676100
-6.571900
-5.624000
-8.467600
-6.571900
-6.571900
-5.624000
-2.780400
1.011100
2.906800
3.854700
3.854700
1.958900
2.906800
2.906800
-0.884680
-4.676100
-6.571900
-11.311000
-8.467600
-5.624000
-1.832500
2.906800
7.646100
11.438000
8.594000
8.594000
5.750400
2.906800
1.958900
2.906800
7.646100
7.646100
3.854700
0.063190
-0.884680
3.854700
1.958900
1.958900
3.854700
6.698300
5.750400
7.646100
6.698300
4.802500
5.750400
6.698300
9.541900
10.490000
10.490000
7.646100
3.854700
0.063190
-1.832500
-3.728300
-4.676100
0.063190
8.594000
13.333000
14.281000
9.541900
5.750400
3.854700
-0.884680
-5.624000
-8.467600
-8.467600
-5.624000
-7.519700
-6.571900
-5.624000
-5.624000
-7.519700
-9.415500
-9.415500
-14.155000
-15.103000
-6.571900
-5.624000
-0.884680
1.958900
3.854700
1.958900
1.011100
-0.884680
-3.728300
-7.519700
-12.259000
-16.051001
-15.103000
-15.103000
-13.207000
-6.571900
-3.728300
-2.780400
-1.832500
0.063190
-2.780400
0.063190
1.958900
4.802500
5.750400
7.646100
9.541900
8.594000
4.802500
1.011100
-1.832500
-3.728300
-3.728300
-2.780400
0.063190
2.906800
5.750400
0.063190
0.063190
-2.780400
-2.780400
4.802500
8.594000
11.438000
9.541900
9.541900
4.802500
0.063190
-2.780400
-6.571900
-7.519700
-4.676100
-1.832500
1.011100
-0.884680
-1.832500
0.063190
2.906800
0.063190
0.063190
0.063190
1.011100
5.750400
6.698300
6.698300
6.698300
7.646100
2.906800
-4.676100
-8.467600
-9.415500
-9.415500
-9.415500
-13.207000
-12.259000
-11.311000
-8.467600
1.011100
9.541900
11.438000
8.594000
9.541900
6.698300
-1.832500
-6.571900
-6.571900
-9.415500
-10.363000
-9.415500
-5.624000
-3.728300
-0.884680
1.011100
0.063190
-0.884680
-0.884680
0.063190
3.854700
9.541900
14.281000
16.177000
13.333000
13.333000
6.698300
-3.728300
-8.467600
-7.519700
-2.780400
-1.832500
0.063190
1.958900
3.854700
9.541900
10.490000
7.646100
2.906800
-1.832500
-9.415500
-9.415500
-5.624000
-3.728300
-3.728300
-5.624000
-4.676100
-9.415500
-10.363000
-8.467600
-5.624000
-3.728300
-0.884680
7.646100
7.646100
8.594000
9.541900
8.594000
3.854700
-0.884680
-4.676100
-8.467600
-10.363000
-5.624000
-5.624000
-1.832500
3.854700
8.594000
15.229000
15.229000
12.385000
7.646100
1.958900
-0.884680
-5.624000
-5.624000
-5.624000
-0.884680
4.802500
1.958900
0.063190
1.958900
-0.884680
-4.676100
-6.571900
-9.415500
-10.363000
-11.311000
-10.363000
-6.571900
-3.728300
-0.884680
-0.884680
1.011100
8.594000
13.333000
11.438000
10.490000
6.698300
1.958900
2.906800
-1.832500
-4.676100
1.011100
6.698300
8.594000
5.750400
5.750400
6.698300
6.698300
5.750400
3.854700
1.011100
-3.728300
-2.780400
-4.676100
-5.624000
-2.780400
-1.832500
1.011100
2.906800
4.802500
-2.780400
-6.571900
-7.519700
-9.415500
-12.259000
-9.415500
-4.676100
-3.728300
2.906800
4.802500
1.958900
0.063190
1.011100
1.011100
-2.780400
-2.780400
-0.884680
4.802500
10.490000
14.281000
17.125000
15.229000
9.541900
2.906800
1.011100
-1.832500
-6.571900
-4.676100
-3.728300
-5.624000
-3.728300
-2.780400
-3.728300
1.958900
4.802500
5.750400
6.698300
3.854700
2.906800
1.011100
-2.780400
-2.780400
-1.832500
-0.884680
1.958900
-2.780400
-6.571900
-3.728300
1.011100
3.854700
1.011100
0.063190
2.906800
1.958900
0.063190
0.063190
-3.728300
-6.571900
-8.467600
-7.519700
-2.780400
1.958900
1.958900
3.854700
3.854700
2.906800
5.750400
5.750400
1.011100
-1.832500
-4.676100
-1.832500
1.958900
2.906800
4.802500
2.906800
2.906800
1.011100
1.958900
3.854700
1.011100
1.011100
2.906800
2.906800
1.011100
1.958900
2.906800
2.906800
3.854700
3.854700
4.802500
2.906800
4.802500
6.698300
3.854700
2.906800
1.958900
-2.780400
-4.676100
-1.832500
-1.832500
-3.728300
-6.571900
-4.676100
-3.728300
-6.571900
-5.624000
-6.571900
-7.519700
-10.363000
-9.415500
-3.728300
0.063190
1.958900
4.802500
2.906800
0.063190
-5.624000
-6.571900
-2.780400
-4.676100
-5.624000
-2.780400
1.011100
1.011100
1.011100
1.958900
-0.884680
-2.780400
-0.884680
1.011100
-1.832500
-2.780400
1.958900
5.750400
1.958900
4.802500
8.594000
1.011100
-2.780400
1.011100
5.750400
3.854700
0.063190
-2.780400
-3.728300
-4.676100
-3.728300
3.854700
7.646100
7.646100
5.750400
1.958900
-4.676100
-7.519700
-8.467600
-12.259000
-11.311000
-3.728300
4.802500
6.698300
7.646100
8.594000
7.646100
4.802500
5.750400
3.854700
2.906800
1.958900
4.802500
3.854700
-0.884680
1.011100
5.750400
5.750400
5.750400
6.698300
6.698300
4.802500
0.063190
-2.780400
-6.571900
-6.571900
-4.676100
-0.884680
5.750400
14.281000
7.646100
0.063190
1.958900
0.063190
-10.363000
-16.051001
-16.051001
-18.893999
-17.945999
-7.519700
-4.676100
-1.832500
-2.780400
-6.571900
-10.363000
-7.519700
1.958900
11.438000
13.333000
15.229000
14.281000
11.438000
7.646100
1.011100
-0.884680
-3.728300
-2.780400
-5.624000
-7.519700
-7.519700
-9.415500
-6.571900
-3.728300
-3.728300
1.958900
1.958900
1.011100
4.802500
7.646100
10.490000
10.490000
7.646100
6.698300
7.646100
10.490000
6.698300
-0.884680
-2.780400
-8.467600
-16.051001
-11.311000
-2.780400
-2.780400
-4.676100
0.063190
-0.884680
-1.832500
-1.832500
-2.780400
-1.832500
1.011100
-1.832500
-0.884680
2.906800
3.854700
3.854700
4.802500
1.011100
2.906800
6.698300
7.646100
5.750400
5.750400
7.646100
5.750400
2.906800
3.854700
3.854700
1.011100
1.011100
1.958900
1.011100
-0.884680
-3.728300
-5.624000
-1.832500
1.958900
5.750400
1.958900
-6.571900
-10.363000
-7.519700
-2.780400
-1.832500
1.958900
6.698300
9.541900
8.594000
5.750400
3.854700
1.958900
-0.884680
-3.728300
-2.780400
-0.884680
-0.884680
2.906800
3.854700
3.854700
3.854700
1.011100
-3.728300
-4.676100
-6.571900
-10.363000
-7.519700
0.063190
4.802500
11.438000
16.177000
16.177000
14.281000
12.385000
3.854700
-0.884680
2.906800
4.802500
6.698300
8.594000
9.541900
6.698300
4.802500
2.906800
-1.832500
-8.467600
-11.311000
-12.259000
-15.103000
-13.207000
-8.467600
-4.676100
3.854700
5.750400
-0.884680
-2.780400
1.011100
-2.780400
-7.519700
-11.311000
-12.259000
-12.259000
-13.207000
-12.259000
-7.519700
1.958900
6.698300
4.802500
3.854700
4.802500
4.802500
-0.884680
-6.571900
-6.571900
-6.571900
-7.519700
-7.519700
-5.624000
-2.780400
1.958900
2.906800
4.802500
7.646100
3.854700
-1.832500
-5.624000
1.011100
2.906800
4.802500
6.698300
2.906800
-1.832500
-5.624000
-9.415500
-5.624000
1.011100
3.854700
9.541900
15.229000
18.073000
15.229000
4.802500
-1.832500
-1.832500
-4.676100
-9.415500
-12.259000
-14.155000
-7.519700
3.854700
6.698300
8.594000
7.646100
-0.884680
0.063190
6.698300
9.541900
15.229000
19.021000
17.125000
10.490000
-0.884680
-8.467600
-14.155000
-17.945999
-17.945999
-10.363000
-4.676100
-1.832500
3.854700
6.698300
2.906800
-0.884680
-0.884680
-4.676100
-6.571900
-2.780400
1.958900
1.958900
5.750400
5.750400
6.698300
7.646100
4.802500
1.958900
0.063190
-0.884680
-0.884680
2.906800
4.802500
7.646100
12.385000
10.490000
6.698300
3.854700
-4.676100
-14.155000
-20.790001
-26.476999
-25.528999
-16.051001
-5.624000
1.958900
6.698300
3.854700
0.063190
0.063190
6.698300
3.854700
0.063190
1.011100
5.750400
6.698300
3.854700
0.063190
2.906800
2.906800
1.011100
0.063190
1.958900
5.750400
4.802500
6.698300
1.958900
-1.832500
-2.780400
-2.780400
-1.832500
-2.780400
-4.676100
-3.728300
-4.676100
-4.676100
-5.624000
-3.728300
-1.832500
3.854700
8.594000
7.646100
7.646100
4.802500
1.011100
2.906800
2.906800
3.854700
5.750400
8.594000
10.490000
9.541900
5.750400
2.906800
-0.884680
-3.728300
-3.728300
-9.415500
-14.155000
-9.415500
-5.624000
-6.571900
-6.571900
-0.884680
-2.780400
-2.780400
2.906800
6.698300
5.750400
0.063190
-2.780400
-0.884680
2.906800
0.063190
-2.780400
-2.780400
0.063190
0.063190
-3.728300
-10.363000
-11.311000
-5.624000
-1.832500
1.958900
9.541900
10.490000
8.594000
8.594000
7.646100
2.906800
1.958900
-1.832500
-5.624000
-5.624000
-3.728300
3.854700
9.541900
8.594000
7.646100
2.906800
0.063190
-0.884680
1.958900
2.906800
-1.832500
-0.884680
2.906800
3.854700
3.854700
-1.832500
-3.728300
1.958900
4.802500
7.646100
13.333000
13.333000
11.438000
9.541900
8.594000
1.958900
1.958900
-0.884680
-8.467600
-2.780400
0.063190
-0.884680
-3.728300
-3.728300
-0.884680
-1.832500
-3.728300
-1.832500
-0.884680
-0.884680
-0.884680
0.063190
1.958900
-1.832500
-1.832500
-6.571900
-8.467600
-5.624000
-2.780400
-0.884680
1.011100
-0.884680
1.011100
2.906800
1.958900
1.958900
0.063190
-1.832500
-3.728300
-1.832500
1.011100
-0.884680
-1.832500
-3.728300
-1.832500
1.958900
0.063190
0.063190
-3.728300
-4.676100
-2.780400
-5.624000
-4.676100
-4.676100
-3.728300
1.958900
2.906800
1.011100
1.958900
0.063190
-4.676100
-6.571900
1.011100
4.802500
6.698300
9.541900
10.490000
4.802500
-0.884680
-2.780400
-9.415500
-12.259000
-8.467600
-5.624000
-1.832500
2.906800
3.854700
3.854700
5.750400
1.011100
-5.624000
-2.780400
1.011100
1.011100
4.802500
10.490000
12.385000
15.229000
14.281000
13.333000
12.385000
3.854700
0.063190
0.063190
-4.676100
-6.571900
-4.676100
-3.728300
