1.841300
-1.968300
-2.920600
0.888890
3.746000
6.603200
6.603200
3.746000
1.841300
0.888890
-3.873000
-7.682500
-1.968300
6.603200
8.507900
10.413000
7.555600
-1.015900
-9.587300
-14.349000
-15.302000
-13.397000
-8.634900
-2.920600
2.793700
4.698400
3.746000
2.793700
3.746000
2.793700
2.793700
0.888890
-5.777800
-11.492000
-4.825400
2.793700
9.460300
14.222000
14.222000
10.413000
3.746000
0.888890
-10.540000
-17.205999
-12.444000
-7.682500
-1.015900
-0.063490
1.841300
1.841300
-1.015900
1.841300
8.507900
14.222000
15.175000
9.460300
0.888890
-6.730200
-4.825400
2.793700
9.460300
11.365000
4.698400
2.793700
1.841300
-0.063490
-1.015900
-2.920600
-0.063490
3.746000
1.841300
-0.063490
-1.015900
0.888890
-1.015900
-6.730200
-11.492000
-13.397000
-11.492000
-7.682500
-9.587300
-10.540000
-9.587300
-6.730200
-1.968300
5.650800
13.270000
14.222000
12.317000
0.888890
-7.682500
-13.397000
-19.111000
-19.111000
-15.302000
-5.777800
3.746000
12.317000
19.937000
22.794001
20.889000
15.175000
1.841300
-8.634900
-10.540000
-5.777800
3.746000
8.507900
6.603200
5.650800
5.650800
7.555600
6.603200
5.650800
0.888890
-8.634900
-13.397000
-10.540000
-1.968300
4.698400
12.317000
14.222000
10.413000
9.460300
-1.968300
-13.397000
-21.016001
-29.587000
-26.730000
-12.444000
-1.015900
15.175000
23.746000
19.937000
13.270000
9.460300
3.746000
-6.730200
-15.302000
-16.254000
-4.825400
4.698400
12.317000
18.983999
16.127001
12.317000
7.555600
7.555600
2.793700
-9.587300
-21.016001
-24.825001
-18.159000
-3.873000
10.413000
14.222000
13.270000
12.317000
10.413000
2.793700
-2.920600
-6.730200
-9.587300
-17.205999
-18.159000
-18.159000
-17.205999
-9.587300
-4.825400
-2.920600
0.888890
2.793700
0.888890
-8.634900
-15.302000
-11.492000
-4.825400
-0.063490
1.841300
-2.920600
-9.587300
-6.730200
2.793700
6.603200
8.507900
5.650800
2.793700
3.746000
4.698400
-2.920600
-8.634900
-5.777800
-1.968300
-1.968300
-1.015900
-2.920600
-8.634900
-7.682500
-1.015900
3.746000
10.413000
15.175000
11.365000
12.317000
13.270000
7.555600
4.698400
4.698400
-2.920600
-9.587300
-15.302000
-13.397000
-7.682500
0.888890
11.365000
18.983999
18.032000
18.032000
16.127001
9.460300
5.650800
-6.730200
-12.444000
-11.492000
-12.444000
-11.492000
-6.730200
-1.968300
6.603200
14.222000
18.983999
14.222000
8.507900
0.888890
-7.682500
-5.777800
-1.968300
-7.682500
-17.205999
-16.254000
-9.587300
-3.873000
0.888890
7.555600
7.555600
6.603200
13.270000
15.175000
9.460300
4.698400
8.507900
7.555600
0.888890
-3.873000
-5.777800
-5.777800
-1.015900
8.507900
17.079000
20.889000
16.127001
8.507900
2.793700
-2.920600
-14.349000
-19.111000
-18.159000
-9.587300
1.841300
10.413000
14.222000
9.460300
5.650800
3.746000
7.555600
10.413000
6.603200
2.793700
-4.825400
-19.111000
-23.872999
-23.872999
-18.159000
-7.682500
-3.873000
-1.968300
1.841300
14.222000
25.650999
24.698000
15.175000
5.650800
-1.015900
-6.730200
-18.159000
-28.635000
-32.444000
-28.635000
-20.063000
-6.730200
6.603200
16.127001
20.889000
20.889000
16.127001
8.507900
-1.968300
-15.302000
-18.159000
-11.492000
-8.634900
-4.825400
-1.015900
0.888890
3.746000
11.365000
25.650999
35.174999
34.222000
20.889000
0.888890
-20.063000
-34.348999
-33.396999
-31.492001
-20.063000
-7.682500
-1.015900
0.888890
-2.920600
-0.063490
4.698400
4.698400
4.698400
3.746000
2.793700
-1.968300
-2.920600
-3.873000
-2.920600
3.746000
8.507900
8.507900
2.793700
-3.873000
-12.444000
-8.634900
2.793700
15.175000
18.032000
16.127001
11.365000
7.555600
9.460300
9.460300
5.650800
-0.063490
-1.968300
-2.920600
-4.825400
-4.825400
-6.730200
-8.634900
-6.730200
-3.873000
-3.873000
-2.920600
0.888890
1.841300
-2.920600
-6.730200
-8.634900
-7.682500
-2.920600
3.746000
4.698400
2.793700
3.746000
2.793700
0.888890
6.603200
6.603200
1.841300
6.603200
12.317000
15.175000
19.937000
10.413000
-1.015900
-10.540000
-17.205999
-18.159000
-13.397000
-5.777800
-1.015900
2.793700
9.460300
16.127001
18.032000
17.079000
13.270000
9.460300
-1.015900
-12.444000
-23.872999
-35.301998
-37.206001
-27.683001
-10.540000
14.222000
30.413000
39.937000
42.793999
34.222000
22.794001
6.603200
-11.492000
-22.921000
-29.587000
-30.540001
-20.063000
-2.920600
12.317000
20.889000
22.794001
22.794001
22.794001
18.983999
13.270000
7.555600
-0.063490
-9.587300
-15.302000
-18.159000
-21.968000
-20.063000
-8.634900
4.698400
14.222000
15.175000
10.413000
6.603200
8.507900
7.555600
5.650800
3.746000
-1.968300
-10.540000
-20.063000
-22.921000
-22.921000
-17.205999
-7.682500
2.793700
9.460300
12.317000
17.079000
22.794001
22.794001
17.079000
-0.063490
-18.159000
-29.587000
-30.540001
-25.778000
-16.254000
-1.015900
12.317000
18.983999
21.841000
21.841000
17.079000
5.650800
-4.825400
-14.349000
-20.063000
-22.921000
-19.111000
-7.682500
-1.015900
6.603200
13.270000
16.127001
19.937000
22.794001
16.127001
6.603200
-0.063490
-1.015900
-2.920600
-10.540000
-10.540000
0.888890
9.460300
14.222000
19.937000
26.603001
28.507999
26.603001
21.841000
10.413000
-1.968300
-8.634900
-11.492000
-13.397000
-8.634900
8.507900
19.937000
29.459999
34.222000
31.365000
20.889000
10.413000
3.746000
1.841300
-2.920600
-6.730200
-6.730200
-8.634900
-9.587300
-2.920600
5.650800
10.413000
17.079000
15.175000
7.555600
0.888890
-3.873000
-4.825400
-5.777800
-4.825400
-3.873000
-1.968300
1.841300
6.603200
8.507900
6.603200
7.555600
12.317000
13.270000
7.555600
0.888890
1.841300
7.555600
12.317000
14.222000
16.127001
19.937000
24.698000
30.413000
32.317001
26.603001
24.698000
24.698000
18.983999
17.079000
19.937000
19.937000
16.127001
17.079000
24.698000
28.507999
28.507999
28.507999
22.794001
16.127001
13.270000
10.413000
15.175000
19.937000
18.983999
12.317000
3.746000
-2.920600
-11.492000
-13.397000
-1.015900
10.413000
18.983999
26.603001
31.365000
34.222000
25.650999
9.460300
-10.540000
-27.683001
-27.683001
-14.349000
0.888890
17.079000
25.650999
29.459999
26.603001
20.889000
11.365000
2.793700
-2.920600
-11.492000
-17.205999
-18.159000
-22.921000
-24.825001
-18.159000
-8.634900
-1.968300
-2.920600
-3.873000
-9.587300
-16.254000
-18.159000
-21.968000
-22.921000
-21.968000
-18.159000
-16.254000
-10.540000
-2.920600
1.841300
-0.063490
-4.825400
-12.444000
-21.016001
-27.683001
-30.540001
-24.825001
-12.444000
-1.968300
1.841300
-4.825400
-11.492000
-15.302000
-19.111000
-22.921000
-26.730000
-26.730000
-20.063000
-15.302000
-11.492000
-8.634900
-8.634900
-8.634900
-6.730200
-8.634900
-12.444000
-17.205999
-20.063000
-18.159000
-17.205999
-14.349000
-13.397000
-12.444000
-13.397000
-15.302000
-11.492000
-7.682500
-6.730200
-6.730200
-7.682500
-8.634900
-9.587300
-12.444000
-17.205999
-20.063000
-19.111000
-15.302000
-10.540000
-3.873000
-0.063490
-3.873000
-3.873000
-1.015900
0.888890
-3.873000
-7.682500
-8.634900
-8.634900
-11.492000
-11.492000
-5.777800
-1.968300
-3.873000
-6.730200
-6.730200
2.793700
10.413000
14.222000
14.222000
8.507900
1.841300
-4.825400
-5.777800
-1.015900
-2.920600
-7.682500
-7.682500
-8.634900
-11.492000
-7.682500
-2.920600
-6.730200
-5.777800
3.746000
15.175000
18.032000
10.413000
-0.063490
-6.730200
-7.682500
-5.777800
-12.444000
-16.254000
-14.349000
-8.634900
-1.968300
2.793700
3.746000
1.841300
-0.063490
0.888890
4.698400
5.650800
-1.015900
-11.492000
-17.205999
-11.492000
-1.015900
8.507900
15.175000
11.365000
3.746000
-1.968300
-8.634900
-11.492000
-18.159000
-21.016001
-15.302000
-5.777800
6.603200
20.889000
30.413000
31.365000
30.413000
25.650999
15.175000
-0.063490
-14.349000
-22.921000
-29.587000
-29.587000
-21.016001
-9.587300
9.460300
25.650999
32.317001
27.556000
22.794001
17.079000
8.507900
-0.063490
-3.873000
-5.777800
-9.587300
-12.444000
-7.682500
-1.968300
0.888890
5.650800
14.222000
12.317000
5.650800
2.793700
-1.968300
-6.730200
-10.540000
-13.397000
-13.397000
-7.682500
1.841300
4.698400
3.746000
2.793700
3.746000
-0.063490
0.888890
3.746000
8.507900
11.365000
12.317000
10.413000
5.650800
-1.015900
-6.730200
-11.492000
-10.540000
-8.634900
-9.587300
-8.634900
-6.730200
-0.063490
8.507900
10.413000
8.507900
7.555600
4.698400
-8.634900
-21.968000
-25.778000
-22.921000
-18.159000
-11.492000
-0.063490
5.650800
9.460300
10.413000
7.555600
7.555600
3.746000
1.841300
1.841300
0.888890
-4.825400
-8.634900
-7.682500
-9.587300
-8.634900
-0.063490
7.555600
11.365000
7.555600
0.888890
-6.730200
-18.159000
-23.872999
-22.921000
-19.111000
-14.349000
-5.777800
4.698400
11.365000
12.317000
11.365000
12.317000
5.650800
-4.825400
-10.540000
-10.540000
-5.777800
1.841300
17.079000
24.698000
25.650999
18.983999
9.460300
-3.873000
-11.492000
-7.682500
0.888890
3.746000
-0.063490
1.841300
7.555600
14.222000
17.079000
12.317000
0.888890
-8.634900
-9.587300
-5.777800
-2.920600
0.888890
5.650800
5.650800
-5.777800
-11.492000
-10.540000
-11.492000
-3.873000
3.746000
8.507900
12.317000
15.175000
18.032000
13.270000
4.698400
-10.540000
-24.825001
-25.778000
-20.063000
-6.730200
0.888890
2.793700
10.413000
12.317000
7.555600
2.793700
-1.015900
-4.825400
-10.540000
-8.634900
-2.920600
5.650800
9.460300
5.650800
4.698400
2.793700
-0.063490
-2.920600
-9.587300
-14.349000
-10.540000
-7.682500
0.888890
12.317000
11.365000
11.365000
12.317000
12.317000
7.555600
-1.015900
-5.777800
-9.587300
-11.492000
-7.682500
0.888890
5.650800
15.175000
18.983999
15.175000
4.698400
-8.634900
-18.159000
-24.825001
-23.872999
-15.302000
-3.873000
15.175000
27.556000
31.365000
30.413000
24.698000
14.222000
-3.873000
-19.111000
-27.683001
-26.730000
-21.016001
-15.302000
-11.492000
-6.730200
0.888890
14.222000
24.698000
27.556000
20.889000
12.317000
-0.063490
-14.349000
-27.683001
-34.348999
-31.492001
-14.349000
7.555600
18.983999
16.127001
12.317000
12.317000
7.555600
2.793700
-0.063490
-6.730200
-7.682500
-3.873000
-1.015900
-2.920600
-4.825400
-0.063490
-0.063490
-1.968300
-3.873000
-5.777800
-12.444000
-11.492000
-5.777800
-1.015900
4.698400
6.603200
4.698400
4.698400
1.841300
0.888890
-0.063490
-3.873000
-2.920600
-1.015900
-3.873000
-2.920600
-0.063490
-1.015900
3.746000
6.603200
5.650800
1.841300
-6.730200
-8.634900
-1.968300
5.650800
11.365000
8.507900
1.841300
-1.968300
-2.920600
-3.873000
-10.540000
-12.444000
-12.444000
-8.634900
-1.968300
-1.015900
1.841300
10.413000
13.270000
12.317000
10.413000
-2.920600
