9.170700
11.772000
8.520300
3.967500
-0.585370
-0.585370
-3.837400
-8.390200
-17.496000
-15.545000
-7.089400
-10.341000
-9.040700
-6.439000
-1.886200
-1.886200
-5.138200
-5.138200
-1.886200
0.065040
0.715450
0.065040
7.869900
9.821100
9.170700
12.423000
7.219500
-0.585370
-3.837400
-1.886200
1.365900
7.219500
0.065040
-5.138200
-3.837400
-5.138200
-3.837400
-10.341000
-20.747999
-19.447001
-10.992000
-2.536600
5.268300
13.073000
11.122000
7.869900
9.821100
3.317100
-1.235800
-2.536600
2.016300
-9.691100
-19.447001
-16.846001
-12.293000
2.666700
5.268300
7.219500
11.122000
13.724000
15.024000
9.821100
10.472000
5.268300
-9.691100
-15.545000
-16.846001
-14.244000
-5.788600
-9.040700
-12.293000
-7.089400
-1.886200
3.317100
3.967500
5.268300
3.967500
10.472000
11.772000
0.715450
-6.439000
0.715450
4.617900
2.666700
2.666700
3.967500
5.918700
7.869900
12.423000
6.569100
-1.235800
-8.390200
-14.894000
-9.691100
0.065040
-0.585370
-8.390200
-5.138200
8.520300
7.219500
2.016300
5.918700
7.219500
9.170700
11.122000
13.073000
20.878000
18.275999
13.073000
0.715450
-5.138200
-7.739800
-7.089400
-7.089400
-4.487800
-0.585370
-0.585370
1.365900
13.073000
9.170700
-0.585370
-4.487800
-0.585370
-1.235800
0.065040
2.666700
2.016300
1.365900
-3.187000
2.666700
7.219500
0.715450
5.918700
7.219500
2.016300
5.918700
12.423000
9.170700
0.065040
-7.089400
-10.341000
-5.788600
-3.187000
-10.341000
-12.943000
-3.837400
2.666700
4.617900
13.073000
14.374000
2.016300
-3.187000
4.617900
11.772000
8.520300
-1.886200
-10.341000
-5.138200
-1.886200
-5.138200
-12.943000
-13.593000
-12.943000
-3.187000
0.065040
-1.886200
3.967500
5.268300
-1.235800
1.365900
2.016300
-5.788600
-5.788600
-1.886200
2.666700
1.365900
-2.536600
-1.235800
-4.487800
-10.341000
-12.293000
-5.788600
-4.487800
-5.788600
0.065040
-5.138200
-7.089400
-8.390200
-7.089400
-7.739800
-8.390200
-1.886200
-6.439000
-12.293000
-7.739800
2.666700
3.317100
-1.235800
0.065040
3.317100
2.666700
0.715450
0.715450
4.617900
8.520300
0.715450
-7.739800
-5.788600
-3.187000
-2.536600
-7.739800
-9.040700
-10.992000
-13.593000
-9.691100
-3.837400
6.569100
11.772000
10.472000
5.918700
10.472000
20.228001
17.625999
16.976000
19.577000
24.129999
17.625999
8.520300
5.918700
8.520300
11.772000
11.122000
3.967500
-6.439000
3.317100
8.520300
6.569100
6.569100
1.365900
-1.235800
3.967500
11.772000
2.016300
-10.341000
-13.593000
-11.642000
-5.788600
-3.837400
-0.585370
3.317100
-1.886200
-4.487800
-1.235800
0.065040
2.666700
7.219500
13.073000
14.374000
6.569100
0.715450
1.365900
0.715450
-0.585370
2.666700
7.869900
3.967500
-1.886200
-5.138200
-8.390200
-6.439000
-1.886200
-5.138200
-11.642000
-16.195000
-16.195000
-8.390200
-1.886200
-9.691100
-12.293000
-5.788600
1.365900
3.967500
3.317100
-0.585370
-5.788600
-1.235800
5.918700
3.317100
0.715450
3.967500
12.423000
5.268300
-5.138200
-8.390200
-3.837400
-1.235800
-1.886200
2.016300
-1.235800
-8.390200
-8.390200
0.065040
7.869900
8.520300
3.967500
9.821100
4.617900
-5.138200
-1.886200
0.715450
-3.837400
-7.089400
-8.390200
-8.390200
-9.040700
-9.691100
-1.886200
2.666700
2.016300
-5.138200
-12.943000
-5.788600
2.666700
2.666700
4.617900
4.617900
9.170700
8.520300
13.073000
11.772000
5.918700
-0.585370
-8.390200
-13.593000
-8.390200
-1.235800
-3.187000
-14.244000
-16.846001
-7.739800
2.666700
8.520300
20.228001
23.480000
15.675000
16.325001
18.927000
18.275999
25.431000
22.829000
16.325001
13.073000
5.918700
-2.536600
-3.837400
-0.585370
-2.536600
-4.487800
-1.235800
2.666700
5.918700
11.122000
9.170700
14.374000
16.325001
12.423000
16.976000
16.976000
20.228001
19.577000
15.024000
16.325001
11.122000
9.821100
2.016300
-1.235800
-0.585370
6.569100
16.976000
22.179001
10.472000
8.520300
7.219500
-1.235800
-9.040700
-11.642000
-16.195000
-20.098000
-16.846001
-9.040700
-9.691100
-11.642000
-15.545000
-19.447001
-18.797001
-16.846001
-13.593000
-11.642000
-5.788600
-5.788600
-12.293000
-14.244000
-14.894000
-18.797001
-21.398001
-17.496000
-14.894000
-13.593000
-16.846001
-14.244000
-10.992000
-12.943000
-10.341000
-14.894000
-11.642000
-10.992000
-9.040700
-5.138200
-7.089400
-3.837400
-7.089400
-7.739800
-7.739800
-7.739800
-9.691100
-13.593000
-16.195000
-7.089400
-12.943000
-19.447001
-9.040700
-3.837400
1.365900
3.317100
5.268300
-3.837400
-10.341000
-7.089400
-1.886200
-1.886200
-3.187000
0.065040
1.365900
9.821100
11.122000
9.170700
8.520300
3.967500
5.268300
3.967500
2.666700
5.918700
0.065040
-3.837400
-1.886200
0.065040
0.065040
-3.837400
-11.642000
-7.089400
-7.089400
-10.992000
-14.244000
-19.447001
-15.545000
-4.487800
-3.837400
-1.886200
1.365900
2.016300
5.268300
9.170700
9.821100
16.325001
26.732000
21.528000
9.821100
7.219500
5.918700
6.569100
5.268300
0.065040
3.967500
3.967500
-0.585370
-5.788600
4.617900
6.569100
4.617900
5.918700
1.365900
4.617900
13.724000
5.268300
-2.536600
-5.788600
-1.886200
5.268300
-1.235800
-6.439000
3.317100
-1.235800
-1.886200
-1.235800
-5.138200
0.065040
3.967500
3.317100
7.219500
6.569100
13.073000
7.869900
4.617900
9.170700
3.967500
5.268300
7.219500
3.967500
3.317100
2.016300
1.365900
2.666700
2.016300
-1.235800
-1.235800
2.666700
0.065040
-9.040700
-7.739800
-5.788600
-4.487800
-0.585370
-2.536600
-3.187000
-4.487800
4.617900
6.569100
3.967500
9.821100
10.472000
6.569100
5.918700
2.666700
2.016300
5.268300
2.016300
-5.788600
-7.739800
-12.943000
-10.992000
-7.089400
-6.439000
0.065040
2.016300
-0.585370
0.065040
2.016300
9.821100
10.472000
9.821100
7.869900
3.967500
9.170700
4.617900
2.666700
3.967500
-0.585370
-2.536600
-4.487800
3.317100
-4.487800
-9.040700
-3.837400
-7.089400
-4.487800
-4.487800
2.016300
9.170700
9.821100
-1.886200
-3.187000
4.617900
4.617900
0.065040
-2.536600
-3.187000
1.365900
0.715450
-1.235800
2.016300
5.918700
13.073000
12.423000
9.821100
3.967500
-1.886200
-2.536600
-1.235800
-8.390200
-9.691100
-7.739800
-6.439000
-8.390200
-13.593000
-7.739800
1.365900
-0.585370
0.065040
3.967500
2.016300
3.967500
-1.235800
-5.788600
2.016300
1.365900
-6.439000
-5.138200
0.065040
3.967500
6.569100
11.772000
9.821100
10.472000
9.821100
12.423000
7.869900
3.967500
3.317100
-5.788600
-6.439000
-1.235800
-4.487800
-1.235800
-5.788600
-14.244000
-8.390200
-3.187000
0.065040
-2.536600
0.715450
4.617900
10.472000
9.821100
1.365900
-1.235800
0.715450
5.268300
3.967500
6.569100
17.625999
14.374000
15.675000
14.374000
7.219500
4.617900
2.016300
1.365900
0.715450
0.065040
-1.235800
7.869900
7.869900
7.869900
9.170700
7.869900
3.317100
-5.788600
-3.837400
7.869900
10.472000
7.869900
5.268300
3.317100
2.666700
7.219500
7.869900
7.869900
7.869900
3.317100
3.967500
8.520300
11.772000
16.325001
21.528000
24.780001
28.683001
15.675000
0.715450
-6.439000
-4.487800
-9.691100
-15.545000
-14.894000
-10.992000
-3.187000
7.219500
0.065040
-8.390200
-9.691100
-3.187000
-0.585370
-2.536600
5.268300
5.918700
5.268300
11.122000
9.170700
0.715450
0.065040
-1.235800
-3.187000
-1.235800
3.967500
7.869900
8.520300
3.967500
-2.536600
-3.837400
3.317100
3.317100
-3.187000
-10.341000
-10.341000
6.569100
9.821100
3.317100
3.967500
1.365900
-3.187000
-12.293000
-22.049000
-20.098000
-16.846001
-3.837400
-3.187000
-9.040700
-8.390200
-1.235800
3.317100
1.365900
3.967500
3.317100
4.617900
-0.585370
-1.235800
-2.536600
-7.739800
-2.536600
-0.585370
-0.585370
0.065040
-3.837400
-4.487800
2.016300
-1.235800
-10.341000
-11.642000
-7.089400
-1.886200
0.715450
0.065040
-5.788600
0.065040
1.365900
-0.585370
1.365900
5.918700
0.065040
-9.040700
-14.244000
-11.642000
-10.341000
-10.341000
-7.089400
0.715450
2.666700
7.219500
3.317100
-4.487800
-3.187000
-8.390200
-8.390200
-1.235800
-4.487800
-7.089400
-6.439000
1.365900
11.772000
4.617900
6.569100
3.967500
-1.886200
-3.187000
-8.390200
-9.040700
-9.691100
-0.585370
5.268300
-3.837400
-10.341000
-6.439000
-1.886200
0.715450
2.016300
0.715450
7.869900
10.472000
3.317100
3.317100
-3.837400
-14.894000
-11.642000
-13.593000
-14.244000
-14.244000
-18.797001
-19.447001
-10.341000
-5.138200
-3.187000
-8.390200
0.065040
-5.788600
-16.195000
-15.545000
-12.293000
-1.886200
7.869900
8.520300
-5.138200
-9.040700
-1.235800
3.317100
0.715450
-3.187000
8.520300
7.219500
-1.886200
-5.788600
-10.992000
-14.244000
-9.691100
-4.487800
-2.536600
-2.536600
2.016300
3.967500
7.869900
5.918700
5.918700
6.569100
6.569100
9.170700
17.625999
13.073000
3.967500
2.016300
-1.886200
-6.439000
-1.886200
-5.788600
-10.992000
-2.536600
-3.187000
-3.187000
0.715450
-0.585370
-0.585370
3.967500
12.423000
16.976000
12.423000
2.016300
-0.585370
4.617900
0.065040
-7.089400
-9.691100
-10.341000
-4.487800
1.365900
0.715450
-3.837400
-1.235800
0.715450
5.918700
-0.585370
-5.788600
-5.788600
-3.837400
0.065040
-0.585370
-3.187000
-5.788600
-5.788600
3.317100
-0.585370
-7.089400
-7.089400
1.365900
5.918700
8.520300
3.967500
4.617900
9.170700
10.472000
9.170700
-4.487800
-17.496000
-13.593000
-5.788600
4.617900
9.170700
8.520300
0.715450
-5.138200
-0.585370
3.317100
9.821100
17.625999
8.520300
-5.138200
-3.837400
0.065040
3.317100
1.365900
0.715450
3.317100
1.365900
-8.390200
-9.040700
-8.390200
-4.487800
-0.585370
7.869900
2.016300
-5.138200
-4.487800
-7.089400
-5.788600
5.268300
6.569100
3.317100
6.569100
7.869900
5.918700
5.918700
2.016300
-4.487800
-7.739800
-5.138200
5.918700
11.122000
9.821100
7.219500
6.569100
5.268300
-0.585370
-1.235800
0.715450
3.967500
5.918700
-1.235800
-4.487800
7.219500
2.666700
-7.089400
-5.138200
0.715450
13.073000
11.772000
3.967500
0.715450
3.317100
8.520300
12.423000
7.219500
4.617900
-2.536600
0.065040
0.065040
-3.187000
-6.439000
2.016300
7.219500
6.569100
8.520300
15.024000
11.122000
13.724000
11.122000
0.065040
-3.837400
-5.788600
-6.439000
-5.788600
-6.439000
-5.788600
-8.390200
-1.235800
1.365900
5.918700
7.869900
2.666700
6.569100
3.317100
1.365900
3.967500
-1.235800
-3.187000
3.317100
8.520300
5.268300
0.715450
-2.536600
-3.187000
4.617900
5.918700
0.715450
4.617900
6.569100
5.918700
2.016300
-2.536600
