8.431400
9.738600
7.124200
4.509800
1.895400
3.202600
-0.065360
-2.026100
-5.294100
-4.640500
1.895400
-3.333300
-6.601300
-5.947700
1.241800
-0.718950
-7.908500
-9.215700
-5.294100
-2.679700
-0.065360
-0.718950
5.163400
3.856200
-0.065360
0.588240
-5.947700
-8.562100
-5.294100
-0.718950
-0.718950
1.241800
-5.947700
-10.523000
-10.523000
-8.562100
-7.254900
-9.215700
-9.869300
-7.908500
-5.947700
-3.986900
-0.718950
5.817000
4.509800
1.241800
1.895400
0.588240
-0.718950
-3.986900
1.241800
-8.562100
-19.020000
-15.752000
-11.830000
-0.065360
-2.026100
-7.908500
-9.869300
-7.254900
-2.026100
-2.679700
-0.065360
-7.908500
-24.247999
-22.941000
-17.712000
-15.098000
-3.986900
-5.294100
-9.215700
-6.601300
-7.254900
-7.908500
-5.294100
-1.372500
-4.640500
-2.679700
-1.372500
-7.908500
-11.830000
-4.640500
1.241800
1.895400
4.509800
5.817000
6.470600
10.392000
18.235001
13.660000
3.856200
-3.333300
-5.947700
-2.679700
4.509800
5.163400
-2.679700
-2.679700
9.738600
9.085000
5.817000
12.353000
11.699000
14.967000
21.503000
23.464001
30.000000
28.039000
27.386000
18.889000
14.314000
13.007000
14.967000
16.275000
18.235001
18.889000
13.660000
9.085000
14.967000
14.314000
11.699000
5.817000
6.470600
6.470600
6.470600
11.046000
11.699000
8.431400
7.777800
12.353000
14.967000
8.431400
9.738600
9.738600
5.817000
5.817000
7.777800
2.549000
-3.333300
-6.601300
-4.640500
3.856200
-0.065360
-10.523000
-11.176000
-2.679700
1.241800
0.588240
4.509800
6.470600
3.202600
-0.718950
-3.986900
-2.026100
-3.986900
-6.601300
-7.908500
-4.640500
-5.947700
-7.908500
-11.176000
-9.869300
-9.869300
-5.294100
-8.562100
-12.484000
-5.294100
-0.718950
-6.601300
-7.908500
-5.947700
-11.830000
-10.523000
-1.372500
7.124200
1.895400
-4.640500
-1.372500
-1.372500
-3.333300
-4.640500
-5.294100
-7.908500
-9.215700
0.588240
2.549000
3.202600
0.588240
-0.065360
-2.026100
-3.333300
3.202600
-0.065360
-5.947700
-5.947700
-0.718950
-1.372500
-5.947700
-2.679700
-0.065360
-3.333300
-3.333300
0.588240
1.895400
3.856200
-2.679700
-11.176000
-8.562100
-5.947700
-2.679700
-6.601300
-5.947700
-5.294100
-6.601300
-5.947700
-7.908500
-5.294100
-1.372500
-0.065360
-2.026100
-7.254900
-3.333300
1.241800
5.163400
7.777800
11.046000
6.470600
1.241800
-2.026100
-0.718950
1.241800
3.856200
2.549000
-1.372500
7.124200
5.163400
-0.065360
-0.718950
-3.986900
-5.294100
0.588240
5.163400
-2.026100
-7.254900
-2.026100
3.202600
5.163400
3.856200
5.817000
9.738600
4.509800
-0.718950
-2.679700
-7.908500
-6.601300
-2.026100
1.895400
1.895400
-2.026100
-3.986900
-0.718950
-0.065360
0.588240
5.817000
10.392000
3.856200
0.588240
-0.065360
-2.679700
-1.372500
5.817000
-1.372500
-8.562100
-5.294100
-7.254900
-2.026100
4.509800
-5.947700
-8.562100
-2.679700
1.241800
3.856200
5.163400
4.509800
-4.640500
-2.679700
7.777800
10.392000
9.738600
9.085000
13.660000
11.046000
8.431400
6.470600
3.856200
1.895400
3.202600
5.163400
-0.065360
-5.294100
-4.640500
-0.065360
3.856200
4.509800
-1.372500
7.777800
7.124200
-1.372500
3.202600
6.470600
4.509800
-0.065360
-2.026100
-0.065360
-2.679700
-10.523000
-8.562100
-5.294100
-3.986900
-8.562100
-13.137000
-7.908500
-5.294100
-3.333300
4.509800
0.588240
0.588240
0.588240
7.124200
5.163400
-3.333300
-9.869300
-12.484000
-13.137000
-11.176000
-9.869300
-9.215700
-14.444000
-19.673000
-14.444000
-5.947700
-3.333300
4.509800
4.509800
-2.026100
-1.372500
0.588240
0.588240
4.509800
3.202600
-0.718950
-0.065360
-2.679700
-7.254900
-7.254900
-3.986900
-3.333300
-2.679700
0.588240
1.241800
0.588240
3.856200
2.549000
7.777800
7.124200
-0.718950
3.202600
3.856200
3.202600
0.588240
-0.718950
2.549000
-2.026100
-2.026100
-5.947700
-7.254900
-5.294100
-0.065360
6.470600
11.699000
7.124200
7.777800
4.509800
0.588240
-1.372500
0.588240
-2.026100
-3.986900
-0.065360
7.124200
4.509800
-0.065360
-2.026100
-1.372500
1.895400
5.163400
6.470600
5.163400
7.777800
5.163400
-1.372500
-0.718950
-0.718950
-3.333300
-2.679700
1.895400
1.241800
-0.718950
-7.254900
-6.601300
-7.254900
-12.484000
-10.523000
-13.791000
-8.562100
-6.601300
-3.333300
2.549000
1.895400
7.124200
5.163400
7.124200
9.085000
5.817000
1.895400
0.588240
-0.065360
9.738600
1.895400
-10.523000
-5.294100
-2.679700
-1.372500
-0.718950
1.895400
-5.294100
-9.869300
-2.679700
0.588240
-0.718950
2.549000
4.509800
3.202600
11.046000
9.085000
4.509800
6.470600
3.202600
9.085000
9.085000
4.509800
9.085000
5.817000
1.241800
1.895400
-0.718950
-2.679700
-3.333300
-3.333300
1.241800
-2.679700
-7.908500
-8.562100
-9.869300
-9.869300
-6.601300
-9.869300
-6.601300
-3.333300
-6.601300
-7.908500
-7.254900
-7.254900
-2.026100
7.124200
5.163400
-2.026100
-0.718950
1.895400
7.777800
10.392000
13.660000
18.889000
13.007000
9.085000
11.699000
16.275000
13.007000
11.046000
11.046000
9.738600
7.777800
10.392000
5.817000
-0.718950
-2.026100
-0.718950
6.470600
3.202600
1.895400
7.124200
-3.333300
-6.601300
-5.947700
-5.947700
-2.026100
-4.640500
-7.254900
-4.640500
-4.640500
3.856200
-0.065360
-2.679700
5.163400
3.856200
3.202600
7.777800
11.699000
14.967000
11.699000
9.738600
8.431400
9.738600
10.392000
7.124200
6.470600
5.817000
-4.640500
-5.947700
-5.294100
-4.640500
-2.679700
-5.294100
-8.562100
-15.098000
-8.562100
-5.294100
-10.523000
-11.176000
-15.098000
-17.712000
-14.444000
-13.791000
-11.176000
-7.908500
-12.484000
-19.673000
-17.059000
-17.059000
-17.059000
-18.365999
-18.365999
-9.215700
-1.372500
-3.986900
-11.830000
-15.752000
-8.562100
-10.523000
-10.523000
-8.562100
-10.523000
-3.986900
-9.215700
-9.215700
-7.254900
-11.830000
-10.523000
-8.562100
4.509800
-0.718950
-3.986900
3.856200
2.549000
5.817000
5.817000
12.353000
16.275000
19.542000
14.314000
12.353000
11.699000
11.046000
10.392000
8.431400
5.817000
5.817000
-0.718950
-0.718950
2.549000
-0.065360
3.856200
-0.065360
-1.372500
-5.294100
-12.484000
-7.254900
0.588240
-6.601300
-7.254900
-5.947700
-9.215700
-9.869300
-9.215700
-3.333300
5.163400
3.856200
2.549000
3.856200
2.549000
3.202600
-2.026100
3.202600
10.392000
5.817000
1.895400
2.549000
6.470600
10.392000
11.699000
14.967000
10.392000
7.124200
11.046000
17.582001
15.621000
7.777800
7.777800
3.856200
4.509800
9.738600
2.549000
-5.294100
-11.176000
-17.059000
-14.444000
-13.137000
-10.523000
-5.947700
-2.026100
-5.294100
-2.026100
-6.601300
-10.523000
-12.484000
-12.484000
-6.601300
-7.254900
-9.869300
-5.947700
-13.137000
-7.908500
-5.294100
-13.791000
-16.405001
-15.098000
-10.523000
-7.254900
-7.908500
-9.215700
0.588240
3.856200
4.509800
7.124200
9.738600
6.470600
2.549000
10.392000
18.889000
22.157000
24.118000
20.195999
18.235001
22.809999
26.077999
25.424999
24.771000
16.275000
14.967000
15.621000
15.621000
16.927999
14.967000
17.582001
20.195999
26.732000
22.809999
16.275000
10.392000
11.699000
3.856200
-9.215700
-13.137000
-5.294100
2.549000
11.699000
5.817000
-0.718950
1.241800
7.124200
6.470600
3.856200
6.470600
5.163400
5.817000
10.392000
5.163400
-2.026100
1.895400
-1.372500
-7.908500
-5.294100
0.588240
6.470600
4.509800
-0.065360
-2.026100
0.588240
4.509800
3.202600
1.241800
-1.372500
-3.986900
0.588240
-3.333300
-9.215700
-5.947700
-7.254900
-9.869300
-12.484000
-19.673000
-19.673000
-17.712000
-5.947700
-6.601300
-15.098000
-14.444000
-7.254900
-1.372500
-1.372500
0.588240
3.856200
7.777800
-2.679700
-7.908500
-6.601300
-9.215700
-5.294100
-3.986900
-3.986900
-3.333300
-2.026100
-0.065360
4.509800
1.241800
-3.333300
-3.986900
-0.065360
-1.372500
-5.294100
-7.908500
-9.869300
-1.372500
-0.718950
-5.294100
-3.986900
2.549000
4.509800
0.588240
-2.026100
3.202600
7.777800
7.777800
9.085000
17.582001
11.699000
6.470600
4.509800
3.202600
1.241800
-3.986900
-0.718950
5.817000
0.588240
1.241800
2.549000
3.202600
14.314000
16.275000
22.157000
16.275000
7.124200
9.738600
7.777800
4.509800
-0.718950
2.549000
6.470600
0.588240
-5.947700
-4.640500
0.588240
-0.065360
-3.333300
-4.640500
2.549000
3.202600
-2.679700
2.549000
-0.718950
-7.254900
-5.294100
-5.294100
-1.372500
-0.065360
-5.294100
-7.254900
-2.026100
-1.372500
-1.372500
-4.640500
3.856200
-7.254900
-20.980000
-20.327000
-17.712000
-9.215700
0.588240
2.549000
-8.562100
-14.444000
-9.215700
-3.333300
-5.294100
-10.523000
-3.333300
-7.254900
-15.752000
-16.405001
-16.405001
-16.405001
-13.791000
-13.791000
-15.752000
-12.484000
-3.333300
-2.679700
-0.718950
-2.026100
-2.026100
-5.294100
-6.601300
-1.372500
7.777800
1.895400
-8.562100
-11.176000
-11.830000
-13.137000
-9.215700
-15.752000
-17.712000
-9.869300
-11.176000
-12.484000
-7.908500
-5.294100
-3.986900
-2.026100
1.895400
4.509800
4.509800
-2.026100
-4.640500
-2.026100
-4.640500
-6.601300
-3.986900
-1.372500
1.241800
5.163400
5.163400
-0.718950
-0.065360
3.856200
9.738600
3.856200
3.856200
10.392000
9.738600
5.817000
4.509800
2.549000
-2.026100
-8.562100
-2.679700
-5.294100
-7.254900
-2.679700
3.856200
2.549000
5.163400
7.777800
14.314000
19.542000
16.927999
14.314000
11.046000
9.738600
9.085000
6.470600
13.007000
14.967000
13.007000
7.124200
3.856200
3.202600
-0.065360
1.241800
10.392000
5.163400
-4.640500
-3.333300
-0.718950
3.856200
4.509800
3.202600
5.163400
4.509800
-3.333300
-3.333300
-1.372500
3.202600
3.856200
9.738600
2.549000
-8.562100
-9.869300
-12.484000
-10.523000
-0.065360
-3.333300
-5.294100
1.895400
1.895400
-3.333300
-7.908500
-8.562100
-9.215700
-13.791000
-17.059000
-9.869300
-3.986900
-5.294100
-10.523000
-13.137000
-11.830000
-10.523000
-9.869300
-9.215700
-3.986900
0.588240
-3.333300
-4.640500
7.777800
4.509800
-0.065360
3.202600
7.124200
15.621000
11.699000
9.738600
15.621000
14.967000
14.314000
18.235001
19.542000
24.118000
18.235001
17.582001
19.542000
18.235001
14.314000
24.118000
24.771000
16.275000
13.007000
20.850000
20.195999
22.157000
17.582001
9.085000
6.470600
6.470600
7.124200
6.470600
3.856200
-0.065360
-4.640500
0.588240
1.895400
5.817000
5.817000
0.588240
5.817000
2.549000
-3.333300
-2.026100
-1.372500
3.202600
5.163400
3.202600
-0.718950
-2.679700
-0.065360
-0.065360
2.549000
-0.065360
-2.679700
0.588240
-3.333300
-7.908500
-11.176000
-11.176000
