-7.665100
-15.395000
-9.597400
-3.800300
-9.597400
-1.868000
-1.868000
-38.583000
-7.665100
15.523000
-5.732700
-7.665100
0.064410
15.523000
23.253000
5.861500
1.996800
9.726200
-7.665100
7.793900
13.591000
7.793900
-3.800300
-9.597400
-9.597400
-5.732700
5.861500
-3.800300
-13.462000
-11.530000
9.726200
13.591000
9.726200
-3.800300
-3.800300
1.996800
1.996800
3.929100
1.996800
-1.868000
15.523000
1.996800
-19.259001
5.861500
9.726200
17.455999
3.929100
-25.056000
-13.462000
11.659000
-1.868000
-7.665100
-15.395000
-32.785999
-11.530000
3.929100
3.929100
1.996800
-26.989000
-23.124001
0.064410
19.388000
7.793900
-13.462000
-15.395000
0.064410
7.793900
-3.800300
7.793900
7.793900
15.523000
7.793900
-5.732700
0.064410
23.253000
11.659000
5.861500
7.793900
3.929100
13.591000
1.996800
-1.868000
17.455999
21.320000
1.996800
-17.327000
-5.732700
9.726200
5.861500
-1.868000
3.929100
3.929100
11.659000
7.793900
1.996800
0.064410
-1.868000
-3.800300
7.793900
0.064410
1.996800
3.929100
17.455999
-1.868000
-3.800300
9.726200
-3.800300
-15.395000
-15.395000
3.929100
-7.665100
-15.395000
7.793900
-3.800300
-7.665100
11.659000
15.523000
-1.868000
3.929100
0.064410
-3.800300
5.861500
1.996800
0.064410
-15.395000
-34.717999
5.861500
7.793900
-7.665100
15.523000
17.455999
11.659000
3.929100
11.659000
9.726200
-3.800300
23.253000
19.388000
-13.462000
7.793900
9.726200
9.726200
9.726200
3.929100
-3.800300
3.929100
11.659000
9.726200
15.523000
11.659000
11.659000
-11.530000
-3.800300
7.793900
0.064410
-3.800300
0.064410
-9.597400
-3.800300
-1.868000
5.861500
1.996800
-19.259001
-17.327000
-11.530000
-5.732700
5.861500
-1.868000
-13.462000
-7.665100
-7.665100
-13.462000
-13.462000
-9.597400
-15.395000
-26.989000
-11.530000
-5.732700
-3.800300
-3.800300
19.388000
0.064410
1.996800
17.455999
11.659000
13.591000
15.523000
17.455999
13.591000
27.118000
21.320000
7.793900
11.659000
11.659000
7.793900
23.253000
21.320000
9.726200
7.793900
9.726200
0.064410
7.793900
9.726200
21.320000
5.861500
11.659000
17.455999
-1.868000
-1.868000
-5.732700
-1.868000
-7.665100
-9.597400
-17.327000
-5.732700
-5.732700
0.064410
-11.530000
-23.124001
-40.514999
-7.665100
-3.800300
-1.868000
-3.800300
-13.462000
-1.868000
19.388000
1.996800
-13.462000
-7.665100
3.929100
0.064410
-7.665100
-9.597400
-23.124001
-9.597400
1.996800
-11.530000
-9.597400
-11.530000
0.064410
3.929100
3.929100
5.861500
17.455999
30.982000
32.915001
30.982000
13.591000
-5.732700
13.591000
19.388000
0.064410
0.064410
5.861500
3.929100
9.726200
3.929100
0.064410
-1.868000
1.996800
0.064410
17.455999
9.726200
-17.327000
3.929100
-7.665100
-30.853001
-7.665100
-7.665100
-9.597400
-1.868000
0.064410
-17.327000
-11.530000
-3.800300
-15.395000
-19.259001
-36.651001
-11.530000
5.861500
-11.530000
-13.462000
-3.800300
-3.800300
-13.462000
-5.732700
-26.989000
-46.312000
-38.583000
-21.191999
-28.921000
-13.462000
-15.395000
-11.530000
13.591000
25.184999
3.929100
15.523000
15.523000
29.049999
27.118000
32.915001
30.982000
44.508999
48.374001
21.320000
25.184999
17.455999
23.253000
13.591000
-3.800300
-11.530000
-7.665100
-5.732700
0.064410
-3.800300
-13.462000
-13.462000
-13.462000
-11.530000
3.929100
-5.732700
-9.597400
5.861500
-5.732700
-21.191999
0.064410
5.861500
1.996800
5.861500
0.064410
-11.530000
3.929100
-1.868000
-21.191999
-21.191999
-15.395000
-28.921000
-30.853001
-13.462000
-9.597400
-21.191999
-25.056000
-26.989000
-3.800300
-1.868000
-7.665100
-7.665100
7.793900
7.793900
-1.868000
-3.800300
9.726200
13.591000
0.064410
5.861500
11.659000
0.064410
11.659000
11.659000
13.591000
11.659000
34.847000
27.118000
21.320000
38.712002
36.778999
27.118000
19.388000
30.982000
15.523000
17.455999
27.118000
1.996800
0.064410
23.253000
9.726200
11.659000
9.726200
7.793900
7.793900
7.793900
7.793900
5.861500
5.861500
5.861500
-5.732700
1.996800
-3.800300
-13.462000
-13.462000
0.064410
-9.597400
-15.395000
-9.597400
-11.530000
-11.530000
-11.530000
1.996800
0.064410
-15.395000
-34.717999
-15.395000
-3.800300
-9.597400
-9.597400
-11.530000
-25.056000
-7.665100
5.861500
-3.800300
3.929100
1.996800
-13.462000
-23.124001
-5.732700
9.726200
1.996800
-17.327000
0.064410
0.064410
-7.665100
3.929100
0.064410
-30.853001
-17.327000
-23.124001
-5.732700
-17.327000
-1.868000
17.455999
-1.868000
5.861500
-1.868000
5.861500
13.591000
19.388000
11.659000
3.929100
9.726200
23.253000
9.726200
3.929100
0.064410
0.064410
11.659000
7.793900
9.726200
1.996800
1.996800
0.064410
5.861500
5.861500
-7.665100
9.726200
9.726200
-7.665100
-3.800300
7.793900
-11.530000
-5.732700
5.861500
0.064410
-3.800300
0.064410
-9.597400
-19.259001
-5.732700
5.861500
-5.732700
-5.732700
-13.462000
-7.665100
-1.868000
5.861500
-1.868000
7.793900
13.591000
13.591000
3.929100
5.861500
21.320000
15.523000
-7.665100
0.064410
0.064410
0.064410
1.996800
0.064410
5.861500
-1.868000
-1.868000
-17.327000
0.064410
-1.868000
-13.462000
-5.732700
9.726200
-1.868000
0.064410
-9.597400
15.523000
19.388000
7.793900
9.726200
-5.732700
17.455999
7.793900
-7.665100
-5.732700
13.591000
17.455999
5.861500
-1.868000
-13.462000
11.659000
-7.665100
3.929100
13.591000
0.064410
5.861500
15.523000
9.726200
13.591000
0.064410
17.455999
23.253000
-5.732700
-5.732700
11.659000
5.861500
-17.327000
-15.395000
-1.868000
1.996800
-7.665100
-13.462000
5.861500
-3.800300
3.929100
5.861500
5.861500
5.861500
-11.530000
0.064410
0.064410
-5.732700
-5.732700
-7.665100
-3.800300
-9.597400
-5.732700
-13.462000
-23.124001
0.064410
-5.732700
-9.597400
-11.530000
-3.800300
5.861500
0.064410
-1.868000
13.591000
9.726200
5.861500
3.929100
-3.800300
1.996800
11.659000
3.929100
3.929100
3.929100
-15.395000
-17.327000
0.064410
-3.800300
1.996800
0.064410
7.793900
9.726200
9.726200
3.929100
-5.732700
-3.800300
3.929100
13.591000
13.591000
-11.530000
9.726200
11.659000
-5.732700
-13.462000
7.793900
9.726200
-3.800300
-7.665100
5.861500
-9.597400
-1.868000
1.996800
-21.191999
17.455999
23.253000
5.861500
-3.800300
-1.868000
7.793900
15.523000
-1.868000
5.861500
7.793900
-7.665100
-1.868000
7.793900
0.064410
7.793900
11.659000
11.659000
0.064410
3.929100
-7.665100
-13.462000
-5.732700
-9.597400
-19.259001
-7.665100
-11.530000
-17.327000
-23.124001
-30.853001
-30.853001
-17.327000
-11.530000
-28.921000
-28.921000
-11.530000
-19.259001
-23.124001
3.929100
15.523000
1.996800
17.455999
27.118000
30.982000
36.778999
44.508999
23.253000
11.659000
9.726200
19.388000
7.793900
23.253000
15.523000
5.861500
21.320000
11.659000
5.861500
19.388000
5.861500
0.064410
-13.462000
-15.395000
-7.665100
0.064410
-11.530000
-13.462000
5.861500
-7.665100
-9.597400
5.861500
1.996800
-3.800300
0.064410
-1.868000
9.726200
7.793900
-9.597400
-11.530000
5.861500
5.861500
-13.462000
-9.597400
-26.989000
-21.191999
-21.191999
-25.056000
-38.583000
-38.583000
-28.921000
-32.785999
-7.665100
13.591000
15.523000
13.591000
17.455999
9.726200
1.996800
11.659000
13.591000
21.320000
17.455999
13.591000
15.523000
11.659000
17.455999
23.253000
3.929100
1.996800
-1.868000
1.996800
3.929100
-7.665100
-7.665100
3.929100
-5.732700
-7.665100
-15.395000
-11.530000
-1.868000
-1.868000
-15.395000
3.929100
11.659000
-1.868000
-1.868000
13.591000
3.929100
-5.732700
-1.868000
-3.800300
5.861500
7.793900
-3.800300
-9.597400
3.929100
-1.868000
1.996800
-11.530000
-9.597400
21.320000
3.929100
-5.732700
-11.530000
-17.327000
7.793900
5.861500
-15.395000
-21.191999
25.184999
30.982000
23.253000
21.320000
32.915001
30.982000
3.929100
1.996800
0.064410
9.726200
19.388000
3.929100
-7.665100
19.388000
27.118000
-9.597400
-9.597400
9.726200
11.659000
-9.597400
-13.462000
-7.665100
-5.732700
-3.800300
-11.530000
-23.124001
3.929100
19.388000
13.591000
5.861500
11.659000
19.388000
11.659000
-3.800300
-3.800300
13.591000
5.861500
5.861500
1.996800
0.064410
3.929100
-15.395000
-17.327000
-19.259001
-7.665100
-9.597400
-15.395000
-15.395000
-5.732700
5.861500
9.726200
-11.530000
13.591000
15.523000
17.455999
17.455999
-3.800300
13.591000
11.659000
7.793900
0.064410
-9.597400
21.320000
29.049999
9.726200
-1.868000
0.064410
13.591000
3.929100
-15.395000
-25.056000
-15.395000
-7.665100
-7.665100
7.793900
-11.530000
-25.056000
-11.530000
3.929100
1.996800
0.064410
-9.597400
-28.921000
-19.259001
11.659000
9.726200
-1.868000
-5.732700
-13.462000
7.793900
9.726200
11.659000
7.793900
3.929100
19.388000
1.996800
-11.530000
-21.191999
0.064410
9.726200
0.064410
-15.395000
-15.395000
0.064410
11.659000
-3.800300
-19.259001
-13.462000
-13.462000
-11.530000
-13.462000
1.996800
11.659000
5.861500
0.064410
3.929100
-5.732700
11.659000
3.929100
-5.732700
-13.462000
-7.665100
15.523000
7.793900
-9.597400
-15.395000
-15.395000
3.929100
15.523000
-5.732700
-25.056000
-11.530000
7.793900
19.388000
7.793900
-5.732700
-9.597400
7.793900
17.455999
-3.800300
5.861500
5.861500
-9.597400
-21.191999
-3.800300
3.929100
3.929100
-9.597400
-21.191999
13.591000
9.726200
-3.800300
1.996800
13.591000
9.726200
-13.462000
1.996800
11.659000
1.996800
9.726200
7.793900
1.996800
3.929100
9.726200
-1.868000
-1.868000
7.793900
5.861500
0.064410
5.861500
-1.868000
5.861500
5.861500
7.793900
7.793900
25.184999
13.591000
17.455999
5.861500
-3.800300
-9.597400
5.861500
13.591000
3.929100
-1.868000
9.726200
-11.530000
11.659000
3.929100
-13.462000
1.996800
0.064410
9.726200
-7.665100
3.929100
7.793900
-11.530000
9.726200
11.659000
13.591000
9.726200
-5.732700
-3.800300
5.861500
11.659000
9.726200
0.064410
-7.665100
-9.597400
5.861500
1.996800
11.659000
1.996800
-7.665100
15.523000
1.996800
-15.395000
-7.665100
-9.597400
0.064410
0.064410
-17.327000
-17.327000
1.996800
11.659000
-25.056000
-9.597400
1.996800
9.726200
-21.191999
-5.732700
13.591000
1.996800
1.996800
17.455999
1.996800
5.861500
-1.868000
0.064410
3.929100
-21.191999
-13.462000
-15.395000
-9.597400
-5.732700
-9.597400
5.861500
0.064410
1.996800
-9.597400
-17.327000
-7.665100
0.064410
-9.597400
5.861500
-1.868000
-1.868000
-9.597400
-9.597400
-9.597400
-17.327000
-21.191999
-9.597400
1.996800
15.523000
17.455999
36.778999
19.388000
17.455999
15.523000
9.726200
3.929100
11.659000
5.861500
13.591000
