-3.921600
-5.882400
-7.843100
-3.921600
-5.882400
1.960800
0.000000
-29.412001
-3.921600
7.843100
-5.882400
-1.960800
-7.843100
-7.843100
9.803900
7.843100
9.803900
9.803900
-3.921600
9.803900
17.646999
15.686000
0.000000
-5.882400
0.000000
9.803900
13.725000
0.000000
-1.960800
0.000000
13.725000
13.725000
3.921600
-5.882400
-5.882400
0.000000
0.000000
-1.960800
-3.921600
0.000000
13.725000
0.000000
-13.725000
1.960800
7.843100
13.725000
9.803900
-9.803900
-11.765000
1.960800
0.000000
0.000000
-3.921600
-13.725000
-3.921600
0.000000
7.843100
1.960800
-17.646999
-21.569000
-13.725000
9.803900
13.725000
-3.921600
-7.843100
1.960800
7.843100
-1.960800
15.686000
9.803900
3.921600
5.882400
3.921600
0.000000
15.686000
7.843100
1.960800
3.921600
5.882400
9.803900
1.960800
0.000000
15.686000
7.843100
7.843100
-5.882400
-1.960800
11.765000
9.803900
-5.882400
-3.921600
1.960800
11.765000
5.882400
7.843100
3.921600
0.000000
-1.960800
5.882400
-7.843100
-3.921600
-1.960800
3.921600
-11.765000
-7.843100
-3.921600
-9.803900
-13.725000
-13.725000
5.882400
-5.882400
-7.843100
7.843100
3.921600
-7.843100
-3.921600
-5.882400
-25.490000
0.000000
-9.803900
-19.608000
-5.882400
-7.843100
9.803900
1.960800
-5.882400
17.646999
21.569000
7.843100
21.569000
1.960800
3.921600
9.803900
5.882400
11.765000
0.000000
15.686000
13.725000
-15.686000
0.000000
-1.960800
-1.960800
1.960800
-5.882400
-13.725000
-7.843100
9.803900
5.882400
3.921600
3.921600
3.921600
-1.960800
3.921600
7.843100
3.921600
1.960800
3.921600
-11.765000
-13.725000
1.960800
9.803900
-5.882400
-17.646999
-15.686000
-5.882400
0.000000
15.686000
-1.960800
-9.803900
-1.960800
-3.921600
1.960800
0.000000
3.921600
5.882400
0.000000
5.882400
0.000000
5.882400
9.803900
13.725000
3.921600
5.882400
7.843100
5.882400
1.960800
-1.960800
0.000000
1.960800
13.725000
13.725000
3.921600
5.882400
9.803900
9.803900
17.646999
17.646999
17.646999
13.725000
9.803900
1.960800
7.843100
1.960800
11.765000
1.960800
1.960800
5.882400
-7.843100
-11.765000
-9.803900
-7.843100
-13.725000
-13.725000
-19.608000
-9.803900
-5.882400
0.000000
-11.765000
-21.569000
-33.333000
-5.882400
-9.803900
-17.646999
-11.765000
-19.608000
-9.803900
13.725000
0.000000
-5.882400
-5.882400
5.882400
3.921600
-1.960800
-7.843100
-27.451000
-1.960800
13.725000
3.921600
9.803900
15.686000
25.490000
23.528999
21.569000
21.569000
29.412001
29.412001
25.490000
25.490000
3.921600
-1.960800
21.569000
17.646999
1.960800
3.921600
-1.960800
-11.765000
1.960800
0.000000
1.960800
-1.960800
-5.882400
-3.921600
7.843100
1.960800
-17.646999
1.960800
-25.490000
-35.293999
-3.921600
-11.765000
-23.528999
-49.020000
-7.843100
-3.921600
-15.686000
1.960800
-7.843100
5.882400
-13.725000
7.843100
21.569000
-1.960800
-1.960800
0.000000
-1.960800
-17.646999
-3.921600
-15.686000
-19.608000
-11.765000
3.921600
0.000000
13.725000
13.725000
15.686000
21.569000
25.490000
13.725000
19.608000
13.725000
25.490000
23.528999
23.528999
0.000000
9.803900
19.608000
1.960800
1.960800
-3.921600
15.686000
-5.882400
-13.725000
-11.765000
-33.333000
-3.921600
-1.960800
-9.803900
-5.882400
-11.765000
-13.725000
-5.882400
7.843100
-9.803900
0.000000
13.725000
-1.960800
-7.843100
11.765000
9.803900
5.882400
11.765000
0.000000
-15.686000
-1.960800
1.960800
-7.843100
-9.803900
-19.608000
-21.569000
-15.686000
-5.882400
1.960800
-33.333000
-9.803900
-5.882400
-29.412001
-1.960800
-3.921600
7.843100
31.372999
-27.451000
11.765000
29.412001
17.646999
33.333000
17.646999
23.528999
27.451000
19.608000
25.490000
27.451000
27.451000
13.725000
27.451000
21.569000
15.686000
23.528999
11.765000
9.803900
1.960800
-1.960800
9.803900
13.725000
0.000000
-11.765000
-7.843100
11.765000
-1.960800
7.843100
-5.882400
-7.843100
-29.412001
-7.843100
11.765000
7.843100
0.000000
0.000000
-17.646999
3.921600
13.725000
-9.803900
-9.803900
0.000000
3.921600
1.960800
-15.686000
-27.451000
-11.765000
3.921600
3.921600
-3.921600
-21.569000
-21.569000
-21.569000
5.882400
9.803900
-5.882400
1.960800
-17.646999
-1.960800
13.725000
15.686000
11.765000
21.569000
1.960800
-19.608000
-1.960800
19.608000
0.000000
-21.569000
3.921600
7.843100
7.843100
25.490000
13.725000
-19.608000
-1.960800
-1.960800
19.608000
-5.882400
0.000000
15.686000
-3.921600
-1.960800
1.960800
7.843100
1.960800
7.843100
7.843100
-7.843100
-9.803900
11.765000
0.000000
-5.882400
-5.882400
-11.765000
1.960800
9.803900
11.765000
7.843100
0.000000
0.000000
0.000000
3.921600
-13.725000
1.960800
9.803900
-9.803900
-5.882400
9.803900
-7.843100
-3.921600
-3.921600
-3.921600
-3.921600
1.960800
-7.843100
-11.765000
1.960800
7.843100
7.843100
7.843100
-1.960800
3.921600
-9.803900
-9.803900
-7.843100
-1.960800
0.000000
-9.803900
-13.725000
0.000000
17.646999
9.803900
-5.882400
1.960800
3.921600
-7.843100
5.882400
9.803900
11.765000
7.843100
3.921600
-1.960800
9.803900
5.882400
-19.608000
-21.569000
7.843100
0.000000
-1.960800
-13.725000
5.882400
1.960800
-1.960800
5.882400
-11.765000
5.882400
9.803900
3.921600
1.960800
9.803900
15.686000
9.803900
0.000000
-1.960800
15.686000
-1.960800
1.960800
1.960800
-35.293999
0.000000
23.528999
3.921600
9.803900
-1.960800
15.686000
23.528999
-3.921600
-3.921600
9.803900
11.765000
-7.843100
-21.569000
-3.921600
-7.843100
-39.216000
-25.490000
-5.882400
-9.803900
3.921600
0.000000
1.960800
1.960800
-11.765000
-3.921600
-1.960800
0.000000
-1.960800
-5.882400
7.843100
-7.843100
1.960800
1.960800
-27.451000
-21.569000
-3.921600
3.921600
0.000000
9.803900
13.725000
3.921600
0.000000
9.803900
13.725000
7.843100
-5.882400
-15.686000
0.000000
3.921600
1.960800
5.882400
5.882400
-43.137001
-23.528999
13.725000
-7.843100
-21.569000
-41.175999
23.528999
31.372999
-1.960800
9.803900
7.843100
11.765000
5.882400
0.000000
27.451000
11.765000
29.412001
23.528999
13.725000
7.843100
11.765000
19.608000
11.765000
7.843100
19.608000
3.921600
11.765000
9.803900
-3.921600
17.646999
1.960800
3.921600
-3.921600
-1.960800
-5.882400
15.686000
7.843100
1.960800
5.882400
-1.960800
-5.882400
7.843100
-17.646999
13.725000
1.960800
-33.333000
-5.882400
15.686000
9.803900
0.000000
0.000000
-17.646999
-19.608000
13.725000
3.921600
-9.803900
-1.960800
-3.921600
0.000000
7.843100
0.000000
1.960800
-23.528999
-1.960800
-5.882400
-21.569000
11.765000
21.569000
-1.960800
11.765000
13.725000
9.803900
-3.921600
21.569000
25.490000
13.725000
1.960800
-3.921600
-39.216000
-33.333000
19.608000
-9.803900
-17.646999
13.725000
-27.451000
-29.412001
1.960800
-70.587997
-5.882400
-19.608000
-13.725000
5.882400
9.803900
-3.921600
0.000000
-7.843100
23.528999
-21.569000
9.803900
41.175999
9.803900
11.765000
11.765000
5.882400
0.000000
1.960800
1.960800
-3.921600
-11.765000
-9.803900
-11.765000
-1.960800
7.843100
7.843100
-3.921600
3.921600
-3.921600
0.000000
15.686000
29.412001
23.528999
15.686000
19.608000
17.646999
11.765000
-21.569000
17.646999
31.372999
5.882400
5.882400
5.882400
3.921600
11.765000
13.725000
-3.921600
-5.882400
-7.843100
-3.921600
3.921600
-9.803900
-13.725000
0.000000
-64.706001
-41.175999
-41.175999
-60.784000
-105.879997
-7.843100
17.646999
9.803900
-29.412001
0.000000
37.255001
-3.921600
0.000000
-17.646999
21.569000
9.803900
-74.510002
41.175999
56.862999
3.921600
31.372999
11.765000
29.412001
5.882400
-3.921600
15.686000
17.646999
-7.843100
7.843100
27.451000
37.255001
29.412001
-3.921600
-5.882400
41.175999
31.372999
17.646999
-25.490000
0.000000
49.020000
5.882400
-29.412001
25.490000
29.412001
29.412001
-3.921600
0.000000
21.569000
29.412001
-7.843100
-7.843100
-15.686000
7.843100
7.843100
-1.960800
-17.646999
9.803900
13.725000
-11.765000
-9.803900
0.000000
-11.765000
5.882400
25.490000
15.686000
19.608000
11.765000
7.843100
-3.921600
1.960800
7.843100
11.765000
17.646999
-23.528999
-43.137001
-3.921600
3.921600
-17.646999
1.960800
7.843100
-11.765000
-15.686000
0.000000
3.921600
5.882400
-11.765000
9.803900
5.882400
7.843100
19.608000
-13.725000
-1.960800
7.843100
19.608000
-3.921600
-37.255001
-5.882400
21.569000
9.803900
5.882400
1.960800
15.686000
5.882400
-5.882400
-9.803900
0.000000
1.960800
-5.882400
7.843100
-3.921600
-21.569000
-5.882400
5.882400
-1.960800
0.000000
-7.843100
-23.528999
-19.608000
3.921600
15.686000
0.000000
0.000000
-11.765000
5.882400
13.725000
11.765000
0.000000
-7.843100
17.646999
9.803900
-3.921600
-11.765000
-1.960800
7.843100
1.960800
-11.765000
-5.882400
5.882400
3.921600
-3.921600
-11.765000
-9.803900
-15.686000
-7.843100
-9.803900
1.960800
3.921600
0.000000
3.921600
-1.960800
-9.803900
3.921600
-7.843100
-1.960800
-9.803900
-17.646999
5.882400
7.843100
-5.882400
-11.765000
-11.765000
1.960800
13.725000
0.000000
-9.803900
-7.843100
11.765000
21.569000
1.960800
-7.843100
-9.803900
5.882400
9.803900
-9.803900
-5.882400
-7.843100
-7.843100
-3.921600
-7.843100
-3.921600
3.921600
-1.960800
-25.490000
1.960800
-3.921600
-11.765000
-5.882400
7.843100
13.725000
-11.765000
11.765000
11.765000
-5.882400
15.686000
0.000000
-3.921600
11.765000
-7.843100
-11.765000
-5.882400
13.725000
5.882400
-9.803900
-7.843100
1.960800
21.569000
-19.608000
7.843100
31.372999
29.412001
13.725000
19.608000
25.490000
15.686000
7.843100
9.803900
13.725000
15.686000
9.803900
13.725000
-19.608000
-11.765000
-11.765000
-52.941002
-15.686000
15.686000
9.803900
-3.921600
-17.646999
-11.765000
-7.843100
33.333000
19.608000
15.686000
25.490000
0.000000
-13.725000
3.921600
-13.725000
-17.646999
-1.960800
-31.372999
-64.706001
-9.803900
0.000000
29.412001
-3.921600
-11.765000
33.333000
7.843100
-56.862999
7.843100
23.528999
-1.960800
5.882400
-11.765000
-43.137001
21.569000
39.216000
0.000000
17.646999
17.646999
31.372999
-11.765000
0.000000
21.569000
-31.372999
15.686000
52.941002
17.646999
21.569000
-9.803900
7.843100
15.686000
-19.608000
-1.960800
1.960800
5.882400
1.960800
-7.843100
-9.803900
-1.960800
15.686000
-31.372999
-25.490000
1.960800
29.412001
-7.843100
-25.490000
1.960800
-15.686000
-7.843100
33.333000
19.608000
-15.686000
-39.216000
9.803900
-1.960800
-31.372999
19.608000
66.667000
11.765000
-17.646999
-3.921600
31.372999
5.882400
15.686000
5.882400
21.569000
