-0.975610
-1.951200
0.000000
7.804900
11.707000
8.780500
4.878000
0.975610
-5.853700
-9.756100
-7.804900
-3.902400
-1.951200
3.902400
8.780500
4.878000
3.902400
5.853700
5.853700
5.853700
4.878000
4.878000
1.951200
-1.951200
0.000000
3.902400
8.780500
8.780500
2.926800
1.951200
3.902400
4.878000
1.951200
0.000000
0.000000
0.975610
-2.926800
-5.853700
-6.829300
-3.902400
1.951200
6.829300
5.853700
4.878000
1.951200
-4.878000
-6.829300
-8.780500
-13.659000
-12.683000
-11.707000
-4.878000
1.951200
4.878000
5.853700
1.951200
-0.975610
-2.926800
-4.878000
-8.780500
-15.610000
-16.584999
-13.659000
-11.707000
-4.878000
-3.902400
-4.878000
-4.878000
-4.878000
-5.853700
-6.829300
-4.878000
-5.853700
-6.829300
-5.853700
-4.878000
-2.926800
-3.902400
-1.951200
4.878000
6.829300
6.829300
9.756100
12.683000
14.634000
11.707000
10.732000
12.683000
14.634000
15.610000
14.634000
7.804900
2.926800
2.926800
-4.878000
-12.683000
-13.659000
-11.707000
-5.853700
4.878000
10.732000
9.756100
6.829300
2.926800
0.000000
-2.926800
-7.804900
-13.659000
-12.683000
-13.659000
-9.756100
-7.804900
-8.780500
-1.951200
0.975610
7.804900
12.683000
8.780500
5.853700
3.902400
2.926800
4.878000
0.000000
2.926800
4.878000
6.829300
6.829300
4.878000
3.902400
1.951200
3.902400
7.804900
12.683000
18.537001
17.561001
15.610000
14.634000
13.659000
15.610000
15.610000
15.610000
15.610000
17.561001
21.462999
21.462999
15.610000
12.683000
14.634000
15.610000
17.561001
15.610000
7.804900
1.951200
5.853700
-2.926800
-10.732000
-13.659000
-13.659000
-10.732000
-10.732000
-13.659000
-17.561001
-13.659000
-8.780500
-3.902400
-1.951200
-1.951200
-3.902400
-8.780500
-13.659000
-13.659000
-14.634000
-15.610000
-15.610000
-14.634000
-19.511999
-23.415001
-19.511999
-15.610000
-13.659000
-12.683000
-14.634000
-12.683000
-10.732000
-7.804900
-5.853700
-4.878000
2.926800
4.878000
0.975610
-3.902400
-9.756100
-10.732000
-5.853700
-0.975610
3.902400
10.732000
13.659000
16.584999
17.561001
12.683000
9.756100
8.780500
0.000000
-7.804900
-7.804900
-3.902400
-1.951200
-2.926800
-3.902400
0.000000
6.829300
10.732000
9.756100
8.780500
7.804900
7.804900
9.756100
8.780500
4.878000
7.804900
10.732000
3.902400
0.000000
-0.975610
-3.902400
-2.926800
-3.902400
-3.902400
-2.926800
-5.853700
-5.853700
-5.853700
-6.829300
-5.853700
-4.878000
-7.804900
-11.707000
-10.732000
-7.804900
-0.975610
-2.926800
-3.902400
5.853700
11.707000
13.659000
12.683000
9.756100
3.902400
2.926800
4.878000
4.878000
2.926800
0.000000
0.975610
4.878000
4.878000
3.902400
4.878000
4.878000
4.878000
2.926800
-0.975610
-1.951200
-0.975610
-1.951200
-0.975610
-0.975610
-1.951200
0.000000
8.780500
10.732000
6.829300
4.878000
0.975610
-1.951200
-5.853700
-5.853700
-12.683000
-22.438999
-17.561001
-11.707000
-10.732000
-6.829300
-1.951200
1.951200
3.902400
3.902400
2.926800
5.853700
7.804900
8.780500
7.804900
6.829300
3.902400
0.000000
0.000000
3.902400
6.829300
5.853700
4.878000
2.926800
3.902400
7.804900
3.902400
2.926800
2.926800
0.975610
0.975610
0.000000
-2.926800
-6.829300
-10.732000
-11.707000
-14.634000
-15.610000
-9.756100
-4.878000
0.000000
3.902400
9.756100
12.683000
9.756100
9.756100
7.804900
1.951200
4.878000
5.853700
3.902400
1.951200
3.902400
4.878000
6.829300
6.829300
6.829300
7.804900
4.878000
0.975610
-2.926800
-4.878000
-4.878000
-7.804900
-11.707000
-16.584999
-17.561001
-15.610000
-15.610000
-13.659000
-5.853700
-0.975610
1.951200
6.829300
8.780500
8.780500
9.756100
7.804900
1.951200
-0.975610
-1.951200
-4.878000
-7.804900
-5.853700
-3.902400
-3.902400
-2.926800
-0.975610
2.926800
4.878000
2.926800
3.902400
4.878000
10.732000
12.683000
9.756100
4.878000
5.853700
4.878000
4.878000
5.853700
0.975610
-2.926800
-4.878000
-6.829300
-1.951200
7.804900
11.707000
9.756100
3.902400
0.975610
0.000000
3.902400
0.000000
1.951200
3.902400
4.878000
5.853700
5.853700
8.780500
9.756100
5.853700
1.951200
-1.951200
-8.780500
-9.756100
-9.756100
-9.756100
-6.829300
-0.975610
6.829300
11.707000
12.683000
12.683000
10.732000
6.829300
-0.975610
-6.829300
-7.804900
-9.756100
-10.732000
-4.878000
1.951200
3.902400
5.853700
4.878000
4.878000
4.878000
4.878000
4.878000
2.926800
0.000000
-3.902400
-6.829300
-13.659000
-17.561001
-20.488001
-16.584999
-8.780500
0.000000
6.829300
7.804900
4.878000
0.975610
0.000000
6.829300
13.659000
17.561001
18.537001
14.634000
11.707000
9.756100
11.707000
5.853700
0.975610
0.975610
3.902400
7.804900
10.732000
8.780500
8.780500
8.780500
8.780500
5.853700
0.000000
-0.975610
-1.951200
-2.926800
1.951200
1.951200
1.951200
6.829300
8.780500
6.829300
-1.951200
-10.732000
-17.561001
-19.511999
-22.438999
-24.389999
-22.438999
-20.488001
-20.488001
-20.488001
-15.610000
-10.732000
-6.829300
-2.926800
-2.926800
-2.926800
-3.902400
-2.926800
-2.926800
-4.878000
-8.780500
-8.780500
-6.829300
-4.878000
-3.902400
-0.975610
0.975610
3.902400
4.878000
4.878000
9.756100
8.780500
7.804900
5.853700
6.829300
7.804900
2.926800
-0.975610
2.926800
1.951200
-0.975610
-0.975610
0.000000
-3.902400
-8.780500
-12.683000
-14.634000
-11.707000
-13.659000
-13.659000
-9.756100
-5.853700
-5.853700
-5.853700
-2.926800
1.951200
6.829300
7.804900
4.878000
1.951200
2.926800
2.926800
-3.902400
-3.902400
0.975610
3.902400
3.902400
7.804900
13.659000
19.511999
24.389999
20.488001
14.634000
14.634000
16.584999
15.610000
14.634000
11.707000
6.829300
5.853700
4.878000
3.902400
0.000000
-5.853700
-4.878000
0.975610
2.926800
1.951200
-0.975610
-5.853700
-5.853700
-7.804900
-10.732000
-9.756100
-16.584999
-22.438999
-26.341000
-22.438999
-11.707000
-4.878000
-2.926800
-0.975610
1.951200
2.926800
0.975610
-1.951200
-0.975610
-2.926800
-4.878000
-3.902400
-3.902400
-2.926800
-4.878000
-5.853700
-5.853700
-8.780500
-10.732000
-9.756100
-3.902400
-2.926800
0.000000
6.829300
7.804900
3.902400
2.926800
4.878000
5.853700
7.804900
8.780500
9.756100
12.683000
12.683000
9.756100
4.878000
3.902400
6.829300
7.804900
4.878000
3.902400
1.951200
-2.926800
-8.780500
-9.756100
-4.878000
0.000000
6.829300
12.683000
14.634000
8.780500
3.902400
0.975610
-4.878000
-8.780500
-11.707000
-13.659000
-8.780500
-4.878000
-3.902400
-4.878000
-2.926800
1.951200
3.902400
3.902400
1.951200
-3.902400
-4.878000
-3.902400
-4.878000
-4.878000
-2.926800
-2.926800
-6.829300
-10.732000
-12.683000
-10.732000
-7.804900
-0.975610
5.853700
10.732000
17.561001
20.488001
18.537001
15.610000
10.732000
2.926800
-2.926800
-3.902400
0.975610
2.926800
1.951200
5.853700
7.804900
7.804900
3.902400
1.951200
1.951200
1.951200
4.878000
7.804900
3.902400
4.878000
5.853700
5.853700
4.878000
1.951200
-2.926800
-1.951200
0.000000
0.975610
0.000000
-0.975610
2.926800
2.926800
0.975610
0.975610
0.000000
3.902400
5.853700
5.853700
7.804900
5.853700
4.878000
3.902400
6.829300
9.756100
8.780500
6.829300
4.878000
0.000000
-6.829300
-12.683000
-14.634000
-9.756100
-9.756100
-14.634000
-15.610000
-10.732000
-9.756100
-10.732000
-11.707000
-7.804900
-4.878000
-6.829300
-5.853700
-2.926800
-0.975610
0.975610
2.926800
1.951200
0.000000
1.951200
6.829300
7.804900
3.902400
1.951200
0.000000
0.975610
-0.975610
-4.878000
-6.829300
-4.878000
-1.951200
-2.926800
-5.853700
-2.926800
2.926800
5.853700
3.902400
2.926800
8.780500
9.756100
8.780500
5.853700
2.926800
-0.975610
-1.951200
-6.829300
-8.780500
-8.780500
-7.804900
-2.926800
-2.926800
-0.975610
0.975610
1.951200
2.926800
1.951200
1.951200
3.902400
4.878000
4.878000
8.780500
13.659000
17.561001
15.610000
13.659000
13.659000
12.683000
15.610000
15.610000
12.683000
9.756100
7.804900
5.853700
5.853700
3.902400
-4.878000
-10.732000
-10.732000
-9.756100
-2.926800
0.975610
-2.926800
-6.829300
-4.878000
-0.975610
-1.951200
-5.853700
-10.732000
-11.707000
-14.634000
-12.683000
-12.683000
-17.561001
-18.537001
-21.462999
-26.341000
-24.389999
-19.511999
-13.659000
-7.804900
-2.926800
4.878000
5.853700
4.878000
5.853700
4.878000
2.926800
3.902400
7.804900
10.732000
14.634000
13.659000
6.829300
2.926800
3.902400
6.829300
8.780500
7.804900
6.829300
2.926800
0.975610
3.902400
6.829300
0.975610
-1.951200
1.951200
0.975610
-2.926800
-1.951200
2.926800
1.951200
-0.975610
2.926800
9.756100
9.756100
4.878000
2.926800
3.902400
4.878000
6.829300
11.707000
10.732000
8.780500
8.780500
6.829300
0.975610
-4.878000
-7.804900
-6.829300
-1.951200
3.902400
5.853700
3.902400
3.902400
5.853700
1.951200
-4.878000
-8.780500
-9.756100
-10.732000
-9.756100
-4.878000
-3.902400
-1.951200
0.000000
0.975610
4.878000
4.878000
-1.951200
-3.902400
-1.951200
0.000000
1.951200
2.926800
2.926800
2.926800
1.951200
0.975610
1.951200
0.000000
-4.878000
-1.951200
0.975610
4.878000
2.926800
0.000000
-1.951200
-3.902400
-2.926800
0.000000
0.975610
0.000000
-2.926800
-3.902400
-2.926800
-1.951200
-2.926800
-3.902400
-7.804900
-12.683000
-11.707000
-9.756100
-7.804900
-4.878000
0.975610
-0.975610
-1.951200
0.000000
1.951200
4.878000
2.926800
-1.951200
-3.902400
-4.878000
-8.780500
-6.829300
-3.902400
-1.951200
-0.975610
-0.975610
-0.975610
0.975610
9.756100
15.610000
18.537001
22.438999
19.511999
16.584999
17.561001
18.537001
11.707000
6.829300
4.878000
0.975610
-1.951200
-3.902400
-6.829300
-6.829300
-7.804900
-6.829300
-0.975610
0.975610
-1.951200
-2.926800
1.951200
0.975610
-3.902400
-6.829300
-10.732000
-13.659000
-14.634000
-10.732000
-9.756100
-3.902400
5.853700
10.732000
12.683000
11.707000
6.829300
4.878000
3.902400
3.902400
3.902400
5.853700
6.829300
3.902400
-0.975610
-5.853700
-9.756100
-12.683000
-14.634000
-12.683000
-7.804900
-6.829300
-3.902400
-1.951200
-0.975610
-4.878000
-6.829300
-3.902400
-5.853700
-7.804900
-4.878000
-3.902400
-0.975610
0.975610
3.902400
0.975610
-1.951200
0.975610
7.804900
11.707000
9.756100
9.756100
11.707000
10.732000
6.829300
1.951200
-0.975610
-2.926800
-2.926800
-2.926800
-5.853700
-3.902400
0.975610
2.926800
3.902400
1.951200
6.829300
9.756100
6.829300
2.926800
-1.951200
-4.878000
-4.878000
-3.902400
0.975610
3.902400
2.926800
-1.951200
-6.829300
