2.769700
-0.128820
6.634500
11.465000
11.465000
6.634500
-6.892100
-13.655000
-10.757000
-5.925900
-7.858300
1.803500
14.364000
6.634500
-3.027400
-7.858300
-6.892100
-2.061200
-2.061200
-0.128820
6.634500
4.702100
-3.027400
-8.824500
-19.452000
-27.181999
-26.216000
-18.486000
-7.858300
-3.993600
-1.095000
5.668300
7.600600
9.533000
16.296000
24.025999
17.261999
9.533000
12.432000
17.261999
17.261999
9.533000
4.702100
4.702100
-1.095000
-11.723000
-10.757000
-4.959700
-1.095000
-1.095000
1.803500
4.702100
11.465000
13.398000
9.533000
5.668300
9.533000
12.432000
3.735900
2.769700
5.668300
0.837360
-0.128820
0.837360
-6.892100
-10.757000
-15.588000
-19.452000
-21.385000
-22.351000
-24.283001
-21.385000
-15.588000
-7.858300
-3.027400
0.837360
4.702100
-2.061200
-3.993600
1.803500
6.634500
4.702100
5.668300
7.600600
2.769700
-0.128820
-4.959700
-8.824500
-5.925900
-6.892100
-13.655000
-14.622000
-12.689000
-8.824500
-1.095000
5.668300
10.499000
13.398000
7.600600
5.668300
4.702100
4.702100
8.566800
8.566800
11.465000
10.499000
8.566800
-0.128820
-5.925900
-6.892100
-9.790700
-8.824500
-5.925900
-4.959700
3.735900
8.566800
7.600600
7.600600
7.600600
2.769700
4.702100
1.803500
-1.095000
3.735900
8.566800
5.668300
-1.095000
-7.858300
-12.689000
-8.824500
-9.790700
-3.993600
2.769700
3.735900
5.668300
6.634500
11.465000
10.499000
8.566800
6.634500
12.432000
9.533000
14.364000
13.398000
10.499000
4.702100
-1.095000
-1.095000
-6.892100
-11.723000
-12.689000
-13.655000
-15.588000
-6.892100
-2.061200
1.803500
2.769700
4.702100
12.432000
18.229000
16.296000
19.195000
18.229000
14.364000
12.432000
5.668300
-4.959700
-5.925900
-2.061200
-1.095000
-5.925900
-5.925900
-7.858300
-5.925900
-3.993600
-4.959700
3.735900
5.668300
4.702100
6.634500
5.668300
8.566800
10.499000
11.465000
6.634500
2.769700
2.769700
-0.128820
-4.959700
-5.925900
-2.061200
4.702100
3.735900
1.803500
-3.027400
-7.858300
-8.824500
-3.027400
1.803500
1.803500
2.769700
-3.027400
0.837360
6.634500
4.702100
-6.892100
1.803500
10.499000
-3.027400
-3.993600
-2.061200
-0.128820
0.837360
-3.993600
-9.790700
-10.757000
-6.892100
-2.061200
-3.027400
-3.993600
-10.757000
-10.757000
-4.959700
-2.061200
-1.095000
-0.128820
-0.128820
6.634500
2.769700
-0.128820
5.668300
0.837360
0.837360
5.668300
7.600600
7.600600
-0.128820
-8.824500
-3.993600
-3.993600
-4.959700
-0.128820
5.668300
3.735900
0.837360
-0.128820
0.837360
3.735900
8.566800
7.600600
3.735900
1.803500
-3.027400
-1.095000
-4.959700
-6.892100
-6.892100
-8.824500
-8.824500
-2.061200
5.668300
3.735900
-1.095000
-2.061200
-8.824500
-6.892100
-3.027400
-2.061200
-1.095000
-4.959700
-7.858300
-8.824500
-7.858300
-4.959700
-8.824500
-16.554001
-19.452000
-14.622000
-3.993600
1.803500
3.735900
7.600600
8.566800
3.735900
-2.061200
2.769700
5.668300
-0.128820
2.769700
3.735900
5.668300
1.803500
-12.689000
-14.622000
-12.689000
-15.588000
-14.622000
-12.689000
-6.892100
-1.095000
1.803500
2.769700
4.702100
3.735900
2.769700
13.398000
8.566800
7.600600
13.398000
9.533000
14.364000
18.229000
20.160999
21.127001
13.398000
9.533000
5.668300
5.668300
7.600600
9.533000
11.465000
6.634500
4.702100
7.600600
2.769700
5.668300
12.432000
6.634500
5.668300
6.634500
3.735900
2.769700
4.702100
1.803500
-1.095000
-2.061200
-3.993600
-8.824500
-5.925900
-6.892100
-5.925900
1.803500
6.634500
8.566800
8.566800
-1.095000
-6.892100
-3.993600
-0.128820
1.803500
-3.993600
-6.892100
-5.925900
-3.993600
-3.027400
-6.892100
-1.095000
-0.128820
-6.892100
-10.757000
-9.790700
-7.858300
-4.959700
-7.858300
-9.790700
-4.959700
-0.128820
0.837360
-2.061200
-4.959700
-2.061200
-3.027400
-6.892100
-10.757000
-8.824500
-3.027400
-1.095000
-6.892100
-4.959700
3.735900
1.803500
0.837360
1.803500
3.735900
-3.027400
-3.027400
-3.993600
-12.689000
-11.723000
-5.925900
1.803500
-3.993600
-7.858300
-0.128820
-5.925900
-4.959700
2.769700
5.668300
4.702100
10.499000
13.398000
12.432000
17.261999
13.398000
6.634500
7.600600
4.702100
-3.993600
-10.757000
-16.554001
-6.892100
-1.095000
-2.061200
2.769700
-0.128820
-3.993600
-3.027400
-5.925900
-0.128820
4.702100
0.837360
-6.892100
-7.858300
-3.993600
-8.824500
-11.723000
-14.622000
-9.790700
-15.588000
-12.689000
-3.027400
-1.095000
2.769700
8.566800
12.432000
4.702100
0.837360
2.769700
5.668300
5.668300
-2.061200
0.837360
2.769700
-0.128820
0.837360
-0.128820
1.803500
8.566800
10.499000
10.499000
7.600600
6.634500
7.600600
4.702100
5.668300
15.330000
14.364000
5.668300
-1.095000
-4.959700
-1.095000
-3.027400
-7.858300
-3.993600
-3.027400
-9.790700
-19.452000
-18.486000
-7.858300
-3.993600
-2.061200
3.735900
14.364000
19.195000
18.229000
12.432000
7.600600
6.634500
11.465000
6.634500
5.668300
10.499000
0.837360
-11.723000
-8.824500
-4.959700
-1.095000
-5.925900
-2.061200
1.803500
-1.095000
-1.095000
-3.027400
-1.095000
-2.061200
-3.993600
5.668300
4.702100
-2.061200
-6.892100
-8.824500
-8.824500
-9.790700
-6.892100
-9.790700
-5.925900
-6.892100
-1.095000
7.600600
9.533000
9.533000
5.668300
2.769700
4.702100
1.803500
7.600600
6.634500
0.837360
1.803500
0.837360
-0.128820
1.803500
3.735900
3.735900
5.668300
-3.027400
-5.925900
-6.892100
-3.993600
1.803500
-1.095000
0.837360
-1.095000
0.837360
1.803500
2.769700
6.634500
10.499000
5.668300
0.837360
-0.128820
-0.128820
-1.095000
-3.027400
-3.993600
-8.824500
-14.622000
-10.757000
-5.925900
-0.128820
1.803500
2.769700
-0.128820
3.735900
1.803500
1.803500
10.499000
15.330000
14.364000
13.398000
8.566800
7.600600
12.432000
6.634500
4.702100
4.702100
4.702100
4.702100
5.668300
9.533000
7.600600
1.803500
-1.095000
-3.993600
-5.925900
2.769700
1.803500
-8.824500
-13.655000
-17.520000
-8.824500
-4.959700
-1.095000
-3.993600
-13.655000
-7.858300
-2.061200
0.837360
6.634500
5.668300
6.634500
2.769700
-4.959700
-5.925900
-3.993600
-7.858300
-3.027400
2.769700
0.837360
-0.128820
-2.061200
-6.892100
-5.925900
-2.061200
5.668300
7.600600
2.769700
1.803500
0.837360
3.735900
6.634500
9.533000
5.668300
2.769700
1.803500
-0.128820
-1.095000
-1.095000
2.769700
4.702100
4.702100
3.735900
-0.128820
-2.061200
11.465000
17.261999
7.600600
1.803500
3.735900
4.702100
-2.061200
-4.959700
-3.993600
-8.824500
-6.892100
-5.925900
-3.993600
6.634500
2.769700
-6.892100
-2.061200
4.702100
9.533000
6.634500
-2.061200
-4.959700
-0.128820
3.735900
3.735900
0.837360
-3.027400
-4.959700
-3.993600
3.735900
7.600600
1.803500
4.702100
4.702100
7.600600
2.769700
-8.824500
-8.824500
-7.858300
-5.925900
-3.993600
-5.925900
-7.858300
-6.892100
-5.925900
-3.027400
-0.128820
-0.128820
-2.061200
-3.993600
1.803500
-0.128820
1.803500
5.668300
0.837360
-1.095000
-6.892100
-13.655000
-11.723000
-8.824500
-12.689000
-10.757000
-0.128820
3.735900
2.769700
-0.128820
5.668300
6.634500
7.600600
1.803500
-2.061200
-2.061200
-2.061200
-0.128820
-0.128820
0.837360
-4.959700
-1.095000
-0.128820
4.702100
9.533000
10.499000
11.465000
7.600600
6.634500
1.803500
1.803500
4.702100
5.668300
5.668300
6.634500
10.499000
1.803500
-10.757000
-6.892100
1.803500
2.769700
-3.993600
-7.858300
-8.824500
-14.622000
-8.824500
-1.095000
-3.993600
-3.027400
-1.095000
-3.993600
-0.128820
7.600600
0.837360
-3.027400
3.735900
2.769700
-1.095000
-3.993600
-1.095000
5.668300
6.634500
7.600600
4.702100
1.803500
2.769700
4.702100
2.769700
4.702100
-3.027400
-2.061200
-0.128820
2.769700
1.803500
0.837360
3.735900
2.769700
-3.993600
-4.959700
-7.858300
-7.858300
-7.858300
-9.790700
-4.959700
0.837360
1.803500
-0.128820
1.803500
4.702100
7.600600
11.465000
11.465000
11.465000
7.600600
-3.993600
-2.061200
-1.095000
-2.061200
-1.095000
0.837360
0.837360
-1.095000
-6.892100
-6.892100
4.702100
2.769700
5.668300
10.499000
3.735900
-3.993600
0.837360
2.769700
-0.128820
1.803500
0.837360
-0.128820
-2.061200
-8.824500
-12.689000
-11.723000
-3.993600
-0.128820
-6.892100
-3.027400
-0.128820
-2.061200
-5.925900
-2.061200
-1.095000
-3.027400
-2.061200
-2.061200
-0.128820
-9.790700
-12.689000
-10.757000
-10.757000
-3.027400
8.566800
14.364000
-2.061200
-3.027400
-2.061200
-2.061200
6.634500
14.364000
16.296000
10.499000
7.600600
8.566800
17.261999
21.127001
12.432000
4.702100
-3.027400
-4.959700
-2.061200
-3.027400
1.803500
2.769700
-1.095000
-2.061200
-3.027400
-2.061200
4.702100
12.432000
13.398000
-3.027400
-13.655000
-12.689000
-10.757000
-10.757000
-9.790700
-9.790700
-8.824500
-13.655000
-14.622000
-10.757000
-3.993600
2.769700
6.634500
6.634500
12.432000
19.195000
16.296000
5.668300
-2.061200
-8.824500
-5.925900
2.769700
3.735900
0.837360
0.837360
-3.027400
-6.892100
-5.925900
-3.993600
-3.027400
0.837360
3.735900
3.735900
-2.061200
-4.959700
-5.925900
-3.993600
-5.925900
-2.061200
1.803500
-0.128820
-3.993600
0.837360
0.837360
-3.993600
-3.993600
-3.993600
-5.925900
-5.925900
-1.095000
-1.095000
-4.959700
-9.790700
-7.858300
3.735900
10.499000
8.566800
7.600600
2.769700
2.769700
4.702100
7.600600
19.195000
14.364000
9.533000
8.566800
3.735900
-0.128820
1.803500
-1.095000
-1.095000
3.735900
0.837360
-2.061200
-4.959700
-2.061200
0.837360
-2.061200
-2.061200
-1.095000
-4.959700
-7.858300
-6.892100
-3.027400
0.837360
3.735900
-2.061200
-8.824500
-5.925900
-7.858300
-3.993600
1.803500
3.735900
8.566800
6.634500
14.364000
23.059999
14.364000
9.533000
5.668300
-0.128820
-3.027400
-3.027400
-2.061200
-5.925900
-13.655000
-10.757000
-6.892100
-9.790700
-8.824500
-7.858300
-2.061200
2.769700
5.668300
12.432000
20.160999
18.229000
15.330000
8.566800
-2.061200
-7.858300
-4.959700
-9.790700
-4.959700
-1.095000
-10.757000
-13.655000
-16.554001
-24.283001
-24.283001
-21.385000
-18.486000
-15.588000
-9.790700
-6.892100
1.803500
7.600600
0.837360
11.465000
24.025999
23.059999
9.533000
7.600600
16.296000
12.432000
5.668300
-3.993600
-9.790700
-9.790700
-7.858300
-6.892100
-4.959700
-3.027400
2.769700
7.600600
11.465000
11.465000
17.261999
10.499000
7.600600
13.398000
12.432000
7.600600
1.803500
3.735900
0.837360
-5.925900
-5.925900
-10.757000
-1.095000
2.769700
-0.128820
-3.027400
1.803500
7.600600
10.499000
