1.850100
8.548600
12.376000
14.290000
9.505600
-2.934600
-6.762400
1.850100
-4.848500
-3.891500
1.850100
0.893140
2.807000
-3.891500
6.634800
17.160999
-6.762400
-21.115999
-18.246000
-21.115999
3.764000
15.247000
-5.805400
-20.159000
-22.073000
-25.900999
-8.676200
9.505600
9.505600
12.376000
0.893140
-11.547000
-24.944000
-13.461000
12.376000
4.720900
-1.977700
2.807000
4.720900
3.764000
-1.977700
0.893140
20.989000
22.903000
16.204000
20.989000
22.903000
5.677800
-10.590000
19.075001
21.945999
18.118000
15.247000
5.677800
-14.418000
-34.514000
2.807000
21.945999
4.720900
-10.590000
-5.805400
6.634800
-8.676200
-34.514000
-2.934600
24.816999
10.463000
3.764000
4.720900
13.333000
-1.020700
8.548600
7.591700
15.247000
18.118000
4.720900
9.505600
-9.633200
-1.977700
4.720900
-1.977700
-1.020700
0.893140
0.893140
-10.590000
-13.461000
-3.891500
14.290000
10.463000
-7.719300
-7.719300
-1.977700
8.548600
20.032000
14.290000
-2.934600
-18.246000
-9.633200
18.118000
3.764000
-0.063800
10.463000
11.419000
9.505600
-1.977700
-5.805400
-4.848500
8.548600
14.290000
9.505600
-3.891500
-15.375000
-13.461000
-3.891500
14.290000
21.945999
10.463000
-3.891500
2.807000
-3.891500
-4.848500
4.720900
16.204000
10.463000
-8.676200
7.591700
9.505600
-13.461000
-4.848500
4.720900
-25.900999
-21.115999
6.634800
3.764000
-5.805400
-13.461000
-18.246000
-14.418000
-8.676200
4.720900
4.720900
0.893140
5.677800
-16.332001
-22.073000
4.720900
17.160999
15.247000
9.505600
-3.891500
-5.805400
-20.159000
-1.977700
7.591700
3.764000
-3.891500
-4.848500
-12.504000
-17.289000
-9.633200
-7.719300
11.419000
10.463000
0.893140
-5.805400
-13.461000
-12.504000
-1.020700
12.376000
7.591700
5.677800
-13.461000
-13.461000
-5.805400
-1.977700
4.720900
-1.977700
-13.461000
-12.504000
-15.375000
-22.073000
-1.977700
5.677800
-1.977700
-0.063800
2.807000
-0.063800
-1.020700
-9.633200
-17.289000
-5.805400
-6.762400
4.720900
4.720900
-1.020700
-8.676200
-4.848500
-6.762400
5.677800
16.204000
7.591700
-0.063800
-1.977700
-1.020700
-14.418000
-3.891500
15.247000
10.463000
-5.805400
-19.202999
-10.590000
17.160999
22.903000
1.850100
-3.891500
-7.719300
-3.891500
-6.762400
-3.891500
14.290000
14.290000
5.677800
-5.805400
-9.633200
-16.332001
10.463000
23.860001
14.290000
12.376000
10.463000
-20.159000
-21.115999
18.118000
19.075001
5.677800
-3.891500
-17.289000
-29.729000
-1.020700
22.903000
8.548600
3.764000
-12.504000
-2.934600
-8.676200
12.376000
16.204000
-3.891500
0.893140
9.505600
-2.934600
8.548600
24.816999
16.204000
15.247000
12.376000
8.548600
-5.805400
2.807000
22.903000
4.720900
-4.848500
6.634800
11.419000
-1.020700
-13.461000
-19.202999
-0.063800
7.591700
8.548600
14.290000
9.505600
-1.020700
-1.977700
-7.719300
-10.590000
4.720900
13.333000
13.333000
6.634800
-6.762400
-13.461000
-12.504000
8.548600
7.591700
11.419000
14.290000
-1.977700
-0.063800
-6.762400
-1.020700
22.903000
21.945999
0.893140
-23.987000
-31.643000
-1.977700
-11.547000
-9.633200
6.634800
-1.977700
-8.676200
-14.418000
3.764000
-4.848500
-4.848500
10.463000
-1.020700
-6.762400
-10.590000
-2.934600
-7.719300
17.160999
21.945999
13.333000
8.548600
6.634800
20.032000
19.075001
-1.977700
3.764000
26.730000
27.687000
16.204000
12.376000
9.505600
4.720900
-10.590000
-19.202999
-30.686001
-23.987000
-13.461000
-22.073000
1.850100
12.376000
-1.977700
0.893140
-1.977700
-1.977700
5.677800
6.634800
-12.504000
7.591700
20.032000
1.850100
-1.020700
-9.633200
-1.977700
-0.063800
11.419000
4.720900
-4.848500
-24.944000
-28.771999
-15.375000
-9.633200
-4.848500
-1.977700
10.463000
-13.461000
-2.934600
13.333000
-5.805400
-1.977700
9.505600
4.720900
-6.762400
10.463000
24.816999
3.764000
-1.977700
10.463000
10.463000
-1.977700
8.548600
-2.934600
-17.289000
-16.332001
-15.375000
-19.202999
-31.643000
-14.418000
1.850100
-7.719300
-9.633200
-8.676200
-17.289000
-9.633200
-10.590000
-15.375000
-7.719300
3.764000
10.463000
2.807000
-0.063800
-3.891500
1.850100
17.160999
25.774000
22.903000
-2.934600
-12.504000
0.893140
11.419000
27.687000
24.816999
-7.719300
-8.676200
-0.063800
5.677800
15.247000
12.376000
-15.375000
-28.771999
-16.332001
4.720900
10.463000
13.333000
0.893140
-1.977700
-1.020700
-2.934600
11.419000
18.118000
12.376000
18.118000
-0.063800
11.419000
14.290000
-6.762400
15.247000
9.505600
5.677800
2.807000
-2.934600
-2.934600
-4.848500
-1.977700
-8.676200
-31.643000
-6.762400
3.764000
-11.547000
-17.289000
-11.547000
-9.633200
-11.547000
5.677800
1.850100
-10.590000
-5.805400
11.419000
-2.934600
-1.020700
1.850100
-6.762400
-5.805400
6.634800
4.720900
5.677800
0.893140
-17.289000
-15.375000
6.634800
2.807000
-9.633200
-1.020700
-13.461000
-4.848500
4.720900
-4.848500
4.720900
-2.934600
-8.676200
12.376000
10.463000
-9.633200
-1.977700
-6.762400
-8.676200
11.419000
13.333000
1.850100
-4.848500
-7.719300
-8.676200
-1.020700
0.893140
7.591700
-16.332001
-10.590000
0.893140
3.764000
1.850100
-0.063800
-1.020700
6.634800
12.376000
-1.977700
3.764000
10.463000
-1.020700
6.634800
18.118000
0.893140
3.764000
12.376000
3.764000
-1.020700
-6.762400
-4.848500
-5.805400
-0.063800
13.333000
10.463000
8.548600
-1.977700
-20.159000
7.591700
16.204000
-2.934600
-1.977700
5.677800
3.764000
13.333000
17.160999
10.463000
5.677800
-8.676200
-23.030001
-11.547000
-1.020700
-4.848500
-6.762400
-6.762400
-6.762400
-20.159000
-1.020700
9.505600
3.764000
-1.020700
-11.547000
-14.418000
-3.891500
-1.977700
-1.977700
7.591700
9.505600
-7.719300
2.807000
5.677800
14.290000
4.720900
-5.805400
11.419000
21.945999
19.075001
11.419000
11.419000
14.290000
1.850100
-23.030001
-3.891500
-5.805400
-8.676200
4.720900
-11.547000
6.634800
17.160999
-7.719300
1.850100
2.807000
1.850100
12.376000
16.204000
7.591700
-4.848500
-2.934600
-13.461000
-12.504000
15.247000
11.419000
-6.762400
-30.686001
-2.934600
25.774000
23.860001
4.720900
9.505600
7.591700
-0.063800
4.720900
0.893140
20.032000
11.419000
-1.977700
4.720900
-21.115999
-13.461000
7.591700
-4.848500
-10.590000
-15.375000
-26.858000
-24.944000
-11.547000
-5.805400
-24.944000
-23.030001
-14.418000
-18.246000
-7.719300
-1.020700
-4.848500
-22.073000
-8.676200
-5.805400
-25.900999
-17.289000
-21.115999
-20.159000
-3.891500
6.634800
11.419000
1.850100
-21.115999
-26.858000
-4.848500
9.505600
3.764000
2.807000
-11.547000
-27.815001
-3.891500
10.463000
13.333000
17.160999
16.204000
4.720900
4.720900
26.730000
21.945999
15.247000
23.860001
36.299999
20.989000
29.601000
28.643999
12.376000
11.419000
14.290000
5.677800
-1.020700
20.989000
13.333000
-5.805400
1.850100
-4.848500
13.333000
11.419000
6.634800
-2.934600
-6.762400
-2.934600
1.850100
11.419000
10.463000
10.463000
3.764000
-7.719300
-13.461000
-6.762400
8.548600
5.677800
-8.676200
-14.418000
-10.590000
-18.246000
-8.676200
-2.934600
-15.375000
-17.289000
-23.987000
-4.848500
-3.891500
3.764000
4.720900
-5.805400
-9.633200
-26.858000
-13.461000
16.204000
0.893140
-3.891500
-0.063800
1.850100
-5.805400
-4.848500
7.591700
5.677800
7.591700
7.591700
-0.063800
10.463000
10.463000
14.290000
-0.063800
-6.762400
-8.676200
6.634800
12.376000
10.463000
9.505600
-0.063800
-14.418000
5.677800
25.774000
4.720900
1.850100
13.333000
0.893140
4.720900
-0.063800
-1.020700
9.505600
7.591700
-6.762400
-13.461000
-11.547000
-1.977700
5.677800
0.893140
8.548600
8.548600
4.720900
17.160999
13.333000
9.505600
4.720900
-14.418000
-5.805400
-5.805400
-4.848500
-3.891500
-4.848500
3.764000
-6.762400
-17.289000
-4.848500
4.720900
2.807000
1.850100
-3.891500
-5.805400
-8.676200
0.893140
9.505600
6.634800
-7.719300
-11.547000
-10.590000
-10.590000
8.548600
18.118000
-4.848500
-2.934600
-10.590000
-11.547000
2.807000
4.720900
-1.020700
11.419000
-8.676200
-9.633200
4.720900
12.376000
12.376000
-11.547000
-18.246000
14.290000
16.204000
7.591700
8.548600
7.591700
0.893140
-11.547000
2.807000
12.376000
12.376000
9.505600
-2.934600
-10.590000
-11.547000
4.720900
6.634800
19.075001
8.548600
-28.771999
2.807000
20.032000
4.720900
8.548600
5.677800
8.548600
-8.676200
-9.633200
15.247000
12.376000
-4.848500
-9.633200
-12.504000
-17.289000
-11.547000
-6.762400
2.807000
4.720900
-14.418000
-24.944000
-6.762400
11.419000
12.376000
5.677800
6.634800
20.032000
7.591700
-11.547000
18.118000
25.774000
2.807000
-12.504000
5.677800
6.634800
-20.159000
-7.719300
-8.676200
-9.633200
6.634800
-8.676200
-19.202999
-12.504000
-5.805400
-15.375000
-8.676200
-1.020700
-10.590000
6.634800
5.677800
-4.848500
2.807000
-1.020700
1.850100
18.118000
7.591700
1.850100
8.548600
-7.719300
14.290000
23.860001
9.505600
4.720900
8.548600
-5.805400
-21.115999
-9.633200
9.505600
7.591700
1.850100
-12.504000
-12.504000
-14.418000
-22.073000
-16.332001
3.764000
12.376000
12.376000
-13.461000
-36.426998
-14.418000
12.376000
-7.719300
-6.762400
7.591700
4.720900
-13.461000
-2.934600
17.160999
9.505600
7.591700
15.247000
4.720900
-6.762400
-5.805400
-0.063800
-1.977700
0.893140
11.419000
7.591700
7.591700
-6.762400
-3.891500
-0.063800
-13.461000
1.850100
20.989000
4.720900
-0.063800
3.764000
8.548600
-10.590000
-18.246000
7.591700
12.376000
-1.020700
3.764000
12.376000
-5.805400
-10.590000
17.160999
-0.063800
-8.676200
-3.891500
-1.977700
-0.063800
-7.719300
-4.848500
-0.063800
9.505600
0.893140
-29.729000
-35.470001
0.893140
-0.063800
-15.375000
2.807000
6.634800
-1.977700
-10.590000
-18.246000
-1.020700
-8.676200
-8.676200
11.419000
-1.977700
-3.891500
0.893140
26.730000
20.989000
-1.020700
4.720900
-9.633200
-10.590000
0.893140
1.850100
-0.063800
-4.848500
-4.848500
-3.891500
-0.063800
-3.891500
-20.159000
3.764000
5.677800
-4.848500
-6.762400
-3.891500
-3.891500
-9.633200
3.764000
13.333000
12.376000
-4.848500
-10.590000
-20.159000
-1.977700
18.118000
7.591700
2.807000
12.376000
-1.977700
-11.547000
17.160999
30.558001
20.032000
12.376000
10.463000
4.720900
-16.332001
1.850100
20.032000
1.850100
-13.461000
-1.020700
-12.504000
-13.461000
10.463000
-4.848500
-9.633200
8.548600
14.290000
3.764000
-2.934600
8.548600
6.634800
4.720900
20.032000
20.032000
7.591700
-14.418000
-18.246000
2.807000
17.160999
20.032000
-0.063800
0.893140
6.634800
10.463000
-5.805400
5.677800
30.558001
22.903000
15.247000
20.989000
11.419000
21.945999
