-15.292000
1.769400
-8.657200
-13.397000
-2.022100
-6.761500
-2.970000
-8.657200
-10.553000
-6.761500
-2.022100
4.613000
16.934999
1.769400
1.769400
-2.022100
-5.813600
-0.126380
6.508700
-0.126380
-7.709300
-0.126380
0.821480
10.300000
2.717200
-3.917900
5.560800
7.456600
7.456600
-2.022100
-7.709300
-12.449000
-10.553000
-5.813600
-5.813600
-12.449000
-17.188000
-2.022100
3.665100
7.456600
10.300000
1.769400
-2.970000
7.456600
-1.074200
-2.970000
0.821480
-1.074200
-0.126380
-9.605100
-2.970000
0.821480
-19.084000
-10.553000
-8.657200
-20.032000
-16.240000
-20.979000
-3.917900
-0.126380
-9.605100
-0.126380
2.717200
10.300000
0.821480
16.934999
15.987000
-7.709300
-17.188000
-18.136000
-7.709300
-2.970000
1.769400
-9.605100
-15.292000
-18.136000
-6.761500
-0.126380
-4.865700
-1.074200
4.613000
1.769400
3.665100
10.300000
-0.126380
-7.709300
-14.344000
-3.917900
-5.813600
-18.136000
-14.344000
-15.292000
-6.761500
-5.813600
-7.709300
-2.022100
11.248000
6.508700
-1.074200
2.717200
-4.865700
1.769400
23.570000
15.987000
0.821480
-0.126380
-1.074200
6.508700
6.508700
4.613000
13.144000
26.414000
33.049000
16.934999
15.987000
20.726999
15.039000
10.300000
2.717200
-5.813600
-1.074200
2.717200
-2.022100
-6.761500
-2.970000
-9.605100
-12.449000
-13.397000
-6.761500
-1.074200
-1.074200
-2.970000
-10.553000
-13.397000
-8.657200
-5.813600
-5.813600
5.560800
14.092000
7.456600
12.196000
13.144000
2.717200
2.717200
4.613000
-2.022100
7.456600
-1.074200
-3.917900
20.726999
13.144000
11.248000
-3.917900
-16.240000
-17.188000
-14.344000
-5.813600
5.560800
5.560800
4.613000
-0.126380
-2.022100
14.092000
12.196000
4.613000
6.508700
-2.970000
-11.501000
-0.126380
-16.240000
-16.240000
-9.605100
-2.970000
4.613000
6.508700
7.456600
15.987000
13.144000
15.039000
8.404400
2.717200
3.665100
4.613000
-12.449000
-13.397000
-8.657200
-2.022100
8.404400
-15.292000
-36.145000
-23.823000
-13.397000
-2.022100
1.769400
5.560800
9.352300
8.404400
3.665100
-0.126380
-3.917900
-1.074200
-8.657200
-20.032000
-17.188000
-13.397000
-10.553000
-4.865700
-1.074200
12.196000
4.613000
-1.074200
1.769400
4.613000
9.352300
13.144000
14.092000
3.665100
1.769400
15.987000
6.508700
9.352300
6.508700
6.508700
5.560800
6.508700
4.613000
6.508700
-2.970000
-1.074200
10.300000
-2.022100
-2.970000
-2.970000
-6.761500
-2.022100
0.821480
-0.126380
-1.074200
-2.022100
2.717200
-2.022100
-3.917900
1.769400
-1.074200
-3.917900
3.665100
7.456600
15.987000
4.613000
1.769400
-0.126380
1.769400
4.613000
0.821480
-14.344000
-18.136000
-8.657200
-2.022100
0.821480
15.039000
14.092000
15.039000
14.092000
15.987000
19.778999
1.769400
2.717200
7.456600
8.404400
12.196000
2.717200
-0.126380
-8.657200
-3.917900
4.613000
3.665100
5.560800
5.560800
-2.970000
-12.449000
-14.344000
-17.188000
-23.823000
-20.032000
-7.709300
3.665100
14.092000
15.987000
13.144000
8.404400
14.092000
15.039000
7.456600
-17.188000
-27.615000
-24.771000
-18.136000
-5.813600
1.769400
6.508700
5.560800
0.821480
-5.813600
-5.813600
-10.553000
-12.449000
-5.813600
-0.126380
-2.022100
-0.126380
-4.865700
-2.970000
12.196000
12.196000
2.717200
0.821480
1.769400
4.613000
4.613000
7.456600
0.821480
-1.074200
-2.970000
3.665100
8.404400
0.821480
-1.074200
-2.970000
-2.022100
-10.553000
-6.761500
-0.126380
5.560800
7.456600
2.717200
3.665100
-2.970000
-2.022100
-1.074200
-3.917900
-0.126380
-1.074200
-6.761500
-3.917900
3.665100
9.352300
9.352300
4.613000
-0.126380
-2.022100
-6.761500
-10.553000
-8.657200
-2.970000
-7.709300
-13.397000
-1.074200
-8.657200
-11.501000
-5.813600
-2.022100
0.821480
-8.657200
-15.292000
-14.344000
-10.553000
-10.553000
-5.813600
1.769400
10.300000
8.404400
-2.970000
-1.074200
5.560800
15.987000
8.404400
-0.126380
-3.917900
1.769400
15.039000
24.518000
8.404400
1.769400
3.665100
7.456600
5.560800
3.665100
5.560800
2.717200
3.665100
-3.917900
-5.813600
-6.761500
-3.917900
1.769400
3.665100
9.352300
13.144000
9.352300
10.300000
8.404400
2.717200
2.717200
-4.865700
-1.074200
5.560800
-2.022100
-2.022100
2.717200
1.769400
1.769400
-4.865700
-16.240000
-16.240000
-10.553000
-6.761500
-1.074200
-9.605100
-13.397000
-2.022100
6.508700
15.039000
14.092000
5.560800
0.821480
0.821480
-2.022100
2.717200
6.508700
7.456600
-0.126380
-2.970000
0.821480
6.508700
0.821480
-0.126380
0.821480
-1.074200
-2.022100
5.560800
7.456600
0.821480
-3.917900
5.560800
-0.126380
-2.022100
1.769400
-1.074200
-2.970000
1.769400
-6.761500
-5.813600
-4.865700
-4.865700
-0.126380
15.039000
8.404400
2.717200
9.352300
15.039000
12.196000
9.352300
4.613000
-0.126380
-11.501000
-11.501000
-17.188000
-10.553000
-1.074200
-0.126380
0.821480
-0.126380
8.404400
8.404400
4.613000
7.456600
2.717200
3.665100
12.196000
13.144000
9.352300
-0.126380
-3.917900
-4.865700
-9.605100
-16.240000
-9.605100
-3.917900
-3.917900
1.769400
1.769400
6.508700
16.934999
0.821480
-9.605100
-9.605100
-11.501000
5.560800
-9.605100
-17.188000
-6.761500
-4.865700
-5.813600
-3.917900
-4.865700
-1.074200
-1.074200
-0.126380
1.769400
0.821480
-1.074200
7.456600
-2.022100
-11.501000
-7.709300
-3.917900
0.821480
-1.074200
8.404400
-2.970000
-9.605100
7.456600
3.665100
2.717200
8.404400
4.613000
5.560800
-2.022100
-3.917900
-1.074200
-2.970000
-2.970000
1.769400
0.821480
3.665100
14.092000
0.821480
-3.917900
4.613000
3.665100
4.613000
5.560800
-0.126380
3.665100
-2.970000
-6.761500
-4.865700
-7.709300
-4.865700
-3.917900
0.821480
6.508700
10.300000
14.092000
8.404400
5.560800
-0.126380
-3.917900
-3.917900
-4.865700
-1.074200
-11.501000
-20.032000
-14.344000
-14.344000
-3.917900
-8.657200
-2.970000
0.821480
-1.074200
6.508700
15.039000
15.987000
13.144000
14.092000
20.726999
16.934999
-2.022100
-5.813600
-4.865700
-3.917900
-0.126380
-6.761500
-2.970000
1.769400
-0.126380
-0.126380
1.769400
9.352300
7.456600
3.665100
3.665100
6.508700
3.665100
-1.074200
-1.074200
2.717200
5.560800
9.352300
-2.022100
-7.709300
-4.865700
-9.605100
-13.397000
-13.397000
-11.501000
-11.501000
-5.813600
9.352300
16.934999
15.039000
15.039000
20.726999
15.987000
4.613000
-7.709300
-9.605100
-2.970000
-13.397000
-12.449000
-6.761500
-5.813600
-0.126380
5.560800
7.456600
7.456600
13.144000
18.830999
10.300000
-0.126380
-6.761500
-10.553000
-13.397000
-20.979000
-19.084000
-9.605100
-2.022100
3.665100
10.300000
13.144000
12.196000
13.144000
15.039000
13.144000
11.248000
10.300000
9.352300
-6.761500
-19.084000
-27.615000
-25.719000
-14.344000
-11.501000
-7.709300
2.717200
14.092000
8.404400
2.717200
3.665100
3.665100
-1.074200
1.769400
-0.126380
-1.074200
-5.813600
-11.501000
-10.553000
-8.657200
-16.240000
-21.927000
-16.240000
-13.397000
-8.657200
2.717200
8.404400
6.508700
5.560800
8.404400
5.560800
10.300000
10.300000
5.560800
8.404400
4.613000
2.717200
2.717200
5.560800
0.821480
-2.022100
5.560800
4.613000
-8.657200
-2.970000
5.560800
10.300000
15.039000
16.934999
22.622000
19.778999
15.039000
15.039000
8.404400
8.404400
7.456600
2.717200
-2.970000
-7.709300
-17.188000
-18.136000
-21.927000
-22.875000
-14.344000
-6.761500
4.613000
6.508700
1.769400
0.821480
0.821480
8.404400
9.352300
12.196000
13.144000
12.196000
7.456600
2.717200
2.717200
-5.813600
-8.657200
-7.709300
-14.344000
-13.397000
-8.657200
0.821480
1.769400
7.456600
16.934999
15.039000
11.248000
10.300000
4.613000
1.769400
-7.709300
-17.188000
-17.188000
-9.605100
-5.813600
-0.126380
2.717200
12.196000
19.778999
11.248000
5.560800
12.196000
10.300000
1.769400
-5.813600
-8.657200
-17.188000
-21.927000
-18.136000
-15.292000
-12.449000
-0.126380
11.248000
17.882999
15.987000
15.987000
15.987000
14.092000
11.248000
7.456600
-1.074200
-5.813600
-10.553000
-4.865700
-10.553000
-15.292000
-11.501000
-11.501000
-7.709300
-2.022100
1.769400
-2.022100
-4.865700
-3.917900
-4.865700
-3.917900
-8.657200
-10.553000
-12.449000
-9.605100
-8.657200
-1.074200
1.769400
-0.126380
4.613000
7.456600
2.717200
-1.074200
-1.074200
-2.970000
-6.761500
-4.865700
-5.813600
-4.865700
-0.126380
6.508700
13.144000
11.248000
11.248000
7.456600
-1.074200
-8.657200
-8.657200
-8.657200
-16.240000
-13.397000
-2.970000
0.821480
2.717200
6.508700
12.196000
14.092000
11.248000
3.665100
1.769400
2.717200
2.717200
3.665100
4.613000
-0.126380
-2.022100
-3.917900
3.665100
5.560800
-2.970000
-2.970000
-3.917900
-5.813600
-7.709300
-8.657200
-8.657200
-5.813600
-2.022100
2.717200
8.404400
10.300000
16.934999
14.092000
7.456600
4.613000
-2.022100
-5.813600
-1.074200
-1.074200
0.821480
2.717200
-2.970000
-4.865700
-0.126380
1.769400
1.769400
4.613000
5.560800
5.560800
2.717200
1.769400
4.613000
5.560800
1.769400
0.821480
4.613000
11.248000
2.717200
-0.126380
1.769400
-2.022100
-4.865700
-5.813600
-3.917900
-2.970000
-5.813600
-3.917900
-0.126380
3.665100
14.092000
15.039000
11.248000
10.300000
11.248000
10.300000
9.352300
6.508700
-2.022100
-2.022100
-1.074200
-2.970000
-7.709300
-8.657200
-10.553000
-2.970000
5.560800
7.456600
11.248000
9.352300
-0.126380
-5.813600
-7.709300
-8.657200
-12.449000
-10.553000
-12.449000
-14.344000
-15.292000
-13.397000
-13.397000
-12.449000
-5.813600
-1.074200
3.665100
4.613000
-2.022100
-2.970000
-1.074200
3.665100
2.717200
1.769400
5.560800
6.508700
13.144000
17.882999
17.882999
18.830999
15.987000
14.092000
8.404400
4.613000
5.560800
4.613000
5.560800
6.508700
-3.917900
-12.449000
-15.292000
-17.188000
-14.344000
-9.605100
-5.813600
-2.022100
1.769400
5.560800
9.352300
9.352300
0.821480
0.821480
4.613000
5.560800
-4.865700
-16.240000
-20.979000
-26.667000
-29.510000
-23.823000
-16.240000
-12.449000
-9.605100
-2.970000
3.665100
12.196000
12.196000
13.144000
17.882999
19.778999
19.778999
9.352300
-3.917900
-13.397000
-19.084000
-25.719000
-28.562000
-26.667000
-18.136000
-8.657200
2.717200
10.300000
16.934999
15.987000
14.092000
12.196000
13.144000
10.300000
2.717200
-0.126380
-4.865700
-7.709300
-14.344000
-20.979000
-17.188000
-11.501000
-5.813600
2.717200
8.404400
11.248000
13.144000
15.039000
9.352300
8.404400
19.778999
18.830999
15.987000
14.092000
10.300000
3.665100
-2.022100
-5.813600
-6.761500
-12.449000
-18.136000
-16.240000
-9.605100
-0.126380
3.665100
9.352300
11.248000
