-15.920000
-10.945000
-13.930000
-13.930000
-6.965200
-6.965200
-4.975100
-0.995020
0.995020
2.985100
1.990000
3.980100
7.960200
7.960200
2.985100
-0.995020
-2.985100
-4.975100
-5.970100
-8.955200
-10.945000
-8.955200
-8.955200
-10.945000
-11.940000
-8.955200
0.000000
5.970100
2.985100
0.000000
-1.990000
0.000000
2.985100
1.990000
1.990000
-5.970100
-11.940000
-9.950200
-8.955200
-7.960200
-5.970100
-7.960200
-7.960200
-5.970100
-3.980100
0.000000
2.985100
-0.995020
-1.990000
-2.985100
-0.995020
7.960200
5.970100
8.955200
-0.995020
-13.930000
-17.910000
-18.905001
-15.920000
-13.930000
-13.930000
-5.970100
0.995020
1.990000
-2.985100
0.000000
-3.980100
-12.935000
-7.960200
1.990000
3.980100
2.985100
3.980100
0.000000
-0.995020
-0.995020
1.990000
1.990000
0.995020
-0.995020
0.000000
1.990000
3.980100
1.990000
-5.970100
-9.950200
-11.940000
-3.980100
-4.975100
-10.945000
-7.960200
-5.970100
-1.990000
0.000000
1.990000
0.995020
-2.985100
-2.985100
-5.970100
-8.955200
-11.940000
-11.940000
-7.960200
-7.960200
-12.935000
-14.925000
-10.945000
-3.980100
0.000000
2.985100
9.950200
18.905001
27.861000
34.826000
40.796001
40.796001
29.851000
16.915001
9.950200
4.975100
-2.985100
-5.970100
-7.960200
-6.965200
-3.980100
-5.970100
-10.945000
-9.950200
-3.980100
0.995020
6.965200
7.960200
7.960200
7.960200
6.965200
2.985100
1.990000
3.980100
12.935000
12.935000
12.935000
11.940000
7.960200
5.970100
2.985100
0.000000
2.985100
0.995020
0.000000
5.970100
9.950200
11.940000
1.990000
-6.965200
-9.950200
-6.965200
-2.985100
-2.985100
-3.980100
-5.970100
-3.980100
-4.975100
-0.995020
0.000000
-0.995020
-1.990000
-4.975100
-4.975100
-2.985100
-13.930000
-19.900000
-17.910000
-13.930000
-10.945000
-8.955200
-2.985100
-0.995020
1.990000
2.985100
1.990000
0.995020
1.990000
3.980100
-1.990000
-3.980100
-4.975100
-2.985100
-3.980100
-13.930000
-22.886000
-19.900000
-15.920000
-10.945000
-9.950200
-5.970100
-1.990000
3.980100
7.960200
11.940000
10.945000
8.955200
3.980100
0.995020
-3.980100
-6.965200
-8.955200
-7.960200
-4.975100
-1.990000
-1.990000
-3.980100
-5.970100
-1.990000
2.985100
4.975100
7.960200
6.965200
11.940000
20.896000
22.886000
24.875999
23.881001
22.886000
16.915001
12.935000
9.950200
7.960200
-2.985100
-6.965200
-3.980100
-1.990000
4.975100
4.975100
2.985100
4.975100
3.980100
0.995020
0.000000
-0.995020
0.000000
0.995020
1.990000
3.980100
-1.990000
-3.980100
2.985100
6.965200
7.960200
3.980100
1.990000
-1.990000
-3.980100
-2.985100
-1.990000
-1.990000
-3.980100
-0.995020
0.995020
1.990000
6.965200
4.975100
1.990000
2.985100
4.975100
5.970100
3.980100
3.980100
2.985100
2.985100
3.980100
0.995020
0.000000
-2.985100
-2.985100
0.995020
-0.995020
-1.990000
-4.975100
-6.965200
-11.940000
-15.920000
-15.920000
-14.925000
-9.950200
-4.975100
0.995020
6.965200
11.940000
11.940000
6.965200
6.965200
3.980100
1.990000
-0.995020
1.990000
3.980100
4.975100
3.980100
4.975100
4.975100
1.990000
-0.995020
-5.970100
-2.985100
-4.975100
-6.965200
-5.970100
-2.985100
0.995020
5.970100
4.975100
7.960200
8.955200
8.955200
0.995020
-5.970100
-10.945000
-12.935000
-11.940000
-8.955200
-9.950200
-5.970100
1.990000
4.975100
3.980100
-0.995020
-6.965200
-7.960200
-4.975100
-4.975100
1.990000
9.950200
10.945000
8.955200
7.960200
10.945000
9.950200
5.970100
-1.990000
-6.965200
-7.960200
-6.965200
-5.970100
-1.990000
3.980100
6.965200
4.975100
3.980100
1.990000
0.000000
-1.990000
-3.980100
-6.965200
-10.945000
-11.940000
-12.935000
-8.955200
-8.955200
-8.955200
-9.950200
-8.955200
-7.960200
-8.955200
-11.940000
-10.945000
-6.965200
-5.970100
-0.995020
3.980100
8.955200
6.965200
1.990000
2.985100
4.975100
7.960200
4.975100
-0.995020
-2.985100
1.990000
8.955200
11.940000
7.960200
6.965200
9.950200
9.950200
7.960200
5.970100
2.985100
0.995020
1.990000
2.985100
1.990000
-3.980100
-2.985100
1.990000
3.980100
4.975100
3.980100
3.980100
5.970100
4.975100
5.970100
7.960200
4.975100
7.960200
8.955200
1.990000
-4.975100
-8.955200
-10.945000
-11.940000
-16.915001
-19.900000
-15.920000
-9.950200
-5.970100
0.000000
0.995020
0.995020
6.965200
12.935000
12.935000
9.950200
3.980100
0.995020
0.000000
-1.990000
-0.995020
2.985100
2.985100
-2.985100
-2.985100
1.990000
5.970100
6.965200
6.965200
3.980100
4.975100
6.965200
7.960200
3.980100
-3.980100
-11.940000
-5.970100
-1.990000
-2.985100
0.995020
4.975100
7.960200
8.955200
6.965200
5.970100
2.985100
1.990000
4.975100
6.965200
7.960200
4.975100
3.980100
4.975100
3.980100
5.970100
8.955200
9.950200
2.985100
-2.985100
-11.940000
-10.945000
-3.980100
-3.980100
-5.970100
-4.975100
-2.985100
-0.995020
3.980100
8.955200
10.945000
10.945000
13.930000
13.930000
10.945000
0.995020
-6.965200
-7.960200
-7.960200
-12.935000
-10.945000
-8.955200
-7.960200
-3.980100
-1.990000
0.995020
2.985100
-0.995020
-0.995020
-4.975100
-9.950200
-10.945000
-20.896000
-24.875999
-21.891001
-21.891001
-20.896000
-16.915001
-9.950200
0.995020
8.955200
13.930000
16.915001
14.925000
6.965200
4.975100
3.980100
-1.990000
-3.980100
-6.965200
-7.960200
-10.945000
-7.960200
-10.945000
-9.950200
-1.990000
0.995020
6.965200
15.920000
16.915001
12.935000
5.970100
0.000000
-0.995020
-1.990000
1.990000
7.960200
4.975100
-0.995020
-3.980100
-9.950200
-9.950200
-6.965200
-8.955200
-7.960200
-1.990000
0.995020
4.975100
8.955200
8.955200
7.960200
2.985100
2.985100
3.980100
5.970100
8.955200
10.945000
10.945000
6.965200
1.990000
-1.990000
-0.995020
0.000000
0.000000
1.990000
-2.985100
-9.950200
-6.965200
-7.960200
-6.965200
-9.950200
-5.970100
-0.995020
1.990000
9.950200
16.915001
17.910000
16.915001
15.920000
11.940000
8.955200
0.000000
-4.975100
-8.955200
-8.955200
-9.950200
-13.930000
-12.935000
-7.960200
-2.985100
2.985100
3.980100
5.970100
7.960200
8.955200
14.925000
17.910000
17.910000
15.920000
12.935000
7.960200
6.965200
2.985100
-6.965200
-14.925000
-17.910000
-16.915001
-11.940000
-7.960200
-2.985100
-1.990000
0.000000
7.960200
7.960200
4.975100
5.970100
6.965200
1.990000
-4.975100
-12.935000
-12.935000
-10.945000
-12.935000
-7.960200
-3.980100
-4.975100
0.000000
3.980100
3.980100
5.970100
13.930000
20.896000
19.900000
12.935000
2.985100
-2.985100
-4.975100
-4.975100
-1.990000
-1.990000
-5.970100
-8.955200
-8.955200
-7.960200
-6.965200
-2.985100
2.985100
4.975100
8.955200
9.950200
9.950200
4.975100
1.990000
-4.975100
-10.945000
-10.945000
-8.955200
-5.970100
-0.995020
1.990000
-0.995020
-4.975100
-7.960200
-8.955200
-9.950200
-7.960200
-4.975100
-3.980100
-5.970100
-6.965200
-2.985100
-1.990000
-3.980100
-5.970100
-5.970100
-2.985100
3.980100
12.935000
17.910000
12.935000
8.955200
8.955200
5.970100
6.965200
6.965200
3.980100
2.985100
0.000000
0.000000
1.990000
3.980100
4.975100
6.965200
13.930000
11.940000
2.985100
2.985100
2.985100
4.975100
6.965200
7.960200
8.955200
4.975100
0.995020
0.000000
-1.990000
0.000000
3.980100
2.985100
-1.990000
-3.980100
-11.940000
-15.920000
-19.900000
-17.910000
-11.940000
-8.955200
-6.965200
-6.965200
-7.960200
-7.960200
-5.970100
1.990000
7.960200
9.950200
12.935000
11.940000
9.950200
9.950200
11.940000
5.970100
0.995020
-6.965200
-12.935000
-10.945000
-9.950200
-6.965200
-6.965200
-4.975100
0.995020
3.980100
6.965200
13.930000
11.940000
5.970100
0.000000
-1.990000
0.000000
3.980100
4.975100
3.980100
2.985100
6.965200
8.955200
1.990000
0.995020
8.955200
8.955200
3.980100
-4.975100
-8.955200
-10.945000
-12.935000
-9.950200
-4.975100
-0.995020
6.965200
12.935000
14.925000
12.935000
10.945000
3.980100
-0.995020
-1.990000
-0.995020
-1.990000
0.000000
-1.990000
-2.985100
-6.965200
-11.940000
-11.940000
-8.955200
-4.975100
0.000000
1.990000
-2.985100
-3.980100
0.000000
3.980100
3.980100
0.000000
-3.980100
-5.970100
-5.970100
-5.970100
-1.990000
2.985100
0.995020
-0.995020
-1.990000
-4.975100
-6.965200
-4.975100
-3.980100
-5.970100
-5.970100
-7.960200
-5.970100
1.990000
9.950200
16.915001
14.925000
11.940000
7.960200
0.995020
-5.970100
-7.960200
-10.945000
-13.930000
-11.940000
-5.970100
-1.990000
0.995020
5.970100
9.950200
10.945000
9.950200
6.965200
5.970100
4.975100
4.975100
2.985100
0.995020
-2.985100
-9.950200
-16.915001
-13.930000
-6.965200
-7.960200
-5.970100
-4.975100
-5.970100
-3.980100
0.995020
0.995020
1.990000
4.975100
9.950200
13.930000
12.935000
15.920000
10.945000
1.990000
-2.985100
-8.955200
-11.940000
-10.945000
-9.950200
-5.970100
-0.995020
0.000000
2.985100
10.945000
19.900000
24.875999
28.856001
26.865999
20.896000
13.930000
9.950200
7.960200
0.995020
-8.955200
-11.940000
-8.955200
-4.975100
-9.950200
-11.940000
-9.950200
-8.955200
-5.970100
-0.995020
4.975100
9.950200
7.960200
5.970100
8.955200
13.930000
19.900000
20.896000
17.910000
8.955200
2.985100
-3.980100
-7.960200
-8.955200
-10.945000
-9.950200
-6.965200
-4.975100
-2.985100
-0.995020
0.000000
5.970100
8.955200
9.950200
13.930000
12.935000
6.965200
1.990000
-2.985100
-3.980100
-2.985100
-1.990000
-3.980100
-8.955200
-12.935000
-11.940000
-9.950200
-4.975100
0.995020
1.990000
4.975100
2.985100
-4.975100
-3.980100
0.000000
4.975100
4.975100
5.970100
6.965200
6.965200
9.950200
14.925000
12.935000
8.955200
1.990000
0.000000
-1.990000
-1.990000
2.985100
5.970100
8.955200
7.960200
-0.995020
-7.960200
-10.945000
-13.930000
-12.935000
-11.940000
-8.955200
-5.970100
-3.980100
-4.975100
-6.965200
-7.960200
-10.945000
-6.965200
-2.985100
-2.985100
-5.970100
-11.940000
-16.915001
-18.905001
-15.920000
-9.950200
-9.950200
-14.925000
-13.930000
-6.965200
0.000000
3.980100
4.975100
9.950200
12.935000
8.955200
5.970100
2.985100
-2.985100
-7.960200
-12.935000
-21.891001
-24.875999
-20.896000
-8.955200
2.985100
10.945000
11.940000
11.940000
8.955200
5.970100
5.970100
7.960200
7.960200
2.985100
3.980100
5.970100
7.960200
5.970100
0.995020
0.000000
2.985100
6.965200
10.945000
11.940000
9.950200
8.955200
7.960200
3.980100
4.975100
11.940000
10.945000
10.945000
10.945000
10.945000
3.980100
-1.990000
-3.980100
-3.980100
-7.960200
-12.935000
-15.920000
-16.915001
-10.945000
-7.960200
-4.975100
0.000000
