10.499000
-4.959700
3.735900
-12.689000
-23.316999
0.837360
4.702100
6.634500
1.803500
-13.655000
-4.959700
-21.385000
-16.554001
11.465000
2.769700
4.702100
3.735900
-5.925900
-6.892100
-2.061200
-0.128820
9.533000
9.533000
-0.128820
4.702100
1.803500
1.803500
2.769700
-4.959700
-1.095000
-11.723000
-27.181999
-20.419001
-8.824500
-3.993600
-2.061200
-5.925900
-10.757000
-6.892100
4.702100
-1.095000
-2.061200
6.634500
8.566800
15.330000
6.634500
8.566800
-0.128820
-9.790700
0.837360
-1.095000
-8.824500
-10.757000
-37.810001
-24.283001
-3.993600
-8.824500
2.769700
-3.027400
-10.757000
-5.925900
-3.993600
9.533000
7.600600
14.364000
3.735900
-3.993600
4.702100
1.803500
-11.723000
-19.452000
2.769700
18.229000
1.803500
-10.757000
-12.689000
-17.520000
-14.622000
3.735900
10.499000
14.364000
14.364000
10.499000
8.566800
21.127001
20.160999
4.702100
-3.993600
-21.385000
0.837360
2.769700
-17.520000
-20.419001
-19.452000
-17.520000
-3.993600
-4.959700
18.229000
32.721001
10.499000
14.364000
19.195000
8.566800
0.837360
5.668300
8.566800
18.229000
9.533000
14.364000
13.398000
7.600600
-14.622000
1.803500
28.857000
23.059999
12.432000
-7.858300
-20.419001
13.398000
25.958000
-1.095000
0.837360
8.566800
1.803500
1.803500
0.837360
-11.723000
-15.588000
-17.520000
-16.554001
-8.824500
-5.925900
-11.723000
-21.385000
-22.351000
-10.757000
-11.723000
-23.316999
-9.790700
10.499000
3.735900
-8.824500
-7.858300
6.634500
-2.061200
-10.757000
1.803500
8.566800
6.634500
14.364000
17.261999
3.735900
-0.128820
-0.128820
-4.959700
-3.027400
-0.128820
-3.027400
12.432000
22.093000
11.465000
8.566800
2.769700
-5.925900
9.533000
9.533000
-3.993600
9.533000
-2.061200
-0.128820
-4.959700
0.837360
11.465000
-1.095000
-6.892100
21.127001
18.229000
24.025999
22.093000
6.634500
9.533000
-3.993600
-3.027400
4.702100
0.837360
-7.858300
-22.351000
-29.114000
5.668300
10.499000
-6.892100
-5.925900
-1.095000
8.566800
10.499000
-5.925900
-15.588000
-10.757000
-11.723000
-2.061200
-4.959700
-10.757000
-11.723000
-13.655000
-6.892100
2.769700
2.769700
1.803500
7.600600
16.296000
8.566800
-7.858300
3.735900
8.566800
4.702100
3.735900
-7.858300
-15.588000
-3.027400
3.735900
-9.790700
-3.027400
3.735900
-9.790700
-4.959700
11.465000
5.668300
1.803500
12.432000
6.634500
7.600600
1.803500
-5.925900
-1.095000
1.803500
-6.892100
-8.824500
-12.689000
-12.689000
-3.993600
-7.858300
-19.452000
-8.824500
-0.128820
6.634500
17.261999
26.924000
18.229000
3.735900
-2.061200
10.499000
12.432000
-0.128820
-6.892100
-9.790700
2.769700
5.668300
-5.925900
-3.027400
-6.892100
5.668300
4.702100
14.364000
3.735900
2.769700
9.533000
8.566800
0.837360
-4.959700
8.566800
2.769700
-5.925900
-6.892100
-3.993600
-9.790700
-4.959700
11.465000
4.702100
0.837360
-2.061200
-5.925900
-7.858300
-5.925900
8.566800
-2.061200
-0.128820
5.668300
-6.892100
-10.757000
2.769700
-3.993600
-1.095000
13.398000
12.432000
2.769700
-6.892100
-11.723000
-4.959700
3.735900
-6.892100
-16.554001
-2.061200
10.499000
-3.027400
-9.790700
-9.790700
-11.723000
-4.959700
-15.588000
-10.757000
-2.061200
9.533000
-4.959700
11.465000
12.432000
-1.095000
7.600600
10.499000
14.364000
20.160999
8.566800
-6.892100
2.769700
8.566800
-3.027400
-1.095000
-15.588000
-6.892100
-6.892100
-0.128820
5.668300
1.803500
-9.790700
-5.925900
-4.959700
6.634500
5.668300
-0.128820
13.398000
20.160999
2.769700
10.499000
5.668300
6.634500
-3.027400
2.769700
6.634500
10.499000
3.735900
-1.095000
-4.959700
-6.892100
-2.061200
-3.027400
-8.824500
-19.452000
-15.588000
3.735900
13.398000
3.735900
2.769700
-17.520000
-4.959700
0.837360
-6.892100
-15.588000
-13.655000
2.769700
-11.723000
-7.858300
5.668300
2.769700
4.702100
6.634500
12.432000
6.634500
4.702100
16.296000
6.634500
12.432000
3.735900
-3.027400
-7.858300
-1.095000
6.634500
2.769700
-2.061200
-6.892100
-3.993600
4.702100
14.364000
9.533000
-9.790700
-27.181999
8.566800
23.059999
11.465000
6.634500
1.803500
5.668300
-2.061200
-9.790700
-21.385000
-5.925900
1.803500
13.398000
12.432000
4.702100
-3.027400
-6.892100
-4.959700
-4.959700
-0.128820
-3.027400
-19.452000
-23.316999
-2.061200
5.668300
-7.858300
1.803500
11.465000
8.566800
13.398000
16.296000
0.837360
1.803500
5.668300
-5.925900
-3.993600
2.769700
5.668300
0.837360
-8.824500
-2.061200
8.566800
-1.095000
-3.027400
13.398000
-0.128820
-3.027400
12.432000
3.735900
-5.925900
2.769700
2.769700
-9.790700
-4.959700
-3.027400
-16.554001
-19.452000
0.837360
8.566800
-0.128820
-3.993600
-13.655000
-13.655000
4.702100
24.025999
20.160999
8.566800
7.600600
8.566800
2.769700
-5.925900
-17.520000
-3.993600
-4.959700
-9.790700
7.600600
3.735900
1.803500
16.296000
0.837360
-8.824500
7.600600
21.127001
9.533000
0.837360
7.600600
13.398000
8.566800
5.668300
1.803500
-12.689000
-13.655000
-0.128820
2.769700
-6.892100
0.837360
0.837360
-3.027400
-3.027400
0.837360
19.195000
15.330000
-3.993600
-6.892100
-10.757000
-9.790700
-23.316999
-9.790700
14.364000
12.432000
0.837360
-4.959700
-8.824500
-13.655000
-6.892100
-6.892100
-17.520000
-10.757000
-1.095000
0.837360
-6.892100
-22.351000
-4.959700
0.837360
-4.959700
11.465000
17.261999
1.803500
-6.892100
16.296000
14.364000
-3.027400
9.533000
4.702100
-7.858300
-27.181999
-9.790700
11.465000
11.465000
8.566800
7.600600
0.837360
-12.689000
-4.959700
17.261999
22.093000
18.229000
-2.061200
-6.892100
8.566800
-3.993600
-6.892100
-6.892100
1.803500
6.634500
-5.925900
-10.757000
-2.061200
0.837360
-12.689000
4.702100
10.499000
5.668300
11.465000
7.600600
10.499000
1.803500
-11.723000
-3.027400
-12.689000
-25.250000
-2.061200
1.803500
-6.892100
7.600600
7.600600
8.566800
-5.925900
1.803500
10.499000
12.432000
25.958000
8.566800
-0.128820
-0.128820
2.769700
4.702100
-2.061200
2.769700
-4.959700
-13.655000
-4.959700
-6.892100
0.837360
3.735900
-15.588000
-13.655000
1.803500
17.261999
7.600600
1.803500
4.702100
10.499000
-20.419001
-3.027400
14.364000
6.634500
4.702100
-5.925900
0.837360
-7.858300
-14.622000
-1.095000
-8.824500
-9.790700
-13.655000
7.600600
19.195000
19.195000
15.330000
5.668300
13.398000
0.837360
-3.993600
-0.128820
-5.925900
2.769700
-2.061200
-3.993600
10.499000
15.330000
0.837360
-7.858300
3.735900
9.533000
1.803500
-10.757000
-15.588000
-11.723000
-20.419001
-13.655000
-8.824500
-2.061200
13.398000
23.059999
17.261999
1.803500
10.499000
14.364000
6.634500
-3.993600
5.668300
13.398000
10.499000
-14.622000
-14.622000
-2.061200
-4.959700
-14.622000
-12.689000
-9.790700
-9.790700
-4.959700
-1.095000
10.499000
6.634500
4.702100
6.634500
-3.027400
-10.757000
-5.925900
1.803500
-7.858300
-6.892100
-6.892100
-4.959700
-3.993600
-7.858300
-13.655000
-8.824500
7.600600
21.127001
-3.027400
7.600600
7.600600
2.769700
2.769700
-2.061200
-8.824500
-13.655000
2.769700
9.533000
5.668300
7.600600
-1.095000
-5.925900
-16.554001
-19.452000
-11.723000
-4.959700
3.735900
7.600600
-1.095000
11.465000
20.160999
14.364000
7.600600
10.499000
21.127001
19.195000
11.465000
-6.892100
-11.723000
-11.723000
-25.250000
-20.419001
-18.486000
-6.892100
-8.824500
-26.216000
1.803500
22.093000
18.229000
8.566800
2.769700
21.127001
21.127001
8.566800
15.330000
14.364000
7.600600
-3.027400
-4.959700
-3.993600
-1.095000
-5.925900
-3.027400
6.634500
6.634500
7.600600
8.566800
-2.061200
11.465000
21.127001
7.600600
13.398000
14.364000
-3.993600
-14.622000
-17.520000
-11.723000
0.837360
11.465000
1.803500
5.668300
12.432000
12.432000
-0.128820
2.769700
5.668300
5.668300
11.465000
-3.993600
-12.689000
-10.757000
-16.554001
-25.250000
-11.723000
0.837360
-7.858300
2.769700
12.432000
5.668300
7.600600
16.296000
17.261999
12.432000
-3.027400
-0.128820
-0.128820
-12.689000
-13.655000
-11.723000
-3.993600
4.702100
3.735900
1.803500
1.803500
1.803500
-0.128820
-1.095000
2.769700
-6.892100
-13.655000
-4.959700
-4.959700
-10.757000
-11.723000
-26.216000
-12.689000
-0.128820
-2.061200
4.702100
12.432000
7.600600
-0.128820
-3.027400
-0.128820
-6.892100
-9.790700
0.837360
6.634500
5.668300
-12.689000
-0.128820
12.432000
8.566800
4.702100
3.735900
-9.790700
-9.790700
-10.757000
-9.790700
-8.824500
-3.027400
10.499000
9.533000
5.668300
4.702100
-6.892100
10.499000
16.296000
6.634500
5.668300
2.769700
-3.027400
-3.027400
2.769700
-3.027400
-7.858300
3.735900
3.735900
1.803500
2.769700
-1.095000
0.837360
-10.757000
-1.095000
-0.128820
-16.554001
-9.790700
3.735900
11.465000
-1.095000
3.735900
6.634500
6.634500
3.735900
-6.892100
-10.757000
-1.095000
-2.061200
-7.858300
2.769700
2.769700
-2.061200
2.769700
-4.959700
-8.824500
0.837360
2.769700
-3.027400
-3.027400
-24.283001
-2.061200
19.195000
6.634500
3.735900
1.803500
1.803500
8.566800
9.533000
8.566800
-9.790700
-13.655000
-3.027400
7.600600
7.600600
1.803500
-1.095000
1.803500
-3.027400
-10.757000
7.600600
14.364000
-1.095000
6.634500
4.702100
5.668300
-5.925900
-0.128820
-1.095000
-17.520000
-3.993600
2.769700
-1.095000
1.803500
5.668300
-1.095000
3.735900
0.837360
-5.925900
-13.655000
-22.351000
-20.419001
-8.824500
-10.757000
-16.554001
-15.588000
-21.385000
-15.588000
-7.858300
-2.061200
-9.790700
-13.655000
0.837360
4.702100
12.432000
13.398000
8.566800
9.533000
7.600600
11.465000
0.837360
2.769700
12.432000
8.566800
19.195000
16.296000
23.059999
24.992001
14.364000
14.364000
0.837360
17.261999
28.857000
24.992001
19.195000
6.634500
-2.061200
-12.689000
-14.622000
-4.959700
-8.824500
-1.095000
11.465000
6.634500
6.634500
11.465000
11.465000
-1.095000
-3.993600
1.803500
9.533000
8.566800
-2.061200
2.769700
-6.892100
-17.520000
-17.520000
-18.486000
-20.419001
-15.588000
-10.757000
-6.892100
-4.959700
-3.993600
-3.027400
-4.959700
-6.892100
0.837360
18.229000
24.025999
16.296000
4.702100
-6.892100
-7.858300
-16.554001
-16.554001
-10.757000
-3.027400
-2.061200
0.837360
4.702100
8.566800
7.600600
1.803500
0.837360
13.398000
-4.959700
-2.061200
11.465000
0.837360
-3.993600
1.803500
-5.925900
1.803500
16.296000
10.499000
-3.993600
1.803500
-10.757000
-3.993600
6.634500
5.668300
5.668300
9.533000
9.533000
1.803500
-11.723000
-2.061200
3.735900
-6.892100
-4.959700
-11.723000
-15.588000
-3.993600
4.702100
9.533000
1.803500
-3.993600
