-5.813600
-1.074200
-0.126380
-0.126380
-1.074200
2.717200
6.508700
5.560800
-1.074200
-7.709300
-10.553000
-9.605100
-3.917900
0.821480
1.769400
-2.970000
-6.761500
-4.865700
6.508700
14.092000
12.196000
8.404400
3.665100
-1.074200
-4.865700
-8.657200
-15.292000
-20.032000
-19.084000
-13.397000
-8.657200
0.821480
14.092000
20.726999
19.778999
17.882999
15.039000
14.092000
10.300000
0.821480
-6.761500
-15.292000
-18.136000
-8.657200
8.404400
17.882999
15.987000
11.248000
8.404400
5.560800
8.404400
7.456600
2.717200
-2.022100
-6.761500
-2.970000
1.769400
1.769400
-2.022100
-4.865700
-1.074200
4.613000
-0.126380
-9.605100
-14.344000
-13.397000
-13.397000
-9.605100
-5.813600
-5.813600
-4.865700
-3.917900
3.665100
8.404400
8.404400
11.248000
13.144000
5.560800
-1.074200
-9.605100
-17.188000
-17.188000
-12.449000
-9.605100
-5.813600
-7.709300
-11.501000
-7.709300
-2.022100
2.717200
0.821480
-1.074200
-0.126380
2.717200
5.560800
3.665100
-0.126380
-2.970000
-2.970000
-2.970000
-6.761500
-10.553000
-13.397000
-13.397000
-6.761500
0.821480
12.196000
18.830999
23.570000
21.674999
15.039000
8.404400
4.613000
-2.970000
-12.449000
-22.875000
-30.458000
-30.458000
-17.188000
-3.917900
1.769400
6.508700
11.248000
14.092000
12.196000
9.352300
1.769400
-2.022100
-1.074200
-0.126380
3.665100
3.665100
-1.074200
-2.970000
-1.074200
-1.074200
-3.917900
-4.865700
-5.813600
-1.074200
6.508700
9.352300
9.352300
5.560800
6.508700
7.456600
2.717200
-2.970000
-8.657200
-8.657200
-0.126380
3.665100
0.821480
-0.126380
-1.074200
6.508700
13.144000
15.987000
18.830999
19.778999
11.248000
5.560800
-2.022100
-2.022100
-0.126380
-1.074200
-2.970000
-2.022100
0.821480
2.717200
2.717200
1.769400
3.665100
5.560800
8.404400
8.404400
3.665100
1.769400
9.352300
10.300000
4.613000
-2.022100
-12.449000
-16.240000
-14.344000
-5.813600
3.665100
10.300000
11.248000
5.560800
-2.022100
-5.813600
-2.970000
6.508700
13.144000
17.882999
20.726999
14.092000
1.769400
-4.865700
-2.970000
-3.917900
-7.709300
-12.449000
-16.240000
-20.032000
-18.136000
-12.449000
-0.126380
15.987000
28.309999
31.153000
18.830999
9.352300
6.508700
7.456600
4.613000
-3.917900
-6.761500
-9.605100
-17.188000
-21.927000
-20.979000
-7.709300
7.456600
17.882999
19.778999
16.934999
9.352300
4.613000
0.821480
-2.970000
-5.813600
-9.605100
-4.865700
0.821480
5.560800
5.560800
1.769400
2.717200
5.560800
12.196000
16.934999
16.934999
12.196000
4.613000
-1.074200
-0.126380
-0.126380
-1.074200
-11.501000
-20.032000
-21.927000
-17.188000
-3.917900
8.404400
10.300000
4.613000
-0.126380
-2.970000
-6.761500
-13.397000
-21.927000
-28.562000
-31.406000
-26.667000
-21.927000
-15.292000
-2.970000
8.404400
15.039000
12.196000
9.352300
9.352300
7.456600
2.717200
-0.126380
-3.917900
-7.709300
-10.553000
-11.501000
-7.709300
0.821480
5.560800
1.769400
0.821480
-1.074200
-3.917900
-10.553000
-17.188000
-17.188000
-13.397000
-13.397000
-10.553000
-2.970000
3.665100
6.508700
8.404400
11.248000
9.352300
8.404400
1.769400
-7.709300
-12.449000
-11.501000
-7.709300
-6.761500
-6.761500
-4.865700
0.821480
4.613000
0.821480
-3.917900
-4.865700
-7.709300
-2.022100
6.508700
10.300000
10.300000
2.717200
-6.761500
-7.709300
-3.917900
2.717200
5.560800
6.508700
10.300000
9.352300
6.508700
9.352300
15.987000
12.196000
2.717200
-8.657200
-19.084000
-20.979000
-16.240000
-10.553000
-4.865700
2.717200
13.144000
18.830999
16.934999
15.987000
18.830999
22.622000
23.570000
19.778999
7.456600
-6.761500
-13.397000
-15.292000
-15.292000
-12.449000
-8.657200
-1.074200
10.300000
15.987000
19.778999
19.778999
14.092000
2.717200
-9.605100
-17.188000
-24.771000
-27.615000
-22.875000
-18.136000
-3.917900
12.196000
24.518000
30.205000
26.414000
18.830999
7.456600
-6.761500
-18.136000
-26.667000
-29.510000
-21.927000
-14.344000
-6.761500
1.769400
10.300000
16.934999
19.778999
16.934999
17.882999
15.039000
8.404400
0.821480
-9.605100
-16.240000
-19.084000
-20.032000
-16.240000
-11.501000
-7.709300
-7.709300
-9.605100
-12.449000
-5.813600
2.717200
9.352300
11.248000
10.300000
8.404400
4.613000
2.717200
3.665100
2.717200
-0.126380
-3.917900
-4.865700
-7.709300
-6.761500
-1.074200
10.300000
21.674999
28.309999
28.309999
21.674999
8.404400
-4.865700
-10.553000
-13.397000
-14.344000
-16.240000
-19.084000
-14.344000
-5.813600
3.665100
9.352300
17.882999
23.570000
26.414000
24.518000
18.830999
10.300000
-2.970000
-14.344000
-19.084000
-22.875000
-18.136000
-8.657200
4.613000
18.830999
27.362000
28.309999
24.518000
15.987000
10.300000
4.613000
-1.074200
-6.761500
-10.553000
-17.188000
-22.875000
-20.032000
-13.397000
-6.761500
-0.126380
3.665100
7.456600
5.560800
-0.126380
-1.074200
1.769400
5.560800
7.456600
7.456600
5.560800
3.665100
2.717200
-0.126380
0.821480
5.560800
11.248000
10.300000
4.613000
-0.126380
-3.917900
-8.657200
-14.344000
-13.397000
-5.813600
-1.074200
2.717200
6.508700
8.404400
9.352300
9.352300
8.404400
3.665100
-2.970000
-5.813600
-7.709300
-11.501000
-12.449000
-8.657200
-6.761500
-5.813600
-5.813600
-5.813600
-6.761500
-10.553000
-14.344000
-11.501000
3.665100
20.726999
28.309999
33.049000
33.049000
20.726999
1.769400
-14.344000
-23.823000
-24.771000
-20.979000
-15.292000
-4.865700
7.456600
20.726999
29.257999
31.153000
27.362000
22.622000
17.882999
13.144000
3.665100
-5.813600
-14.344000
-15.292000
-11.501000
-5.813600
0.821480
9.352300
15.039000
18.830999
23.570000
17.882999
6.508700
-5.813600
-13.397000
-11.501000
-11.501000
-14.344000
-12.449000
-2.970000
4.613000
6.508700
2.717200
-4.865700
-12.449000
-13.397000
-10.553000
-5.813600
-0.126380
3.665100
-0.126380
-4.865700
-6.761500
-5.813600
-5.813600
-9.605100
-13.397000
-18.136000
-24.771000
-25.719000
-23.823000
-20.979000
-7.709300
5.560800
7.456600
0.821480
-1.074200
-3.917900
-5.813600
-6.761500
-4.865700
-1.074200
-5.813600
-14.344000
-16.240000
-8.657200
0.821480
11.248000
21.674999
26.414000
22.622000
15.987000
6.508700
-5.813600
-16.240000
-20.979000
-18.136000
-10.553000
-2.022100
10.300000
23.570000
31.153000
33.997002
30.205000
19.778999
8.404400
0.821480
-8.657200
-16.240000
-24.771000
-22.875000
-16.240000
-11.501000
-4.865700
5.560800
14.092000
17.882999
19.778999
20.726999
23.570000
26.414000
17.882999
-0.126380
-17.188000
-23.823000
-20.979000
-17.188000
-9.605100
-5.813600
-1.074200
9.352300
14.092000
14.092000
11.248000
9.352300
10.300000
11.248000
10.300000
9.352300
7.456600
6.508700
7.456600
5.560800
0.821480
-3.917900
-7.709300
-12.449000
-14.344000
-15.292000
-7.709300
2.717200
4.613000
2.717200
-1.074200
-11.501000
-16.240000
-15.292000
-13.397000
-11.501000
-10.553000
-7.709300
-4.865700
-5.813600
-10.553000
-5.813600
4.613000
15.987000
16.934999
11.248000
2.717200
-2.970000
-0.126380
0.821480
-8.657200
-17.188000
-19.084000
-11.501000
-2.970000
3.665100
10.300000
15.039000
10.300000
-2.022100
-15.292000
-25.719000
-31.406000
-32.354000
-31.406000
-21.927000
-6.761500
9.352300
17.882999
16.934999
15.987000
17.882999
15.039000
6.508700
-1.074200
-8.657200
-15.292000
-16.240000
-10.553000
-1.074200
3.665100
10.300000
16.934999
24.518000
29.257999
23.570000
21.674999
23.570000
25.466000
24.518000
15.987000
3.665100
-2.022100
-2.022100
0.821480
2.717200
0.821480
0.821480
0.821480
2.717200
8.404400
11.248000
9.352300
12.196000
14.092000
11.248000
5.560800
4.613000
3.665100
-0.126380
-3.917900
-2.970000
-6.761500
-9.605100
-9.605100
-7.709300
-1.074200
11.248000
16.934999
11.248000
3.665100
-10.553000
-20.032000
-20.979000
-21.927000
-21.927000
-18.136000
-14.344000
-7.709300
-1.074200
-0.126380
-2.022100
1.769400
8.404400
11.248000
7.456600
4.613000
-3.917900
-14.344000
-20.979000
-28.562000
-29.510000
-20.979000
-9.605100
-2.022100
3.665100
9.352300
15.987000
15.039000
10.300000
5.560800
-0.126380
-3.917900
-8.657200
-5.813600
-2.970000
-1.074200
-2.022100
-3.917900
-1.074200
-2.022100
-7.709300
-5.813600
4.613000
12.196000
15.987000
15.039000
13.144000
11.248000
1.769400
-9.605100
-17.188000
-21.927000
-21.927000
-17.188000
-10.553000
-2.970000
8.404400
21.674999
33.049000
37.787998
30.205000
12.196000
-8.657200
-20.979000
-22.875000
-20.032000
-17.188000
-12.449000
-7.709300
2.717200
15.039000
17.882999
15.987000
13.144000
10.300000
10.300000
15.039000
16.934999
15.039000
7.456600
-2.970000
-10.553000
-12.449000
-13.397000
-12.449000
-13.397000
-11.501000
-4.865700
4.613000
11.248000
13.144000
15.039000
15.987000
15.039000
9.352300
3.665100
-4.865700
-6.761500
-2.022100
0.821480
1.769400
3.665100
-0.126380
-3.917900
-6.761500
-7.709300
1.769400
14.092000
20.726999
23.570000
15.039000
1.769400
-10.553000
-19.084000
-16.240000
-6.761500
-1.074200
0.821480
0.821480
2.717200
8.404400
11.248000
9.352300
5.560800
1.769400
-2.970000
-5.813600
-6.761500
-6.761500
-3.917900
-0.126380
1.769400
0.821480
2.717200
6.508700
3.665100
-3.917900
-3.917900
-0.126380
0.821480
-3.917900
-8.657200
-9.605100
-6.761500
-4.865700
-8.657200
-10.553000
-9.605100
-5.813600
-2.970000
0.821480
7.456600
12.196000
16.934999
18.830999
13.144000
-0.126380
-14.344000
-21.927000
-24.771000
-28.562000
-24.771000
-17.188000
-12.449000
-10.553000
-3.917900
6.508700
13.144000
15.987000
15.987000
13.144000
12.196000
10.300000
8.404400
5.560800
1.769400
-5.813600
-16.240000
-20.032000
-14.344000
-2.970000
1.769400
5.560800
13.144000
16.934999
15.039000
1.769400
-8.657200
-5.813600
-2.970000
-3.917900
-7.709300
-7.709300
-1.074200
6.508700
10.300000
15.039000
15.039000
3.665100
-4.865700
-11.501000
-14.344000
-13.397000
-6.761500
1.769400
-0.126380
4.613000
10.300000
15.987000
17.882999
11.248000
1.769400
-2.970000
-2.970000
-6.761500
-14.344000
-14.344000
-10.553000
-5.813600
-5.813600
-2.970000
2.717200
6.508700
11.248000
15.987000
15.987000
12.196000
8.404400
3.665100
-4.865700
-13.397000
-14.344000
-9.605100
0.821480
8.404400
9.352300
6.508700
4.613000
3.665100
3.665100
4.613000
8.404400
12.196000
11.248000
4.613000
-4.865700
-6.761500
-2.970000
-2.970000
-2.970000
-2.970000
-4.865700
-2.970000
2.717200
5.560800
8.404400
9.352300
9.352300
11.248000
16.934999
17.882999
12.196000
2.717200
-7.709300
-13.397000
-10.553000
-5.813600
-6.761500
-6.761500
-6.761500
-5.813600
-3.917900
-0.126380
4.613000
3.665100
2.717200
1.769400
0.821480
-2.970000
-6.761500
-5.813600
