1.682800
3.624600
5.566300
5.566300
3.624600
2.653700
3.624600
0.711970
-4.142400
-6.084100
-7.055000
-7.055000
-1.229800
3.624600
3.624600
0.711970
-7.055000
-9.967600
-4.142400
-1.229800
2.653700
6.537200
1.682800
-8.025900
-10.939000
-8.996800
-10.939000
-16.764000
-17.735001
-11.909000
-8.996800
-5.113300
7.508100
19.159000
16.246000
13.333000
13.333000
10.421000
0.711970
-3.171500
-5.113300
-4.142400
-8.996800
-11.909000
0.711970
11.392000
8.479000
4.595500
4.595500
4.595500
6.537200
5.566300
3.624600
4.595500
7.508100
12.362000
9.449800
2.653700
-7.055000
-8.025900
-4.142400
-0.258900
-0.258900
-6.084100
-2.200600
-4.142400
-14.822000
-12.880000
-5.113300
0.711970
0.711970
-3.171500
-2.200600
0.711970
4.595500
12.362000
12.362000
11.392000
11.392000
-1.229800
-12.880000
-12.880000
-14.822000
-15.793000
-14.822000
-16.764000
-16.764000
-4.142400
7.508100
9.449800
11.392000
11.392000
9.449800
6.537200
8.479000
-1.229800
-13.851000
-9.967600
-4.142400
-2.200600
-4.142400
-7.055000
-8.996800
-3.171500
2.653700
4.595500
18.188000
24.983999
22.070999
16.246000
8.479000
-1.229800
-2.200600
-4.142400
-13.851000
-26.472000
-30.356001
-26.472000
-16.764000
-1.229800
0.711970
-1.229800
1.682800
4.595500
6.537200
5.566300
5.566300
9.449800
8.479000
5.566300
6.537200
2.653700
-10.939000
-15.793000
-9.967600
-6.084100
-8.996800
-7.055000
-1.229800
7.508100
10.421000
5.566300
8.479000
10.421000
9.449800
5.566300
1.682800
-7.055000
-13.851000
-14.822000
-6.084100
2.653700
6.537200
7.508100
9.449800
14.304000
16.246000
18.188000
20.129000
17.216999
2.653700
-7.055000
-12.880000
-7.055000
1.682800
-1.229800
1.682800
4.595500
0.711970
-3.171500
-2.200600
0.711970
5.566300
9.449800
9.449800
9.449800
7.508100
6.537200
9.449800
11.392000
7.508100
-0.258900
-9.967600
-11.909000
-8.996800
-3.171500
8.479000
14.304000
7.508100
3.624600
-4.142400
-8.025900
-2.200600
0.711970
-0.258900
-2.200600
4.595500
12.362000
19.159000
20.129000
17.216999
7.508100
-5.113300
-14.822000
-21.618000
-21.618000
-21.618000
-19.676001
-8.025900
1.682800
11.392000
18.188000
18.188000
19.159000
13.333000
5.566300
0.711970
-7.055000
-10.939000
-11.909000
-11.909000
-10.939000
-5.113300
3.624600
11.392000
16.246000
20.129000
20.129000
16.246000
9.449800
-0.258900
-7.055000
-8.996800
-8.025900
-2.200600
3.624600
5.566300
13.333000
13.333000
10.421000
15.275000
20.129000
18.188000
11.392000
4.595500
-5.113300
-5.113300
-1.229800
-7.055000
-11.909000
-16.764000
-19.676001
-19.676001
-15.793000
0.711970
14.304000
12.362000
4.595500
0.711970
-4.142400
-9.967600
-13.851000
-21.618000
-28.414000
-33.269001
-27.443001
-20.646999
-16.764000
-7.055000
1.682800
8.479000
8.479000
10.421000
7.508100
2.653700
2.653700
1.682800
-0.258900
-2.200600
-3.171500
-2.200600
-1.229800
-0.258900
3.624600
3.624600
-4.142400
-9.967600
-19.676001
-20.646999
-17.735001
-14.822000
-17.735001
-9.967600
-5.113300
-8.025900
-6.084100
-3.171500
4.595500
11.392000
5.566300
4.595500
-5.113300
-11.909000
-11.909000
-12.880000
-9.967600
-8.996800
-8.025900
-4.142400
1.682800
3.624600
4.595500
5.566300
0.711970
-4.142400
1.682800
7.508100
5.566300
2.653700
-1.229800
-5.113300
-5.113300
-2.200600
-1.229800
-4.142400
2.653700
13.333000
13.333000
3.624600
2.653700
5.566300
-1.229800
-14.822000
-25.502001
-21.618000
-6.084100
7.508100
11.392000
14.304000
13.333000
10.421000
12.362000
12.362000
15.275000
18.188000
18.188000
18.188000
16.246000
11.392000
1.682800
-4.142400
-3.171500
-3.171500
1.682800
2.653700
6.537200
12.362000
9.449800
10.421000
5.566300
-0.258900
-8.025900
-14.822000
-12.880000
-19.676001
-26.472000
-20.646999
-13.851000
-4.142400
10.421000
21.100000
26.926001
25.955000
18.188000
11.392000
-1.229800
-12.880000
-17.735001
-19.676001
-16.764000
-12.880000
-10.939000
-2.200600
7.508100
12.362000
16.246000
11.392000
10.421000
11.392000
3.624600
-0.258900
-8.025900
-20.646999
-24.531000
-34.238998
-35.209999
-26.472000
-9.967600
6.537200
10.421000
5.566300
5.566300
11.392000
19.159000
19.159000
10.421000
2.653700
-3.171500
-7.055000
-7.055000
-6.084100
-8.996800
-3.171500
5.566300
5.566300
12.362000
19.159000
23.042000
24.013000
22.070999
17.216999
9.449800
-8.025900
-25.502001
-33.269001
-32.298000
-22.589001
-16.764000
-10.939000
2.653700
16.246000
28.867001
28.867001
26.926001
21.100000
14.304000
9.449800
0.711970
-10.939000
-20.646999
-27.443001
-27.443001
-19.676001
-7.055000
6.537200
22.070999
29.837999
30.809000
31.780001
27.896000
23.042000
19.159000
13.333000
4.595500
-8.996800
-17.735001
-19.676001
-13.851000
-6.084100
-1.229800
2.653700
8.479000
-1.229800
-8.025900
-4.142400
-2.200600
5.566300
14.304000
17.216999
13.333000
7.508100
1.682800
-4.142400
-4.142400
-8.025900
-7.055000
-1.229800
5.566300
12.362000
10.421000
3.624600
1.682800
-1.229800
-5.113300
-8.025900
-10.939000
-11.909000
-12.880000
-8.996800
-7.055000
-1.229800
10.421000
19.159000
14.304000
1.682800
-6.084100
-15.793000
-21.618000
-22.589001
-21.618000
-20.646999
-20.646999
-16.764000
-10.939000
-8.996800
-6.084100
-4.142400
-5.113300
7.508100
21.100000
27.896000
29.837999
24.983999
16.246000
3.624600
-12.880000
-28.414000
-29.385000
-21.618000
-9.967600
4.595500
16.246000
29.837999
37.605000
42.459999
40.518002
36.633999
27.896000
21.100000
12.362000
-6.084100
-21.618000
-27.443001
-20.646999
-8.025900
-3.171500
0.711970
10.421000
16.246000
14.304000
10.421000
3.624600
-3.171500
-4.142400
-5.113300
-11.909000
-17.735001
-16.764000
-11.909000
-7.055000
-7.055000
-4.142400
-7.055000
-13.851000
-7.055000
0.711970
7.508100
7.508100
2.653700
-4.142400
-10.939000
-17.735001
-16.764000
-17.735001
-21.618000
-18.705999
-14.822000
-12.880000
-10.939000
-4.142400
-0.258900
4.595500
13.333000
9.449800
-4.142400
-8.996800
-15.793000
-20.646999
-22.589001
-19.676001
-9.967600
-7.055000
-5.113300
-1.229800
4.595500
10.421000
20.129000
26.926001
27.896000
21.100000
16.246000
5.566300
-10.939000
-20.646999
-20.646999
-18.705999
-10.939000
-1.229800
7.508100
24.013000
34.693001
39.547001
39.547001
30.809000
18.188000
8.479000
0.711970
-8.996800
-21.618000
-24.531000
-20.646999
-16.764000
-15.793000
-5.113300
1.682800
5.566300
11.392000
20.129000
26.926001
30.809000
20.129000
7.508100
-2.200600
-8.996800
-12.880000
-16.764000
-15.793000
-11.909000
-8.996800
1.682800
9.449800
14.304000
15.275000
13.333000
8.479000
1.682800
2.653700
9.449800
10.421000
8.479000
0.711970
-5.113300
-8.025900
-5.113300
-6.084100
-3.171500
-0.258900
1.682800
9.449800
9.449800
3.624600
-3.171500
-7.055000
-8.996800
-14.822000
-20.646999
-21.618000
-23.559999
-18.705999
-9.967600
-0.258900
9.449800
7.508100
10.421000
15.275000
20.129000
12.362000
-3.171500
-11.909000
-16.764000
-15.793000
-7.055000
-4.142400
-0.258900
-3.171500
-2.200600
-3.171500
-4.142400
-1.229800
1.682800
2.653700
-7.055000
-17.735001
-26.472000
-33.269001
-32.298000
-25.502001
-18.705999
-3.171500
14.304000
22.070999
18.188000
15.275000
16.246000
16.246000
6.537200
-4.142400
-7.055000
-8.996800
-12.880000
-9.967600
-6.084100
-6.084100
0.711970
12.362000
19.159000
24.983999
24.983999
23.042000
22.070999
24.983999
23.042000
17.216999
14.304000
4.595500
1.682800
1.682800
-2.200600
0.711970
5.566300
7.508100
3.624600
4.595500
5.566300
5.566300
8.479000
11.392000
9.449800
3.624600
3.624600
0.711970
-1.229800
-5.113300
-7.055000
-6.084100
-9.967600
-5.113300
2.653700
3.624600
9.449800
1.682800
-8.996800
-14.822000
-19.676001
-21.618000
-14.822000
-15.793000
-26.472000
-28.414000
-20.646999
-14.822000
-9.967600
-3.171500
2.653700
6.537200
4.595500
7.508100
11.392000
9.449800
-3.171500
-13.851000
-22.589001
-28.414000
-29.385000
-15.793000
-3.171500
-1.229800
4.595500
13.333000
19.159000
19.159000
15.275000
10.421000
2.653700
2.653700
1.682800
-1.229800
-0.258900
1.682800
-3.171500
-6.084100
-2.200600
0.711970
6.537200
8.479000
15.275000
15.275000
10.421000
6.537200
4.595500
1.682800
-8.996800
-17.735001
-23.559999
-20.646999
-10.939000
1.682800
7.508100
2.653700
11.392000
24.983999
32.750999
30.809000
24.013000
6.537200
-15.793000
-22.589001
-20.646999
-13.851000
-4.142400
0.711970
-2.200600
3.624600
14.304000
14.304000
9.449800
6.537200
6.537200
11.392000
13.333000
15.275000
8.479000
-3.171500
-10.939000
-7.055000
-5.113300
-7.055000
-10.939000
-8.025900
-6.084100
-1.229800
4.595500
9.449800
16.246000
15.275000
10.421000
8.479000
3.624600
3.624600
8.479000
9.449800
5.566300
-2.200600
-1.229800
2.653700
-4.142400
-10.939000
-15.793000
-10.939000
5.566300
13.333000
15.275000
12.362000
0.711970
-11.909000
-13.851000
-14.822000
-20.646999
-17.735001
-8.025900
-1.229800
-0.258900
0.711970
7.508100
10.421000
5.566300
6.537200
7.508100
-0.258900
-5.113300
-8.996800
-8.025900
-8.025900
-4.142400
-1.229800
-3.171500
-4.142400
-0.258900
1.682800
-2.200600
-0.258900
1.682800
2.653700
-4.142400
-8.996800
-7.055000
-6.084100
-8.025900
-12.880000
-13.851000
-11.909000
-8.996800
1.682800
10.421000
16.246000
18.188000
22.070999
21.100000
14.304000
-0.258900
-12.880000
-20.646999
-32.298000
-33.269001
-26.472000
-20.646999
-11.909000
-1.229800
8.479000
10.421000
15.275000
17.216999
15.275000
11.392000
14.304000
16.246000
11.392000
8.479000
4.595500
-6.084100
-13.851000
-14.822000
-12.880000
-9.967600
-5.113300
3.624600
9.449800
7.508100
8.479000
7.508100
2.653700
4.595500
2.653700
-6.084100
-8.025900
2.653700
7.508100
2.653700
-2.200600
2.653700
1.682800
-4.142400
-8.996800
-10.939000
-9.967600
-10.939000
-1.229800
10.421000
14.304000
21.100000
15.275000
10.421000
8.479000
-0.258900
-6.084100
-3.171500
0.711970
-0.258900
-4.142400
-8.996800
-5.113300
-0.258900
0.711970
1.682800
6.537200
7.508100
6.537200
12.362000
10.421000
9.449800
6.537200
2.653700
-4.142400
-8.025900
-6.084100
-0.258900
5.566300
8.479000
11.392000
4.595500
-0.258900
2.653700
8.479000
12.362000
10.421000
10.421000
9.449800
0.711970
-7.055000
-8.996800
-13.851000
-19.676001
-8.996800
2.653700
-1.229800
-5.113300
-5.113300
-1.229800
5.566300
8.479000
11.392000
14.304000
10.421000
7.508100
1.682800
2.653700
-2.200600
-3.171500
1.682800
0.711970
-2.200600
-6.084100
-8.025900
-7.055000
-7.055000
-8.996800
-1.229800
1.682800
-3.171500
-1.229800
-0.258900
-4.142400
-7.055000
-11.909000
