-7.665100
-9.597400
-14.428000
-14.428000
-8.631200
-2.834100
-1.868000
-5.732700
-13.462000
-13.462000
-7.665100
-3.800300
-6.698900
-12.496000
-15.395000
-14.428000
-7.665100
-0.901770
6.827700
11.659000
18.422001
22.287001
18.422001
8.760100
-5.732700
-19.259001
-30.853001
-31.820000
-20.225000
-7.665100
1.030600
11.659000
25.184999
30.016001
26.150999
19.388000
15.523000
13.591000
3.929100
-14.428000
-26.023001
-26.023001
-16.361000
1.030600
21.320000
30.016001
26.150999
18.422001
11.659000
2.963000
-0.901770
-7.665100
-14.428000
-18.292999
-15.395000
-5.732700
2.963000
7.793900
11.659000
12.625000
16.490000
18.422001
9.726200
-5.732700
-20.225000
-28.921000
-31.820000
-23.124001
-11.530000
-1.868000
4.895300
7.793900
15.523000
17.455999
13.591000
10.692000
8.760100
4.895300
4.895300
-1.868000
-14.428000
-23.124001
-20.225000
-8.631200
5.861500
9.726200
7.793900
6.827700
2.963000
0.064410
-3.800300
-6.698900
-4.766500
-4.766500
-3.800300
-3.800300
-1.868000
-1.868000
-1.868000
-3.800300
-7.665100
-9.597400
-12.496000
-15.395000
-14.428000
-8.631200
5.861500
19.388000
27.118000
29.049999
25.184999
16.490000
8.760100
-3.800300
-17.327000
-31.820000
-43.414001
-47.278999
-32.785999
-13.462000
3.929100
19.388000
30.016001
30.016001
23.253000
15.523000
5.861500
-4.766500
-12.496000
-14.428000
-7.665100
1.030600
5.861500
12.625000
16.490000
13.591000
9.726200
8.760100
1.996800
-5.732700
-9.597400
-14.428000
-18.292999
-20.225000
-11.530000
1.996800
10.692000
15.523000
14.557000
12.625000
15.523000
19.388000
12.625000
-1.868000
-14.428000
-13.462000
-4.766500
4.895300
17.455999
25.184999
22.287001
19.388000
13.591000
9.726200
3.929100
-5.732700
-11.530000
-12.496000
-9.597400
-5.732700
0.064410
6.827700
13.591000
15.523000
12.625000
7.793900
2.963000
-0.901770
0.064410
-2.834100
-6.698900
-4.766500
-5.732700
-6.698900
-9.597400
-7.665100
2.963000
14.557000
20.354000
15.523000
3.929100
-5.732700
-4.766500
6.827700
19.388000
26.150999
30.016001
25.184999
16.490000
8.760100
6.827700
0.064410
-16.361000
-32.785999
-38.583000
-33.751999
-21.191999
-6.698900
9.726200
25.184999
38.712002
40.644001
30.016001
21.320000
12.625000
4.895300
-2.834100
-11.530000
-10.564000
-10.564000
-10.564000
-10.564000
-9.597400
-3.800300
1.996800
8.760100
11.659000
16.490000
19.388000
20.354000
15.523000
5.861500
-7.665100
-16.361000
-18.292999
-19.259001
-20.225000
-16.361000
-9.597400
0.064410
7.793900
16.490000
22.287001
19.388000
10.692000
3.929100
-0.901770
-1.868000
-3.800300
-6.698900
-19.259001
-29.886999
-31.820000
-27.955000
-16.361000
1.996800
16.490000
23.253000
21.320000
11.659000
0.064410
-12.496000
-22.158001
-31.820000
-38.583000
-37.617001
-31.820000
-25.056000
-16.361000
-3.800300
16.490000
26.150999
24.219000
15.523000
3.929100
-10.564000
-23.124001
-26.989000
-25.056000
-19.259001
-13.462000
-9.597400
-8.631200
-10.564000
-11.530000
-4.766500
1.030600
5.861500
5.861500
1.030600
-3.800300
-9.597400
-11.530000
-5.732700
3.929100
5.861500
3.929100
6.827700
11.659000
9.726200
5.861500
-4.766500
-14.428000
-18.292999
-16.361000
-10.564000
-1.868000
5.861500
10.692000
12.625000
8.760100
-3.800300
-16.361000
-18.292999
-14.428000
-0.901770
14.557000
23.253000
28.084000
28.084000
22.287001
17.455999
9.726200
1.996800
-1.868000
-4.766500
-2.834100
1.030600
3.929100
11.659000
26.150999
31.948000
30.982000
24.219000
11.659000
-6.698900
-24.090000
-32.785999
-29.886999
-17.327000
0.064410
14.557000
19.388000
24.219000
31.948000
38.712002
38.712002
30.982000
10.692000
-12.496000
-27.955000
-33.751999
-30.853001
-22.158001
-14.428000
1.996800
19.388000
24.219000
24.219000
20.354000
12.625000
0.064410
-14.428000
-25.056000
-39.549000
-42.448002
-30.853001
-16.361000
4.895300
24.219000
38.712002
42.576000
35.813000
21.320000
2.963000
-13.462000
-21.191999
-25.056000
-26.989000
-21.191999
-11.530000
-1.868000
4.895300
12.625000
17.455999
20.354000
16.490000
10.692000
1.996800
-6.698900
-11.530000
-18.292999
-25.056000
-26.023001
-18.292999
-3.800300
7.793900
13.591000
11.659000
-1.868000
-23.124001
-29.886999
-20.225000
-7.665100
-2.834100
-0.901770
3.929100
6.827700
11.659000
17.455999
20.354000
17.455999
6.827700
-2.834100
-12.496000
-20.225000
-27.955000
-24.090000
-6.698900
19.388000
39.678001
47.407001
41.610001
27.118000
14.557000
1.996800
-9.597400
-22.158001
-35.683998
-42.448002
-32.785999
-10.564000
11.659000
30.982000
43.542999
48.374001
43.542999
30.982000
14.557000
-5.732700
-23.124001
-35.683998
-43.414001
-41.480999
-37.617001
-27.955000
-9.597400
11.659000
27.118000
40.644001
41.610001
31.948000
16.490000
-0.901770
-13.462000
-20.225000
-26.023001
-27.955000
-26.023001
-23.124001
-13.462000
3.929100
19.388000
27.118000
22.287001
11.659000
3.929100
-5.732700
-15.395000
-20.225000
-18.292999
-9.597400
-0.901770
2.963000
1.996800
3.929100
11.659000
17.455999
10.692000
2.963000
-1.868000
-7.665100
-16.361000
-27.955000
-29.886999
-23.124001
-14.428000
0.064410
16.490000
23.253000
21.320000
13.591000
2.963000
-3.800300
-4.766500
-3.800300
-0.901770
-3.800300
-7.665100
-8.631200
-6.698900
-3.800300
0.064410
1.030600
-1.868000
-7.665100
-7.665100
-3.800300
6.827700
23.253000
31.948000
38.712002
36.778999
24.219000
4.895300
-10.564000
-18.292999
-17.327000
-12.496000
-8.631200
-5.732700
-1.868000
6.827700
16.490000
25.184999
28.084000
24.219000
16.490000
9.726200
-1.868000
-13.462000
-22.158001
-21.191999
-8.631200
5.861500
16.490000
30.982000
39.678001
38.712002
34.847000
19.388000
0.064410
-17.327000
-29.886999
-32.785999
-30.853001
-23.124001
-10.564000
4.895300
17.455999
20.354000
13.591000
0.064410
-14.428000
-23.124001
-26.989000
-24.090000
-11.530000
-0.901770
-2.834100
-5.732700
-3.800300
2.963000
4.895300
-4.766500
-18.292999
-27.955000
-34.717999
-35.683998
-31.820000
-26.023001
-12.496000
3.929100
17.455999
19.388000
12.625000
1.030600
-6.698900
-8.631200
-3.800300
-0.901770
-9.597400
-24.090000
-32.785999
-26.989000
-9.597400
12.625000
34.847000
44.508999
41.610001
35.813000
22.287001
6.827700
-7.665100
-20.225000
-26.989000
-27.955000
-24.090000
-13.462000
5.861500
25.184999
39.678001
43.542999
30.982000
19.388000
12.625000
3.929100
-6.698900
-19.259001
-24.090000
-22.158001
-23.124001
-21.191999
-15.395000
-4.766500
4.895300
13.591000
21.320000
30.016001
39.678001
36.778999
22.287001
1.030600
-13.462000
-18.292999
-20.225000
-14.428000
-12.496000
-10.564000
1.030600
12.625000
21.320000
28.084000
28.084000
25.184999
21.320000
12.625000
5.861500
-0.901770
-4.766500
-5.732700
-3.800300
-2.834100
-3.800300
-3.800300
-5.732700
-7.665100
-12.496000
-12.496000
-8.631200
-2.834100
0.064410
-3.800300
-9.597400
-9.597400
-11.530000
-19.259001
-30.853001
-34.717999
-27.955000
-17.327000
-2.834100
8.760100
19.388000
26.150999
25.184999
16.490000
4.895300
-5.732700
-12.496000
-10.564000
-10.564000
-17.327000
-18.292999
-15.395000
-5.732700
6.827700
16.490000
21.320000
24.219000
21.320000
11.659000
1.996800
-9.597400
-22.158001
-35.683998
-48.244999
-47.278999
-31.820000
-8.631200
13.591000
30.982000
48.374001
60.933998
55.137001
38.712002
23.253000
6.827700
-11.530000
-24.090000
-30.853001
-29.886999
-21.191999
-6.698900
7.793900
19.388000
30.982000
33.881001
32.915001
30.016001
24.219000
14.557000
3.929100
-10.564000
-21.191999
-25.056000
-20.225000
-7.665100
2.963000
6.827700
4.895300
1.030600
2.963000
0.064410
-5.732700
-2.834100
3.929100
5.861500
4.895300
2.963000
1.996800
-3.800300
-9.597400
-6.698900
-5.732700
-7.665100
-17.327000
-22.158001
-16.361000
-1.868000
7.793900
4.895300
1.030600
-3.800300
-5.732700
-0.901770
0.064410
0.064410
1.996800
1.030600
-1.868000
-3.800300
-6.698900
-8.631200
-6.698900
1.030600
8.760100
8.760100
5.861500
-4.766500
-12.496000
-14.428000
-17.327000
-20.225000
-15.395000
-8.631200
-2.834100
1.996800
6.827700
12.625000
13.591000
9.726200
2.963000
-3.800300
-3.800300
-0.901770
5.861500
5.861500
1.996800
-1.868000
-3.800300
0.064410
3.929100
-2.834100
-10.564000
-8.631200
-2.834100
3.929100
9.726200
14.557000
15.523000
5.861500
-7.665100
-19.259001
-27.955000
-31.820000
-25.056000
-15.395000
-8.631200
2.963000
17.455999
30.982000
40.644001
38.712002
22.287001
-2.834100
-23.124001
-37.617001
-42.448002
-35.683998
-23.124001
-11.530000
4.895300
23.253000
31.948000
30.982000
24.219000
15.523000
16.490000
24.219000
26.150999
19.388000
7.793900
-0.901770
-5.732700
-6.698900
-10.564000
-8.631200
-4.766500
0.064410
3.929100
8.760100
11.659000
14.557000
16.490000
13.591000
8.760100
3.929100
1.996800
-0.901770
-1.868000
3.929100
6.827700
5.861500
8.760100
6.827700
-2.834100
-17.327000
-26.023001
-18.292999
1.030600
18.422001
31.948000
31.948000
17.455999
0.064410
-12.496000
-13.462000
-9.597400
-10.564000
-10.564000
-12.496000
-8.631200
2.963000
12.625000
19.388000
19.388000
13.591000
7.793900
1.996800
-7.665100
-15.395000
-16.361000
-12.496000
-5.732700
-1.868000
1.030600
5.861500
7.793900
5.861500
5.861500
1.996800
-5.732700
-13.462000
-14.428000
-7.665100
-0.901770
2.963000
-0.901770
-10.564000
-18.292999
-14.428000
-5.732700
0.064410
1.030600
-2.834100
-0.901770
11.659000
22.287001
20.354000
7.793900
-7.665100
-20.225000
-28.921000
-28.921000
-23.124001
-16.361000
-14.428000
-12.496000
-3.800300
7.793900
20.354000
30.016001
31.948000
29.049999
22.287001
12.625000
2.963000
-7.665100
-19.259001
-27.955000
-25.056000
-14.428000
-2.834100
6.827700
15.523000
22.287001
23.253000
17.455999
4.895300
-9.597400
-13.462000
-9.597400
-4.766500
-2.834100
-1.868000
1.030600
5.861500
11.659000
18.422001
20.354000
11.659000
1.030600
-10.564000
-20.225000
-22.158001
-16.361000
-7.665100
-6.698900
0.064410
8.760100
19.388000
25.184999
19.388000
7.793900
-3.800300
-13.462000
-15.395000
-14.428000
-6.698900
-1.868000
-2.834100
-4.766500
-1.868000
1.996800
4.895300
9.726200
14.557000
13.591000
4.895300
-4.766500
-7.665100
-13.462000
-15.395000
-11.530000
-10.564000
-4.766500
1.996800
6.827700
8.760100
8.760100
9.726200
6.827700
1.996800
1.030600
4.895300
5.861500
1.996800
-4.766500
-6.698900
-4.766500
-4.766500
-4.766500
-5.732700
-3.800300
1.030600
2.963000
3.929100
5.861500
9.726200
14.557000
15.523000
14.557000
9.726200
4.895300
1.996800
-3.800300
-8.631200
-8.631200
-11.530000
-15.395000
-18.292999
-20.225000
-19.259001
-13.462000
-3.800300
8.760100
17.455999
21.320000
20.354000
16.490000
8.760100
0.064410
-4.766500
