2.743200
4.657100
-3.955300
-3.955300
-2.041500
1.786300
8.484800
6.571000
0.829350
-10.654000
-1.084500
6.571000
7.527900
9.441800
19.011000
15.183000
8.484800
3.700200
13.270000
7.527900
5.614000
1.786300
-0.127590
3.700200
-2.041500
1.786300
-2.041500
-11.611000
-17.351999
0.829350
11.356000
2.743200
3.700200
8.484800
11.356000
8.484800
0.829350
-1.084500
6.571000
8.484800
4.657100
-5.869200
-11.611000
-7.783100
-2.041500
-1.084500
12.313000
14.226000
12.313000
9.441800
7.527900
9.441800
5.614000
-11.611000
-13.525000
2.743200
4.657100
-0.127590
-1.084500
3.700200
4.657100
-2.998400
-7.783100
-11.611000
0.829350
6.571000
0.829350
-0.127590
-1.084500
-2.998400
-6.826200
-11.611000
-10.654000
-6.826200
-2.998400
2.743200
13.270000
15.183000
7.527900
-0.127590
-12.568000
-13.525000
-13.525000
-5.869200
-4.912300
-21.180000
-17.351999
-11.611000
-10.654000
-3.955300
-3.955300
-5.869200
5.614000
12.313000
9.441800
-2.998400
-6.826200
-3.955300
-3.955300
1.786300
-2.041500
-3.955300
-5.869200
-16.396000
-8.740000
6.571000
15.183000
10.399000
17.097000
15.183000
7.527900
1.786300
-1.084500
-7.783100
-10.654000
-2.998400
-0.127590
-9.697000
-9.697000
-6.826200
-4.912300
-8.740000
-12.568000
5.614000
11.356000
7.527900
12.313000
9.441800
6.571000
0.829350
-8.740000
-9.697000
-1.084500
-1.084500
-1.084500
-2.998400
-2.998400
-4.912300
-13.525000
-2.998400
7.527900
5.614000
5.614000
-2.041500
-4.912300
-6.826200
-18.309000
-12.568000
0.829350
1.786300
3.700200
5.614000
-4.912300
-2.041500
9.441800
11.356000
-0.127590
0.829350
16.139999
18.054001
5.614000
-1.084500
-2.041500
-3.955300
-3.955300
-1.084500
-8.740000
-4.912300
0.829350
7.527900
7.527900
3.700200
6.571000
1.786300
2.743200
1.786300
9.441800
16.139999
21.882000
12.313000
1.786300
-4.912300
-14.482000
-13.525000
-10.654000
-2.041500
3.700200
5.614000
-3.955300
-8.740000
-3.955300
-0.127590
-3.955300
6.571000
8.484800
8.484800
3.700200
-0.127590
-5.869200
-14.482000
-15.439000
-3.955300
6.571000
6.571000
5.614000
-2.998400
3.700200
8.484800
0.829350
4.657100
18.054001
27.624001
21.882000
14.226000
10.399000
3.700200
-2.041500
-11.611000
-9.697000
-4.912300
-9.697000
-8.740000
-0.127590
3.700200
3.700200
13.270000
11.356000
8.484800
-7.783100
-14.482000
-10.654000
-11.611000
-3.955300
-2.041500
5.614000
11.356000
6.571000
1.786300
5.614000
11.356000
4.657100
4.657100
13.270000
13.270000
10.399000
2.743200
-4.912300
-0.127590
7.527900
7.527900
-0.127590
0.829350
-4.912300
-2.998400
0.829350
-3.955300
-2.998400
-1.084500
-2.041500
-3.955300
-0.127590
-1.084500
-10.654000
-16.396000
-24.051001
-24.051001
-11.611000
-1.084500
-3.955300
-1.084500
2.743200
1.786300
7.527900
4.657100
-1.084500
-2.998400
4.657100
4.657100
1.786300
-3.955300
-1.084500
15.183000
17.097000
7.527900
-0.127590
8.484800
6.571000
2.743200
-5.869200
-17.351999
-12.568000
-10.654000
-24.051001
-13.525000
8.484800
16.139999
16.139999
6.571000
5.614000
7.527900
6.571000
7.527900
-2.041500
-6.826200
-2.998400
-3.955300
-11.611000
-15.439000
-15.439000
-11.611000
-8.740000
-14.482000
-13.525000
2.743200
13.270000
15.183000
10.399000
9.441800
2.743200
0.829350
-5.869200
-10.654000
-16.396000
-16.396000
-10.654000
-7.783100
-7.783100
-6.826200
-7.783100
-0.127590
14.226000
18.054001
14.226000
7.527900
-2.041500
-2.998400
-9.697000
-14.482000
-9.697000
-6.826200
1.786300
9.441800
8.484800
6.571000
12.313000
13.270000
8.484800
16.139999
18.054001
14.226000
2.743200
-4.912300
-6.826200
-6.826200
-9.697000
1.786300
11.356000
4.657100
1.786300
12.313000
16.139999
-0.127590
-5.869200
-0.127590
-2.998400
-16.396000
-11.611000
-2.998400
-6.826200
-6.826200
-3.955300
15.183000
22.839001
15.183000
9.441800
-2.041500
-11.611000
-13.525000
-13.525000
-24.051001
-20.223000
-8.740000
-11.611000
-5.869200
3.700200
0.829350
1.786300
12.313000
16.139999
17.097000
8.484800
-0.127590
-11.611000
-9.697000
4.657100
4.657100
1.786300
3.700200
1.786300
-3.955300
-17.351999
-17.351999
-4.912300
5.614000
7.527900
14.226000
13.270000
9.441800
6.571000
6.571000
6.571000
-0.127590
-7.783100
-0.127590
-0.127590
0.829350
-2.041500
-5.869200
4.657100
8.484800
3.700200
1.786300
6.571000
1.786300
1.786300
4.657100
1.786300
-3.955300
-7.783100
-2.998400
-5.869200
-5.869200
-9.697000
-11.611000
-2.998400
9.441800
10.399000
10.399000
10.399000
7.527900
-4.912300
-10.654000
-5.869200
-6.826200
-15.439000
-16.396000
2.743200
8.484800
9.441800
16.139999
11.356000
15.183000
22.839001
9.441800
3.700200
8.484800
4.657100
-5.869200
-9.697000
-21.180000
-15.439000
-6.826200
-1.084500
4.657100
2.743200
3.700200
7.527900
9.441800
4.657100
2.743200
3.700200
4.657100
4.657100
-2.998400
-6.826200
-0.127590
-1.084500
2.743200
-0.127590
3.700200
-2.041500
1.786300
6.571000
-2.998400
2.743200
7.527900
2.743200
-5.869200
-6.826200
-8.740000
-6.826200
-7.783100
-6.826200
-2.041500
8.484800
11.356000
5.614000
7.527900
6.571000
11.356000
11.356000
5.614000
7.527900
4.657100
-2.041500
-12.568000
-11.611000
-13.525000
-17.351999
-11.611000
-4.912300
3.700200
13.270000
7.527900
2.743200
-2.998400
-10.654000
-9.697000
-2.998400
-1.084500
1.786300
1.786300
0.829350
6.571000
1.786300
7.527900
11.356000
14.226000
19.011000
6.571000
1.786300
-3.955300
-2.998400
-7.783100
-18.309000
-14.482000
-1.084500
5.614000
3.700200
3.700200
5.614000
12.313000
8.484800
2.743200
1.786300
6.571000
2.743200
-1.084500
-2.041500
1.786300
2.743200
2.743200
4.657100
2.743200
-4.912300
-4.912300
7.527900
16.139999
7.527900
10.399000
12.313000
0.829350
-4.912300
-2.998400
-4.912300
-12.568000
-5.869200
-2.041500
-9.697000
-15.439000
-18.309000
-10.654000
-2.998400
0.829350
-2.998400
2.743200
-9.697000
-9.697000
-2.041500
-4.912300
-4.912300
-8.740000
-19.266001
-14.482000
-13.525000
-13.525000
-2.041500
8.484800
12.313000
10.399000
-2.998400
-2.041500
4.657100
-2.041500
-7.783100
-14.482000
-9.697000
-1.084500
-2.998400
-9.697000
-2.998400
7.527900
4.657100
6.571000
-2.041500
-12.568000
-25.007999
-19.266001
-6.826200
-3.955300
7.527900
11.356000
13.270000
24.753000
27.624001
20.924999
23.796000
20.924999
5.614000
11.356000
8.484800
-4.912300
-15.439000
-15.439000
-7.783100
-10.654000
-8.740000
-9.697000
-2.998400
9.441800
7.527900
5.614000
4.657100
3.700200
0.829350
-4.912300
-10.654000
-5.869200
6.571000
12.313000
15.183000
11.356000
9.441800
6.571000
4.657100
4.657100
0.829350
-6.826200
-7.783100
0.829350
10.399000
14.226000
8.484800
-2.998400
-2.998400
9.441800
8.484800
1.786300
4.657100
5.614000
-2.041500
-5.869200
-6.826200
-2.041500
-2.998400
-8.740000
2.743200
7.527900
1.786300
6.571000
5.614000
11.356000
2.743200
-5.869200
-11.611000
-8.740000
-5.869200
-7.783100
-2.041500
0.829350
-11.611000
-9.697000
-4.912300
-5.869200
-9.697000
-19.266001
-14.482000
10.399000
19.011000
12.313000
4.657100
-3.955300
-7.783100
-11.611000
-7.783100
-7.783100
-3.955300
-3.955300
0.829350
9.441800
7.527900
3.700200
1.786300
8.484800
7.527900
2.743200
14.226000
21.882000
17.097000
7.527900
5.614000
0.829350
-8.740000
-14.482000
-10.654000
-6.826200
3.700200
-1.084500
0.829350
7.527900
5.614000
8.484800
11.356000
11.356000
10.399000
9.441800
6.571000
8.484800
3.700200
-4.912300
-7.783100
-18.309000
-12.568000
-0.127590
0.829350
1.786300
-6.826200
2.743200
16.139999
17.097000
9.441800
4.657100
6.571000
2.743200
-8.740000
-21.180000
-26.922001
-36.491001
-28.836000
-15.439000
-10.654000
6.571000
13.270000
4.657100
12.313000
12.313000
13.270000
7.527900
-1.084500
-10.654000
-5.869200
-4.912300
-14.482000
-14.482000
-13.525000
-8.740000
-12.568000
-0.127590
0.829350
-2.041500
13.270000
20.924999
18.054001
11.356000
5.614000
-3.955300
-5.869200
-6.826200
-6.826200
-5.869200
-1.084500
11.356000
12.313000
7.527900
1.786300
4.657100
6.571000
13.270000
14.226000
1.786300
1.786300
1.786300
2.743200
-2.041500
-8.740000
-8.740000
-11.611000
-2.041500
-2.041500
-3.955300
16.139999
29.537001
21.882000
20.924999
15.183000
2.743200
-8.740000
-22.136999
-19.266001
-11.611000
-11.611000
-8.740000
2.743200
8.484800
11.356000
11.356000
5.614000
-7.783100
-14.482000
17.097000
26.667000
8.484800
2.743200
-2.998400
-7.783100
-13.525000
-20.223000
-17.351999
-18.309000
-7.783100
4.657100
6.571000
14.226000
11.356000
7.527900
0.829350
-2.041500
-0.127590
-5.869200
-0.127590
-2.041500
-4.912300
-2.041500
-7.783100
-7.783100
-9.697000
-5.869200
-10.654000
-2.998400
8.484800
12.313000
10.399000
0.829350
8.484800
10.399000
4.657100
-4.912300
-17.351999
-18.309000
-7.783100
-5.869200
-11.611000
-5.869200
-1.084500
1.786300
0.829350
-5.869200
-9.697000
-15.439000
-15.439000
-8.740000
0.829350
10.399000
20.924999
19.968000
12.313000
7.527900
1.786300
3.700200
-2.998400
2.743200
9.441800
0.829350
-1.084500
-0.127590
-0.127590
2.743200
6.571000
2.743200
-5.869200
-6.826200
8.484800
9.441800
4.657100
4.657100
8.484800
12.313000
8.484800
-1.084500
-10.654000
-9.697000
-0.127590
3.700200
-0.127590
-5.869200
-2.998400
-0.127590
-8.740000
-7.783100
9.441800
10.399000
0.829350
5.614000
14.226000
9.441800
0.829350
-0.127590
3.700200
1.786300
-6.826200
-15.439000
-13.525000
-4.912300
3.700200
7.527900
14.226000
15.183000
13.270000
13.270000
5.614000
-8.740000
-22.136999
-12.568000
4.657100
3.700200
-1.084500
1.786300
4.657100
3.700200
0.829350
10.399000
2.743200
-6.826200
-5.869200
-3.955300
-5.869200
-2.998400
0.829350
-6.826200
-6.826200
4.657100
12.313000
6.571000
2.743200
5.614000
6.571000
-0.127590
-9.697000
-10.654000
-14.482000
-9.697000
-11.611000
-11.611000
0.829350
1.786300
-1.084500
3.700200
14.226000
16.139999
12.313000
11.356000
3.700200
-7.783100
-14.482000
-13.525000
-0.127590
7.527900
3.700200
0.829350
-3.955300
-3.955300
4.657100
16.139999
16.139999
5.614000
22.839001
31.451000
17.097000
0.829350
-14.482000
-14.482000
-10.654000
-15.439000
-12.568000
-1.084500
0.829350
4.657100
-0.127590
3.700200
13.270000
10.399000
13.270000
20.924999
11.356000
13.270000
6.571000
-19.266001
-32.662998
-24.051001
-15.439000
-10.654000
-2.041500
-3.955300
-2.041500
-6.826200
8.484800
6.571000
4.657100
16.139999
17.097000
1.786300
-8.740000
-16.396000
-20.223000
