-6.826200
4.657100
7.527900
11.356000
15.183000
13.270000
4.657100
2.743200
1.786300
0.829350
3.700200
6.571000
3.700200
-3.955300
-10.654000
-15.439000
-18.309000
-20.223000
-16.396000
-10.654000
-2.041500
5.614000
6.571000
3.700200
-2.998400
-3.955300
-4.912300
-1.084500
1.786300
4.657100
0.829350
2.743200
9.441800
12.313000
6.571000
1.786300
-2.998400
-8.740000
-15.439000
-18.309000
-13.525000
-4.912300
4.657100
5.614000
2.743200
-1.084500
-5.869200
-6.826200
-8.740000
-10.654000
-10.654000
-5.869200
-1.084500
1.786300
3.700200
-0.127590
-6.826200
-7.783100
-6.826200
-6.826200
-6.826200
-4.912300
-7.783100
-9.697000
-9.697000
-0.127590
7.527900
9.441800
11.356000
16.139999
15.183000
11.356000
11.356000
6.571000
5.614000
2.743200
-1.084500
-6.826200
-8.740000
-8.740000
-2.998400
0.829350
4.657100
11.356000
18.054001
19.011000
19.968000
18.054001
10.399000
6.571000
1.786300
-0.127590
-0.127590
-2.041500
-6.826200
-6.826200
2.743200
6.571000
7.527900
6.571000
3.700200
2.743200
-0.127590
-4.912300
-4.912300
-5.869200
-5.869200
-6.826200
-5.869200
-5.869200
-4.912300
-5.869200
-5.869200
-3.955300
-1.084500
-2.041500
-2.041500
-2.041500
1.786300
4.657100
5.614000
6.571000
1.786300
-3.955300
-7.783100
-5.869200
-2.998400
-6.826200
-12.568000
-11.611000
-5.869200
0.829350
7.527900
10.399000
13.270000
9.441800
9.441800
8.484800
7.527900
8.484800
3.700200
-2.998400
-5.869200
-9.697000
-8.740000
-2.041500
5.614000
13.270000
19.011000
16.139999
12.313000
12.313000
10.399000
7.527900
-2.041500
-8.740000
-11.611000
-10.654000
-4.912300
6.571000
13.270000
14.226000
10.399000
7.527900
4.657100
0.829350
-0.127590
3.700200
3.700200
3.700200
3.700200
3.700200
2.743200
2.743200
0.829350
-4.912300
-9.697000
-19.266001
-22.136999
-16.396000
-5.869200
4.657100
8.484800
8.484800
2.743200
0.829350
2.743200
5.614000
5.614000
5.614000
6.571000
2.743200
-5.869200
-7.783100
-7.783100
-8.740000
-7.783100
-6.826200
-1.084500
-0.127590
-2.041500
-0.127590
2.743200
0.829350
1.786300
2.743200
-0.127590
-3.955300
-4.912300
-7.783100
-4.912300
-5.869200
-8.740000
-5.869200
-2.041500
6.571000
19.011000
23.796000
22.839001
20.924999
17.097000
10.399000
3.700200
-1.084500
-11.611000
-17.351999
-19.266001
-16.396000
-7.783100
4.657100
17.097000
23.796000
24.753000
19.968000
15.183000
9.441800
1.786300
-2.041500
-2.998400
-5.869200
-7.783100
-7.783100
-8.740000
-13.525000
-13.525000
-7.783100
2.743200
12.313000
19.011000
24.753000
18.054001
4.657100
-9.697000
-19.266001
-25.007999
-25.007999
-19.266001
-10.654000
-5.869200
-0.127590
9.441800
14.226000
15.183000
11.356000
7.527900
6.571000
1.786300
-9.697000
-15.439000
-15.439000
-11.611000
-13.525000
-12.568000
-13.525000
-11.611000
-7.783100
-4.912300
0.829350
-1.084500
-4.912300
-4.912300
-3.955300
-7.783100
-11.611000
-11.611000
-10.654000
-14.482000
-15.439000
-8.740000
1.786300
7.527900
5.614000
3.700200
6.571000
11.356000
10.399000
5.614000
0.829350
-5.869200
-13.525000
-16.396000
-20.223000
-19.266001
-4.912300
10.399000
17.097000
20.924999
24.753000
19.968000
8.484800
-0.127590
-4.912300
-9.697000
-13.525000
-16.396000
-13.525000
-6.826200
-2.041500
4.657100
14.226000
20.924999
26.667000
27.624001
22.839001
16.139999
13.270000
7.527900
2.743200
-2.041500
-6.826200
-4.912300
-3.955300
-2.998400
-0.127590
2.743200
-2.041500
-6.826200
-9.697000
-7.783100
-6.826200
-6.826200
-1.084500
4.657100
6.571000
5.614000
4.657100
1.786300
0.829350
-2.998400
-5.869200
-3.955300
0.829350
1.786300
2.743200
4.657100
2.743200
-3.955300
-9.697000
-7.783100
-4.912300
-2.998400
-1.084500
2.743200
9.441800
9.441800
8.484800
4.657100
-0.127590
1.786300
-0.127590
-2.041500
-6.826200
-8.740000
-8.740000
-11.611000
-7.783100
6.571000
15.183000
18.054001
20.924999
16.139999
12.313000
10.399000
7.527900
2.743200
1.786300
-2.998400
-11.611000
-16.396000
-12.568000
-5.869200
-1.084500
1.786300
-0.127590
-2.998400
-0.127590
6.571000
8.484800
8.484800
4.657100
-2.998400
-6.826200
-7.783100
-9.697000
-16.396000
-17.351999
-11.611000
0.829350
10.399000
14.226000
13.270000
12.313000
5.614000
-1.084500
-6.826200
-11.611000
-15.439000
-16.396000
-18.309000
-15.439000
-8.740000
-0.127590
9.441800
15.183000
16.139999
12.313000
10.399000
11.356000
8.484800
6.571000
11.356000
14.226000
12.313000
8.484800
1.786300
-2.041500
-4.912300
-9.697000
-10.654000
-6.826200
-2.041500
4.657100
7.527900
12.313000
9.441800
6.571000
5.614000
2.743200
-2.041500
-2.998400
-4.912300
-11.611000
-15.439000
-17.351999
-19.266001
-15.439000
-12.568000
-8.740000
-4.912300
-1.084500
3.700200
7.527900
9.441800
8.484800
5.614000
3.700200
2.743200
-0.127590
-2.998400
-2.041500
1.786300
4.657100
4.657100
5.614000
4.657100
5.614000
10.399000
9.441800
3.700200
-1.084500
-7.783100
-6.826200
-2.041500
-3.955300
-4.912300
-0.127590
6.571000
11.356000
18.054001
21.882000
20.924999
14.226000
3.700200
-6.826200
-18.309000
-23.094000
-19.266001
-16.396000
-11.611000
-2.998400
6.571000
13.270000
16.139999
13.270000
8.484800
5.614000
4.657100
4.657100
4.657100
1.786300
-9.697000
-21.180000
-25.007999
-22.136999
-16.396000
-6.826200
2.743200
11.356000
19.011000
18.054001
15.183000
10.399000
1.786300
-5.869200
-7.783100
-6.826200
-3.955300
-2.998400
-0.127590
2.743200
1.786300
-3.955300
-6.826200
0.829350
8.484800
11.356000
12.313000
10.399000
3.700200
2.743200
1.786300
-2.041500
-7.783100
-13.525000
-16.396000
-13.525000
-8.740000
-1.084500
5.614000
9.441800
13.270000
12.313000
8.484800
-0.127590
-3.955300
-5.869200
-7.783100
-4.912300
-2.041500
0.829350
5.614000
10.399000
16.139999
14.226000
10.399000
5.614000
1.786300
-2.041500
1.786300
6.571000
3.700200
-4.912300
-8.740000
-6.826200
-2.998400
5.614000
8.484800
11.356000
13.270000
13.270000
14.226000
9.441800
2.743200
0.829350
1.786300
0.829350
-2.041500
-2.041500
-3.955300
-2.041500
3.700200
5.614000
9.441800
14.226000
10.399000
3.700200
1.786300
-3.955300
-10.654000
-9.697000
-6.826200
-5.869200
-4.912300
-1.084500
6.571000
15.183000
18.054001
18.054001
11.356000
7.527900
2.743200
-7.783100
-15.439000
-22.136999
-28.836000
-31.707001
-31.707001
-29.792999
-18.309000
0.829350
14.226000
22.839001
25.709999
19.968000
17.097000
13.270000
13.270000
5.614000
-4.912300
-11.611000
-21.180000
-20.223000
-13.525000
-7.783100
-1.084500
6.571000
12.313000
14.226000
12.313000
10.399000
5.614000
3.700200
-0.127590
-3.955300
-2.041500
-0.127590
-2.998400
-10.654000
-12.568000
-15.439000
-17.351999
-13.525000
-8.740000
-4.912300
0.829350
4.657100
3.700200
-0.127590
-2.998400
-5.869200
-8.740000
-2.998400
0.829350
-0.127590
-3.955300
-2.041500
-0.127590
1.786300
1.786300
1.786300
5.614000
6.571000
-2.041500
-6.826200
-11.611000
-13.525000
-12.568000
-7.783100
-3.955300
0.829350
4.657100
8.484800
16.139999
21.882000
22.839001
20.924999
12.313000
-8.740000
-25.965000
-28.836000
-23.094000
-13.525000
-0.127590
8.484800
8.484800
4.657100
0.829350
-2.041500
0.829350
4.657100
2.743200
-0.127590
-2.041500
-1.084500
-2.998400
-8.740000
-13.525000
-17.351999
-17.351999
-15.439000
-9.697000
-3.955300
1.786300
7.527900
14.226000
14.226000
16.139999
20.924999
17.097000
10.399000
1.786300
-11.611000
-14.482000
-17.351999
-19.266001
-9.697000
-5.869200
-3.955300
-2.041500
5.614000
15.183000
19.011000
19.011000
17.097000
12.313000
10.399000
5.614000
-0.127590
-6.826200
-11.611000
-13.525000
-18.309000
-17.351999
-10.654000
-0.127590
13.270000
23.796000
27.624001
26.667000
19.968000
13.270000
3.700200
-1.084500
-2.041500
-5.869200
-11.611000
-15.439000
-12.568000
-12.568000
-14.482000
-5.869200
4.657100
11.356000
15.183000
16.139999
12.313000
8.484800
7.527900
4.657100
-0.127590
-4.912300
-8.740000
-11.611000
-11.611000
-8.740000
-6.826200
-2.041500
-0.127590
1.786300
1.786300
5.614000
6.571000
6.571000
-2.998400
-14.482000
-19.266001
-17.351999
-10.654000
-5.869200
-1.084500
0.829350
2.743200
7.527900
12.313000
11.356000
6.571000
0.829350
-3.955300
-6.826200
-4.912300
-3.955300
-3.955300
-3.955300
-3.955300
-3.955300
-3.955300
-0.127590
0.829350
-0.127590
1.786300
-2.998400
-10.654000
-11.611000
-3.955300
2.743200
9.441800
12.313000
7.527900
0.829350
-0.127590
3.700200
6.571000
5.614000
2.743200
0.829350
1.786300
-0.127590
-0.127590
1.786300
-0.127590
-2.041500
-4.912300
-5.869200
-2.998400
-1.084500
-2.998400
-5.869200
-4.912300
0.829350
3.700200
3.700200
6.571000
12.313000
12.313000
12.313000
8.484800
1.786300
-5.869200
-10.654000
-14.482000
-11.611000
-2.998400
4.657100
12.313000
15.183000
17.097000
16.139999
17.097000
17.097000
14.226000
6.571000
-5.869200
-14.482000
-11.611000
-5.869200
3.700200
13.270000
16.139999
19.011000
17.097000
11.356000
3.700200
-2.998400
-9.697000
-15.439000
-16.396000
-14.482000
-7.783100
-2.041500
-2.041500
-4.912300
-7.783100
-5.869200
-2.041500
3.700200
8.484800
8.484800
11.356000
13.270000
4.657100
-3.955300
-7.783100
-10.654000
-9.697000
-8.740000
-11.611000
-11.611000
-5.869200
8.484800
20.924999
25.709999
20.924999
11.356000
1.786300
-3.955300
-7.783100
-13.525000
-13.525000
-9.697000
-9.697000
-11.611000
-10.654000
-5.869200
-2.998400
1.786300
10.399000
17.097000
19.968000
14.226000
5.614000
-1.084500
-2.041500
-2.041500
-2.998400
-6.826200
-9.697000
-7.783100
-5.869200
-3.955300
-2.998400
-1.084500
0.829350
2.743200
7.527900
13.270000
14.226000
9.441800
0.829350
-5.869200
-12.568000
-16.396000
-16.396000
-10.654000
-3.955300
0.829350
4.657100
9.441800
13.270000
9.441800
7.527900
4.657100
-2.041500
-8.740000
-13.525000
-16.396000
-14.482000
-7.783100
2.743200
9.441800
13.270000
14.226000
13.270000
8.484800
4.657100
4.657100
1.786300
-1.084500
-4.912300
-7.783100
-11.611000
-17.351999
-18.309000
-15.439000
-6.826200
4.657100
10.399000
14.226000
14.226000
14.226000
12.313000
9.441800
3.700200
-5.869200
-14.482000
-17.351999
-21.180000
-27.879000
-31.707001
-25.965000
-14.482000
-2.041500
7.527900
12.313000
13.270000
22.839001
22.839001
16.139999
7.527900
2.743200
-0.127590
-3.955300
-12.568000
-21.180000
-28.836000
-28.836000
-20.223000
-7.783100
5.614000
19.968000
24.753000
19.968000
14.226000
10.399000
6.571000
2.743200
-2.041500
-1.084500
2.743200
1.786300
0.829350
4.657100
9.441800
12.313000
12.313000
