-0.258900
-2.200600
1.682800
11.392000
16.246000
13.333000
6.537200
0.711970
7.508100
8.479000
7.508100
6.537200
1.682800
5.566300
9.449800
8.479000
9.449800
7.508100
1.682800
3.624600
5.566300
2.653700
7.508100
6.537200
-5.113300
-8.996800
-7.055000
-6.084100
-5.113300
-6.084100
-3.171500
-0.258900
5.566300
3.624600
4.595500
2.653700
-1.229800
-4.142400
-6.084100
-1.229800
5.566300
11.392000
8.479000
8.479000
7.508100
8.479000
11.392000
6.537200
-0.258900
-1.229800
-0.258900
-6.084100
-23.559999
-30.356001
-17.735001
-6.084100
-2.200600
1.682800
5.566300
6.537200
9.449800
8.479000
5.566300
-1.229800
-0.258900
-3.171500
-7.055000
-6.084100
-5.113300
-2.200600
-1.229800
-3.171500
-3.171500
-4.142400
-3.171500
-4.142400
-7.055000
-8.025900
-9.967600
-10.939000
-12.880000
-3.171500
9.449800
15.275000
14.304000
8.479000
3.624600
1.682800
-7.055000
-8.996800
-6.084100
-7.055000
-8.996800
-7.055000
-8.025900
-4.142400
3.624600
13.333000
8.479000
-2.200600
-3.171500
1.682800
1.682800
2.653700
5.566300
16.246000
16.246000
8.479000
1.682800
-3.171500
-4.142400
-7.055000
-9.967600
-8.996800
-3.171500
3.624600
4.595500
2.653700
7.508100
11.392000
14.304000
19.159000
27.896000
18.188000
2.653700
-2.200600
-6.084100
-7.055000
-3.171500
-3.171500
-5.113300
-7.055000
-5.113300
-3.171500
6.537200
22.070999
25.955000
16.246000
12.362000
9.449800
2.653700
-1.229800
-2.200600
-10.939000
-9.967600
-5.113300
-3.171500
-6.084100
-5.113300
-4.142400
-3.171500
6.537200
14.304000
7.508100
-1.229800
-7.055000
-11.909000
-19.676001
-21.618000
-14.822000
-9.967600
-1.229800
8.479000
11.392000
11.392000
13.333000
18.188000
11.392000
7.508100
7.508100
3.624600
2.653700
-7.055000
-14.822000
-15.793000
-11.909000
-5.113300
-2.200600
2.653700
9.449800
4.595500
0.711970
-0.258900
-1.229800
-0.258900
-0.258900
-1.229800
2.653700
3.624600
1.682800
-2.200600
-3.171500
-1.229800
-0.258900
2.653700
1.682800
1.682800
0.711970
1.682800
-2.200600
-3.171500
-3.171500
-6.084100
-7.055000
-7.055000
-7.055000
-1.229800
6.537200
5.566300
3.624600
-3.171500
-0.258900
4.595500
4.595500
1.682800
-5.113300
-12.880000
-6.084100
3.624600
5.566300
7.508100
13.333000
16.246000
12.362000
4.595500
2.653700
-2.200600
-5.113300
-8.025900
-13.851000
-6.084100
-1.229800
-5.113300
-10.939000
-16.764000
-12.880000
-4.142400
-5.113300
-10.939000
-5.113300
5.566300
10.421000
4.595500
0.711970
0.711970
-4.142400
-2.200600
-3.171500
-2.200600
2.653700
-0.258900
-6.084100
-6.084100
1.682800
5.566300
0.711970
4.595500
13.333000
11.392000
2.653700
-2.200600
-1.229800
-3.171500
-7.055000
-4.142400
-3.171500
-2.200600
-2.200600
-3.171500
3.624600
6.537200
6.537200
8.479000
10.421000
7.508100
0.711970
-0.258900
1.682800
2.653700
2.653700
-1.229800
-3.171500
0.711970
6.537200
0.711970
-1.229800
1.682800
0.711970
-3.171500
-4.142400
0.711970
0.711970
1.682800
1.682800
3.624600
7.508100
8.479000
5.566300
2.653700
-2.200600
-1.229800
1.682800
1.682800
4.595500
9.449800
10.421000
4.595500
1.682800
-6.084100
-8.996800
-5.113300
-3.171500
-7.055000
-6.084100
2.653700
11.392000
9.449800
9.449800
9.449800
2.653700
-5.113300
-2.200600
0.711970
3.624600
5.566300
0.711970
6.537200
8.479000
-4.142400
-4.142400
0.711970
-8.996800
-17.735001
-8.025900
1.682800
2.653700
2.653700
6.537200
9.449800
5.566300
5.566300
11.392000
9.449800
4.595500
-3.171500
-6.084100
-9.967600
-9.967600
-3.171500
1.682800
3.624600
0.711970
-0.258900
-1.229800
-3.171500
-0.258900
-3.171500
-2.200600
-3.171500
-8.996800
-11.909000
-2.200600
-0.258900
-5.113300
-7.055000
-3.171500
6.537200
9.449800
8.479000
11.392000
12.362000
7.508100
1.682800
0.711970
4.595500
6.537200
6.537200
-0.258900
-4.142400
-7.055000
-9.967600
-8.025900
-1.229800
-1.229800
-0.258900
-6.084100
-12.880000
-14.822000
-16.764000
-9.967600
-2.200600
11.392000
17.216999
16.246000
10.421000
-1.229800
-1.229800
-0.258900
-3.171500
2.653700
5.566300
-4.142400
-9.967600
-7.055000
-7.055000
-9.967600
-17.735001
-19.676001
-13.851000
-12.880000
-10.939000
-4.142400
4.595500
7.508100
10.421000
7.508100
9.449800
13.333000
10.421000
4.595500
-1.229800
-4.142400
-5.113300
1.682800
12.362000
19.159000
22.070999
25.955000
31.780001
36.633999
37.605000
35.662998
24.983999
18.188000
11.392000
0.711970
-4.142400
-3.171500
-3.171500
-3.171500
-3.171500
-1.229800
-4.142400
-10.939000
-12.880000
-9.967600
-3.171500
0.711970
-2.200600
-11.909000
-13.851000
-11.909000
-12.880000
-7.055000
-3.171500
-8.025900
-10.939000
-7.055000
-10.939000
-19.676001
-23.559999
-27.443001
-28.414000
-17.735001
-6.084100
4.595500
6.537200
3.624600
0.711970
-9.967600
-9.967600
-7.055000
-4.142400
-0.258900
-3.171500
-9.967600
-8.996800
-13.851000
-8.996800
2.653700
5.566300
6.537200
4.595500
-4.142400
-8.025900
-12.880000
-13.851000
-11.909000
-15.793000
-12.880000
-5.113300
-4.142400
-6.084100
-0.258900
4.595500
5.566300
4.595500
0.711970
5.566300
12.362000
14.304000
10.421000
1.682800
-1.229800
-1.229800
-1.229800
-0.258900
4.595500
8.479000
12.362000
11.392000
5.566300
-0.258900
-8.025900
-8.996800
-3.171500
0.711970
9.449800
8.479000
6.537200
3.624600
1.682800
2.653700
-0.258900
-1.229800
3.624600
10.421000
12.362000
7.508100
7.508100
10.421000
9.449800
-0.258900
0.711970
8.479000
6.537200
6.537200
6.537200
-5.113300
-14.822000
-12.880000
-15.793000
-16.764000
-11.909000
-8.996800
-10.939000
-10.939000
-6.084100
-1.229800
0.711970
6.537200
9.449800
7.508100
1.682800
-5.113300
-6.084100
-7.055000
-11.909000
-8.996800
-0.258900
4.595500
9.449800
12.362000
12.362000
3.624600
-0.258900
4.595500
3.624600
3.624600
4.595500
-1.229800
-3.171500
-8.025900
-7.055000
-4.142400
-8.025900
-7.055000
-4.142400
-3.171500
3.624600
4.595500
2.653700
3.624600
0.711970
-1.229800
5.566300
6.537200
8.479000
7.508100
0.711970
-1.229800
5.566300
10.421000
12.362000
13.333000
8.479000
3.624600
5.566300
4.595500
-1.229800
-7.055000
-5.113300
-4.142400
-3.171500
0.711970
2.653700
-0.258900
-8.996800
-4.142400
6.537200
10.421000
6.537200
-5.113300
-3.171500
3.624600
7.508100
9.449800
10.421000
6.537200
4.595500
3.624600
0.711970
-2.200600
-1.229800
-0.258900
-8.025900
-9.967600
-8.996800
-9.967600
-8.996800
-10.939000
-8.025900
-5.113300
-2.200600
2.653700
11.392000
18.188000
17.216999
14.304000
11.392000
2.653700
2.653700
1.682800
2.653700
1.682800
-0.258900
2.653700
5.566300
-0.258900
-4.142400
-4.142400
3.624600
6.537200
4.595500
9.449800
8.479000
0.711970
-4.142400
-9.967600
-7.055000
-0.258900
-0.258900
-4.142400
-1.229800
-2.200600
-13.851000
-19.676001
-15.793000
-2.200600
7.508100
9.449800
15.275000
16.246000
11.392000
2.653700
-4.142400
-6.084100
-2.200600
-4.142400
-8.025900
-12.880000
-8.996800
-2.200600
-4.142400
-2.200600
-0.258900
1.682800
6.537200
6.537200
0.711970
-1.229800
-4.142400
-7.055000
-14.822000
-19.676001
-17.735001
-16.764000
-12.880000
-3.171500
11.392000
24.983999
25.955000
19.159000
8.479000
6.537200
2.653700
-6.084100
-9.967600
-15.793000
-16.764000
-10.939000
-4.142400
3.624600
3.624600
1.682800
5.566300
8.479000
3.624600
0.711970
-0.258900
0.711970
8.479000
11.392000
2.653700
-6.084100
-10.939000
-6.084100
-8.025900
-3.171500
-0.258900
-7.055000
0.711970
11.392000
8.479000
1.682800
0.711970
-5.113300
-5.113300
-3.171500
-6.084100
1.682800
9.449800
13.333000
13.333000
5.566300
2.653700
-1.229800
-7.055000
-11.909000
-10.939000
-5.113300
-5.113300
-1.229800
2.653700
12.362000
15.275000
19.159000
14.304000
-0.258900
-8.025900
-19.676001
-24.531000
-17.735001
-10.939000
-3.171500
4.595500
5.566300
4.595500
3.624600
-2.200600
-1.229800
0.711970
-7.055000
-5.113300
0.711970
2.653700
6.537200
6.537200
10.421000
11.392000
4.595500
10.421000
14.304000
9.449800
0.711970
-3.171500
-8.996800
-19.676001
-17.735001
-17.735001
-10.939000
-0.258900
3.624600
8.479000
12.362000
7.508100
6.537200
6.537200
2.653700
1.682800
5.566300
-0.258900
-6.084100
-8.025900
-3.171500
0.711970
-7.055000
-0.258900
0.711970
-9.967600
-9.967600
-8.025900
-5.113300
-4.142400
3.624600
7.508100
7.508100
0.711970
-4.142400
-0.258900
0.711970
0.711970
11.392000
18.188000
22.070999
24.983999
23.042000
22.070999
17.216999
11.392000
0.711970
-11.909000
-15.793000
-9.967600
-8.996800
-12.880000
-8.996800
-2.200600
7.508100
13.333000
14.304000
15.275000
14.304000
9.449800
9.449800
13.333000
6.537200
-6.084100
-8.025900
-8.996800
-2.200600
13.333000
24.013000
24.013000
19.159000
10.421000
0.711970
-2.200600
-6.084100
-2.200600
-3.171500
-10.939000
-14.822000
-8.996800
-4.142400
-6.084100
-4.142400
-3.171500
-3.171500
-8.996800
-16.764000
-16.764000
-12.880000
-15.793000
-13.851000
-7.055000
1.682800
4.595500
8.479000
15.275000
18.188000
24.013000
25.955000
22.070999
12.362000
1.682800
-8.025900
-18.705999
-27.443001
-27.443001
-21.618000
-23.559999
-19.676001
-15.793000
-5.113300
4.595500
2.653700
6.537200
9.449800
5.566300
3.624600
-7.055000
-22.589001
-27.443001
-25.502001
-16.764000
-4.142400
-1.229800
1.682800
8.479000
12.362000
12.362000
15.275000
12.362000
7.508100
0.711970
-9.967600
-18.705999
-23.559999
-23.559999
-25.502001
-23.559999
-18.705999
-12.880000
-3.171500
-0.258900
0.711970
3.624600
9.449800
9.449800
9.449800
5.566300
1.682800
0.711970
0.711970
1.682800
-2.200600
-2.200600
-1.229800
-9.967600
-9.967600
-10.939000
-12.880000
-5.113300
-2.200600
-7.055000
-1.229800
4.595500
5.566300
11.392000
10.421000
10.421000
13.333000
8.479000
14.304000
10.421000
-3.171500
-8.996800
-12.880000
-14.822000
-5.113300
3.624600
2.653700
-4.142400
-9.967600
-10.939000
-14.822000
-13.851000
-6.084100
1.682800
11.392000
13.333000
15.275000
15.275000
11.392000
7.508100
2.653700
-5.113300
-17.735001
-19.676001
-8.025900
5.566300
16.246000
22.070999
24.013000
22.070999
17.216999
15.275000
16.246000
15.275000
11.392000
6.537200
0.711970
-2.200600
-8.996800
-7.055000
-2.200600
-0.258900
0.711970
1.682800
1.682800
1.682800
0.711970
4.595500
7.508100
7.508100
0.711970
-4.142400
-0.258900
1.682800
1.682800
8.479000
8.479000
7.508100
11.392000
8.479000
15.275000
14.304000
7.508100
3.624600
2.653700
-0.258900
-7.055000
-11.909000
