-1.777800
-2.730200
-3.682500
-2.730200
-2.730200
-0.825400
1.079400
2.984100
2.984100
3.936500
4.888900
4.888900
2.984100
2.031700
0.126980
-0.825400
-0.825400
-1.777800
-3.682500
-4.634900
-2.730200
-2.730200
-2.730200
-3.682500
-2.730200
-3.682500
-3.682500
-1.777800
-0.825400
1.079400
2.984100
4.888900
3.936500
3.936500
-0.825400
-4.634900
-4.634900
-6.539700
-7.492100
-5.587300
-4.634900
-4.634900
-4.634900
-2.730200
-2.730200
-3.682500
-3.682500
-4.634900
-4.634900
-5.587300
-4.634900
-4.634900
-3.682500
-1.777800
-0.825400
-1.777800
0.126980
1.079400
2.984100
4.888900
5.841300
6.793700
6.793700
7.746000
7.746000
7.746000
6.793700
5.841300
5.841300
3.936500
1.079400
-0.825400
-1.777800
-3.682500
-2.730200
-1.777800
-2.730200
-1.777800
-0.825400
-0.825400
2.031700
3.936500
9.650800
12.508000
12.508000
10.603000
9.650800
7.746000
6.793700
7.746000
6.793700
4.888900
2.031700
1.079400
1.079400
2.984100
1.079400
0.126980
0.126980
1.079400
3.936500
3.936500
2.031700
-0.825400
-3.682500
-5.587300
-5.587300
-4.634900
-3.682500
-4.634900
-3.682500
-4.634900
-3.682500
-0.825400
1.079400
2.984100
2.984100
2.031700
2.031700
2.984100
2.031700
0.126980
-0.825400
-2.730200
-3.682500
-3.682500
-1.777800
0.126980
2.984100
2.984100
2.984100
2.984100
1.079400
0.126980
1.079400
2.031700
2.031700
2.031700
0.126980
-0.825400
1.079400
1.079400
-1.777800
-1.777800
-0.825400
-1.777800
-1.777800
-1.777800
-0.825400
-0.825400
-1.777800
0.126980
2.031700
2.031700
2.031700
2.031700
2.984100
3.936500
2.031700
0.126980
0.126980
0.126980
-1.777800
-2.730200
-1.777800
-1.777800
-0.825400
2.031700
2.984100
3.936500
4.888900
3.936500
2.984100
2.031700
2.984100
2.984100
2.031700
2.031700
2.984100
3.936500
4.888900
4.888900
5.841300
6.793700
4.888900
4.888900
2.031700
0.126980
-3.682500
-4.634900
-5.587300
-4.634900
-2.730200
-0.825400
-0.825400
-1.777800
-1.777800
0.126980
-0.825400
-2.730200
-2.730200
-4.634900
-4.634900
-1.777800
1.079400
2.984100
2.984100
1.079400
1.079400
2.031700
2.984100
0.126980
-0.825400
-1.777800
-2.730200
-0.825400
1.079400
0.126980
0.126980
1.079400
2.984100
3.936500
4.888900
4.888900
2.984100
1.079400
-0.825400
-4.634900
-6.539700
-5.587300
-3.682500
-2.730200
-2.730200
-0.825400
-0.825400
-0.825400
0.126980
0.126980
0.126980
1.079400
1.079400
2.984100
2.984100
2.031700
2.984100
2.031700
1.079400
-1.777800
-4.634900
-4.634900
-4.634900
-4.634900
-3.682500
-3.682500
-0.825400
1.079400
3.936500
5.841300
4.888900
6.793700
7.746000
7.746000
3.936500
0.126980
-2.730200
-2.730200
-2.730200
-2.730200
0.126980
0.126980
0.126980
0.126980
2.031700
1.079400
1.079400
-0.825400
-4.634900
-5.587300
-7.492100
-6.539700
-5.587300
-4.634900
-3.682500
-2.730200
0.126980
1.079400
1.079400
1.079400
-0.825400
0.126980
-1.777800
-1.777800
-3.682500
-6.539700
-8.444400
-7.492100
-6.539700
-5.587300
-4.634900
-5.587300
-5.587300
-5.587300
-1.777800
1.079400
2.031700
3.936500
6.793700
6.793700
4.888900
4.888900
3.936500
2.984100
3.936500
4.888900
2.984100
2.031700
2.031700
0.126980
-2.730200
-1.777800
0.126980
1.079400
1.079400
0.126980
0.126980
2.031700
2.984100
2.984100
2.031700
0.126980
-0.825400
-2.730200
-6.539700
-7.492100
-7.492100
-7.492100
-6.539700
-4.634900
-4.634900
-5.587300
-1.777800
-0.825400
-0.825400
0.126980
0.126980
0.126980
1.079400
1.079400
1.079400
-0.825400
-1.777800
-1.777800
0.126980
2.031700
1.079400
0.126980
2.031700
2.984100
2.984100
2.984100
1.079400
-3.682500
-3.682500
-2.730200
-3.682500
-5.587300
-6.539700
-8.444400
-7.492100
-5.587300
-2.730200
-3.682500
-1.777800
-2.730200
-0.825400
2.031700
2.031700
2.031700
2.031700
1.079400
2.031700
4.888900
3.936500
3.936500
2.031700
1.079400
2.031700
2.031700
2.984100
3.936500
3.936500
3.936500
2.031700
-0.825400
0.126980
0.126980
2.031700
1.079400
0.126980
-1.777800
-1.777800
-0.825400
-0.825400
0.126980
2.031700
2.031700
2.984100
4.888900
4.888900
6.793700
8.698400
8.698400
6.793700
6.793700
4.888900
2.984100
2.031700
0.126980
-0.825400
-0.825400
-1.777800
-4.634900
-5.587300
-3.682500
-2.730200
-1.777800
1.079400
2.031700
3.936500
4.888900
4.888900
4.888900
2.984100
1.079400
0.126980
-0.825400
-0.825400
-0.825400
-1.777800
-0.825400
-0.825400
-0.825400
0.126980
2.031700
1.079400
1.079400
2.031700
-0.825400
-2.730200
-1.777800
-2.730200
-1.777800
-3.682500
-3.682500
-2.730200
-3.682500
-1.777800
-0.825400
-1.777800
-1.777800
2.031700
6.793700
10.603000
12.508000
12.508000
12.508000
11.556000
7.746000
4.888900
3.936500
2.984100
2.984100
3.936500
3.936500
4.888900
5.841300
3.936500
2.031700
1.079400
0.126980
1.079400
1.079400
1.079400
2.984100
0.126980
-1.777800
-2.730200
-3.682500
-2.730200
-2.730200
-0.825400
2.984100
2.984100
3.936500
4.888900
3.936500
2.984100
0.126980
-2.730200
-1.777800
-2.730200
-4.634900
-4.634900
-3.682500
-3.682500
-1.777800
-1.777800
-1.777800
0.126980
2.031700
2.031700
2.984100
2.984100
2.984100
2.984100
3.936500
3.936500
3.936500
3.936500
2.984100
4.888900
4.888900
3.936500
1.079400
-0.825400
0.126980
-0.825400
-0.825400
0.126980
1.079400
0.126980
0.126980
0.126980
-1.777800
-3.682500
-4.634900
-4.634900
-4.634900
-4.634900
-4.634900
-1.777800
0.126980
0.126980
2.031700
3.936500
4.888900
3.936500
2.031700
1.079400
-1.777800
-3.682500
-2.730200
-1.777800
-1.777800
-0.825400
0.126980
0.126980
0.126980
2.984100
3.936500
2.984100
2.031700
2.031700
3.936500
3.936500
3.936500
3.936500
3.936500
2.984100
2.031700
1.079400
1.079400
-0.825400
-1.777800
-2.730200
-3.682500
-3.682500
-1.777800
-0.825400
2.031700
2.984100
1.079400
-2.730200
-3.682500
-2.730200
-2.730200
-2.730200
-4.634900
-5.587300
-3.682500
-3.682500
-3.682500
-3.682500
-3.682500
-2.730200
-0.825400
0.126980
-0.825400
-1.777800
-2.730200
-0.825400
-0.825400
-1.777800
-2.730200
-2.730200
1.079400
2.984100
3.936500
4.888900
4.888900
5.841300
7.746000
7.746000
5.841300
2.031700
1.079400
3.936500
2.984100
1.079400
0.126980
1.079400
0.126980
2.031700
1.079400
2.031700
4.888900
6.793700
3.936500
2.031700
0.126980
-2.730200
-2.730200
-2.730200
-2.730200
-2.730200
-3.682500
-5.587300
-4.634900
-4.634900
-2.730200
-1.777800
-1.777800
-1.777800
-3.682500
-2.730200
2.031700
6.793700
8.698400
8.698400
7.746000
6.793700
5.841300
4.888900
2.031700
-0.825400
-4.634900
-5.587300
-4.634900
-1.777800
-1.777800
0.126980
2.984100
6.793700
7.746000
4.888900
2.031700
1.079400
-1.777800
-4.634900
-5.587300
-3.682500
-2.730200
-1.777800
-0.825400
0.126980
2.031700
3.936500
4.888900
6.793700
6.793700
5.841300
4.888900
4.888900
2.031700
0.126980
-0.825400
-1.777800
-3.682500
-4.634900
-3.682500
-2.730200
-1.777800
-2.730200
-4.634900
-4.634900
-2.730200
-0.825400
0.126980
-0.825400
-0.825400
0.126980
1.079400
-1.777800
-5.587300
-8.444400
-7.492100
-7.492100
-6.539700
-7.492100
-7.492100
-4.634900
-3.682500
-2.730200
1.079400
2.984100
4.888900
3.936500
2.031700
1.079400
1.079400
1.079400
-0.825400
-1.777800
-1.777800
-1.777800
2.031700
2.984100
1.079400
2.031700
2.031700
3.936500
6.793700
8.698400
8.698400
9.650800
9.650800
6.793700
4.888900
3.936500
2.031700
1.079400
0.126980
0.126980
-0.825400
-2.730200
-4.634900
-4.634900
-3.682500
-1.777800
-2.730200
-4.634900
-5.587300
-6.539700
-5.587300
-5.587300
-6.539700
-6.539700
-5.587300
-3.682500
-3.682500
-4.634900
-4.634900
-1.777800
-1.777800
0.126980
2.984100
4.888900
5.841300
4.888900
4.888900
2.984100
2.031700
0.126980
0.126980
2.984100
4.888900
7.746000
6.793700
4.888900
4.888900
5.841300
4.888900
3.936500
2.984100
3.936500
3.936500
2.031700
-0.825400
-3.682500
-3.682500
-2.730200
-1.777800
0.126980
0.126980
1.079400
1.079400
-0.825400
-0.825400
-1.777800
-0.825400
0.126980
2.031700
3.936500
3.936500
2.031700
2.031700
2.031700
2.984100
2.031700
2.031700
0.126980
-1.777800
-1.777800
-3.682500
-1.777800
-0.825400
-1.777800
-0.825400
-0.825400
0.126980
2.031700
3.936500
5.841300
5.841300
3.936500
2.031700
0.126980
-0.825400
-2.730200
-5.587300
-7.492100
-8.444400
-4.634900
-4.634900
-6.539700
-5.587300
-7.492100
-6.539700
-3.682500
-0.825400
1.079400
1.079400
2.984100
3.936500
2.031700
-0.825400
-4.634900
-7.492100
-9.396800
-8.444400
-7.492100
-7.492100
-7.492100
-5.587300
-5.587300
-1.777800
3.936500
5.841300
4.888900
3.936500
2.031700
0.126980
-5.587300
-8.444400
-6.539700
-3.682500
-0.825400
2.031700
3.936500
3.936500
4.888900
4.888900
2.984100
1.079400
-0.825400
-0.825400
0.126980
1.079400
2.031700
2.984100
4.888900
3.936500
3.936500
4.888900
4.888900
3.936500
4.888900
4.888900
3.936500
2.984100
2.984100
2.984100
2.984100
4.888900
4.888900
2.984100
1.079400
2.031700
2.984100
2.984100
2.031700
0.126980
0.126980
1.079400
2.031700
2.984100
2.984100
2.031700
1.079400
0.126980
-1.777800
-4.634900
-7.492100
-7.492100
-7.492100
-6.539700
-4.634900
-3.682500
-0.825400
2.031700
2.984100
4.888900
6.793700
7.746000
6.793700
4.888900
3.936500
2.984100
1.079400
-2.730200
-3.682500
-2.730200
0.126980
2.984100
2.984100
2.031700
0.126980
-2.730200
-3.682500
-3.682500
-2.730200
-3.682500
-5.587300
-5.587300
-2.730200
-0.825400
0.126980
2.031700
2.984100
2.984100
2.984100
5.841300
7.746000
9.650800
7.746000
3.936500
-0.825400
-1.777800
-0.825400
2.031700
2.031700
0.126980
0.126980
0.126980
-0.825400
0.126980
-1.777800
-2.730200
-1.777800
-0.825400
0.126980
0.126980
0.126980
-0.825400
1.079400
3.936500
5.841300
4.888900
2.031700
-0.825400
0.126980
0.126980
0.126980
1.079400
0.126980
0.126980
0.126980
1.079400
2.984100
2.984100
1.079400
0.126980
-1.777800
-3.682500
-3.682500
-2.730200
-4.634900
-3.682500
-0.825400
0.126980
0.126980
2.031700
2.984100
1.079400
0.126980
0.126980
1.079400
-0.825400
-1.777800
-2.730200
-1.777800
-2.730200
-2.730200
-1.777800
-1.777800
-1.777800
-1.777800
-3.682500
-2.730200
-1.777800
-0.825400
1.079400
1.079400
1.079400
