-10.256000
-8.333300
-5.769200
-1.923100
1.923100
2.564100
7.051300
12.179000
12.821000
7.051300
-1.923100
-5.128200
-6.410300
-7.692300
-3.205100
-0.641030
-3.846200
-5.128200
3.846200
8.974400
12.821000
16.025999
14.744000
12.179000
3.846200
-4.487200
-12.179000
-16.667000
-13.462000
-7.692300
2.564100
16.025999
19.872000
17.308001
15.385000
12.821000
4.487200
-1.282100
3.205100
0.000000
-1.923100
9.615400
17.948999
23.718000
25.000000
17.308001
3.205100
1.923100
-1.923100
-7.051300
-7.692300
-8.333300
-5.769200
5.769200
14.103000
16.667000
11.538000
7.692300
1.923100
-5.769200
-6.410300
-5.769200
-1.923100
3.205100
8.974400
10.256000
2.564100
-4.487200
-16.025999
-30.768999
-28.846001
-12.179000
5.128200
18.590000
23.718000
22.436001
14.103000
10.256000
5.128200
-3.846200
-8.333300
-17.308001
-24.358999
-19.231001
-15.385000
-8.333300
-4.487200
-0.641030
-1.282100
-2.564100
2.564100
3.205100
0.000000
0.641030
0.000000
-5.769200
-12.821000
-12.821000
-11.538000
-8.333300
-3.846200
1.923100
5.769200
4.487200
1.923100
-5.769200
-5.128200
3.846200
8.974400
9.615400
8.974400
4.487200
1.282100
2.564100
4.487200
2.564100
-3.205100
-16.025999
-23.077000
-17.948999
-16.025999
-12.179000
-3.205100
5.769200
12.821000
16.025999
16.025999
17.948999
9.615400
0.000000
-7.051300
-9.615400
-4.487200
-1.923100
2.564100
11.538000
17.948999
14.103000
9.615400
4.487200
3.846200
11.538000
11.538000
7.692300
0.641030
-3.205100
0.000000
1.923100
4.487200
7.692300
7.692300
9.615400
6.410300
3.205100
5.769200
7.692300
9.615400
6.410300
4.487200
8.333300
16.667000
23.718000
18.590000
8.974400
-4.487200
-14.103000
-25.641001
-34.615002
-29.487000
-19.872000
-1.923100
18.590000
31.410000
28.846001
18.590000
11.538000
1.282100
-4.487200
-8.333300
-11.538000
-10.256000
-15.385000
-20.513000
-26.923000
-33.333000
-32.050999
-16.025999
3.205100
17.308001
26.282000
28.205000
21.795000
13.462000
3.205100
-5.128200
-21.153999
-39.103001
-42.307999
-40.384998
-25.641001
-11.538000
-2.564100
10.256000
19.872000
19.872000
20.513000
15.385000
7.692300
0.000000
-8.333300
-19.872000
-28.205000
-33.973999
-33.973999
-28.846001
-17.308001
-1.923100
13.462000
20.513000
14.744000
14.103000
13.462000
3.205100
-12.821000
-26.282000
-32.692001
-29.487000
-19.872000
-11.538000
3.846200
12.821000
23.077000
30.128000
26.923000
21.795000
16.025999
5.769200
-3.205100
-12.821000
-23.718000
-26.282000
-18.590000
-7.051300
1.923100
14.103000
21.153999
24.358999
28.846001
27.563999
24.358999
19.872000
12.179000
5.769200
-1.923100
-12.821000
-19.872000
-17.308001
-9.615400
0.641030
10.897000
10.256000
13.462000
16.025999
17.308001
14.103000
7.692300
0.000000
-10.897000
-14.103000
-17.308001
-15.385000
-5.128200
3.846200
5.128200
2.564100
3.205100
2.564100
2.564100
0.641030
3.205100
7.692300
4.487200
-3.846200
-8.974400
-8.333300
0.641030
1.923100
1.282100
-2.564100
-3.846200
-4.487200
-7.692300
-8.333300
-7.692300
-0.641030
5.769200
4.487200
6.410300
10.256000
15.385000
20.513000
17.948999
10.897000
3.846200
-4.487200
-10.256000
-8.974400
-4.487200
-3.846200
-3.846200
-7.051300
-6.410300
-0.641030
1.923100
3.205100
4.487200
1.282100
-5.769200
-9.615400
-16.667000
-21.795000
-17.308001
-8.333300
-3.205100
2.564100
9.615400
13.462000
15.385000
12.179000
5.769200
-0.641030
1.923100
-2.564100
-4.487200
-5.769200
-3.846200
0.000000
7.692300
12.179000
12.179000
10.897000
8.974400
2.564100
4.487200
7.051300
4.487200
0.641030
-6.410300
-12.179000
-11.538000
-10.897000
-6.410300
4.487200
11.538000
19.231001
20.513000
17.308001
9.615400
5.769200
-1.282100
-6.410300
-5.769200
-3.846200
-2.564100
0.000000
2.564100
0.641030
2.564100
9.615400
8.333300
5.128200
-0.641030
-5.769200
-8.333300
-7.692300
-11.538000
-19.231001
-15.385000
-10.897000
-8.333300
-5.769200
-4.487200
-1.282100
0.641030
-1.282100
-5.769200
-7.692300
-10.897000
-9.615400
-3.846200
3.846200
8.974400
12.179000
12.179000
12.179000
9.615400
2.564100
-7.051300
-17.948999
-25.000000
-21.153999
-13.462000
-5.769200
0.000000
12.179000
14.744000
8.974400
14.103000
18.590000
15.385000
10.256000
0.000000
-11.538000
-16.667000
-22.436001
-20.513000
-15.385000
-8.974400
-0.641030
7.692300
12.179000
13.462000
19.231001
15.385000
8.974400
3.846200
0.000000
-5.128200
-14.744000
-21.153999
-26.282000
-23.077000
-13.462000
-6.410300
1.923100
14.103000
19.872000
25.000000
25.641001
25.000000
23.077000
21.795000
17.948999
14.103000
13.462000
8.974400
0.000000
-5.128200
-6.410300
-7.692300
-3.846200
-1.923100
0.641030
0.641030
3.205100
4.487200
3.205100
0.641030
-8.333300
-9.615400
-10.897000
-19.231001
-18.590000
-12.179000
-6.410300
-4.487200
-5.128200
-0.641030
-1.923100
-0.641030
5.769200
6.410300
5.128200
6.410300
6.410300
1.282100
-2.564100
-5.769200
-12.821000
-15.385000
-19.872000
-12.179000
-1.282100
6.410300
15.385000
11.538000
5.128200
1.282100
-0.641030
-3.846200
-7.051300
-8.974400
-2.564100
3.205100
9.615400
15.385000
20.513000
24.358999
23.718000
19.872000
14.744000
6.410300
-0.641030
-5.769200
-9.615400
-10.256000
-3.846200
2.564100
3.846200
2.564100
5.769200
3.205100
-0.641030
0.000000
-4.487200
-4.487200
-7.692300
-8.974400
0.000000
0.641030
-3.205100
-1.923100
-2.564100
-7.692300
-9.615400
-8.333300
-7.051300
-7.051300
0.000000
5.128200
5.769200
2.564100
0.641030
1.923100
0.641030
-1.282100
-3.846200
-4.487200
0.641030
4.487200
1.923100
-0.641030
1.282100
7.051300
3.205100
-4.487200
-10.256000
-10.897000
-7.051300
-1.282100
-2.564100
-0.641030
6.410300
8.974400
8.333300
7.051300
7.051300
8.333300
8.974400
1.282100
-0.641030
0.000000
1.923100
3.205100
5.128200
6.410300
4.487200
2.564100
-0.641030
-8.333300
-9.615400
-8.333300
-9.615400
-10.897000
-8.974400
-6.410300
-3.846200
-1.282100
0.000000
-7.051300
-12.179000
-13.462000
-10.897000
-2.564100
3.846200
7.051300
12.821000
17.948999
14.103000
8.974400
1.282100
-5.128200
-10.897000
-16.667000
-14.744000
-9.615400
-3.205100
7.051300
8.974400
8.333300
8.333300
7.051300
13.462000
14.744000
10.897000
14.103000
14.103000
10.897000
5.769200
8.974400
14.744000
17.308001
16.667000
16.667000
17.948999
17.948999
8.333300
-1.923100
-4.487200
-2.564100
3.205100
1.923100
-5.128200
-9.615400
-11.538000
-14.103000
-14.103000
-12.179000
-9.615400
-6.410300
0.641030
2.564100
-4.487200
-6.410300
-1.282100
-2.564100
-0.641030
0.641030
-4.487200
-7.692300
-13.462000
-14.744000
-7.692300
-0.641030
1.282100
3.846200
8.974400
16.025999
23.077000
21.795000
19.872000
17.948999
16.025999
8.974400
-0.641030
-5.769200
-10.256000
-11.538000
-6.410300
-5.128200
-3.846200
-3.846200
-3.846200
-2.564100
-1.923100
-0.641030
-0.641030
-1.282100
0.641030
-1.282100
-7.051300
-7.051300
-11.538000
-14.744000
-16.667000
-17.948999
-11.538000
-7.051300
-3.205100
-0.641030
-0.641030
5.128200
7.692300
7.692300
10.256000
5.769200
1.923100
0.000000
-3.205100
-7.692300
-6.410300
-3.205100
-3.205100
0.641030
6.410300
8.333300
10.897000
6.410300
7.051300
7.051300
5.128200
-3.846200
-9.615400
-12.821000
-18.590000
-19.872000
-16.667000
-11.538000
-6.410300
-1.923100
0.000000
1.282100
3.846200
5.769200
11.538000
8.974400
7.692300
5.128200
8.333300
-0.641030
-3.846200
-1.923100
-3.205100
1.282100
0.641030
-2.564100
-4.487200
-8.974400
-8.333300
-16.667000
-17.308001
-13.462000
-8.333300
-5.128200
-6.410300
-2.564100
-4.487200
-7.692300
-10.897000
-12.821000
-15.385000
-12.179000
-6.410300
-0.641030
8.333300
11.538000
8.974400
5.769200
4.487200
5.769200
8.974400
10.897000
11.538000
12.179000
8.974400
7.692300
9.615400
13.462000
5.128200
-8.974400
-13.462000
-11.538000
-6.410300
-5.128200
-3.846200
1.282100
5.128200
7.051300
-1.282100
-3.205100
-0.641030
1.282100
4.487200
4.487200
10.897000
16.025999
16.025999
10.256000
5.769200
3.846200
-1.282100
-7.051300
-3.846200
0.641030
7.051300
11.538000
14.744000
9.615400
10.897000
8.333300
0.641030
-2.564100
-7.051300
-10.256000
-9.615400
-10.256000
-10.256000
-12.179000
-10.897000
-3.846200
-3.846200
-5.769200
2.564100
8.974400
7.692300
10.897000
5.769200
0.641030
0.641030
0.000000
4.487200
8.333300
8.333300
7.692300
14.103000
10.897000
1.282100
1.923100
4.487200
0.000000
-11.538000
-17.948999
-12.821000
-6.410300
-1.282100
5.128200
8.333300
6.410300
5.128200
3.205100
5.128200
2.564100
-0.641030
-1.282100
5.128200
7.692300
5.128200
6.410300
-1.282100
-16.667000
-30.128000
-29.487000
-25.000000
-19.872000
-10.897000
-2.564100
10.256000
18.590000
14.103000
10.897000
10.256000
7.051300
10.256000
9.615400
7.692300
11.538000
6.410300
4.487200
2.564100
0.641030
-3.846200
-9.615400
-13.462000
-5.128200
1.282100
10.897000
18.590000
20.513000
19.231001
17.948999
14.744000
3.205100
-3.846200
-6.410300
-6.410300
-1.923100
4.487200
8.333300
10.897000
4.487200
5.128200
8.333300
9.615400
14.744000
11.538000
9.615400
3.205100
-8.974400
-14.744000
-13.462000
-13.462000
-12.821000
-9.615400
-1.923100
-2.564100
-5.769200
-1.282100
4.487200
8.333300
10.897000
13.462000
8.974400
0.641030
-7.051300
-9.615400
-11.538000
-13.462000
-12.179000
-12.179000
-10.256000
-11.538000
-9.615400
-7.051300
-5.769200
-8.974400
-13.462000
-16.025999
-14.103000
-8.333300
1.282100
7.692300
11.538000
8.974400
4.487200
-1.923100
-10.256000
-15.385000
-11.538000
-1.282100
3.846200
-1.282100
-2.564100
3.846200
3.846200
0.000000
-3.205100
-4.487200
-4.487200
-4.487200
-3.205100
0.000000
-1.923100
-1.923100
-2.564100
1.282100
0.641030
-2.564100
-0.641030
-0.641030
-0.641030
3.205100
7.692300
8.974400
3.205100
-1.282100
0.641030
-0.641030
-3.846200
-3.205100
-1.923100
-1.923100
-1.923100
-0.641030
1.923100
2.564100
5.128200
7.051300
6.410300
6.410300
2.564100
0.641030
-1.923100
1.282100
0.000000
-3.846200
-2.564100
3.205100
5.128200
5.128200
5.128200
7.692300
7.692300
8.333300
6.410300
6.410300
7.692300
6.410300
8.333300
9.615400
9.615400
5.128200
-3.846200
-4.487200
-6.410300
-8.974400
-9.615400
-3.846200
1.923100
3.205100
1.923100
5.128200
3.846200
3.205100
1.282100
4.487200
0.000000
-5.128200
-7.051300
-8.333300
-10.256000
-12.821000
-14.744000
-9.615400
-3.846200
-4.487200
0.641030
3.205100
4.487200
7.692300
4.487200
1.923100
-4.487200
-4.487200
-1.923100
