19.511999
27.316999
26.341000
28.292999
18.537001
14.634000
19.511999
25.365999
22.438999
16.584999
9.756100
6.829300
3.902400
8.780500
5.853700
0.000000
-0.975610
1.951200
2.926800
6.829300
8.780500
8.780500
11.707000
13.659000
1.951200
-4.878000
3.902400
2.926800
1.951200
1.951200
-5.853700
-2.926800
4.878000
0.975610
-0.975610
-0.975610
-1.951200
4.878000
1.951200
-4.878000
-3.902400
4.878000
7.804900
3.902400
2.926800
0.000000
1.951200
1.951200
-5.853700
-6.829300
-3.902400
-3.902400
-5.853700
-12.683000
-13.659000
-2.926800
0.975610
-5.853700
-1.951200
-0.975610
-2.926800
-4.878000
-0.975610
0.000000
-0.975610
0.000000
-0.975610
-0.975610
-7.804900
-7.804900
-8.780500
-3.902400
-4.878000
-1.951200
0.000000
-4.878000
-5.853700
-7.804900
-12.683000
-14.634000
-10.732000
-6.829300
-2.926800
-2.926800
-4.878000
-1.951200
-4.878000
1.951200
-0.975610
-8.780500
-8.780500
-5.853700
0.000000
0.000000
-3.902400
-5.853700
-5.853700
-3.902400
0.000000
4.878000
-1.951200
-2.926800
0.000000
6.829300
6.829300
5.853700
5.853700
8.780500
7.804900
-0.975610
-2.926800
2.926800
6.829300
-1.951200
-6.829300
-0.975610
6.829300
10.732000
1.951200
-7.804900
-1.951200
4.878000
-0.975610
-10.732000
-0.975610
7.804900
7.804900
0.000000
-6.829300
-2.926800
-1.951200
10.732000
7.804900
-0.975610
-1.951200
4.878000
0.975610
0.975610
3.902400
-0.975610
0.000000
0.000000
0.000000
4.878000
4.878000
0.000000
-2.926800
0.000000
7.804900
3.902400
-4.878000
-6.829300
4.878000
18.537001
37.073002
66.341003
106.339996
123.900002
123.900002
123.900002
123.900002
123.900002
123.900002
123.900002
89.755997
53.659000
24.389999
-6.829300
-32.195000
-50.731998
-69.267998
-78.049004
-80.000000
-93.658997
-101.459999
-98.537003
-97.560997
-97.560997
-103.410004
-104.389999
-97.560997
-94.634003
-92.682999
-93.658997
-89.755997
-86.829002
-75.122002
-72.195000
-70.244003
-63.415001
-63.415001
-57.561001
-52.682999
-44.877998
-39.023998
-39.023998
-35.122002
-30.243999
-24.389999
-21.462999
-20.488001
-15.610000
-16.584999
-11.707000
-4.878000
-1.951200
3.902400
4.878000
0.000000
0.975610
10.732000
7.804900
3.902400
0.000000
1.951200
0.000000
-1.951200
-2.926800
0.975610
1.951200
-2.926800
5.853700
12.683000
12.683000
13.659000
21.462999
19.511999
18.537001
18.537001
18.537001
15.610000
10.732000
8.780500
9.756100
4.878000
3.902400
0.000000
6.829300
8.780500
6.829300
12.683000
17.561001
10.732000
12.683000
20.488001
14.634000
10.732000
2.926800
5.853700
9.756100
13.659000
14.634000
11.707000
11.707000
5.853700
0.975610
0.000000
2.926800
1.951200
2.926800
6.829300
12.683000
6.829300
11.707000
18.537001
15.610000
8.780500
6.829300
6.829300
13.659000
13.659000
3.902400
3.902400
10.732000
14.634000
10.732000
6.829300
3.902400
11.707000
14.634000
6.829300
-3.902400
6.829300
8.780500
2.926800
-4.878000
0.975610
9.756100
7.804900
4.878000
-0.975610
3.902400
1.951200
4.878000
0.000000
-6.829300
-7.804900
-2.926800
4.878000
3.902400
0.000000
2.926800
0.975610
1.951200
1.951200
1.951200
1.951200
3.902400
7.804900
-1.951200
-2.926800
1.951200
10.732000
10.732000
3.902400
-2.926800
0.975610
6.829300
7.804900
7.804900
2.926800
-0.975610
-1.951200
3.902400
5.853700
0.975610
-4.878000
-6.829300
-2.926800
3.902400
0.975610
-3.902400
-9.756100
-3.902400
5.853700
2.926800
2.926800
0.000000
-4.878000
-0.975610
0.000000
-9.756100
-9.756100
-5.853700
-6.829300
-6.829300
0.000000
2.926800
5.853700
5.853700
2.926800
2.926800
-2.926800
-2.926800
2.926800
2.926800
-2.926800
-4.878000
-4.878000
-3.902400
0.000000
7.804900
-2.926800
-1.951200
-2.926800
-2.926800
2.926800
-6.829300
-6.829300
2.926800
1.951200
1.951200
-0.975610
-3.902400
1.951200
-2.926800
-10.732000
-10.732000
-13.659000
-5.853700
-4.878000
-8.780500
-1.951200
-4.878000
-1.951200
7.804900
3.902400
-2.926800
-8.780500
-9.756100
0.000000
4.878000
-3.902400
-5.853700
-1.951200
0.975610
5.853700
-1.951200
-5.853700
-2.926800
6.829300
8.780500
2.926800
-1.951200
0.000000
3.902400
4.878000
0.975610
-0.975610
-6.829300
-8.780500
-9.756100
-9.756100
-7.804900
-2.926800
0.975610
-3.902400
-7.804900
-5.853700
-2.926800
5.853700
5.853700
0.975610
-1.951200
0.000000
6.829300
7.804900
0.000000
-3.902400
-1.951200
0.975610
6.829300
-1.951200
-4.878000
-5.853700
-2.926800
9.756100
-0.975610
-5.853700
-3.902400
-0.975610
0.000000
6.829300
3.902400
-1.951200
2.926800
8.780500
3.902400
-1.951200
0.000000
8.780500
6.829300
-1.951200
0.000000
2.926800
7.804900
10.732000
7.804900
-3.902400
0.000000
3.902400
3.902400
5.853700
1.951200
4.878000
11.707000
6.829300
-0.975610
2.926800
6.829300
6.829300
-1.951200
-0.975610
4.878000
10.732000
7.804900
0.975610
4.878000
8.780500
11.707000
4.878000
0.975610
1.951200
0.000000
7.804900
8.780500
0.000000
-2.926800
-4.878000
-1.951200
-2.926800
-3.902400
-0.975610
7.804900
5.853700
0.975610
6.829300
5.853700
3.902400
1.951200
-6.829300
-6.829300
0.000000
-1.951200
0.000000
4.878000
11.707000
29.268000
57.561001
87.805000
118.050003
123.900002
123.900002
123.900002
123.900002
123.900002
95.610001
54.633999
27.316999
8.780500
-9.756100
-15.610000
-33.171001
-46.828999
-46.828999
-45.854000
-52.682999
-65.365997
-70.244003
-65.365997
-67.317001
-69.267998
-68.292999
-72.195000
-64.389999
-67.317001
-67.317001
-61.463001
-51.707001
-51.707001
-59.512001
-60.487999
-46.828999
-34.146000
-34.146000
-39.023998
-40.000000
-30.243999
-30.243999
-29.268000
-30.243999
-25.365999
-15.610000
-19.511999
-19.511999
-15.610000
-14.634000
-11.707000
-8.780500
-3.902400
2.926800
0.975610
-1.951200
-3.902400
3.902400
0.975610
0.000000
2.926800
2.926800
8.780500
15.610000
13.659000
8.780500
10.732000
6.829300
5.853700
12.683000
20.488001
13.659000
13.659000
9.756100
11.707000
11.707000
14.634000
12.683000
11.707000
9.756100
12.683000
11.707000
10.732000
1.951200
-0.975610
10.732000
9.756100
6.829300
-1.951200
0.000000
11.707000
11.707000
10.732000
8.780500
2.926800
4.878000
0.975610
5.853700
11.707000
0.975610
-7.804900
0.975610
5.853700
1.951200
4.878000
3.902400
0.975610
0.975610
13.659000
12.683000
8.780500
14.634000
12.683000
9.756100
6.829300
2.926800
0.975610
3.902400
3.902400
-4.878000
-6.829300
6.829300
13.659000
14.634000
8.780500
7.804900
11.707000
5.853700
2.926800
9.756100
13.659000
16.584999
12.683000
4.878000
5.853700
1.951200
1.951200
2.926800
-1.951200
-4.878000
1.951200
-2.926800
-6.829300
-3.902400
3.902400
4.878000
-2.926800
-10.732000
-8.780500
-1.951200
-1.951200
2.926800
-0.975610
-6.829300
-4.878000
0.975610
-3.902400
-6.829300
-5.853700
-2.926800
-3.902400
-3.902400
-9.756100
-8.780500
-7.804900
-10.732000
-4.878000
-3.902400
-9.756100
-12.683000
-2.926800
0.975610
-2.926800
-6.829300
-3.902400
-2.926800
3.902400
6.829300
4.878000
-1.951200
6.829300
13.659000
6.829300
0.975610
-4.878000
4.878000
0.975610
-7.804900
-8.780500
-0.975610
-5.853700
-10.732000
-2.926800
-4.878000
-4.878000
3.902400
0.975610
-2.926800
-4.878000
-5.853700
-4.878000
-0.975610
-6.829300
-2.926800
4.878000
5.853700
6.829300
0.975610
2.926800
8.780500
8.780500
-3.902400
-5.853700
-3.902400
-5.853700
-0.975610
-1.951200
-5.853700
-5.853700
1.951200
1.951200
0.000000
-1.951200
-0.975610
-5.853700
-4.878000
0.000000
1.951200
-5.853700
-15.610000
-10.732000
-2.926800
-2.926800
-2.926800
-6.829300
0.000000
11.707000
9.756100
8.780500
3.902400
4.878000
10.732000
6.829300
0.975610
2.926800
-3.902400
-6.829300
-0.975610
3.902400
0.975610
-5.853700
-7.804900
-2.926800
5.853700
5.853700
-2.926800
-1.951200
0.975610
-2.926800
-6.829300
-8.780500
-0.975610
4.878000
2.926800
16.584999
9.756100
4.878000
-2.926800
0.000000
10.732000
1.951200
-10.732000
-10.732000
-7.804900
-7.804900
-4.878000
-3.902400
-1.951200
3.902400
9.756100
6.829300
3.902400
0.975610
0.975610
5.853700
3.902400
-3.902400
-2.926800
0.975610
0.975610
-7.804900
-5.853700
-0.975610
-1.951200
-1.951200
-3.902400
1.951200
3.902400
3.902400
4.878000
4.878000
0.975610
-0.975610
0.975610
-1.951200
-3.902400
-4.878000
-2.926800
0.000000
0.975610
-5.853700
-9.756100
-2.926800
-1.951200
-5.853700
0.975610
0.975610
1.951200
1.951200
-4.878000
-3.902400
2.926800
-0.975610
-1.951200
-1.951200
-0.975610
-4.878000
-4.878000
-1.951200
0.000000
2.926800
-3.902400
-5.853700
-8.780500
-7.804900
2.926800
3.902400
-4.878000
-4.878000
0.000000
0.975610
10.732000
13.659000
5.853700
3.902400
5.853700
10.732000
8.780500
0.975610
3.902400
6.829300
2.926800
1.951200
1.951200
6.829300
2.926800
-1.951200
0.975610
7.804900
3.902400
0.975610
-1.951200
5.853700
7.804900
6.829300
-0.975610
-3.902400
6.829300
9.756100
10.732000
6.829300
16.584999
40.976002
69.267998
92.682999
107.320000
123.900002
123.900002
123.900002
123.900002
113.169998
84.877998
63.415001
40.000000
21.462999
5.853700
-7.804900
-17.561001
-21.462999
-31.219999
-46.828999
-56.584999
-53.659000
-56.584999
-61.463001
-62.438999
-60.487999
-58.536999
-49.756001
-40.976002
-21.462999
0.000000
32.195000
76.098000
120.980003
123.900002
123.900002
123.900002
123.900002
100.489998
73.170998
44.877998
11.707000
-11.707000
-40.000000
-54.633999
-59.512001
-71.220001
-80.000000
-96.584999
-110.239998
-114.150002
-117.070000
-119.019997
-117.070000
-113.169998
-103.410004
-97.560997
-101.459999
-106.339996
-98.537003
-89.755997
-86.829002
-86.829002
-80.000000
-71.220001
-71.220001
-64.389999
-60.487999
-60.487999
-54.633999
-41.951000
-40.976002
-43.902000
-44.877998
-33.171001
-20.488001
-23.415001
-21.462999
-13.659000
-4.878000
-4.878000
-9.756100
-5.853700
0.000000
6.829300
13.659000
4.878000
4.878000
6.829300
6.829300
12.683000
11.707000
8.780500
7.804900
11.707000
15.610000
11.707000
11.707000
18.537001
20.488001
9.756100
-1.951200
1.951200
9.756100
21.462999
16.584999
11.707000
3.902400
0.000000
9.756100
9.756100
10.732000
13.659000
12.683000
11.707000
16.584999
15.610000
13.659000
14.634000
24.389999
24.389999
22.438999
24.389999
27.316999
25.365999
21.462999
19.511999
22.438999
13.659000
13.659000
17.561001
13.659000
25.365999
34.146000
35.122002
33.171001
34.146000
29.268000
18.537001
15.610000
21.462999
24.389999
19.511999
9.756100
4.878000
10.732000
