4.595500
10.421000
10.421000
16.246000
17.216999
18.188000
15.275000
12.362000
10.421000
11.392000
13.333000
10.421000
5.566300
4.595500
1.682800
-2.200600
-3.171500
2.653700
4.595500
2.653700
1.682800
2.653700
5.566300
14.304000
8.479000
-6.084100
-2.200600
2.653700
4.595500
2.653700
-0.258900
-3.171500
-2.200600
-4.142400
-1.229800
0.711970
3.624600
2.653700
-5.113300
-4.142400
3.624600
5.566300
3.624600
-1.229800
-3.171500
0.711970
0.711970
-0.258900
-3.171500
-2.200600
-4.142400
-9.967600
-11.909000
-12.880000
-6.084100
2.653700
-1.229800
-7.055000
-5.113300
2.653700
6.537200
-0.258900
1.682800
-0.258900
0.711970
4.595500
3.624600
1.682800
-1.229800
-3.171500
-7.055000
-5.113300
-8.996800
-5.113300
6.537200
4.595500
-3.171500
-9.967600
-14.822000
-8.996800
-3.171500
-4.142400
-0.258900
2.653700
0.711970
-1.229800
-6.084100
-0.258900
-7.055000
-11.909000
-3.171500
-8.025900
-9.967600
-8.996800
-6.084100
2.653700
2.653700
0.711970
3.624600
7.508100
2.653700
-3.171500
-1.229800
8.479000
14.304000
6.537200
0.711970
8.479000
4.595500
-4.142400
-4.142400
0.711970
1.682800
-3.171500
-7.055000
-5.113300
5.566300
19.159000
6.537200
-6.084100
-3.171500
5.566300
2.653700
-2.200600
1.682800
4.595500
11.392000
12.362000
2.653700
-2.200600
0.711970
8.479000
-0.258900
-2.200600
-1.229800
1.682800
-4.142400
-0.258900
5.566300
2.653700
5.566300
-0.258900
-4.142400
5.566300
8.479000
1.682800
-2.200600
-1.229800
0.711970
-1.229800
-1.229800
-2.200600
3.624600
6.537200
10.421000
20.129000
31.780001
44.401001
51.196999
53.139000
57.993999
57.022999
44.401001
32.750999
26.926001
23.042000
18.188000
6.537200
-7.055000
-8.025900
-10.939000
-12.880000
-13.851000
-26.472000
-35.209999
-28.414000
-29.385000
-33.269001
-40.064999
-41.035999
-31.327000
-25.502001
-29.385000
-31.327000
-30.356001
-35.209999
-31.327000
-27.443001
-26.472000
-29.385000
-28.414000
-23.559999
-19.676001
-14.822000
-13.851000
-17.735001
-13.851000
-7.055000
-10.939000
-16.764000
-12.880000
-0.258900
3.624600
0.711970
0.711970
3.624600
3.624600
4.595500
8.479000
6.537200
4.595500
-1.229800
0.711970
0.711970
0.711970
-0.258900
-0.258900
-2.200600
-3.171500
-0.258900
-1.229800
-1.229800
3.624600
7.508100
9.449800
15.275000
14.304000
8.479000
8.479000
11.392000
14.304000
3.624600
-6.084100
-3.171500
-3.171500
-5.113300
-9.967600
-8.025900
-3.171500
2.653700
6.537200
9.449800
6.537200
10.421000
17.216999
13.333000
8.479000
0.711970
-1.229800
-0.258900
4.595500
12.362000
13.333000
9.449800
2.653700
-2.200600
-3.171500
0.711970
5.566300
2.653700
-3.171500
0.711970
9.449800
8.479000
9.449800
8.479000
10.421000
7.508100
1.682800
3.624600
10.421000
6.537200
-1.229800
1.682800
5.566300
-1.229800
-1.229800
2.653700
8.479000
9.449800
-3.171500
-11.909000
-0.258900
7.508100
4.595500
-1.229800
-3.171500
4.595500
9.449800
5.566300
-7.055000
-2.200600
2.653700
3.624600
1.682800
-6.084100
-11.909000
-9.967600
-1.229800
0.711970
-4.142400
-2.200600
-5.113300
-6.084100
-3.171500
3.624600
9.449800
9.449800
4.595500
-4.142400
-0.258900
3.624600
5.566300
5.566300
-2.200600
-2.200600
1.682800
4.595500
7.508100
2.653700
-3.171500
-6.084100
-4.142400
2.653700
3.624600
-4.142400
-6.084100
-6.084100
-3.171500
0.711970
-4.142400
-2.200600
-3.171500
-14.822000
-9.967600
-7.055000
1.682800
6.537200
6.537200
5.566300
0.711970
-4.142400
-0.258900
3.624600
0.711970
0.711970
6.537200
7.508100
4.595500
3.624600
4.595500
3.624600
1.682800
5.566300
1.682800
3.624600
0.711970
-1.229800
3.624600
4.595500
4.595500
5.566300
0.711970
-1.229800
-3.171500
-5.113300
1.682800
-5.113300
-8.025900
1.682800
3.624600
6.537200
4.595500
2.653700
3.624600
1.682800
-1.229800
-2.200600
-8.025900
-8.025900
-10.939000
-11.909000
-1.229800
-0.258900
-3.171500
1.682800
0.711970
-5.113300
-7.055000
-10.939000
-5.113300
-0.258900
-7.055000
-8.996800
-3.171500
0.711970
5.566300
-2.200600
-6.084100
-0.258900
4.595500
2.653700
4.595500
-2.200600
-4.142400
3.624600
9.449800
1.682800
-7.055000
-7.055000
-8.996800
-9.967600
-8.996800
-6.084100
-0.258900
2.653700
0.711970
-3.171500
-7.055000
-9.967600
4.595500
13.333000
2.653700
-2.200600
0.711970
5.566300
14.304000
4.595500
-5.113300
-2.200600
-4.142400
-0.258900
-6.084100
-6.084100
-3.171500
-0.258900
8.479000
2.653700
-7.055000
-2.200600
2.653700
2.653700
6.537200
8.479000
10.421000
5.566300
5.566300
4.595500
-3.171500
-3.171500
6.537200
5.566300
-4.142400
-4.142400
-4.142400
2.653700
7.508100
1.682800
-4.142400
-1.229800
-3.171500
-3.171500
2.653700
1.682800
5.566300
8.479000
6.537200
4.595500
-1.229800
-1.229800
-6.084100
-11.909000
-7.055000
5.566300
10.421000
7.508100
-2.200600
-3.171500
3.624600
11.392000
5.566300
-2.200600
-4.142400
-1.229800
9.449800
5.566300
-2.200600
-6.084100
-2.200600
-2.200600
-11.909000
-10.939000
-4.142400
3.624600
8.479000
8.479000
11.392000
7.508100
-0.258900
-5.113300
-10.939000
-7.055000
0.711970
0.711970
0.711970
1.682800
2.653700
8.479000
22.070999
29.837999
29.837999
36.633999
40.518002
41.488998
43.430000
42.459999
27.896000
13.333000
9.449800
6.537200
-1.229800
-1.229800
-8.025900
-12.880000
-9.967600
-4.142400
-4.142400
-14.822000
-23.559999
-23.559999
-25.502001
-21.618000
-16.764000
-19.676001
-15.793000
-20.646999
-22.589001
-19.676001
-16.764000
-18.705999
-31.327000
-24.531000
-15.793000
-11.909000
-13.851000
-16.764000
-12.880000
-9.967600
-9.967600
-8.025900
-8.996800
-14.822000
-8.996800
-8.025900
-10.939000
-8.996800
-4.142400
2.653700
0.711970
0.711970
7.508100
10.421000
3.624600
-3.171500
1.682800
4.595500
2.653700
-0.258900
0.711970
10.421000
10.421000
8.479000
11.392000
12.362000
4.595500
1.682800
5.566300
11.392000
6.537200
8.479000
5.566300
3.624600
5.566300
9.449800
10.421000
6.537200
-2.200600
0.711970
-0.258900
-0.258900
-5.113300
-10.939000
0.711970
0.711970
-3.171500
-3.171500
-0.258900
5.566300
5.566300
1.682800
2.653700
3.624600
6.537200
-2.200600
0.711970
8.479000
3.624600
-7.055000
-4.142400
1.682800
0.711970
-0.258900
1.682800
-0.258900
3.624600
9.449800
9.449800
11.392000
11.392000
6.537200
8.479000
5.566300
-3.171500
-8.996800
-8.996800
-6.084100
-7.055000
-6.084100
-2.200600
4.595500
10.421000
5.566300
0.711970
1.682800
1.682800
5.566300
7.508100
9.449800
14.304000
16.246000
18.188000
13.333000
5.566300
0.711970
0.711970
-4.142400
-7.055000
-1.229800
0.711970
-3.171500
-3.171500
2.653700
1.682800
-2.200600
-7.055000
-6.084100
-3.171500
0.711970
9.449800
6.537200
-1.229800
-1.229800
2.653700
-1.229800
-7.055000
-6.084100
-3.171500
-4.142400
-7.055000
-14.822000
-8.025900
-2.200600
-7.055000
-4.142400
-2.200600
-5.113300
-10.939000
-8.025900
-6.084100
-8.025900
-9.967600
-5.113300
-4.142400
-5.113300
-5.113300
2.653700
4.595500
12.362000
10.421000
1.682800
-0.258900
4.595500
11.392000
8.479000
2.653700
1.682800
-9.967600
-19.676001
-14.822000
-7.055000
-10.939000
-13.851000
-5.113300
5.566300
8.479000
0.711970
-5.113300
-0.258900
5.566300
-2.200600
-5.113300
8.479000
9.449800
6.537200
5.566300
8.479000
9.449800
6.537200
0.711970
0.711970
-1.229800
-7.055000
-6.084100
-8.996800
-7.055000
2.653700
5.566300
-0.258900
-1.229800
-1.229800
-0.258900
1.682800
-0.258900
2.653700
1.682800
-9.967600
-13.851000
-12.880000
-8.996800
-6.084100
-0.258900
-2.200600
-2.200600
4.595500
9.449800
10.421000
7.508100
5.566300
11.392000
7.508100
-3.171500
-0.258900
0.711970
-7.055000
-7.055000
-0.258900
-1.229800
-2.200600
-7.055000
-8.025900
1.682800
7.508100
4.595500
7.508100
8.479000
4.595500
2.653700
-3.171500
-0.258900
3.624600
2.653700
14.304000
12.362000
4.595500
3.624600
3.624600
5.566300
-3.171500
-11.909000
-12.880000
-9.967600
-6.084100
-0.258900
-2.200600
0.711970
3.624600
9.449800
10.421000
5.566300
2.653700
4.595500
7.508100
0.711970
-5.113300
-3.171500
-2.200600
-5.113300
-9.967600
-6.084100
-4.142400
-4.142400
-3.171500
-4.142400
-3.171500
1.682800
1.682800
-0.258900
2.653700
-0.258900
-7.055000
-4.142400
-1.229800
-3.171500
-4.142400
-0.258900
-1.229800
-0.258900
-0.258900
-3.171500
0.711970
-2.200600
-4.142400
3.624600
3.624600
1.682800
3.624600
3.624600
0.711970
3.624600
3.624600
-0.258900
0.711970
2.653700
-2.200600
-8.025900
-9.967600
-2.200600
3.624600
-5.113300
-2.200600
-5.113300
-7.055000
1.682800
0.711970
-4.142400
-7.055000
-5.113300
-0.258900
9.449800
10.421000
0.711970
1.682800
0.711970
4.595500
2.653700
-3.171500
3.624600
6.537200
0.711970
-4.142400
-3.171500
0.711970
-4.142400
-4.142400
-3.171500
-0.258900
-0.258900
-6.084100
-7.055000
-4.142400
0.711970
0.711970
-7.055000
-4.142400
3.624600
5.566300
6.537200
0.711970
3.624600
18.188000
28.867001
33.722000
28.867001
25.955000
29.837999
35.662998
38.576000
29.837999
22.070999
20.129000
18.188000
12.362000
5.566300
2.653700
7.508100
12.362000
7.508100
-7.055000
-11.909000
-8.025900
-10.939000
-14.822000
-18.705999
-19.676001
-17.735001
-10.939000
-8.025900
-1.229800
-0.258900
1.682800
14.304000
33.722000
43.430000
43.430000
38.576000
34.693001
21.100000
12.362000
9.449800
5.566300
2.653700
-11.909000
-16.764000
-7.055000
-8.025900
-11.909000
-21.618000
-33.269001
-34.238998
-32.298000
-34.238998
-32.298000
-32.298000
-31.327000
-24.531000
-29.385000
-34.238998
-30.356001
-27.443001
-30.356001
-34.238998
-31.327000
-28.414000
-29.385000
-31.327000
-29.385000
-22.589001
-16.764000
-16.764000
-17.735001
-17.735001
-13.851000
-3.171500
-1.229800
-8.996800
-10.939000
-5.113300
1.682800
3.624600
-8.025900
-8.996800
-2.200600
2.653700
7.508100
0.711970
-6.084100
-2.200600
1.682800
8.479000
7.508100
2.653700
0.711970
2.653700
5.566300
-1.229800
-1.229800
5.566300
11.392000
1.682800
-4.142400
2.653700
8.479000
11.392000
2.653700
-0.258900
-3.171500
-5.113300
0.711970
-1.229800
2.653700
8.479000
6.537200
3.624600
7.508100
8.479000
6.537200
11.392000
16.246000
16.246000
13.333000
13.333000
17.216999
16.246000
11.392000
9.449800
12.362000
2.653700
-3.171500
3.624600
6.537200
8.479000
9.449800
16.246000
17.216999
16.246000
11.392000
-0.258900
-1.229800
7.508100
10.421000
9.449800
-0.258900
-8.996800
-4.142400
