5.797100
13.527000
11.594000
16.424999
11.594000
8.695700
9.661800
8.695700
1.932400
5.797100
9.661800
8.695700
0.966180
4.830900
0.966180
-5.797100
-5.797100
-2.898600
0.000000
1.932400
7.729500
6.763300
7.729500
11.594000
7.729500
0.966180
8.695700
11.594000
5.797100
-0.966180
-2.898600
-0.966180
2.898600
0.966180
-3.864700
-0.966180
2.898600
8.695700
0.000000
-5.797100
-2.898600
1.932400
5.797100
9.661800
4.830900
-2.898600
-6.763300
-3.864700
-2.898600
-2.898600
-2.898600
-7.729500
-10.628000
-14.493000
-4.830900
1.932400
-1.932400
-4.830900
0.000000
7.729500
6.763300
-2.898600
1.932400
-0.966180
0.000000
4.830900
2.898600
6.763300
2.898600
1.932400
-4.830900
-4.830900
-7.729500
0.000000
8.695700
0.000000
-10.628000
-11.594000
-13.527000
-9.661800
-6.763300
-9.661800
-3.864700
0.000000
0.966180
-3.864700
-7.729500
1.932400
-2.898600
-8.695700
-1.932400
-3.864700
-2.898600
-3.864700
-5.797100
-0.966180
-2.898600
-1.932400
-0.966180
3.864700
-6.763300
-8.695700
-2.898600
11.594000
18.357000
7.729500
1.932400
11.594000
4.830900
-3.864700
-4.830900
0.000000
2.898600
-7.729500
-14.493000
-8.695700
4.830900
16.424999
4.830900
-7.729500
-4.830900
1.932400
-4.830900
-15.459000
-4.830900
1.932400
6.763300
4.830900
-8.695700
-7.729500
-2.898600
8.695700
3.864700
0.000000
0.000000
5.797100
4.830900
5.797100
4.830900
-0.966180
5.797100
4.830900
-0.966180
2.898600
7.729500
8.695700
5.797100
2.898600
5.797100
2.898600
-1.932400
-9.661800
-0.966180
6.763300
18.357000
29.952000
43.478001
63.768002
85.024002
99.516998
103.379997
93.720001
78.261002
60.869999
42.512001
34.783001
17.391001
1.932400
-11.594000
-19.323999
-23.188000
-23.188000
-22.222000
-35.749001
-48.308998
-44.444000
-42.512001
-44.444000
-48.308998
-53.139999
-48.308998
-47.342999
-48.308998
-47.342999
-40.580002
-42.512001
-39.613998
-36.715000
-34.783001
-34.783001
-35.749001
-29.952000
-25.121000
-22.222000
-20.290001
-18.357000
-15.459000
-8.695700
-12.560000
-15.459000
-15.459000
-2.898600
0.000000
0.000000
-0.966180
0.000000
1.932400
0.000000
1.932400
0.000000
0.966180
-2.898600
-1.932400
-5.797100
-5.797100
-2.898600
-0.966180
-8.695700
-8.695700
-1.932400
3.864700
11.594000
11.594000
8.695700
7.729500
13.527000
12.560000
11.594000
6.763300
7.729500
11.594000
6.763300
0.966180
7.729500
5.797100
2.898600
-1.932400
0.966180
2.898600
2.898600
5.797100
7.729500
1.932400
3.864700
13.527000
7.729500
0.966180
-2.898600
0.966180
0.000000
3.864700
7.729500
11.594000
11.594000
4.830900
-3.864700
-8.695700
3.864700
9.661800
2.898600
-1.932400
5.797100
10.628000
9.661800
11.594000
10.628000
10.628000
7.729500
0.966180
0.966180
5.797100
1.932400
0.000000
5.797100
10.628000
0.000000
-1.932400
0.000000
9.661800
11.594000
-2.898600
-11.594000
2.898600
6.763300
1.932400
-0.966180
0.000000
7.729500
9.661800
5.797100
-2.898600
2.898600
5.797100
7.729500
1.932400
-4.830900
-6.763300
0.000000
4.830900
3.864700
-0.966180
2.898600
1.932400
5.797100
3.864700
4.830900
10.628000
7.729500
4.830900
-5.797100
-0.966180
0.000000
2.898600
3.864700
0.000000
-2.898600
-1.932400
2.898600
11.594000
7.729500
0.966180
0.966180
0.000000
3.864700
2.898600
0.000000
-0.966180
-2.898600
-2.898600
-0.966180
-6.763300
-2.898600
-1.932400
-6.763300
-4.830900
-3.864700
-1.932400
-2.898600
-1.932400
0.000000
-5.797100
-12.560000
-4.830900
-1.932400
-8.695700
-8.695700
3.864700
7.729500
7.729500
5.797100
5.797100
5.797100
0.966180
4.830900
3.864700
5.797100
-1.932400
-3.864700
-1.932400
0.966180
3.864700
10.628000
3.864700
0.966180
-3.864700
-5.797100
6.763300
0.966180
-1.932400
1.932400
0.966180
0.000000
-0.966180
-0.966180
2.898600
1.932400
-1.932400
-6.763300
-10.628000
-10.628000
-11.594000
-12.560000
-3.864700
-4.830900
-8.695700
-2.898600
-2.898600
-5.797100
-2.898600
-4.830900
-2.898600
0.000000
-5.797100
-2.898600
-0.966180
0.000000
5.797100
0.966180
-3.864700
-0.966180
5.797100
4.830900
1.932400
-1.932400
-2.898600
0.966180
8.695700
1.932400
-6.763300
-6.763300
-6.763300
-4.830900
-5.797100
-7.729500
-2.898600
1.932400
-0.966180
-7.729500
-11.594000
-9.661800
1.932400
2.898600
-7.729500
-7.729500
0.000000
7.729500
8.695700
-1.932400
-4.830900
1.932400
3.864700
6.763300
-1.932400
-5.797100
-1.932400
1.932400
12.560000
2.898600
-10.628000
-8.695700
0.000000
0.966180
6.763300
6.763300
7.729500
6.763300
8.695700
6.763300
-0.966180
0.966180
11.594000
8.695700
-0.966180
1.932400
1.932400
7.729500
9.661800
7.729500
-3.864700
-3.864700
0.000000
1.932400
5.797100
0.966180
3.864700
5.797100
2.898600
0.966180
0.000000
0.966180
-1.932400
-8.695700
-1.932400
6.763300
12.560000
11.594000
0.966180
0.000000
5.797100
13.527000
8.695700
-3.864700
-6.763300
-0.966180
4.830900
4.830900
-1.932400
0.000000
-0.966180
-0.966180
-6.763300
-5.797100
1.932400
8.695700
3.864700
2.898600
13.527000
6.763300
0.966180
-3.864700
-7.729500
-5.797100
1.932400
0.966180
-0.966180
0.966180
4.830900
12.560000
27.052999
38.646999
52.174000
69.565002
70.530998
67.633003
67.633003
60.869999
37.681000
21.256001
12.560000
3.864700
-9.661800
-9.661800
-18.357000
-21.256001
-17.391001
-12.560000
-13.527000
-25.121000
-34.783001
-32.849998
-29.952000
-28.018999
-29.952000
-35.749001
-28.018999
-29.952000
-31.884001
-32.849998
-27.052999
-22.222000
-28.986000
-28.018999
-26.087000
-20.290001
-19.323999
-20.290001
-22.222000
-17.391001
-18.357000
-14.493000
-14.493000
-14.493000
-7.729500
-8.695700
-10.628000
-6.763300
-4.830900
-1.932400
-1.932400
1.932400
12.560000
14.493000
0.000000
-10.628000
-1.932400
2.898600
5.797100
0.000000
-0.966180
5.797100
10.628000
10.628000
12.560000
11.594000
0.966180
1.932400
10.628000
21.256001
11.594000
7.729500
2.898600
3.864700
8.695700
15.459000
11.594000
4.830900
-1.932400
2.898600
2.898600
5.797100
2.898600
-4.830900
1.932400
1.932400
0.000000
-2.898600
0.000000
5.797100
4.830900
0.000000
-0.966180
-1.932400
1.932400
-3.864700
1.932400
6.763300
0.966180
-4.830900
-3.864700
1.932400
6.763300
9.661800
1.932400
-6.763300
-5.797100
3.864700
5.797100
6.763300
8.695700
6.763300
3.864700
-2.898600
-7.729500
-4.830900
2.898600
3.864700
0.000000
-5.797100
-0.966180
4.830900
9.661800
4.830900
2.898600
5.797100
1.932400
2.898600
7.729500
10.628000
12.560000
8.695700
8.695700
7.729500
1.932400
0.000000
0.966180
-0.966180
-5.797100
2.898600
1.932400
0.000000
-0.966180
-0.966180
0.000000
-1.932400
-8.695700
-6.763300
-5.797100
-6.763300
3.864700
2.898600
-4.830900
-3.864700
8.695700
1.932400
-1.932400
0.966180
1.932400
-0.966180
-0.966180
-4.830900
-3.864700
-4.830900
-11.594000
-6.763300
-3.864700
-6.763300
-10.628000
-3.864700
-0.966180
-0.966180
-1.932400
1.932400
0.000000
2.898600
3.864700
7.729500
4.830900
12.560000
10.628000
0.000000
-0.966180
-0.966180
6.763300
2.898600
-3.864700
-2.898600
-2.898600
-8.695700
-4.830900
1.932400
-5.797100
-14.493000
-8.695700
3.864700
4.830900
0.000000
-3.864700
-1.932400
-0.966180
-8.695700
-7.729500
9.661800
10.628000
3.864700
-1.932400
3.864700
11.594000
16.424999
7.729500
1.932400
1.932400
-2.898600
-3.864700
-9.661800
-11.594000
-6.763300
-1.932400
-2.898600
0.966180
-3.864700
1.932400
1.932400
2.898600
4.830900
0.966180
-7.729500
-12.560000
-13.527000
-12.560000
-8.695700
-3.864700
-8.695700
-7.729500
1.932400
4.830900
4.830900
1.932400
5.797100
14.493000
12.560000
6.763300
6.763300
4.830900
-4.830900
-7.729500
-7.729500
-9.661800
-10.628000
-13.527000
-13.527000
-2.898600
4.830900
7.729500
9.661800
6.763300
1.932400
0.000000
-1.932400
3.864700
4.830900
-2.898600
7.729500
0.966180
-5.797100
-7.729500
-5.797100
1.932400
-0.966180
-7.729500
-7.729500
-2.898600
2.898600
6.763300
0.966180
3.864700
2.898600
5.797100
4.830900
0.966180
-2.898600
-0.966180
7.729500
5.797100
-4.830900
-0.966180
5.797100
7.729500
1.932400
0.000000
1.932400
-0.966180
0.966180
-5.797100
-4.830900
0.966180
0.966180
1.932400
7.729500
1.932400
-3.864700
1.932400
4.830900
3.864700
1.932400
3.864700
0.000000
-0.966180
-3.864700
-6.763300
-0.966180
-3.864700
-11.594000
-3.864700
-1.932400
0.000000
2.898600
3.864700
3.864700
4.830900
2.898600
0.000000
5.797100
4.830900
-4.830900
-13.527000
-10.628000
-1.932400
6.763300
0.966180
1.932400
-2.898600
-4.830900
4.830900
6.763300
0.966180
-4.830900
-5.797100
-1.932400
12.560000
14.493000
2.898600
0.966180
1.932400
6.763300
3.864700
-5.797100
0.966180
9.661800
4.830900
-0.966180
-2.898600
0.000000
-2.898600
-4.830900
-2.898600
1.932400
-0.966180
-3.864700
-2.898600
0.966180
5.797100
8.695700
-3.864700
-7.729500
-0.966180
0.966180
3.864700
-2.898600
-0.966180
11.594000
27.052999
39.613998
46.376999
55.071999
62.801998
58.937000
57.971001
45.410999
36.715000
33.816002
25.121000
13.527000
5.797100
0.000000
0.966180
5.797100
-1.932400
-15.459000
-19.323999
-12.560000
-15.459000
-21.256001
-26.087000
-26.087000
-27.052999
-23.188000
-23.188000
-11.594000
0.966180
12.560000
29.952000
53.139999
69.565002
70.530998
65.699997
54.105999
39.613998
30.917999
23.188000
7.729500
-2.898600
-22.222000
-27.052999
-17.391001
-20.290001
-28.986000
-40.580002
-49.275002
-50.242001
-49.275002
-53.139999
-53.139999
-50.242001
-46.376999
-43.478001
-44.444000
-47.342999
-42.512001
-39.613998
-45.410999
-53.139999
-49.275002
-38.646999
-38.646999
-41.546001
-41.546001
-31.884001
-26.087000
-23.188000
-27.052999
-26.087000
-21.256001
-8.695700
-8.695700
-17.391001
-14.493000
-5.797100
2.898600
2.898600
-6.763300
-6.763300
-0.966180
3.864700
10.628000
0.966180
-0.966180
0.966180
4.830900
14.493000
12.560000
4.830900
2.898600
7.729500
9.661800
0.966180
-3.864700
3.864700
12.560000
3.864700
-4.830900
2.898600
9.661800
18.357000
14.493000
14.493000
6.763300
0.966180
5.797100
3.864700
5.797100
6.763300
1.932400
0.000000
7.729500
7.729500
3.864700
3.864700
11.594000
17.391001
20.290001
19.323999
21.256001
17.391001
14.493000
17.391001
20.290001
6.763300
0.966180
9.661800
8.695700
9.661800
9.661800
15.459000
16.424999
17.391001
14.493000
3.864700
0.000000
7.729500
12.560000
12.560000
1.932400
-7.729500
-6.763300
