13.397000
13.397000
11.474000
10.513000
8.589700
10.513000
9.551300
7.628200
5.705100
6.666700
7.628200
4.743600
4.743600
5.705100
1.859000
0.897440
-0.064100
-0.064100
-1.025600
0.897440
-2.948700
-8.717900
-15.449000
-15.449000
-15.449000
-12.564000
-5.833300
-1.025600
0.897440
3.782100
5.705100
6.666700
2.820500
0.897440
1.859000
2.820500
5.705100
-0.064100
-3.910300
2.820500
-1.987200
2.820500
-0.064100
-1.987200
-2.948700
-7.756400
-5.833300
-4.871800
-5.833300
-8.717900
-7.756400
-2.948700
-1.987200
-1.987200
-1.025600
-1.025600
1.859000
3.782100
3.782100
5.705100
8.589700
14.359000
16.282000
17.243999
14.359000
8.589700
4.743600
6.666700
6.666700
-2.948700
-2.948700
-1.025600
-4.871800
-8.717900
-10.641000
-14.487000
-12.564000
-13.526000
-14.487000
-18.333000
-16.410000
-6.794900
-7.756400
-8.717900
-4.871800
0.897440
6.666700
14.359000
10.513000
5.705100
4.743600
5.705100
9.551300
6.666700
5.705100
4.743600
8.589700
15.321000
12.436000
8.589700
6.666700
7.628200
5.705100
3.782100
6.666700
4.743600
10.513000
9.551300
7.628200
4.743600
1.859000
2.820500
1.859000
-0.064100
6.666700
6.666700
0.897440
1.859000
3.782100
7.628200
1.859000
-4.871800
-4.871800
-7.756400
-1.987200
-5.833300
-8.717900
-3.910300
2.820500
3.782100
1.859000
-1.987200
-0.064100
-2.948700
-2.948700
-5.833300
-6.794900
-3.910300
-3.910300
-5.833300
-5.833300
-1.987200
-3.910300
-3.910300
-3.910300
-8.717900
-11.603000
-11.603000
-15.449000
-14.487000
-10.641000
-8.717900
-7.756400
-13.526000
-15.449000
-10.641000
-6.794900
-5.833300
-1.987200
3.782100
3.782100
6.666700
8.589700
3.782100
6.666700
10.513000
13.397000
10.513000
10.513000
17.243999
10.513000
9.551300
10.513000
8.589700
6.666700
0.897440
1.859000
2.820500
-1.025600
-5.833300
-9.679500
-12.564000
-16.410000
-10.641000
-12.564000
-14.487000
-13.526000
-7.756400
-3.910300
-5.833300
-3.910300
-1.987200
0.897440
2.820500
4.743600
8.589700
10.513000
11.474000
11.474000
7.628200
8.589700
9.551300
0.897440
-3.910300
-0.064100
-3.910300
-5.833300
-4.871800
-3.910300
-0.064100
4.743600
10.513000
9.551300
3.782100
7.628200
12.436000
11.474000
10.513000
8.589700
10.513000
8.589700
6.666700
-0.064100
2.820500
4.743600
3.782100
0.897440
2.820500
3.782100
2.820500
1.859000
5.705100
3.782100
2.820500
-1.025600
-5.833300
-5.833300
-5.833300
-1.987200
4.743600
3.782100
3.782100
0.897440
0.897440
1.859000
2.820500
-7.756400
-12.564000
-9.679500
-6.794900
-6.794900
-7.756400
-0.064100
1.859000
0.897440
-0.064100
-1.025600
-4.871800
-4.871800
-1.987200
1.859000
2.820500
2.820500
3.782100
4.743600
-1.987200
0.897440
0.897440
-0.064100
-1.025600
-4.871800
-1.025600
6.666700
-1.025600
-3.910300
-2.948700
-4.871800
0.897440
-0.064100
-1.987200
4.743600
1.859000
-0.064100
0.897440
-0.064100
-0.064100
-1.987200
1.859000
0.897440
-1.987200
-1.025600
-3.910300
0.897440
1.859000
-0.064100
1.859000
0.897440
-1.987200
-0.064100
-4.871800
-9.679500
-1.987200
-4.871800
-12.564000
-4.871800
-3.910300
-7.756400
-1.987200
-2.948700
-2.948700
0.897440
2.820500
6.666700
5.705100
7.628200
5.705100
10.513000
10.513000
6.666700
7.628200
11.474000
9.551300
1.859000
-2.948700
-4.871800
-1.987200
-1.025600
-3.910300
-3.910300
-4.871800
0.897440
3.782100
1.859000
-2.948700
-2.948700
-0.064100
-1.987200
1.859000
0.897440
1.859000
6.666700
6.666700
5.705100
0.897440
0.897440
4.743600
-1.987200
-3.910300
-1.987200
-1.025600
-1.987200
-1.987200
-1.987200
-4.871800
-6.794900
-6.794900
-5.833300
-8.717900
-7.756400
-3.910300
-1.987200
-0.064100
0.897440
3.782100
6.666700
9.551300
5.705100
8.589700
11.474000
7.628200
3.782100
5.705100
5.705100
-2.948700
-4.871800
-6.794900
-9.679500
-6.794900
-4.871800
-4.871800
-7.756400
-9.679500
-5.833300
-7.756400
-14.487000
-20.256001
-14.487000
-10.641000
-11.603000
-14.487000
-12.564000
-6.794900
3.782100
11.474000
10.513000
7.628200
6.666700
6.666700
4.743600
3.782100
1.859000
1.859000
9.551300
11.474000
3.782100
0.897440
3.782100
1.859000
-3.910300
-1.987200
1.859000
-2.948700
-6.794900
-2.948700
-3.910300
-4.871800
3.782100
7.628200
10.513000
11.474000
6.666700
9.551300
9.551300
6.666700
5.705100
2.820500
1.859000
10.513000
9.551300
5.705100
7.628200
12.436000
11.474000
9.551300
7.628200
7.628200
4.743600
3.782100
1.859000
-1.987200
-3.910300
-3.910300
-1.987200
-0.064100
0.897440
2.820500
-1.025600
-5.833300
-1.025600
4.743600
-3.910300
-6.794900
-6.794900
-7.756400
-9.679500
-12.564000
-13.526000
-14.487000
-12.564000
-9.679500
-10.641000
-7.756400
-7.756400
-0.064100
8.589700
8.589700
6.666700
10.513000
9.551300
8.589700
9.551300
9.551300
5.705100
3.782100
-1.025600
-1.987200
-2.948700
-1.025600
-3.910300
-4.871800
-1.025600
4.743600
3.782100
-0.064100
6.666700
0.897440
-1.025600
-1.025600
1.859000
10.513000
3.782100
-3.910300
1.859000
4.743600
-1.025600
-1.987200
2.820500
-2.948700
-2.948700
-2.948700
-1.987200
4.743600
-1.025600
-1.025600
-1.025600
-1.025600
3.782100
8.589700
11.474000
4.743600
-0.064100
3.782100
1.859000
-0.064100
-0.064100
-1.987200
-2.948700
-0.064100
-3.910300
-5.833300
-4.871800
-3.910300
-4.871800
-10.641000
-7.756400
-5.833300
-3.910300
-3.910300
-6.794900
0.897440
4.743600
5.705100
0.897440
4.743600
5.705100
-0.064100
-2.948700
2.820500
-0.064100
-2.948700
-6.794900
-8.717900
-3.910300
-4.871800
-7.756400
-5.833300
-4.871800
-0.064100
0.897440
-0.064100
0.897440
1.859000
1.859000
-1.987200
1.859000
4.743600
4.743600
2.820500
4.743600
8.589700
7.628200
2.820500
-2.948700
-6.794900
-4.871800
-1.025600
-3.910300
-1.987200
-1.987200
-0.064100
0.897440
4.743600
2.820500
7.628200
4.743600
-1.987200
3.782100
1.859000
-1.987200
-3.910300
-4.871800
-1.987200
0.897440
-3.910300
-1.987200
-1.025600
-5.833300
-0.064100
0.897440
3.782100
-0.064100
1.859000
4.743600
1.859000
-4.871800
-4.871800
1.859000
0.897440
-0.064100
2.820500
1.859000
4.743600
1.859000
3.782100
5.705100
7.628200
13.397000
5.705100
3.782100
6.666700
1.859000
-4.871800
-2.948700
-2.948700
-8.717900
-6.794900
-2.948700
-0.064100
1.859000
2.820500
8.589700
12.436000
22.051001
29.743999
36.473999
38.396999
38.396999
34.550999
33.590000
22.051001
18.205000
18.205000
7.628200
2.820500
-1.025600
-2.948700
-5.833300
-9.679500
-9.679500
-9.679500
-7.756400
-4.871800
-11.603000
-11.603000
-10.641000
-13.526000
-15.449000
-18.333000
-12.564000
-9.679500
-11.603000
-9.679500
-7.756400
-7.756400
-4.871800
-1.987200
-2.948700
-2.948700
-6.794900
-3.910300
-1.987200
-1.987200
2.820500
-1.987200
-2.948700
6.666700
7.628200
-3.910300
-8.717900
-1.987200
-3.910300
-12.564000
-13.526000
-10.641000
-4.871800
-6.794900
-6.794900
-6.794900
-11.603000
-11.603000
-10.641000
-11.603000
-6.794900
-9.679500
-4.871800
-6.794900
-6.794900
-6.794900
-2.948700
-0.064100
-5.833300
-8.717900
-6.794900
-5.833300
-9.679500
-10.641000
-14.487000
-20.256001
-18.333000
-14.487000
-19.295000
-21.218000
-12.564000
-4.871800
-6.794900
-12.564000
-5.833300
-4.871800
-0.064100
5.705100
7.628200
3.782100
8.589700
11.474000
9.551300
11.474000
10.513000
6.666700
11.474000
13.397000
11.474000
14.359000
11.474000
6.666700
8.589700
7.628200
7.628200
13.397000
8.589700
4.743600
1.859000
-3.910300
-2.948700
0.897440
-0.064100
5.705100
13.397000
18.205000
17.243999
13.397000
10.513000
9.551300
12.436000
11.474000
13.397000
10.513000
5.705100
4.743600
7.628200
9.551300
2.820500
-3.910300
-4.871800
-2.948700
-7.756400
-8.717900
-12.564000
-5.833300
-1.987200
-1.025600
7.628200
5.705100
1.859000
4.743600
4.743600
-4.871800
-2.948700
0.897440
0.897440
-4.871800
-2.948700
-0.064100
0.897440
2.820500
9.551300
8.589700
4.743600
-2.948700
1.859000
-0.064100
-1.025600
1.859000
-2.948700
-2.948700
-0.064100
0.897440
-3.910300
-2.948700
-1.025600
-1.987200
-1.025600
4.743600
3.782100
-1.025600
4.743600
1.859000
-0.064100
2.820500
5.705100
4.743600
-1.025600
-8.717900
-2.948700
-1.025600
-6.794900
-11.603000
-4.871800
2.820500
0.897440
-6.794900
-5.833300
-4.871800
-2.948700
-1.025600
-3.910300
-4.871800
-9.679500
-6.794900
-2.948700
1.859000
0.897440
1.859000
7.628200
3.782100
1.859000
6.666700
5.705100
3.782100
3.782100
7.628200
10.513000
1.859000
0.897440
4.743600
7.628200
-1.025600
-3.910300
-0.064100
3.782100
3.782100
-1.025600
-1.025600
3.782100
-1.025600
-1.025600
1.859000
-1.987200
-3.910300
-4.871800
-5.833300
-2.948700
-2.948700
-9.679500
-12.564000
-10.641000
-10.641000
-16.410000
-14.487000
-15.449000
-11.603000
-3.910300
-1.987200
-1.987200
-1.025600
-2.948700
0.897440
0.897440
-3.910300
3.782100
4.743600
3.782100
2.820500
5.705100
9.551300
16.282000
16.282000
9.551300
10.513000
10.513000
3.782100
-1.987200
-3.910300
-5.833300
-4.871800
-7.756400
-6.794900
-6.794900
-2.948700
-3.910300
2.820500
3.782100
5.705100
5.705100
2.820500
7.628200
10.513000
7.628200
9.551300
11.474000
10.513000
10.513000
11.474000
6.666700
-0.064100
1.859000
5.705100
-0.064100
1.859000
10.513000
19.167000
23.974001
27.820999
34.550999
47.050999
48.973999
44.167000
48.973999
52.820999
51.859001
52.820999
50.896999
46.090000
40.320999
38.396999
34.550999
29.743999
23.974001
14.359000
6.666700
0.897440
-8.717900
-10.641000
-18.333000
-25.063999
-31.795000
-33.717999
-36.603001
-36.603001
-39.487000
-45.256001
-42.372002
-36.603001
-34.679001
-33.717999
-36.603001
-35.640999
-32.756001
-28.910000
-37.563999
-40.449001
-34.679001
-37.563999
-37.563999
-33.717999
-33.717999
-31.795000
-29.872000
-26.025999
-26.025999
-25.063999
-20.256001
-20.256001
-18.333000
-18.333000
-16.410000
-16.410000
-18.333000
-14.487000
-8.717900
-8.717900
-8.717900
-8.717900
-10.641000
-8.717900
-11.603000
-9.679500
-5.833300
-0.064100
-2.948700
-1.987200
7.628200
9.551300
7.628200
5.705100
3.782100
8.589700
4.743600
3.782100
6.666700
6.666700
8.589700
8.589700
8.589700
7.628200
4.743600
4.743600
0.897440
-0.064100
-2.948700
-11.603000
-11.603000
-10.641000
-7.756400
-4.871800
-1.987200
3.782100
-0.064100
-0.064100
2.820500
4.743600
5.705100
6.666700
9.551300
8.589700
11.474000
14.359000
7.628200
8.589700
10.513000
7.628200
5.705100
5.705100
5.705100
8.589700
