8.589700
8.589700
6.666700
8.589700
9.551300
13.397000
20.128000
13.397000
5.705100
9.551300
12.436000
5.705100
10.513000
10.513000
2.820500
0.897440
-2.948700
6.666700
10.513000
3.782100
-1.987200
0.897440
-1.987200
-1.987200
1.859000
2.820500
-1.025600
2.820500
-1.025600
-5.833300
0.897440
0.897440
5.705100
1.859000
2.820500
5.705100
16.282000
5.705100
-8.717900
3.782100
8.589700
7.628200
-1.025600
-5.833300
-8.717900
-9.679500
-3.910300
1.859000
-5.833300
-3.910300
12.436000
5.705100
0.897440
-1.025600
-1.025600
-0.064100
3.782100
1.859000
-4.871800
-5.833300
-5.833300
-5.833300
1.859000
-4.871800
-2.948700
4.743600
1.859000
-0.064100
2.820500
15.321000
17.243999
-1.987200
-2.948700
1.859000
-5.833300
-2.948700
-2.948700
-1.987200
-2.948700
-2.948700
-1.025600
4.743600
-0.064100
7.628200
6.666700
1.859000
1.859000
4.743600
7.628200
-0.064100
-0.064100
-0.064100
2.820500
-1.987200
-4.871800
1.859000
3.782100
4.743600
-1.025600
-1.025600
0.897440
-5.833300
-1.987200
1.859000
2.820500
-1.025600
3.782100
13.397000
2.820500
-7.756400
-8.717900
-12.564000
-17.372000
-12.564000
-10.641000
-12.564000
-7.756400
-11.603000
-14.487000
-10.641000
-5.833300
-1.025600
-2.948700
-4.871800
3.782100
7.628200
6.666700
9.551300
5.705100
12.436000
10.513000
3.782100
0.897440
4.743600
8.589700
5.705100
18.205000
11.474000
3.782100
-1.025600
2.820500
6.666700
-1.987200
-9.679500
-4.871800
-11.603000
-14.487000
-3.910300
-1.025600
-6.794900
-10.641000
-13.526000
-16.410000
-24.103001
-24.103001
-17.372000
-8.717900
7.628200
11.474000
8.589700
3.782100
15.321000
28.782000
19.167000
16.282000
23.974001
20.128000
21.090000
24.936001
27.820999
23.013000
21.090000
11.474000
-2.948700
-1.025600
0.897440
-1.987200
-3.910300
-4.871800
-7.756400
-9.679500
-6.794900
-7.756400
-2.948700
-7.756400
-2.948700
-2.948700
2.820500
4.743600
-1.025600
-1.987200
5.705100
3.782100
0.897440
-1.987200
-6.794900
-6.794900
1.859000
9.551300
2.820500
-3.910300
-3.910300
-1.987200
-0.064100
-3.910300
-5.833300
-3.910300
1.859000
0.897440
-12.564000
-8.717900
-1.025600
-5.833300
-1.025600
-0.064100
-1.987200
4.743600
-0.064100
-6.794900
-0.064100
7.628200
4.743600
-3.910300
-9.679500
-0.064100
-1.025600
-1.025600
4.743600
5.705100
-3.910300
-3.910300
-0.064100
0.897440
9.551300
6.666700
4.743600
-1.987200
-4.871800
-2.948700
3.782100
0.897440
-2.948700
1.859000
0.897440
-1.987200
-7.756400
-17.372000
-7.756400
-2.948700
-1.987200
-8.717900
-15.449000
-3.910300
-4.871800
-5.833300
2.820500
0.897440
1.859000
-4.871800
-4.871800
1.859000
-1.025600
-3.910300
1.859000
-1.025600
-6.794900
-1.025600
-0.064100
-0.064100
-1.987200
-1.987200
0.897440
4.743600
-0.064100
-2.948700
-8.717900
-5.833300
2.820500
-3.910300
0.897440
-1.987200
1.859000
8.589700
13.397000
9.551300
8.589700
8.589700
7.628200
7.628200
-0.064100
4.743600
8.589700
9.551300
12.436000
2.820500
-1.025600
4.743600
4.743600
5.705100
1.859000
0.897440
1.859000
-0.064100
-1.025600
-2.948700
-0.064100
-3.910300
0.897440
-1.987200
-5.833300
2.820500
-2.948700
2.820500
6.666700
-1.025600
2.820500
-0.064100
4.743600
6.666700
5.705100
15.321000
1.859000
-4.871800
-1.025600
-7.756400
-12.564000
-9.679500
-3.910300
-4.871800
-5.833300
-1.025600
2.820500
3.782100
-1.025600
5.705100
8.589700
3.782100
6.666700
6.666700
2.820500
6.666700
10.513000
-0.064100
-4.871800
2.820500
-1.987200
-4.871800
-10.641000
-3.910300
-0.064100
3.782100
-4.871800
-11.603000
0.897440
-0.064100
2.820500
-0.064100
-1.025600
-0.064100
7.628200
1.859000
-7.756400
-0.064100
10.513000
10.513000
6.666700
1.859000
9.551300
14.359000
12.436000
-1.025600
6.666700
0.897440
-14.487000
-10.641000
-11.603000
-6.794900
-3.910300
-4.871800
-8.717900
-11.603000
-9.679500
-9.679500
-13.526000
-7.756400
-0.064100
3.782100
0.897440
1.859000
1.859000
14.359000
15.321000
12.436000
14.359000
11.474000
7.628200
0.897440
-2.948700
0.897440
0.897440
-1.025600
2.820500
-1.987200
-7.756400
-8.717900
-11.603000
-8.717900
-1.025600
-6.794900
-21.218000
-8.717900
0.897440
-10.641000
-15.449000
-6.794900
10.513000
10.513000
1.859000
5.705100
10.513000
3.782100
6.666700
13.397000
0.897440
-1.987200
7.628200
11.474000
8.589700
3.782100
4.743600
0.897440
1.859000
9.551300
9.551300
5.705100
-0.064100
-4.871800
-0.064100
8.589700
5.705100
4.743600
1.859000
3.782100
6.666700
2.820500
-1.987200
-3.910300
-3.910300
-5.833300
-5.833300
-12.564000
-5.833300
-5.833300
-10.641000
-3.910300
-3.910300
1.859000
-5.833300
-12.564000
-1.987200
-10.641000
-12.564000
-8.717900
-3.910300
4.743600
1.859000
0.897440
0.897440
-5.833300
-6.794900
-4.871800
-1.987200
-3.910300
-8.717900
-12.564000
-3.910300
-5.833300
-11.603000
-2.948700
0.897440
-5.833300
-9.679500
-4.871800
0.897440
-0.064100
-4.871800
-2.948700
-1.987200
1.859000
9.551300
6.666700
7.628200
11.474000
14.359000
2.820500
2.820500
7.628200
5.705100
1.859000
12.436000
13.397000
7.628200
7.628200
12.436000
12.436000
7.628200
5.705100
4.743600
-3.910300
0.897440
1.859000
9.551300
0.897440
-1.025600
-6.794900
-5.833300
-6.794900
-0.064100
3.782100
3.782100
-4.871800
-9.679500
-10.641000
-4.871800
-3.910300
0.897440
3.782100
2.820500
1.859000
-1.025600
6.666700
9.551300
2.820500
-1.025600
2.820500
-2.948700
-4.871800
3.782100
4.743600
16.282000
4.743600
-10.641000
-5.833300
-1.987200
5.705100
5.705100
-2.948700
-5.833300
-4.871800
1.859000
-1.987200
1.859000
0.897440
-1.025600
-1.025600
-8.717900
-9.679500
-2.948700
-1.987200
-0.064100
2.820500
-5.833300
-6.794900
1.859000
9.551300
7.628200
6.666700
4.743600
4.743600
4.743600
2.820500
1.859000
0.897440
-4.871800
-9.679500
-15.449000
-7.756400
-2.948700
-4.871800
-11.603000
-12.564000
-5.833300
-1.987200
-10.641000
-6.794900
0.897440
-7.756400
-1.987200
-4.871800
-3.910300
12.436000
14.359000
5.705100
3.782100
1.859000
9.551300
9.551300
5.705100
9.551300
9.551300
2.820500
-2.948700
-8.717900
5.705100
18.205000
9.551300
0.897440
4.743600
13.397000
7.628200
11.474000
4.743600
-4.871800
-6.794900
-1.987200
-4.871800
-1.987200
3.782100
6.666700
0.897440
6.666700
18.205000
22.051001
13.397000
24.936001
32.627998
27.820999
31.667000
27.820999
20.128000
13.397000
19.167000
10.513000
5.705100
4.743600
3.782100
-1.025600
-12.564000
-9.679500
0.897440
-7.756400
-12.564000
-15.449000
-12.564000
-8.717900
-3.910300
-10.641000
-14.487000
-7.756400
-14.487000
-15.449000
-8.717900
-1.025600
1.859000
-3.910300
2.820500
5.705100
10.513000
1.859000
-6.794900
0.897440
0.897440
0.897440
-1.987200
1.859000
-2.948700
-5.833300
-3.910300
-4.871800
-6.794900
-8.717900
-7.756400
-13.526000
-7.756400
1.859000
-4.871800
-4.871800
-4.871800
-11.603000
-12.564000
-18.333000
-16.410000
-15.449000
-15.449000
-20.256001
-21.218000
-11.603000
-9.679500
-12.564000
-5.833300
-8.717900
-13.526000
-15.449000
-18.333000
-27.948999
-28.910000
-23.141001
-27.948999
-24.103001
-18.333000
-2.948700
14.359000
2.820500
4.743600
8.589700
4.743600
8.589700
23.013000
21.090000
21.090000
22.051001
19.167000
16.282000
18.205000
14.359000
14.359000
3.782100
0.897440
-4.871800
-7.756400
-3.910300
2.820500
-1.025600
-0.064100
-0.064100
0.897440
0.897440
6.666700
0.897440
-7.756400
-1.025600
-0.064100
-6.794900
1.859000
6.666700
9.551300
10.513000
6.666700
0.897440
6.666700
3.782100
5.705100
17.243999
8.589700
8.589700
5.705100
7.628200
3.782100
1.859000
1.859000
0.897440
-6.794900
-7.756400
-5.833300
-8.717900
2.820500
-0.064100
3.782100
7.628200
1.859000
-5.833300
2.820500
4.743600
0.897440
4.743600
-5.833300
-13.526000
-1.987200
-0.064100
-1.025600
-5.833300
-5.833300
-6.794900
-3.910300
0.897440
7.628200
6.666700
9.551300
6.666700
4.743600
3.782100
4.743600
6.666700
5.705100
4.743600
5.705100
7.628200
2.820500
-1.987200
-1.987200
-3.910300
2.820500
0.897440
-5.833300
-1.987200
4.743600
2.820500
9.551300
10.513000
5.705100
-0.064100
-3.910300
3.782100
-1.987200
-9.679500
-8.717900
-6.794900
-4.871800
-10.641000
-11.603000
-14.487000
-14.487000
-15.449000
-11.603000
-6.794900
-1.987200
0.897440
0.897440
-0.064100
8.589700
8.589700
-1.025600
-0.064100
10.513000
14.359000
8.589700
11.474000
15.321000
9.551300
7.628200
16.282000
17.243999
5.705100
7.628200
8.589700
10.513000
-2.948700
-7.756400
0.897440
5.705100
0.897440
-2.948700
-1.025600
-5.833300
-0.064100
8.589700
1.859000
-7.756400
-11.603000
-5.833300
-6.794900
-8.717900
-10.641000
-24.103001
-18.333000
-20.256001
-26.025999
-24.103001
-21.218000
-10.641000
-5.833300
-13.526000
-17.372000
-9.679500
-0.064100
3.782100
5.705100
4.743600
9.551300
9.551300
14.359000
18.205000
17.243999
13.397000
11.474000
12.436000
-0.064100
9.551300
11.474000
4.743600
7.628200
13.397000
4.743600
7.628200
4.743600
-1.025600
0.897440
2.820500
3.782100
1.859000
-1.025600
-1.025600
4.743600
8.589700
6.666700
3.782100
8.589700
7.628200
4.743600
5.705100
10.513000
8.589700
-1.025600
0.897440
9.551300
14.359000
10.513000
11.474000
17.243999
18.205000
18.205000
19.167000
27.820999
29.743999
25.896999
19.167000
22.051001
28.782000
26.858999
24.936001
26.858999
27.820999
12.436000
12.436000
18.205000
16.282000
11.474000
9.551300
6.666700
8.589700
6.666700
-0.064100
-1.025600
0.897440
-0.064100
-4.871800
-16.410000
-16.410000
-14.487000
-27.948999
-27.948999
-30.833000
-27.948999
-24.103001
-22.179001
-17.372000
-25.063999
-37.563999
-33.717999
-35.640999
-34.679001
-27.948999
-27.948999
-27.948999
-25.063999
-26.025999
-22.179001
-29.872000
-31.795000
-17.372000
-18.333000
-25.063999
-20.256001
-16.410000
-14.487000
-11.603000
-10.641000
-7.756400
-9.679500
-10.641000
-8.717900
-10.641000
-12.564000
-13.526000
-12.564000
-8.717900
-3.910300
-6.794900
-0.064100
7.628200
0.897440
-3.910300
0.897440
0.897440
-1.025600
10.513000
6.666700
7.628200
18.205000
16.282000
18.205000
17.243999
10.513000
10.513000
-1.025600
2.820500
-0.064100
7.628200
9.551300
-7.756400
-3.910300
0.897440
0.897440
-4.871800
-1.025600
4.743600
-5.833300
-1.025600
6.666700
0.897440
3.782100
4.743600
13.397000
13.397000
14.359000
10.513000
1.859000
5.705100
9.551300
7.628200
1.859000
3.782100
-1.987200
-1.987200
