19.542000
16.601000
13.660000
13.660000
15.621000
16.601000
18.562000
13.660000
10.719000
11.699000
11.699000
11.699000
14.641000
10.719000
-0.065360
-1.045800
-3.006500
0.915030
5.817000
2.875800
-3.006500
-3.986900
-7.908500
-10.850000
-14.771000
-13.791000
-9.869300
-5.947700
-1.045800
-1.045800
0.915030
2.875800
5.817000
5.817000
7.777800
10.719000
9.738600
3.856200
-2.026100
1.895400
-1.045800
-4.967300
-3.986900
-1.045800
3.856200
-0.065360
-5.947700
-3.006500
-6.928100
-6.928100
-0.065360
6.797400
2.875800
-1.045800
-3.986900
-3.006500
-0.065360
0.915030
-0.065360
4.836600
5.817000
7.777800
17.582001
19.542000
18.562000
12.680000
7.777800
7.777800
11.699000
12.680000
9.738600
2.875800
-3.006500
-2.026100
-13.791000
-22.614000
-20.653999
-18.693001
-20.653999
-22.614000
-16.732000
-9.869300
-8.888900
-9.869300
-7.908500
-3.986900
2.875800
13.660000
8.758200
3.856200
6.797400
5.817000
3.856200
0.915030
5.817000
9.738600
7.777800
2.875800
1.895400
2.875800
3.856200
2.875800
0.915030
2.875800
8.758200
11.699000
13.660000
13.660000
10.719000
4.836600
0.915030
-2.026100
-4.967300
-7.908500
-7.908500
-2.026100
-3.006500
-2.026100
2.875800
2.875800
3.856200
2.875800
1.895400
1.895400
1.895400
0.915030
-2.026100
0.915030
5.817000
6.797400
3.856200
1.895400
-0.065360
-2.026100
0.915030
0.915030
0.915030
-2.026100
-2.026100
0.915030
-3.986900
-5.947700
-9.869300
-8.888900
-10.850000
-15.752000
-14.771000
-14.771000
-15.752000
-15.752000
-9.869300
-4.967300
-6.928100
-13.791000
-16.732000
-9.869300
-3.006500
6.797400
11.699000
9.738600
14.641000
18.562000
21.503000
18.562000
19.542000
21.503000
23.464001
24.444000
23.464001
25.424999
18.562000
14.641000
10.719000
10.719000
0.915030
-11.830000
-11.830000
-10.850000
-14.771000
-17.712000
-18.693001
-22.614000
-22.614000
-15.752000
-11.830000
-8.888900
-9.869300
-6.928100
-3.986900
-1.045800
-0.065360
1.895400
3.856200
1.895400
2.875800
5.817000
4.836600
4.836600
4.836600
1.895400
0.915030
0.915030
-6.928100
-11.830000
-10.850000
-10.850000
-10.850000
-8.888900
-7.908500
-6.928100
-3.986900
-0.065360
-3.986900
-3.986900
-0.065360
2.875800
6.797400
4.836600
2.875800
3.856200
6.797400
8.758200
6.797400
4.836600
0.915030
0.915030
1.895400
4.836600
5.817000
7.777800
3.856200
2.875800
8.758200
11.699000
6.797400
-0.065360
-6.928100
-4.967300
-0.065360
1.895400
3.856200
3.856200
3.856200
2.875800
1.895400
0.915030
-3.986900
-6.928100
-11.830000
-12.810000
-8.888900
-3.986900
4.836600
5.817000
0.915030
1.895400
4.836600
4.836600
2.875800
-3.006500
-2.026100
-1.045800
-2.026100
0.915030
1.895400
-3.006500
-3.986900
-3.986900
0.915030
-0.065360
-4.967300
-3.986900
-2.026100
-4.967300
-8.888900
-6.928100
-3.006500
-2.026100
2.875800
3.856200
5.817000
6.797400
6.797400
7.777800
4.836600
3.856200
2.875800
4.836600
5.817000
2.875800
5.817000
4.836600
5.817000
5.817000
3.856200
5.817000
-1.045800
-5.947700
-5.947700
-8.888900
-6.928100
-4.967300
-7.908500
-8.888900
-4.967300
-3.986900
-6.928100
-1.045800
1.895400
0.915030
-1.045800
-3.006500
5.817000
10.719000
6.797400
6.797400
10.719000
9.738600
10.719000
12.680000
15.621000
6.797400
-4.967300
-12.810000
-11.830000
-10.850000
-9.869300
-6.928100
-3.006500
4.836600
8.758200
13.660000
15.621000
9.738600
7.777800
7.777800
3.856200
3.856200
6.797400
10.719000
17.582001
16.601000
7.777800
2.875800
2.875800
4.836600
2.875800
-3.986900
-6.928100
-10.850000
-12.810000
-13.791000
-17.712000
-16.732000
-14.771000
-17.712000
-15.752000
-13.791000
-7.908500
-4.967300
-3.986900
0.915030
5.817000
8.758200
12.680000
18.562000
17.582001
16.601000
14.641000
7.777800
1.895400
5.817000
1.895400
-8.888900
-14.771000
-16.732000
-14.771000
-12.810000
-13.791000
-16.732000
-17.712000
-22.614000
-24.575001
-28.497000
-26.535999
-22.614000
-17.712000
-8.888900
-0.065360
-0.065360
7.777800
13.660000
22.483999
30.327000
29.346001
25.424999
20.523001
18.562000
14.641000
10.719000
5.817000
4.836600
4.836600
2.875800
0.915030
-1.045800
-0.065360
-3.006500
-12.810000
-12.810000
-7.908500
-15.752000
-23.594999
-18.693001
-12.810000
-7.908500
-0.065360
3.856200
9.738600
11.699000
7.777800
9.738600
9.738600
7.777800
6.797400
2.875800
2.875800
6.797400
6.797400
7.777800
9.738600
12.680000
12.680000
12.680000
10.719000
7.777800
2.875800
3.856200
1.895400
-5.947700
-3.986900
-3.006500
1.895400
0.915030
-0.065360
2.875800
2.875800
-3.006500
-2.026100
2.875800
2.875800
3.856200
-0.065360
-3.006500
-3.006500
-5.947700
-8.888900
-8.888900
-7.908500
-5.947700
-5.947700
-3.986900
-6.928100
-1.045800
10.719000
11.699000
7.777800
7.777800
6.797400
5.817000
1.895400
-3.006500
-3.986900
-9.869300
-9.869300
-10.850000
-11.830000
-11.830000
-10.850000
-14.771000
-10.850000
-6.928100
-3.006500
-3.006500
-0.065360
-3.006500
-2.026100
-0.065360
2.875800
8.758200
3.856200
4.836600
8.758200
11.699000
7.777800
3.856200
4.836600
0.915030
4.836600
10.719000
9.738600
6.797400
4.836600
5.817000
3.856200
2.875800
5.817000
7.777800
4.836600
-2.026100
-3.006500
2.875800
1.895400
0.915030
-2.026100
-3.986900
-3.006500
-5.947700
-7.908500
-8.888900
-10.850000
-8.888900
-12.810000
-14.771000
-13.791000
-8.888900
-3.006500
0.915030
3.856200
8.758200
10.719000
7.777800
2.875800
5.817000
6.797400
0.915030
-0.065360
4.836600
0.915030
-2.026100
-0.065360
-3.986900
-2.026100
-3.006500
-5.947700
-6.928100
-4.967300
-3.006500
-3.986900
-2.026100
-2.026100
-0.065360
-3.006500
0.915030
3.856200
-2.026100
-2.026100
-1.045800
-0.065360
3.856200
2.875800
0.915030
-0.065360
-1.045800
3.856200
6.797400
5.817000
5.817000
6.797400
7.777800
6.797400
3.856200
0.915030
-2.026100
-3.986900
-10.850000
-7.908500
-6.928100
-9.869300
-12.810000
-12.810000
-12.810000
-6.928100
-3.986900
-4.967300
-5.947700
-10.850000
-4.967300
-2.026100
1.895400
4.836600
6.797400
9.738600
10.719000
4.836600
1.895400
6.797400
8.758200
9.738600
7.777800
7.777800
7.777800
4.836600
6.797400
9.738600
10.719000
11.699000
9.738600
12.680000
12.680000
8.758200
-3.986900
-10.850000
-11.830000
-12.810000
-13.791000
-13.791000
-11.830000
-9.869300
-8.888900
0.915030
10.719000
21.503000
29.346001
38.169998
36.209000
28.365999
30.327000
34.248001
31.306999
25.424999
19.542000
12.680000
7.777800
6.797400
0.915030
-6.928100
-7.908500
-7.908500
-9.869300
-5.947700
-3.986900
-4.967300
-3.006500
-3.006500
-6.928100
-10.850000
-11.830000
-7.908500
-5.947700
-7.908500
-3.006500
1.895400
-1.045800
-0.065360
8.758200
7.777800
4.836600
0.915030
0.915030
-0.065360
-0.065360
5.817000
4.836600
5.817000
8.758200
3.856200
-0.065360
-3.986900
-7.908500
-13.791000
-15.752000
-12.810000
-11.830000
-8.888900
-13.791000
-12.810000
-12.810000
-15.752000
-18.693001
-23.594999
-20.653999
-17.712000
-18.693001
-18.693001
-21.634001
-16.732000
-12.810000
-7.908500
-6.928100
-13.791000
-15.752000
-8.888900
-4.967300
-11.830000
-19.673000
-23.594999
-24.575001
-17.712000
-12.810000
-8.888900
-3.986900
-1.045800
4.836600
5.817000
2.875800
4.836600
11.699000
21.503000
31.306999
30.327000
23.464001
25.424999
30.327000
25.424999
11.699000
3.856200
1.895400
-0.065360
2.875800
-2.026100
-3.986900
-6.928100
-6.928100
-1.045800
3.856200
0.915030
0.915030
-0.065360
-2.026100
-2.026100
-4.967300
-1.045800
8.758200
9.738600
8.758200
15.621000
18.562000
14.641000
8.758200
4.836600
9.738600
11.699000
8.758200
8.758200
6.797400
2.875800
-1.045800
-1.045800
-2.026100
-7.908500
-11.830000
-15.752000
-15.752000
-18.693001
-14.771000
-9.869300
-8.888900
-5.947700
-3.986900
-0.065360
0.915030
-0.065360
-1.045800
-2.026100
-5.947700
-6.928100
-3.986900
-3.006500
-8.888900
-9.869300
-5.947700
-2.026100
3.856200
9.738600
11.699000
11.699000
5.817000
3.856200
4.836600
4.836600
4.836600
-3.986900
-4.967300
-3.986900
-1.045800
-0.065360
-3.986900
-4.967300
-2.026100
-0.065360
4.836600
4.836600
1.895400
9.738600
11.699000
10.719000
12.680000
16.601000
12.680000
6.797400
4.836600
1.895400
-0.065360
-4.967300
-9.869300
-5.947700
-4.967300
-7.908500
-10.850000
-15.752000
-14.771000
-9.869300
-6.928100
-5.947700
-3.986900
-3.006500
0.915030
3.856200
9.738600
10.719000
11.699000
16.601000
10.719000
8.758200
11.699000
9.738600
9.738600
4.836600
7.777800
15.621000
8.758200
3.856200
7.777800
9.738600
1.895400
-7.908500
-9.869300
-6.928100
-4.967300
-4.967300
-0.065360
0.915030
-3.006500
-3.986900
-4.967300
-6.928100
-9.869300
-10.850000
-9.869300
-6.928100
-6.928100
-7.908500
-9.869300
-14.771000
-18.693001
-17.712000
-11.830000
-11.830000
-11.830000
-7.908500
-3.986900
0.915030
5.817000
10.719000
13.660000
14.641000
15.621000
18.562000
16.601000
12.680000
12.680000
14.641000
20.523001
20.523001
19.542000
13.660000
11.699000
5.817000
-0.065360
1.895400
-1.045800
-7.908500
-9.869300
-6.928100
-9.869300
-13.791000
-11.830000
-8.888900
-1.045800
-2.026100
-2.026100
5.817000
6.797400
10.719000
9.738600
4.836600
3.856200
4.836600
5.817000
4.836600
4.836600
-3.006500
-10.850000
-9.869300
-5.947700
-4.967300
-0.065360
6.797400
13.660000
20.523001
21.503000
22.483999
30.327000
36.209000
37.189999
37.189999
36.209000
38.169998
43.071999
43.071999
38.169998
34.248001
32.287998
29.346001
28.365999
22.483999
14.641000
8.758200
8.758200
3.856200
-2.026100
-8.888900
-14.771000
-20.653999
-24.575001
-27.516001
-26.535999
-30.458000
-34.379002
-31.438000
-31.438000
-27.516001
-23.594999
-27.516001
-28.497000
-25.556000
-28.497000
-33.398998
-33.398998
-32.417999
-31.438000
-28.497000
-25.556000
-26.535999
-28.497000
-26.535999
-28.497000
-31.438000
-27.516001
-24.575001
-23.594999
-19.673000
-17.712000
-11.830000
-10.850000
-14.771000
-13.791000
-11.830000
-8.888900
-5.947700
-3.006500
-7.908500
-11.830000
-8.888900
-4.967300
-0.065360
-1.045800
-0.065360
3.856200
1.895400
1.895400
6.797400
4.836600
6.797400
7.777800
0.915030
0.915030
7.777800
8.758200
11.699000
4.836600
0.915030
7.777800
10.719000
9.738600
1.895400
1.895400
4.836600
-3.986900
-7.908500
-5.947700
-3.986900
-2.026100
-2.026100
4.836600
7.777800
11.699000
9.738600
8.758200
10.719000
11.699000
15.621000
17.582001
17.582001
18.562000
16.601000
12.680000
9.738600
5.817000
4.836600
2.875800
-2.026100
-5.947700
