-7.062700
-7.062700
-9.042900
-13.003000
-14.983000
-18.944000
-19.934000
-18.944000
-18.944000
-18.944000
-18.944000
-16.964001
-17.954000
-20.924000
-21.914000
-15.974000
-14.983000
-13.993000
-12.013000
-9.042900
-4.092400
-3.102300
-4.092400
-6.072600
-7.062700
-7.062700
-6.072600
-3.102300
1.848200
2.838300
4.818500
2.838300
-0.132010
-0.132010
0.858090
2.838300
7.788800
8.778900
8.778900
5.808600
0.858090
-0.132010
0.858090
-0.132010
-0.132010
-1.122100
-0.132010
1.848200
4.818500
4.818500
0.858090
-2.112200
-1.122100
-2.112200
-3.102300
-2.112200
-1.122100
-0.132010
-0.132010
2.838300
5.808600
1.848200
-1.122100
-2.112200
-1.122100
1.848200
1.848200
5.808600
5.808600
4.818500
5.808600
6.798700
8.778900
11.749000
13.729000
9.769000
5.808600
6.798700
6.798700
9.769000
9.769000
9.769000
8.778900
6.798700
8.778900
9.769000
8.778900
11.749000
13.729000
13.729000
15.710000
12.739000
7.788800
7.788800
10.759000
14.719000
14.719000
13.729000
11.749000
11.749000
14.719000
14.719000
13.729000
14.719000
15.710000
12.739000
7.788800
5.808600
7.788800
12.739000
16.700001
17.690001
13.729000
10.759000
10.759000
12.739000
12.739000
12.739000
11.749000
8.778900
5.808600
8.778900
7.788800
6.798700
8.778900
6.798700
1.848200
-3.102300
-5.082500
-5.082500
-9.042900
-9.042900
-3.102300
2.838300
3.828400
0.858090
-1.122100
-0.132010
-1.122100
-2.112200
-1.122100
-6.072600
-5.082500
-7.062700
-5.082500
-1.122100
-4.092400
-5.082500
-3.102300
-1.122100
-0.132010
-0.132010
-4.092400
-5.082500
-2.112200
-4.092400
-6.072600
-6.072600
-6.072600
-4.092400
-4.092400
-4.092400
-5.082500
-6.072600
-8.052800
-7.062700
-6.072600
-4.092400
-3.102300
-2.112200
1.848200
5.808600
5.808600
4.818500
5.808600
5.808600
6.798700
5.808600
2.838300
-0.132010
-3.102300
-2.112200
-4.092400
-3.102300
0.858090
-0.132010
-3.102300
-5.082500
-9.042900
-12.013000
-14.983000
-16.964001
-17.954000
-17.954000
-17.954000
-17.954000
-18.944000
-18.944000
-18.944000
-16.964001
-13.993000
-12.013000
-12.013000
-14.983000
-17.954000
-22.903999
-22.903999
-21.914000
-18.944000
-13.993000
-12.013000
-8.052800
-10.033000
-12.013000
-13.993000
-13.003000
-9.042900
-6.072600
-5.082500
-4.092400
-2.112200
-0.132010
5.808600
8.778900
8.778900
9.769000
9.769000
7.788800
11.749000
10.759000
10.759000
12.739000
11.749000
10.759000
10.759000
6.798700
-0.132010
-5.082500
-7.062700
-1.122100
1.848200
6.798700
11.749000
9.769000
6.798700
0.858090
-6.072600
-7.062700
-0.132010
4.818500
8.778900
13.729000
13.729000
14.719000
13.729000
11.749000
10.759000
7.788800
9.769000
10.759000
8.778900
7.788800
8.778900
7.788800
3.828400
1.848200
-0.132010
-1.122100
2.838300
2.838300
1.848200
1.848200
1.848200
3.828400
4.818500
2.838300
-0.132010
-1.122100
-2.112200
-2.112200
-2.112200
-1.122100
-3.102300
-7.062700
-9.042900
-8.052800
-11.023000
-14.983000
-15.974000
-13.993000
-15.974000
-16.964001
-10.033000
-9.042900
-9.042900
-4.092400
-1.122100
0.858090
0.858090
3.828400
5.808600
3.828400
2.838300
-0.132010
-0.132010
3.828400
4.818500
0.858090
-0.132010
-0.132010
1.848200
1.848200
4.818500
9.769000
10.759000
14.719000
19.670000
18.680000
16.700001
13.729000
12.739000
15.710000
15.710000
8.778900
5.808600
6.798700
3.828400
2.838300
6.798700
11.749000
14.719000
16.700001
14.719000
14.719000
13.729000
10.759000
11.749000
9.769000
6.798700
6.798700
2.838300
-1.122100
-2.112200
-4.092400
-6.072600
-13.003000
-16.964001
-17.954000
-15.974000
-10.033000
-5.082500
-5.082500
-3.102300
-1.122100
-4.092400
-4.092400
-4.092400
-3.102300
-3.102300
-5.082500
-6.072600
-1.122100
1.848200
4.818500
2.838300
0.858090
-0.132010
0.858090
1.848200
2.838300
-1.122100
-3.102300
-1.122100
1.848200
2.838300
2.838300
-0.132010
-3.102300
-2.112200
-4.092400
-6.072600
-6.072600
-8.052800
-10.033000
-10.033000
-13.003000
-16.964001
-18.944000
-19.934000
-18.944000
-16.964001
-14.983000
-13.003000
-11.023000
-9.042900
-5.082500
-1.122100
2.838300
6.798700
7.788800
6.798700
4.818500
3.828400
0.858090
-4.092400
-4.092400
-0.132010
-2.112200
-6.072600
-12.013000
-12.013000
-12.013000
-12.013000
-10.033000
-8.052800
-8.052800
-8.052800
-10.033000
-8.052800
-10.033000
-10.033000
-7.062700
-7.062700
-9.042900
-10.033000
-13.003000
-13.993000
-12.013000
-10.033000
-4.092400
-0.132010
-1.122100
-3.102300
-5.082500
-3.102300
2.838300
4.818500
5.808600
9.769000
8.778900
7.788800
9.769000
11.749000
11.749000
8.778900
1.848200
-5.082500
-6.072600
-4.092400
-3.102300
-5.082500
-4.092400
-6.072600
-5.082500
-1.122100
-2.112200
-3.102300
-3.102300
-4.092400
-6.072600
-10.033000
-9.042900
-11.023000
-14.983000
-13.993000
-10.033000
-9.042900
-8.052800
-6.072600
-7.062700
-8.052800
-8.052800
-8.052800
-8.052800
-7.062700
-4.092400
-1.122100
-0.132010
1.848200
2.838300
2.838300
-0.132010
-3.102300
-5.082500
-6.072600
-5.082500
-0.132010
2.838300
-1.122100
-3.102300
-1.122100
1.848200
2.838300
7.788800
8.778900
4.818500
4.818500
8.778900
9.769000
9.769000
7.788800
2.838300
-3.102300
-8.052800
-10.033000
-12.013000
-11.023000
-13.003000
-12.013000
-7.062700
-5.082500
-4.092400
-1.122100
-0.132010
-3.102300
-3.102300
2.838300
7.788800
8.778900
8.778900
5.808600
6.798700
8.778900
8.778900
5.808600
4.818500
6.798700
7.788800
8.778900
7.788800
8.778900
11.749000
13.729000
12.739000
10.759000
10.759000
7.788800
8.778900
12.739000
12.739000
8.778900
6.798700
7.788800
6.798700
6.798700
4.818500
-0.132010
-0.132010
-3.102300
-5.082500
-3.102300
-7.062700
-10.033000
-10.033000
-10.033000
-13.003000
-14.983000
-13.993000
-10.033000
-9.042900
-7.062700
-5.082500
-0.132010
1.848200
3.828400
1.848200
-2.112200
-2.112200
-1.122100
-0.132010
-1.122100
-4.092400
-2.112200
2.838300
6.798700
6.798700
8.778900
12.739000
12.739000
11.749000
12.739000
15.710000
14.719000
14.719000
12.739000
8.778900
10.759000
10.759000
12.739000
12.739000
9.769000
7.788800
5.808600
8.778900
8.778900
8.778900
6.798700
3.828400
0.858090
-4.092400
-5.082500
-3.102300
-2.112200
-4.092400
-4.092400
-1.122100
-4.092400
-5.082500
-4.092400
-3.102300
-1.122100
0.858090
2.838300
1.848200
2.838300
7.788800
7.788800
5.808600
4.818500
3.828400
2.838300
-1.122100
-5.082500
-5.082500
-4.092400
-6.072600
-3.102300
-0.132010
-5.082500
-6.072600
-2.112200
-1.122100
-0.132010
-0.132010
0.858090
1.848200
1.848200
-2.112200
-7.062700
-6.072600
-6.072600
-10.033000
-13.993000
-18.944000
-14.983000
-7.062700
-2.112200
1.848200
-0.132010
0.858090
-0.132010
0.858090
-1.122100
-8.052800
-9.042900
-8.052800
-9.042900
-12.013000
-18.944000
-18.944000
-18.944000
-18.944000
-15.974000
-14.983000
-15.974000
-13.993000
-13.003000
-10.033000
-5.082500
-4.092400
-3.102300
-3.102300
-5.082500
-7.062700
-10.033000
-13.003000
-13.003000
-13.003000
-12.013000
-6.072600
-1.122100
-0.132010
-0.132010
3.828400
7.788800
8.778900
10.759000
12.739000
12.739000
12.739000
15.710000
14.719000
15.710000
12.739000
7.788800
2.838300
0.858090
0.858090
6.798700
3.828400
-1.122100
-2.112200
2.838300
6.798700
9.769000
10.759000
11.749000
13.729000
11.749000
5.808600
4.818500
4.818500
1.848200
1.848200
7.788800
16.700001
20.660000
20.660000
16.700001
15.710000
20.660000
17.690001
12.739000
7.788800
3.828400
1.848200
2.838300
2.838300
6.798700
10.759000
10.759000
5.808600
1.848200
0.858090
4.818500
8.778900
11.749000
13.729000
19.670000
21.650000
17.690001
13.729000
10.759000
8.778900
4.818500
-0.132010
1.848200
2.838300
1.848200
2.838300
2.838300
0.858090
-2.112200
-1.122100
-2.112200
-4.092400
-6.072600
-4.092400
-0.132010
0.858090
-0.132010
-2.112200
-3.102300
-1.122100
2.838300
1.848200
-1.122100
-8.052800
-12.013000
-11.023000
-6.072600
-5.082500
-6.072600
-7.062700
-9.042900
-9.042900
-7.062700
-2.112200
-2.112200
0.858090
3.828400
0.858090
0.858090
2.838300
2.838300
4.818500
7.788800
9.769000
11.749000
7.788800
10.759000
11.749000
7.788800
2.838300
-0.132010
-1.122100
-1.122100
-1.122100
-2.112200
-7.062700
-10.033000
-11.023000
-10.033000
-7.062700
-9.042900
-18.944000
-21.914000
-17.954000
-16.964001
-13.993000
-15.974000
-17.954000
-17.954000
-16.964001
-17.954000
-16.964001
-19.934000
-26.865000
-28.844999
-21.914000
-14.983000
-10.033000
-9.042900
-5.082500
-4.092400
-1.122100
2.838300
7.788800
9.769000
5.808600
8.778900
10.759000
8.778900
9.769000
9.769000
13.729000
17.690001
17.690001
16.700001
10.759000
4.818500
1.848200
1.848200
2.838300
2.838300
5.808600
7.788800
6.798700
5.808600
3.828400
-0.132010
-4.092400
-8.052800
-10.033000
-7.062700
-7.062700
-6.072600
-3.102300
-2.112200
-0.132010
1.848200
0.858090
-1.122100
-3.102300
-5.082500
-3.102300
-2.112200
-2.112200
0.858090
2.838300
3.828400
4.818500
5.808600
8.778900
5.808600
-3.102300
-7.062700
-5.082500
-0.132010
1.848200
6.798700
11.749000
12.739000
15.710000
20.660000
18.680000
15.710000
15.710000
15.710000
12.739000
11.749000
3.828400
0.858090
3.828400
9.769000
7.788800
6.798700
6.798700
6.798700
3.828400
-3.102300
-6.072600
-5.082500
-3.102300
0.858090
4.818500
3.828400
0.858090
1.848200
0.858090
-0.132010
-4.092400
-8.052800
-11.023000
-13.993000
-14.983000
-15.974000
-16.964001
-15.974000
-13.003000
-13.993000
-13.993000
-13.003000
-12.013000
-8.052800
-4.092400
-1.122100
-1.122100
-1.122100
-2.112200
-3.102300
-0.132010
-1.122100
2.838300
2.838300
1.848200
-1.122100
-6.072600
-6.072600
-5.082500
-8.052800
-8.052800
-10.033000
-9.042900
-9.042900
-9.042900
-7.062700
-8.052800
-6.072600
-8.052800
-9.042900
-9.042900
-7.062700
-7.062700
-4.092400
-2.112200
-2.112200
0.858090
2.838300
4.818500
3.828400
5.808600
12.739000
7.788800
1.848200
1.848200
2.838300
2.838300
-2.112200
-3.102300
3.828400
6.798700
7.788800
4.818500
2.838300
4.818500
7.788800
9.769000
9.769000
10.759000
12.739000
8.778900
8.778900
8.778900
6.798700
1.848200
0.858090
-0.132010
-3.102300
-3.102300
-3.102300
-7.062700
-6.072600
-6.072600
-8.052800
-9.042900
-11.023000
-9.042900
-1.122100
3.828400
5.808600
3.828400
0.858090
-1.122100
-3.102300
-1.122100
-4.092400
-9.042900
-9.042900
-7.062700
-7.062700
-3.102300
-1.122100
-0.132010
0.858090
-0.132010
-0.132010
-3.102300
-3.102300
4.818500
10.759000
13.729000
11.749000
7.788800
