-7.973900
-5.032700
-3.071900
-2.091500
-6.013100
-8.954200
-5.032700
-2.091500
-1.111100
-3.071900
-4.052300
-0.130720
-3.071900
-4.052300
-6.013100
-6.013100
-6.013100
-4.052300
-2.091500
-1.111100
6.732000
4.771200
0.849670
0.849670
-1.111100
2.810500
1.830100
2.810500
3.790800
2.810500
1.830100
4.771200
2.810500
-0.130720
2.810500
1.830100
3.790800
1.830100
1.830100
-1.111100
-1.111100
-0.130720
-1.111100
4.771200
2.810500
6.732000
6.732000
6.732000
9.673200
6.732000
3.790800
5.751600
0.849670
-0.130720
4.771200
1.830100
0.849670
0.849670
6.732000
9.673200
6.732000
2.810500
2.810500
0.849670
2.810500
5.751600
4.771200
9.673200
6.732000
0.849670
2.810500
6.732000
3.790800
1.830100
4.771200
3.790800
4.771200
10.654000
12.614000
10.654000
6.732000
8.692800
4.771200
0.849670
3.790800
3.790800
3.790800
7.712400
6.732000
5.751600
8.692800
6.732000
4.771200
6.732000
5.751600
6.732000
7.712400
10.654000
7.712400
9.673200
8.692800
11.634000
9.673200
4.771200
2.810500
2.810500
4.771200
3.790800
-1.111100
-0.130720
0.849670
0.849670
1.830100
1.830100
2.810500
8.692800
4.771200
6.732000
8.692800
1.830100
-3.071900
2.810500
5.751600
4.771200
4.771200
5.751600
6.732000
2.810500
-5.032700
-3.071900
-3.071900
-7.973900
-3.071900
5.751600
1.830100
-2.091500
-4.052300
0.849670
-1.111100
-4.052300
0.849670
-0.130720
2.810500
5.751600
3.790800
3.790800
1.830100
3.790800
5.751600
0.849670
-0.130720
5.751600
4.771200
4.771200
6.732000
1.830100
-3.071900
-1.111100
-0.130720
2.810500
3.790800
0.849670
2.810500
4.771200
1.830100
1.830100
2.810500
3.790800
4.771200
4.771200
6.732000
5.751600
5.751600
2.810500
3.790800
4.771200
7.712400
7.712400
7.712400
8.692800
3.790800
2.810500
2.810500
1.830100
6.732000
9.673200
7.712400
5.751600
2.810500
-0.130720
-6.993500
-11.895000
-9.934600
-1.111100
0.849670
-3.071900
-6.013100
-4.052300
-6.993500
-7.973900
-2.091500
-0.130720
2.810500
1.830100
-3.071900
-4.052300
-5.032700
-10.915000
-14.837000
-11.895000
-5.032700
-4.052300
-5.032700
-5.032700
-5.032700
-4.052300
-5.032700
-7.973900
-4.052300
-0.130720
1.830100
5.751600
11.634000
11.634000
11.634000
10.654000
10.654000
5.751600
4.771200
0.849670
0.849670
5.751600
6.732000
8.692800
5.751600
4.771200
-0.130720
-5.032700
-4.052300
-1.111100
-3.071900
-0.130720
6.732000
8.692800
6.732000
-1.111100
-6.013100
-5.032700
1.830100
0.849670
-0.130720
6.732000
6.732000
9.673200
9.673200
5.751600
0.849670
-3.071900
0.849670
6.732000
8.692800
7.712400
8.692800
7.712400
3.790800
7.712400
2.810500
-3.071900
2.810500
5.751600
3.790800
3.790800
1.830100
3.790800
1.830100
1.830100
1.830100
-0.130720
1.830100
-0.130720
0.849670
0.849670
2.810500
0.849670
-1.111100
3.790800
-0.130720
-6.993500
-6.993500
-3.071900
-6.993500
-7.973900
-0.130720
-0.130720
-4.052300
-4.052300
-2.091500
1.830100
2.810500
4.771200
5.751600
4.771200
6.732000
2.810500
1.830100
2.810500
5.751600
1.830100
5.751600
3.790800
-5.032700
-6.993500
-5.032700
-3.071900
-2.091500
-2.091500
4.771200
-0.130720
1.830100
1.830100
-0.130720
4.771200
7.712400
2.810500
6.732000
2.810500
-1.111100
2.810500
2.810500
5.751600
4.771200
2.810500
5.751600
5.751600
7.712400
3.790800
2.810500
3.790800
-1.111100
-2.091500
0.849670
-0.130720
-6.013100
-6.993500
-7.973900
-6.993500
-6.013100
-10.915000
-10.915000
-6.013100
-3.071900
-6.993500
-7.973900
-4.052300
-6.993500
-8.954200
-7.973900
-4.052300
-7.973900
-8.954200
-7.973900
-0.130720
5.751600
2.810500
-3.071900
-0.130720
2.810500
1.830100
0.849670
2.810500
-1.111100
-2.091500
-1.111100
0.849670
-1.111100
-4.052300
-6.993500
-7.973900
-10.915000
-10.915000
-10.915000
-6.993500
-6.013100
-10.915000
-16.797001
-14.837000
-11.895000
-15.817000
-18.757999
-12.876000
-7.973900
-13.856000
-17.778000
-14.837000
-13.856000
-10.915000
-5.032700
-5.032700
-2.091500
-6.013100
-8.954200
-10.915000
-5.032700
-6.993500
-9.934600
-9.934600
-6.993500
-10.915000
-12.876000
-15.817000
-13.856000
-11.895000
-11.895000
-11.895000
-7.973900
-7.973900
-10.915000
-11.895000
-6.013100
-5.032700
-6.013100
-6.013100
-4.052300
-4.052300
-1.111100
-5.032700
-5.032700
-1.111100
-6.013100
-6.013100
-1.111100
-1.111100
-1.111100
-1.111100
-3.071900
0.849670
-1.111100
-2.091500
-2.091500
-6.013100
-6.013100
-3.071900
0.849670
-4.052300
-6.993500
-5.032700
-6.993500
-6.013100
-6.993500
-4.052300
-8.954200
-3.071900
0.849670
-2.091500
2.810500
4.771200
1.830100
3.790800
1.830100
-1.111100
-5.032700
-6.013100
-8.954200
-8.954200
-7.973900
-8.954200
-6.013100
-5.032700
-3.071900
-5.032700
-8.954200
-4.052300
-7.973900
-7.973900
-6.013100
-3.071900
1.830100
0.849670
-3.071900
-1.111100
-5.032700
-6.013100
-1.111100
-6.013100
-4.052300
-2.091500
-0.130720
4.771200
1.830100
-1.111100
1.830100
4.771200
3.790800
7.712400
0.849670
-3.071900
-3.071900
-3.071900
-5.032700
-1.111100
-0.130720
-0.130720
-0.130720
-1.111100
-3.071900
-2.091500
-0.130720
-3.071900
-1.111100
5.751600
2.810500
0.849670
1.830100
-1.111100
-5.032700
-5.032700
-0.130720
6.732000
5.751600
2.810500
5.751600
6.732000
1.830100
3.790800
-1.111100
-1.111100
4.771200
7.712400
7.712400
4.771200
7.712400
8.692800
7.712400
5.751600
5.751600
5.751600
3.790800
2.810500
4.771200
4.771200
1.830100
3.790800
3.790800
0.849670
1.830100
2.810500
1.830100
5.751600
1.830100
-1.111100
0.849670
-1.111100
0.849670
-0.130720
0.849670
-5.032700
-6.013100
-4.052300
-0.130720
1.830100
0.849670
4.771200
4.771200
4.771200
6.732000
0.849670
-6.993500
-4.052300
-1.111100
3.790800
5.751600
4.771200
3.790800
3.790800
4.771200
6.732000
9.673200
14.575000
10.654000
12.614000
17.516001
14.575000
14.575000
12.614000
8.692800
6.732000
5.751600
6.732000
9.673200
7.712400
5.751600
6.732000
10.654000
7.712400
2.810500
5.751600
11.634000
10.654000
6.732000
-0.130720
-1.111100
0.849670
0.849670
-1.111100
-5.032700
-3.071900
-6.993500
-7.973900
-4.052300
-4.052300
-1.111100
-3.071900
-3.071900
-3.071900
-0.130720
4.771200
1.830100
-2.091500
-3.071900
-3.071900
-0.130720
0.849670
-1.111100
-3.071900
-0.130720
-2.091500
-2.091500
-3.071900
-4.052300
-4.052300
-0.130720
3.790800
4.771200
-0.130720
-0.130720
3.790800
6.732000
1.830100
-1.111100
-3.071900
-4.052300
-1.111100
-0.130720
-4.052300
-3.071900
-0.130720
-1.111100
6.732000
-0.130720
-2.091500
2.810500
4.771200
5.751600
-1.111100
-3.071900
3.790800
4.771200
4.771200
-6.013100
-9.934600
-3.071900
-8.954200
-11.895000
-8.954200
-8.954200
-5.032700
-3.071900
-3.071900
-4.052300
-1.111100
2.810500
0.849670
0.849670
-1.111100
-4.052300
-2.091500
1.830100
-0.130720
-4.052300
-4.052300
-1.111100
-3.071900
-4.052300
-1.111100
1.830100
4.771200
0.849670
1.830100
-5.032700
-5.032700
0.849670
1.830100
1.830100
-1.111100
-3.071900
-4.052300
-0.130720
2.810500
6.732000
4.771200
3.790800
5.751600
9.673200
11.634000
10.654000
6.732000
4.771200
4.771200
1.830100
-4.052300
-2.091500
-7.973900
-16.797001
-17.778000
-12.876000
-7.973900
-6.013100
-5.032700
-5.032700
-1.111100
2.810500
-3.071900
-2.091500
-6.993500
-11.895000
-8.954200
-4.052300
-5.032700
-1.111100
-5.032700
-5.032700
-1.111100
-5.032700
-6.993500
-6.993500
-6.993500
-6.993500
-8.954200
-0.130720
2.810500
3.790800
6.732000
2.810500
0.849670
-1.111100
-2.091500
-1.111100
2.810500
5.751600
13.595000
12.614000
6.732000
4.771200
4.771200
2.810500
-3.071900
-4.052300
3.790800
6.732000
7.712400
6.732000
5.751600
6.732000
7.712400
2.810500
2.810500
1.830100
1.830100
5.751600
6.732000
4.771200
2.810500
2.810500
5.751600
1.830100
2.810500
3.790800
7.712400
10.654000
13.595000
16.535999
9.673200
5.751600
1.830100
1.830100
5.751600
5.751600
4.771200
5.751600
1.830100
7.712400
4.771200
-1.111100
-0.130720
0.849670
3.790800
1.830100
4.771200
2.810500
1.830100
-0.130720
-1.111100
0.849670
2.810500
3.790800
-0.130720
-0.130720
0.849670
-0.130720
6.732000
2.810500
1.830100
2.810500
3.790800
-1.111100
2.810500
-1.111100
-9.934600
-9.934600
-6.013100
-6.013100
-6.993500
-10.915000
-6.013100
-3.071900
-1.111100
-1.111100
-3.071900
2.810500
0.849670
0.849670
6.732000
-1.111100
-3.071900
-1.111100
3.790800
4.771200
1.830100
3.790800
1.830100
-2.091500
0.849670
0.849670
1.830100
-4.052300
-3.071900
-1.111100
1.830100
2.810500
7.712400
3.790800
4.771200
5.751600
0.849670
-0.130720
-1.111100
-1.111100
2.810500
-2.091500
-3.071900
4.771200
-0.130720
-3.071900
2.810500
0.849670
-1.111100
-3.071900
-4.052300
-2.091500
1.830100
-1.111100
-3.071900
-0.130720
5.751600
4.771200
1.830100
2.810500
3.790800
8.692800
8.692800
8.692800
9.673200
8.692800
9.673200
14.575000
13.595000
12.614000
16.535999
15.556000
10.654000
5.751600
-3.071900
-6.993500
-5.032700
-2.091500
-5.032700
-3.071900
-1.111100
-3.071900
2.810500
0.849670
-2.091500
-4.052300
-2.091500
-1.111100
2.810500
4.771200
2.810500
0.849670
4.771200
3.790800
-1.111100
-5.032700
-5.032700
-6.993500
-5.032700
-0.130720
-3.071900
-6.013100
-5.032700
-6.013100
-6.993500
-4.052300
-6.013100
-5.032700
-6.013100
-6.013100
-6.993500
-4.052300
-7.973900
-8.954200
-8.954200
-14.837000
-8.954200
-7.973900
-4.052300
-5.032700
-5.032700
-2.091500
-6.993500
-8.954200
-6.013100
-0.130720
1.830100
-6.013100
-12.876000
-7.973900
-11.895000
-9.934600
-8.954200
-6.993500
-3.071900
-4.052300
-9.934600
-8.954200
-6.013100
-5.032700
-3.071900
-0.130720
4.771200
1.830100
4.771200
11.634000
1.830100
-1.111100
2.810500
3.790800
3.790800
-4.052300
-6.013100
-0.130720
0.849670
-1.111100
-4.052300
-1.111100
3.790800
1.830100
0.849670
3.790800
3.790800
1.830100
-1.111100
2.810500
7.712400
5.751600
6.732000
6.732000
4.771200
3.790800
1.830100
-2.091500
-5.032700
-2.091500
-4.052300
-10.915000
-11.895000
-13.856000
-9.934600
-6.013100
-3.071900
2.810500
2.810500
-2.091500
-1.111100
-0.130720
-1.111100
-6.013100
-6.993500
-2.091500
5.751600
1.830100
6.732000
6.732000
2.810500
-0.130720
-6.013100
-2.091500
-0.130720
-1.111100
1.830100
2.810500
4.771200
3.790800
4.771200
