-12.742000
-12.742000
-13.727000
-14.713000
-12.742000
-13.727000
-14.713000
-14.713000
-14.713000
-14.713000
-15.698000
-17.667999
-20.624001
-23.580000
-24.565001
-18.653999
-16.683001
-15.698000
-13.727000
-9.786500
-6.830900
-4.860400
-5.845600
-7.816100
-8.801300
-8.801300
-4.860400
0.065680
6.962200
7.947500
4.006600
-0.919540
-4.860400
-2.890000
-3.875200
-3.875200
-1.904800
0.065680
1.050900
0.065680
-1.904800
1.050900
4.006600
2.036100
3.021300
3.021300
3.021300
4.006600
4.991800
7.947500
4.991800
-0.919540
-1.904800
-2.890000
-1.904800
0.065680
0.065680
-0.919540
-0.919540
1.050900
1.050900
1.050900
3.021300
4.006600
3.021300
6.962200
6.962200
6.962200
4.991800
4.006600
4.006600
6.962200
11.888000
14.844000
12.874000
7.947500
3.021300
5.977000
6.962200
7.947500
6.962200
8.932700
11.888000
8.932700
5.977000
6.962200
7.947500
6.962200
4.006600
3.021300
8.932700
8.932700
4.006600
4.006600
7.947500
8.932700
8.932700
8.932700
8.932700
10.903000
11.888000
9.917900
11.888000
14.844000
13.859000
9.917900
6.962200
6.962200
10.903000
12.874000
11.888000
12.874000
11.888000
10.903000
9.917900
7.947500
6.962200
9.917900
11.888000
10.903000
6.962200
6.962200
4.006600
1.050900
2.036100
1.050900
0.065680
-3.875200
-9.786500
-8.801300
-8.801300
-7.816100
-3.875200
-1.904800
-0.919540
3.021300
3.021300
2.036100
-1.904800
-3.875200
-3.875200
-5.845600
-6.830900
-10.772000
-7.816100
-1.904800
-0.919540
-2.890000
-4.860400
-6.830900
-4.860400
-2.890000
-1.904800
-1.904800
-1.904800
-0.919540
-0.919540
0.065680
0.065680
2.036100
5.977000
6.962200
6.962200
7.947500
4.006600
0.065680
0.065680
2.036100
4.006600
3.021300
4.991800
7.947500
5.977000
4.991800
4.991800
4.991800
4.006600
4.006600
0.065680
-4.860400
-9.786500
-9.786500
-7.816100
-5.845600
-2.890000
-4.860400
-5.845600
-3.875200
-3.875200
-3.875200
-3.875200
-3.875200
-6.830900
-6.830900
-6.830900
-6.830900
-6.830900
-7.816100
-8.801300
-6.830900
-1.904800
0.065680
-3.875200
-7.816100
-11.757000
-15.698000
-15.698000
-11.757000
-6.830900
-3.875200
-2.890000
1.050900
0.065680
-3.875200
-9.786500
-11.757000
-7.816100
-3.875200
1.050900
4.006600
4.006600
4.006600
3.021300
-2.890000
-8.801300
-7.816100
-2.890000
2.036100
6.962200
5.977000
6.962200
6.962200
3.021300
0.065680
1.050900
1.050900
-0.919540
-1.904800
-1.904800
-3.875200
-6.830900
-2.890000
5.977000
10.903000
9.917900
4.006600
-2.890000
-2.890000
3.021300
6.962200
5.977000
6.962200
5.977000
4.006600
3.021300
3.021300
2.036100
-0.919540
3.021300
7.947500
5.977000
3.021300
2.036100
4.991800
3.021300
2.036100
1.050900
1.050900
4.991800
4.991800
4.991800
4.991800
4.006600
5.977000
4.991800
4.006600
2.036100
1.050900
-0.919540
-3.875200
-5.845600
-3.875200
-3.875200
-5.845600
-6.830900
-4.860400
-6.830900
-4.860400
-2.890000
-0.919540
-3.875200
-5.845600
-1.904800
-1.904800
-5.845600
-5.845600
-5.845600
-5.845600
-4.860400
-3.875200
-1.904800
-0.919540
0.065680
-0.919540
-0.919540
2.036100
4.006600
3.021300
5.977000
9.917900
10.903000
9.917900
8.932700
10.903000
12.874000
17.799999
21.740999
21.740999
20.754999
16.813999
15.829000
15.829000
14.844000
8.932700
7.947500
10.903000
6.962200
4.006600
4.006600
4.991800
5.977000
7.947500
6.962200
5.977000
4.006600
0.065680
0.065680
2.036100
4.006600
4.991800
4.006600
1.050900
-0.919540
-2.890000
-3.875200
-7.816100
-11.757000
-11.757000
-11.757000
-7.816100
-3.875200
-2.890000
0.065680
0.065680
-3.875200
-5.845600
-5.845600
-2.890000
0.065680
-0.919540
-2.890000
-0.919540
-0.919540
3.021300
4.006600
2.036100
2.036100
2.036100
2.036100
5.977000
5.977000
4.991800
2.036100
0.065680
0.065680
3.021300
4.991800
4.991800
4.991800
1.050900
-1.904800
-2.890000
-2.890000
-2.890000
-1.904800
-5.845600
-9.786500
-11.757000
-11.757000
-11.757000
-11.757000
-10.772000
-9.786500
-7.816100
-5.845600
-1.904800
-0.919540
-1.904800
-0.919540
-0.919540
1.050900
-0.919540
-3.875200
-5.845600
-7.816100
-5.845600
0.065680
3.021300
1.050900
-0.919540
1.050900
0.065680
-0.919540
2.036100
3.021300
2.036100
3.021300
3.021300
4.006600
4.006600
4.006600
3.021300
-1.904800
-7.816100
-8.801300
-8.801300
-6.830900
-5.845600
-4.860400
0.065680
2.036100
1.050900
1.050900
-2.890000
-3.875200
1.050900
1.050900
-1.904800
1.050900
0.065680
-0.919540
0.065680
-1.904800
-2.890000
-3.875200
-9.786500
-16.683001
-18.653999
-14.713000
-9.786500
-8.801300
-8.801300
-7.816100
-8.801300
-8.801300
-10.772000
-8.801300
-6.830900
-5.845600
-8.801300
-15.698000
-17.667999
-19.639000
-20.624001
-19.639000
-17.667999
-18.653999
-18.653999
-12.742000
-10.772000
-11.757000
-15.698000
-18.653999
-18.653999
-17.667999
-17.667999
-16.683001
-14.713000
-11.757000
-9.786500
-9.786500
-8.801300
-11.757000
-12.742000
-12.742000
-8.801300
-5.845600
-6.830900
-11.757000
-13.727000
-10.772000
-6.830900
-3.875200
1.050900
4.991800
5.977000
8.932700
11.888000
12.874000
12.874000
8.932700
4.991800
0.065680
-6.830900
-10.772000
-11.757000
-10.772000
-11.757000
-10.772000
-4.860400
-2.890000
-1.904800
1.050900
2.036100
-0.919540
-3.875200
0.065680
3.021300
4.006600
4.991800
4.006600
6.962200
7.947500
4.991800
-1.904800
-1.904800
0.065680
1.050900
1.050900
0.065680
-0.919540
1.050900
1.050900
0.065680
0.065680
2.036100
1.050900
3.021300
8.932700
8.932700
5.977000
4.006600
5.977000
4.006600
1.050900
0.065680
-5.845600
-6.830900
-7.816100
-6.830900
-6.830900
-9.786500
-8.801300
-4.860400
-3.875200
-6.830900
-9.786500
-7.816100
-1.904800
-1.904800
-2.890000
2.036100
10.903000
14.844000
12.874000
6.962200
0.065680
0.065680
3.021300
5.977000
4.006600
-0.919540
-2.890000
-0.919540
2.036100
2.036100
6.962200
11.888000
11.888000
9.917900
8.932700
8.932700
7.947500
9.917900
10.903000
10.903000
9.917900
8.932700
10.903000
13.859000
14.844000
12.874000
10.903000
15.829000
14.844000
12.874000
6.962200
3.021300
0.065680
-0.919540
-3.875200
-4.860400
-5.845600
-4.860400
-2.890000
-1.904800
-6.830900
-8.801300
-7.816100
-3.875200
1.050900
2.036100
2.036100
-1.904800
-2.890000
2.036100
3.021300
4.006600
4.991800
6.962200
5.977000
1.050900
-3.875200
-2.890000
-0.919540
-2.890000
-1.904800
1.050900
0.065680
0.065680
1.050900
2.036100
2.036100
0.065680
-0.919540
-3.875200
-4.860400
-7.816100
-10.772000
-9.786500
-7.816100
-8.801300
-11.757000
-16.683001
-15.698000
-9.786500
-10.772000
-9.786500
-9.786500
-4.860400
-3.875200
-4.860400
-9.786500
-14.713000
-14.713000
-15.698000
-18.653999
-20.624001
-23.580000
-20.624001
-17.667999
-14.713000
-11.757000
-11.757000
-12.742000
-12.742000
-11.757000
-10.772000
-7.816100
-4.860400
0.065680
2.036100
-1.904800
-4.860400
-11.757000
-17.667999
-18.653999
-17.667999
-18.653999
-14.713000
-9.786500
-8.801300
-8.801300
-6.830900
-3.875200
-2.890000
1.050900
4.991800
6.962200
6.962200
7.947500
7.947500
10.903000
11.888000
10.903000
7.947500
4.006600
-0.919540
2.036100
2.036100
-0.919540
-1.904800
2.036100
6.962200
15.829000
19.770000
19.770000
18.785000
13.859000
9.917900
11.888000
15.829000
18.785000
18.785000
15.829000
16.813999
17.799999
17.799999
14.844000
13.859000
17.799999
15.829000
11.888000
10.903000
6.962200
4.006600
2.036100
1.050900
3.021300
6.962200
7.947500
7.947500
8.932700
6.962200
6.962200
8.932700
10.903000
11.888000
12.874000
12.874000
11.888000
10.903000
11.888000
11.888000
10.903000
7.947500
10.903000
11.888000
8.932700
4.991800
0.065680
-2.890000
-2.890000
0.065680
2.036100
4.006600
4.991800
4.006600
5.977000
4.991800
2.036100
-1.904800
-3.875200
-2.890000
3.021300
4.991800
3.021300
-3.875200
-6.830900
-5.845600
-0.919540
4.006600
4.991800
2.036100
-1.904800
-5.845600
-3.875200
3.021300
4.991800
9.917900
12.874000
11.888000
11.888000
9.917900
6.962200
9.917900
12.874000
14.844000
13.859000
7.947500
8.932700
10.903000
7.947500
4.991800
3.021300
0.065680
-1.904800
-0.919540
-0.919540
-3.875200
-3.875200
-5.845600
-5.845600
-0.919540
3.021300
-0.919540
-4.860400
-6.830900
-12.742000
-15.698000
-18.653999
-18.653999
-15.698000
-13.727000
-13.727000
-11.757000
-9.786500
-9.786500
-10.772000
-8.801300
-7.816100
-8.801300
-10.772000
-9.786500
-7.816100
-4.860400
0.065680
8.932700
12.874000
11.888000
14.844000
14.844000
11.888000
10.903000
7.947500
6.962200
7.947500
7.947500
8.932700
7.947500
6.962200
6.962200
4.991800
4.991800
3.021300
3.021300
4.006600
1.050900
0.065680
-1.904800
-3.875200
-0.919540
0.065680
-0.919540
0.065680
1.050900
0.065680
-2.890000
-2.890000
-3.875200
-4.860400
-4.860400
-5.845600
-6.830900
-7.816100
-3.875200
-4.860400
-5.845600
-1.904800
0.065680
0.065680
-2.890000
-5.845600
-2.890000
1.050900
2.036100
0.065680
1.050900
3.021300
-0.919540
-0.919540
3.021300
2.036100
2.036100
5.977000
6.962200
8.932700
13.859000
14.844000
13.859000
13.859000
6.962200
5.977000
9.917900
12.874000
8.932700
5.977000
4.991800
9.917900
14.844000
12.874000
10.903000
8.932700
6.962200
6.962200
7.947500
5.977000
4.991800
2.036100
1.050900
3.021300
0.065680
-4.860400
-4.860400
-3.875200
-1.904800
-3.875200
-8.801300
-8.801300
-7.816100
-7.816100
-7.816100
-8.801300
-7.816100
-5.845600
-4.860400
-3.875200
-4.860400
-1.904800
-1.904800
-2.890000
-0.919540
-0.919540
-0.919540
-0.919540
-0.919540
-3.875200
-7.816100
-6.830900
-4.860400
-5.845600
-3.875200
-1.904800
-0.919540
0.065680
0.065680
0.065680
-0.919540
2.036100
1.050900
2.036100
2.036100
3.021300
1.050900
1.050900
1.050900
0.065680
-0.919540
0.065680
2.036100
0.065680
-0.919540
2.036100
-0.919540
-6.830900
-9.786500
-12.742000
-7.816100
-4.860400
-3.875200
1.050900
3.021300
7.947500
8.932700
8.932700
9.917900
11.888000
9.917900
6.962200
7.947500
10.903000
7.947500
4.991800
4.006600
1.050900
-4.860400
-8.801300
-9.786500
-9.786500
-9.786500
-8.801300
-4.860400
1.050900
1.050900
-1.904800
-3.875200
-5.845600
-4.860400
-0.919540
-1.904800
-4.860400
-7.816100
-7.816100
-8.801300
-10.772000
-10.772000
-13.727000
-15.698000
-13.727000
-9.786500
-8.801300
-3.875200
-0.919540
-3.875200
-2.890000
-4.860400
-8.801300
-9.786500
-3.875200
4.991800
9.917900
11.888000
7.947500
1.050900
