-1.941700
-3.883500
-5.178000
-4.530700
1.294500
0.647250
-2.589000
-0.647250
2.589000
-2.589000
-5.825200
-7.119700
-7.119700
-7.119700
-11.003000
-6.472500
-1.294500
2.589000
0.647250
-1.941700
-0.647250
-5.178000
-7.767000
-7.119700
-5.178000
-1.294500
0.000000
-6.472500
-4.530700
0.647250
1.941700
3.236200
4.530700
3.883500
5.178000
8.414200
9.708700
10.356000
5.178000
-1.294500
-1.941700
-0.647250
1.294500
-1.294500
-1.941700
-1.294500
1.294500
3.236200
5.178000
11.650000
9.708700
8.414200
8.414200
7.767000
3.883500
2.589000
-0.647250
-2.589000
-2.589000
-3.236200
1.941700
7.767000
5.178000
4.530700
5.178000
5.178000
9.708700
11.003000
9.061500
5.178000
1.941700
2.589000
-1.941700
-1.294500
1.294500
7.119700
7.767000
8.414200
9.708700
9.708700
6.472500
2.589000
0.000000
5.178000
4.530700
-0.647250
-3.883500
-1.941700
0.000000
-1.294500
-0.647250
0.000000
0.000000
1.941700
3.236200
5.178000
2.589000
-1.294500
0.000000
-2.589000
-5.825200
-5.178000
-5.178000
-2.589000
0.000000
-1.941700
-1.941700
0.647250
0.647250
-0.647250
-1.294500
2.589000
4.530700
2.589000
-0.647250
-0.647250
-0.647250
-1.941700
-5.178000
-9.708700
-4.530700
-4.530700
-6.472500
-7.119700
-5.178000
-2.589000
-0.647250
-3.236200
-1.941700
-1.941700
-4.530700
-5.825200
-2.589000
-0.647250
-2.589000
-0.647250
3.236200
1.941700
-5.178000
-9.061500
-4.530700
-1.294500
-1.941700
5.178000
5.825200
4.530700
6.472500
10.356000
7.119700
4.530700
1.294500
-1.294500
-4.530700
-5.825200
-7.119700
-5.178000
-0.647250
0.647250
1.941700
1.941700
5.178000
7.119700
9.061500
5.178000
-1.941700
-3.883500
-1.941700
-2.589000
-0.647250
0.000000
-3.883500
-5.178000
-5.825200
-5.178000
-3.236200
0.647250
3.883500
4.530700
3.236200
-3.883500
-3.883500
-1.941700
0.000000
3.236200
3.236200
-0.647250
-2.589000
-3.236200
-1.941700
2.589000
2.589000
2.589000
0.647250
-5.825200
-3.883500
-5.825200
-7.119700
-3.883500
-1.941700
3.883500
6.472500
5.825200
5.825200
1.941700
3.883500
7.119700
-0.647250
1.294500
3.236200
7.119700
9.061500
7.767000
2.589000
0.000000
1.941700
3.883500
4.530700
1.294500
-5.178000
-3.236200
1.941700
4.530700
4.530700
2.589000
-5.178000
-11.003000
-10.356000
-8.414200
-1.294500
5.825200
7.119700
3.883500
3.883500
0.000000
-4.530700
-7.119700
-7.119700
-9.708700
-9.708700
-7.767000
-1.294500
0.000000
-3.236200
-2.589000
0.000000
3.883500
5.825200
7.767000
12.298000
11.650000
10.356000
7.767000
0.647250
-5.825200
-10.356000
-10.356000
-5.825200
2.589000
6.472500
3.883500
4.530700
1.941700
-1.941700
-7.767000
-7.767000
-6.472500
-3.883500
-6.472500
-7.767000
0.000000
4.530700
3.236200
-1.294500
-1.294500
-1.294500
-5.178000
-4.530700
-0.647250
7.119700
8.414200
1.941700
-0.647250
1.941700
0.647250
4.530700
6.472500
5.825200
5.825200
3.236200
3.236200
3.883500
2.589000
4.530700
5.178000
5.825200
3.883500
1.941700
0.000000
1.941700
1.294500
-2.589000
0.000000
2.589000
7.767000
10.356000
10.356000
7.767000
3.236200
0.647250
-0.647250
-1.294500
-0.647250
-1.941700
-0.647250
-0.647250
-1.941700
-3.883500
0.000000
0.647250
-9.708700
-12.945000
-11.650000
-12.298000
-11.650000
-12.945000
-10.356000
-8.414200
-7.767000
-5.825200
-2.589000
-3.236200
-7.119700
-6.472500
-3.883500
-9.061500
-9.061500
-3.883500
-1.294500
0.647250
4.530700
3.883500
1.294500
1.941700
1.294500
-4.530700
-5.178000
-5.825200
-7.119700
-5.178000
-5.178000
-6.472500
-9.061500
-5.825200
-2.589000
1.294500
3.236200
2.589000
5.178000
7.119700
5.825200
6.472500
5.825200
2.589000
0.000000
0.000000
4.530700
3.236200
1.294500
3.883500
11.650000
13.592000
10.356000
8.414200
6.472500
5.825200
6.472500
7.767000
-0.647250
-5.178000
-4.530700
-9.708700
-10.356000
-4.530700
-3.883500
-1.941700
-6.472500
-9.061500
-2.589000
3.236200
3.236200
1.941700
-2.589000
-3.236200
-1.941700
-2.589000
-3.883500
-6.472500
-4.530700
0.000000
1.941700
5.825200
13.592000
11.650000
1.294500
2.589000
5.178000
9.061500
12.945000
11.650000
4.530700
0.000000
-0.647250
-1.941700
0.000000
1.294500
3.236200
0.000000
-3.883500
-0.647250
3.883500
7.119700
3.883500
5.825200
6.472500
4.530700
5.178000
-0.647250
-5.825200
-4.530700
-1.941700
0.647250
-1.294500
-5.178000
-5.178000
-1.294500
-1.294500
-3.236200
-3.236200
-7.119700
-9.708700
-7.767000
-2.589000
3.236200
-0.647250
2.589000
5.178000
3.236200
3.883500
0.000000
-5.178000
-9.061500
-9.708700
-3.883500
-1.294500
0.000000
5.178000
7.767000
12.298000
11.650000
7.767000
6.472500
7.119700
8.414200
5.178000
3.236200
-2.589000
-5.178000
-8.414200
-9.708700
-3.883500
1.294500
2.589000
0.647250
-2.589000
0.647250
0.000000
-4.530700
-6.472500
-3.883500
-6.472500
-5.825200
-6.472500
-5.825200
-4.530700
-0.647250
1.294500
-1.294500
-3.883500
-6.472500
-10.356000
-9.061500
-2.589000
1.941700
3.236200
3.236200
2.589000
1.941700
2.589000
-3.236200
-7.119700
-6.472500
-4.530700
-0.647250
3.883500
4.530700
1.941700
2.589000
5.178000
9.708700
5.825200
3.236200
4.530700
1.941700
-2.589000
-1.294500
-1.941700
-1.941700
0.647250
2.589000
3.883500
3.883500
5.825200
5.825200
7.767000
4.530700
1.941700
1.941700
-1.294500
1.941700
3.236200
3.236200
3.883500
1.941700
-0.647250
0.000000
4.530700
1.941700
1.294500
3.236200
2.589000
2.589000
-1.294500
-2.589000
-6.472500
-4.530700
1.941700
2.589000
1.941700
0.000000
0.000000
1.294500
1.941700
3.883500
0.647250
-2.589000
-4.530700
-1.294500
5.178000
2.589000
1.294500
0.000000
-3.883500
-7.767000
-9.708700
-5.825200
-2.589000
3.236200
3.236200
3.236200
3.236200
5.825200
5.825200
3.236200
-5.178000
-5.825200
-3.883500
-1.941700
0.647250
3.236200
3.236200
1.294500
2.589000
2.589000
-0.647250
-1.294500
-1.941700
-1.941700
3.883500
4.530700
3.236200
3.236200
1.941700
-1.294500
-4.530700
-5.825200
-5.178000
-5.178000
0.000000
5.825200
4.530700
0.000000
-3.883500
-3.236200
-2.589000
0.000000
-1.941700
-1.294500
3.236200
7.767000
6.472500
1.941700
2.589000
0.000000
1.294500
3.236200
2.589000
0.647250
4.530700
3.236200
0.000000
0.000000
-0.647250
-0.647250
7.119700
9.708700
10.356000
13.592000
14.887000
13.592000
9.708700
4.530700
4.530700
6.472500
11.650000
14.239000
13.592000
11.650000
12.945000
13.592000
14.239000
14.239000
11.003000
9.061500
7.119700
0.647250
-3.236200
-1.294500
-1.294500
-7.119700
-9.061500
-12.945000
-11.650000
-7.767000
-5.178000
-4.530700
-3.883500
-5.825200
-9.061500
-9.708700
-10.356000
-12.945000
-9.708700
-7.119700
-9.061500
-10.356000
-7.767000
-7.119700
-9.061500
-0.647250
-3.236200
-8.414200
-9.708700
-12.298000
-6.472500
-5.178000
-11.650000
-13.592000
-14.239000
-9.061500
-3.236200
-7.767000
-5.825200
-3.883500
-8.414200
-8.414200
-5.825200
-7.119700
-5.178000
-3.883500
-6.472500
-7.119700
-9.708700
-9.708700
-9.061500
-8.414200
-11.003000
-8.414200
-7.767000
-9.061500
-5.178000
1.941700
3.236200
5.825200
6.472500
4.530700
3.883500
3.236200
4.530700
0.000000
-3.236200
-3.236200
1.941700
4.530700
2.589000
3.236200
1.941700
5.178000
3.883500
-1.294500
-4.530700
-4.530700
0.000000
2.589000
1.294500
4.530700
3.883500
3.236200
7.767000
12.298000
10.356000
6.472500
5.178000
10.356000
7.119700
0.000000
3.236200
3.883500
1.294500
3.883500
6.472500
2.589000
2.589000
3.883500
7.119700
4.530700
1.294500
-1.294500
-1.941700
-2.589000
-2.589000
-1.294500
5.178000
7.119700
2.589000
1.941700
3.236200
7.767000
9.708700
9.061500
6.472500
-2.589000
-5.825200
-2.589000
-3.236200
2.589000
6.472500
6.472500
5.178000
9.708700
10.356000
7.767000
5.825200
5.825200
1.941700
-1.294500
-1.941700
-3.236200
-2.589000
0.647250
6.472500
8.414200
9.061500
9.708700
6.472500
1.941700
-3.883500
-3.883500
-4.530700
-8.414200
-10.356000
-7.119700
-5.825200
-3.236200
1.294500
1.294500
0.647250
4.530700
4.530700
0.647250
-1.941700
-3.883500
-4.530700
-2.589000
2.589000
0.647250
-3.883500
-4.530700
-3.883500
-0.647250
5.825200
5.825200
3.883500
3.883500
1.941700
1.941700
-1.941700
-4.530700
-2.589000
-3.883500
-9.061500
-9.061500
-0.647250
5.825200
7.767000
2.589000
-5.178000
-9.708700
-11.003000
-6.472500
-3.236200
-1.294500
-1.294500
-3.236200
-1.294500
0.000000
-0.647250
-1.941700
-1.941700
1.941700
1.941700
2.589000
3.883500
3.236200
1.941700
-2.589000
-3.236200
-4.530700
-6.472500
-12.945000
-11.003000
-3.883500
-0.647250
1.294500
-1.941700
-1.941700
-3.883500
-4.530700
-1.294500
-3.236200
-8.414200
-6.472500
1.294500
6.472500
11.003000
13.592000
7.767000
3.883500
3.236200
8.414200
11.650000
7.119700
3.236200
3.236200
-0.647250
-1.941700
-2.589000
-3.236200
-1.941700
3.883500
6.472500
5.178000
9.061500
5.825200
5.178000
1.294500
-3.883500
1.294500
5.178000
7.119700
2.589000
7.119700
7.767000
4.530700
7.119700
11.650000
9.708700
3.236200
-1.294500
0.647250
0.647250
-5.178000
-6.472500
-5.825200
-4.530700
-7.119700
-4.530700
-1.941700
0.000000
6.472500
3.883500
1.941700
0.647250
-1.294500
1.294500
0.647250
-4.530700
3.236200
6.472500
2.589000
4.530700
8.414200
9.708700
10.356000
7.767000
8.414200
9.061500
9.061500
7.767000
7.119700
6.472500
5.178000
1.941700
-0.647250
-1.941700
4.530700
12.298000
9.708700
7.767000
8.414200
9.708700
8.414200
3.236200
-3.236200
-5.178000
2.589000
3.236200
-3.883500
-11.003000
-8.414200
-2.589000
-0.647250
-1.941700
-6.472500
-11.003000
-12.945000
-17.476000
-20.712000
-22.653999
-22.006001
-21.358999
-18.122999
-12.298000
-13.592000
-12.945000
-10.356000
-6.472500
-3.883500
-1.941700
-6.472500
-6.472500
-6.472500
-6.472500
-7.119700
-7.767000
-12.945000
-11.650000
-5.178000
2.589000
8.414200
7.767000
9.061500
10.356000
7.767000
0.647250
1.941700
0.000000
-2.589000
-2.589000
0.000000
-1.941700
-3.236200
1.941700
5.825200
6.472500
6.472500
5.825200
7.119700
6.472500
2.589000
1.941700
-1.941700
-1.294500
2.589000
3.236200
0.647250
-1.294500
-4.530700
-5.825200
-7.767000
-8.414200
-3.883500
-3.236200
-0.647250
5.825200
12.298000
10.356000
4.530700
1.941700
0.000000
-3.883500
-1.941700
-3.883500
-8.414200
-7.119700
