-14.959000
-10.407000
10.407000
14.309000
3.252000
1.951200
0.000000
1.300800
11.057000
9.756100
-6.504100
-3.902400
0.650410
1.951200
3.252000
-0.650410
3.252000
5.203300
3.252000
4.552800
-1.951200
-7.154500
3.902400
10.407000
1.951200
-1.300800
0.000000
-10.407000
-4.552800
0.650410
5.203300
1.951200
3.252000
7.804900
4.552800
3.902400
-1.951200
-5.853700
-4.552800
2.601600
8.455300
-7.154500
-6.504100
-1.300800
0.650410
5.203300
-0.650410
-3.252000
6.504100
1.300800
-4.552800
-2.601600
1.300800
1.951200
0.000000
-4.552800
-5.853700
-5.853700
-3.252000
-5.853700
0.000000
8.455300
11.707000
0.650410
-5.853700
3.902400
0.000000
-0.650410
6.504100
3.252000
-1.300800
-14.959000
-11.707000
1.951200
2.601600
1.951200
-3.252000
6.504100
7.154500
12.358000
9.105700
5.203300
-1.300800
-3.902400
-1.300800
1.951200
3.252000
3.252000
0.000000
-5.203300
1.951200
7.154500
2.601600
-0.650410
-7.154500
-1.300800
10.407000
11.057000
-0.650410
-7.154500
-1.951200
-1.300800
0.650410
0.000000
-0.650410
-7.154500
-12.358000
-0.650410
4.552800
3.252000
9.756100
5.853700
-1.951200
1.300800
4.552800
8.455300
1.300800
-7.804900
-3.252000
0.650410
-6.504100
-6.504100
-1.951200
-2.601600
-4.552800
-0.650410
3.902400
0.000000
-4.552800
-7.154500
-5.203300
0.000000
-0.650410
5.203300
5.853700
1.951200
-0.650410
-3.902400
-3.252000
7.154500
-1.300800
1.300800
3.252000
0.650410
9.105700
11.057000
6.504100
7.154500
5.853700
12.358000
15.610000
9.105700
-3.252000
-7.154500
-13.659000
-18.211000
4.552800
14.959000
8.455300
-1.300800
-3.902400
-4.552800
-5.203300
5.203300
2.601600
0.650410
-1.300800
-19.511999
-17.561001
-7.804900
-3.902400
1.300800
1.951200
-3.252000
-9.105700
-11.707000
1.951200
13.659000
-6.504100
-10.407000
-9.105700
1.951200
0.000000
0.000000
0.000000
-3.902400
-3.902400
3.252000
2.601600
3.252000
5.203300
-5.853700
-10.407000
-2.601600
5.203300
-5.203300
-4.552800
5.203300
7.154500
11.057000
18.211000
8.455300
0.000000
-0.650410
0.650410
-0.650410
-2.601600
6.504100
4.552800
9.756100
-0.650410
0.650410
0.000000
-5.853700
0.650410
7.804900
1.951200
-7.804900
-13.008000
3.252000
14.959000
3.902400
4.552800
0.000000
-3.252000
-9.756100
-5.853700
3.252000
5.203300
-3.902400
-3.252000
0.000000
0.650410
7.804900
1.300800
0.000000
3.902400
0.000000
3.902400
-3.902400
-5.203300
4.552800
-7.154500
-7.804900
-1.951200
6.504100
13.659000
10.407000
15.610000
14.959000
1.300800
-0.650410
4.552800
-5.203300
-7.804900
-4.552800
-8.455300
-11.057000
-3.902400
3.252000
10.407000
0.650410
-3.252000
-2.601600
-11.707000
-5.853700
7.154500
4.552800
0.650410
5.853700
1.951200
-3.252000
-1.951200
-8.455300
-9.756100
-5.203300
1.300800
3.252000
0.000000
6.504100
7.154500
-3.252000
-7.154500
-1.300800
11.057000
-2.601600
-10.407000
-1.300800
-13.008000
-3.902400
11.057000
-2.601600
0.650410
1.300800
-5.203300
-1.951200
-1.951200
-4.552800
-5.853700
0.000000
-0.650410
-3.902400
0.650410
7.154500
6.504100
13.659000
12.358000
6.504100
7.804900
8.455300
8.455300
-1.951200
-12.358000
5.853700
15.610000
7.804900
0.000000
-2.601600
-3.252000
-5.203300
7.154500
7.804900
1.300800
2.601600
0.000000
-5.853700
-6.504100
-7.804900
1.951200
6.504100
1.951200
0.650410
-7.154500
0.650410
0.000000
-3.902400
-1.300800
-0.650410
7.154500
11.057000
1.300800
-1.951200
-8.455300
-16.910999
-12.358000
-11.707000
-11.707000
-3.252000
4.552800
-10.407000
-4.552800
3.902400
-0.650410
-2.601600
-4.552800
-14.309000
1.300800
6.504100
8.455300
13.659000
8.455300
-1.951200
-7.154500
-15.610000
-14.309000
2.601600
1.951200
3.902400
15.610000
15.610000
12.358000
4.552800
11.707000
10.407000
6.504100
-1.300800
3.902400
4.552800
-11.057000
-14.959000
-16.910999
-19.511999
-9.756100
-16.910999
-13.659000
-7.154500
0.000000
2.601600
-0.650410
-5.853700
1.300800
5.853700
5.853700
-1.951200
1.951200
-1.300800
-7.154500
1.300800
-9.756100
-11.057000
3.902400
10.407000
7.804900
3.902400
3.902400
5.853700
14.959000
20.813000
14.309000
1.951200
-4.552800
-0.650410
0.650410
4.552800
9.756100
7.804900
2.601600
-3.902400
-7.804900
-5.203300
1.951200
6.504100
11.707000
11.057000
2.601600
-5.203300
-4.552800
3.252000
9.756100
12.358000
3.252000
-7.154500
-7.804900
-3.902400
-4.552800
-1.951200
1.300800
-2.601600
-1.300800
-5.203300
-5.203300
4.552800
10.407000
-6.504100
-3.902400
5.203300
11.057000
2.601600
-3.252000
-6.504100
-13.008000
-11.707000
-9.756100
-9.756100
0.000000
12.358000
11.057000
-0.650410
-1.951200
3.252000
11.057000
4.552800
3.902400
9.756100
2.601600
-5.203300
-4.552800
-5.203300
-9.105700
4.552800
14.959000
4.552800
-6.504100
-3.902400
-7.804900
-1.300800
2.601600
-2.601600
-1.951200
-9.105700
-10.407000
-7.804900
-1.951200
4.552800
2.601600
0.000000
-5.203300
-6.504100
-7.804900
-9.105700
3.902400
8.455300
2.601600
1.300800
0.000000
-3.252000
3.902400
9.105700
7.804900
2.601600
-9.105700
-3.252000
11.707000
6.504100
-5.203300
-1.951200
1.300800
-7.804900
-10.407000
-0.650410
9.756100
-0.650410
-6.504100
1.300800
5.853700
0.650410
-1.300800
-1.300800
3.902400
9.105700
3.902400
4.552800
5.853700
2.601600
4.552800
8.455300
3.902400
5.853700
0.650410
-1.951200
2.601600
2.601600
3.902400
0.000000
-7.804900
1.951200
0.650410
-3.902400
3.252000
8.455300
9.105700
0.650410
-11.707000
-19.511999
-4.552800
6.504100
7.154500
13.659000
3.902400
-10.407000
-4.552800
-1.951200
-0.650410
-0.650410
3.252000
3.252000
-2.601600
-1.951200
0.650410
1.951200
-7.804900
-11.057000
-3.252000
2.601600
1.951200
-1.300800
-3.252000
-1.300800
3.902400
1.951200
4.552800
9.105700
8.455300
9.756100
-3.252000
-20.813000
-5.203300
3.902400
4.552800
13.008000
10.407000
1.951200
-7.154500
-16.910999
3.252000
11.057000
0.000000
-4.552800
-13.659000
-13.659000
-5.853700
-10.407000
-4.552800
7.154500
-4.552800
-1.300800
0.650410
3.252000
10.407000
7.804900
-0.650410
-10.407000
-5.853700
4.552800
10.407000
4.552800
7.804900
8.455300
6.504100
11.057000
7.154500
-5.853700
-3.902400
-0.650410
-8.455300
1.951200
15.610000
16.910999
-1.951200
1.951200
3.252000
-5.203300
1.951200
3.902400
-1.951200
5.853700
3.252000
4.552800
3.252000
0.650410
-7.804900
-4.552800
1.951200
-5.853700
-5.203300
4.552800
5.853700
11.707000
12.358000
-1.951200
-9.756100
-0.650410
7.804900
6.504100
-7.804900
-7.154500
2.601600
1.951200
-7.154500
-7.154500
8.455300
13.008000
2.601600
-3.902400
1.951200
5.853700
-3.902400
1.951200
-0.650410
-9.105700
-9.105700
-14.309000
-3.252000
4.552800
3.252000
-5.853700
-3.902400
-4.552800
-5.853700
-11.057000
-11.707000
4.552800
9.105700
0.650410
0.650410
4.552800
0.650410
-1.300800
-3.252000
-3.252000
-14.309000
3.252000
13.659000
1.300800
-9.756100
-5.853700
-3.252000
-3.252000
-7.804900
-0.650410
-2.601600
-6.504100
-1.951200
-9.105700
-18.211000
-12.358000
-13.659000
-10.407000
0.650410
-0.650410
-5.853700
-7.804900
5.853700
3.902400
0.000000
13.659000
8.455300
-2.601600
-3.902400
1.300800
-2.601600
-5.203300
2.601600
5.203300
-1.951200
-4.552800
-3.252000
1.951200
-4.552800
-0.650410
3.902400
1.951200
-8.455300
-16.260000
-1.951200
9.105700
2.601600
-3.252000
2.601600
3.252000
1.951200
8.455300
5.853700
0.650410
9.105700
11.057000
7.154500
4.552800
2.601600
-1.951200
0.650410
5.853700
-5.203300
-5.203300
3.902400
5.203300
4.552800
1.951200
-3.252000
1.300800
1.300800
-1.300800
-3.902400
7.154500
13.008000
0.650410
-2.601600
-6.504100
1.300800
4.552800
9.105700
2.601600
-2.601600
-1.951200
-0.650410
-4.552800
5.853700
14.959000
5.203300
-1.951200
-4.552800
1.951200
-5.853700
5.203300
7.804900
5.853700
0.000000
-10.407000
-4.552800
-5.853700
0.650410
10.407000
-0.650410
-6.504100
0.000000
2.601600
3.252000
3.902400
11.057000
3.902400
-10.407000
-2.601600
-0.650410
1.951200
6.504100
-7.154500
-3.252000
1.951200
2.601600
-5.853700
-6.504100
-3.252000
0.650410
3.252000
3.902400
3.252000
-0.650410
-4.552800
3.252000
10.407000
10.407000
5.203300
10.407000
9.756100
-0.650410
-2.601600
-7.154500
-6.504100
1.300800
5.853700
5.203300
-3.902400
-1.300800
1.951200
-1.951200
1.300800
-2.601600
-11.707000
1.300800
3.252000
0.000000
3.252000
0.650410
1.300800
1.300800
-0.650410
-3.252000
0.000000
0.650410
9.105700
1.951200
-7.154500
7.154500
7.154500
-0.650410
5.853700
3.902400
5.203300
-6.504100
-11.057000
-2.601600
-0.650410
-2.601600
-11.057000
-0.650410
7.154500
5.853700
-3.252000
1.951200
4.552800
2.601600
-1.300800
-0.650410
-3.902400
1.951200
7.154500
0.650410
-1.951200
-3.252000
-2.601600
3.252000
7.154500
6.504100
-2.601600
-5.853700
13.659000
11.707000
-3.902400
-3.902400
1.300800
-1.300800
-0.650410
1.951200
-11.707000
-7.804900
-5.853700
-10.407000
3.902400
20.813000
-3.252000
-6.504100
1.951200
1.300800
-1.951200
2.601600
5.203300
6.504100
-5.853700
-16.260000
-8.455300
5.853700
-1.300800
-3.252000
12.358000
-0.650410
3.252000
9.756100
8.455300
-0.650410
-11.707000
-0.650410
9.756100
10.407000
3.252000
-5.203300
-13.008000
-8.455300
5.203300
7.804900
5.203300
1.300800
3.902400
15.610000
7.154500
-0.650410
-1.300800
9.756100
18.211000
23.415001
31.870001
45.528000
62.438999
74.146004
74.796997
82.601997
82.601997
82.601997
82.601997
82.601997
69.593002
53.333000
33.171001
12.358000
13.008000
7.154500
-11.057000
-20.163000
-26.016001
-31.870001
-27.316999
-33.820999
-38.374001
-39.674999
-45.528000
-46.828999
-55.285000
-58.536999
-53.984001
-59.837002
-67.641998
-56.584999
-38.374001
-44.228001
-61.138000
-55.935001
-47.480000
-53.333000
-54.633999
-45.528000
-38.374001
-33.820999
-35.771999
-27.966999
-32.520000
-37.073002
-29.268000
-24.065001
-15.610000
-20.813000
-21.462999
-15.610000
-24.065001
-14.959000
-4.552800
-6.504100
-8.455300
-9.105700
-8.455300
-7.154500
0.650410
9.756100
-1.300800
-13.659000
-14.309000
-3.252000
-3.252000
-0.650410
2.601600
-5.853700
-3.252000
-8.455300
1.300800
11.057000
13.008000
7.154500
2.601600
3.252000
4.552800
7.154500
7.154500
2.601600
3.902400
7.154500
9.756100
11.707000
18.211000
22.114000
23.415001
-2.601600
1.300800
14.959000
1.951200
4.552800
0.650410
