-3.397400
-5.961500
-4.038500
-1.474400
5.576900
6.217900
5.576900
4.294900
4.935900
0.448720
-0.833330
-0.833330
-1.474400
-1.474400
-3.397400
4.294900
6.859000
3.012800
2.371800
-1.474400
1.089700
0.448720
-3.397400
-4.038500
-0.192310
1.089700
0.448720
-9.166700
-5.961500
2.371800
4.294900
4.935900
4.294900
4.935900
8.141000
8.141000
3.653800
4.935900
1.089700
-5.320500
-2.115400
1.730800
4.294900
-1.474400
-3.397400
-1.474400
1.730800
4.935900
5.576900
4.935900
1.730800
4.294900
4.294900
-0.833330
-4.038500
-1.474400
-2.756400
-3.397400
-0.833330
-1.474400
2.371800
8.782100
4.935900
5.576900
5.576900
0.448720
4.294900
5.576900
3.653800
1.730800
-1.474400
-4.679500
-5.320500
-2.756400
-2.115400
3.653800
9.423100
9.423100
7.500000
5.576900
4.935900
2.371800
0.448720
10.064000
10.705000
2.371800
-1.474400
-0.192310
-0.833330
-2.756400
-0.192310
-0.192310
1.089700
4.935900
11.346000
10.705000
0.448720
-1.474400
1.730800
1.089700
1.089700
-2.115400
-5.961500
-4.038500
-0.192310
1.089700
-0.192310
-1.474400
-1.474400
-5.320500
-8.525600
-2.756400
4.935900
3.653800
-0.833330
0.448720
1.730800
-0.192310
-5.320500
-10.449000
-5.320500
-2.115400
-4.679500
-5.961500
-5.320500
-0.833330
2.371800
-5.320500
-3.397400
4.294900
3.653800
-2.756400
-2.115400
1.730800
-0.833330
0.448720
4.935900
-0.192310
-7.884600
-10.449000
-8.525600
-4.679500
-3.397400
4.935900
4.294900
-0.192310
1.089700
11.346000
11.346000
8.141000
4.294900
3.653800
1.730800
-3.397400
-5.961500
-5.961500
-0.833330
0.448720
0.448720
1.089700
2.371800
5.576900
7.500000
3.653800
-0.192310
-3.397400
-3.397400
-7.243600
-5.320500
-0.192310
-4.679500
-6.602600
-6.602600
-6.602600
-3.397400
-0.192310
-0.833330
-4.038500
-5.320500
-8.525600
-3.397400
2.371800
4.935900
8.782100
6.859000
1.730800
-1.474400
0.448720
2.371800
3.012800
2.371800
-0.833330
-4.679500
-9.807700
-7.884600
-8.525600
-6.602600
-0.833330
1.730800
6.859000
10.064000
10.705000
8.782100
1.089700
4.294900
11.346000
2.371800
-0.192310
1.089700
3.012800
3.012800
2.371800
-1.474400
-6.602600
-8.525600
-2.115400
-0.833330
-4.038500
-4.038500
-2.115400
1.730800
6.217900
6.217900
4.935900
-2.756400
-6.602600
-4.038500
-4.679500
1.089700
7.500000
6.217900
2.371800
3.653800
1.730800
-4.679500
-4.679500
-2.115400
-4.038500
-1.474400
-1.474400
4.294900
2.371800
-5.320500
-4.038500
-0.192310
2.371800
4.294900
8.782100
15.192000
9.423100
5.576900
2.371800
-3.397400
-11.731000
-15.577000
-11.731000
-4.038500
8.782100
11.346000
6.859000
10.705000
8.141000
6.859000
1.089700
-3.397400
-1.474400
-1.474400
-4.679500
-7.884600
0.448720
11.346000
6.859000
-4.679500
-5.961500
-5.320500
-7.243600
-5.320500
-0.833330
5.576900
3.012800
-3.397400
-4.038500
-1.474400
-5.320500
-5.320500
-4.038500
-7.884600
-9.166700
-7.243600
-3.397400
-2.756400
-1.474400
1.089700
3.012800
4.294900
0.448720
0.448720
-3.397400
-5.961500
-2.756400
-2.756400
-0.192310
1.089700
4.935900
8.141000
12.628000
10.705000
3.012800
-0.192310
2.371800
1.730800
5.576900
7.500000
9.423100
3.012800
-4.038500
-4.679500
3.653800
8.782100
1.730800
-4.038500
-4.038500
-4.679500
-2.756400
-5.320500
-3.397400
-2.756400
-5.320500
-3.397400
0.448720
1.730800
1.089700
4.935900
6.859000
-2.115400
-4.679500
-0.833330
3.012800
8.141000
13.269000
9.423100
2.371800
-5.320500
-11.090000
-14.936000
-10.449000
-5.961500
-5.961500
-4.679500
1.089700
-1.474400
-4.679500
-0.833330
2.371800
6.859000
6.217900
2.371800
-0.192310
3.012800
1.089700
1.089700
-0.833330
-5.320500
-7.884600
-5.961500
3.653800
4.935900
1.730800
4.935900
11.346000
8.141000
7.500000
8.782100
8.141000
5.576900
6.217900
9.423100
-1.474400
-12.372000
-13.654000
-14.295000
-14.295000
-8.525600
-9.807700
-11.731000
-14.936000
-13.654000
-4.679500
-0.833330
-4.038500
-2.115400
-1.474400
1.089700
1.730800
3.012800
1.730800
-3.397400
-2.756400
2.371800
1.089700
4.294900
13.910000
11.987000
4.935900
6.859000
7.500000
10.064000
14.551000
12.628000
5.576900
0.448720
1.089700
1.730800
4.935900
4.935900
5.576900
2.371800
1.730800
3.653800
6.217900
4.294900
-0.833330
1.089700
1.730800
1.730800
5.576900
1.089700
1.730800
4.935900
0.448720
-4.038500
-4.038500
-5.961500
-7.884600
-4.038500
-4.679500
-5.961500
-2.756400
-6.602600
-7.884600
-4.038500
0.448720
4.294900
-5.320500
-2.115400
5.576900
3.653800
6.859000
2.371800
-3.397400
-9.807700
-11.090000
-3.397400
-1.474400
-3.397400
1.730800
5.576900
10.064000
8.141000
0.448720
0.448720
4.935900
4.935900
1.089700
6.217900
-0.192310
-7.243600
-5.320500
-10.449000
-6.602600
-2.756400
1.730800
-2.756400
-10.449000
-5.320500
-4.679500
-6.602600
-4.679500
-1.474400
-1.474400
-5.320500
-4.038500
-0.833330
-5.961500
-4.038500
1.730800
1.089700
-4.679500
-12.372000
-14.295000
-7.243600
-2.756400
1.089700
3.012800
3.653800
5.576900
4.294900
4.294900
-0.192310
-2.756400
0.448720
2.371800
5.576900
5.576900
2.371800
1.730800
0.448720
1.730800
10.064000
6.217900
-3.397400
-4.038500
-3.397400
-2.756400
0.448720
-2.115400
-0.833330
1.730800
3.653800
1.730800
3.012800
12.628000
10.064000
8.141000
1.730800
-0.833330
3.012800
1.089700
1.089700
2.371800
3.653800
7.500000
1.730800
-4.038500
-2.115400
8.141000
7.500000
1.730800
1.089700
1.730800
-0.192310
-1.474400
-0.833330
-6.602600
-4.679500
2.371800
5.576900
2.371800
-1.474400
1.089700
5.576900
1.089700
-0.833330
-0.192310
0.448720
-2.756400
-2.756400
3.012800
-2.115400
-2.756400
3.012800
1.089700
-6.602600
-7.884600
-2.756400
-0.192310
3.653800
5.576900
0.448720
0.448720
6.217900
8.782100
4.935900
-0.833330
-0.192310
-1.474400
-0.833330
3.012800
4.935900
2.371800
-1.474400
-2.115400
-0.833330
-4.038500
-5.320500
-1.474400
-4.038500
0.448720
3.012800
2.371800
3.012800
1.089700
-4.038500
-9.166700
-7.884600
-4.679500
-2.115400
6.217900
6.217900
6.217900
1.730800
-4.679500
-0.192310
0.448720
4.294900
2.371800
2.371800
2.371800
7.500000
1.730800
-5.320500
0.448720
2.371800
5.576900
6.859000
7.500000
4.294900
6.859000
8.141000
5.576900
5.576900
3.012800
0.448720
5.576900
4.935900
7.500000
10.705000
9.423100
10.064000
8.141000
2.371800
4.294900
4.935900
8.141000
11.987000
13.910000
10.064000
8.141000
6.859000
9.423100
8.782100
4.294900
1.089700
-4.038500
-7.884600
-9.807700
-5.961500
-3.397400
-7.884600
-5.961500
-7.884600
-7.243600
-2.756400
-2.756400
-4.679500
-4.679500
-5.961500
-7.884600
-11.090000
-12.372000
-13.013000
-7.243600
-5.961500
-8.525600
-9.807700
-5.961500
-6.602600
-13.654000
-7.884600
-5.961500
-9.166700
-9.166700
-9.166700
-0.833330
3.653800
-2.115400
-4.679500
-7.884600
-6.602600
-5.961500
-9.807700
-4.038500
-2.115400
-5.320500
-5.320500
-2.115400
-5.320500
-2.115400
2.371800
-5.320500
-7.243600
-10.449000
-9.807700
-5.961500
-7.243600
-11.090000
-8.525600
-7.243600
-9.807700
-5.961500
-2.756400
-6.602600
-3.397400
1.730800
2.371800
4.294900
6.217900
7.500000
0.448720
-2.756400
-1.474400
4.935900
4.294900
-2.756400
-4.679500
-2.115400
2.371800
1.730800
-4.679500
-9.807700
-7.884600
1.089700
3.012800
3.012800
3.012800
-0.833330
-3.397400
1.730800
7.500000
7.500000
4.294900
5.576900
15.833000
12.628000
-0.192310
1.089700
7.500000
5.576900
3.653800
3.653800
3.012800
5.576900
4.935900
5.576900
6.859000
3.012800
-4.679500
-7.243600
-2.756400
-0.192310
-0.833330
5.576900
5.576900
1.089700
1.089700
3.012800
6.217900
8.782100
10.705000
7.500000
0.448720
-1.474400
3.653800
2.371800
6.859000
4.294900
1.089700
1.089700
6.859000
8.141000
6.217900
1.730800
1.730800
-2.115400
-5.961500
-3.397400
-2.756400
-3.397400
-4.038500
-0.833330
-0.833330
-1.474400
1.089700
3.653800
-1.474400
-4.679500
-0.192310
1.089700
-0.833330
-2.115400
-2.756400
-2.756400
-0.833330
1.730800
0.448720
-7.243600
-4.679500
1.089700
-0.192310
-0.833330
-0.192310
1.089700
-0.192310
3.653800
3.653800
1.089700
3.653800
4.294900
1.089700
3.012800
6.217900
7.500000
6.217900
4.935900
4.294900
0.448720
-2.756400
-2.115400
0.448720
-5.320500
-8.525600
0.448720
3.653800
3.653800
0.448720
-5.320500
-4.679500
-1.474400
-0.192310
-0.192310
2.371800
5.576900
-4.038500
-5.320500
1.730800
-0.192310
1.089700
3.012800
6.217900
4.935900
4.935900
2.371800
2.371800
3.012800
-4.038500
-6.602600
-5.961500
-0.833330
-4.038500
-2.756400
-0.192310
-3.397400
-3.397400
-3.397400
-1.474400
-2.756400
-2.115400
4.294900
-2.756400
-7.243600
-2.115400
3.653800
6.217900
8.782100
13.269000
4.935900
1.089700
1.089700
5.576900
8.141000
-0.192310
-1.474400
3.012800
-0.192310
2.371800
3.012800
1.730800
-0.192310
1.089700
-0.192310
-2.115400
1.730800
-0.833330
1.089700
-4.038500
-5.320500
-2.115400
1.730800
6.859000
0.448720
2.371800
2.371800
1.089700
4.935900
7.500000
3.012800
-0.833330
-2.756400
1.089700
4.294900
-2.756400
-5.320500
-1.474400
-1.474400
-6.602600
-4.038500
0.448720
1.089700
3.653800
1.089700
2.371800
1.730800
-1.474400
0.448720
-2.115400
-6.602600
3.012800
8.782100
-0.192310
-3.397400
1.089700
5.576900
4.935900
4.294900
7.500000
8.782100
10.705000
9.423100
7.500000
9.423100
12.628000
16.474001
21.603001
23.525999
30.577000
36.346001
31.218000
25.448999
23.525999
23.525999
17.115000
4.935900
-4.679500
-8.525600
-0.192310
3.653800
-2.115400
-11.090000
-9.807700
-6.602600
-4.038500
-5.961500
-12.372000
-18.782000
-21.346001
-21.987000
-25.191999
-29.038000
-27.756001
-30.962000
-32.243999
-23.910000
-24.551001
-23.268999
-22.628000
-19.423000
-17.500000
-11.090000
-11.090000
-7.884600
-5.961500
-9.166700
-7.243600
-4.679500
-11.731000
-14.936000
-10.449000
-2.756400
-0.833330
-0.833330
1.730800
7.500000
3.653800
-5.320500
-1.474400
0.448720
1.089700
2.371800
8.782100
3.012800
-4.038500
-4.679500
-2.115400
1.730800
6.859000
6.859000
4.935900
3.653800
-0.192310
1.730800
-0.192310
1.730800
6.859000
3.012800
-2.756400
0.448720
2.371800
0.448720
-7.243600
-11.090000
-5.961500
-2.115400
-0.192310
5.576900
11.987000
11.987000
5.576900
6.859000
9.423100
1.089700
-1.474400
-4.679500
-9.807700
-9.166700
