-9.726200
1.868000
-3.285000
0.579710
7.020900
-0.064410
3.156200
7.665100
5.732700
3.800300
5.088600
14.106000
-0.708530
-3.929100
8.309200
8.953300
4.444400
1.868000
1.868000
2.512100
-3.285000
-1.996800
7.665100
11.530000
-1.996800
-8.438000
-1.996800
-1.996800
4.444400
4.444400
-3.285000
-0.064410
-7.793900
-7.793900
-3.285000
-0.064410
7.020900
5.088600
-3.929100
-5.217400
0.579710
-3.929100
-2.640900
2.512100
5.088600
7.665100
1.868000
-3.929100
-4.573300
5.088600
1.223800
-6.505600
-1.352700
0.579710
-1.352700
-3.285000
-6.505600
-6.505600
4.444400
13.462000
4.444400
3.800300
7.665100
4.444400
3.800300
2.512100
-4.573300
3.156200
11.530000
7.020900
-0.064410
-8.438000
-2.640900
7.665100
8.309200
0.579710
6.376800
10.886000
16.039000
15.395000
6.376800
-0.708530
-4.573300
3.800300
1.868000
-0.064410
0.579710
3.156200
5.088600
-1.996800
-3.285000
4.444400
9.597400
4.444400
-5.861500
-0.064410
2.512100
-1.352700
-6.505600
-0.064410
2.512100
0.579710
-11.659000
-9.082100
-2.640900
-1.996800
-7.793900
-0.064410
8.309200
5.732700
1.868000
-5.861500
0.579710
1.223800
4.444400
9.597400
-0.708530
-5.861500
-1.996800
1.868000
-3.285000
-7.149800
-3.929100
-2.640900
-3.285000
1.223800
2.512100
-3.285000
-4.573300
-0.708530
0.579710
-6.505600
-5.861500
-6.505600
-9.726200
-3.285000
5.732700
8.309200
3.800300
-5.861500
-15.523000
1.868000
10.886000
8.309200
6.376800
5.088600
0.579710
-1.352700
-1.352700
5.088600
2.512100
-0.064410
3.156200
5.088600
-6.505600
-11.014000
-0.064410
6.376800
4.444400
5.732700
2.512100
1.868000
-0.064410
0.579710
1.868000
-1.996800
-11.659000
-14.879000
-2.640900
-1.352700
-10.370000
-5.861500
4.444400
-7.149800
-5.217400
4.444400
9.597400
5.732700
-0.708530
-2.640900
1.223800
-3.285000
-13.591000
-14.235000
-10.370000
-5.217400
-0.708530
3.156200
11.530000
7.020900
1.223800
0.579710
-0.708530
2.512100
6.376800
-1.996800
1.223800
10.242000
5.088600
-1.996800
1.868000
-1.352700
-3.285000
4.444400
12.174000
6.376800
-1.352700
-0.708530
4.444400
7.665100
11.530000
8.953300
10.886000
2.512100
-0.708530
-2.640900
-9.726200
-2.640900
3.800300
3.156200
7.665100
3.156200
3.800300
-3.285000
-10.370000
-4.573300
-0.708530
-0.708530
-4.573300
-14.879000
-11.659000
-7.149800
5.088600
7.020900
2.512100
1.223800
-1.352700
-0.708530
5.732700
0.579710
-5.861500
-0.064410
-5.861500
-11.659000
-5.217400
9.597400
16.683001
7.665100
3.156200
9.597400
11.530000
10.242000
7.665100
7.665100
-1.352700
-5.861500
-12.947000
-8.438000
-7.149800
1.223800
2.512100
-7.149800
-16.167000
-21.320000
-17.455999
-7.149800
-0.708530
0.579710
4.444400
12.174000
9.597400
4.444400
-1.996800
-8.438000
-11.659000
-0.064410
4.444400
-0.064410
1.868000
3.800300
1.223800
3.156200
0.579710
-3.929100
4.444400
3.800300
1.868000
-0.708530
-2.640900
1.223800
1.868000
-5.861500
-9.082100
-0.708530
3.156200
7.020900
4.444400
-0.708530
-2.640900
-10.370000
-11.659000
-0.708530
3.800300
1.868000
3.800300
-7.149800
-2.640900
1.223800
10.242000
12.174000
14.106000
11.530000
2.512100
-6.505600
5.088600
11.530000
-0.708530
6.376800
11.530000
6.376800
5.088600
1.223800
-2.640900
0.579710
-4.573300
-4.573300
-0.064410
-1.996800
-1.352700
-0.064410
0.579710
2.512100
-6.505600
-12.303000
-5.217400
-5.217400
-6.505600
-5.217400
-4.573300
-0.708530
-8.438000
-14.879000
-12.303000
-11.014000
-8.438000
1.223800
-0.064410
-9.726200
-6.505600
-0.064410
1.868000
6.376800
10.242000
8.953300
6.376800
2.512100
9.597400
6.376800
6.376800
10.242000
-3.929100
-9.082100
-4.573300
-5.217400
-2.640900
3.800300
3.800300
-5.217400
1.223800
11.530000
9.597400
-4.573300
-0.708530
10.242000
1.223800
-5.861500
-3.285000
-8.438000
-15.523000
-21.965000
-23.253000
-14.879000
-5.861500
-10.370000
-5.217400
-0.064410
5.732700
8.953300
11.530000
7.665100
10.886000
17.971001
7.020900
3.156200
3.156200
-8.438000
-4.573300
0.579710
-4.573300
-7.793900
-4.573300
3.800300
5.088600
-0.064410
5.088600
9.597400
10.242000
16.039000
8.953300
-3.285000
-11.014000
-8.438000
0.579710
-5.861500
-3.929100
-3.929100
-6.505600
-3.929100
-1.996800
3.800300
5.732700
6.376800
16.039000
13.462000
6.376800
-2.640900
4.444400
12.818000
6.376800
2.512100
5.088600
-4.573300
-5.217400
-8.438000
-7.793900
-1.352700
2.512100
9.597400
2.512100
-0.064410
7.020900
12.818000
3.156200
-4.573300
0.579710
10.886000
12.174000
-0.708530
-10.370000
-10.370000
-1.352700
-4.573300
-1.352700
-5.217400
-0.708530
3.800300
9.597400
15.395000
12.818000
12.818000
8.953300
-1.996800
3.156200
8.309200
5.732700
3.156200
-2.640900
-11.014000
-9.082100
3.156200
13.462000
9.597400
-3.929100
-4.573300
1.223800
0.579710
-3.929100
3.800300
1.223800
-9.726200
-7.149800
-3.929100
-1.352700
-0.708530
-0.064410
1.223800
-5.861500
-7.793900
-21.320000
-14.879000
6.376800
10.242000
7.020900
-0.708530
1.868000
1.223800
-1.352700
-1.996800
-9.726200
-5.861500
-0.708530
-0.708530
2.512100
-2.640900
-6.505600
-1.352700
-7.149800
-7.149800
-0.064410
1.223800
-3.929100
1.223800
7.020900
4.444400
-2.640900
-10.370000
-4.573300
10.886000
10.242000
-1.352700
-0.708530
9.597400
6.376800
0.579710
1.868000
7.665100
7.665100
3.156200
0.579710
3.800300
-0.064410
1.223800
-1.996800
-5.861500
-4.573300
-1.996800
3.156200
5.732700
10.886000
5.732700
-9.082100
-5.861500
-10.370000
-5.861500
-3.929100
-1.996800
6.376800
7.665100
1.223800
-11.014000
-8.438000
2.512100
2.512100
1.223800
3.800300
-7.149800
-3.285000
5.088600
4.444400
2.512100
-8.438000
-7.793900
-3.285000
-8.438000
-3.929100
-1.352700
8.953300
5.088600
7.020900
9.597400
-5.217400
-2.640900
0.579710
1.223800
-3.285000
-12.947000
-3.285000
6.376800
-10.370000
-4.573300
2.512100
7.665100
8.309200
-0.064410
-2.640900
-0.064410
-4.573300
-9.082100
-7.793900
-1.352700
-1.996800
4.444400
3.800300
-9.726200
-15.523000
-4.573300
4.444400
7.665100
10.886000
7.020900
-7.793900
-9.082100
0.579710
8.309200
12.818000
14.106000
14.750000
15.395000
7.665100
1.868000
8.953300
7.665100
-0.708530
-12.303000
-15.523000
3.800300
18.615000
14.750000
8.953300
2.512100
8.953300
7.665100
10.242000
12.818000
3.156200
-1.352700
-1.996800
7.665100
13.462000
2.512100
-5.861500
-8.438000
-5.217400
-1.352700
-7.149800
-8.438000
3.800300
13.462000
2.512100
-5.861500
-3.929100
1.223800
-5.217400
-5.217400
-3.285000
-5.217400
-11.659000
-7.149800
4.444400
9.597400
9.597400
7.665100
-2.640900
-5.217400
3.800300
2.512100
1.868000
-2.640900
-10.370000
-7.793900
-3.929100
-3.929100
-2.640900
-2.640900
1.223800
-0.064410
-12.303000
-7.149800
-2.640900
0.579710
5.088600
1.868000
-1.996800
3.156200
7.665100
4.444400
-15.523000
-7.793900
0.579710
7.020900
10.886000
-5.861500
-4.573300
-0.064410
-1.996800
-7.149800
-4.573300
6.376800
3.156200
-5.217400
-6.505600
-10.370000
1.868000
7.665100
-13.591000
-21.965000
-8.438000
-5.217400
-11.014000
-7.793900
2.512100
7.020900
3.800300
5.088600
-2.640900
1.868000
5.732700
2.512100
3.156200
6.376800
2.512100
-1.996800
-1.996800
-9.726200
-14.235000
-12.303000
2.512100
10.886000
-0.708530
0.579710
-3.285000
-5.217400
-1.996800
-12.303000
-14.879000
-3.929100
-7.793900
-7.149800
-2.640900
-0.708530
1.868000
8.309200
7.020900
2.512100
-5.217400
-1.352700
-1.352700
3.156200
12.174000
1.223800
-3.285000
3.156200
3.156200
-4.573300
-7.149800
-0.708530
-0.064410
5.732700
1.868000
3.156200
1.868000
-5.217400
-3.929100
-2.640900
0.579710
2.512100
8.953300
3.800300
-4.573300
-5.217400
0.579710
4.444400
3.156200
1.868000
1.223800
1.868000
5.088600
11.530000
7.020900
-2.640900
-0.064410
-1.352700
-0.708530
2.512100
1.223800
-1.352700
-0.064410
-0.708530
1.223800
5.732700
1.868000
-0.708530
4.444400
4.444400
5.088600
-11.659000
0.579710
17.971001
8.309200
1.223800
-1.352700
-3.285000
-1.352700
3.800300
1.868000
0.579710
1.868000
5.088600
-0.064410
-9.082100
-0.064410
3.156200
-1.996800
5.088600
1.223800
7.665100
3.800300
3.156200
2.512100
-9.726200
3.156200
16.683001
16.039000
10.242000
3.800300
-3.285000
-13.591000
-14.879000
0.579710
6.376800
8.309200
3.800300
-0.064410
3.156200
-0.708530
-1.352700
5.088600
4.444400
-1.352700
-9.082100
-3.285000
4.444400
-2.640900
-0.064410
-2.640900
-1.352700
-1.996800
5.088600
-1.352700
-5.861500
-5.861500
-1.996800
4.444400
3.156200
8.309200
9.597400
4.444400
2.512100
-2.640900
-3.929100
-1.996800
-4.573300
-0.708530
-1.352700
1.223800
-1.352700
1.223800
5.088600
7.020900
3.156200
5.732700
1.223800
-7.793900
1.868000
5.732700
-0.708530
3.156200
6.376800
2.512100
-5.217400
4.444400
1.868000
-5.861500
-2.640900
7.020900
7.665100
-0.708530
-2.640900
3.156200
-1.352700
-16.812000
-5.861500
7.020900
-0.708530
-0.708530
-0.064410
-9.726200
-3.285000
8.309200
-0.708530
-5.217400
6.376800
-0.064410
-3.929100
2.512100
-7.149800
-0.064410
4.444400
1.868000
-9.082100
-5.217400
7.020900
-2.640900
3.156200
9.597400
8.309200
12.174000
10.242000
-1.352700
-4.573300
1.223800
3.800300
4.444400
2.512100
1.868000
-5.861500
-10.370000
-2.640900
5.732700
17.327000
21.191999
10.886000
7.665100
3.800300
-3.929100
-0.708530
5.732700
2.512100
5.088600
14.750000
18.615000
21.191999
34.717999
35.362000
35.362000
37.938999
43.736000
45.667999
39.227001
32.141998
25.056000
14.750000
1.868000
-0.064410
1.868000
-2.640900
-3.929100
-3.929100
-12.303000
-12.947000
-14.235000
-18.100000
-16.812000
-23.253000
-24.541000
-21.320000
-25.829000
-35.491001
-29.049999
-23.253000
-33.558998
-24.541000
-20.676001
-29.049999
-23.896999
-22.608999
-27.118000
-31.625999
-29.694000
-23.896999
-10.370000
-9.082100
-16.812000
-19.388000
-15.523000
-10.370000
-6.505600
-7.793900
-10.370000
-11.659000
-8.438000
-1.996800
-1.352700
-1.996800
-4.573300
-12.947000
-11.014000
3.156200
2.512100
-1.996800
-0.064410
1.223800
-1.352700
-4.573300
-3.285000
-1.996800
-3.929100
-4.573300
-11.659000
-13.591000
0.579710
14.106000
12.174000
8.953300
1.868000
-1.996800
-6.505600
-1.996800
7.020900
12.174000
5.732700
-3.929100
3.800300
2.512100
-1.996800
16.683001
19.903000
16.683001
5.088600
-7.149800
-3.285000
1.868000
-9.082100
-2.640900
