-5.256400
6.282100
10.128000
5.641000
-28.333000
-3.333300
19.743999
12.051000
10.128000
-0.128210
-16.153999
-9.102600
16.538000
15.897000
-2.051300
-8.461500
-20.641001
3.717900
1.153800
2.435900
0.512820
-3.333300
-16.153999
0.512820
11.410000
8.205100
-0.128210
-18.077000
-9.102600
1.794900
-5.256400
1.794900
10.128000
-7.820500
10.769000
14.615000
2.435900
-7.179500
-2.051300
5.641000
6.923100
6.923100
-12.308000
-1.410300
6.923100
-9.102600
-2.051300
11.410000
5.641000
5.641000
3.717900
5.641000
-5.256400
-14.231000
-8.461500
-1.410300
6.923100
14.615000
12.051000
-2.692300
-9.102600
8.846200
3.717900
-9.743600
2.435900
18.462000
13.974000
-14.872000
-21.282000
4.359000
19.103001
8.846200
0.512820
-2.692300
-3.333300
-4.615400
0.512820
-2.051300
12.051000
11.410000
10.128000
5.641000
-11.026000
-18.718000
8.846200
25.513000
2.435900
-3.333300
-9.743600
-0.769230
1.794900
-9.102600
-3.974400
9.487200
7.564100
0.512820
10.128000
9.487200
-14.231000
-0.769230
-0.128210
1.153800
9.487200
12.692000
-4.615400
-13.590000
1.794900
10.128000
-9.743600
-12.949000
1.153800
6.923100
-13.590000
-13.590000
-0.128210
-0.769230
-0.128210
6.923100
-1.410300
-2.692300
-8.461500
1.794900
0.512820
2.435900
-7.820500
-5.256400
-9.743600
1.153800
17.179001
1.153800
10.769000
8.846200
-2.692300
0.512820
10.128000
13.333000
4.359000
-11.026000
-1.410300
-2.051300
-3.333300
8.205100
-9.102600
-1.410300
-0.769230
1.794900
5.000000
8.205100
-3.974400
9.487200
2.435900
8.846200
7.564100
5.641000
-5.897400
-9.102600
-16.795000
-7.179500
6.923100
3.717900
-11.026000
-15.513000
-3.974400
5.000000
7.564100
6.923100
0.512820
-19.358999
-14.872000
1.794900
-0.128210
5.000000
-3.333300
0.512820
-6.538500
-8.461500
-13.590000
-9.743600
-13.590000
-2.051300
10.128000
5.641000
4.359000
9.487200
4.359000
13.974000
15.256000
1.794900
2.435900
-7.179500
-13.590000
-10.385000
-0.128210
1.153800
-8.461500
-16.153999
-8.461500
-4.615400
-13.590000
0.512820
17.820999
6.282100
6.282100
5.000000
11.410000
3.076900
10.128000
10.128000
5.000000
5.000000
-7.179500
-12.308000
-7.179500
-25.128000
-30.896999
-12.949000
4.359000
2.435900
7.564100
3.076900
-3.333300
2.435900
19.103001
15.897000
6.282100
-6.538500
-0.769230
4.359000
13.974000
17.820999
9.487200
3.717900
4.359000
5.641000
-13.590000
-24.487000
6.923100
23.590000
12.051000
0.512820
1.794900
-6.538500
-2.051300
13.333000
8.205100
3.076900
-11.026000
-8.461500
-15.513000
-12.949000
5.000000
11.410000
-12.949000
-3.974400
6.923100
3.076900
4.359000
15.256000
19.103001
19.743999
21.667000
1.153800
-3.974400
-12.949000
4.359000
14.615000
8.846200
-0.128210
-14.231000
-12.308000
-4.615400
-9.743600
2.435900
11.410000
7.564100
5.641000
1.794900
3.717900
-7.820500
5.000000
-7.820500
-11.026000
-4.615400
-10.385000
-29.615000
-25.128000
1.153800
-3.333300
-7.179500
9.487200
-7.179500
-2.692300
12.051000
12.692000
15.897000
-3.974400
-2.051300
-7.179500
-11.026000
1.153800
-4.615400
-12.949000
-6.538500
-6.538500
-14.231000
-16.795000
-7.820500
15.897000
21.667000
9.487200
13.333000
1.794900
1.794900
12.051000
4.359000
-4.615400
-1.410300
-4.615400
-4.615400
-0.128210
8.846200
-8.461500
-3.974400
6.282100
5.641000
-4.615400
-8.461500
5.641000
15.897000
11.410000
3.717900
-0.769230
11.410000
12.692000
12.692000
-4.615400
9.487200
20.385000
1.794900
-6.538500
-7.179500
8.846200
10.769000
-2.692300
-10.385000
-16.153999
-20.641001
-0.769230
-0.128210
-18.077000
-2.692300
7.564100
6.282100
-3.974400
14.615000
11.410000
6.923100
5.000000
-3.974400
-11.026000
3.076900
6.282100
-1.410300
-14.872000
-2.051300
-11.667000
0.512820
19.103001
8.846200
1.153800
-3.974400
-5.256400
-7.179500
0.512820
15.256000
5.000000
-6.538500
-5.897400
8.205100
-13.590000
-10.385000
3.076900
8.205100
-17.436001
-2.692300
10.769000
-18.077000
-5.256400
3.076900
-17.436001
-7.820500
-3.974400
-9.743600
-6.538500
-2.692300
9.487200
12.692000
17.820999
11.410000
11.410000
-2.692300
3.717900
-0.769230
6.282100
19.743999
13.974000
15.897000
-7.820500
0.512820
12.692000
8.205100
1.794900
1.153800
-6.538500
3.717900
17.820999
12.051000
5.641000
-0.769230
-5.256400
-23.846001
-18.718000
-7.820500
3.717900
-1.410300
-5.256400
-5.897400
-4.615400
-0.769230
6.923100
-3.333300
-7.820500
-1.410300
1.153800
-6.538500
-3.333300
5.000000
-5.256400
-16.795000
-4.615400
2.435900
-1.410300
-13.590000
3.076900
10.769000
14.615000
-6.538500
3.076900
9.487200
-3.333300
1.794900
10.128000
-3.974400
-13.590000
-8.461500
11.410000
-3.333300
6.282100
11.410000
-2.692300
-9.743600
4.359000
3.717900
-1.410300
11.410000
9.487200
-15.513000
-7.179500
-5.256400
-10.385000
10.128000
10.769000
-4.615400
-18.077000
-14.231000
5.641000
0.512820
-3.974400
2.435900
7.564100
10.769000
-13.590000
0.512820
4.359000
0.512820
6.923100
8.205100
-11.667000
-9.102600
8.205100
-2.051300
-2.692300
-9.102600
-23.846001
0.512820
19.743999
7.564100
2.435900
1.153800
-9.102600
-16.153999
2.435900
22.948999
8.846200
8.205100
-10.385000
-2.692300
6.282100
-1.410300
12.051000
17.179001
-3.333300
-9.102600
-1.410300
-0.128210
-5.256400
-14.872000
-1.410300
4.359000
3.717900
-3.974400
5.000000
9.487200
-11.667000
5.000000
12.051000
-3.974400
-6.538500
-12.308000
-12.949000
-8.461500
8.846200
17.820999
5.641000
-4.615400
-1.410300
-24.487000
-0.769230
22.948999
15.897000
8.205100
-8.461500
-10.385000
2.435900
-5.256400
3.717900
1.153800
4.359000
4.359000
-9.743600
-8.461500
10.128000
15.256000
-8.461500
-5.256400
-5.897400
-3.974400
8.846200
12.051000
4.359000
0.512820
-13.590000
-6.538500
7.564100
8.846200
2.435900
11.410000
-3.974400
-2.051300
-5.897400
1.153800
5.641000
17.820999
22.308001
3.717900
-5.256400
-2.692300
4.359000
2.435900
4.359000
4.359000
0.512820
5.641000
-3.974400
-17.436001
-6.538500
-7.820500
10.769000
12.692000
-2.051300
-18.718000
-11.667000
5.000000
12.051000
7.564100
-4.615400
-5.897400
-2.692300
10.128000
8.205100
5.641000
9.487200
10.128000
5.641000
0.512820
6.923100
3.717900
-2.692300
2.435900
-0.128210
-1.410300
-2.692300
6.923100
9.487200
15.256000
-0.769230
-0.128210
-8.461500
-3.974400
-2.051300
0.512820
4.359000
-11.026000
-13.590000
1.794900
17.179001
8.846200
-0.128210
-8.461500
-2.051300
20.385000
24.231001
13.333000
7.564100
6.282100
-5.256400
-0.769230
-1.410300
5.000000
8.205100
3.717900
1.794900
-3.974400
-13.590000
-20.641001
-9.102600
-6.538500
2.435900
3.717900
3.717900
-2.692300
-18.077000
-13.590000
-7.820500
-5.897400
-0.128210
0.512820
0.512820
-9.102600
-9.102600
-2.692300
4.359000
-0.769230
-8.461500
-7.179500
-11.667000
3.717900
3.717900
-3.333300
-5.897400
2.435900
-3.333300
-7.179500
6.923100
11.410000
-0.128210
-5.897400
-11.667000
-9.743600
-16.153999
-5.897400
-0.128210
-3.333300
-8.461500
-4.615400
9.487200
8.205100
-14.872000
-21.923000
-12.308000
3.717900
1.794900
1.794900
-5.897400
-2.692300
-0.769230
-21.282000
-12.949000
6.923100
5.000000
-1.410300
-16.153999
-1.410300
-0.769230
-0.769230
12.051000
12.692000
17.179001
8.205100
-0.769230
-1.410300
-5.256400
9.487200
12.692000
3.076900
6.923100
9.487200
3.076900
-0.128210
-1.410300
-0.769230
0.512820
-1.410300
11.410000
15.897000
10.769000
9.487200
1.153800
-2.051300
-2.051300
-9.102600
4.359000
5.000000
2.435900
6.282100
-7.820500
-3.333300
-3.333300
1.153800
14.615000
10.128000
-2.692300
0.512820
-7.179500
-6.538500
1.794900
3.717900
8.846200
5.000000
5.641000
3.076900
-5.256400
-5.897400
-20.000000
6.923100
16.538000
13.333000
8.205100
-2.692300
-16.153999
-1.410300
12.692000
8.846200
-0.769230
-5.256400
1.153800
1.794900
8.205100
3.717900
0.512820
-3.333300
-0.128210
-1.410300
-5.256400
-0.128210
5.000000
12.051000
-11.667000
-12.308000
3.076900
8.205100
-1.410300
-2.051300
10.769000
-1.410300
-11.026000
-9.743600
2.435900
13.974000
-5.897400
-6.538500
-9.102600
-9.102600
-2.692300
6.923100
11.410000
4.359000
3.717900
-4.615400
-9.102600
8.205100
14.615000
10.769000
-0.769230
-5.897400
2.435900
-11.667000
-9.102600
5.000000
12.692000
11.410000
0.512820
2.435900
-13.590000
-20.000000
6.923100
15.897000
5.641000
-3.333300
-9.743600
-2.692300
-11.026000
2.435900
0.512820
-0.128210
5.641000
3.717900
6.282100
-1.410300
-8.461500
-7.820500
5.000000
4.359000
-0.128210
-5.897400
11.410000
13.333000
-3.333300
-11.026000
8.205100
13.333000
7.564100
-6.538500
1.153800
6.282100
-27.051001
-14.231000
10.128000
4.359000
1.794900
2.435900
-7.820500
-2.051300
-21.923000
-8.461500
10.769000
10.128000
-13.590000
-0.128210
7.564100
-16.153999
5.000000
15.897000
13.333000
7.564100
-10.385000
-25.768999
-1.410300
19.103001
9.487200
3.076900
-0.128210
-7.179500
-0.128210
-0.128210
5.000000
10.128000
-15.513000
-27.051001
13.974000
19.743999
6.282100
5.641000
-10.385000
-3.333300
-0.128210
-9.743600
-7.179500
-2.692300
4.359000
4.359000
10.128000
11.410000
6.923100
8.205100
9.487200
8.205100
1.794900
-5.256400
-0.128210
14.615000
-7.820500
-20.000000
3.076900
6.282100
-9.743600
-14.872000
-3.333300
8.205100
-7.179500
-11.667000
1.794900
1.794900
-0.769230
5.641000
9.487200
9.487200
12.692000
-4.615400
-21.282000
-5.256400
-9.743600
-6.538500
11.410000
12.692000
8.846200
14.615000
14.615000
22.308001
26.153999
22.308001
17.179001
1.153800
-1.410300
-6.538500
10.128000
26.153999
17.179001
11.410000
3.717900
-10.385000
-0.128210
8.205100
8.205100
-2.692300
-14.231000
-24.487000
-16.795000
1.794900
-10.385000
-7.820500
1.794900
-9.102600
-15.513000
-9.743600
-5.256400
-4.615400
-12.949000
-15.513000
-14.872000
-8.461500
-7.179500
-20.641001
-16.795000
-12.308000
-12.949000
-9.743600
3.076900
6.923100
5.641000
-7.179500
-17.436001
-2.051300
-3.974400
3.076900
16.538000
7.564100
-3.333300
-6.538500
10.128000
-0.128210
-6.538500
-3.333300
5.000000
7.564100
3.717900
1.794900
5.000000
-8.461500
-10.385000
1.153800
13.974000
2.435900
-11.026000
-6.538500
-3.974400
5.000000
22.308001
18.462000
7.564100
-2.051300
1.153800
7.564100
1.153800
-14.872000
-0.769230
10.769000
-2.692300
4.359000
12.692000
7.564100
1.794900
-2.692300
-8.461500
-16.153999
9.487200
17.179001
3.717900
4.359000
-2.051300
-16.153999
-10.385000
2.435900
-8.461500
