-1.206300
-1.841300
0.698410
1.333300
-0.571430
-1.841300
8.952400
10.857000
-6.920600
5.777800
10.222000
6.412700
-0.571430
5.142900
8.317500
3.238100
7.047600
7.047600
-5.015900
-2.476200
-1.206300
-3.746000
-1.206300
0.698410
1.968300
-1.206300
-2.476200
5.777800
4.507900
3.238100
-3.746000
-12.000000
-8.190500
-1.206300
-3.746000
-4.381000
2.603200
3.238100
-1.206300
-1.841300
-2.476200
-5.650800
5.142900
13.397000
3.238100
3.873000
3.873000
0.698410
1.333300
2.603200
-1.206300
-3.746000
-10.730000
-6.920600
7.047600
10.857000
5.142900
4.507900
2.603200
4.507900
3.873000
12.127000
7.682500
-7.555600
-3.111100
1.333300
0.063490
-10.095000
-1.206300
6.412700
8.952400
-0.571430
3.238100
-3.111100
4.507900
11.492000
6.412700
10.222000
8.317500
2.603200
-6.285700
1.968300
0.698410
-7.555600
-3.111100
-15.175000
-5.015900
0.698410
1.968300
8.317500
5.142900
6.412700
3.873000
2.603200
3.873000
7.047600
1.968300
0.063490
-25.333000
-5.650800
10.857000
-2.476200
-3.746000
-6.285700
-8.190500
-6.285700
-9.460300
10.222000
6.412700
-1.841300
1.968300
5.777800
5.777800
6.412700
1.968300
0.063490
-8.825400
3.238100
1.968300
-6.285700
-12.000000
-0.571430
8.317500
7.047600
1.333300
5.142900
7.047600
0.063490
-5.650800
-4.381000
-4.381000
0.698410
-18.349001
-10.095000
3.238100
2.603200
6.412700
7.682500
2.603200
-4.381000
-0.571430
7.682500
6.412700
-4.381000
3.238100
4.507900
-5.015900
1.968300
-1.206300
-4.381000
0.063490
-5.015900
0.063490
-0.571430
-5.015900
-0.571430
-0.571430
1.333300
2.603200
1.968300
7.682500
1.968300
-0.571430
-1.841300
-5.015900
-5.015900
-2.476200
-16.444000
-8.190500
7.047600
3.238100
-0.571430
-1.841300
-0.571430
-8.190500
-1.206300
5.777800
0.698410
1.968300
-0.571430
-8.190500
0.063490
2.603200
-6.285700
-7.555600
-3.746000
-4.381000
-8.825400
6.412700
10.857000
6.412700
-0.571430
0.698410
3.238100
-6.920600
1.333300
10.857000
4.507900
-6.920600
1.968300
7.047600
-1.206300
0.698410
2.603200
5.777800
-6.285700
-5.015900
-6.920600
5.777800
15.302000
1.968300
7.682500
13.397000
9.587300
7.047600
0.063490
2.603200
-3.746000
-10.730000
-18.349001
1.968300
7.682500
6.412700
5.142900
0.698410
-4.381000
-4.381000
-6.285700
-3.111100
-5.015900
-1.206300
3.873000
7.047600
5.142900
2.603200
-10.730000
-1.841300
4.507900
-0.571430
-0.571430
-4.381000
3.873000
1.333300
-1.206300
3.873000
1.968300
7.682500
4.507900
-1.206300
6.412700
14.032000
5.777800
8.952400
14.032000
5.142900
3.238100
-4.381000
-1.206300
-5.015900
-12.000000
-12.000000
-12.635000
-15.175000
-13.270000
-10.730000
-11.365000
-17.079000
-2.476200
5.142900
10.222000
12.762000
9.587300
2.603200
-4.381000
-1.206300
-6.285700
-2.476200
-3.746000
-11.365000
0.063490
8.317500
10.222000
8.317500
2.603200
5.777800
7.047600
1.968300
6.412700
2.603200
-2.476200
-18.983999
-16.444000
-1.841300
0.063490
2.603200
-2.476200
-1.206300
7.047600
3.238100
-0.571430
3.238100
2.603200
-8.825400
1.333300
-6.285700
-11.365000
-6.285700
-4.381000
-2.476200
6.412700
8.952400
4.507900
4.507900
9.587300
11.492000
8.317500
-6.920600
7.682500
10.222000
0.698410
-5.650800
-7.555600
-7.555600
-5.015900
1.333300
7.682500
4.507900
-2.476200
-3.746000
-1.841300
-12.000000
-3.746000
-5.015900
-10.095000
-6.920600
-10.095000
-15.175000
-15.810000
-16.444000
-13.905000
-9.460300
-12.000000
-6.920600
-6.920600
-1.206300
8.317500
8.952400
6.412700
7.047600
7.047600
4.507900
8.317500
12.127000
2.603200
8.317500
12.762000
6.412700
-2.476200
5.777800
7.682500
6.412700
8.952400
2.603200
0.698410
1.333300
4.507900
3.238100
-0.571430
-1.206300
-3.111100
-4.381000
5.777800
9.587300
5.142900
-3.111100
-6.285700
-9.460300
-13.270000
-15.810000
-15.810000
-13.905000
-5.650800
6.412700
2.603200
1.968300
5.142900
7.682500
12.762000
7.682500
7.047600
20.381001
17.841000
3.873000
5.777800
1.333300
-2.476200
-10.095000
-6.285700
-3.746000
1.968300
3.238100
-1.841300
-6.285700
10.222000
7.047600
12.762000
10.222000
0.698410
3.238100
-1.841300
-4.381000
-5.015900
-4.381000
-21.524000
-25.333000
-0.571430
-3.746000
-1.841300
7.047600
9.587300
9.587300
16.570999
14.032000
8.317500
3.873000
-1.206300
3.238100
-3.111100
1.968300
0.698410
-1.841300
-0.571430
-2.476200
0.063490
-3.746000
-6.285700
7.047600
0.698410
5.777800
0.698410
-8.190500
-2.476200
2.603200
-16.444000
-1.841300
9.587300
-2.476200
0.698410
10.857000
-1.206300
-4.381000
-3.111100
7.682500
11.492000
-1.841300
-5.015900
0.698410
13.397000
8.952400
-7.555600
7.047600
8.317500
6.412700
2.603200
-0.571430
8.952400
-17.079000
-3.111100
0.698410
-6.285700
0.063490
-1.206300
7.047600
1.333300
1.333300
11.492000
-12.000000
-4.381000
12.127000
5.142900
-3.746000
-8.825400
-2.476200
0.063490
-5.650800
-13.905000
-12.635000
0.698410
4.507900
0.063490
3.873000
3.873000
0.698410
-7.555600
-1.841300
7.682500
-10.095000
-9.460300
2.603200
-6.920600
-7.555600
1.333300
-5.650800
-5.015900
8.317500
4.507900
-5.650800
-9.460300
2.603200
11.492000
-0.571430
-10.095000
-5.015900
4.507900
7.047600
0.063490
-7.555600
-5.015900
8.317500
11.492000
3.873000
0.063490
1.333300
15.302000
10.857000
1.333300
-1.841300
-0.571430
-0.571430
1.333300
0.063490
3.873000
3.238100
1.968300
1.333300
-4.381000
-8.190500
-14.540000
8.317500
16.570999
-1.841300
-1.206300
1.968300
-1.841300
-17.079000
-6.920600
1.968300
-7.555600
2.603200
12.762000
2.603200
7.047600
-8.190500
2.603200
4.507900
-1.841300
-8.190500
-1.206300
-0.571430
-3.746000
-2.476200
-8.825400
-3.111100
-1.206300
4.507900
-5.015900
-5.650800
7.047600
3.873000
8.952400
8.952400
5.142900
1.968300
-8.825400
-10.095000
-25.968000
-15.810000
6.412700
8.317500
1.968300
1.333300
-1.206300
0.063490
-3.111100
6.412700
11.492000
-0.571430
-10.095000
7.047600
9.587300
7.682500
7.682500
-5.015900
-13.270000
-5.650800
0.698410
-1.206300
4.507900
8.317500
6.412700
4.507900
2.603200
7.047600
6.412700
0.698410
1.968300
10.857000
7.047600
20.381001
13.397000
0.063490
2.603200
-5.015900
-8.825400
-5.015900
-0.571430
-1.841300
-10.730000
3.873000
20.381001
15.302000
7.682500
1.333300
1.333300
6.412700
3.238100
0.063490
5.777800
4.507900
-6.285700
-4.381000
3.238100
2.603200
-8.190500
-6.920600
-0.571430
-1.206300
0.698410
2.603200
-1.841300
-2.476200
-9.460300
-5.015900
0.698410
-4.381000
-6.285700
-2.476200
-3.111100
2.603200
7.682500
0.063490
-6.285700
-12.635000
-3.746000
2.603200
-3.111100
-5.650800
1.968300
-6.920600
-3.111100
-3.111100
-3.746000
-20.889000
-15.175000
-0.571430
8.317500
10.222000
0.063490
-7.555600
-2.476200
-1.841300
-10.095000
-8.825400
-12.635000
-6.285700
0.063490
-0.571430
-3.111100
-2.476200
-12.635000
-4.381000
5.777800
-6.920600
-3.111100
7.047600
3.873000
-4.381000
-5.015900
-12.635000
-5.015900
7.682500
4.507900
-8.825400
-2.476200
0.063490
-3.746000
-2.476200
-10.095000
-0.571430
8.952400
10.857000
2.603200
-6.285700
5.777800
-0.571430
2.603200
11.492000
6.412700
3.873000
5.777800
2.603200
0.063490
-5.650800
1.968300
0.063490
5.142900
4.507900
2.603200
10.222000
0.698410
-1.206300
-4.381000
-5.650800
-7.555600
-27.872999
-10.095000
7.047600
5.777800
7.682500
6.412700
1.333300
0.063490
-4.381000
-5.015900
-4.381000
-7.555600
12.127000
7.682500
-1.206300
7.682500
-3.111100
-6.285700
-1.206300
7.047600
-6.920600
0.063490
2.603200
-1.841300
6.412700
4.507900
1.968300
7.682500
7.047600
-1.841300
-8.190500
-6.920600
-1.841300
10.222000
12.762000
-0.571430
5.777800
9.587300
-2.476200
-4.381000
7.047600
8.317500
-0.571430
1.333300
2.603200
7.047600
6.412700
-11.365000
-7.555600
7.047600
6.412700
9.587300
3.873000
-2.476200
-4.381000
5.142900
7.682500
0.698410
-1.841300
2.603200
3.873000
4.507900
-7.555600
-5.015900
0.698410
5.777800
1.333300
0.698410
-1.841300
2.603200
-1.206300
-1.841300
3.238100
5.142900
5.777800
1.968300
3.238100
-13.905000
-13.270000
1.333300
5.777800
3.238100
-0.571430
5.777800
-1.841300
1.968300
6.412700
-0.571430
8.952400
5.777800
-13.905000
-0.571430
7.047600
3.238100
-3.111100
-6.285700
0.698410
-2.476200
0.063490
1.968300
-3.746000
5.142900
3.238100
2.603200
-6.920600
0.698410
-3.111100
-3.111100
1.333300
-1.841300
-4.381000
-8.190500
0.063490
0.063490
-6.285700
-3.746000
-5.015900
-2.476200
-5.015900
9.587300
12.762000
3.238100
-4.381000
-6.920600
-1.206300
1.333300
4.507900
-8.825400
-9.460300
3.238100
3.238100
2.603200
4.507900
3.238100
-9.460300
-3.746000
6.412700
-3.746000
6.412700
11.492000
3.873000
1.333300
2.603200
0.063490
1.333300
5.142900
-8.825400
-4.381000
13.397000
9.587300
1.968300
-1.841300
-3.111100
-3.111100
-7.555600
4.507900
-9.460300
-12.635000
8.952400
12.762000
5.777800
-0.571430
-1.206300
1.968300
1.968300
3.873000
-17.714001
-8.825400
3.873000
0.698410
8.952400
7.047600
5.777800
1.333300
1.333300
-5.650800
-14.540000
4.507900
14.032000
5.777800
3.238100
5.777800
1.333300
2.603200
-0.571430
-0.571430
14.032000
5.777800
-8.825400
-10.730000
0.063490
5.777800
-3.111100
1.333300
3.873000
0.698410
8.952400
14.032000
8.952400
7.047600
1.333300
-16.444000
-8.190500
4.507900
-5.015900
-3.111100
-0.571430
-3.746000
6.412700
14.032000
11.492000
12.762000
15.302000
13.397000
0.063490
8.317500
7.047600
2.603200
3.238100
-5.015900
8.952400
12.762000
8.317500
2.603200
1.333300
1.333300
1.968300
-0.571430
-13.270000
-13.270000
-10.730000
-10.095000
-10.095000
-9.460300
-7.555600
-8.190500
-13.270000
-7.555600
-2.476200
-12.635000
-12.635000
-8.190500
-20.889000
-5.015900
-1.206300
-16.444000
-6.920600
2.603200
-2.476200
-6.285700
-9.460300
-6.920600
0.698410
3.238100
0.063490
-1.206300
-5.015900
3.873000
5.142900
1.333300
6.412700
4.507900
-1.206300
1.333300
3.873000
5.142900
-3.111100
-1.206300
-3.111100
5.777800
7.047600
0.063490
0.063490
-5.650800
-2.476200
2.603200
-1.206300
-10.095000
0.698410
3.873000
-17.714001
-2.476200
7.682500
1.333300
0.063490
-0.571430
-6.920600
-9.460300
-0.571430
5.777800
4.507900
12.127000
1.968300
-3.111100
-12.000000
-9.460300
0.063490
-0.571430
-0.571430
-12.635000
