2.589000
5.178000
7.767000
8.414200
1.294500
-5.825200
-3.236200
5.825200
-9.061500
-16.181000
-2.589000
5.825200
11.650000
-1.941700
-7.767000
-1.294500
4.530700
7.119700
20.065001
25.889999
9.708700
6.472500
12.298000
1.294500
-5.825200
-5.825200
3.883500
-2.589000
-2.589000
7.119700
9.708700
8.414200
12.298000
16.827999
-0.647250
-13.592000
4.530700
10.356000
-7.767000
-7.119700
1.941700
-3.236200
-0.647250
3.883500
-5.825200
5.178000
21.358999
14.239000
13.592000
1.294500
4.530700
13.592000
12.945000
1.294500
0.000000
-3.236200
-16.827999
4.530700
3.883500
-8.414200
-1.941700
-16.181000
-3.883500
0.647250
5.178000
12.945000
2.589000
-3.883500
-14.239000
-2.589000
14.239000
18.122999
2.589000
-13.592000
-11.650000
-11.650000
-0.647250
-12.945000
-18.122999
1.294500
7.767000
6.472500
1.294500
5.825200
4.530700
-20.712000
-19.417000
-5.178000
-14.887000
-11.650000
-1.294500
-4.530700
-3.236200
-1.941700
-16.181000
-11.650000
5.178000
-5.825200
-11.003000
-3.883500
-16.181000
-7.767000
-1.941700
6.472500
16.827999
5.178000
1.941700
3.883500
7.119700
11.003000
4.530700
-1.294500
8.414200
11.650000
9.061500
-1.941700
1.941700
16.181000
8.414200
-14.887000
-8.414200
5.825200
-1.941700
-18.122999
-17.476000
-15.534000
-3.236200
1.941700
1.294500
0.000000
6.472500
2.589000
-0.647250
11.650000
2.589000
-5.825200
-7.119700
-1.294500
0.647250
0.000000
9.708700
9.708700
1.941700
1.941700
-5.178000
-14.239000
-5.825200
12.298000
12.945000
11.003000
2.589000
8.414200
5.825200
-2.589000
0.000000
0.647250
4.530700
0.000000
-10.356000
-13.592000
-7.119700
-7.119700
-16.181000
4.530700
20.065001
12.945000
1.941700
-11.650000
0.000000
-11.003000
-22.653999
-0.647250
9.061500
1.294500
-5.178000
-8.414200
3.883500
15.534000
23.948000
15.534000
1.294500
0.000000
-3.883500
-3.883500
3.236200
9.061500
6.472500
6.472500
-5.178000
-4.530700
2.589000
1.941700
13.592000
16.181000
11.003000
11.003000
-6.472500
-11.003000
-14.239000
-3.236200
11.650000
14.239000
12.945000
5.178000
7.767000
6.472500
-5.825200
-7.119700
-0.647250
3.883500
-3.883500
-8.414200
-22.006001
-10.356000
-10.356000
0.647250
18.122999
12.945000
8.414200
-4.530700
4.530700
8.414200
-10.356000
-9.708700
1.294500
-3.883500
-1.294500
5.825200
-0.647250
-7.119700
-2.589000
1.294500
7.119700
14.887000
10.356000
7.767000
0.647250
-9.061500
-9.061500
-11.003000
3.236200
11.650000
5.825200
-9.061500
-14.239000
1.941700
-15.534000
-23.948000
-9.708700
1.294500
0.647250
5.178000
5.825200
-3.883500
-7.767000
0.000000
10.356000
4.530700
1.941700
13.592000
2.589000
-4.530700
-3.236200
0.647250
3.236200
-1.294500
-3.883500
-9.061500
2.589000
21.358999
3.883500
4.530700
1.941700
0.000000
9.708700
-3.883500
-7.119700
-3.883500
-0.647250
8.414200
-1.941700
1.941700
-5.825200
2.589000
11.003000
5.825200
0.000000
11.650000
-7.119700
-15.534000
5.825200
0.000000
-8.414200
-0.647250
-1.941700
0.000000
-3.883500
-19.417000
-27.184000
-14.887000
1.294500
15.534000
18.122999
5.825200
-3.883500
-14.887000
1.294500
21.358999
17.476000
5.178000
-9.061500
-12.945000
-8.414200
12.298000
14.239000
4.530700
-3.883500
-22.006001
-22.653999
4.530700
20.712000
10.356000
4.530700
0.647250
-9.061500
-3.883500
-3.236200
4.530700
12.298000
0.647250
-3.883500
-10.356000
-0.647250
14.239000
-4.530700
-6.472500
-0.647250
0.647250
-5.825200
-15.534000
-1.294500
-0.647250
-5.825200
-2.589000
2.589000
7.119700
-9.061500
-7.119700
7.119700
-17.476000
-11.650000
8.414200
5.178000
-5.178000
-11.003000
-2.589000
-3.236200
12.298000
9.708700
-1.941700
7.119700
-1.941700
-0.647250
-4.530700
9.708700
14.887000
-11.003000
1.941700
12.298000
-7.119700
-22.006001
-7.767000
5.178000
5.825200
12.298000
12.945000
1.941700
-9.061500
2.589000
16.181000
15.534000
10.356000
-1.941700
-10.356000
-16.827999
-1.941700
5.178000
9.061500
7.767000
1.941700
2.589000
-5.178000
-10.356000
0.647250
7.767000
3.883500
13.592000
16.827999
5.178000
-9.061500
-9.708700
-11.650000
5.825200
6.472500
5.178000
2.589000
3.883500
1.294500
-0.647250
-4.530700
0.000000
14.887000
1.941700
-15.534000
4.530700
12.945000
-6.472500
-3.236200
1.294500
1.294500
2.589000
0.647250
-9.708700
-4.530700
6.472500
5.825200
9.061500
1.941700
-3.883500
3.236200
1.294500
-2.589000
1.294500
3.236200
5.825200
1.294500
-10.356000
-15.534000
-3.883500
-1.294500
-8.414200
-7.119700
-16.827999
3.236200
12.298000
14.239000
8.414200
5.825200
-14.239000
-12.298000
4.530700
19.417000
-0.647250
-5.178000
-2.589000
-11.650000
-15.534000
-20.065001
-7.119700
2.589000
11.650000
13.592000
15.534000
10.356000
-3.883500
-5.825200
-7.119700
-7.767000
7.767000
5.178000
-8.414200
-12.298000
-5.825200
1.294500
-4.530700
-7.767000
7.767000
4.530700
-2.589000
6.472500
8.414200
9.061500
7.767000
7.767000
-14.239000
-20.065001
-6.472500
1.294500
3.883500
-2.589000
-14.239000
-7.767000
3.883500
8.414200
23.301001
14.887000
0.000000
-1.294500
3.236200
4.530700
-5.825200
-1.941700
-7.119700
0.647250
-1.294500
-1.941700
8.414200
2.589000
0.647250
11.003000
7.119700
3.236200
4.530700
0.647250
-1.294500
3.883500
4.530700
7.119700
-5.825200
-12.298000
-16.827999
-12.945000
0.000000
11.003000
2.589000
-5.178000
-1.941700
-7.767000
-6.472500
7.119700
16.827999
8.414200
-3.883500
-9.708700
-5.825200
-7.767000
-5.825200
14.887000
16.827999
9.708700
5.825200
-0.647250
-5.825200
-8.414200
-8.414200
12.298000
20.065001
5.825200
0.647250
-0.647250
-3.236200
-0.647250
5.825200
7.767000
10.356000
-1.941700
-0.647250
-2.589000
-7.119700
-12.945000
-16.181000
1.294500
17.476000
-4.530700
-6.472500
2.589000
8.414200
-9.061500
-4.530700
7.767000
1.294500
-14.887000
0.000000
7.119700
0.000000
-7.119700
-12.298000
-2.589000
16.827999
14.239000
-3.883500
-3.883500
3.236200
7.767000
1.294500
-22.653999
-12.945000
0.000000
-1.294500
9.708700
15.534000
7.119700
-7.119700
-8.414200
8.414200
2.589000
1.941700
6.472500
5.178000
0.000000
-17.476000
-11.650000
15.534000
11.003000
0.000000
-1.294500
-2.589000
-10.356000
-11.003000
1.941700
-2.589000
-1.294500
1.294500
3.236200
7.767000
-2.589000
0.000000
-9.708700
-1.294500
1.294500
1.294500
6.472500
-0.647250
5.178000
-7.767000
-4.530700
11.003000
-1.941700
7.119700
0.647250
-14.239000
-0.647250
5.825200
-3.236200
-0.647250
1.941700
-9.061500
-1.941700
3.236200
-5.825200
-9.708700
-5.178000
8.414200
16.827999
3.236200
-4.530700
3.236200
-1.941700
-11.650000
-15.534000
-8.414200
-6.472500
1.941700
5.825200
6.472500
-3.236200
-7.767000
13.592000
22.006001
21.358999
12.298000
-2.589000
-25.243000
-20.712000
0.647250
12.298000
14.887000
1.294500
-7.119700
1.294500
4.530700
12.298000
-6.472500
-4.530700
0.647250
-1.941700
-7.767000
-7.119700
-13.592000
-0.647250
4.530700
-6.472500
5.178000
5.825200
-2.589000
7.767000
6.472500
-3.883500
-1.941700
5.178000
-12.298000
-4.530700
-7.119700
-5.178000
-1.294500
-4.530700
-0.647250
-5.825200
-9.708700
5.825200
3.883500
3.236200
11.650000
16.827999
3.236200
7.767000
16.181000
9.708700
0.000000
-0.647250
-8.414200
-18.122999
1.294500
13.592000
16.181000
14.887000
6.472500
7.119700
-2.589000
-9.061500
-5.178000
-0.647250
-11.003000
-16.181000
-11.650000
-14.239000
12.945000
27.832001
11.650000
19.417000
12.945000
6.472500
5.178000
6.472500
1.941700
-9.708700
-3.236200
-1.941700
-14.887000
-16.181000
-5.178000
1.941700
3.883500
-3.236200
-17.476000
-12.945000
1.294500
13.592000
13.592000
-6.472500
-18.122999
-9.708700
0.000000
5.178000
5.825200
-6.472500
0.000000
1.941700
-1.294500
0.000000
-2.589000
5.825200
5.825200
-1.941700
-15.534000
-8.414200
7.119700
11.003000
8.414200
-4.530700
-9.061500
-0.647250
11.003000
1.941700
-10.356000
-18.770000
-23.301001
-8.414200
15.534000
8.414200
5.178000
14.239000
11.003000
-5.825200
-9.708700
-1.294500
1.941700
-7.119700
-8.414200
3.236200
1.941700
-1.941700
-1.941700
-14.239000
-8.414200
-8.414200
-9.061500
7.767000
9.708700
9.708700
-9.061500
-10.356000
7.119700
5.825200
-1.294500
0.647250
-2.589000
-3.883500
-7.119700
4.530700
14.239000
9.708700
1.294500
-3.883500
-10.356000
9.061500
15.534000
-2.589000
-4.530700
-1.294500
1.294500
4.530700
-23.948000
-20.065001
1.941700
9.708700
12.298000
-3.236200
7.767000
17.476000
10.356000
2.589000
-6.472500
-6.472500
1.294500
-5.825200
-0.647250
5.178000
-4.530700
-9.708700
1.941700
10.356000
0.647250
1.294500
-1.294500
3.236200
9.061500
2.589000
7.119700
10.356000
-2.589000
-4.530700
11.650000
5.825200
-3.236200
7.767000
7.119700
0.000000
-0.647250
8.414200
-7.767000
-7.119700
7.119700
3.236200
0.647250
8.414200
7.767000
5.178000
-1.294500
-1.941700
-1.294500
2.589000
6.472500
13.592000
16.181000
0.000000
-5.178000
-3.883500
7.119700
5.825200
-1.941700
-1.294500
-7.767000
-9.061500
-8.414200
-7.767000
7.119700
9.061500
-6.472500
-3.883500
3.236200
12.945000
-3.883500
-1.294500
9.708700
5.825200
-10.356000
-6.472500
-7.119700
-4.530700
-6.472500
-13.592000
-7.119700
4.530700
-1.294500
-4.530700
7.119700
5.825200
-3.883500
-5.825200
1.941700
-0.647250
-0.647250
0.000000
-18.770000
1.941700
0.000000
-14.239000
-1.941700
0.647250
1.941700
9.061500
0.000000
-3.883500
-3.236200
9.061500
-2.589000
-9.708700
-4.530700
2.589000
1.941700
-8.414200
4.530700
-0.647250
-7.767000
6.472500
9.061500
7.767000
0.647250
-1.941700
-5.178000
-3.883500
1.294500
-4.530700
3.236200
8.414200
1.941700
-1.294500
1.294500
3.236200
0.647250
11.003000
11.650000
7.119700
12.945000
9.061500
11.003000
9.061500
-7.767000
-18.122999
-10.356000
-3.236200
3.883500
3.236200
-1.941700
3.883500
7.767000
5.825200
8.414200
1.941700
1.294500
4.530700
5.178000
0.647250
-3.236200
-10.356000
-5.178000
0.000000
-6.472500
-14.887000
-3.883500
3.883500
10.356000
13.592000
18.770000
18.770000
0.647250
-13.592000
-2.589000
5.178000
4.530700
-1.294500
-9.061500
-12.298000
-7.767000
-11.650000
-18.770000
-14.887000
0.647250
6.472500
0.647250
0.000000
10.356000
11.003000
1.941700
-7.767000
-6.472500
0.000000
-0.647250
-12.298000
-17.476000
0.647250
1.941700
1.941700
16.827999
21.358999
16.181000
5.178000
-11.650000
0.000000
5.178000
12.298000
19.417000
17.476000
