-3.921600
-4.575200
-1.307200
1.307200
1.307200
3.921600
6.535900
11.765000
7.189500
3.268000
4.575200
3.921600
5.882400
-1.307200
0.000000
5.882400
0.653590
1.307200
7.189500
3.268000
0.653590
3.921600
9.803900
6.535900
0.000000
-5.882400
-1.307200
-0.653590
-0.653590
0.000000
1.960800
9.803900
7.843100
0.653590
-5.882400
-4.575200
-5.882400
-11.765000
-9.150300
-9.150300
-11.111000
-6.535900
0.653590
3.921600
3.921600
2.614400
4.575200
7.189500
4.575200
0.000000
3.268000
0.000000
-1.960800
-7.843100
-9.803900
-8.496700
-3.921600
-2.614400
-7.843100
-5.228800
-5.882400
1.960800
3.921600
0.653590
3.921600
4.575200
1.960800
1.307200
-3.921600
1.307200
-0.653590
-4.575200
-1.960800
1.960800
7.843100
7.189500
1.960800
5.882400
3.268000
0.000000
2.614400
4.575200
5.882400
0.000000
-1.960800
-2.614400
0.653590
2.614400
-2.614400
-3.921600
-4.575200
-7.189500
-8.496700
-9.803900
-4.575200
-1.960800
-5.228800
-2.614400
0.000000
-3.268000
1.960800
7.843100
11.765000
10.458000
9.150300
3.921600
1.307200
-0.653590
-2.614400
-1.307200
0.653590
5.882400
7.843100
6.535900
4.575200
1.960800
-1.307200
-4.575200
-7.189500
-7.189500
-3.921600
-3.268000
-2.614400
-1.960800
3.921600
0.000000
1.307200
-1.307200
-2.614400
-3.921600
-4.575200
-3.921600
-1.307200
3.268000
1.307200
-1.307200
-1.960800
-4.575200
-5.228800
0.653590
6.535900
3.921600
2.614400
1.307200
0.653590
1.307200
2.614400
3.268000
2.614400
-2.614400
-1.960800
-0.653590
2.614400
6.535900
2.614400
-3.268000
0.653590
5.882400
8.496700
7.189500
1.307200
-0.653590
1.307200
4.575200
4.575200
2.614400
-3.268000
-5.882400
-3.921600
-3.921600
-1.307200
1.307200
0.653590
-3.921600
0.000000
1.960800
3.921600
3.921600
-3.268000
-4.575200
-2.614400
-5.882400
-7.843100
-6.535900
-6.535900
-12.418000
-9.150300
-8.496700
-11.111000
-11.765000
-8.496700
-5.882400
-9.150300
-6.535900
1.960800
5.228800
5.882400
-1.960800
-8.496700
-3.921600
2.614400
2.614400
1.960800
0.653590
-1.960800
-0.653590
-0.653590
3.268000
-0.653590
-1.307200
-0.653590
-2.614400
-4.575200
-6.535900
-3.268000
0.653590
3.921600
12.418000
15.686000
15.033000
12.418000
5.228800
2.614400
7.189500
11.765000
13.725000
11.111000
11.111000
8.496700
3.921600
3.268000
5.882400
5.228800
5.228800
3.268000
1.307200
-1.960800
-3.921600
1.307200
6.535900
7.189500
4.575200
1.307200
7.189500
5.228800
-1.307200
-4.575200
-1.307200
-0.653590
0.000000
9.150300
15.033000
11.765000
8.496700
2.614400
1.307200
3.268000
-1.307200
-3.268000
-5.228800
-8.496700
-7.843100
-10.458000
-5.228800
-5.882400
-7.843100
-3.268000
-1.307200
-1.307200
-3.921600
-4.575200
1.960800
3.921600
-3.921600
-3.268000
-3.268000
3.921600
3.268000
3.921600
3.268000
0.653590
0.000000
-9.150300
-10.458000
-5.882400
-1.960800
-0.653590
4.575200
9.803900
1.960800
-2.614400
-1.307200
1.307200
0.653590
-5.228800
-7.843100
-5.882400
-7.843100
-7.843100
-5.882400
-6.535900
-0.653590
2.614400
0.000000
-2.614400
0.000000
5.228800
1.307200
0.653590
1.307200
0.653590
-1.960800
-3.921600
1.960800
0.653590
-3.268000
-3.921600
-2.614400
-3.268000
-6.535900
-5.882400
-7.843100
-11.111000
-9.803900
-5.882400
-3.268000
1.307200
4.575200
1.307200
-2.614400
1.960800
6.535900
14.379000
15.033000
8.496700
4.575200
-0.653590
-5.882400
-8.496700
-4.575200
-1.960800
-6.535900
-4.575200
2.614400
6.535900
4.575200
2.614400
3.268000
3.268000
3.268000
2.614400
7.843100
7.189500
8.496700
7.189500
3.921600
3.268000
5.228800
2.614400
3.268000
1.307200
3.268000
0.000000
-0.653590
3.268000
-0.653590
-0.653590
5.228800
3.921600
-2.614400
-7.189500
-5.882400
0.000000
-0.653590
1.307200
0.000000
3.921600
6.535900
3.921600
3.921600
5.882400
7.843100
7.189500
0.653590
-1.960800
1.307200
-3.921600
-3.268000
-3.921600
-3.921600
-5.228800
-6.535900
1.307200
6.535900
4.575200
-0.653590
-1.307200
0.000000
-2.614400
-0.653590
1.960800
0.653590
-2.614400
-1.960800
1.307200
-1.960800
-3.921600
-0.653590
-1.960800
-3.921600
0.653590
1.307200
3.268000
6.535900
5.228800
3.268000
3.921600
5.228800
3.921600
3.268000
3.268000
1.307200
1.960800
2.614400
5.228800
7.189500
5.228800
0.000000
-3.268000
-1.307200
2.614400
3.921600
-2.614400
-5.882400
-1.307200
-3.921600
-6.535900
0.000000
3.921600
2.614400
-2.614400
-2.614400
-1.960800
-5.882400
-10.458000
-5.882400
-7.843100
-3.268000
7.843100
8.496700
9.150300
3.921600
-1.960800
-5.228800
-8.496700
-5.882400
-2.614400
-0.653590
-1.307200
-1.307200
3.268000
-4.575200
-6.535900
-7.843100
-11.765000
-3.268000
-3.268000
-3.268000
6.535900
-1.307200
-7.189500
-3.921600
-3.268000
-4.575200
0.000000
0.653590
1.960800
-5.228800
-9.803900
-1.960800
5.228800
4.575200
6.535900
7.189500
7.843100
3.921600
1.307200
-0.653590
-3.921600
-1.960800
-1.307200
-3.921600
-0.653590
1.960800
6.535900
3.921600
4.575200
5.228800
8.496700
3.268000
-0.653590
-3.921600
-0.653590
0.000000
-2.614400
0.000000
1.307200
1.960800
4.575200
2.614400
1.960800
-5.882400
-6.535900
-2.614400
-3.921600
3.921600
8.496700
5.882400
2.614400
1.307200
2.614400
4.575200
3.921600
0.653590
-2.614400
0.000000
7.843100
5.882400
0.000000
-0.653590
-1.960800
0.653590
-1.960800
1.307200
1.960800
-3.268000
0.653590
-1.960800
-10.458000
-8.496700
-5.882400
-5.882400
0.000000
7.189500
10.458000
11.111000
16.993000
15.033000
5.882400
2.614400
-3.268000
-9.803900
-11.111000
-5.882400
-4.575200
-0.653590
0.653590
-3.921600
4.575200
5.228800
-0.653590
-0.653590
1.307200
3.268000
1.307200
6.535900
6.535900
4.575200
2.614400
-2.614400
-3.268000
-9.150300
-8.496700
-8.496700
-8.496700
-5.882400
-1.307200
-1.307200
-1.307200
1.307200
1.960800
7.843100
9.150300
1.960800
-3.268000
-4.575200
-5.228800
1.960800
0.653590
-3.921600
-0.653590
-2.614400
-3.921600
-3.268000
3.921600
-1.307200
-3.921600
3.921600
15.686000
17.646999
4.575200
3.268000
2.614400
-5.228800
-6.535900
-5.882400
-4.575200
-9.803900
-7.189500
-1.960800
3.268000
8.496700
7.843100
3.921600
5.882400
5.882400
5.228800
3.268000
0.000000
1.307200
-0.653590
-1.307200
-5.228800
-8.496700
-7.843100
-6.535900
-1.307200
-8.496700
-6.535900
1.960800
0.000000
-1.960800
-1.307200
1.960800
0.653590
2.614400
-1.960800
-5.228800
3.268000
-3.921600
-12.418000
-9.803900
-7.843100
-0.653590
-1.307200
-3.268000
4.575200
5.228800
7.843100
6.535900
2.614400
1.960800
2.614400
-0.653590
-8.496700
-9.803900
-1.960800
-2.614400
-2.614400
4.575200
4.575200
2.614400
1.307200
3.921600
0.653590
1.960800
2.614400
6.535900
9.150300
8.496700
6.535900
9.803900
7.189500
-1.960800
-7.189500
-7.843100
-5.882400
-3.268000
-5.228800
-1.307200
2.614400
1.960800
5.228800
5.228800
7.843100
9.150300
3.268000
-0.653590
-0.653590
-7.843100
-9.803900
-3.921600
2.614400
1.960800
1.960800
3.921600
6.535900
4.575200
-1.307200
-0.653590
-2.614400
-5.228800
-2.614400
3.268000
3.268000
0.000000
1.307200
-3.921600
-0.653590
5.882400
4.575200
3.921600
5.228800
6.535900
8.496700
11.111000
12.418000
7.843100
1.960800
0.000000
-1.307200
2.614400
-1.307200
-3.268000
2.614400
2.614400
4.575200
7.843100
14.379000
15.686000
11.765000
1.960800
-1.960800
-5.882400
-5.228800
-4.575200
-13.725000
-11.111000
-5.882400
-9.150300
-9.803900
-8.496700
-5.882400
4.575200
7.843100
3.268000
4.575200
5.228800
3.921600
-1.960800
-3.921600
-4.575200
-4.575200
-6.535900
-9.150300
-8.496700
-9.803900
-9.150300
-10.458000
-5.882400
5.228800
6.535900
11.111000
14.379000
11.765000
8.496700
1.960800
1.307200
4.575200
1.960800
2.614400
-2.614400
-6.535900
-6.535900
-10.458000
-4.575200
-4.575200
-2.614400
10.458000
11.111000
8.496700
7.189500
7.843100
4.575200
-2.614400
-3.268000
-1.307200
-13.725000
-14.379000
-6.535900
-9.150300
-3.268000
-3.921600
-4.575200
-0.653590
2.614400
1.307200
3.268000
2.614400
3.268000
5.228800
3.268000
1.307200
-5.882400
-11.111000
-9.803900
-15.033000
-15.033000
-9.150300
-8.496700
-7.189500
-5.228800
-4.575200
-6.535900
-1.960800
1.307200
-1.307200
0.653590
5.228800
1.307200
3.921600
4.575200
-1.307200
-6.535900
-6.535900
-1.307200
-2.614400
-6.535900
-5.228800
-4.575200
0.000000
7.843100
8.496700
11.765000
5.882400
-0.653590
3.921600
7.843100
7.843100
7.189500
4.575200
5.228800
4.575200
1.307200
3.268000
-3.921600
-8.496700
-5.882400
-3.268000
-4.575200
-9.150300
-3.268000
-1.307200
3.921600
5.228800
1.307200
6.535900
11.111000
9.803900
12.418000
6.535900
1.307200
5.228800
2.614400
-0.653590
-3.268000
-5.228800
-7.189500
-3.921600
-1.307200
-3.921600
-2.614400
1.960800
7.189500
5.882400
6.535900
5.882400
9.150300
11.111000
4.575200
3.268000
0.653590
0.000000
-0.653590
0.000000
0.000000
1.960800
3.921600
1.960800
2.614400
3.921600
7.189500
5.882400
3.268000
3.921600
3.268000
-1.960800
-1.307200
-0.653590
-2.614400
-3.921600
-5.882400
-1.960800
-1.307200
-8.496700
-11.111000
-11.111000
-0.653590
-2.614400
-5.882400
1.307200
2.614400
2.614400
7.843100
9.150300
3.921600
4.575200
7.189500
7.843100
4.575200
-0.653590
-1.960800
-0.653590
0.653590
4.575200
5.882400
3.921600
-5.882400
-4.575200
3.268000
3.921600
3.268000
5.882400
3.921600
3.268000
0.000000
-6.535900
-7.843100
-5.882400
-5.228800
-1.960800
-3.268000
-1.960800
-6.535900
-3.268000
-1.307200
-2.614400
0.000000
-3.268000
-4.575200
5.228800
3.921600
-2.614400
1.960800
5.228800
4.575200
1.307200
4.575200
4.575200
-3.921600
-7.843100
-3.921600
5.228800
2.614400
1.960800
5.882400
11.111000
3.268000
-3.268000
-1.960800
4.575200
2.614400
-3.268000
-1.307200
1.960800
-3.921600
-8.496700
-11.765000
-7.189500
-5.228800
-4.575200
-1.960800
11.111000
15.033000
22.875999
18.954000
11.765000
10.458000
4.575200
3.268000
-7.189500
-10.458000
-8.496700
-4.575200
3.921600
3.921600
1.960800
6.535900
-1.960800
-1.960800
0.653590
3.268000
5.228800
5.228800
3.268000
3.921600
1.960800
2.614400
4.575200
1.307200
-0.653590
0.653590
-0.653590
1.307200
-3.268000
-9.150300
-9.803900
-8.496700
-6.535900
-3.921600
-2.614400
-0.653590
-3.921600
-2.614400
