0.126980
2.031700
2.031700
1.079400
1.079400
-0.825400
-6.539700
-14.159000
-22.730000
-23.683001
-17.016001
-10.349000
-7.492100
-6.539700
-5.587300
-7.492100
-7.492100
-4.634900
-5.587300
-6.539700
-8.444400
-10.349000
-11.302000
-11.302000
-12.254000
-11.302000
-12.254000
-10.349000
-6.539700
-2.730200
2.984100
2.031700
2.031700
2.984100
2.984100
2.031700
0.126980
0.126980
2.031700
3.936500
5.841300
4.888900
3.936500
1.079400
-0.825400
0.126980
2.031700
2.984100
2.984100
1.079400
-0.825400
-0.825400
1.079400
1.079400
2.984100
7.746000
8.698400
4.888900
2.984100
2.984100
1.079400
0.126980
0.126980
1.079400
2.031700
1.079400
2.984100
3.936500
2.031700
3.936500
6.793700
7.746000
4.888900
0.126980
-0.825400
1.079400
2.031700
1.079400
4.888900
7.746000
7.746000
6.793700
7.746000
4.888900
3.936500
5.841300
2.031700
-3.682500
-7.492100
-6.539700
-4.634900
-4.634900
-2.730200
-0.825400
-1.777800
-3.682500
-4.634900
-4.634900
-4.634900
-3.682500
-4.634900
-6.539700
-9.396800
-13.206000
-9.396800
-4.634900
1.079400
2.031700
2.984100
2.984100
-1.777800
-4.634900
-5.587300
-3.682500
4.888900
11.556000
13.460000
9.650800
6.793700
2.031700
-10.349000
-18.921000
-23.683001
-23.683001
-16.063000
-6.539700
2.031700
7.746000
5.841300
5.841300
7.746000
9.650800
8.698400
10.603000
11.556000
11.556000
9.650800
7.746000
5.841300
3.936500
0.126980
1.079400
2.031700
0.126980
2.984100
8.698400
12.508000
15.365000
11.556000
9.650800
6.793700
6.793700
5.841300
1.079400
-2.730200
-3.682500
-2.730200
1.079400
2.984100
2.031700
2.984100
-0.825400
-2.730200
-1.777800
1.079400
4.888900
6.793700
10.603000
8.698400
7.746000
8.698400
4.888900
2.984100
2.031700
-2.730200
-8.444400
-11.302000
-13.206000
-11.302000
-9.396800
-12.254000
-9.396800
-6.539700
-5.587300
-1.777800
2.031700
3.936500
2.984100
2.984100
4.888900
2.031700
-3.682500
-8.444400
-7.492100
-7.492100
-10.349000
-11.302000
-10.349000
-8.444400
-4.634900
-3.682500
-2.730200
-3.682500
-4.634900
-4.634900
-1.777800
2.031700
2.031700
1.079400
0.126980
0.126980
-0.825400
-0.825400
0.126980
-0.825400
-2.730200
-4.634900
-3.682500
-4.634900
-2.730200
-0.825400
2.984100
10.603000
11.556000
10.603000
10.603000
6.793700
2.984100
1.079400
2.031700
2.984100
1.079400
1.079400
0.126980
1.079400
2.031700
3.936500
5.841300
5.841300
-0.825400
-4.634900
-6.539700
-3.682500
-3.682500
-2.730200
1.079400
2.031700
-0.825400
2.031700
7.746000
5.841300
-3.682500
-16.063000
-20.825001
-21.778000
-21.778000
-19.872999
-5.587300
5.841300
13.460000
18.222000
13.460000
7.746000
6.793700
4.888900
2.984100
-3.682500
-10.349000
-12.254000
-13.206000
-13.206000
-10.349000
-5.587300
1.079400
5.841300
5.841300
8.698400
10.603000
11.556000
9.650800
9.650800
11.556000
10.603000
2.984100
-3.682500
-5.587300
-4.634900
-1.777800
1.079400
1.079400
3.936500
2.984100
0.126980
-1.777800
-1.777800
0.126980
0.126980
-0.825400
2.031700
2.031700
4.888900
4.888900
2.984100
1.079400
-0.825400
-9.396800
-12.254000
-9.396800
-5.587300
-3.682500
0.126980
2.031700
2.984100
5.841300
7.746000
6.793700
2.984100
0.126980
-2.730200
-7.492100
-9.396800
-2.730200
1.079400
0.126980
1.079400
2.984100
2.031700
1.079400
3.936500
2.984100
2.031700
2.031700
2.031700
0.126980
-0.825400
1.079400
2.984100
4.888900
3.936500
-4.634900
-11.302000
-13.206000
-11.302000
-7.492100
-6.539700
-4.634900
-0.825400
2.984100
7.746000
11.556000
11.556000
7.746000
7.746000
5.841300
3.936500
0.126980
-2.730200
-5.587300
-8.444400
-6.539700
-1.777800
-0.825400
-0.825400
-0.825400
-3.682500
-5.587300
2.031700
11.556000
17.270000
18.222000
11.556000
2.031700
-0.825400
1.079400
1.079400
4.888900
7.746000
1.079400
-3.682500
-6.539700
-3.682500
0.126980
3.936500
4.888900
1.079400
2.984100
6.793700
5.841300
5.841300
3.936500
-1.777800
-2.730200
-0.825400
2.031700
2.031700
-0.825400
-4.634900
-3.682500
-3.682500
-3.682500
-4.634900
-5.587300
-5.587300
-3.682500
0.126980
0.126980
-1.777800
1.079400
2.984100
8.698400
13.460000
11.556000
9.650800
6.793700
0.126980
-5.587300
-5.587300
-2.730200
1.079400
2.984100
3.936500
8.698400
7.746000
2.031700
2.031700
-0.825400
-5.587300
-5.587300
-7.492100
-2.730200
3.936500
6.793700
3.936500
-4.634900
-12.254000
-15.111000
-15.111000
-11.302000
-7.492100
-1.777800
3.936500
4.888900
1.079400
2.031700
7.746000
10.603000
9.650800
11.556000
11.556000
7.746000
6.793700
5.841300
2.984100
-3.682500
-7.492100
-3.682500
-0.825400
2.031700
3.936500
3.936500
3.936500
0.126980
-4.634900
-6.539700
-5.587300
-2.730200
-1.777800
-1.777800
1.079400
2.984100
0.126980
-3.682500
-8.444400
-12.254000
-14.159000
-11.302000
-6.539700
-4.634900
-6.539700
-6.539700
-5.587300
-7.492100
-10.349000
-13.206000
-12.254000
-8.444400
-1.777800
2.984100
1.079400
-3.682500
-10.349000
-15.111000
-15.111000
-10.349000
-2.730200
4.888900
8.698400
10.603000
11.556000
12.508000
14.413000
21.079000
23.937000
22.032000
16.316999
10.603000
2.984100
-4.634900
-8.444400
-8.444400
-4.634900
2.031700
2.984100
3.936500
7.746000
15.365000
19.174999
17.270000
9.650800
2.984100
0.126980
0.126980
0.126980
0.126980
2.031700
3.936500
11.556000
11.556000
2.031700
-3.682500
-6.539700
-3.682500
0.126980
2.031700
4.888900
9.650800
15.365000
14.413000
5.841300
-3.682500
-10.349000
-15.111000
-13.206000
-7.492100
-4.634900
-6.539700
-10.349000
-13.206000
-13.206000
-10.349000
-10.349000
-14.159000
-19.872999
-21.778000
-17.968000
-13.206000
-7.492100
-6.539700
-6.539700
-5.587300
-8.444400
-13.206000
-18.921000
-27.492001
-30.349001
-30.349001
-23.683001
-14.159000
-5.587300
2.984100
9.650800
12.508000
13.460000
13.460000
6.793700
2.031700
4.888900
8.698400
13.460000
11.556000
6.793700
6.793700
8.698400
9.650800
7.746000
4.888900
4.888900
-0.825400
-5.587300
-8.444400
-9.396800
-9.396800
-6.539700
1.079400
4.888900
5.841300
2.031700
-2.730200
-3.682500
-10.349000
-17.016001
-17.968000
-12.254000
-4.634900
0.126980
5.841300
7.746000
13.460000
22.032000
22.983999
20.127001
15.365000
5.841300
-1.777800
-4.634900
-9.396800
-14.159000
-14.159000
-16.063000
-13.206000
-7.492100
0.126980
9.650800
20.127001
21.079000
15.365000
10.603000
8.698400
7.746000
6.793700
2.984100
2.031700
1.079400
1.079400
-2.730200
-6.539700
-5.587300
-0.825400
-2.730200
-4.634900
-3.682500
-1.777800
2.984100
6.793700
7.746000
9.650800
6.793700
2.984100
-0.825400
-3.682500
-5.587300
-8.444400
-4.634900
0.126980
2.031700
3.936500
5.841300
9.650800
7.746000
3.936500
0.126980
-7.492100
-6.539700
-5.587300
-4.634900
-1.777800
-3.682500
-7.492100
-4.634900
0.126980
3.936500
2.984100
4.888900
9.650800
10.603000
8.698400
2.984100
-2.730200
-4.634900
-5.587300
-3.682500
2.984100
7.746000
7.746000
3.936500
3.936500
2.984100
2.031700
2.031700
3.936500
9.650800
15.365000
17.270000
15.365000
10.603000
6.793700
3.936500
2.031700
-1.777800
-1.777800
0.126980
2.031700
2.031700
1.079400
-4.634900
-9.396800
-13.206000
-15.111000
-11.302000
-1.777800
3.936500
7.746000
11.556000
15.365000
14.413000
10.603000
5.841300
0.126980
-5.587300
-13.206000
-19.872999
-20.825001
-14.159000
-2.730200
2.984100
2.031700
-0.825400
-2.730200
-4.634900
-8.444400
-11.302000
-10.349000
-8.444400
-0.825400
12.508000
23.937000
31.556000
33.459999
31.556000
27.746000
18.222000
6.793700
-2.730200
-8.444400
-12.254000
-14.159000
-15.111000
-15.111000
-17.968000
-18.921000
-23.683001
-26.540001
-22.730000
-17.016001
-16.063000
-19.872999
-20.825001
-13.206000
-10.349000
-9.396800
-7.492100
-3.682500
-2.730200
0.126980
2.031700
2.984100
2.984100
7.746000
11.556000
9.650800
5.841300
1.079400
-3.682500
-10.349000
-13.206000
-7.492100
-1.777800
0.126980
-0.825400
-3.682500
-1.777800
4.888900
11.556000
11.556000
10.603000
9.650800
11.556000
15.365000
13.460000
10.603000
3.936500
4.888900
6.793700
9.650800
12.508000
12.508000
9.650800
4.888900
-0.825400
-0.825400
1.079400
4.888900
7.746000
8.698400
9.650800
5.841300
2.031700
1.079400
2.031700
4.888900
5.841300
3.936500
4.888900
8.698400
8.698400
8.698400
6.793700
7.746000
8.698400
4.888900
-2.730200
-7.492100
-8.444400
-6.539700
-8.444400
-13.206000
-12.254000
-7.492100
-4.634900
-9.396800
-11.302000
-14.159000
-17.968000
-19.872999
-21.778000
-17.968000
-9.396800
-2.730200
6.793700
8.698400
7.746000
4.888900
-1.777800
-4.634900
-5.587300
-8.444400
-6.539700
-1.777800
-0.825400
-2.730200
-5.587300
-5.587300
-1.777800
2.984100
6.793700
5.841300
-0.825400
-4.634900
-6.539700
-4.634900
-2.730200
-0.825400
2.031700
0.126980
-0.825400
0.126980
2.031700
8.698400
9.650800
6.793700
4.888900
2.031700
0.126980
-0.825400
-4.634900
-6.539700
-10.349000
-11.302000
-7.492100
-2.730200
3.936500
8.698400
8.698400
4.888900
2.984100
3.936500
4.888900
2.984100
4.888900
6.793700
7.746000
6.793700
2.984100
2.031700
0.126980
-2.730200
-0.825400
1.079400
0.126980
-0.825400
1.079400
7.746000
12.508000
9.650800
6.793700
4.888900
2.031700
-3.682500
-4.634900
-4.634900
-3.682500
1.079400
2.031700
2.031700
2.031700
1.079400
-0.825400
-3.682500
1.079400
3.936500
4.888900
6.793700
7.746000
4.888900
-0.825400
-6.539700
-6.539700
-3.682500
-9.396800
-12.254000
-10.349000
-11.302000
-13.206000
-13.206000
-11.302000
-4.634900
-2.730200
-3.682500
-7.492100
-8.444400
-3.682500
1.079400
0.126980
2.031700
2.984100
-0.825400
-4.634900
-5.587300
-7.492100
-6.539700
-8.444400
-9.396800
-6.539700
0.126980
3.936500
6.793700
4.888900
0.126980
0.126980
1.079400
-2.730200
-1.777800
3.936500
6.793700
9.650800
12.508000
12.508000
9.650800
6.793700
6.793700
3.936500
-1.777800
-6.539700
-9.396800
0.126980
6.793700
7.746000
6.793700
4.888900
3.936500
4.888900
5.841300
6.793700
7.746000
9.650800
15.365000
14.413000
4.888900
1.079400
2.031700
5.841300
8.698400
11.556000
6.793700
-0.825400
-1.777800
0.126980
2.031700
4.888900
1.079400
1.079400
2.984100
6.793700
12.508000
7.746000
-1.777800
-9.396800
-17.016001
-17.968000
-17.016001
-13.206000
-6.539700
-3.682500
1.079400
3.936500
5.841300
8.698400
6.793700
-0.825400
-9.396800
-17.016001
-18.921000
-17.968000
-15.111000
