9.644000
1.877000
3.818800
14.498000
5.760500
0.906150
-7.831700
-5.890000
1.877000
-3.948200
-22.395000
-7.831700
-20.452999
-14.628000
-2.977300
-1.035600
5.760500
-0.064720
1.877000
-3.948200
-0.064720
18.382000
8.673100
5.760500
12.557000
17.410999
14.498000
-5.890000
22.264999
24.207001
-1.035600
-12.686000
-6.860800
-8.802600
-13.657000
-2.977300
10.615000
7.702300
-2.977300
1.877000
-12.686000
-4.919100
23.236000
12.557000
3.818800
14.498000
12.557000
12.557000
5.760500
-2.977300
2.847900
10.615000
20.323999
11.586000
11.586000
-2.006500
5.760500
10.615000
-0.064720
-31.132999
-12.686000
11.586000
0.906150
-13.657000
2.847900
6.731400
-2.977300
-1.035600
-13.657000
-1.035600
7.702300
-14.628000
1.877000
16.440001
0.906150
1.877000
-19.482000
-7.831700
-12.686000
-30.162001
-11.715000
-1.035600
-0.064720
-0.064720
-1.035600
-4.919100
-1.035600
14.498000
20.323999
12.557000
7.702300
13.528000
17.410999
-1.035600
0.906150
17.410999
15.469000
-0.064720
4.789600
12.557000
5.760500
-9.773500
9.644000
12.557000
20.323999
15.469000
-1.035600
-2.977300
-5.890000
-16.570000
5.760500
3.818800
-9.773500
-4.919100
-20.452999
-25.306999
-9.773500
7.702300
3.818800
15.469000
15.469000
4.789600
-2.977300
-4.919100
2.847900
-3.948200
6.731400
6.731400
8.673100
12.557000
10.615000
26.149000
25.177999
8.673100
-1.035600
7.702300
15.469000
-7.831700
-13.657000
2.847900
10.615000
-8.802600
-21.424000
-12.686000
-21.424000
-13.657000
-1.035600
8.673100
12.557000
11.586000
-2.977300
0.906150
-0.064720
-10.744000
-7.831700
-10.744000
-32.104000
-8.802600
-7.831700
-7.831700
-8.802600
13.528000
19.353001
9.644000
16.440001
10.615000
7.702300
-4.919100
15.469000
27.120001
7.702300
-2.006500
-12.686000
-2.977300
-8.802600
-2.977300
12.557000
6.731400
3.818800
-7.831700
-3.948200
-2.977300
-7.831700
-12.686000
-17.540001
-8.802600
-10.744000
-19.482000
-21.424000
-29.191000
-8.802600
-4.919100
-22.395000
-9.773500
0.906150
-5.890000
-4.919100
-15.599000
-6.860800
5.760500
-7.831700
-27.249001
-1.035600
-2.006500
-6.860800
-9.773500
-1.035600
1.877000
-18.511000
-11.715000
12.557000
5.760500
-15.599000
-13.657000
-4.919100
5.760500
5.760500
-2.006500
-12.686000
-9.773500
-9.773500
-5.890000
3.818800
2.847900
-0.064720
-7.831700
-7.831700
6.731400
-2.977300
-10.744000
4.789600
1.877000
-8.802600
-3.948200
-5.890000
-0.064720
10.615000
10.615000
2.847900
5.760500
12.557000
-2.006500
6.731400
19.353001
4.789600
-4.919100
5.760500
6.731400
-0.064720
-17.540001
14.498000
26.149000
12.557000
16.440001
12.557000
4.789600
-2.977300
-22.395000
12.557000
19.353001
16.440001
18.382000
16.440001
24.207001
18.382000
2.847900
15.469000
17.410999
0.906150
-2.977300
-8.802600
-11.715000
-8.802600
-2.006500
-17.540001
-14.628000
-6.860800
-28.219999
-17.540001
-1.035600
10.615000
2.847900
-4.919100
-12.686000
1.877000
3.818800
-13.657000
-17.540001
14.498000
23.236000
14.498000
6.731400
8.673100
18.382000
11.586000
3.818800
15.469000
12.557000
-2.006500
-2.977300
0.906150
-0.064720
8.673100
16.440001
-2.006500
-0.064720
2.847900
1.877000
-8.802600
-12.686000
-9.773500
-6.860800
-0.064720
13.528000
17.410999
-2.977300
0.906150
-5.890000
-12.686000
-0.064720
-5.890000
-2.006500
6.731400
3.818800
-8.802600
-13.657000
-1.035600
15.469000
-17.540001
10.615000
28.091000
11.586000
2.847900
4.789600
-6.860800
-6.860800
2.847900
-9.773500
2.847900
4.789600
-1.035600
-9.773500
4.789600
-4.919100
4.789600
20.323999
-3.948200
0.906150
7.702300
-8.802600
-6.860800
4.789600
4.789600
-6.860800
-8.802600
-38.900002
-22.395000
-11.715000
-4.919100
-2.977300
-15.599000
-8.802600
-9.773500
-24.337000
-26.278000
1.877000
8.673100
-0.064720
7.702300
2.847900
8.673100
3.818800
-17.540001
-7.831700
7.702300
3.818800
1.877000
-17.540001
-19.482000
2.847900
10.615000
2.847900
1.877000
-4.919100
3.818800
31.974001
25.177999
12.557000
25.177999
28.091000
19.353001
11.586000
11.586000
-10.744000
-2.006500
28.091000
20.323999
12.557000
0.906150
2.847900
3.818800
-4.919100
-5.890000
7.702300
-8.802600
4.789600
11.586000
0.906150
0.906150
-2.977300
2.847900
9.644000
-14.628000
-0.064720
0.906150
-0.064720
-2.006500
6.731400
8.673100
3.818800
-1.035600
-16.570000
9.644000
10.615000
-7.831700
-16.570000
0.906150
14.498000
-7.831700
-8.802600
-14.628000
-18.511000
-7.831700
9.644000
2.847900
-3.948200
-0.064720
8.673100
-4.919100
-9.773500
1.877000
-2.006500
4.789600
7.702300
17.410999
10.615000
13.528000
17.410999
3.818800
0.906150
13.528000
15.469000
18.382000
16.440001
16.440001
16.440001
4.789600
7.702300
12.557000
1.877000
5.760500
-4.919100
4.789600
7.702300
-11.715000
-1.035600
2.847900
-21.424000
3.818800
16.440001
-0.064720
4.789600
-25.306999
-9.773500
-0.064720
-4.919100
-8.802600
-13.657000
-1.035600
-2.006500
0.906150
-4.919100
0.906150
7.702300
-6.860800
-7.831700
-12.686000
-32.104000
-30.162001
-2.977300
-2.977300
-18.511000
-17.540001
-16.570000
-24.337000
-36.958000
-35.015999
-16.570000
-10.744000
-5.890000
-9.773500
-18.511000
-2.977300
-9.773500
-6.860800
10.615000
-3.948200
-0.064720
14.498000
11.586000
8.673100
-11.715000
-1.035600
20.323999
17.410999
9.644000
12.557000
26.149000
12.557000
-0.064720
15.469000
14.498000
13.528000
23.236000
28.091000
11.586000
14.498000
7.702300
2.847900
3.818800
3.818800
-4.919100
-9.773500
-6.860800
-13.657000
-6.860800
6.731400
7.702300
18.382000
20.323999
21.294001
20.323999
3.818800
23.236000
24.207001
8.673100
-0.064720
-1.035600
-7.831700
-4.919100
-21.424000
-9.773500
3.818800
-3.948200
-10.744000
1.877000
16.440001
5.760500
-8.802600
-2.006500
9.644000
-6.860800
-6.860800
-2.006500
-7.831700
-10.744000
-24.337000
-4.919100
15.469000
7.702300
-6.860800
-1.035600
9.644000
-8.802600
-6.860800
-0.064720
2.847900
-2.977300
-21.424000
-6.860800
4.789600
5.760500
5.760500
0.906150
-2.006500
-4.919100
-1.035600
-20.452999
-31.132999
-2.977300
8.673100
-2.006500
3.818800
-6.860800
-2.006500
-8.802600
8.673100
5.760500
-0.064720
-2.006500
0.906150
-1.035600
-15.599000
-27.249001
-23.365999
-6.860800
-7.831700
-33.074001
-23.365999
-5.890000
-14.628000
-7.831700
-3.948200
-2.977300
-6.860800
-3.948200
6.731400
-4.919100
-8.802600
-7.831700
-10.744000
2.847900
-2.977300
-9.773500
-10.744000
-6.860800
-2.006500
4.789600
7.702300
3.818800
6.731400
19.353001
14.498000
12.557000
14.498000
13.528000
-12.686000
-3.948200
6.731400
17.410999
11.586000
15.469000
15.469000
32.945000
16.440001
22.264999
23.236000
3.818800
6.731400
6.731400
12.557000
10.615000
0.906150
5.760500
4.789600
3.818800
-1.035600
-3.948200
12.557000
-2.977300
-3.948200
17.410999
20.323999
12.557000
4.789600
-0.064720
-10.744000
2.847900
7.702300
5.760500
10.615000
-4.919100
-2.006500
11.586000
-4.919100
12.557000
13.528000
-14.628000
-2.977300
6.731400
1.877000
-11.715000
-2.006500
25.177999
16.440001
-8.802600
-4.919100
16.440001
16.440001
14.498000
4.789600
7.702300
8.673100
3.818800
3.818800
-24.337000
-9.773500
11.586000
2.847900
-4.919100
-8.802600
-11.715000
-12.686000
-9.773500
2.847900
-8.802600
-11.715000
5.760500
10.615000
4.789600
9.644000
4.789600
-4.919100
-13.657000
12.557000
0.906150
-17.540001
1.877000
-2.977300
-1.035600
0.906150
-15.599000
-13.657000
-4.919100
5.760500
0.906150
1.877000
-4.919100
-3.948200
-19.482000
-5.890000
-10.744000
-15.599000
-8.802600
-2.977300
-15.599000
-18.511000
-7.831700
5.760500
10.615000
3.818800
8.673100
4.789600
-11.715000
-5.890000
-0.064720
9.644000
12.557000
5.760500
-8.802600
-9.773500
-5.890000
-7.831700
-29.191000
-14.628000
15.469000
7.702300
-1.035600
-5.890000
-19.482000
-8.802600
-6.860800
-2.977300
-1.035600
-6.860800
-19.482000
-15.599000
3.818800
9.644000
13.528000
7.702300
7.702300
24.207001
11.586000
2.847900
-8.802600
-10.744000
-11.715000
-7.831700
-6.860800
-4.919100
-0.064720
0.906150
-1.035600
4.789600
0.906150
6.731400
30.032000
39.741001
29.061001
27.120001
14.498000
14.498000
3.818800
-2.006500
-18.511000
-7.831700
-9.773500
-20.452999
-5.890000
-10.744000
-22.395000
-10.744000
0.906150
-2.977300
-6.860800
-11.715000
-1.035600
1.877000
-3.948200
-2.006500
-6.860800
0.906150
-2.006500
-9.773500
-6.860800
-10.744000
-14.628000
-9.773500
11.586000
14.498000
5.760500
3.818800
0.906150
-8.802600
-13.657000
-4.919100
-4.919100
4.789600
-4.919100
-14.628000
-16.570000
-35.015999
-20.452999
1.877000
-1.035600
-1.035600
11.586000
25.177999
24.207001
1.877000
9.644000
13.528000
5.760500
0.906150
-8.802600
-9.773500
-9.773500
0.906150
11.586000
12.557000
6.731400
9.644000
15.469000
18.382000
22.264999
8.673100
6.731400
12.557000
14.498000
11.586000
-4.919100
-0.064720
3.818800
-14.628000
-8.802600
13.528000
9.644000
2.847900
4.789600
6.731400
16.440001
8.673100
17.410999
14.498000
8.673100
7.702300
9.644000
-3.948200
-2.006500
13.528000
16.440001
-1.035600
0.906150
-3.948200
-3.948200
-2.977300
-19.482000
-23.365999
12.557000
24.207001
7.702300
2.847900
-2.006500
-13.657000
-21.424000
-4.919100
6.731400
-3.948200
-3.948200
-0.064720
-3.948200
-4.919100
-19.482000
-6.860800
-1.035600
-8.802600
13.528000
7.702300
2.847900
10.615000
-5.890000
0.906150
-9.773500
-16.570000
-3.948200
-10.744000
-11.715000
-13.657000
-7.831700
7.702300
11.586000
10.615000
4.789600
11.586000
-4.919100
3.818800
5.760500
-0.064720
-7.831700
-2.006500
-0.064720
-13.657000
-8.802600
1.877000
-4.919100
-5.890000
-8.802600
3.818800
7.702300
-7.831700
-0.064720
2.847900
12.557000
19.353001
20.323999
0.906150
8.673100
4.789600
2.847900
0.906150
-17.540001
-5.890000
0.906150
1.877000
5.760500
-3.948200
7.702300
1.877000
0.906150
8.673100
10.615000
5.760500
-2.977300
13.528000
32.945000
3.818800
6.731400
13.528000
6.731400
4.789600
-9.773500
-21.424000
-8.802600
-12.686000
-6.860800
-4.919100
-2.977300
-1.035600
-15.599000
-10.744000
-19.482000
11.586000
24.207001
7.702300
0.906150
8.673100
7.702300
5.760500
1.877000
7.702300
-1.035600
-2.006500
-2.977300
4.789600
11.586000
2.847900
0.906150
-8.802600
-4.919100
3.818800
-3.948200
-8.802600
-13.657000
0.906150
5.760500
1.877000
-18.511000
-10.744000
13.528000
-3.948200
1.877000
-1.035600
-11.715000
-11.715000
-10.744000
-6.860800
-25.306999
-34.044998
-21.424000
-17.540001
-8.802600
-0.064720
-8.802600
