-1.951200
-3.902400
-3.902400
1.951200
5.853700
7.804900
6.829300
13.659000
17.561001
14.634000
8.780500
-2.926800
-12.683000
-20.488001
-21.462999
-20.488001
-11.707000
-0.975610
0.975610
-2.926800
0.000000
8.780500
16.584999
14.634000
8.780500
4.878000
3.902400
7.804900
1.951200
-4.878000
-5.853700
-4.878000
-4.878000
-0.975610
5.853700
16.584999
27.316999
26.341000
13.659000
3.902400
3.902400
5.853700
3.902400
-8.780500
-19.511999
-17.561001
-7.804900
4.878000
15.610000
18.537001
11.707000
7.804900
12.683000
24.389999
20.488001
-0.975610
-24.389999
-31.219999
-18.537001
-0.975610
7.804900
6.829300
0.000000
0.975610
6.829300
13.659000
16.584999
14.634000
12.683000
13.659000
13.659000
7.804900
-2.926800
-13.659000
-22.438999
-18.537001
-3.902400
8.780500
18.537001
21.462999
20.488001
14.634000
10.732000
11.707000
9.756100
3.902400
-3.902400
-9.756100
-6.829300
-4.878000
-10.732000
-18.537001
-23.415001
-21.462999
-11.707000
0.975610
9.756100
16.584999
19.511999
19.511999
20.488001
26.341000
30.243999
27.316999
16.584999
0.000000
-18.537001
-30.243999
-30.243999
-23.415001
-13.659000
-6.829300
-3.902400
0.975610
10.732000
11.707000
9.756100
10.732000
10.732000
4.878000
-3.902400
-18.537001
-27.316999
-24.389999
-18.537001
-12.683000
-9.756100
-10.732000
-5.853700
3.902400
9.756100
16.584999
29.268000
35.122002
25.365999
16.584999
0.975610
-13.659000
-14.634000
-12.683000
-5.853700
-5.853700
-9.756100
-15.610000
-16.584999
-4.878000
9.756100
27.316999
43.902000
42.926998
27.316999
3.902400
-10.732000
-11.707000
-10.732000
-14.634000
-20.488001
-26.341000
-27.316999
-24.389999
-25.365999
-26.341000
-22.438999
-10.732000
5.853700
20.488001
30.243999
35.122002
32.195000
18.537001
4.878000
-3.902400
-15.610000
-27.316999
-35.122002
-35.122002
-24.389999
-13.659000
-4.878000
0.975610
7.804900
14.634000
17.561001
17.561001
21.462999
24.389999
19.511999
10.732000
-0.975610
-7.804900
-12.683000
-19.511999
-30.243999
-33.171001
-27.316999
-16.584999
-2.926800
12.683000
25.365999
28.292999
19.511999
7.804900
0.975610
0.975610
2.926800
-0.975610
-11.707000
-16.584999
-8.780500
3.902400
11.707000
9.756100
0.000000
-8.780500
-12.683000
-18.537001
-18.537001
-14.634000
-19.511999
-29.268000
-27.316999
-13.659000
0.000000
7.804900
5.853700
-2.926800
-7.804900
-2.926800
-0.975610
-2.926800
-4.878000
0.000000
8.780500
15.610000
20.488001
22.438999
16.584999
14.634000
10.732000
5.853700
-0.975610
-11.707000
-20.488001
-21.462999
-16.584999
-12.683000
-7.804900
-2.926800
0.000000
1.951200
0.975610
1.951200
2.926800
7.804900
14.634000
13.659000
4.878000
-1.951200
0.000000
9.756100
14.634000
14.634000
11.707000
4.878000
-3.902400
-6.829300
-4.878000
2.926800
20.488001
33.171001
30.243999
19.511999
12.683000
13.659000
13.659000
9.756100
7.804900
4.878000
-5.853700
-16.584999
-19.511999
-16.584999
-9.756100
-0.975610
8.780500
15.610000
24.389999
36.098000
39.023998
34.146000
21.462999
0.000000
-18.537001
-23.415001
-23.415001
-25.365999
-29.268000
-32.195000
-28.292999
-18.537001
-5.853700
2.926800
10.732000
14.634000
11.707000
8.780500
5.853700
2.926800
6.829300
10.732000
15.610000
14.634000
8.780500
4.878000
-0.975610
-5.853700
-7.804900
-12.683000
-10.732000
0.000000
11.707000
16.584999
18.537001
19.511999
18.537001
9.756100
0.975610
-4.878000
-7.804900
-13.659000
-22.438999
-22.438999
-16.584999
-10.732000
-4.878000
-1.951200
1.951200
5.853700
5.853700
6.829300
12.683000
11.707000
0.975610
-9.756100
-12.683000
-7.804900
-6.829300
-5.853700
-8.780500
-14.634000
-14.634000
-7.804900
0.000000
13.659000
26.341000
22.438999
9.756100
-0.975610
-11.707000
-21.462999
-24.389999
-19.511999
-18.537001
-15.610000
-6.829300
3.902400
14.634000
19.511999
15.610000
4.878000
-12.683000
-20.488001
-18.537001
-17.561001
-9.756100
-9.756100
-14.634000
-12.683000
-5.853700
7.804900
15.610000
12.683000
12.683000
16.584999
14.634000
5.853700
-5.853700
-12.683000
-6.829300
10.732000
20.488001
20.488001
20.488001
17.561001
16.584999
13.659000
4.878000
-5.853700
-16.584999
-22.438999
-19.511999
-17.561001
-13.659000
-6.829300
12.683000
34.146000
45.854000
44.877998
40.976002
39.023998
35.122002
24.389999
6.829300
-14.634000
-27.316999
-32.195000
-28.292999
-21.462999
-16.584999
-5.853700
9.756100
26.341000
28.292999
17.561001
12.683000
9.756100
1.951200
-11.707000
-21.462999
-24.389999
-20.488001
-18.537001
-16.584999
-2.926800
9.756100
14.634000
11.707000
2.926800
4.878000
14.634000
22.438999
26.341000
19.511999
9.756100
4.878000
6.829300
11.707000
11.707000
1.951200
-9.756100
-12.683000
-7.804900
-3.902400
-3.902400
-5.853700
-14.634000
-20.488001
-12.683000
0.000000
2.926800
-2.926800
-11.707000
-17.561001
-21.462999
-19.511999
-14.634000
-13.659000
-17.561001
-13.659000
-9.756100
-7.804900
0.000000
4.878000
4.878000
-0.975610
-1.951200
-2.926800
-5.853700
-9.756100
-14.634000
-15.610000
-12.683000
-5.853700
-2.926800
-7.804900
-8.780500
0.975610
9.756100
4.878000
0.975610
5.853700
9.756100
10.732000
9.756100
1.951200
-10.732000
-15.610000
-14.634000
-7.804900
-3.902400
2.926800
12.683000
19.511999
24.389999
28.292999
27.316999
23.415001
18.537001
7.804900
2.926800
-2.926800
-16.584999
-22.438999
-18.537001
-14.634000
-13.659000
-7.804900
0.000000
6.829300
9.756100
4.878000
-1.951200
-1.951200
-0.975610
0.000000
0.000000
-3.902400
-6.829300
-4.878000
0.975610
11.707000
15.610000
11.707000
6.829300
5.853700
4.878000
-8.780500
-21.462999
-25.365999
-19.511999
-11.707000
0.975610
11.707000
15.610000
18.537001
22.438999
23.415001
21.462999
9.756100
-3.902400
-10.732000
-20.488001
-29.268000
-26.341000
-15.610000
-5.853700
0.975610
-2.926800
-7.804900
-4.878000
8.780500
25.365999
38.049000
41.951000
36.098000
23.415001
10.732000
0.975610
-2.926800
-2.926800
-4.878000
-10.732000
-16.584999
-17.561001
-14.634000
-1.951200
5.853700
12.683000
19.511999
23.415001
19.511999
7.804900
-2.926800
-3.902400
-2.926800
-8.780500
-9.756100
-8.780500
-12.683000
-17.561001
-12.683000
1.951200
13.659000
18.537001
13.659000
-3.902400
-12.683000
-13.659000
-17.561001
-18.537001
-21.462999
-19.511999
-18.537001
-25.365999
-27.316999
-16.584999
-5.853700
0.000000
0.975610
0.975610
-2.926800
-10.732000
-16.584999
-22.438999
-25.365999
-24.389999
-19.511999
-11.707000
0.000000
3.902400
0.975610
1.951200
5.853700
8.780500
10.732000
1.951200
-9.756100
-8.780500
0.975610
12.683000
18.537001
17.561001
12.683000
14.634000
26.341000
32.195000
23.415001
11.707000
3.902400
-1.951200
-7.804900
-4.878000
1.951200
2.926800
6.829300
11.707000
16.584999
17.561001
15.610000
13.659000
9.756100
5.853700
1.951200
0.000000
-3.902400
-14.634000
-19.511999
-9.756100
0.000000
3.902400
7.804900
8.780500
10.732000
9.756100
7.804900
4.878000
-3.902400
-9.756100
-7.804900
1.951200
13.659000
21.462999
21.462999
12.683000
3.902400
0.000000
1.951200
2.926800
-4.878000
-20.488001
-23.415001
-14.634000
-6.829300
-7.804900
-8.780500
-1.951200
13.659000
24.389999
30.243999
28.292999
15.610000
-4.878000
-19.511999
-21.462999
-16.584999
-12.683000
-7.804900
-3.902400
-0.975610
-1.951200
-3.902400
0.000000
3.902400
3.902400
1.951200
-0.975610
-6.829300
-11.707000
-21.462999
-30.243999
-29.268000
-20.488001
-12.683000
-6.829300
-3.902400
-3.902400
-2.926800
0.975610
13.659000
26.341000
33.171001
29.268000
15.610000
4.878000
0.975610
-2.926800
-5.853700
-13.659000
-24.389999
-16.584999
4.878000
20.488001
32.195000
36.098000
36.098000
34.146000
28.292999
25.365999
21.462999
14.634000
4.878000
-4.878000
-10.732000
-7.804900
-3.902400
-1.951200
-1.951200
-6.829300
-13.659000
-16.584999
-11.707000
-3.902400
-1.951200
1.951200
6.829300
9.756100
9.756100
4.878000
-3.902400
-13.659000
-20.488001
-19.511999
-12.683000
1.951200
15.610000
22.438999
16.584999
9.756100
0.000000
-13.659000
-28.292999
-36.098000
-35.122002
-32.195000
-30.243999
-32.195000
-28.292999
-23.415001
-15.610000
-6.829300
0.975610
11.707000
16.584999
14.634000
8.780500
-3.902400
-19.511999
-23.415001
-25.365999
-33.171001
-32.195000
-22.438999
-11.707000
2.926800
13.659000
14.634000
15.610000
18.537001
15.610000
8.780500
3.902400
-0.975610
-16.584999
-35.122002
-45.854000
-38.049000
-23.415001
-11.707000
0.975610
7.804900
16.584999
25.365999
31.219999
29.268000
18.537001
9.756100
4.878000
1.951200
-0.975610
-3.902400
-8.780500
-8.780500
1.951200
12.683000
22.438999
36.098000
42.926998
41.951000
38.049000
33.171001
31.219999
21.462999
11.707000
3.902400
-8.780500
-18.537001
-22.438999
-23.415001
-14.634000
0.000000
12.683000
16.584999
19.511999
23.415001
25.365999
16.584999
1.951200
-5.853700
-3.902400
-0.975610
1.951200
0.000000
0.975610
7.804900
18.537001
23.415001
24.389999
17.561001
7.804900
0.975610
-11.707000
-29.268000
-48.779999
-55.610001
-50.731998
-36.098000
-17.561001
-2.926800
6.829300
12.683000
17.561001
19.511999
16.584999
8.780500
-9.756100
-24.389999
-30.243999
-33.171001
-34.146000
-35.122002
-34.146000
-24.389999
0.975610
24.389999
33.171001
31.219999
21.462999
14.634000
8.780500
1.951200
-10.732000
-22.438999
-26.341000
-21.462999
-21.462999
-23.415001
-20.488001
-6.829300
10.732000
25.365999
34.146000
39.023998
40.976002
35.122002
25.365999
12.683000
2.926800
-6.829300
-18.537001
-31.219999
-36.098000
-29.268000
-14.634000
0.975610
11.707000
14.634000
16.584999
22.438999
28.292999
28.292999
20.488001
12.683000
-0.975610
-17.561001
-29.268000
-37.073002
-36.098000
-26.341000
-14.634000
1.951200
16.584999
29.268000
34.146000
23.415001
9.756100
-1.951200
-0.975610
7.804900
11.707000
9.756100
4.878000
-1.951200
-5.853700
-5.853700
-8.780500
-9.756100
-6.829300
-0.975610
4.878000
12.683000
13.659000
1.951200
-12.683000
-16.584999
-12.683000
-5.853700
-5.853700
-12.683000
-18.537001
-16.584999
-4.878000
7.804900
18.537001
19.511999
15.610000
12.683000
6.829300
-4.878000
-14.634000
-20.488001
-23.415001
-29.268000
-35.122002
-33.171001
-18.537001
-1.951200
4.878000
4.878000
7.804900
13.659000
24.389999
35.122002
32.195000
17.561001
0.975610
-8.780500
-10.732000
-7.804900
5.853700
20.488001
23.415001
21.462999
16.584999
9.756100
4.878000
7.804900
12.683000
13.659000
12.683000
7.804900
-1.951200
-14.634000
-12.683000
-2.926800
4.878000
7.804900
12.683000
15.610000
15.610000
11.707000
9.756100
5.853700
-3.902400
-16.584999
-17.561001
-3.902400
7.804900
9.756100
8.780500
8.780500
7.804900
5.853700
-1.951200
-5.853700
