-5.113300
-1.229800
-1.229800
-1.229800
7.508100
13.333000
13.333000
13.333000
7.508100
3.624600
-2.200600
-8.996800
-11.909000
-14.822000
-13.851000
-10.939000
2.653700
9.449800
14.304000
9.449800
5.566300
4.595500
1.682800
-3.171500
-0.258900
2.653700
3.624600
5.566300
-0.258900
-7.055000
-12.880000
-11.909000
-3.171500
5.566300
11.392000
12.362000
7.508100
5.566300
9.449800
8.479000
0.711970
-2.200600
-7.055000
-15.793000
-12.880000
-10.939000
-11.909000
-5.113300
2.653700
12.362000
15.275000
15.275000
17.216999
14.304000
9.449800
-3.171500
-16.764000
-24.531000
-17.735001
-6.084100
-3.171500
2.653700
6.537200
12.362000
24.013000
31.780001
24.013000
9.449800
-1.229800
0.711970
2.653700
-8.996800
-17.735001
-19.676001
-23.559999
-16.764000
-0.258900
7.508100
17.216999
21.100000
22.070999
18.188000
11.392000
11.392000
10.421000
4.595500
-0.258900
-4.142400
-8.025900
-8.025900
-8.025900
-8.996800
-9.967600
-13.851000
-13.851000
-1.229800
11.392000
17.216999
20.129000
17.216999
18.188000
17.216999
16.246000
14.304000
3.624600
-5.113300
-10.939000
-11.909000
-9.967600
-6.084100
-0.258900
7.508100
8.479000
10.421000
14.304000
4.595500
7.508100
12.362000
12.362000
4.595500
-4.142400
-15.793000
-26.472000
-25.502001
-21.618000
-18.705999
-8.996800
-1.229800
0.711970
-1.229800
10.421000
21.100000
24.983999
31.780001
28.867001
15.275000
3.624600
-7.055000
-17.735001
-26.472000
-30.356001
-27.443001
-17.735001
-8.996800
0.711970
12.362000
23.042000
27.896000
36.633999
29.837999
13.333000
-2.200600
-13.851000
-20.646999
-21.618000
-17.735001
-15.793000
-10.939000
-9.967600
-6.084100
-9.967600
-20.646999
-19.676001
-13.851000
-7.055000
-2.200600
11.392000
24.013000
24.983999
20.129000
11.392000
-1.229800
-9.967600
-19.676001
-33.269001
-32.298000
-22.589001
-11.909000
-1.229800
3.624600
9.449800
18.188000
24.013000
24.983999
23.042000
22.070999
12.362000
5.566300
-5.113300
-6.084100
-8.996800
-16.764000
-26.472000
-28.414000
-20.646999
-9.967600
1.682800
1.682800
5.566300
2.653700
-0.258900
-3.171500
-8.996800
-8.025900
-6.084100
-9.967600
-14.822000
-15.793000
-5.113300
4.595500
3.624600
-0.258900
-3.171500
-14.822000
-22.589001
-26.472000
-23.559999
-20.646999
-21.618000
-19.676001
-11.909000
-2.200600
6.537200
4.595500
-4.142400
-6.084100
-2.200600
4.595500
4.595500
6.537200
-1.229800
3.624600
10.421000
16.246000
18.188000
17.216999
14.304000
13.333000
10.421000
7.508100
-0.258900
-12.880000
-14.822000
-11.909000
-9.967600
-11.909000
-7.055000
2.653700
7.508100
10.421000
10.421000
11.392000
15.275000
17.216999
18.188000
20.129000
18.188000
15.275000
9.449800
8.479000
4.595500
2.653700
5.566300
5.566300
2.653700
1.682800
-2.200600
5.566300
18.188000
22.070999
19.159000
10.421000
5.566300
1.682800
-4.142400
-5.113300
-0.258900
1.682800
-6.084100
-9.967600
-7.055000
-10.939000
-16.764000
-19.676001
-10.939000
11.392000
26.926001
31.780001
29.837999
24.983999
17.216999
1.682800
-12.880000
-18.705999
-17.735001
-16.764000
-19.676001
-14.822000
-10.939000
-8.996800
-7.055000
-7.055000
4.595500
15.275000
12.362000
6.537200
3.624600
-0.258900
-3.171500
-7.055000
-7.055000
-4.142400
-1.229800
-1.229800
-4.142400
-3.171500
-0.258900
-1.229800
4.595500
13.333000
21.100000
18.188000
14.304000
15.275000
11.392000
2.653700
-4.142400
-12.880000
-14.822000
-12.880000
-12.880000
-8.025900
-2.200600
-0.258900
3.624600
6.537200
9.449800
8.479000
6.537200
17.216999
20.129000
12.362000
6.537200
-2.200600
-4.142400
-5.113300
-6.084100
-0.258900
-2.200600
-2.200600
2.653700
5.566300
5.566300
7.508100
10.421000
6.537200
-2.200600
-1.229800
-5.113300
-11.909000
-24.531000
-23.559999
-13.851000
-9.967600
-3.171500
2.653700
-0.258900
2.653700
8.479000
6.537200
-1.229800
-4.142400
-7.055000
-13.851000
-14.822000
-18.705999
-25.502001
-18.705999
-7.055000
8.479000
21.100000
21.100000
16.246000
13.333000
5.566300
-1.229800
-5.113300
-8.996800
-4.142400
9.449800
13.333000
14.304000
13.333000
9.449800
10.421000
14.304000
9.449800
4.595500
-0.258900
-10.939000
-17.735001
-21.618000
-20.646999
-11.909000
-0.258900
15.275000
30.809000
37.605000
32.750999
23.042000
14.304000
6.537200
-1.229800
-8.025900
-15.793000
-25.502001
-29.385000
-27.443001
-23.559999
-12.880000
-0.258900
0.711970
0.711970
0.711970
5.566300
8.479000
2.653700
-5.113300
-10.939000
-16.764000
-15.793000
-9.967600
-2.200600
6.537200
10.421000
17.216999
19.159000
22.070999
30.809000
34.693001
30.809000
25.955000
22.070999
19.159000
9.449800
9.449800
11.392000
12.362000
12.362000
6.537200
-1.229800
-6.084100
-9.967600
-14.822000
-20.646999
-15.793000
-8.996800
-1.229800
6.537200
10.421000
9.449800
1.682800
-8.996800
-15.793000
-20.646999
-21.618000
-15.793000
-13.851000
-14.822000
-10.939000
-7.055000
0.711970
5.566300
5.566300
3.624600
4.595500
4.595500
-2.200600
-8.996800
-17.735001
-22.589001
-17.735001
-9.967600
-4.142400
-1.229800
0.711970
3.624600
1.682800
-2.200600
-1.229800
4.595500
7.508100
6.537200
4.595500
-0.258900
-3.171500
-7.055000
-10.939000
-1.229800
3.624600
8.479000
11.392000
9.449800
9.449800
14.304000
17.216999
16.246000
14.304000
12.362000
10.421000
6.537200
-5.113300
-15.793000
-22.589001
-22.589001
-18.705999
-13.851000
-4.142400
3.624600
7.508100
4.595500
-7.055000
-16.764000
-15.793000
-12.880000
-9.967600
-1.229800
8.479000
9.449800
6.537200
8.479000
9.449800
2.653700
-6.084100
-12.880000
-18.705999
-22.589001
-26.472000
-29.385000
-24.531000
-17.735001
-4.142400
8.479000
12.362000
11.392000
16.246000
18.188000
16.246000
11.392000
4.595500
1.682800
-2.200600
-12.880000
-20.646999
-20.646999
-7.055000
6.537200
5.566300
0.711970
1.682800
8.479000
12.362000
19.159000
24.013000
21.100000
19.159000
22.070999
22.070999
19.159000
13.333000
8.479000
1.682800
-5.113300
-10.939000
-13.851000
-7.055000
-2.200600
7.508100
13.333000
13.333000
12.362000
8.479000
0.711970
-4.142400
-7.055000
-10.939000
-15.793000
-10.939000
-7.055000
-6.084100
-8.025900
-4.142400
5.566300
13.333000
11.392000
3.624600
-2.200600
-8.996800
-20.646999
-30.356001
-36.181000
-27.443001
-15.793000
-17.735001
-12.880000
-8.996800
-7.055000
-7.055000
-8.025900
-4.142400
-5.113300
-12.880000
-17.735001
-14.822000
-8.025900
-5.113300
-10.939000
-13.851000
-10.939000
2.653700
11.392000
5.566300
1.682800
2.653700
4.595500
1.682800
-2.200600
-2.200600
0.711970
6.537200
13.333000
18.188000
15.275000
16.246000
22.070999
24.013000
23.042000
10.421000
5.566300
5.566300
-4.142400
-8.025900
-7.055000
-0.258900
7.508100
7.508100
0.711970
-2.200600
-2.200600
0.711970
2.653700
2.653700
1.682800
-5.113300
-8.996800
-7.055000
-0.258900
2.653700
-1.229800
-2.200600
2.653700
6.537200
13.333000
8.479000
2.653700
2.653700
-0.258900
-5.113300
-8.025900
-0.258900
12.362000
19.159000
18.188000
6.537200
0.711970
-3.171500
-1.229800
-1.229800
-9.967600
-20.646999
-18.705999
-8.996800
-2.200600
-1.229800
-0.258900
2.653700
2.653700
3.624600
14.304000
18.188000
16.246000
3.624600
-7.055000
-12.880000
-7.055000
-4.142400
-8.996800
-3.171500
3.624600
5.566300
5.566300
5.566300
6.537200
7.508100
1.682800
-1.229800
0.711970
-1.229800
-8.025900
-13.851000
-12.880000
-8.996800
-8.025900
-3.171500
1.682800
-4.142400
-9.967600
-10.939000
-2.200600
11.392000
17.216999
11.392000
5.566300
-2.200600
-9.967600
-13.851000
-21.618000
-22.589001
-20.646999
-11.909000
-2.200600
3.624600
16.246000
24.013000
28.867001
30.809000
26.926001
24.983999
20.129000
12.362000
9.449800
5.566300
3.624600
3.624600
2.653700
7.508100
12.362000
10.421000
7.508100
0.711970
-2.200600
-1.229800
-1.229800
-1.229800
-7.055000
-14.822000
-16.764000
-21.618000
-22.589001
-22.589001
-26.472000
-27.443001
-18.705999
-5.113300
5.566300
22.070999
27.896000
23.042000
17.216999
3.624600
-12.880000
-20.646999
-15.793000
-12.880000
-4.142400
1.682800
4.595500
7.508100
6.537200
10.421000
11.392000
12.362000
10.421000
1.682800
-2.200600
-2.200600
-5.113300
-8.996800
-11.909000
-16.764000
-16.764000
-10.939000
-3.171500
1.682800
-3.171500
-6.084100
-4.142400
-5.113300
-3.171500
-3.171500
-10.939000
-21.618000
-33.269001
-46.861000
-48.803001
-37.152000
-24.531000
-16.764000
-1.229800
14.304000
25.955000
27.896000
26.926001
21.100000
18.188000
10.421000
-0.258900
-3.171500
0.711970
3.624600
-0.258900
-8.996800
6.537200
27.896000
33.722000
35.662998
38.576000
37.605000
34.693001
25.955000
14.304000
7.508100
0.711970
-3.171500
-7.055000
-10.939000
-12.880000
-15.793000
-12.880000
-5.113300
5.566300
8.479000
4.595500
1.682800
-0.258900
-3.171500
-10.939000
-13.851000
-8.025900
-3.171500
-4.142400
-5.113300
-4.142400
1.682800
7.508100
11.392000
15.275000
14.304000
1.682800
-7.055000
-16.764000
-33.269001
-43.948002
-46.861000
-41.035999
-31.327000
-22.589001
-14.822000
-4.142400
8.479000
15.275000
16.246000
12.362000
6.537200
-7.055000
-21.618000
-28.414000
-28.414000
-25.502001
-17.735001
-8.025900
3.624600
19.159000
30.809000
36.633999
37.605000
28.867001
21.100000
10.421000
-1.229800
-2.200600
-6.084100
-16.764000
-20.646999
-21.618000
-10.939000
-2.200600
6.537200
14.304000
21.100000
27.896000
37.605000
43.430000
39.547001
33.722000
24.983999
12.362000
7.508100
0.711970
-8.996800
-16.764000
-18.705999
-7.055000
2.653700
10.421000
12.362000
16.246000
19.159000
23.042000
24.983999
16.246000
5.566300
-8.025900
-19.676001
-25.502001
-29.385000
-30.356001
-20.646999
-8.996800
0.711970
7.508100
10.421000
8.479000
3.624600
-2.200600
-8.996800
-9.967600
-5.113300
-2.200600
2.653700
4.595500
2.653700
-2.200600
-6.084100
-6.084100
-7.055000
1.682800
1.682800
0.711970
6.537200
8.479000
8.479000
-0.258900
-9.967600
-14.822000
-9.967600
-8.025900
-15.793000
-19.676001
-19.676001
-12.880000
-4.142400
7.508100
17.216999
14.304000
5.566300
-3.171500
-17.735001
-27.443001
-33.269001
-30.356001
-27.443001
-29.385000
-20.646999
-3.171500
7.508100
14.304000
19.159000
22.070999
20.129000
23.042000
28.867001
30.809000
26.926001
9.449800
-6.084100
-13.851000
-9.967600
3.624600
7.508100
8.479000
10.421000
7.508100
6.537200
9.449800
12.362000
13.333000
15.275000
13.333000
6.537200
3.624600
-8.025900
-11.909000
-5.113300
-5.113300
-6.084100
-3.171500
2.653700
9.449800
13.333000
12.362000
8.479000
2.653700
-5.113300
-13.851000
-10.939000
-2.200600
6.537200
10.421000
9.449800
7.508100
2.653700
-5.113300
-1.229800
