-8.802600
-9.773500
-10.744000
-3.948200
-4.919100
2.847900
5.760500
6.731400
1.877000
-1.035600
-5.890000
-11.715000
-14.628000
-21.424000
-18.511000
-13.657000
-11.715000
-3.948200
2.847900
5.760500
7.702300
7.702300
10.615000
10.615000
4.789600
-0.064720
-6.860800
-5.890000
-11.715000
-5.890000
-3.948200
-6.860800
-3.948200
-2.006500
1.877000
-0.064720
9.644000
14.498000
12.557000
14.498000
10.615000
7.702300
3.818800
-2.006500
-6.860800
0.906150
5.760500
2.847900
3.818800
5.760500
4.789600
4.789600
5.760500
8.673100
11.586000
9.644000
3.818800
1.877000
-2.006500
-2.977300
-3.948200
-2.977300
-6.860800
-4.919100
4.789600
11.586000
14.498000
11.586000
2.847900
3.818800
9.644000
5.760500
2.847900
-2.006500
-11.715000
-12.686000
-11.715000
-2.977300
1.877000
4.789600
7.702300
5.760500
1.877000
-1.035600
4.789600
4.789600
4.789600
7.702300
3.818800
-2.977300
-8.802600
-10.744000
-12.686000
-12.686000
-6.860800
-6.860800
0.906150
7.702300
4.789600
1.877000
3.818800
14.498000
18.382000
14.498000
8.673100
0.906150
-5.890000
-15.599000
-20.452999
-11.715000
-0.064720
8.673100
14.498000
14.498000
12.557000
15.469000
19.353001
24.207001
25.177999
23.236000
19.353001
12.557000
3.818800
-1.035600
-2.006500
-4.919100
-2.006500
-1.035600
-4.919100
-8.802600
-10.744000
-8.802600
-6.860800
0.906150
3.818800
5.760500
6.731400
3.818800
-2.006500
-8.802600
-13.657000
-20.452999
-25.306999
-31.132999
-22.395000
-17.540001
-23.365999
-14.628000
-2.006500
4.789600
4.789600
-0.064720
-2.977300
-8.802600
-15.599000
-21.424000
-24.337000
-28.219999
-27.249001
-24.337000
-20.452999
-15.599000
-11.715000
-12.686000
-7.831700
-5.890000
-3.948200
2.847900
15.469000
19.353001
17.410999
17.410999
15.469000
14.498000
8.673100
4.789600
10.615000
13.528000
11.586000
10.615000
4.789600
5.760500
3.818800
10.615000
16.440001
15.469000
13.528000
10.615000
6.731400
1.877000
-3.948200
-4.919100
-11.715000
-12.686000
-2.977300
4.789600
10.615000
20.323999
28.091000
26.149000
24.207001
18.382000
13.528000
8.673100
-1.035600
-2.977300
-2.977300
-0.064720
4.789600
8.673100
10.615000
7.702300
6.731400
6.731400
1.877000
-3.948200
-5.890000
-10.744000
-14.628000
-15.599000
-14.628000
-13.657000
-14.628000
-19.482000
-20.452999
-19.482000
-6.860800
1.877000
11.586000
13.528000
4.789600
-3.948200
-16.570000
-21.424000
-26.278000
-25.306999
-21.424000
-15.599000
-11.715000
-3.948200
-0.064720
2.847900
-2.977300
-2.977300
-1.035600
-2.977300
-3.948200
-4.919100
-7.831700
-4.919100
1.877000
7.702300
4.789600
7.702300
11.586000
7.702300
9.644000
13.528000
12.557000
12.557000
11.586000
6.731400
5.760500
6.731400
2.847900
2.847900
-3.948200
-2.977300
-3.948200
-9.773500
-12.686000
-16.570000
-13.657000
-8.802600
-10.744000
-2.977300
2.847900
-2.006500
-13.657000
-18.511000
-17.540001
-17.540001
-15.599000
-11.715000
-2.977300
0.906150
-1.035600
-1.035600
-1.035600
-1.035600
-9.773500
-3.948200
-2.977300
-6.860800
-8.802600
-14.628000
-17.540001
-13.657000
-4.919100
7.702300
17.410999
25.177999
31.003000
29.061001
21.294001
16.440001
23.236000
24.207001
21.294001
23.236000
23.236000
21.294001
11.586000
8.673100
5.760500
6.731400
14.498000
22.264999
30.032000
32.945000
29.061001
30.032000
29.061001
23.236000
21.294001
19.353001
18.382000
17.410999
7.702300
4.789600
-0.064720
-5.890000
-6.860800
-6.860800
-5.890000
-2.977300
-1.035600
7.702300
13.528000
16.440001
18.382000
15.469000
9.644000
4.789600
-0.064720
-7.831700
-6.860800
-6.860800
-10.744000
-13.657000
-11.715000
-5.890000
-2.977300
0.906150
8.673100
7.702300
-0.064720
-5.890000
-11.715000
-18.511000
-21.424000
-21.424000
-26.278000
-32.104000
-30.162001
-25.306999
-20.452999
-16.570000
-10.744000
-6.860800
-6.860800
-2.977300
1.877000
-0.064720
-0.064720
-3.948200
-12.686000
-10.744000
-5.890000
-1.035600
0.906150
2.847900
7.702300
8.673100
15.469000
13.528000
4.789600
0.906150
1.877000
9.644000
14.498000
24.207001
27.120001
22.264999
19.353001
15.469000
10.615000
8.673100
5.760500
3.818800
-3.948200
-13.657000
-17.540001
-17.540001
-11.715000
-10.744000
-2.977300
1.877000
6.731400
9.644000
3.818800
-1.035600
-5.890000
-11.715000
-10.744000
-16.570000
-17.540001
-17.540001
-19.482000
-10.744000
-6.860800
3.818800
8.673100
5.760500
6.731400
7.702300
5.760500
4.789600
6.731400
7.702300
7.702300
9.644000
5.760500
6.731400
7.702300
3.818800
-2.977300
-6.860800
-6.860800
-6.860800
-8.802600
-6.860800
-5.890000
-6.860800
-10.744000
-6.860800
0.906150
3.818800
3.818800
-0.064720
-6.860800
-11.715000
-15.599000
-14.628000
-13.657000
-13.657000
-9.773500
-3.948200
2.847900
4.789600
8.673100
4.789600
-0.064720
-3.948200
-7.831700
-11.715000
-16.570000
-19.482000
-13.657000
-6.860800
-1.035600
8.673100
14.498000
21.294001
22.264999
15.469000
15.469000
12.557000
3.818800
0.906150
-1.035600
-2.006500
-0.064720
-1.035600
4.789600
7.702300
5.760500
5.760500
3.818800
7.702300
15.469000
15.469000
7.702300
3.818800
-5.890000
-15.599000
-16.570000
-13.657000
-2.977300
0.906150
0.906150
3.818800
4.789600
3.818800
5.760500
8.673100
16.440001
17.410999
13.528000
10.615000
0.906150
-10.744000
-16.570000
-11.715000
-2.977300
3.818800
8.673100
7.702300
8.673100
11.586000
9.644000
6.731400
4.789600
6.731400
9.644000
12.557000
12.557000
10.615000
10.615000
7.702300
10.615000
16.440001
13.528000
8.673100
1.877000
-4.919100
-11.715000
-19.482000
-23.365999
-18.511000
-12.686000
-8.802600
-0.064720
4.789600
4.789600
3.818800
4.789600
2.847900
-1.035600
-5.890000
-10.744000
-20.452999
-21.424000
-17.540001
-11.715000
-5.890000
-2.977300
-0.064720
9.644000
16.440001
19.353001
19.353001
15.469000
12.557000
6.731400
0.906150
6.731400
12.557000
10.615000
5.760500
3.818800
3.818800
3.818800
1.877000
-2.977300
3.818800
3.818800
-2.977300
-2.006500
-2.006500
2.847900
0.906150
-8.802600
-10.744000
-12.686000
-17.540001
-16.570000
-15.599000
-9.773500
-9.773500
-14.628000
-13.657000
-13.657000
-6.860800
-7.831700
-6.860800
-8.802600
-15.599000
-21.424000
-24.337000
-29.191000
-25.306999
-18.511000
-20.452999
-14.628000
-10.744000
-12.686000
-10.744000
-6.860800
-4.919100
-3.948200
0.906150
3.818800
2.847900
2.847900
2.847900
0.906150
-2.977300
-5.890000
-2.977300
-1.035600
-0.064720
0.906150
-0.064720
3.818800
-0.064720
3.818800
13.528000
16.440001
19.353001
20.323999
13.528000
2.847900
-2.006500
3.818800
13.528000
21.294001
22.264999
22.264999
20.323999
13.528000
5.760500
-2.977300
-2.006500
-2.006500
1.877000
3.818800
-0.064720
-2.977300
-4.919100
3.818800
6.731400
2.847900
-1.035600
0.906150
2.847900
1.877000
4.789600
8.673100
4.789600
-2.006500
-4.919100
-6.860800
-2.977300
2.847900
0.906150
3.818800
1.877000
-5.890000
-3.948200
0.906150
0.906150
-2.006500
-2.006500
-5.890000
-13.657000
-12.686000
-6.860800
-3.948200
-6.860800
-2.006500
0.906150
-0.064720
-2.977300
-5.890000
-1.035600
0.906150
0.906150
1.877000
5.760500
10.615000
9.644000
2.847900
-3.948200
-7.831700
-11.715000
-11.715000
-14.628000
-14.628000
-8.802600
-5.890000
-0.064720
0.906150
2.847900
2.847900
-4.919100
-11.715000
-14.628000
-16.570000
-24.337000
-17.540001
-9.773500
-8.802600
-5.890000
-5.890000
-3.948200
-2.006500
0.906150
7.702300
14.498000
15.469000
17.410999
15.469000
10.615000
6.731400
8.673100
6.731400
3.818800
6.731400
6.731400
12.557000
13.528000
22.264999
29.061001
30.032000
33.916000
33.916000
36.827999
32.945000
24.207001
25.177999
22.264999
14.498000
8.673100
4.789600
-2.977300
3.818800
6.731400
5.760500
9.644000
12.557000
19.353001
25.177999
20.323999
21.294001
17.410999
10.615000
1.877000
-7.831700
-13.657000
-14.628000
-17.540001
-20.452999
-14.628000
-9.773500
-13.657000
-14.628000
-15.599000
-17.540001
-20.452999
-17.540001
-16.570000
-17.540001
-23.365999
-27.249001
-29.191000
-28.219999
-28.219999
-20.452999
-9.773500
-7.831700
-6.860800
-11.715000
-17.540001
-20.452999
-23.365999
-30.162001
-19.482000
-12.686000
-13.657000
-10.744000
-7.831700
-4.919100
-1.035600
1.877000
-2.006500
-3.948200
-2.006500
-1.035600
-1.035600
-2.006500
0.906150
-7.831700
-6.860800
-6.860800
-6.860800
-4.919100
-7.831700
-4.919100
-3.948200
0.906150
8.673100
9.644000
8.673100
12.557000
12.557000
10.615000
8.673100
4.789600
-8.802600
-14.628000
-17.540001
-17.540001
-15.599000
-13.657000
-10.744000
-15.599000
-9.773500
-2.977300
-3.948200
-3.948200
-4.919100
-2.977300
1.877000
-2.006500
-9.773500
-17.540001
-14.628000
-12.686000
-13.657000
-10.744000
-10.744000
-10.744000
-9.773500
-6.860800
-4.919100
-2.006500
-1.035600
-6.860800
-5.890000
-1.035600
4.789600
9.644000
13.528000
11.586000
10.615000
11.586000
11.586000
8.673100
2.847900
-3.948200
-10.744000
-18.511000
-17.540001
-13.657000
-8.802600
0.906150
6.731400
8.673100
9.644000
14.498000
14.498000
6.731400
0.906150
-2.006500
-3.948200
-5.890000
-2.977300
-4.919100
-2.977300
5.760500
10.615000
12.557000
19.353001
21.294001
28.091000
29.061001
24.207001
22.264999
18.382000
9.644000
-0.064720
-6.860800
-6.860800
-5.890000
-3.948200
1.877000
5.760500
10.615000
20.323999
27.120001
30.032000
31.003000
27.120001
22.264999
18.382000
11.586000
3.818800
-2.006500
-5.890000
-10.744000
-14.628000
-7.831700
-1.035600
-4.919100
-2.977300
8.673100
17.410999
24.207001
24.207001
20.323999
15.469000
6.731400
-0.064720
-6.860800
-13.657000
-17.540001
-16.570000
-13.657000
-9.773500
-4.919100
-2.977300
1.877000
4.789600
1.877000
9.644000
16.440001
14.498000
9.644000
5.760500
3.818800
0.906150
-2.006500
-2.977300
-2.977300
3.818800
4.789600
2.847900
5.760500
3.818800
-0.064720
-5.890000
-9.773500
-9.773500
-9.773500
-5.890000
-2.006500
-2.977300
-3.948200
-5.890000
-7.831700
-5.890000
0.906150
4.789600
3.818800
1.877000
-3.948200
-11.715000
-14.628000
-14.628000
-20.452999
-18.511000
-16.570000
-16.570000
-10.744000
-5.890000
-6.860800
-1.035600
3.818800
1.877000
2.847900
10.615000
13.528000
8.673100
0.906150
-5.890000
-2.977300
-1.035600
-0.064720
-2.977300
0.906150
4.789600
9.644000
21.294001
26.149000
28.091000
27.120001
22.264999
15.469000
13.528000
11.586000
9.644000
4.789600
-4.919100
-11.715000
-13.657000
-9.773500
-5.890000
1.877000
12.557000
17.410999
16.440001
14.498000
9.644000
5.760500
5.760500
2.847900
1.877000
-2.977300
-7.831700
-9.773500
-12.686000
-10.744000
-11.715000
