-12.444000
-14.349000
-15.302000
-14.349000
-18.159000
-21.968000
-19.111000
-1.968300
14.222000
24.698000
29.459999
23.746000
12.317000
1.841300
-8.634900
-18.159000
-19.111000
-13.397000
-9.587300
-6.730200
-0.063490
7.555600
13.270000
16.127001
19.937000
23.746000
18.032000
6.603200
-8.634900
-15.302000
-8.634900
-4.825400
-3.873000
1.841300
5.650800
4.698400
0.888890
-1.968300
-3.873000
-1.015900
3.746000
5.650800
2.793700
-0.063490
3.746000
1.841300
-5.777800
-9.587300
-9.587300
-6.730200
-3.873000
-1.968300
-0.063490
7.555600
8.507900
8.507900
9.460300
5.650800
4.698400
5.650800
-0.063490
-4.825400
-6.730200
-6.730200
-2.920600
6.603200
13.270000
12.317000
6.603200
2.793700
2.793700
2.793700
-1.968300
-5.777800
-10.540000
-8.634900
-4.825400
-4.825400
1.841300
3.746000
6.603200
12.317000
12.317000
13.270000
10.413000
2.793700
-3.873000
-11.492000
-14.349000
-15.302000
-11.492000
-2.920600
1.841300
4.698400
8.507900
8.507900
1.841300
-2.920600
-2.920600
-1.015900
-0.063490
2.793700
6.603200
6.603200
6.603200
7.555600
8.507900
13.270000
12.317000
6.603200
-0.063490
-1.015900
-3.873000
-2.920600
1.841300
0.888890
-1.015900
-4.825400
-5.777800
-6.730200
-4.825400
-1.015900
3.746000
10.413000
15.175000
14.222000
8.507900
-2.920600
-6.730200
-5.777800
-1.968300
-1.968300
0.888890
1.841300
3.746000
8.507900
3.746000
1.841300
9.460300
12.317000
18.983999
18.983999
13.270000
-1.968300
-18.159000
-25.778000
-23.872999
-14.349000
-6.730200
-0.063490
9.460300
15.175000
18.983999
18.032000
14.222000
9.460300
5.650800
0.888890
-4.825400
-9.587300
-17.205999
-19.111000
-16.254000
-7.682500
0.888890
8.507900
12.317000
11.365000
10.413000
9.460300
5.650800
1.841300
-8.634900
-21.968000
-27.683001
-28.635000
-24.825001
-16.254000
-5.777800
-0.063490
1.841300
3.746000
5.650800
5.650800
9.460300
15.175000
12.317000
3.746000
-7.682500
-9.587300
-4.825400
-5.777800
-8.634900
-4.825400
-0.063490
-4.825400
-16.254000
-24.825001
-22.921000
-12.444000
-1.968300
6.603200
15.175000
14.222000
7.555600
7.555600
2.793700
-6.730200
-11.492000
-16.254000
-19.111000
-17.205999
-11.492000
-4.825400
-1.015900
-1.968300
-2.920600
3.746000
5.650800
3.746000
3.746000
3.746000
2.793700
4.698400
3.746000
-0.063490
-9.587300
-16.254000
-21.016001
-16.254000
-3.873000
1.841300
0.888890
0.888890
7.555600
18.983999
25.650999
22.794001
11.365000
-1.015900
-11.492000
-15.302000
-16.254000
-13.397000
-3.873000
6.603200
21.841000
31.365000
30.413000
24.698000
17.079000
6.603200
-5.777800
-12.444000
-19.111000
-21.016001
-10.540000
-0.063490
7.555600
10.413000
14.222000
15.175000
8.507900
3.746000
-1.968300
-4.825400
-4.825400
-5.777800
-5.777800
-3.873000
-1.968300
-2.920600
4.698400
20.889000
32.317001
27.556000
12.317000
-2.920600
-17.205999
-21.016001
-13.397000
-15.302000
-11.492000
1.841300
16.127001
19.937000
17.079000
12.317000
3.746000
-4.825400
-9.587300
-6.730200
-1.968300
2.793700
2.793700
-2.920600
-5.777800
-1.968300
-0.063490
-0.063490
-1.968300
-7.682500
-14.349000
-14.349000
-15.302000
-9.587300
-1.015900
0.888890
10.413000
22.794001
29.459999
32.317001
24.698000
8.507900
-11.492000
-23.872999
-26.730000
-21.016001
-12.444000
-8.634900
-4.825400
2.793700
16.127001
20.889000
20.889000
8.507900
-6.730200
-16.254000
-21.968000
-23.872999
-23.872999
-19.111000
-6.730200
9.460300
21.841000
23.746000
20.889000
15.175000
9.460300
2.793700
-4.825400
-9.587300
-18.159000
-28.635000
-28.635000
-25.778000
-17.205999
0.888890
14.222000
17.079000
17.079000
21.841000
21.841000
18.032000
14.222000
1.841300
-9.587300
-16.254000
-21.968000
-18.159000
-2.920600
18.032000
28.507999
28.507999
28.507999
26.603001
19.937000
8.507900
-12.444000
-27.683001
-38.159000
-40.063000
-32.444000
-10.540000
18.032000
32.317001
38.032001
38.984001
37.078999
27.556000
9.460300
-9.587300
-24.825001
-28.635000
-27.683001
-19.111000
-7.682500
5.650800
18.983999
30.413000
32.317001
25.650999
18.032000
7.555600
0.888890
-5.777800
-16.254000
-21.968000
-26.730000
-28.635000
-23.872999
-19.111000
-12.444000
-7.682500
2.793700
8.507900
10.413000
13.270000
15.175000
13.270000
5.650800
-0.063490
-8.634900
-12.444000
-10.540000
-7.682500
-0.063490
7.555600
10.413000
12.317000
13.270000
18.983999
15.175000
6.603200
8.507900
7.555600
-0.063490
-2.920600
-4.825400
-3.873000
-1.015900
3.746000
7.555600
9.460300
12.317000
14.222000
11.365000
4.698400
5.650800
9.460300
15.175000
20.889000
18.983999
12.317000
4.698400
-6.730200
-20.063000
-29.587000
-32.444000
-28.635000
-17.205999
-1.015900
12.317000
19.937000
23.746000
22.794001
15.175000
5.650800
-8.634900
-25.778000
-40.063000
-44.825001
-32.444000
-9.587300
6.603200
13.270000
14.222000
6.603200
1.841300
-0.063490
-1.968300
-2.920600
-8.634900
-18.159000
-26.730000
-29.587000
-23.872999
-12.444000
-2.920600
-0.063490
-1.968300
-1.015900
-1.968300
-5.777800
-12.444000
-15.302000
-12.444000
-9.587300
-9.587300
-7.682500
-7.682500
-6.730200
-4.825400
-2.920600
1.841300
5.650800
7.555600
4.698400
2.793700
-6.730200
-7.682500
1.841300
6.603200
7.555600
11.365000
18.983999
17.079000
9.460300
4.698400
3.746000
0.888890
-0.063490
1.841300
4.698400
10.413000
12.317000
2.793700
-9.587300
-12.444000
-11.492000
-13.397000
-12.444000
-1.015900
14.222000
27.556000
35.174999
37.078999
34.222000
21.841000
5.650800
-9.587300
-25.778000
-33.396999
-31.492001
-15.302000
5.650800
20.889000
29.459999
31.365000
29.459999
20.889000
12.317000
4.698400
-4.825400
-8.634900
-13.397000
-16.254000
-7.682500
-1.015900
3.746000
5.650800
2.793700
-1.968300
-4.825400
-5.777800
-2.920600
2.793700
8.507900
7.555600
-0.063490
-9.587300
-12.444000
-13.397000
-12.444000
-10.540000
-7.682500
-1.968300
3.746000
3.746000
0.888890
-4.825400
-13.397000
-21.968000
-25.778000
-20.063000
-2.920600
12.317000
20.889000
21.841000
21.841000
18.032000
12.317000
2.793700
-2.920600
-6.730200
-14.349000
-17.205999
-13.397000
-9.587300
-7.682500
-4.825400
2.793700
8.507900
12.317000
10.413000
7.555600
8.507900
4.698400
1.841300
-1.968300
-8.634900
-8.634900
-12.444000
-16.254000
-15.302000
-13.397000
-9.587300
-1.968300
9.460300
18.983999
15.175000
6.603200
-3.873000
-16.254000
-19.111000
-15.302000
-14.349000
-9.587300
-9.587300
-14.349000
-5.777800
12.317000
21.841000
21.841000
21.841000
11.365000
-1.015900
-11.492000
-17.205999
-16.254000
-9.587300
-0.063490
6.603200
17.079000
29.459999
32.317001
26.603001
15.175000
0.888890
-13.397000
-21.016001
-21.016001
-19.111000
-19.111000
-12.444000
-0.063490
8.507900
13.270000
16.127001
20.889000
20.889000
16.127001
13.270000
2.793700
-9.587300
-23.872999
-34.348999
-29.587000
-19.111000
-8.634900
7.555600
21.841000
28.507999
23.746000
16.127001
7.555600
6.603200
5.650800
-0.063490
-1.968300
0.888890
0.888890
-1.968300
-4.825400
-4.825400
-2.920600
4.698400
8.507900
5.650800
-1.968300
-3.873000
2.793700
2.793700
-1.968300
-4.825400
-6.730200
-11.492000
-20.063000
-18.159000
-8.634900
1.841300
10.413000
15.175000
20.889000
23.746000
18.983999
13.270000
1.841300
-11.492000
-17.205999
-10.540000
-1.015900
6.603200
10.413000
10.413000
5.650800
0.888890
-4.825400
-5.777800
-5.777800
-10.540000
-17.205999
-24.825001
-25.778000
-18.159000
-11.492000
-8.634900
0.888890
11.365000
18.983999
19.937000
15.175000
9.460300
1.841300
-1.968300
-2.920600
-0.063490
4.698400
4.698400
5.650800
9.460300
8.507900
9.460300
9.460300
6.603200
7.555600
4.698400
6.603200
7.555600
7.555600
13.270000
18.983999
19.937000
18.032000
17.079000
14.222000
12.317000
12.317000
10.413000
5.650800
-5.777800
-18.159000
-27.683001
-23.872999
-13.397000
-5.777800
5.650800
15.175000
17.079000
11.365000
4.698400
-2.920600
-7.682500
-7.682500
-4.825400
-6.730200
-12.444000
-18.159000
-21.968000
-19.111000
-11.492000
-2.920600
3.746000
2.793700
-6.730200
-21.968000
-32.444000
-41.015999
-41.967999
-36.254002
-24.825001
-7.682500
10.413000
19.937000
25.650999
26.603001
19.937000
14.222000
1.841300
-16.254000
-27.683001
-31.492001
-32.444000
-22.921000
-4.825400
11.365000
23.746000
30.413000
28.507999
20.889000
11.365000
3.746000
-6.730200
-17.205999
-27.683001
-28.635000
-20.063000
-11.492000
-1.968300
6.603200
13.270000
17.079000
18.032000
15.175000
9.460300
3.746000
-1.015900
-8.634900
-14.349000
-14.349000
-7.682500
0.888890
13.270000
18.032000
17.079000
19.937000
19.937000
16.127001
10.413000
7.555600
16.127001
17.079000
18.032000
14.222000
9.460300
9.460300
8.507900
3.746000
-4.825400
-10.540000
-8.634900
-1.015900
8.507900
15.175000
18.983999
18.032000
13.270000
4.698400
-2.920600
-8.634900
-8.634900
-1.015900
12.317000
18.983999
24.698000
27.556000
26.603001
20.889000
8.507900
-3.873000
-10.540000
-17.205999
-25.778000
-22.921000
-23.872999
-19.111000
-3.873000
6.603200
4.698400
-1.968300
-9.587300
-16.254000
-22.921000
-27.683001
-27.683001
-23.872999
-20.063000
-10.540000
-2.920600
-0.063490
0.888890
0.888890
1.841300
-1.015900
-4.825400
-1.968300
-6.730200
-10.540000
-7.682500
0.888890
6.603200
5.650800
0.888890
-1.015900
-4.825400
-12.444000
-19.111000
-18.159000
-14.349000
-1.968300
9.460300
18.032000
23.746000
26.603001
25.650999
18.032000
8.507900
-2.920600
-20.063000
-35.301998
-39.111000
-27.683001
-10.540000
-0.063490
14.222000
27.556000
34.222000
30.413000
22.794001
12.317000
-4.825400
-15.302000
-21.968000
-29.587000
-32.444000
-24.825001
-10.540000
7.555600
21.841000
31.365000
37.078999
32.317001
21.841000
8.507900
-4.825400
-17.205999
-21.016001
-20.063000
-18.159000
-13.397000
-1.015900
8.507900
14.222000
18.983999
18.032000
10.413000
-2.920600
-14.349000
-20.063000
-21.968000
-21.016001
-15.302000
-5.777800
6.603200
16.127001
15.175000
10.413000
6.603200
1.841300
-3.873000
-1.015900
0.888890
3.746000
6.603200
10.413000
18.983999
20.889000
15.175000
9.460300
8.507900
4.698400
-3.873000
-11.492000
-12.444000
-7.682500
-5.777800
-12.444000
-17.205999
-13.397000
-2.920600
8.507900
10.413000
10.413000
7.555600
2.793700
2.793700
4.698400
-2.920600
-7.682500
-5.777800
-1.968300
-0.063490
1.841300
6.603200
10.413000
12.317000
17.079000
21.841000
18.032000
5.650800
-11.492000
-16.254000
-10.540000
-5.777800
1.841300
7.555600
16.127001
23.746000
23.746000
15.175000
12.317000
9.460300
-3.873000
-19.111000
-23.872999
-13.397000
-6.730200
-2.920600
-0.063490
0.888890
8.507900
11.365000
10.413000
3.746000
