-3.800300
-9.597400
-13.462000
-12.496000
-12.496000
-9.597400
-6.698900
2.963000
8.760100
13.591000
15.523000
11.659000
7.793900
0.064410
-8.631200
-18.292999
-21.191999
-18.292999
-15.395000
-14.428000
-6.698900
6.827700
19.388000
25.184999
27.118000
26.150999
17.455999
3.929100
-15.395000
-24.090000
-17.327000
-7.665100
-1.868000
3.929100
9.726200
17.455999
20.354000
17.455999
8.760100
4.895300
4.895300
2.963000
-3.800300
-14.428000
-16.361000
-10.564000
-3.800300
3.929100
9.726200
11.659000
7.793900
4.895300
6.827700
13.591000
8.760100
-3.800300
-14.428000
-16.361000
-10.564000
-0.901770
1.030600
0.064410
-3.800300
-1.868000
2.963000
10.692000
18.422001
18.422001
14.557000
13.591000
14.557000
9.726200
0.064410
-8.631200
-18.292999
-21.191999
-13.462000
-4.766500
2.963000
8.760100
15.523000
21.320000
23.253000
22.287001
15.523000
7.793900
5.861500
2.963000
-0.901770
-6.698900
-16.361000
-21.191999
-20.225000
-11.530000
1.030600
8.760100
7.793900
2.963000
2.963000
6.827700
11.659000
18.422001
24.219000
23.253000
16.490000
8.760100
1.996800
-1.868000
-8.631200
-18.292999
-25.056000
-21.191999
-12.496000
-0.901770
11.659000
13.591000
13.591000
12.625000
12.625000
8.760100
0.064410
-11.530000
-21.191999
-22.158001
-18.292999
-13.462000
-8.631200
-8.631200
-5.732700
1.030600
10.692000
17.455999
24.219000
24.219000
14.557000
2.963000
-9.597400
-13.462000
-7.665100
-2.834100
5.861500
8.760100
7.793900
1.030600
-8.631200
-8.631200
-0.901770
13.591000
27.118000
25.184999
18.422001
8.760100
-0.901770
-3.800300
-4.766500
-4.766500
-5.732700
-9.597400
-14.428000
-15.395000
-16.361000
-16.361000
-15.395000
-10.564000
-0.901770
11.659000
23.253000
30.982000
32.915001
27.118000
14.557000
1.996800
-13.462000
-29.886999
-39.549000
-38.583000
-28.921000
-16.361000
-3.800300
5.861500
13.591000
15.523000
14.557000
14.557000
16.490000
18.422001
13.591000
1.996800
-12.496000
-17.327000
-16.361000
-20.225000
-28.921000
-29.886999
-21.191999
-12.496000
-4.766500
6.827700
16.490000
22.287001
19.388000
13.591000
9.726200
4.895300
-1.868000
-8.631200
-18.292999
-24.090000
-20.225000
-12.496000
-5.732700
-4.766500
-6.698900
-6.698900
-1.868000
-4.766500
-10.564000
-11.530000
-14.428000
-16.361000
-12.496000
-4.766500
4.895300
13.591000
11.659000
3.929100
-3.800300
-7.665100
-11.530000
-10.564000
-9.597400
-8.631200
-7.665100
-1.868000
11.659000
24.219000
29.049999
27.118000
16.490000
3.929100
-7.665100
-18.292999
-27.955000
-28.921000
-22.158001
-11.530000
4.895300
18.422001
25.184999
26.150999
22.287001
14.557000
1.996800
-6.698900
-10.564000
-12.496000
-9.597400
-3.800300
4.895300
17.455999
27.118000
30.982000
27.118000
16.490000
3.929100
-4.766500
-10.564000
-13.462000
-9.597400
0.064410
8.760100
13.591000
22.287001
30.982000
33.881001
24.219000
12.625000
0.064410
-13.462000
-23.124001
-25.056000
-27.955000
-24.090000
-9.597400
6.827700
21.320000
33.881001
43.542999
42.576000
32.915001
16.490000
1.030600
-11.530000
-18.292999
-26.023001
-31.820000
-30.853001
-24.090000
-15.395000
-6.698900
6.827700
15.523000
16.490000
9.726200
0.064410
-3.800300
-3.800300
-3.800300
0.064410
5.861500
15.523000
23.253000
26.150999
22.287001
6.827700
-13.462000
-28.921000
-38.583000
-32.785999
-16.361000
-0.901770
10.692000
21.320000
30.982000
35.813000
30.016001
18.422001
6.827700
-3.800300
-16.361000
-28.921000
-32.785999
-23.124001
-7.665100
8.760100
17.455999
21.320000
22.287001
18.422001
12.625000
7.793900
-0.901770
-16.361000
-31.820000
-33.751999
-26.023001
-18.292999
-7.665100
1.030600
4.895300
7.793900
13.591000
19.388000
25.184999
30.016001
20.354000
1.996800
-13.462000
-25.056000
-31.820000
-24.090000
-6.698900
4.895300
7.793900
10.692000
14.557000
18.422001
14.557000
1.996800
-13.462000
-26.989000
-27.955000
-19.259001
-6.698900
9.726200
12.625000
7.793900
6.827700
8.760100
10.692000
5.861500
-2.834100
-5.732700
-0.901770
-0.901770
-2.834100
-3.800300
-0.901770
7.793900
19.388000
24.219000
23.253000
23.253000
19.388000
15.523000
9.726200
-1.868000
-12.496000
-21.191999
-25.056000
-23.124001
-22.158001
-21.191999
-16.361000
1.030600
21.320000
37.745998
41.610001
37.745998
33.881001
24.219000
12.625000
-2.834100
-16.361000
-25.056000
-29.886999
-25.056000
-13.462000
-1.868000
11.659000
23.253000
31.948000
28.084000
17.455999
10.692000
2.963000
-9.597400
-19.259001
-22.158001
-19.259001
-10.564000
-1.868000
4.895300
9.726200
11.659000
8.760100
2.963000
-3.800300
0.064410
8.760100
16.490000
20.354000
19.388000
13.591000
7.793900
0.064410
-9.597400
-19.259001
-26.989000
-28.921000
-24.090000
-11.530000
-0.901770
5.861500
6.827700
3.929100
1.030600
1.996800
2.963000
-5.732700
-20.225000
-33.751999
-33.751999
-23.124001
-7.665100
1.996800
3.929100
-2.834100
-7.665100
-9.597400
-8.631200
-6.698900
-7.665100
-12.496000
-16.361000
-13.462000
-8.631200
-5.732700
-5.732700
-10.564000
-16.361000
-15.395000
-11.530000
-11.530000
-17.327000
-18.292999
-9.597400
-0.901770
-0.901770
0.064410
4.895300
8.760100
10.692000
7.793900
1.996800
-5.732700
-11.530000
-15.395000
-13.462000
-12.496000
-1.868000
14.557000
25.184999
27.118000
29.049999
30.982000
25.184999
14.557000
1.996800
-5.732700
-12.496000
-16.361000
-14.428000
-8.631200
0.064410
6.827700
9.726200
7.793900
5.861500
6.827700
1.996800
-5.732700
-5.732700
1.030600
11.659000
19.388000
21.320000
20.354000
14.557000
8.760100
6.827700
3.929100
2.963000
1.030600
2.963000
1.030600
-6.698900
-5.732700
-0.901770
1.996800
-0.901770
-3.800300
-1.868000
0.064410
5.861500
7.793900
7.793900
11.659000
9.726200
4.895300
-3.800300
-16.361000
-23.124001
-23.124001
-17.327000
-8.631200
0.064410
3.929100
3.929100
2.963000
5.861500
8.760100
13.591000
16.490000
12.625000
5.861500
3.929100
4.895300
6.827700
10.692000
7.793900
-1.868000
-13.462000
-20.225000
-19.259001
-6.698900
3.929100
12.625000
17.455999
21.320000
22.287001
18.422001
9.726200
1.996800
-6.698900
-16.361000
-18.292999
-14.428000
-12.496000
-11.530000
-7.665100
2.963000
10.692000
11.659000
4.895300
-6.698900
-8.631200
-8.631200
-11.530000
-16.361000
-22.158001
-24.090000
-23.124001
-21.191999
-15.395000
-12.496000
-13.462000
-9.597400
-3.800300
1.996800
0.064410
-3.800300
-9.597400
-15.395000
-19.259001
-22.158001
-22.158001
-17.327000
-8.631200
-5.732700
-0.901770
7.793900
15.523000
18.422001
17.455999
8.760100
-1.868000
-5.732700
-5.732700
-2.834100
0.064410
5.861500
12.625000
23.253000
30.016001
27.118000
15.523000
6.827700
1.030600
-5.732700
-9.597400
-8.631200
-7.665100
-6.698900
-0.901770
5.861500
12.625000
17.455999
20.354000
20.354000
14.557000
8.760100
6.827700
1.996800
-8.631200
-20.225000
-25.056000
-17.327000
-2.834100
7.793900
16.490000
22.287001
25.184999
20.354000
8.760100
-2.834100
-8.631200
-9.597400
-7.665100
0.064410
9.726200
17.455999
21.320000
18.422001
11.659000
4.895300
3.929100
2.963000
-5.732700
-21.191999
-27.955000
-21.191999
-14.428000
-12.496000
-8.631200
1.030600
13.591000
20.354000
21.320000
18.422001
11.659000
1.996800
-4.766500
-7.665100
-6.698900
-5.732700
-6.698900
-8.631200
-12.496000
-13.462000
-9.597400
-1.868000
3.929100
6.827700
10.692000
12.625000
7.793900
0.064410
-9.597400
-17.327000
-22.158001
-22.158001
-24.090000
-24.090000
-18.292999
-9.597400
-4.766500
2.963000
16.490000
30.016001
34.847000
31.948000
24.219000
12.625000
1.996800
-8.631200
-15.395000
-16.361000
-17.327000
-4.766500
13.591000
22.287001
24.219000
24.219000
24.219000
27.118000
26.150999
25.184999
18.422001
6.827700
-1.868000
-6.698900
-7.665100
-4.766500
0.064410
1.996800
2.963000
1.996800
1.030600
0.064410
-3.800300
-9.597400
-13.462000
-9.597400
-4.766500
-3.800300
-1.868000
1.030600
1.996800
-2.834100
-7.665100
-8.631200
-7.665100
-1.868000
1.996800
0.064410
-8.631200
-14.428000
-18.292999
-19.259001
-18.292999
-13.462000
-6.698900
-5.732700
-15.395000
-32.785999
-41.480999
-45.346001
-42.448002
-30.853001
-16.361000
3.929100
21.320000
30.016001
31.948000
25.184999
15.523000
10.692000
0.064410
-20.225000
-35.683998
-41.480999
-37.617001
-20.225000
1.996800
16.490000
28.084000
31.948000
27.118000
19.388000
15.523000
7.793900
-15.395000
-40.514999
-55.973999
-48.244999
-28.921000
-11.530000
4.895300
16.490000
26.150999
29.049999
28.084000
23.253000
18.422001
8.760100
-2.834100
-12.496000
-17.327000
-18.292999
-13.462000
-5.732700
6.827700
16.490000
26.150999
37.745998
43.542999
40.644001
33.881001
29.049999
29.049999
23.253000
17.455999
11.659000
1.030600
-4.766500
-8.631200
-12.496000
-14.428000
-11.530000
-3.800300
6.827700
18.422001
29.049999
32.915001
26.150999
12.625000
-0.901770
-7.665100
-10.564000
-9.597400
-8.631200
0.064410
13.591000
30.982000
40.644001
41.610001
36.778999
22.287001
4.895300
-11.530000
-30.853001
-52.110001
-55.973999
-51.143002
-35.683998
-11.530000
8.760100
16.490000
17.455999
14.557000
8.760100
-0.901770
-13.462000
-26.989000
-35.683998
-39.549000
-39.549000
-36.651001
-34.717999
-29.886999
-14.428000
7.793900
26.150999
28.084000
21.320000
8.760100
1.996800
1.996800
5.861500
2.963000
-5.732700
-13.462000
-15.395000
-18.292999
-22.158001
-24.090000
-17.327000
-6.698900
6.827700
18.422001
31.948000
41.610001
43.542999
37.745998
20.354000
1.030600
-17.327000
-33.751999
-45.346001
-44.380001
-31.820000
-16.361000
-1.868000
15.523000
30.016001
40.644001
41.610001
33.881001
22.287001
3.929100
-9.597400
-17.327000
-25.056000
-32.785999
-34.717999
-26.989000
-11.530000
2.963000
17.455999
31.948000
41.610001
38.712002
20.354000
-1.868000
-19.259001
-20.225000
-11.530000
-2.834100
3.929100
9.726200
10.692000
7.793900
5.861500
-1.868000
-9.597400
-12.496000
-11.530000
-4.766500
6.827700
15.523000
14.557000
7.793900
1.030600
-0.901770
-1.868000
-7.665100
-16.361000
-22.158001
-25.056000
-17.327000
-3.800300
14.557000
30.016001
35.813000
33.881001
21.320000
4.895300
-5.732700
-10.564000
-14.428000
-25.056000
-36.651001
-36.651001
-23.124001
-9.597400
-1.868000
1.030600
7.793900
15.523000
25.184999
32.915001
32.915001
23.253000
4.895300
-9.597400
-15.395000
-15.395000
-6.698900
3.929100
9.726200
10.692000
6.827700
1.996800
0.064410
3.929100
12.625000
17.455999
13.591000
-1.868000
-16.361000
-18.292999
-7.665100
1.996800
7.793900
10.692000
16.490000
20.354000
18.422001
11.659000
9.726200
5.861500
-5.732700
-20.225000
-25.056000
-12.496000
0.064410
2.963000
1.030600
1.996800
7.793900
8.760100
4.895300
-0.901770
