6.571000
1.786300
-4.912300
-6.826200
-1.084500
0.829350
-2.998400
5.614000
-1.084500
-4.912300
-4.912300
-6.826200
1.786300
4.657100
5.614000
4.657100
-0.127590
3.700200
7.527900
-2.998400
-11.611000
-7.783100
-5.869200
-3.955300
3.700200
1.786300
-0.127590
5.614000
6.571000
0.829350
3.700200
-0.127590
-5.869200
-6.826200
-5.869200
-5.869200
-8.740000
1.786300
-3.955300
-2.998400
1.786300
1.786300
1.786300
3.700200
7.527900
1.786300
-5.869200
-3.955300
-9.697000
-5.869200
0.829350
-2.041500
5.614000
15.183000
10.399000
5.614000
-8.740000
-14.482000
-7.783100
-0.127590
2.743200
4.657100
-5.869200
2.743200
15.183000
10.399000
10.399000
9.441800
2.743200
2.743200
0.829350
0.829350
-6.826200
-12.568000
-16.396000
-4.912300
5.614000
8.484800
9.441800
10.399000
15.183000
12.313000
3.700200
2.743200
5.614000
-1.084500
-1.084500
5.614000
9.441800
-4.912300
-2.998400
1.786300
-4.912300
-6.826200
-7.783100
-2.998400
-0.127590
6.571000
1.786300
-6.826200
4.657100
13.270000
5.614000
6.571000
9.441800
6.571000
-2.041500
2.743200
9.441800
-0.127590
-12.568000
-6.826200
-1.084500
1.786300
-2.041500
0.829350
5.614000
7.527900
7.527900
5.614000
-2.041500
-17.351999
-11.611000
-3.955300
-10.654000
-11.611000
-11.611000
-7.783100
3.700200
14.226000
12.313000
7.527900
15.183000
16.139999
12.313000
14.226000
4.657100
-7.783100
-17.351999
-19.266001
-17.351999
-13.525000
-4.912300
-6.826200
-11.611000
4.657100
26.667000
34.321999
28.580999
19.011000
13.270000
1.786300
-0.127590
0.829350
-0.127590
2.743200
-12.568000
-12.568000
-2.041500
-2.041500
-13.525000
-18.309000
-14.482000
-5.869200
-2.998400
3.700200
2.743200
9.441800
19.968000
20.924999
15.183000
1.786300
-8.740000
-25.007999
-23.094000
-16.396000
-17.351999
-19.266001
-11.611000
-1.084500
-2.041500
-2.998400
1.786300
14.226000
17.097000
2.743200
1.786300
5.614000
-1.084500
-1.084500
-2.041500
-10.654000
-20.223000
-15.439000
-9.697000
-9.697000
-8.740000
-2.998400
2.743200
-2.998400
-8.740000
-9.697000
-2.998400
0.829350
-0.127590
-6.826200
-6.826200
-13.525000
-6.826200
2.743200
4.657100
1.786300
-1.084500
-3.955300
-5.869200
-19.266001
-14.482000
-3.955300
-2.998400
-0.127590
-4.912300
-7.783100
5.614000
19.011000
15.183000
9.441800
-0.127590
1.786300
0.829350
-4.912300
-0.127590
10.399000
9.441800
15.183000
22.839001
18.054001
9.441800
7.527900
8.484800
3.700200
1.786300
4.657100
-3.955300
-5.869200
-9.697000
-11.611000
0.829350
15.183000
20.924999
16.139999
10.399000
9.441800
2.743200
-6.826200
-18.309000
-9.697000
9.441800
9.441800
3.700200
3.700200
4.657100
11.356000
14.226000
5.614000
6.571000
15.183000
5.614000
3.700200
5.614000
6.571000
5.614000
-0.127590
-3.955300
-6.826200
-8.740000
1.786300
3.700200
3.700200
6.571000
7.527900
10.399000
2.743200
-6.826200
-13.525000
-11.611000
-4.912300
2.743200
18.054001
15.183000
12.313000
3.700200
-3.955300
-0.127590
2.743200
-1.084500
-2.998400
-2.041500
-0.127590
-5.869200
-4.912300
-5.869200
-11.611000
1.786300
2.743200
-2.998400
-2.041500
-5.869200
-4.912300
-7.783100
-25.007999
-27.879000
-21.180000
-24.051001
-18.309000
-5.869200
-3.955300
-14.482000
-6.826200
-2.041500
4.657100
8.484800
5.614000
4.657100
-1.084500
-3.955300
-15.439000
-18.309000
-11.611000
-4.912300
-1.084500
-5.869200
-2.998400
3.700200
6.571000
12.313000
1.786300
1.786300
21.882000
25.709999
18.054001
9.441800
3.700200
-7.783100
-6.826200
3.700200
6.571000
-9.697000
-6.826200
7.527900
7.527900
4.657100
2.743200
-5.869200
2.743200
6.571000
-2.041500
-2.998400
-1.084500
2.743200
3.700200
-5.869200
-5.869200
6.571000
12.313000
5.614000
0.829350
-4.912300
-8.740000
1.786300
14.226000
10.399000
9.441800
11.356000
10.399000
7.527900
-2.041500
-7.783100
-12.568000
-9.697000
-4.912300
-9.697000
-3.955300
12.313000
21.882000
14.226000
8.484800
7.527900
4.657100
5.614000
-0.127590
-7.783100
-6.826200
-4.912300
1.786300
4.657100
8.484800
8.484800
5.614000
-2.998400
-6.826200
-11.611000
-23.094000
-9.697000
5.614000
5.614000
0.829350
6.571000
4.657100
1.786300
7.527900
2.743200
5.614000
7.527900
7.527900
0.829350
-4.912300
-7.783100
-13.525000
-5.869200
-2.998400
-4.912300
-7.783100
-14.482000
-19.266001
-19.266001
-9.697000
-4.912300
-14.482000
-19.266001
-25.007999
-22.136999
-17.351999
-13.525000
-4.912300
-1.084500
0.829350
2.743200
16.139999
24.753000
19.968000
17.097000
17.097000
28.580999
18.054001
12.313000
23.796000
19.968000
13.270000
4.657100
6.571000
4.657100
4.657100
0.829350
-5.869200
6.571000
19.011000
18.054001
17.097000
14.226000
10.399000
14.226000
15.183000
6.571000
5.614000
1.786300
-2.041500
5.614000
1.786300
-3.955300
0.829350
9.441800
9.441800
-0.127590
-8.740000
-14.482000
-13.525000
-7.783100
2.743200
0.829350
-1.084500
-6.826200
-15.439000
-7.783100
-9.697000
-4.912300
0.829350
-1.084500
-1.084500
-2.998400
-7.783100
-2.998400
-7.783100
-5.869200
-4.912300
-2.998400
2.743200
4.657100
-2.998400
-4.912300
-4.912300
-3.955300
-10.654000
-8.740000
6.571000
11.356000
2.743200
7.527900
2.743200
-1.084500
7.527900
6.571000
1.786300
-5.869200
-10.654000
-6.826200
-10.654000
-5.869200
-3.955300
10.399000
18.054001
9.441800
4.657100
4.657100
-2.998400
-5.869200
-3.955300
-4.912300
-1.084500
-6.826200
-10.654000
-12.568000
-17.351999
-10.654000
-3.955300
3.700200
-1.084500
-6.826200
-3.955300
-2.041500
0.829350
-11.611000
-2.041500
8.484800
-2.041500
-8.740000
-3.955300
3.700200
-0.127590
8.484800
17.097000
6.571000
3.700200
5.614000
-13.525000
-7.783100
5.614000
11.356000
8.484800
-9.697000
-16.396000
0.829350
-1.084500
-3.955300
3.700200
0.829350
1.786300
-6.826200
-9.697000
1.786300
2.743200
-1.084500
-8.740000
-3.955300
-2.041500
-14.482000
2.743200
9.441800
5.614000
6.571000
16.139999
11.356000
5.614000
10.399000
9.441800
-1.084500
-6.826200
-9.697000
-2.041500
4.657100
5.614000
10.399000
16.139999
13.270000
6.571000
1.786300
3.700200
6.571000
-0.127590
0.829350
0.829350
0.829350
-1.084500
-6.826200
-18.309000
-4.912300
4.657100
-3.955300
-3.955300
5.614000
3.700200
3.700200
-4.912300
-6.826200
0.829350
-1.084500
-9.697000
-17.351999
-22.136999
-16.396000
-9.697000
3.700200
5.614000
13.270000
10.399000
1.786300
-0.127590
-9.697000
4.657100
10.399000
-5.869200
-3.955300
-2.998400
-2.998400
-6.826200
3.700200
7.527900
-4.912300
-2.998400
8.484800
6.571000
3.700200
-1.084500
-3.955300
-2.998400
-1.084500
-7.783100
1.786300
5.614000
-2.041500
-0.127590
-5.869200
-1.084500
6.571000
9.441800
18.054001
11.356000
4.657100
-6.826200
-21.180000
-6.826200
11.356000
11.356000
8.484800
-2.041500
-14.482000
-25.007999
-26.922001
-17.351999
-8.740000
-2.998400
12.313000
19.968000
18.054001
14.226000
8.484800
-7.783100
-10.654000
12.313000
8.484800
-17.351999
-15.439000
-4.912300
6.571000
4.657100
10.399000
8.484800
9.441800
17.097000
20.924999
12.313000
1.786300
-5.869200
-7.783100
-19.266001
-18.309000
-18.309000
-10.654000
-2.041500
-4.912300
-20.223000
-14.482000
-1.084500
4.657100
2.743200
5.614000
18.054001
20.924999
26.667000
19.011000
13.270000
18.054001
17.097000
4.657100
-2.041500
-4.912300
-12.568000
-17.351999
-19.266001
-12.568000
2.743200
15.183000
20.924999
11.356000
-3.955300
-2.998400
-7.783100
-26.922001
-25.007999
-35.534000
-23.094000
-7.783100
-10.654000
-2.998400
0.829350
-3.955300
3.700200
6.571000
-2.041500
-14.482000
-19.266001
-9.697000
-2.998400
-1.084500
-7.783100
-5.869200
-1.084500
-1.084500
-13.525000
-11.611000
11.356000
19.968000
11.356000
1.786300
-2.041500
5.614000
4.657100
6.571000
2.743200
5.614000
9.441800
17.097000
17.097000
4.657100
12.313000
16.139999
19.968000
14.226000
20.924999
15.183000
12.313000
23.796000
24.753000
12.313000
5.614000
12.313000
19.011000
11.356000
-1.084500
1.786300
12.313000
11.356000
12.313000
9.441800
14.226000
22.839001
20.924999
11.356000
2.743200
9.441800
6.571000
-2.998400
-8.740000
-16.396000
-17.351999
-13.525000
-8.740000
-17.351999
-4.912300
13.270000
13.270000
-2.998400
-11.611000
-10.654000
-10.654000
-20.223000
-22.136999
-26.922001
-12.568000
-0.127590
3.700200
6.571000
12.313000
16.139999
6.571000
-1.084500
-5.869200
-6.826200
-13.525000
-9.697000
-11.611000
-7.783100
-8.740000
-10.654000
0.829350
7.527900
4.657100
19.011000
28.580999
26.667000
20.924999
5.614000
-6.826200
-6.826200
-10.654000
-25.007999
-17.351999
-8.740000
-4.912300
-1.084500
3.700200
3.700200
-4.912300
5.614000
19.011000
19.011000
12.313000
1.786300
-2.041500
-1.084500
-4.912300
-13.525000
-30.750000
-33.619999
-18.309000
-5.869200
2.743200
7.527900
10.399000
11.356000
3.700200
10.399000
13.270000
0.829350
-15.439000
-20.223000
-20.223000
-19.266001
-23.094000
-14.482000
-0.127590
5.614000
10.399000
15.183000
11.356000
7.527900
1.786300
-0.127590
-5.869200
-14.482000
-14.482000
-9.697000
-3.955300
-1.084500
-1.084500
0.829350
-6.826200
-1.084500
9.441800
4.657100
13.270000
23.796000
19.968000
7.527900
6.571000
0.829350
-5.869200
-13.525000
-18.309000
-18.309000
-11.611000
-13.525000
-8.740000
-1.084500
-2.998400
-1.084500
2.743200
1.786300
0.829350
3.700200
-0.127590
-4.912300
8.484800
14.226000
11.356000
13.270000
11.356000
7.527900
10.399000
11.356000
9.441800
3.700200
4.657100
4.657100
-0.127590
9.441800
18.054001
6.571000
7.527900
5.614000
0.829350
1.786300
2.743200
-1.084500
-4.912300
-9.697000
-15.439000
-5.869200
7.527900
15.183000
9.441800
9.441800
5.614000
-0.127590
-5.869200
-8.740000
-13.525000
-2.041500
7.527900
5.614000
10.399000
13.270000
7.527900
10.399000
13.270000
3.700200
-8.740000
-10.654000
-8.740000
-14.482000
-12.568000
-13.525000
-2.998400
12.313000
6.571000
-3.955300
-8.740000
-4.912300
1.786300
3.700200
-2.998400
-4.912300
-2.041500
-11.611000
-16.396000
-7.783100
-1.084500
4.657100
1.786300
4.657100
2.743200
8.484800
20.924999
26.667000
32.408001
18.054001
7.527900
-0.127590
-5.869200
-4.912300
-2.041500
-11.611000
-16.396000
-23.094000
-23.094000
-21.180000
-15.439000
-10.654000
-2.041500
9.441800
0.829350
-2.998400
-7.783100
-6.826200
-0.127590
0.829350
1.786300
-0.127590
3.700200
3.700200
-5.869200
4.657100
4.657100
-0.127590
-1.084500
-2.041500
8.484800
9.441800
4.657100
-7.783100
-20.223000
-4.912300
1.786300
-5.869200
-2.041500
