-0.980390
0.000000
-5.882400
-19.608000
-15.686000
-19.608000
-25.490000
-9.803900
-4.902000
-10.784000
-15.686000
-0.980390
4.902000
3.921600
8.823500
23.528999
15.686000
5.882400
-1.960800
-4.902000
-1.960800
-0.980390
0.980390
-2.941200
3.921600
10.784000
2.941200
6.862700
4.902000
6.862700
2.941200
0.000000
-5.882400
-7.843100
-2.941200
6.862700
5.882400
4.902000
3.921600
5.882400
13.725000
13.725000
12.745000
19.608000
19.608000
12.745000
7.843100
13.725000
2.941200
0.980390
-4.902000
-2.941200
-0.980390
1.960800
11.765000
8.823500
9.803900
11.765000
13.725000
11.765000
1.960800
-1.960800
-2.941200
5.882400
8.823500
1.960800
6.862700
12.745000
-2.941200
-9.803900
0.000000
5.882400
-1.960800
-6.862700
-8.823500
-8.823500
-5.882400
-2.941200
-3.921600
-5.882400
0.000000
7.843100
1.960800
1.960800
0.980390
-5.882400
-4.902000
-5.882400
-7.843100
-0.980390
9.803900
-3.921600
-15.686000
-9.803900
-1.960800
1.960800
-2.941200
-10.784000
-8.823500
12.745000
19.608000
9.803900
7.843100
9.803900
4.902000
7.843100
2.941200
1.960800
2.941200
0.000000
1.960800
-14.706000
-17.646999
-9.803900
0.000000
3.921600
5.882400
21.569000
22.549000
13.725000
20.587999
32.353001
17.646999
7.843100
-0.980390
-9.803900
-5.882400
-7.843100
-7.843100
-15.686000
-10.784000
-3.921600
4.902000
9.803900
13.725000
16.667000
15.686000
12.745000
15.686000
20.587999
14.706000
4.902000
3.921600
-2.941200
-11.765000
2.941200
7.843100
-1.960800
-4.902000
-4.902000
-12.745000
-10.784000
-0.980390
4.902000
4.902000
12.745000
20.587999
20.587999
21.569000
21.569000
20.587999
20.587999
7.843100
-9.803900
-11.765000
-9.803900
-14.706000
-23.528999
-13.725000
-5.882400
0.000000
1.960800
2.941200
11.765000
13.725000
12.745000
5.882400
0.980390
0.980390
-3.921600
-8.823500
-21.569000
-15.686000
-10.784000
-10.784000
-14.706000
-9.803900
-2.941200
7.843100
0.980390
0.000000
4.902000
4.902000
4.902000
6.862700
-8.823500
-14.706000
-15.686000
-13.725000
0.000000
-8.823500
-19.608000
-17.646999
-12.745000
-12.745000
-16.667000
2.941200
14.706000
10.784000
17.646999
19.608000
24.510000
20.587999
14.706000
2.941200
-12.745000
-17.646999
-16.667000
-20.587999
-8.823500
-8.823500
-10.784000
-4.902000
-0.980390
16.667000
19.608000
20.587999
19.608000
16.667000
4.902000
-3.921600
-9.803900
-15.686000
-10.784000
-13.725000
-20.587999
-14.706000
-6.862700
-3.921600
-3.921600
-5.882400
2.941200
16.667000
16.667000
6.862700
1.960800
7.843100
12.745000
2.941200
2.941200
8.823500
10.784000
11.765000
4.902000
10.784000
11.765000
8.823500
-3.921600
-9.803900
-7.843100
-3.921600
-2.941200
-12.745000
-17.646999
-11.765000
-9.803900
-9.803900
-13.725000
-15.686000
-16.667000
-20.587999
-12.745000
-24.510000
-27.451000
-16.667000
-10.784000
-15.686000
-19.608000
-10.784000
-7.843100
-13.725000
-12.745000
-8.823500
-6.862700
-2.941200
-3.921600
-3.921600
-4.902000
-0.980390
5.882400
0.980390
-9.803900
-3.921600
-1.960800
1.960800
13.725000
8.823500
3.921600
6.862700
8.823500
7.843100
0.000000
0.000000
1.960800
5.882400
5.882400
8.823500
13.725000
12.745000
4.902000
9.803900
15.686000
10.784000
-3.921600
-9.803900
-0.980390
6.862700
0.000000
-1.960800
6.862700
17.646999
13.725000
11.765000
15.686000
28.431000
13.725000
7.843100
13.725000
8.823500
12.745000
7.843100
-5.882400
-10.784000
-9.803900
-4.902000
0.000000
-4.902000
1.960800
17.646999
15.686000
0.000000
4.902000
20.587999
11.765000
11.765000
15.686000
4.902000
-2.941200
-3.921600
-3.921600
0.000000
0.980390
-5.882400
-8.823500
-9.803900
-7.843100
-4.902000
1.960800
4.902000
8.823500
8.823500
-12.745000
-17.646999
-7.843100
6.862700
14.706000
2.941200
-2.941200
0.980390
1.960800
-3.921600
-4.902000
-0.980390
-7.843100
-7.843100
0.980390
-0.980390
-5.882400
-1.960800
-5.882400
-8.823500
-6.862700
-7.843100
-14.706000
-8.823500
10.784000
5.882400
-1.960800
-0.980390
1.960800
9.803900
3.921600
-3.921600
-0.980390
6.862700
-3.921600
-13.725000
2.941200
-0.980390
-4.902000
-2.941200
6.862700
8.823500
11.765000
10.784000
4.902000
7.843100
3.921600
0.000000
-5.882400
-7.843100
-2.941200
-5.882400
-13.725000
-6.862700
4.902000
2.941200
-0.980390
3.921600
2.941200
5.882400
11.765000
3.921600
-2.941200
11.765000
20.587999
8.823500
-2.941200
-2.941200
1.960800
3.921600
8.823500
2.941200
-1.960800
6.862700
15.686000
4.902000
2.941200
7.843100
4.902000
0.980390
-8.823500
-15.686000
-3.921600
11.765000
15.686000
18.627001
14.706000
8.823500
2.941200
11.765000
11.765000
4.902000
-1.960800
-6.862700
-8.823500
-4.902000
-5.882400
-10.784000
-11.765000
-12.745000
-11.765000
-11.765000
-11.765000
-3.921600
-7.843100
-12.745000
-6.862700
-15.686000
-18.627001
-9.803900
-4.902000
0.000000
-4.902000
-4.902000
0.980390
7.843100
5.882400
3.921600
7.843100
0.980390
1.960800
5.882400
-2.941200
-6.862700
-6.862700
-1.960800
-1.960800
-3.921600
2.941200
3.921600
3.921600
0.000000
-4.902000
1.960800
4.902000
6.862700
17.646999
15.686000
7.843100
6.862700
8.823500
13.725000
8.823500
0.000000
-0.980390
-0.980390
-4.902000
-7.843100
-10.784000
-1.960800
-4.902000
-6.862700
-7.843100
-1.960800
14.706000
11.765000
10.784000
15.686000
10.784000
11.765000
8.823500
-1.960800
-12.745000
-17.646999
-19.608000
-15.686000
-4.902000
-3.921600
-11.765000
-4.902000
6.862700
5.882400
10.784000
19.608000
14.706000
5.882400
0.000000
3.921600
4.902000
-10.784000
-11.765000
-8.823500
-11.765000
-10.784000
-13.725000
-12.745000
-10.784000
5.882400
16.667000
9.803900
-0.980390
2.941200
18.627001
12.745000
3.921600
0.000000
0.980390
4.902000
6.862700
3.921600
-0.980390
-7.843100
-11.765000
-13.725000
-12.745000
-7.843100
-2.941200
-0.980390
3.921600
15.686000
11.765000
9.803900
6.862700
3.921600
0.000000
-7.843100
-7.843100
-15.686000
-12.745000
-7.843100
-4.902000
-4.902000
-2.941200
8.823500
10.784000
10.784000
12.745000
16.667000
20.587999
10.784000
0.980390
-5.882400
0.000000
3.921600
3.921600
-3.921600
-8.823500
-3.921600
-0.980390
5.882400
-0.980390
-4.902000
2.941200
8.823500
7.843100
7.843100
1.960800
-0.980390
0.000000
1.960800
0.980390
-4.902000
-0.980390
4.902000
1.960800
-0.980390
5.882400
8.823500
-1.960800
0.980390
10.784000
6.862700
16.667000
17.646999
3.921600
-3.921600
-4.902000
-9.803900
-17.646999
-23.528999
-17.646999
-9.803900
1.960800
0.000000
-3.921600
-0.980390
2.941200
18.627001
17.646999
3.921600
1.960800
-1.960800
5.882400
13.725000
-3.921600
-18.627001
-18.627001
-18.627001
-26.471001
-21.569000
-6.862700
3.921600
15.686000
26.471001
37.255001
39.216000
36.275002
29.412001
26.471001
24.510000
6.862700
-0.980390
-11.765000
-12.745000
-25.490000
-28.431000
-32.353001
-29.412001
-17.646999
-13.725000
-15.686000
-12.745000
-7.843100
2.941200
5.882400
-5.882400
-8.823500
-14.706000
-7.843100
-11.765000
-15.686000
-14.706000
-19.608000
-17.646999
-10.784000
-11.765000
-9.803900
0.000000
1.960800
-3.921600
-1.960800
-0.980390
3.921600
-1.960800
-11.765000
-9.803900
-12.745000
-13.725000
-9.803900
-2.941200
-4.902000
-7.843100
1.960800
8.823500
9.803900
9.803900
14.706000
20.587999
16.667000
10.784000
9.803900
17.646999
17.646999
20.587999
23.528999
22.549000
32.353001
39.216000
45.098000
45.098000
37.255001
36.275002
30.392000
8.823500
5.882400
4.902000
-6.862700
-11.765000
-13.725000
-24.510000
-28.431000
-28.431000
-33.333000
-23.528999
-34.313999
-40.195999
-34.313999
-26.471001
-25.490000
-15.686000
-4.902000
-9.803900
-2.941200
0.000000
-0.980390
-4.902000
-7.843100
-16.667000
-24.510000
-17.646999
-16.667000
-10.784000
-6.862700
-20.587999
-17.646999
-3.921600
3.921600
-4.902000
-12.745000
-1.960800
4.902000
2.941200
3.921600
13.725000
10.784000
0.980390
-1.960800
-4.902000
2.941200
7.843100
7.843100
10.784000
14.706000
12.745000
11.765000
14.706000
7.843100
2.941200
7.843100
6.862700
6.862700
7.843100
1.960800
0.980390
4.902000
8.823500
9.803900
15.686000
16.667000
8.823500
4.902000
-3.921600
-0.980390
0.000000
-7.843100
1.960800
0.980390
3.921600
5.882400
2.941200
8.823500
13.725000
7.843100
17.646999
16.667000
4.902000
-3.921600
-6.862700
-11.765000
-14.706000
-14.706000
-21.569000
-17.646999
-7.843100
-7.843100
8.823500
8.823500
5.882400
17.646999
16.667000
19.608000
19.608000
4.902000
0.000000
-4.902000
-12.745000
-11.765000
-15.686000
-15.686000
-3.921600
2.941200
-2.941200
2.941200
8.823500
15.686000
14.706000
14.706000
17.646999
9.803900
6.862700
4.902000
-6.862700
-7.843100
-11.765000
-17.646999
-18.627001
-8.823500
-4.902000
2.941200
13.725000
15.686000
16.667000
18.627001
14.706000
9.803900
0.980390
-3.921600
-0.980390
0.000000
-2.941200
-7.843100
0.980390
2.941200
5.882400
5.882400
3.921600
4.902000
2.941200
2.941200
2.941200
-0.980390
-1.960800
0.980390
4.902000
4.902000
-0.980390
-1.960800
-1.960800
-5.882400
-13.725000
-17.646999
-14.706000
-3.921600
-2.941200
-3.921600
-6.862700
-0.980390
12.745000
5.882400
8.823500
8.823500
-1.960800
-6.862700
0.000000
-4.902000
-3.921600
0.000000
-3.921600
-5.882400
-8.823500
-9.803900
-1.960800
-2.941200
1.960800
6.862700
3.921600
4.902000
-3.921600
1.960800
8.823500
5.882400
-0.980390
-7.843100
-4.902000
-3.921600
-6.862700
-11.765000
-9.803900
-3.921600
0.980390
7.843100
5.882400
0.980390
1.960800
1.960800
0.000000
-0.980390
-3.921600
-7.843100
-5.882400
-5.882400
-4.902000
-5.882400
-6.862700
0.000000
8.823500
6.862700
5.882400
10.784000
13.725000
13.725000
10.784000
3.921600
0.980390
5.882400
2.941200
-2.941200
-4.902000
-4.902000
-0.980390
-5.882400
0.980390
5.882400
14.706000
17.646999
6.862700
0.980390
0.000000
-1.960800
-8.823500
-8.823500
-2.941200
-6.862700
-11.765000
-3.921600
9.803900
10.784000
2.941200
7.843100
15.686000
18.627001
11.765000
13.725000
4.902000
-8.823500
-7.843100
-11.765000
-9.803900
-4.902000
-5.882400
0.000000
3.921600
3.921600
6.862700
3.921600
15.686000
13.725000
7.843100
2.941200
0.980390
-5.882400
-5.882400
-5.882400
-2.941200
-2.941200
-3.921600
0.980390
0.980390
2.941200
4.902000
3.921600
7.843100
6.862700
9.803900
8.823500
1.960800
-7.843100
-21.569000
-23.528999
-11.765000
-9.803900
-2.941200
-3.921600
-11.765000
-10.784000
4.902000
0.000000
-1.960800
0.980390
-1.960800
-11.765000
-22.549000
-16.667000
