-2.061200
-0.128820
6.634500
10.499000
7.600600
3.735900
4.702100
4.702100
8.566800
1.803500
-7.858300
-13.655000
-12.689000
-5.925900
-0.128820
6.634500
8.566800
11.465000
1.803500
-3.027400
6.634500
8.566800
1.803500
1.803500
-1.095000
2.769700
4.702100
-2.061200
-0.128820
-3.027400
-4.959700
-2.061200
-10.757000
-13.655000
1.803500
4.702100
0.837360
2.769700
9.533000
18.229000
14.364000
11.465000
6.634500
-1.095000
-9.790700
-5.925900
-3.027400
-6.892100
-11.723000
-8.824500
-6.892100
-3.027400
1.803500
10.499000
11.465000
4.702100
2.769700
8.566800
2.769700
0.837360
0.837360
-3.993600
-6.892100
-3.993600
1.803500
1.803500
0.837360
1.803500
-3.027400
-5.925900
-6.892100
-7.858300
-15.588000
-16.554001
-12.689000
-5.925900
1.803500
3.735900
1.803500
7.600600
2.769700
-4.959700
-8.824500
-3.993600
-2.061200
-5.925900
-5.925900
-6.892100
-3.027400
-0.128820
2.769700
1.803500
5.668300
1.803500
-2.061200
6.634500
2.769700
-1.095000
7.600600
6.634500
-3.027400
-3.993600
0.837360
0.837360
-1.095000
1.803500
6.634500
5.668300
-3.993600
-3.993600
-0.128820
-3.027400
-3.993600
2.769700
6.634500
0.837360
-3.027400
5.668300
7.600600
4.702100
5.668300
0.837360
0.837360
-3.027400
-6.892100
-12.689000
-7.858300
4.702100
1.803500
3.735900
15.330000
16.296000
15.330000
15.330000
16.296000
12.432000
7.600600
7.600600
1.803500
-9.790700
-15.588000
-18.486000
-25.250000
-20.419001
-8.824500
3.735900
-1.095000
5.668300
14.364000
15.330000
15.330000
10.499000
13.398000
14.364000
10.499000
6.634500
6.634500
-5.925900
-16.554001
-15.588000
-12.689000
-13.655000
-6.892100
-4.959700
2.769700
2.769700
-2.061200
0.837360
3.735900
5.668300
8.566800
4.702100
6.634500
12.432000
2.769700
-6.892100
-5.925900
-0.128820
7.600600
6.634500
4.702100
-3.993600
-3.993600
-12.689000
-18.486000
-15.588000
-18.486000
-12.689000
-7.858300
-2.061200
-2.061200
2.769700
18.229000
16.296000
9.533000
4.702100
5.668300
4.702100
-0.128820
-4.959700
-4.959700
0.837360
4.702100
14.364000
6.634500
1.803500
1.803500
-6.892100
-3.993600
1.803500
-5.925900
-9.790700
-11.723000
-14.622000
-13.655000
-5.925900
1.803500
11.465000
11.465000
10.499000
19.195000
20.160999
4.702100
-3.027400
-0.128820
-2.061200
-0.128820
2.769700
7.600600
-0.128820
-11.723000
-6.892100
-3.027400
4.702100
12.432000
12.432000
8.566800
12.432000
13.398000
10.499000
7.600600
3.735900
7.600600
3.735900
-3.027400
-4.959700
-3.993600
-7.858300
-6.892100
-3.993600
-10.757000
-14.622000
-5.925900
0.837360
4.702100
6.634500
8.566800
13.398000
9.533000
7.600600
1.803500
-2.061200
-4.959700
-7.858300
-4.959700
-10.757000
-12.689000
-8.824500
-9.790700
-8.824500
-7.858300
1.803500
1.803500
0.837360
2.769700
-1.095000
-3.027400
0.837360
-2.061200
0.837360
5.668300
4.702100
6.634500
2.769700
-2.061200
0.837360
-6.892100
-12.689000
-10.757000
-1.095000
-5.925900
-17.520000
-9.790700
-1.095000
4.702100
5.668300
4.702100
1.803500
1.803500
3.735900
-3.993600
-3.993600
-0.128820
-0.128820
3.735900
4.702100
0.837360
0.837360
-1.095000
-0.128820
2.769700
4.702100
-3.027400
-9.790700
-6.892100
-3.027400
6.634500
4.702100
2.769700
3.735900
3.735900
0.837360
0.837360
-2.061200
-3.993600
-4.959700
0.837360
-3.993600
-8.824500
0.837360
2.769700
2.769700
5.668300
5.668300
-0.128820
4.702100
-2.061200
-8.824500
-6.892100
-6.892100
-5.925900
0.837360
3.735900
4.702100
6.634500
-3.027400
-4.959700
-0.128820
1.803500
2.769700
-5.925900
-4.959700
4.702100
1.803500
2.769700
4.702100
4.702100
2.769700
-5.925900
-3.027400
0.837360
-1.095000
2.769700
-3.993600
-9.790700
-2.061200
4.702100
12.432000
10.499000
10.499000
8.566800
-3.027400
-9.790700
-9.790700
-13.655000
-8.824500
-1.095000
4.702100
8.566800
13.398000
17.261999
16.296000
17.261999
14.364000
10.499000
-2.061200
-15.588000
-17.520000
-23.316999
-28.148001
-16.554001
0.837360
12.432000
19.195000
26.924000
22.093000
8.566800
3.735900
4.702100
1.803500
-2.061200
-7.858300
-16.554001
-19.452000
-17.520000
-17.520000
-8.824500
8.566800
15.330000
17.261999
25.958000
22.093000
16.296000
11.465000
3.735900
4.702100
3.735900
-1.095000
-3.993600
-14.622000
-13.655000
-12.689000
-9.790700
-8.824500
-4.959700
-4.959700
2.769700
4.702100
0.837360
5.668300
1.803500
8.566800
7.600600
1.803500
-0.128820
5.668300
-2.061200
-11.723000
-6.892100
-4.959700
-1.095000
-5.925900
-3.027400
9.533000
13.398000
9.533000
10.499000
14.364000
17.261999
0.837360
-13.655000
-20.419001
-13.655000
-15.588000
-17.520000
-4.959700
-4.959700
-0.128820
8.566800
13.398000
22.093000
16.296000
3.735900
-1.095000
-8.824500
-14.622000
-11.723000
-14.622000
-12.689000
1.803500
0.837360
6.634500
16.296000
22.093000
26.924000
20.160999
13.398000
9.533000
1.803500
-12.689000
-16.554001
-18.486000
-17.520000
-14.622000
-7.858300
-3.027400
-1.095000
-0.128820
-8.824500
-7.858300
0.837360
10.499000
11.465000
12.432000
14.364000
14.364000
0.837360
-11.723000
-13.655000
-14.622000
-15.588000
-16.554001
-15.588000
-4.959700
3.735900
14.364000
12.432000
6.634500
2.769700
11.465000
20.160999
24.992001
11.465000
2.769700
1.803500
-1.095000
-6.892100
-6.892100
-15.588000
-17.520000
-21.385000
-21.385000
-5.925900
6.634500
14.364000
15.330000
15.330000
13.398000
10.499000
17.261999
13.398000
9.533000
3.735900
-10.757000
-17.520000
-13.655000
-16.554001
-15.588000
-18.486000
-16.554001
-10.757000
-1.095000
7.600600
11.465000
20.160999
20.160999
14.364000
15.330000
4.702100
-5.925900
-11.723000
-4.959700
-14.622000
-24.283001
-20.419001
-10.757000
-7.858300
-7.858300
-3.993600
3.735900
8.566800
7.600600
7.600600
5.668300
7.600600
6.634500
-3.027400
2.769700
2.769700
-3.027400
-2.061200
-3.027400
0.837360
-0.128820
1.803500
6.634500
5.668300
6.634500
8.566800
12.432000
11.465000
-0.128820
-5.925900
-0.128820
0.837360
-2.061200
-1.095000
1.803500
5.668300
9.533000
12.432000
2.769700
-3.027400
-5.925900
-9.790700
-3.993600
-4.959700
-3.027400
1.803500
5.668300
7.600600
7.600600
1.803500
0.837360
-2.061200
-4.959700
-3.993600
-1.095000
-4.959700
-1.095000
3.735900
-11.723000
-22.351000
-9.790700
-4.959700
-3.027400
12.432000
12.432000
10.499000
13.398000
11.465000
5.668300
-0.128820
3.735900
-2.061200
-7.858300
-11.723000
-13.655000
-12.689000
-11.723000
-3.993600
-3.993600
1.803500
5.668300
1.803500
3.735900
14.364000
7.600600
0.837360
0.837360
3.735900
3.735900
2.769700
2.769700
3.735900
-3.027400
-11.723000
-13.655000
-6.892100
-3.993600
3.735900
13.398000
22.093000
21.127001
17.261999
15.330000
10.499000
-1.095000
-9.790700
-6.892100
-3.993600
-12.689000
-19.452000
-13.655000
-3.027400
-6.892100
-2.061200
5.668300
9.533000
10.499000
5.668300
3.735900
0.837360
-5.925900
-6.892100
-3.993600
-4.959700
0.837360
-8.824500
-9.790700
-9.790700
-6.892100
7.600600
8.566800
4.702100
-1.095000
3.735900
2.769700
-3.993600
0.837360
4.702100
8.566800
6.634500
6.634500
0.837360
-5.925900
-8.824500
-3.993600
4.702100
9.533000
14.364000
18.229000
16.296000
7.600600
0.837360
-0.128820
1.803500
-3.027400
-1.095000
1.803500
-7.858300
-11.723000
-10.757000
-5.925900
2.769700
3.735900
5.668300
8.566800
11.465000
5.668300
1.803500
-5.925900
-14.622000
-19.452000
-19.452000
-15.588000
-16.554001
-12.689000
-8.824500
-3.993600
9.533000
12.432000
15.330000
11.465000
10.499000
5.668300
-1.095000
-5.925900
-10.757000
-10.757000
-9.790700
-11.723000
-12.689000
-10.757000
-2.061200
5.668300
2.769700
-0.128820
5.668300
5.668300
3.735900
12.432000
2.769700
-7.858300
1.803500
5.668300
-2.061200
-3.993600
-3.027400
-7.858300
-8.824500
-3.027400
-0.128820
1.803500
5.668300
11.465000
16.296000
14.364000
14.364000
6.634500
9.533000
1.803500
-9.790700
-8.824500
-1.095000
-9.790700
-13.655000
-12.689000
-11.723000
-5.925900
1.803500
6.634500
9.533000
11.465000
13.398000
7.600600
-1.095000
-3.027400
-3.993600
-0.128820
5.668300
7.600600
7.600600
3.735900
4.702100
5.668300
0.837360
-1.095000
-2.061200
-2.061200
-4.959700
-9.790700
-8.824500
1.803500
4.702100
4.702100
1.803500
0.837360
-0.128820
-3.027400
1.803500
1.803500
-3.993600
-5.925900
-2.061200
-6.892100
-7.858300
-3.993600
-4.959700
-0.128820
-2.061200
-2.061200
4.702100
4.702100
3.735900
2.769700
7.600600
9.533000
11.465000
12.432000
10.499000
7.600600
2.769700
3.735900
-4.959700
-11.723000
-14.622000
-11.723000
-9.790700
-6.892100
-1.095000
4.702100
10.499000
15.330000
15.330000
12.432000
7.600600
2.769700
-2.061200
-4.959700
-6.892100
-2.061200
-1.095000
-1.095000
13.398000
5.668300
-2.061200
-1.095000
4.702100
8.566800
-3.993600
-7.858300
0.837360
2.769700
4.702100
10.499000
10.499000
11.465000
6.634500
5.668300
-2.061200
-5.925900
-5.925900
-10.757000
-4.959700
-8.824500
-3.993600
-3.993600
-5.925900
2.769700
9.533000
4.702100
10.499000
12.432000
-0.128820
-3.993600
-6.892100
-11.723000
-15.588000
-16.554001
-7.858300
-3.027400
0.837360
3.735900
7.600600
18.229000
14.364000
6.634500
7.600600
1.803500
-3.993600
-11.723000
-11.723000
-15.588000
-17.520000
-3.993600
-4.959700
-4.959700
-3.993600
6.634500
10.499000
1.803500
2.769700
-3.993600
-8.824500
-7.858300
-1.095000
2.769700
-0.128820
2.769700
4.702100
6.634500
9.533000
-0.128820
-3.993600
1.803500
-2.061200
-15.588000
-19.452000
-6.892100
-3.993600
3.735900
13.398000
14.364000
14.364000
18.229000
5.668300
1.803500
-1.095000
-5.925900
-14.622000
-15.588000
-18.486000
-12.689000
-8.824500
-0.128820
7.600600
11.465000
16.296000
16.296000
8.566800
3.735900
-1.095000
-1.095000
-3.993600
-11.723000
-18.486000
-12.689000
-6.892100
-1.095000
3.735900
11.465000
9.533000
4.702100
8.566800
12.432000
7.600600
5.668300
1.803500
-1.095000
-4.959700
-0.128820
-0.128820
-2.061200
0.837360
1.803500
2.769700
-3.993600
-6.892100
-0.128820
0.837360
10.499000
9.533000
13.398000
2.769700
-4.959700
3.735900
2.769700
5.668300
4.702100
3.735900
-1.095000
-2.061200
-3.027400
-4.959700
-0.128820
5.668300
3.735900
-2.061200
1.803500
-1.095000
-3.027400
-6.892100
-5.925900
1.803500
5.668300
-3.027400
-3.027400
0.837360
-0.128820
1.803500
4.702100
11.465000
4.702100
-4.959700
-15.588000
-16.554001
-10.757000
-9.790700
-3.993600
1.803500
6.634500
17.261999
20.160999
