4.836600
-3.986900
-5.947700
-3.986900
-3.006500
-7.908500
-15.752000
-22.614000
-18.693001
-20.653999
-30.458000
-32.417999
-28.497000
-25.556000
-19.673000
-17.712000
-17.712000
-12.810000
-3.986900
8.758200
14.641000
15.621000
16.601000
18.562000
18.562000
22.483999
24.444000
26.405001
21.503000
18.562000
18.562000
14.641000
15.621000
10.719000
4.836600
1.895400
4.836600
2.875800
1.895400
1.895400
-0.065360
-2.026100
1.895400
1.895400
-0.065360
-0.065360
3.856200
7.777800
7.777800
3.856200
0.915030
-0.065360
-5.947700
-4.967300
-5.947700
-4.967300
-4.967300
-11.830000
-10.850000
-8.888900
-5.947700
-3.986900
-0.065360
1.895400
1.895400
6.797400
9.738600
8.758200
9.738600
7.777800
4.836600
4.836600
3.856200
2.875800
-0.065360
-3.986900
-7.908500
-7.908500
-6.928100
2.875800
-2.026100
-5.947700
-0.065360
5.817000
6.797400
2.875800
0.915030
-2.026100
-8.888900
-9.869300
-9.869300
-15.752000
-17.712000
-18.693001
-17.712000
-17.712000
-15.752000
-10.850000
-3.006500
-2.026100
0.915030
2.875800
4.836600
3.856200
3.856200
2.875800
2.875800
3.856200
3.856200
7.777800
8.758200
-1.045800
-4.967300
-3.006500
3.856200
2.875800
-3.006500
-3.006500
-3.986900
-4.967300
-5.947700
-2.026100
-3.006500
-6.928100
-6.928100
-4.967300
1.895400
10.719000
13.660000
7.777800
8.758200
11.699000
10.719000
7.777800
1.895400
-2.026100
-3.006500
-0.065360
1.895400
-1.045800
-3.986900
-3.006500
-1.045800
0.915030
1.895400
5.817000
8.758200
6.797400
2.875800
3.856200
3.856200
6.797400
4.836600
4.836600
4.836600
4.836600
8.758200
9.738600
7.777800
8.758200
9.738600
7.777800
3.856200
-2.026100
-2.026100
0.915030
-3.986900
-1.045800
-1.045800
-0.065360
-5.947700
-5.947700
-5.947700
-6.928100
-4.967300
-2.026100
-3.006500
-3.006500
-0.065360
0.915030
0.915030
-0.065360
-2.026100
-1.045800
1.895400
-1.045800
-2.026100
7.777800
8.758200
0.915030
2.875800
4.836600
2.875800
0.915030
0.915030
2.875800
2.875800
2.875800
-3.986900
-13.791000
-15.752000
-8.888900
-10.850000
-7.908500
-3.006500
-4.967300
-10.850000
-11.830000
-7.908500
-4.967300
-5.947700
-3.986900
-0.065360
3.856200
3.856200
2.875800
0.915030
-0.065360
-2.026100
-3.006500
-5.947700
-14.771000
-20.653999
-16.732000
-14.771000
-15.752000
-8.888900
2.875800
3.856200
2.875800
3.856200
4.836600
3.856200
5.817000
3.856200
1.895400
0.915030
-1.045800
-1.045800
0.915030
0.915030
1.895400
8.758200
10.719000
6.797400
7.777800
4.836600
-1.045800
-3.986900
-3.986900
-2.026100
-0.065360
5.817000
8.758200
8.758200
11.699000
10.719000
3.856200
3.856200
4.836600
1.895400
0.915030
-2.026100
3.856200
4.836600
-0.065360
-1.045800
-0.065360
-4.967300
-7.908500
-9.869300
-4.967300
-2.026100
-4.967300
-5.947700
-3.006500
0.915030
2.875800
1.895400
2.875800
1.895400
6.797400
10.719000
9.738600
5.817000
6.797400
6.797400
2.875800
2.875800
-1.045800
-0.065360
0.915030
-1.045800
-1.045800
-0.065360
1.895400
3.856200
7.777800
3.856200
0.915030
1.895400
4.836600
9.738600
7.777800
1.895400
0.915030
7.777800
11.699000
8.758200
10.719000
10.719000
6.797400
8.758200
7.777800
4.836600
3.856200
-0.065360
4.836600
2.875800
-0.065360
4.836600
7.777800
9.738600
5.817000
-1.045800
-6.928100
-11.830000
-14.771000
-17.712000
-21.634001
-23.594999
-21.634001
-17.712000
-16.732000
-12.810000
-2.026100
-0.065360
1.895400
7.777800
8.758200
2.875800
4.836600
11.699000
19.542000
22.483999
21.503000
24.444000
21.503000
12.680000
9.738600
13.660000
13.660000
5.817000
-2.026100
-9.869300
-14.771000
-16.732000
-17.712000
-14.771000
-15.752000
-14.771000
-5.947700
-4.967300
-2.026100
1.895400
6.797400
8.758200
11.699000
12.680000
2.875800
-3.006500
-0.065360
4.836600
4.836600
3.856200
1.895400
-4.967300
-5.947700
-3.986900
-5.947700
-7.908500
-13.791000
-13.791000
-11.830000
-12.810000
-18.693001
-25.556000
-24.575001
-18.693001
-13.791000
-10.850000
-10.850000
-6.928100
-2.026100
-6.928100
-6.928100
-0.065360
4.836600
3.856200
1.895400
3.856200
4.836600
4.836600
4.836600
7.777800
9.738600
10.719000
8.758200
4.836600
1.895400
4.836600
10.719000
9.738600
4.836600
-0.065360
-0.065360
6.797400
11.699000
16.601000
12.680000
8.758200
10.719000
12.680000
11.699000
5.817000
9.738600
7.777800
7.777800
7.777800
6.797400
2.875800
-3.006500
-1.045800
3.856200
8.758200
11.699000
10.719000
10.719000
4.836600
-6.928100
-13.791000
-12.810000
-5.947700
-11.830000
-14.771000
-15.752000
-21.634001
-16.732000
-11.830000
-3.986900
0.915030
1.895400
-4.967300
-13.791000
-6.928100
2.875800
5.817000
5.817000
3.856200
3.856200
3.856200
6.797400
4.836600
6.797400
9.738600
5.817000
2.875800
3.856200
1.895400
-4.967300
-11.830000
-14.771000
-11.830000
-9.869300
-10.850000
-8.888900
-10.850000
-13.791000
-10.850000
-3.006500
2.875800
0.915030
2.875800
1.895400
0.915030
-0.065360
1.895400
1.895400
4.836600
7.777800
8.758200
7.777800
0.915030
0.915030
-0.065360
-3.006500
-1.045800
-3.006500
-8.888900
-4.967300
1.895400
3.856200
3.856200
1.895400
-3.006500
-4.967300
-5.947700
-10.850000
-5.947700
-0.065360
5.817000
7.777800
4.836600
4.836600
4.836600
4.836600
3.856200
3.856200
2.875800
3.856200
4.836600
0.915030
0.915030
2.875800
3.856200
2.875800
1.895400
0.915030
-0.065360
2.875800
5.817000
4.836600
1.895400
-1.045800
1.895400
2.875800
4.836600
4.836600
0.915030
0.915030
1.895400
3.856200
9.738600
11.699000
12.680000
11.699000
7.777800
6.797400
6.797400
0.915030
-3.986900
-0.065360
-0.065360
-6.928100
-9.869300
-8.888900
-4.967300
-2.026100
-4.967300
-3.006500
-0.065360
-5.947700
-13.791000
-12.810000
-12.810000
-12.810000
-12.810000
-11.830000
-8.888900
-4.967300
0.915030
4.836600
5.817000
10.719000
7.777800
6.797400
7.777800
3.856200
1.895400
1.895400
-3.986900
-3.986900
-2.026100
-3.986900
-1.045800
-0.065360
1.895400
0.915030
-2.026100
-3.006500
-4.967300
-7.908500
-5.947700
-2.026100
-5.947700
-3.006500
4.836600
5.817000
12.680000
16.601000
13.660000
13.660000
13.660000
6.797400
3.856200
5.817000
7.777800
3.856200
4.836600
1.895400
-1.045800
1.895400
0.915030
-4.967300
-10.850000
-10.850000
-14.771000
-13.791000
-11.830000
-13.791000
-15.752000
-8.888900
-2.026100
2.875800
2.875800
3.856200
7.777800
9.738600
10.719000
3.856200
-3.986900
-3.006500
-1.045800
-4.967300
-4.967300
-3.986900
-7.908500
-8.888900
-10.850000
-9.869300
-7.908500
-6.928100
-5.947700
-3.006500
-4.967300
-4.967300
-4.967300
-4.967300
-3.006500
2.875800
9.738600
15.621000
9.738600
5.817000
7.777800
12.680000
16.601000
14.641000
15.621000
14.641000
15.621000
10.719000
6.797400
3.856200
0.915030
2.875800
2.875800
3.856200
3.856200
2.875800
0.915030
-1.045800
-1.045800
-0.065360
-0.065360
-3.986900
-4.967300
-0.065360
-3.986900
-9.869300
-10.850000
-7.908500
-3.006500
-2.026100
-1.045800
-2.026100
-0.065360
-2.026100
-7.908500
-5.947700
0.915030
-0.065360
-3.006500
-2.026100
2.875800
-1.045800
-3.986900
0.915030
2.875800
-2.026100
-1.045800
-1.045800
0.915030
0.915030
0.915030
1.895400
4.836600
7.777800
8.758200
4.836600
-1.045800
-3.006500
0.915030
8.758200
8.758200
6.797400
1.895400
4.836600
6.797400
7.777800
7.777800
7.777800
5.817000
7.777800
5.817000
-3.986900
-4.967300
-3.986900
1.895400
5.817000
0.915030
-1.045800
3.856200
6.797400
0.915030
-2.026100
-1.045800
-0.065360
2.875800
3.856200
5.817000
4.836600
2.875800
3.856200
0.915030
-2.026100
-5.947700
-7.908500
-8.888900
-4.967300
-4.967300
-11.830000
-9.869300
-3.006500
3.856200
3.856200
0.915030
-3.006500
-2.026100
-2.026100
-1.045800
-0.065360
-3.986900
-3.006500
-2.026100
-1.045800
6.797400
7.777800
-3.986900
-8.888900
-4.967300
-3.006500
-3.006500
-3.986900
-0.065360
2.875800
5.817000
9.738600
13.660000
18.562000
22.483999
24.444000
17.582001
10.719000
10.719000
6.797400
3.856200
-3.006500
-12.810000
-20.653999
-25.556000
-22.614000
-23.594999
-26.535999
-25.556000
-20.653999
-17.712000
-18.693001
-16.732000
-14.771000
-14.771000
-11.830000
-5.947700
-3.986900
-4.967300
-3.006500
-0.065360
-0.065360
-1.045800
-3.006500
-5.947700
-3.006500
-2.026100
0.915030
4.836600
5.817000
5.817000
10.719000
15.621000
11.699000
4.836600
4.836600
5.817000
1.895400
-2.026100
-0.065360
-2.026100
-5.947700
-4.967300
-3.006500
-0.065360
4.836600
8.758200
6.797400
3.856200
3.856200
5.817000
5.817000
0.915030
-2.026100
-0.065360
3.856200
3.856200
5.817000
6.797400
7.777800
4.836600
3.856200
-0.065360
-0.065360
-1.045800
-3.006500
-1.045800
-0.065360
1.895400
4.836600
3.856200
0.915030
2.875800
4.836600
2.875800
0.915030
2.875800
6.797400
0.915030
-3.986900
-1.045800
0.915030
3.856200
1.895400
0.915030
-1.045800
-3.986900
-3.006500
-6.928100
-11.830000
-7.908500
-2.026100
0.915030
-3.986900
-3.986900
3.856200
8.758200
8.758200
7.777800
6.797400
10.719000
17.582001
17.582001
14.641000
15.621000
12.680000
18.562000
17.582001
13.660000
13.660000
11.699000
3.856200
-1.045800
-1.045800
-0.065360
-3.006500
-3.006500
-3.006500
-1.045800
-1.045800
-2.026100
3.856200
6.797400
0.915030
0.915030
5.817000
1.895400
-2.026100
-3.006500
-3.006500
-1.045800
-3.006500
-3.006500
-6.928100
-13.791000
-16.732000
-18.693001
-22.614000
-24.575001
-28.497000
-26.535999
-20.653999
-14.771000
-10.850000
-10.850000
-5.947700
-6.928100
-5.947700
-2.026100
-2.026100
1.895400
3.856200
7.777800
7.777800
0.915030
0.915030
4.836600
3.856200
1.895400
3.856200
4.836600
5.817000
10.719000
9.738600
3.856200
-1.045800
-3.006500
-3.006500
0.915030
-1.045800
-0.065360
4.836600
9.738600
14.641000
16.601000
13.660000
9.738600
5.817000
3.856200
5.817000
4.836600
-3.006500
-7.908500
0.915030
7.777800
3.856200
-3.986900
-8.888900
-10.850000
-6.928100
-10.850000
-16.732000
-17.712000
-18.693001
-15.752000
-9.869300
-7.908500
-6.928100
-2.026100
3.856200
11.699000
10.719000
6.797400
13.660000
12.680000
8.758200
8.758200
5.817000
2.875800
2.875800
3.856200
5.817000
5.817000
3.856200
3.856200
8.758200
9.738600
3.856200
0.915030
-1.045800
0.915030
3.856200
2.875800
3.856200
1.895400
3.856200
5.817000
6.797400
9.738600
7.777800
3.856200
1.895400
3.856200
-0.065360
-5.947700
-8.888900
-4.967300
-4.967300
