-0.980390
-7.843100
-18.627001
-8.823500
-0.980390
-0.980390
4.902000
-0.980390
-9.803900
5.882400
14.706000
5.882400
1.960800
-10.784000
-12.745000
2.941200
11.765000
8.823500
-6.862700
-8.823500
-3.921600
11.765000
16.667000
0.000000
-5.882400
-0.980390
-4.902000
1.960800
5.882400
3.921600
9.803900
0.000000
-7.843100
0.000000
2.941200
7.843100
5.882400
-2.941200
-5.882400
-4.902000
-3.921600
-1.960800
-0.980390
-6.862700
0.980390
9.803900
3.921600
-0.980390
-9.803900
-6.862700
-4.902000
0.000000
-2.941200
-5.882400
-1.960800
0.980390
2.941200
-0.980390
6.862700
8.823500
1.960800
0.980390
8.823500
8.823500
4.902000
-6.862700
-12.745000
-7.843100
-0.980390
1.960800
-1.960800
-4.902000
5.882400
0.000000
-12.745000
-7.843100
3.921600
6.862700
6.862700
8.823500
1.960800
0.000000
-9.803900
-9.803900
4.902000
8.823500
-1.960800
-4.902000
-9.803900
-6.862700
-3.921600
-4.902000
0.980390
8.823500
4.902000
-2.941200
-8.823500
-3.921600
7.843100
6.862700
0.000000
-5.882400
-1.960800
4.902000
6.862700
2.941200
-0.980390
12.745000
-3.921600
-5.882400
7.843100
7.843100
12.745000
2.941200
-6.862700
3.921600
10.784000
4.902000
2.941200
0.980390
-19.608000
-7.843100
12.745000
1.960800
-10.784000
0.980390
9.803900
-2.941200
-3.921600
-6.862700
-14.706000
0.000000
0.980390
0.980390
-0.980390
-12.745000
-0.980390
11.765000
10.784000
-0.980390
-3.921600
-2.941200
13.725000
27.451000
9.803900
10.784000
10.784000
-3.921600
3.921600
6.862700
-2.941200
1.960800
-1.960800
5.882400
13.725000
6.862700
2.941200
6.862700
6.862700
-0.980390
-3.921600
-11.765000
-6.862700
6.862700
6.862700
1.960800
-21.569000
-16.667000
7.843100
7.843100
-6.862700
-10.784000
-5.882400
-9.803900
-1.960800
0.000000
-8.823500
0.000000
-6.862700
-14.706000
0.000000
-4.902000
-4.902000
-9.803900
-15.686000
3.921600
8.823500
0.000000
0.980390
-1.960800
-4.902000
1.960800
10.784000
2.941200
-5.882400
-5.882400
10.784000
12.745000
-1.960800
-13.725000
-9.803900
0.980390
-4.902000
-3.921600
7.843100
6.862700
4.902000
4.902000
0.000000
-10.784000
-15.686000
-8.823500
-0.980390
-5.882400
-10.784000
-1.960800
6.862700
6.862700
-1.960800
-4.902000
-6.862700
-14.706000
-4.902000
10.784000
7.843100
0.000000
-8.823500
-12.745000
-6.862700
-3.921600
10.784000
11.765000
-4.902000
-15.686000
0.000000
13.725000
6.862700
4.902000
-10.784000
-13.725000
8.823500
23.528999
11.765000
-1.960800
-9.803900
5.882400
12.745000
2.941200
-1.960800
-7.843100
4.902000
7.843100
-3.921600
-14.706000
0.000000
9.803900
6.862700
-9.803900
-10.784000
8.823500
15.686000
8.823500
-0.980390
-7.843100
4.902000
8.823500
0.980390
-2.941200
-15.686000
-3.921600
4.902000
-6.862700
-2.941200
10.784000
6.862700
-5.882400
-12.745000
-4.902000
4.902000
17.646999
2.941200
-8.823500
1.960800
-0.980390
-1.960800
-3.921600
-5.882400
-7.843100
6.862700
9.803900
9.803900
5.882400
-10.784000
-7.843100
4.902000
0.980390
-2.941200
-2.941200
-1.960800
2.941200
3.921600
0.980390
-7.843100
0.980390
0.000000
-0.980390
1.960800
11.765000
25.490000
42.157001
56.862999
83.333000
115.690002
124.510002
124.510002
124.510002
124.510002
124.510002
124.510002
124.510002
111.760002
90.195999
69.608002
44.118000
17.646999
2.941200
-22.549000
-53.922001
-57.842999
-59.804001
-85.293999
-91.176003
-91.176003
-89.216003
-84.314003
-83.333000
-98.039001
-96.078003
-83.333000
-70.587997
-72.549004
-79.412003
-71.569000
-57.842999
-60.784000
-60.784000
-56.862999
-62.744999
-64.706001
-65.685997
-62.744999
-57.842999
-49.020000
-28.431000
-26.471001
-24.510000
-27.451000
-18.627001
-14.706000
-12.745000
-18.627001
-24.510000
-20.587999
-10.784000
-0.980390
-0.980390
-16.667000
-18.627001
-9.803900
-5.882400
-3.921600
-1.960800
-5.882400
-14.706000
-12.745000
-4.902000
-9.803900
-2.941200
1.960800
0.000000
-0.980390
3.921600
11.765000
7.843100
5.882400
3.921600
3.921600
1.960800
15.686000
15.686000
4.902000
1.960800
7.843100
10.784000
10.784000
1.960800
-9.803900
11.765000
24.510000
16.667000
9.803900
6.862700
19.608000
18.627001
0.000000
-7.843100
10.784000
12.745000
5.882400
7.843100
0.000000
3.921600
17.646999
19.608000
8.823500
14.706000
14.706000
10.784000
10.784000
-4.902000
-17.646999
5.882400
12.745000
2.941200
1.960800
-8.823500
-5.882400
13.725000
22.549000
5.882400
-9.803900
0.000000
10.784000
3.921600
10.784000
4.902000
-0.980390
4.902000
4.902000
5.882400
3.921600
11.765000
2.941200
-3.921600
0.000000
1.960800
6.862700
0.000000
-1.960800
-6.862700
-4.902000
3.921600
11.765000
13.725000
12.745000
4.902000
-2.941200
3.921600
8.823500
-2.941200
-2.941200
11.765000
4.902000
-5.882400
-5.882400
-1.960800
4.902000
8.823500
0.980390
-5.882400
-9.803900
1.960800
-0.980390
3.921600
0.980390
-1.960800
8.823500
-0.980390
0.000000
0.980390
0.980390
3.921600
7.843100
7.843100
0.000000
5.882400
2.941200
-0.980390
2.941200
-3.921600
-10.784000
2.941200
8.823500
6.862700
-3.921600
-9.803900
2.941200
18.627001
13.725000
0.980390
-3.921600
-7.843100
-6.862700
0.000000
0.000000
0.000000
6.862700
-2.941200
-7.843100
-1.960800
5.882400
17.646999
13.725000
4.902000
0.000000
-6.862700
0.980390
8.823500
14.706000
11.765000
2.941200
-3.921600
-9.803900
9.803900
12.745000
-0.980390
1.960800
0.980390
5.882400
-1.960800
0.000000
8.823500
0.980390
-5.882400
-8.823500
-9.803900
-6.862700
8.823500
14.706000
-6.862700
-11.765000
-2.941200
-0.980390
-6.862700
0.980390
6.862700
-1.960800
-6.862700
-5.882400
0.000000
-5.882400
-0.980390
9.803900
0.000000
-1.960800
11.765000
6.862700
4.902000
-0.980390
-1.960800
6.862700
14.706000
4.902000
-5.882400
-6.862700
3.921600
3.921600
-0.980390
-11.765000
-12.745000
-0.980390
2.941200
-10.784000
-0.980390
17.646999
10.784000
2.941200
4.902000
2.941200
-0.980390
2.941200
1.960800
-7.843100
-1.960800
3.921600
-5.882400
-5.882400
2.941200
2.941200
-1.960800
2.941200
10.784000
7.843100
6.862700
9.803900
-2.941200
-5.882400
-0.980390
2.941200
6.862700
0.980390
-4.902000
2.941200
0.980390
-0.980390
4.902000
10.784000
9.803900
3.921600
-13.725000
-6.862700
11.765000
8.823500
3.921600
1.960800
-5.882400
-3.921600
0.000000
-11.765000
-2.941200
8.823500
1.960800
-4.902000
-8.823500
-13.725000
-6.862700
-1.960800
-8.823500
-14.706000
-1.960800
3.921600
2.941200
0.000000
-0.980390
-5.882400
-6.862700
-3.921600
-0.980390
2.941200
-5.882400
-2.941200
2.941200
-15.686000
-1.960800
18.627001
6.862700
-6.862700
-9.803900
-0.980390
3.921600
-2.941200
-5.882400
0.980390
1.960800
-7.843100
-12.745000
-10.784000
5.882400
5.882400
1.960800
2.941200
-5.882400
0.000000
7.843100
-4.902000
-2.941200
8.823500
8.823500
4.902000
-10.784000
-13.725000
1.960800
10.784000
1.960800
-13.725000
-18.627001
-2.941200
8.823500
6.862700
-5.882400
-12.745000
0.980390
10.784000
0.000000
-5.882400
-9.803900
-6.862700
3.921600
2.941200
-3.921600
-5.882400
7.843100
16.667000
12.745000
0.980390
-5.882400
4.902000
8.823500
5.882400
-3.921600
-5.882400
-9.803900
1.960800
6.862700
9.803900
7.843100
0.000000
2.941200
11.765000
11.765000
7.843100
-3.921600
-13.725000
8.823500
21.569000
12.745000
6.862700
3.921600
-11.765000
10.784000
26.471001
12.745000
-0.980390
-9.803900
-8.823500
-5.882400
-7.843100
-3.921600
-2.941200
-6.862700
-6.862700
-0.980390
15.686000
14.706000
1.960800
-1.960800
3.921600
11.765000
11.765000
-5.882400
-14.706000
0.980390
7.843100
3.921600
1.960800
-10.784000
-5.882400
4.902000
5.882400
2.941200
-1.960800
-2.941200
-0.980390
-7.843100
-9.803900
-3.921600
1.960800
0.980390
0.980390
-8.823500
-5.882400
-0.980390
-4.902000
-9.803900
0.000000
7.843100
-2.941200
-10.784000
-4.902000
-2.941200
-10.784000
-7.843100
-6.862700
-2.941200
4.902000
-3.921600
-11.765000
-2.941200
11.765000
8.823500
4.902000
5.882400
6.862700
7.843100
3.921600
-3.921600
-14.706000
-3.921600
2.941200
3.921600
2.941200
4.902000
-2.941200
-3.921600
12.745000
14.706000
3.921600
4.902000
6.862700
4.902000
3.921600
-7.843100
-13.725000
-3.921600
0.000000
1.960800
3.921600
-7.843100
-0.980390
4.902000
2.941200
6.862700
-0.980390
0.000000
3.921600
10.784000
8.823500
-0.980390
-8.823500
-3.921600
11.765000
20.587999
6.862700
-9.803900
0.980390
10.784000
13.725000
0.000000
-2.941200
-1.960800
-3.921600
0.000000
-4.902000
-12.745000
4.902000
9.803900
-6.862700
-6.862700
0.980390
4.902000
3.921600
-6.862700
-22.549000
-21.569000
0.000000
11.765000
7.843100
2.941200
-9.803900
6.862700
9.803900
8.823500
5.882400
-3.921600
-3.921600
-7.843100
-8.823500
-3.921600
-5.882400
-9.803900
-6.862700
-10.784000
-3.921600
0.980390
2.941200
2.941200
2.941200
0.000000
10.784000
11.765000
6.862700
0.000000
-6.862700
-5.882400
-4.902000
-12.745000
-7.843100
-5.882400
1.960800
10.784000
8.823500
12.745000
5.882400
5.882400
10.784000
3.921600
6.862700
5.882400
-15.686000
-20.587999
-3.921600
0.000000
-0.980390
-28.431000
-17.646999
3.921600
1.960800
0.000000
3.921600
16.667000
13.725000
0.980390
-2.941200
-1.960800
7.843100
8.823500
-0.980390
-8.823500
-6.862700
4.902000
5.882400
-4.902000
-3.921600
-1.960800
-6.862700
0.980390
9.803900
14.706000
11.765000
0.980390
-9.803900
-2.941200
9.803900
7.843100
-0.980390
-13.725000
0.000000
1.960800
5.882400
6.862700
-1.960800
8.823500
9.803900
-5.882400
-4.902000
4.902000
7.843100
7.843100
-4.902000
6.862700
19.608000
9.803900
-2.941200
4.902000
0.980390
4.902000
5.882400
-6.862700
-1.960800
13.725000
13.725000
4.902000
8.823500
5.882400
1.960800
13.725000
13.725000
0.980390
-15.686000
-9.803900
-8.823500
-14.706000
-10.784000
-12.745000
-6.862700
-2.941200
-3.921600
-6.862700
-1.960800
-3.921600
-5.882400
1.960800
-4.902000
-7.843100
-9.803900
-9.803900
0.980390
6.862700
4.902000
-0.980390
0.980390
0.980390
2.941200
8.823500
10.784000
-0.980390
-8.823500
0.980390
13.725000
4.902000
-6.862700
1.960800
5.882400
7.843100
4.902000
0.000000
-9.803900
-6.862700
7.843100
8.823500
-1.960800
-10.784000
-5.882400
-3.921600
2.941200
0.980390
-3.921600
-1.960800
0.980390
9.803900
9.803900
0.980390
-7.843100
-0.980390
15.686000
15.686000
-1.960800
-12.745000
-12.745000
-5.882400
-0.980390
0.000000
-0.980390
-4.902000
