-8.737900
-8.737900
-11.650000
-4.854400
2.912600
0.970870
-0.970870
0.970870
-0.970870
1.941700
8.737900
8.737900
1.941700
-3.883500
-0.970870
-3.883500
-1.941700
3.883500
-0.970870
-2.912600
2.912600
9.708700
9.708700
1.941700
-0.970870
2.912600
-1.941700
3.883500
5.825200
8.737900
8.737900
6.796100
2.912600
-1.941700
0.000000
2.912600
0.970870
2.912600
0.000000
-8.737900
-10.680000
-2.912600
5.825200
6.796100
6.796100
-4.854400
-10.680000
-1.941700
4.854400
0.000000
-4.854400
-11.650000
-7.767000
1.941700
0.970870
-3.883500
-1.941700
1.941700
5.825200
6.796100
8.737900
8.737900
5.825200
2.912600
1.941700
1.941700
-3.883500
-9.708700
-12.621000
-4.854400
0.970870
0.000000
-2.912600
3.883500
1.941700
-5.825200
0.000000
7.767000
7.767000
4.854400
0.000000
0.000000
-0.970870
1.941700
2.912600
-2.912600
-0.970870
1.941700
1.941700
-0.970870
-5.825200
0.970870
6.796100
8.737900
7.767000
-0.970870
-1.941700
3.883500
0.970870
0.970870
0.000000
-1.941700
-4.854400
2.912600
7.767000
6.796100
4.854400
-1.941700
-3.883500
1.941700
7.767000
3.883500
3.883500
2.912600
0.970870
5.825200
5.825200
-3.883500
0.000000
7.767000
2.912600
-3.883500
-3.883500
-5.825200
-2.912600
1.941700
5.825200
-0.970870
-3.883500
0.970870
1.941700
0.970870
-1.941700
-2.912600
-5.825200
3.883500
5.825200
8.737900
14.563000
4.854400
1.941700
3.883500
20.388000
21.358999
14.563000
13.592000
6.796100
2.912600
0.970870
6.796100
11.650000
5.825200
-4.854400
2.912600
17.476000
11.650000
0.000000
5.825200
4.854400
-5.825200
-6.796100
0.000000
0.000000
0.000000
-10.680000
-13.592000
-8.737900
-2.912600
-1.941700
-5.825200
-9.708700
-8.737900
-8.737900
-9.708700
-5.825200
-4.854400
-4.854400
-7.767000
-9.708700
-12.621000
-9.708700
-2.912600
-1.941700
-15.534000
-8.737900
0.000000
0.000000
0.970870
-0.970870
-2.912600
0.970870
0.000000
-1.941700
3.883500
-3.883500
-0.970870
6.796100
1.941700
-13.592000
-5.825200
1.941700
-4.854400
-0.970870
-0.970870
1.941700
4.854400
4.854400
1.941700
-2.912600
-6.796100
-7.767000
-12.621000
-3.883500
-6.796100
-4.854400
3.883500
1.941700
-5.825200
-0.970870
3.883500
-0.970870
-4.854400
-1.941700
2.912600
4.854400
0.000000
-6.796100
-3.883500
0.970870
7.767000
3.883500
-6.796100
-7.767000
-3.883500
0.970870
1.941700
6.796100
6.796100
0.000000
-1.941700
2.912600
5.825200
2.912600
-1.941700
3.883500
7.767000
4.854400
0.970870
3.883500
7.767000
-1.941700
-0.970870
-1.941700
0.000000
0.000000
-6.796100
-5.825200
0.970870
7.767000
6.796100
3.883500
0.000000
5.825200
12.621000
10.680000
1.941700
-4.854400
-9.708700
-2.912600
0.000000
-1.941700
0.000000
2.912600
2.912600
-0.970870
-0.970870
0.970870
2.912600
2.912600
-1.941700
0.000000
3.883500
-2.912600
-6.796100
-5.825200
-4.854400
-0.970870
2.912600
1.941700
0.000000
3.883500
6.796100
2.912600
2.912600
-6.796100
-5.825200
0.000000
1.941700
5.825200
-3.883500
-3.883500
2.912600
1.941700
0.970870
-0.970870
0.000000
5.825200
10.680000
23.301001
34.951000
50.485001
71.845001
101.940002
123.300003
123.300003
123.300003
123.300003
123.300003
123.300003
123.300003
103.879997
87.378998
67.960999
37.863998
17.476000
11.650000
-8.737900
-37.863998
-47.573002
-56.311001
-66.989998
-71.845001
-73.786003
-70.874001
-73.786003
-77.669998
-82.524002
-75.727997
-69.903000
-66.018997
-63.106998
-64.078003
-60.194000
-53.397999
-57.282001
-56.311001
-58.251999
-62.136002
-58.251999
-56.311001
-51.456001
-44.660000
-45.631001
-34.951000
-29.125999
-31.068001
-29.125999
-26.214001
-22.330000
-13.592000
-16.504999
-27.184000
-24.271999
-17.476000
-14.563000
-2.912600
-1.941700
-6.796100
-13.592000
-13.592000
-10.680000
-10.680000
-11.650000
-13.592000
-13.592000
-9.708700
-7.767000
-8.737900
-1.941700
8.737900
5.825200
-1.941700
10.680000
14.563000
3.883500
-5.825200
-9.708700
-5.825200
0.970870
6.796100
2.912600
-3.883500
-5.825200
5.825200
11.650000
8.737900
1.941700
0.970870
20.388000
28.155001
18.447001
10.680000
6.796100
5.825200
1.941700
-2.912600
4.854400
6.796100
5.825200
4.854400
10.680000
19.417000
16.504999
12.621000
10.680000
14.563000
19.417000
14.563000
9.708700
5.825200
-2.912600
0.970870
0.000000
0.000000
1.941700
5.825200
7.767000
6.796100
8.737900
-0.970870
7.767000
13.592000
9.708700
5.825200
0.970870
-0.970870
4.854400
9.708700
7.767000
1.941700
-0.970870
-3.883500
0.000000
0.970870
-2.912600
3.883500
4.854400
-4.854400
-2.912600
2.912600
1.941700
5.825200
-0.970870
5.825200
17.476000
12.621000
4.854400
4.854400
9.708700
-0.970870
-5.825200
-3.883500
-0.970870
5.825200
11.650000
3.883500
0.970870
4.854400
-0.970870
-4.854400
-1.941700
-6.796100
-5.825200
1.941700
-0.970870
-4.854400
-3.883500
1.941700
-1.941700
-2.912600
0.970870
4.854400
9.708700
9.708700
6.796100
3.883500
-6.796100
-1.941700
7.767000
4.854400
0.000000
-3.883500
-9.708700
-6.796100
-2.912600
-0.970870
1.941700
10.680000
12.621000
0.970870
-9.708700
-7.767000
1.941700
4.854400
0.000000
0.000000
3.883500
0.970870
2.912600
4.854400
5.825200
11.650000
8.737900
1.941700
-0.970870
3.883500
7.767000
12.621000
8.737900
4.854400
1.941700
0.970870
0.000000
-7.767000
-4.854400
-3.883500
-0.970870
2.912600
0.970870
0.000000
6.796100
3.883500
-1.941700
-5.825200
-13.592000
-13.592000
1.941700
11.650000
1.941700
-5.825200
-3.883500
-0.970870
-2.912600
1.941700
-2.912600
-1.941700
2.912600
3.883500
-1.941700
-0.970870
-1.941700
0.000000
6.796100
3.883500
3.883500
7.767000
9.708700
2.912600
7.767000
9.708700
5.825200
1.941700
5.825200
1.941700
-3.883500
-8.737900
-7.767000
-5.825200
-6.796100
-8.737900
-1.941700
-2.912600
2.912600
8.737900
6.796100
2.912600
0.000000
8.737900
12.621000
11.650000
5.825200
4.854400
-0.970870
-9.708700
-8.737900
-3.883500
0.000000
0.970870
1.941700
1.941700
2.912600
1.941700
2.912600
3.883500
8.737900
2.912600
-1.941700
-4.854400
-6.796100
-2.912600
0.000000
0.000000
0.970870
4.854400
5.825200
4.854400
0.970870
0.970870
5.825200
0.970870
-4.854400
-0.970870
-2.912600
-2.912600
3.883500
3.883500
-5.825200
-6.796100
1.941700
0.970870
2.912600
0.970870
-7.767000
-3.883500
0.000000
0.000000
-2.912600
-10.680000
-12.621000
-5.825200
2.912600
7.767000
6.796100
0.000000
-9.708700
-16.504999
-3.883500
6.796100
3.883500
0.000000
-7.767000
-5.825200
0.000000
7.767000
4.854400
-4.854400
-9.708700
-2.912600
0.970870
-1.941700
-2.912600
-6.796100
-8.737900
-7.767000
-6.796100
-4.854400
2.912600
1.941700
-3.883500
-2.912600
9.708700
5.825200
0.000000
-0.970870
-6.796100
-4.854400
6.796100
11.650000
3.883500
1.941700
-0.970870
0.970870
-0.970870
-6.796100
-1.941700
0.000000
-2.912600
2.912600
1.941700
-3.883500
0.000000
2.912600
0.970870
-1.941700
-3.883500
-2.912600
0.000000
1.941700
-2.912600
-5.825200
0.000000
0.970870
11.650000
17.476000
8.737900
-0.970870
4.854400
8.737900
0.000000
-3.883500
-0.970870
-0.970870
1.941700
-1.941700
-1.941700
7.767000
7.767000
3.883500
3.883500
0.970870
0.970870
4.854400
3.883500
0.000000
7.767000
7.767000
1.941700
7.767000
15.534000
16.504999
9.708700
0.970870
0.970870
-4.854400
-1.941700
-0.970870
-10.680000
-4.854400
0.000000
-1.941700
2.912600
9.708700
10.680000
4.854400
3.883500
0.000000
-1.941700
10.680000
9.708700
0.970870
-3.883500
-8.737900
-9.708700
-9.708700
-1.941700
2.912600
2.912600
3.883500
10.680000
9.708700
4.854400
-4.854400
-7.767000
-8.737900
-4.854400
-4.854400
-2.912600
-4.854400
-4.854400
0.000000
-1.941700
2.912600
-0.970870
-0.970870
6.796100
8.737900
0.970870
-8.737900
-16.504999
-16.504999
-9.708700
-12.621000
-13.592000
-13.592000
-12.621000
-7.767000
-0.970870
-1.941700
-0.970870
2.912600
4.854400
10.680000
18.447001
8.737900
5.825200
4.854400
-5.825200
-3.883500
1.941700
-0.970870
-3.883500
0.000000
-0.970870
0.970870
0.970870
8.737900
13.592000
5.825200
1.941700
3.883500
0.000000
-6.796100
-15.534000
-12.621000
-1.941700
0.000000
-4.854400
-0.970870
-6.796100
-3.883500
0.000000
0.000000
4.854400
2.912600
2.912600
8.737900
5.825200
-4.854400
-0.970870
5.825200
4.854400
3.883500
1.941700
0.000000
3.883500
8.737900
6.796100
6.796100
7.767000
2.912600
-6.796100
-6.796100
3.883500
1.941700
-3.883500
-5.825200
-6.796100
-4.854400
-2.912600
6.796100
8.737900
0.000000
-6.796100
-14.563000
-3.883500
7.767000
11.650000
10.680000
1.941700
-2.912600
7.767000
13.592000
9.708700
6.796100
3.883500
-3.883500
-4.854400
-5.825200
-2.912600
0.000000
-10.680000
-15.534000
-6.796100
0.000000
1.941700
3.883500
3.883500
0.970870
7.767000
13.592000
4.854400
10.680000
1.941700
-4.854400
-3.883500
-8.737900
-9.708700
-12.621000
-4.854400
13.592000
11.650000
9.708700
8.737900
3.883500
6.796100
9.708700
8.737900
1.941700
-7.767000
-18.447001
-16.504999
-3.883500
-3.883500
-13.592000
-16.504999
-6.796100
2.912600
3.883500
9.708700
13.592000
5.825200
7.767000
4.854400
0.970870
2.912600
4.854400
-3.883500
-6.796100
-1.941700
-0.970870
5.825200
5.825200
-5.825200
-8.737900
-0.970870
2.912600
3.883500
8.737900
7.767000
0.000000
-4.854400
-5.825200
0.970870
0.970870
-4.854400
-3.883500
-0.970870
0.000000
-5.825200
-1.941700
7.767000
13.592000
6.796100
-0.970870
-5.825200
-4.854400
0.970870
0.970870
4.854400
9.708700
8.737900
3.883500
6.796100
6.796100
-1.941700
-8.737900
-10.680000
-7.767000
0.970870
5.825200
9.708700
8.737900
4.854400
3.883500
7.767000
10.680000
6.796100
3.883500
-2.912600
-14.563000
-19.417000
-12.621000
-16.504999
-9.708700
1.941700
0.970870
-3.883500
-3.883500
-2.912600
-7.767000
-9.708700
-2.912600
-2.912600
-6.796100
-6.796100
-12.621000
-11.650000
-0.970870
7.767000
4.854400
0.970870
-3.883500
-1.941700
0.000000
5.825200
1.941700
-4.854400
-1.941700
6.796100
6.796100
4.854400
8.737900
1.941700
0.000000
3.883500
3.883500
-0.970870
6.796100
7.767000
0.000000
-1.941700
-3.883500
0.000000
2.912600
3.883500
-3.883500
-4.854400
-4.854400
5.825200
4.854400
5.825200
4.854400
5.825200
0.000000
3.883500
5.825200
-2.912600
-8.737900
-10.680000
-2.912600
-1.941700
-5.825200
2.912600
10.680000
