-1.030600
-2.963000
-5.861500
-5.861500
-2.963000
-1.996800
-1.030600
-0.064410
-1.996800
1.868000
5.732700
3.800300
-0.064410
-3.929100
-4.895300
-4.895300
0.901770
2.834100
-1.996800
-4.895300
-4.895300
-0.064410
4.766500
2.834100
0.901770
-1.030600
-0.064410
-1.030600
-2.963000
-2.963000
0.901770
2.834100
-0.064410
-3.929100
-2.963000
1.868000
1.868000
-0.064410
-1.996800
-4.895300
-4.895300
-2.963000
-0.064410
3.800300
4.766500
2.834100
0.901770
-0.064410
2.834100
2.834100
0.901770
-0.064410
-1.030600
-0.064410
-1.030600
-1.996800
-1.030600
-0.064410
1.868000
0.901770
-1.996800
-1.996800
2.834100
6.698900
5.732700
-0.064410
-1.996800
-1.030600
-1.030600
1.868000
0.901770
0.901770
1.868000
-0.064410
0.901770
1.868000
2.834100
4.766500
5.732700
4.766500
2.834100
2.834100
-0.064410
-1.996800
-2.963000
-3.929100
-5.861500
-5.861500
-3.929100
-1.030600
-2.963000
-5.861500
-1.996800
2.834100
4.766500
1.868000
-6.827700
-3.929100
3.800300
5.732700
3.800300
1.868000
2.834100
-0.064410
2.834100
3.800300
1.868000
1.868000
-1.996800
-1.996800
1.868000
4.766500
2.834100
0.901770
-1.030600
0.901770
3.800300
4.766500
2.834100
0.901770
-3.929100
-2.963000
-1.996800
-1.030600
-0.064410
0.901770
-1.996800
-5.861500
-1.996800
-0.064410
-0.064410
-2.963000
-4.895300
-3.929100
-1.996800
-2.963000
-1.030600
-1.030600
-0.064410
0.901770
-1.030600
-0.064410
6.698900
9.597400
7.665100
8.631200
6.698900
3.800300
2.834100
-0.064410
0.901770
0.901770
-0.064410
0.901770
1.868000
1.868000
1.868000
2.834100
-1.030600
-1.996800
-1.996800
-2.963000
-3.929100
0.901770
3.800300
-0.064410
-7.793900
-6.827700
-1.030600
0.901770
1.868000
0.901770
-0.064410
-1.996800
-0.064410
4.766500
1.868000
-1.030600
-3.929100
-2.963000
-4.895300
-4.895300
-2.963000
-2.963000
-3.929100
0.901770
0.901770
-1.030600
-0.064410
3.800300
4.766500
2.834100
3.800300
2.834100
-1.030600
-0.064410
5.732700
4.766500
-1.030600
-4.895300
-3.929100
2.834100
7.665100
4.766500
1.868000
-0.064410
1.868000
4.766500
1.868000
-2.963000
-5.861500
-3.929100
-0.064410
-1.030600
-3.929100
-2.963000
1.868000
1.868000
1.868000
-0.064410
-3.929100
-6.827700
-3.929100
1.868000
3.800300
0.901770
-1.996800
-3.929100
-6.827700
-2.963000
3.800300
0.901770
-2.963000
-1.030600
-0.064410
0.901770
0.901770
0.901770
0.901770
-1.030600
2.834100
4.766500
2.834100
0.901770
0.901770
2.834100
0.901770
-1.996800
-6.827700
-5.861500
-0.064410
1.868000
-4.895300
-7.793900
-1.996800
-0.064410
-1.030600
-1.030600
-1.030600
-0.064410
4.766500
6.698900
4.766500
0.901770
-0.064410
0.901770
-1.030600
-1.030600
-4.895300
-2.963000
1.868000
2.834100
3.800300
1.868000
-1.030600
-4.895300
-3.929100
-0.064410
0.901770
4.766500
4.766500
2.834100
2.834100
0.901770
-0.064410
-1.996800
0.901770
3.800300
3.800300
1.868000
1.868000
0.901770
0.901770
-0.064410
-3.929100
-5.861500
-1.030600
1.868000
2.834100
2.834100
2.834100
0.901770
-1.030600
0.901770
1.868000
2.834100
3.800300
6.698900
9.597400
16.361000
20.225000
27.955000
36.651001
41.480999
48.244999
51.143002
47.278999
45.346001
40.514999
35.683998
29.886999
25.056000
17.327000
14.428000
9.597400
3.800300
-6.827700
-17.455999
-21.320000
-21.320000
-25.184999
-28.084000
-29.049999
-29.049999
-29.049999
-25.184999
-25.184999
-26.150999
-24.219000
-23.253000
-27.118000
-27.118000
-23.253000
-18.422001
-16.490000
-14.557000
-17.455999
-21.320000
-25.184999
-24.219000
-19.388000
-19.388000
-16.490000
-8.760100
-10.692000
-4.895300
3.800300
5.732700
7.665100
8.631200
4.766500
-1.030600
-0.064410
2.834100
0.901770
-2.963000
-9.726200
-12.625000
-7.793900
0.901770
5.732700
4.766500
0.901770
-1.030600
1.868000
-0.064410
-4.895300
-6.827700
-9.726200
-8.760100
-5.861500
-3.929100
-1.030600
-1.030600
-1.030600
4.766500
8.631200
14.428000
18.292999
15.395000
8.631200
0.901770
-2.963000
-1.030600
-1.030600
-8.760100
-12.625000
-5.861500
-0.064410
0.901770
-1.030600
0.901770
4.766500
7.665100
4.766500
0.901770
2.834100
3.800300
2.834100
1.868000
1.868000
-0.064410
-2.963000
0.901770
-0.064410
-3.929100
-2.963000
-2.963000
0.901770
-1.996800
-4.895300
-0.064410
0.901770
1.868000
3.800300
2.834100
1.868000
0.901770
3.800300
1.868000
0.901770
3.800300
6.698900
5.732700
1.868000
-1.996800
-1.996800
2.834100
7.665100
10.564000
7.665100
5.732700
2.834100
1.868000
2.834100
4.766500
2.834100
-0.064410
-1.030600
-3.929100
-4.895300
-1.030600
4.766500
6.698900
7.665100
5.732700
0.901770
-1.996800
1.868000
0.901770
-1.030600
-1.030600
-1.996800
-1.030600
-1.030600
-2.963000
-0.064410
0.901770
-1.996800
-2.963000
-3.929100
-0.064410
4.766500
5.732700
3.800300
0.901770
-1.996800
0.901770
4.766500
2.834100
-0.064410
2.834100
2.834100
3.800300
2.834100
5.732700
3.800300
-1.030600
-1.996800
-4.895300
-5.861500
-1.030600
-1.030600
-3.929100
-3.929100
-2.963000
4.766500
10.564000
5.732700
-1.030600
-5.861500
-8.760100
-3.929100
0.901770
0.901770
-1.030600
-1.996800
-3.929100
-1.996800
3.800300
6.698900
5.732700
2.834100
0.901770
-1.030600
2.834100
6.698900
2.834100
1.868000
5.732700
4.766500
2.834100
-1.030600
1.868000
1.868000
1.868000
0.901770
0.901770
-1.030600
-3.929100
-1.996800
-0.064410
-0.064410
0.901770
-1.030600
-1.030600
0.901770
2.834100
1.868000
-1.996800
-6.827700
-6.827700
-3.929100
-1.030600
-3.929100
-3.929100
-4.895300
-4.895300
-1.996800
-0.064410
-1.030600
-0.064410
2.834100
0.901770
-1.030600
1.868000
0.901770
0.901770
2.834100
1.868000
-1.030600
4.766500
9.597400
2.834100
2.834100
4.766500
-0.064410
-0.064410
1.868000
-1.030600
-0.064410
-1.030600
-2.963000
2.834100
3.800300
2.834100
4.766500
6.698900
3.800300
-0.064410
3.800300
4.766500
2.834100
0.901770
-0.064410
-0.064410
-1.996800
-1.030600
4.766500
5.732700
3.800300
5.732700
6.698900
4.766500
2.834100
1.868000
-0.064410
-1.030600
1.868000
3.800300
4.766500
2.834100
0.901770
0.901770
-0.064410
0.901770
2.834100
1.868000
-1.030600
-3.929100
-1.030600
3.800300
2.834100
1.868000
-1.030600
-1.996800
-0.064410
0.901770
-2.963000
-0.064410
1.868000
-1.030600
-3.929100
-4.895300
-7.793900
-8.760100
-7.793900
-5.861500
-5.861500
-3.929100
-1.996800
0.901770
-1.030600
-1.996800
-0.064410
0.901770
2.834100
-1.996800
-5.861500
-6.827700
-2.963000
0.901770
-4.895300
-1.996800
3.800300
1.868000
-0.064410
-0.064410
-1.030600
-2.963000
-2.963000
-2.963000
-1.996800
-0.064410
-2.963000
-5.861500
-3.929100
1.868000
3.800300
2.834100
0.901770
-1.996800
-4.895300
-3.929100
-1.030600
0.901770
2.834100
6.698900
5.732700
0.901770
-1.996800
-1.030600
-1.996800
-6.827700
-9.726200
-10.692000
-5.861500
-1.996800
-1.996800
-2.963000
0.901770
4.766500
2.834100
0.901770
-1.030600
-2.963000
-1.030600
2.834100
0.901770
-1.030600
0.901770
5.732700
11.530000
12.496000
4.766500
-0.064410
4.766500
7.665100
5.732700
0.901770
0.901770
-0.064410
0.901770
1.868000
0.901770
2.834100
2.834100
0.901770
0.901770
2.834100
3.800300
0.901770
0.901770
4.766500
8.631200
8.631200
7.665100
6.698900
5.732700
10.564000
8.631200
4.766500
-0.064410
-2.963000
-2.963000
-7.793900
-7.793900
-2.963000
-1.030600
-4.895300
-3.929100
-0.064410
3.800300
2.834100
-1.030600
1.868000
-0.064410
1.868000
4.766500
2.834100
0.901770
3.800300
4.766500
2.834100
2.834100
-1.996800
-2.963000
-2.963000
-3.929100
-6.827700
-6.827700
-5.861500
-7.793900
-6.827700
-0.064410
2.834100
1.868000
-0.064410
-2.963000
-6.827700
-4.895300
-8.760100
-14.557000
-14.557000
-11.659000
-8.760100
-11.659000
-8.760100
-1.030600
2.834100
3.800300
4.766500
0.901770
2.834100
5.732700
6.698900
7.665100
2.834100
3.800300
4.766500
6.698900
2.834100
2.834100
-0.064410
-2.963000
-2.963000
-4.895300
-5.861500
-0.064410
4.766500
5.732700
6.698900
6.698900
7.665100
7.665100
5.732700
2.834100
1.868000
-0.064410
-1.030600
-0.064410
-2.963000
-4.895300
-4.895300
-1.996800
2.834100
3.800300
0.901770
2.834100
3.800300
1.868000
4.766500
5.732700
3.800300
4.766500
2.834100
0.901770
1.868000
-1.996800
0.901770
9.597400
8.631200
3.800300
0.901770
3.800300
1.868000
-1.030600
-1.030600
-0.064410
-1.030600
-2.963000
-2.963000
0.901770
0.901770
1.868000
0.901770
-1.030600
-0.064410
-1.030600
-1.996800
-3.929100
-8.760100
-13.591000
-14.557000
-9.726200
-1.996800
2.834100
4.766500
0.901770
3.800300
6.698900
3.800300
-0.064410
-3.929100
-8.760100
-12.625000
-9.726200
-7.793900
-4.895300
-1.996800
-5.861500
-2.963000
2.834100
7.665100
8.631200
10.564000
7.665100
4.766500
6.698900
4.766500
-1.030600
-6.827700
-10.692000
-7.793900
-5.861500
-3.929100
-2.963000
-4.895300
3.800300
9.597400
5.732700
2.834100
2.834100
4.766500
4.766500
0.901770
0.901770
2.834100
-1.996800
-8.760100
-4.895300
0.901770
1.868000
-5.861500
-2.963000
0.901770
1.868000
5.732700
6.698900
5.732700
1.868000
-1.996800
-2.963000
0.901770
4.766500
3.800300
-0.064410
-1.996800
0.901770
1.868000
0.901770
-2.963000
-5.861500
-5.861500
-3.929100
-3.929100
-1.030600
4.766500
7.665100
4.766500
-0.064410
-1.996800
-0.064410
-2.963000
-1.996800
-0.064410
-1.030600
-1.996800
-3.929100
-1.030600
3.800300
5.732700
2.834100
-3.929100
-2.963000
1.868000
5.732700
4.766500
1.868000
8.631200
11.530000
5.732700
0.901770
-1.030600
-3.929100
-2.963000
1.868000
1.868000
8.631200
12.496000
9.597400
10.564000
10.564000
6.698900
6.698900
7.665100
5.732700
-0.064410
-5.861500
-6.827700
-11.659000
-13.591000
-9.726200
-5.861500
-2.963000
-2.963000
-2.963000
-2.963000
-1.996800
-1.030600
-1.030600
0.901770
-0.064410
-3.929100
-6.827700
-6.827700
-5.861500
-1.996800
1.868000
-1.030600
-1.030600
1.868000
1.868000
6.698900
7.665100
1.868000
-0.064410
3.800300
4.766500
2.834100
0.901770
-1.030600
-3.929100
-5.861500
-4.895300
-3.929100
-6.827700
-2.963000
0.901770
-2.963000
-5.861500
-4.895300
-1.030600
-1.030600
-3.929100
-4.895300
-4.895300
-1.030600
1.868000
1.868000
4.766500
4.766500
1.868000
1.868000
3.800300
6.698900
5.732700
0.901770
-2.963000
-1.996800
-2.963000
0.901770
5.732700
4.766500
