-2.640900
-4.573300
-7.149800
-8.438000
-11.659000
-11.659000
-7.793900
-8.438000
-9.082100
-9.726200
-7.149800
-7.793900
-7.793900
-2.640900
0.579710
-0.708530
1.868000
2.512100
3.156200
0.579710
-3.929100
-2.640900
-1.996800
0.579710
7.665100
8.953300
5.732700
5.088600
9.597400
10.242000
6.376800
3.800300
1.868000
3.156200
8.953300
15.395000
16.683001
14.750000
13.462000
12.174000
12.174000
5.732700
-3.285000
-9.726200
-8.438000
-5.861500
-5.217400
-1.996800
-1.996800
-4.573300
-3.285000
1.223800
4.444400
7.020900
6.376800
9.597400
7.020900
2.512100
3.800300
3.800300
0.579710
1.868000
5.732700
8.953300
3.800300
0.579710
2.512100
1.868000
-0.708530
1.223800
3.800300
1.223800
-1.352700
2.512100
3.800300
0.579710
-3.929100
-8.438000
-14.235000
-16.812000
-17.455999
-14.879000
-11.659000
-5.861500
2.512100
5.088600
5.732700
2.512100
-0.708530
-1.352700
-5.861500
-9.082100
-9.726200
-10.370000
-7.793900
1.223800
6.376800
8.953300
14.750000
12.818000
9.597400
5.088600
3.156200
0.579710
-0.708530
-4.573300
-6.505600
-5.217400
-1.352700
0.579710
0.579710
1.868000
1.868000
-0.708530
-3.285000
-3.929100
-5.217400
-8.438000
-9.726200
-9.726200
-7.149800
-7.149800
-8.438000
-4.573300
-1.352700
-2.640900
-6.505600
-11.014000
-13.591000
-11.659000
-5.217400
-0.708530
1.868000
-0.708530
-7.149800
-7.793900
-3.285000
1.868000
4.444400
1.868000
-0.708530
-4.573300
-5.861500
-4.573300
1.223800
3.156200
3.800300
3.156200
3.800300
5.732700
7.665100
8.953300
8.309200
9.597400
12.174000
10.886000
6.376800
-1.996800
-4.573300
-8.438000
-8.438000
-3.285000
0.579710
0.579710
-1.352700
2.512100
4.444400
5.088600
4.444400
2.512100
1.868000
-1.996800
-1.352700
0.579710
-0.708530
-0.708530
1.223800
2.512100
3.156200
7.020900
-1.996800
-8.438000
-8.438000
-8.438000
-5.217400
-1.352700
3.156200
8.309200
6.376800
4.444400
1.223800
-4.573300
-5.861500
-6.505600
-4.573300
-1.352700
3.156200
6.376800
5.088600
3.800300
2.512100
3.156200
5.732700
1.223800
-2.640900
-2.640900
-3.285000
-0.064410
5.088600
6.376800
5.732700
8.953300
12.174000
11.530000
10.886000
10.242000
5.732700
4.444400
3.800300
7.020900
8.309200
12.818000
12.174000
12.174000
16.039000
12.174000
7.665100
2.512100
-1.996800
-0.708530
1.868000
-0.064410
-1.352700
-0.064410
3.156200
4.444400
2.512100
1.868000
1.223800
-0.708530
-1.352700
-1.996800
-4.573300
-8.438000
-8.438000
-9.726200
-10.370000
-11.014000
-11.659000
-9.082100
-7.793900
-7.793900
-9.726200
-8.438000
-7.149800
-10.370000
-9.726200
-7.149800
-4.573300
-2.640900
-3.285000
-3.285000
-1.996800
1.868000
-0.064410
-3.285000
-0.708530
-3.285000
-3.285000
-1.996800
-0.708530
-1.352700
-0.708530
0.579710
2.512100
3.800300
2.512100
4.444400
4.444400
0.579710
-2.640900
-5.861500
-9.082100
-9.082100
-5.861500
-7.149800
-8.438000
-6.505600
-7.149800
-4.573300
-2.640900
-0.708530
3.156200
4.444400
7.020900
7.665100
3.156200
-1.352700
-5.861500
-11.014000
-14.235000
-18.743999
-20.032000
-16.812000
-14.879000
-11.659000
-5.861500
1.223800
3.800300
5.088600
5.088600
3.800300
5.732700
4.444400
2.512100
2.512100
2.512100
3.800300
3.800300
4.444400
3.156200
1.223800
-0.708530
-3.929100
-5.861500
-4.573300
-4.573300
-4.573300
-0.064410
2.512100
9.597400
12.174000
12.818000
13.462000
10.886000
6.376800
1.223800
-1.996800
-4.573300
-5.217400
-3.929100
-2.640900
1.223800
5.732700
12.174000
19.259001
21.836000
21.836000
19.903000
15.395000
7.665100
1.868000
-3.285000
-4.573300
-1.996800
-2.640900
-2.640900
-1.996800
1.868000
5.732700
8.309200
10.242000
10.242000
10.242000
7.020900
4.444400
4.444400
4.444400
1.223800
-3.929100
-7.793900
-9.082100
-5.861500
-3.929100
-1.352700
0.579710
1.223800
4.444400
7.665100
10.242000
9.597400
8.309200
4.444400
-1.352700
-6.505600
-8.438000
-6.505600
-5.861500
-5.861500
-3.929100
2.512100
3.800300
3.156200
4.444400
7.665100
5.088600
2.512100
1.223800
2.512100
3.156200
3.156200
3.800300
3.156200
1.868000
4.444400
8.309200
13.462000
14.106000
8.309200
3.800300
3.800300
5.732700
5.732700
2.512100
-1.352700
-3.929100
-7.149800
-11.014000
-12.303000
-9.082100
-5.861500
-3.929100
-5.861500
-5.861500
-3.285000
-0.064410
0.579710
1.868000
1.868000
-1.352700
-3.285000
-3.285000
-1.996800
1.223800
1.868000
1.868000
0.579710
-2.640900
-0.708530
3.156200
4.444400
1.868000
-1.352700
-3.929100
-4.573300
-0.708530
-1.996800
-7.793900
-5.861500
-2.640900
-4.573300
-2.640900
3.156200
5.732700
7.020900
7.665100
7.020900
7.020900
9.597400
8.309200
7.665100
7.020900
7.020900
5.732700
4.444400
5.732700
5.088600
8.309200
10.242000
9.597400
9.597400
5.088600
2.512100
1.223800
1.223800
0.579710
-2.640900
-3.285000
-6.505600
-6.505600
-5.217400
-6.505600
-7.793900
-6.505600
-5.217400
-8.438000
-7.793900
-5.217400
-3.285000
-3.285000
-3.285000
-1.996800
-2.640900
-4.573300
-6.505600
-6.505600
-6.505600
-9.082100
-10.370000
-7.793900
-7.149800
-7.793900
-5.861500
-3.285000
-1.352700
-3.929100
-6.505600
-3.929100
-0.708530
0.579710
1.223800
3.800300
1.868000
-3.285000
-7.793900
-9.726200
-11.014000
-9.726200
-9.726200
-8.438000
-7.149800
-1.352700
3.156200
1.868000
-1.352700
-3.929100
-5.217400
-7.793900
-7.149800
-3.285000
-1.352700
-1.996800
-1.352700
2.512100
3.800300
1.223800
-3.285000
-1.996800
2.512100
-0.708530
-3.929100
-0.708530
-0.064410
1.868000
2.512100
3.156200
7.665100
8.953300
4.444400
1.223800
-1.352700
-3.285000
-5.217400
-10.370000
-12.303000
-9.082100
-7.149800
-7.149800
-5.217400
-5.217400
-3.929100
-3.285000
-3.285000
-1.996800
1.223800
1.868000
0.579710
-0.708530
-1.996800
-1.352700
-1.996800
2.512100
6.376800
7.020900
9.597400
10.242000
7.665100
7.665100
5.732700
3.156200
2.512100
1.223800
-0.708530
-0.064410
-0.708530
-1.996800
3.156200
10.242000
14.750000
11.530000
4.444400
-0.708530
-3.285000
-5.217400
-7.793900
-11.014000
-12.947000
-10.370000
-7.793900
0.579710
10.886000
19.259001
21.191999
16.683001
6.376800
-3.285000
-11.014000
-16.167000
-20.676001
-20.676001
-17.455999
-10.370000
2.512100
12.818000
17.971001
17.971001
13.462000
7.665100
1.223800
-4.573300
-7.793900
-13.591000
-16.812000
-15.523000
-11.659000
-3.285000
3.156200
7.665100
6.376800
2.512100
-0.708530
1.223800
3.800300
2.512100
-0.064410
-0.064410
3.156200
6.376800
7.665100
7.665100
6.376800
5.088600
5.732700
7.020900
6.376800
5.732700
1.223800
0.579710
4.444400
8.953300
6.376800
-1.352700
-5.861500
-9.726200
-10.370000
-7.793900
-5.861500
-5.217400
-5.217400
-5.217400
-1.996800
5.088600
9.597400
10.242000
8.953300
5.088600
1.868000
1.223800
-0.708530
-3.929100
-3.929100
-1.996800
-2.640900
-5.217400
-5.861500
-3.929100
-2.640900
-3.929100
-1.996800
-1.352700
-1.352700
0.579710
3.800300
7.020900
8.953300
10.242000
12.174000
10.242000
5.732700
4.444400
3.800300
3.156200
3.156200
2.512100
0.579710
0.579710
2.512100
2.512100
3.800300
3.800300
1.868000
-0.708530
-0.064410
0.579710
-5.861500
-11.014000
-12.947000
-12.947000
-11.014000
-9.082100
-2.640900
3.156200
7.020900
8.309200
6.376800
5.088600
0.579710
-2.640900
-5.861500
-5.861500
-1.352700
4.444400
5.088600
1.868000
-0.708530
-1.352700
-3.285000
-3.929100
-4.573300
-7.793900
-11.659000
-12.947000
-15.523000
-14.235000
-14.235000
-15.523000
-11.014000
-6.505600
-7.793900
-13.591000
-17.455999
-14.879000
-9.082100
-6.505600
-3.929100
-2.640900
1.223800
2.512100
3.800300
3.156200
3.800300
6.376800
7.665100
9.597400
9.597400
8.309200
7.020900
6.376800
7.020900
6.376800
5.732700
5.088600
4.444400
3.800300
3.800300
4.444400
3.800300
0.579710
0.579710
-0.064410
1.868000
2.512100
3.156200
3.800300
0.579710
-3.285000
-3.929100
-4.573300
-6.505600
-8.438000
-7.793900
-2.640900
1.868000
4.444400
8.953300
12.174000
12.174000
12.818000
8.953300
5.732700
0.579710
-4.573300
-9.082100
-9.726200
-7.149800
-5.217400
-4.573300
-3.285000
-0.064410
3.800300
5.732700
4.444400
-0.064410
-3.285000
-5.217400
-5.217400
-6.505600
-6.505600
1.868000
2.512100
0.579710
1.868000
3.156200
7.020900
0.579710
-5.217400
-5.861500
-4.573300
-3.929100
-2.640900
0.579710
3.156200
5.732700
6.376800
3.156200
-0.064410
-0.064410
3.800300
5.088600
5.732700
6.376800
2.512100
-0.064410
-0.708530
-2.640900
-2.640900
-2.640900
-3.929100
-5.217400
-3.285000
-0.708530
1.868000
1.868000
3.156200
7.020900
8.953300
7.665100
2.512100
-1.996800
-5.217400
-8.438000
-8.438000
-9.726200
-11.014000
-9.726200
-5.217400
-3.929100
-3.929100
-1.996800
1.868000
3.156200
3.156200
1.223800
-1.352700
-5.861500
-6.505600
-5.861500
-7.149800
-6.505600
-2.640900
1.223800
0.579710
-0.064410
1.223800
1.868000
1.868000
1.868000
3.156200
5.088600
7.020900
6.376800
8.309200
9.597400
8.309200
5.732700
0.579710
-4.573300
-6.505600
-7.793900
-8.438000
-5.861500
-2.640900
-1.352700
-0.708530
3.156200
7.665100
8.309200
10.242000
9.597400
4.444400
3.156200
2.512100
2.512100
-0.064410
-2.640900
-2.640900
-0.064410
3.800300
4.444400
4.444400
4.444400
1.868000
-2.640900
-4.573300
-4.573300
-3.929100
-1.352700
1.223800
3.156200
1.868000
1.223800
1.223800
3.156200
7.020900
5.088600
3.156200
1.223800
-0.708530
-3.285000
-5.861500
-6.505600
-7.149800
-8.438000
-9.082100
-6.505600
-4.573300
-4.573300
-6.505600
-5.861500
-3.285000
-0.708530
2.512100
5.088600
8.953300
10.242000
12.174000
12.174000
14.106000
19.259001
20.548000
19.259001
16.039000
14.106000
12.174000
12.818000
14.106000
10.242000
8.309200
3.800300
1.868000
5.732700
7.020900
4.444400
2.512100
-0.064410
-0.708530
0.579710
3.800300
4.444400
1.868000
-0.064410
-0.064410
3.156200
5.732700
3.800300
0.579710
-0.064410
-1.352700
-3.929100
-5.861500
-4.573300
0.579710
2.512100
1.868000
3.156200
5.088600
8.309200
8.309200
7.665100
6.376800
3.800300
3.800300
1.868000
-0.708530
-2.640900
-5.217400
-5.861500
-5.217400
-4.573300
-3.929100
-3.285000
-4.573300
-5.217400
-3.929100
-3.285000
-3.929100
-5.861500
-3.285000
-1.996800
-1.352700
0.579710
4.444400
5.088600
3.800300
3.156200
5.732700
4.444400
3.156200
4.444400
6.376800
5.732700
2.512100
1.868000
2.512100
