-7.961200
-14.434000
-17.670000
-19.612000
-18.316999
-11.845000
-7.313900
-5.372200
-9.255700
-12.492000
-12.492000
-12.492000
-13.139000
-10.550000
-5.372200
-3.430400
5.631100
6.278300
5.631100
3.042100
-1.488700
-4.077700
-4.724900
-2.783200
3.042100
3.689300
1.747600
-0.194170
3.042100
5.631100
3.689300
1.100300
-1.488700
1.100300
8.867300
18.576000
19.871000
19.871000
17.282000
11.456000
8.220100
3.042100
-6.019400
-14.434000
-13.786000
-13.139000
-11.845000
-9.902900
-12.492000
-9.255700
-6.019400
-0.194170
1.747600
2.394800
4.336600
7.572800
3.689300
-2.135900
-0.841420
1.100300
4.336600
6.278300
11.456000
14.693000
10.809000
6.925600
6.278300
4.983800
-2.783200
-6.666700
-7.961200
-10.550000
-6.019400
2.394800
5.631100
4.336600
1.747600
-4.077700
-9.902900
-14.434000
-17.670000
-13.139000
-8.608400
-6.019400
1.100300
4.983800
7.572800
6.925600
3.042100
-0.194170
-7.313900
-11.197000
-12.492000
-13.139000
-11.197000
-4.077700
4.983800
7.572800
13.398000
15.340000
15.340000
12.104000
10.809000
10.809000
7.572800
3.042100
0.453070
0.453070
1.747600
0.453070
-1.488700
0.453070
-0.194170
-0.841420
-2.135900
-3.430400
-4.724900
-3.430400
-5.372200
-6.666700
-2.135900
-4.724900
-7.313900
-2.135900
-0.194170
1.747600
-2.135900
-9.902900
-16.375000
-15.081000
-11.845000
-6.019400
1.747600
0.453070
-5.372200
-7.961200
-1.488700
4.336600
5.631100
2.394800
-2.135900
-4.077700
-7.313900
-6.666700
0.453070
6.925600
9.514600
10.162000
10.809000
10.809000
10.809000
10.809000
7.572800
6.925600
7.572800
6.278300
4.336600
-2.135900
-7.313900
-11.197000
-6.666700
-0.841420
0.453070
1.100300
-0.194170
2.394800
4.983800
6.278300
1.747600
-2.783200
-3.430400
-5.372200
-6.019400
-4.077700
-4.077700
-2.783200
1.100300
2.394800
2.394800
7.572800
0.453070
-6.666700
-7.961200
-13.139000
-12.492000
-4.724900
4.336600
10.162000
6.925600
6.925600
2.394800
-2.783200
-2.135900
-7.313900
-7.961200
-4.724900
0.453070
4.336600
6.925600
4.336600
3.689300
5.631100
7.572800
4.983800
0.453070
-2.135900
-2.135900
0.453070
3.042100
4.336600
7.572800
11.456000
15.340000
15.340000
17.282000
10.809000
1.747600
-0.194170
2.394800
5.631100
6.925600
8.867300
11.456000
13.398000
19.223000
11.456000
4.336600
1.100300
-1.488700
-3.430400
-1.488700
-2.783200
-4.724900
-4.077700
0.453070
-0.194170
-6.019400
-8.608400
-6.019400
-4.077700
-2.135900
-0.841420
-4.077700
-5.372200
-5.372200
-11.845000
-14.434000
-14.434000
-16.375000
-15.081000
-13.786000
-11.845000
-11.845000
-8.608400
-4.077700
-7.313900
-6.019400
-3.430400
-0.841420
3.042100
2.394800
2.394800
2.394800
6.278300
5.631100
1.100300
2.394800
-0.194170
-0.841420
2.394800
4.983800
2.394800
3.042100
3.689300
4.983800
9.514600
6.278300
8.220100
6.925600
3.042100
-1.488700
-7.961200
-10.550000
-9.902900
-7.961200
-6.666700
-5.372200
-2.783200
-4.077700
-2.135900
-1.488700
-0.841420
1.100300
4.983800
5.631100
8.220100
6.278300
-2.135900
-7.313900
-15.728000
-21.552999
-23.495001
-23.495001
-18.964001
-18.964001
-15.081000
-7.313900
1.747600
5.631100
8.220100
7.572800
7.572800
9.514600
10.162000
5.631100
1.747600
3.042100
2.394800
-0.194170
3.689300
3.042100
0.453070
-1.488700
-6.666700
-6.019400
-2.135900
-2.783200
-4.077700
-0.841420
3.689300
10.162000
13.398000
14.693000
14.045000
9.514600
1.747600
-4.077700
-3.430400
-4.724900
-8.608400
-4.077700
1.100300
4.336600
10.809000
19.223000
21.812000
22.459999
19.223000
15.340000
12.751000
6.925600
2.394800
-7.313900
-6.666700
-1.488700
-0.841420
1.100300
3.042100
8.220100
9.514600
10.809000
13.398000
12.751000
10.809000
6.925600
3.689300
0.453070
-0.841420
-4.724900
-11.845000
-14.434000
-13.139000
-8.608400
-4.077700
-2.135900
-1.488700
-0.194170
3.042100
4.983800
8.220100
9.514600
9.514600
5.631100
-0.194170
-5.372200
-9.902900
-11.197000
-12.492000
-12.492000
-9.255700
-6.019400
-2.783200
3.042100
6.278300
12.104000
12.751000
10.162000
7.572800
9.514600
8.220100
6.925600
6.925600
6.278300
6.925600
5.631100
8.220100
14.693000
14.693000
11.456000
5.631100
3.042100
0.453070
-0.194170
-2.783200
-7.961200
-9.902900
-15.081000
-18.316999
-17.670000
-13.786000
-9.902900
-7.313900
-7.961200
-11.197000
-11.197000
-6.019400
-2.135900
2.394800
1.100300
-1.488700
-0.841420
1.747600
4.983800
6.925600
6.925600
1.100300
-7.313900
-11.845000
-7.961200
-2.783200
-2.135900
-3.430400
-2.783200
-2.783200
-1.488700
5.631100
4.983800
-0.194170
-0.194170
-0.194170
-0.194170
3.042100
7.572800
12.104000
10.162000
4.983800
3.042100
3.042100
5.631100
8.867300
10.809000
12.751000
12.104000
10.809000
6.925600
4.983800
4.336600
6.278300
8.220100
9.514600
8.867300
9.514600
6.278300
3.689300
1.747600
-0.194170
-1.488700
-0.841420
-2.783200
-3.430400
-4.077700
-8.608400
-9.255700
-7.961200
-8.608400
-11.197000
-9.255700
-4.724900
-1.488700
2.394800
-0.841420
-4.077700
-6.666700
-6.019400
-6.666700
-8.608400
-7.961200
-6.666700
-6.019400
-7.961200
-8.608400
-7.961200
-5.372200
-3.430400
-5.372200
-9.255700
-9.902900
-9.902900
-5.372200
-0.841420
0.453070
2.394800
3.689300
-2.783200
-8.608400
-9.902900
-9.902900
-8.608400
-6.019400
-2.783200
-0.841420
3.042100
6.925600
8.867300
5.631100
0.453070
-2.783200
-6.666700
-6.666700
-2.783200
-4.724900
-6.019400
-3.430400
1.747600
3.042100
-0.194170
-4.077700
-2.783200
1.747600
1.747600
1.100300
5.631100
1.747600
-1.488700
2.394800
4.983800
9.514600
9.514600
3.689300
0.453070
-4.077700
-7.313900
-10.550000
-14.434000
-12.492000
-8.608400
-9.902900
-9.902900
-7.961200
-6.019400
-7.313900
-9.902900
-10.550000
-9.255700
-7.313900
-4.724900
-0.841420
2.394800
1.747600
4.336600
6.278300
12.751000
15.340000
14.693000
15.340000
14.693000
12.751000
12.104000
9.514600
6.925600
8.220100
9.514600
3.689300
-0.194170
-2.135900
-0.841420
3.689300
10.809000
19.223000
17.929001
5.631100
-4.077700
-9.255700
-9.902900
-14.434000
-20.259001
-16.375000
-10.550000
-6.666700
-0.194170
10.162000
20.518000
26.343000
23.107000
13.398000
3.042100
-4.077700
-12.492000
-18.316999
-20.906000
-19.612000
-15.081000
-0.841420
9.514600
15.340000
17.282000
14.045000
5.631100
-1.488700
-7.313900
-8.608400
-11.845000
-17.670000
-17.670000
-12.492000
-4.077700
6.278300
8.867300
3.689300
-2.783200
-4.724900
-3.430400
-0.841420
-2.135900
-6.019400
-6.019400
1.100300
10.162000
14.045000
14.045000
14.693000
14.693000
15.987000
17.282000
15.340000
9.514600
1.747600
-2.135900
-0.841420
2.394800
0.453070
-4.724900
-9.902900
-15.081000
-12.492000
-7.313900
-5.372200
-7.313900
-7.961200
-6.666700
-2.783200
4.336600
10.809000
14.045000
10.809000
8.220100
9.514600
6.925600
3.689300
-0.841420
-2.135900
-0.194170
-0.194170
-2.135900
-3.430400
-6.019400
-4.077700
-4.724900
-5.372200
-4.724900
-2.783200
-2.135900
0.453070
3.689300
6.925600
8.867300
8.220100
6.278300
1.100300
-2.783200
-2.135900
-2.783200
-2.135900
-0.841420
-2.783200
-0.194170
2.394800
4.336600
8.220100
7.572800
2.394800
1.100300
-0.841420
-4.724900
-12.492000
-18.964001
-21.552999
-20.906000
-17.670000
-15.081000
-7.313900
1.747600
6.278300
10.162000
10.162000
9.514600
4.983800
0.453070
1.100300
6.278300
4.983800
5.631100
5.631100
2.394800
-2.135900
-7.313900
-12.492000
-13.786000
-13.786000
-14.434000
-13.139000
-11.197000
-16.375000
-17.023001
-15.081000
-13.139000
-8.608400
-6.666700
-7.313900
-14.434000
-20.259001
-17.670000
-10.550000
-3.430400
-0.841420
-0.194170
4.336600
6.278300
4.336600
4.336600
7.572800
15.340000
18.576000
17.282000
17.929001
17.282000
15.987000
14.045000
10.809000
10.162000
12.104000
9.514600
7.572800
8.867300
6.278300
3.689300
2.394800
-2.135900
-3.430400
-4.077700
-0.194170
-0.194170
-3.430400
-3.430400
-4.077700
-6.666700
-9.255700
-8.608400
-8.608400
-6.666700
-2.135900
2.394800
6.278300
11.456000
16.634001
17.929001
16.634001
17.282000
14.045000
12.104000
4.336600
-1.488700
-6.019400
-7.961200
-5.372200
-4.724900
-4.724900
-7.961200
-9.255700
-4.724900
-0.194170
-0.194170
-6.019400
-7.313900
-7.961200
-7.961200
-6.666700
-4.724900
4.336600
-0.194170
-4.724900
-2.135900
-1.488700
0.453070
-2.783200
-5.372200
-4.724900
-4.724900
-5.372200
-3.430400
2.394800
4.983800
5.631100
6.925600
7.572800
4.336600
4.983800
8.220100
9.514600
10.809000
12.751000
8.220100
7.572800
6.925600
4.983800
3.689300
3.042100
2.394800
-0.841420
-2.783200
-1.488700
-0.194170
1.100300
2.394800
6.278300
8.220100
4.336600
0.453070
-4.077700
-7.961200
-9.902900
-10.550000
-11.845000
-13.786000
-13.786000
-13.786000
-11.845000
-9.255700
-6.019400
1.100300
4.336600
3.689300
4.983800
0.453070
-7.313900
-6.019400
-2.783200
-4.077700
-5.372200
-2.783200
0.453070
1.100300
1.747600
0.453070
-0.194170
1.100300
1.747600
4.983800
8.220100
9.514600
8.220100
8.867300
11.456000
9.514600
4.336600
-2.783200
-9.255700
-11.197000
-7.961200
-9.902900
-7.961200
-2.135900
-1.488700
0.453070
3.042100
8.867300
9.514600
10.162000
6.925600
1.747600
-2.783200
-4.077700
-4.077700
-5.372200
-6.666700
-4.077700
1.100300
4.336600
5.631100
3.689300
3.042100
3.042100
1.100300
-1.488700
-0.841420
2.394800
9.514600
14.045000
14.045000
8.867300
7.572800
6.925600
7.572800
8.867300
7.572800
6.925600
4.336600
0.453070
-1.488700
-6.019400
-9.902900
-6.666700
-11.845000
-14.434000
-11.845000
-11.197000
-13.139000
-13.786000
-14.434000
-11.197000
-7.961200
-4.724900
0.453070
4.983800
6.278300
10.162000
11.456000
14.693000
15.987000
15.987000
14.693000
8.220100
5.631100
4.336600
6.278300
8.220100
3.689300
0.453070
-2.783200
-4.077700
-0.194170
2.394800
1.100300
-1.488700
-4.724900
-2.135900
2.394800
4.983800
6.278300
4.336600
1.100300
-0.194170
0.453070
1.100300
-2.135900
-4.077700
-4.077700
-6.019400
-9.902900
-8.608400
-6.019400
1.100300
6.278300
7.572800
9.514600
13.398000
15.340000
15.987000
14.693000
7.572800
1.747600
1.747600
-0.194170
-2.783200
-2.783200
-1.488700
1.747600
4.983800
6.925600
8.867300
7.572800
4.336600
1.100300
-0.194170
-3.430400
-8.608400
-13.139000
-13.139000
-13.786000
-13.786000
-9.255700
-4.724900
-0.194170
0.453070
1.100300
4.336600
4.983800
4.983800
8.867300
8.220100
5.631100
2.394800
2.394800
-0.194170
