-5.079400
-4.444400
-3.809500
-5.079400
-6.349200
-8.254000
-10.159000
-13.968000
-20.316999
-24.127001
-23.492001
-22.222000
-23.492001
-24.127001
-21.587000
-16.507999
-5.714300
2.539700
7.619000
9.523800
9.523800
8.888900
5.714300
0.000000
-3.174600
-3.174600
0.000000
3.809500
8.888900
8.254000
8.888900
10.794000
10.159000
10.794000
12.063000
10.794000
5.714300
3.809500
1.269800
-0.634920
-1.269800
1.269800
2.539700
3.809500
5.079400
3.809500
1.269800
-3.174600
-6.349200
-8.254000
-14.603000
-17.143000
-17.143000
-15.238000
-10.794000
-11.429000
-11.429000
-10.794000
-8.254000
-3.809500
0.000000
0.634920
0.634920
0.000000
2.539700
10.794000
18.413000
21.587000
20.316999
13.968000
2.539700
-12.698000
-22.222000
-22.857000
-18.413000
-10.794000
-2.539700
4.444400
12.698000
14.603000
13.968000
15.873000
15.873000
12.063000
3.809500
-4.444400
-10.794000
-13.333000
-13.333000
-12.698000
-9.523800
-3.809500
0.000000
0.634920
3.174600
6.984100
10.159000
6.349200
5.714300
2.539700
-3.174600
-8.254000
-11.429000
-8.888900
-3.174600
0.634920
3.809500
1.904800
0.000000
-1.269800
-2.539700
-1.269800
-1.269800
-6.984100
-14.603000
-20.952000
-26.667000
-26.667000
-22.857000
-16.507999
-7.619000
0.634920
8.254000
13.968000
15.238000
17.143000
18.413000
16.507999
12.698000
9.523800
5.079400
2.539700
3.809500
4.444400
7.619000
8.254000
5.714300
2.539700
2.539700
5.714300
9.523800
12.063000
8.888900
0.634920
-3.809500
-6.349200
-3.809500
2.539700
4.444400
8.254000
10.794000
9.523800
7.619000
6.349200
3.174600
-1.269800
-4.444400
-5.079400
-5.079400
-3.809500
0.000000
6.984100
8.888900
8.888900
8.888900
10.159000
5.079400
-1.904800
-6.984100
-9.523800
-8.888900
-12.698000
-15.873000
-15.238000
-12.698000
-6.984100
1.269800
8.888900
13.333000
15.238000
11.429000
5.714300
3.174600
0.000000
-3.174600
-6.984100
-8.888900
-6.984100
-4.444400
0.634920
5.714300
8.254000
8.888900
5.079400
1.269800
-4.444400
-11.429000
-14.603000
-20.316999
-26.667000
-26.032000
-19.683001
-12.698000
-5.079400
5.079400
14.603000
22.222000
27.302000
28.570999
25.396999
22.222000
16.507999
11.429000
9.523800
10.159000
6.349200
7.619000
10.794000
10.794000
10.159000
5.079400
1.269800
0.634920
0.000000
2.539700
0.000000
-5.714300
-8.888900
-10.794000
-12.063000
-9.523800
-6.349200
-3.174600
-1.904800
-3.174600
-7.619000
-10.159000
-13.333000
-13.968000
-10.159000
-7.619000
-3.174600
1.904800
6.349200
9.523800
5.079400
0.000000
-1.904800
-4.444400
-6.349200
-8.254000
-6.349200
-6.984100
-5.714300
-1.904800
3.174600
10.159000
19.048000
31.111000
35.556000
29.205999
20.316999
10.794000
5.079400
-1.904800
-5.714300
-10.159000
-13.333000
-17.778000
-19.683001
-19.048000
-19.048000
-15.873000
-12.698000
-7.619000
-0.634920
1.904800
1.269800
-3.174600
-11.429000
-18.413000
-22.857000
-24.761999
-25.396999
-20.952000
-12.063000
-0.634920
8.888900
12.063000
12.063000
10.794000
7.619000
0.634920
-8.254000
-19.048000
-22.857000
-20.316999
-16.507999
-8.888900
-0.634920
6.984100
13.968000
17.143000
18.413000
19.683001
17.778000
12.063000
6.349200
2.539700
2.539700
4.444400
6.984100
8.254000
8.888900
9.523800
9.523800
11.429000
8.254000
3.174600
1.269800
0.634920
1.269800
0.000000
-1.269800
-1.269800
0.000000
3.174600
3.809500
3.174600
2.539700
-0.634920
-0.634920
0.634920
3.174600
3.809500
-0.634920
-1.904800
5.079400
12.063000
14.603000
17.778000
18.413000
17.778000
17.778000
15.238000
7.619000
-3.174600
-14.603000
-23.492001
-22.857000
-12.063000
4.444400
14.603000
19.048000
18.413000
14.603000
11.429000
6.984100
3.809500
-2.539700
-9.523800
-14.603000
-21.587000
-22.857000
-20.952000
-15.873000
-10.794000
-6.984100
-1.904800
1.269800
3.174600
5.079400
3.809500
1.269800
-1.904800
-8.254000
-11.429000
-12.063000
-13.968000
-12.698000
-11.429000
-6.349200
-0.634920
5.714300
10.794000
8.888900
6.984100
3.174600
-3.174600
-8.254000
-9.523800
-6.349200
-3.174600
0.000000
3.174600
0.634920
-2.539700
-5.714300
-9.523800
-12.698000
-13.333000
-7.619000
-1.904800
0.634920
1.269800
1.269800
3.809500
6.984100
8.254000
5.079400
1.904800
-0.634920
0.000000
1.269800
-0.634920
-2.539700
-5.714300
-8.888900
-6.984100
-3.809500
-1.904800
3.809500
7.619000
6.349200
2.539700
0.634920
-0.634920
2.539700
6.984100
11.429000
12.698000
12.063000
8.888900
3.809500
3.174600
2.539700
-2.539700
-12.063000
-22.857000
-29.841000
-29.205999
-19.048000
-5.079400
6.349200
15.238000
20.952000
22.857000
24.761999
29.841000
33.651001
33.651001
29.841000
15.873000
-0.634920
-13.333000
-19.683001
-18.413000
-14.603000
-10.794000
-5.079400
1.269800
5.079400
8.888900
13.333000
13.968000
10.159000
5.079400
-2.539700
-9.523800
-10.794000
-8.254000
-2.539700
3.174600
9.523800
12.698000
11.429000
10.159000
9.523800
5.079400
-1.269800
-8.254000
-13.333000
-14.603000
-13.968000
-10.794000
-5.714300
-0.634920
3.809500
7.619000
7.619000
3.809500
0.000000
-3.809500
-5.714300
-8.888900
-12.063000
-15.238000
-18.413000
-16.507999
-12.063000
-8.888900
-6.349200
-4.444400
-1.269800
-1.904800
-1.904800
5.079400
7.619000
5.079400
1.904800
-5.714300
-10.794000
-12.063000
-7.619000
0.634920
8.254000
13.333000
15.238000
15.238000
15.238000
10.159000
5.079400
3.809500
3.174600
1.269800
1.904800
5.079400
2.539700
0.000000
-2.539700
-3.174600
-1.904800
-2.539700
-3.174600
-4.444400
-6.984100
-10.159000
-8.254000
-1.904800
3.809500
9.523800
17.143000
17.778000
16.507999
13.968000
11.429000
10.159000
3.809500
0.000000
-1.904800
-5.079400
-8.888900
-8.888900
-8.254000
-6.984100
-3.809500
-0.634920
2.539700
3.809500
0.634920
-3.174600
-6.349200
-12.698000
-17.778000
-17.778000
-10.794000
-1.904800
7.619000
15.873000
22.857000
28.570999
31.746000
29.205999
20.316999
11.429000
3.809500
-3.174600
-6.349200
-6.349200
-3.809500
1.904800
6.349200
8.888900
12.063000
14.603000
14.603000
8.254000
-1.904800
-10.159000
-17.778000
-19.683001
-14.603000
-10.159000
-2.539700
1.904800
3.809500
5.079400
8.254000
9.523800
7.619000
-1.269800
-11.429000
-15.873000
-15.238000
-11.429000
-6.349200
-2.539700
0.634920
5.079400
7.619000
6.349200
1.269800
-2.539700
-7.619000
-13.333000
-16.507999
-17.143000
-17.778000
-15.238000
-13.333000
-9.523800
-3.174600
3.809500
10.794000
14.603000
17.143000
17.778000
14.603000
5.079400
-5.079400
-11.429000
-17.778000
-22.222000
-21.587000
-19.048000
-13.333000
-7.619000
-2.539700
1.904800
5.079400
8.888900
12.063000
12.698000
12.698000
12.063000
10.159000
6.349200
3.174600
-1.904800
-5.714300
-6.349200
-4.444400
-0.634920
1.269800
5.079400
6.349200
6.984100
10.794000
14.603000
17.143000
12.698000
3.174600
-6.349200
-12.698000
-17.143000
-15.873000
-8.254000
-3.809500
-0.634920
2.539700
5.079400
5.714300
3.174600
-1.269800
-3.174600
-5.079400
-7.619000
-12.063000
-15.238000
-13.333000
-7.619000
0.634920
3.809500
5.714300
8.254000
7.619000
3.174600
-2.539700
-8.888900
-13.333000
-12.063000
-10.794000
-9.523800
-5.714300
-1.269800
5.714300
13.333000
14.603000
13.968000
15.238000
12.698000
12.063000
9.523800
5.079400
3.809500
3.174600
3.809500
5.714300
4.444400
1.269800
1.269800
1.269800
1.269800
0.000000
-2.539700
-5.079400
-6.984100
-4.444400
-0.634920
3.174600
2.539700
1.904800
0.000000
-0.634920
-1.904800
-4.444400
-9.523800
-15.238000
-17.778000
-13.333000
-6.349200
0.000000
0.634920
1.269800
-0.634920
-2.539700
-2.539700
-1.269800
3.174600
5.714300
6.984100
8.888900
8.254000
9.523800
8.254000
5.079400
3.174600
-1.904800
-4.444400
-5.714300
-5.714300
-1.904800
1.269800
-1.269800
-5.714300
-7.619000
-6.349200
-6.349200
-8.888900
-11.429000
-9.523800
-6.984100
-5.714300
-8.254000
-10.159000
-6.984100
-3.174600
-0.634920
2.539700
3.174600
3.809500
3.809500
1.904800
3.174600
6.349200
9.523800
10.794000
11.429000
11.429000
12.063000
12.698000
12.698000
9.523800
3.809500
0.000000
-2.539700
-3.809500
-1.904800
0.634920
5.714300
8.888900
9.523800
10.794000
14.603000
15.873000
10.159000
1.904800
-1.904800
-5.714300
-8.254000
-4.444400
-1.269800
-2.539700
-1.904800
1.904800
3.809500
5.714300
8.254000
6.984100
-1.269800
-4.444400
-3.174600
-2.539700
0.000000
1.269800
1.269800
1.904800
3.809500
2.539700
1.904800
1.269800
3.174600
5.079400
8.254000
10.794000
8.254000
3.809500
-1.269800
-6.349200
-8.254000
-9.523800
-10.794000
-10.794000
-11.429000
-8.888900
-4.444400
0.634920
3.809500
3.809500
1.269800
-2.539700
-1.904800
0.000000
0.000000
-0.634920
0.634920
-0.634920
-1.269800
-1.904800
-1.904800
-2.539700
-4.444400
-3.809500
-2.539700
-5.714300
-8.888900
-10.794000
-10.159000
-7.619000
-5.079400
-3.809500
-1.904800
1.904800
1.904800
-0.634920
2.539700
5.714300
7.619000
10.159000
12.698000
15.238000
15.238000
12.698000
7.619000
3.174600
-1.904800
-5.714300
-7.619000
-6.984100
-5.079400
-5.079400
-1.904800
-0.634920
-2.539700
-4.444400
-5.714300
-5.079400
-6.349200
-5.714300
-3.174600
2.539700
8.888900
9.523800
9.523800
8.888900
8.254000
5.714300
4.444400
1.904800
-3.809500
-10.159000
-13.333000
-12.063000
-6.984100
0.000000
7.619000
12.063000
13.333000
8.888900
0.634920
-5.714300
-7.619000
-7.619000
-6.349200
-1.904800
4.444400
9.523800
13.968000
15.873000
12.063000
7.619000
3.809500
0.000000
0.000000
0.000000
1.904800
1.904800
2.539700
5.079400
4.444400
2.539700
5.079400
6.349200
6.984100
6.349200
3.809500
-1.269800
-5.079400
-5.079400
-6.349200
-7.619000
-6.984100
-6.349200
-6.349200
-8.888900
-7.619000
-8.254000
-9.523800
-10.159000
-11.429000
-12.063000
-12.698000
-14.603000
-15.873000
-15.238000
-13.333000
-10.794000
-3.174600
5.079400
10.794000
15.238000
15.238000
11.429000
8.254000
6.349200
5.079400
3.809500
0.634920
-0.634920
0.000000
1.269800
1.904800
3.809500
5.714300
4.444400
3.174600
5.714300
8.254000
6.984100
8.254000
5.079400
0.634920
2.539700
3.809500
5.714300
9.523800
12.063000
17.778000
19.048000
16.507999
8.888900
0.634920
-2.539700
-7.619000
-10.159000
-7.619000
1.904800
10.159000
16.507999
21.587000
17.143000
8.254000
2.539700
-1.269800
-6.984100
-13.333000
-17.778000
-17.778000
-18.413000
-17.778000
-14.603000
-10.794000
-6.349200
-3.174600
-1.269800
1.904800
0.634920
-1.904800
-0.634920
-0.634920
-3.174600
-4.444400
-2.539700
1.904800
