-8.151700
-8.783600
-10.047000
-13.839000
-10.679000
-7.519700
-6.887800
-4.992100
-5.624000
-5.624000
-6.255900
-8.783600
-10.047000
-4.360200
0.063190
-3.096400
-1.200600
-2.464500
-2.464500
-1.832500
0.695100
8.278000
15.861000
16.493000
15.229000
10.174000
5.118500
0.695100
-0.568720
0.695100
1.327000
0.695100
1.958900
4.486600
3.854700
5.750400
4.486600
4.486600
5.118500
5.118500
4.486600
3.854700
3.222700
1.958900
3.222700
2.590800
1.327000
-3.096400
-4.360200
-4.992100
-6.255900
-7.519700
-3.728300
-3.728300
-4.360200
-3.728300
-3.728300
-6.255900
-5.624000
-5.624000
-4.992100
-3.096400
-1.200600
-2.464500
-4.992100
-3.096400
-3.728300
-3.728300
-1.200600
0.063190
-2.464500
-6.887800
-10.679000
-11.943000
-9.415500
-5.624000
-3.096400
-1.200600
-0.568720
-2.464500
-3.728300
-1.200600
1.958900
-0.568720
-1.200600
-0.568720
0.063190
0.063190
3.222700
5.750400
4.486600
4.486600
5.750400
4.486600
5.118500
7.646100
7.646100
5.118500
5.750400
6.382300
7.014200
11.438000
13.333000
11.438000
7.646100
3.222700
2.590800
-0.568720
-1.200600
1.327000
-1.200600
-2.464500
-0.568720
1.958900
4.486600
3.222700
-0.568720
-1.200600
-5.624000
-2.464500
1.327000
-2.464500
-7.519700
-12.575000
-15.103000
-13.839000
-9.415500
-3.096400
1.327000
7.646100
7.014200
4.486600
5.750400
6.382300
6.382300
7.646100
8.278000
7.646100
7.014200
4.486600
5.750400
6.382300
5.118500
5.118500
6.382300
8.910000
7.014200
7.014200
7.014200
5.118500
0.063190
-3.728300
-4.360200
-2.464500
1.327000
1.958900
0.063190
1.327000
1.327000
-0.568720
-6.255900
-1.832500
-1.200600
-5.624000
-5.624000
-1.832500
1.327000
-1.832500
-0.568720
0.063190
-1.200600
-3.728300
-5.624000
-4.360200
-1.832500
-3.096400
5.118500
12.070000
10.174000
8.278000
5.118500
3.222700
0.695100
-1.832500
-0.568720
-3.096400
-6.255900
-7.519700
-6.887800
-2.464500
-1.832500
-3.728300
0.063190
1.327000
0.063190
-1.200600
0.063190
2.590800
-2.464500
-1.832500
-1.200600
-1.832500
-0.568720
0.063190
1.958900
1.327000
7.014200
7.014200
3.854700
3.222700
4.486600
8.278000
10.174000
8.910000
12.701000
10.806000
6.382300
4.486600
1.958900
1.958900
3.854700
5.118500
1.327000
1.958900
7.646100
5.750400
3.854700
3.222700
2.590800
-1.200600
-0.568720
0.063190
-2.464500
-3.096400
-1.200600
-0.568720
-1.200600
-4.992100
-9.415500
-10.679000
-8.151700
-9.415500
-11.943000
-8.783600
-6.887800
-6.255900
-5.624000
-3.096400
-2.464500
-2.464500
-2.464500
-3.728300
-4.992100
-4.992100
-4.360200
-2.464500
-1.200600
-3.728300
-1.832500
-3.096400
-4.992100
-3.728300
-3.728300
-3.728300
-1.200600
0.695100
0.063190
0.695100
1.327000
2.590800
3.222700
1.958900
5.118500
10.174000
12.070000
13.333000
10.806000
7.646100
5.118500
0.695100
-4.992100
-6.255900
-5.624000
-7.519700
-8.151700
-4.992100
-1.832500
1.327000
3.854700
7.014200
5.750400
7.646100
10.174000
8.278000
2.590800
0.695100
0.063190
-4.360200
-5.624000
-3.728300
-3.728300
-3.728300
-6.255900
-7.519700
-8.783600
-10.047000
-5.624000
-0.568720
0.063190
1.958900
0.695100
3.222700
3.854700
3.854700
4.486600
2.590800
0.695100
1.958900
1.958900
1.327000
-1.200600
-3.096400
-0.568720
1.958900
3.854700
7.646100
8.910000
6.382300
6.382300
9.541900
5.750400
0.695100
-1.832500
-6.255900
-6.887800
-8.783600
-6.255900
-1.200600
0.695100
1.958900
2.590800
5.118500
9.541900
12.070000
7.014200
3.222700
-1.832500
-3.728300
-3.728300
-3.096400
-0.568720
1.958900
1.327000
-3.728300
-3.728300
-2.464500
0.063190
4.486600
4.486600
0.063190
1.327000
0.695100
-5.624000
-8.151700
-10.047000
-8.783600
-4.992100
-4.360200
-6.887800
-4.360200
1.958900
5.118500
7.014200
6.382300
3.854700
-1.200600
-4.360200
-6.887800
-6.255900
-3.728300
-3.096400
-1.200600
0.063190
-0.568720
1.327000
1.327000
0.063190
-0.568720
-3.728300
-6.255900
-5.624000
-4.992100
-8.783600
-13.207000
-13.839000
-13.207000
-5.624000
-0.568720
2.590800
5.750400
5.750400
5.118500
3.222700
1.327000
1.327000
0.695100
0.063190
-0.568720
0.695100
0.063190
-1.832500
-1.200600
2.590800
4.486600
3.222700
1.327000
1.327000
1.327000
1.958900
-0.568720
-0.568720
1.327000
1.958900
3.222700
3.222700
4.486600
3.222700
1.958900
-1.832500
-4.992100
-6.255900
-5.624000
-5.624000
-6.887800
-8.151700
-7.519700
-1.832500
1.958900
4.486600
6.382300
4.486600
5.750400
8.910000
10.806000
10.806000
8.910000
5.750400
1.958900
1.327000
0.695100
-1.832500
-1.200600
-2.464500
0.063190
0.695100
1.327000
0.695100
2.590800
6.382300
5.750400
8.278000
7.014200
10.806000
14.597000
14.597000
11.438000
7.646100
5.118500
2.590800
3.222700
7.646100
6.382300
1.958900
-1.832500
-3.096400
-6.255900
-5.624000
-0.568720
-2.464500
-1.200600
-0.568720
-2.464500
-1.200600
-2.464500
-5.624000
-6.887800
-11.311000
-15.735000
-12.575000
-11.311000
-11.943000
-11.311000
-11.943000
-11.943000
-8.151700
-3.096400
1.958900
0.063190
-0.568720
1.327000
1.327000
-2.464500
-4.992100
-6.255900
-8.151700
-10.047000
-4.360200
-2.464500
-3.728300
-3.728300
-2.464500
0.063190
4.486600
8.278000
8.910000
3.222700
2.590800
1.958900
2.590800
3.854700
-1.200600
-1.200600
2.590800
3.854700
1.958900
-3.096400
-3.728300
-4.992100
-6.887800
-2.464500
-2.464500
-3.728300
-2.464500
-1.200600
6.382300
11.438000
12.070000
15.229000
15.229000
12.070000
6.382300
4.486600
3.222700
3.854700
4.486600
4.486600
5.118500
8.278000
8.910000
7.646100
5.750400
2.590800
-0.568720
-1.832500
-5.624000
-5.624000
-6.887800
-8.151700
-7.519700
-6.255900
-2.464500
1.327000
7.014200
10.806000
11.438000
14.597000
15.229000
12.070000
9.541900
7.014200
2.590800
2.590800
2.590800
1.327000
3.222700
7.014200
5.750400
5.118500
7.014200
6.382300
7.014200
4.486600
3.854700
0.063190
-3.096400
-3.096400
-6.255900
-9.415500
-7.519700
-6.887800
-3.096400
0.695100
0.695100
2.590800
2.590800
0.695100
-1.832500
-1.200600
-0.568720
-1.200600
-2.464500
-3.728300
-3.728300
-5.624000
-6.255900
-3.728300
-3.096400
-0.568720
0.695100
-1.200600
-4.360200
-6.255900
-6.255900
-4.360200
-1.832500
-2.464500
-2.464500
-3.096400
-3.728300
-6.887800
-8.783600
-11.311000
-10.679000
-9.415500
-9.415500
-8.783600
-4.992100
-1.832500
0.063190
5.118500
8.910000
9.541900
8.278000
5.750400
1.327000
-0.568720
-1.832500
-2.464500
0.063190
0.695100
1.327000
2.590800
1.327000
5.750400
7.646100
5.750400
5.750400
5.118500
3.854700
1.327000
5.118500
6.382300
3.854700
1.327000
0.063190
-2.464500
-7.519700
-7.519700
-6.255900
-7.519700
-11.311000
-11.943000
-9.415500
-4.992100
-1.832500
0.695100
5.118500
5.750400
3.222700
0.063190
-1.832500
-2.464500
-2.464500
-3.096400
-3.728300
-1.200600
1.958900
2.590800
2.590800
3.222700
1.958900
-1.200600
-4.992100
-4.360200
-2.464500
-3.728300
-3.728300
-3.096400
-3.096400
-1.832500
3.222700
4.486600
3.854700
8.910000
10.174000
9.541900
11.438000
12.701000
9.541900
5.118500
2.590800
0.695100
-2.464500
-1.200600
-0.568720
-6.255900
-4.992100
-3.728300
-2.464500
-2.464500
-1.200600
-1.200600
-2.464500
-2.464500
-3.096400
0.695100
-0.568720
-0.568720
2.590800
3.222700
1.958900
0.695100
-0.568720
0.695100
-0.568720
-3.096400
-5.624000
-4.360200
-5.624000
0.063190
5.750400
7.014200
7.014200
8.278000
6.382300
2.590800
2.590800
2.590800
1.958900
0.695100
-0.568720
-1.832500
-5.624000
-1.200600
1.958900
0.695100
3.854700
2.590800
2.590800
3.854700
7.014200
7.646100
7.646100
5.750400
0.695100
2.590800
4.486600
5.750400
5.118500
1.958900
4.486600
7.014200
1.958900
1.958900
1.327000
-1.200600
-1.200600
-2.464500
-1.832500
0.695100
0.695100
-1.200600
-1.200600
-0.568720
0.063190
-1.200600
-1.832500
-0.568720
-1.832500
0.063190
-1.200600
-5.624000
-8.151700
-6.887800
-4.360200
-1.200600
0.063190
5.118500
5.750400
8.278000
9.541900
7.014200
3.854700
-1.200600
-5.624000
-10.047000
-13.839000
-14.471000
-10.047000
-6.255900
-3.728300
-2.464500
-1.200600
0.695100
5.750400
9.541900
8.910000
7.014200
7.646100
1.327000
1.327000
4.486600
5.118500
6.382300
8.910000
8.910000
7.014200
4.486600
2.590800
0.695100
0.695100
0.695100
-0.568720
-2.464500
-4.992100
-4.360200
-3.096400
-4.360200
-0.568720
2.590800
4.486600
3.854700
1.327000
-1.832500
-2.464500
0.695100
1.327000
-0.568720
0.063190
1.958900
0.695100
3.222700
7.646100
7.014200
3.854700
-1.200600
-5.624000
-10.047000
-15.735000
-11.943000
-6.255900
-5.624000
-6.255900
-3.096400
2.590800
6.382300
4.486600
1.958900
1.327000
2.590800
2.590800
3.222700
1.958900
-0.568720
-2.464500
-3.728300
-1.200600
-1.200600
-1.200600
2.590800
6.382300
7.646100
7.646100
7.014200
7.014200
5.750400
2.590800
1.958900
2.590800
-0.568720
-1.832500
-1.200600
-1.200600
-0.568720
-1.200600
0.695100
3.854700
4.486600
2.590800
0.063190
-1.832500
-2.464500
-5.624000
-2.464500
-2.464500
-3.096400
-3.728300
-3.096400
-1.200600
1.958900
3.222700
-0.568720
-3.096400
-4.992100
-6.887800
-6.255900
-7.519700
-5.624000
-1.200600
-1.200600
-3.096400
-4.360200
-4.992100
-4.992100
-1.832500
2.590800
2.590800
1.958900
0.063190
-4.360200
-3.096400
1.958900
1.958900
0.063190
-3.096400
-7.519700
-10.047000
-9.415500
-7.519700
-4.992100
0.063190
3.222700
3.222700
3.854700
0.063190
-0.568720
-0.568720
2.590800
7.014200
7.646100
8.278000
5.750400
3.854700
1.327000
-3.728300
-6.887800
-6.887800
-4.992100
-5.624000
-6.887800
-6.887800
-4.360200
-2.464500
-1.832500
-1.200600
1.958900
4.486600
1.958900
-1.200600
-5.624000
-8.151700
-10.047000
-6.887800
-1.832500
-2.464500
-1.832500
-4.360200
-4.992100
0.063190
0.063190
-3.096400
-4.992100
-6.255900
-4.992100
-3.096400
-1.200600
0.063190
3.854700
5.750400
5.118500
1.327000
0.695100
1.958900
0.695100
0.695100
1.327000
0.063190
3.222700
3.222700
3.222700
0.063190
-3.096400
-3.728300
-5.624000
-1.200600
1.958900
0.695100
-0.568720
0.063190
1.327000
0.695100
0.695100
5.750400
10.174000
10.806000
8.910000
7.646100
7.646100
7.014200
5.750400
3.854700
1.327000
1.958900
-1.200600
-5.624000
-6.887800
-7.519700
-6.255900
-4.992100
-4.992100
-1.832500
0.063190
1.327000
4.486600
