-8.910900
-9.901000
-3.960400
-2.970300
-0.990100
1.980200
-3.960400
6.930700
-2.970300
-15.842000
-9.901000
-1.980200
1.980200
7.920800
3.960400
1.980200
5.940600
-5.940600
0.000000
8.910900
11.881000
12.871000
5.940600
3.960400
14.851000
15.842000
9.901000
13.861000
18.812000
15.842000
15.842000
13.861000
8.910900
4.950500
4.950500
12.871000
6.930700
5.940600
3.960400
11.881000
10.891000
-2.970300
4.950500
10.891000
0.990100
-3.960400
6.930700
9.901000
5.940600
0.000000
-4.950500
0.000000
-2.970300
0.990100
4.950500
3.960400
0.990100
1.980200
6.930700
3.960400
-3.960400
0.000000
-0.990100
-1.980200
-2.970300
1.980200
3.960400
-1.980200
-11.881000
-4.950500
-3.960400
-14.851000
-14.851000
-6.930700
-8.910900
-0.990100
3.960400
1.980200
-3.960400
0.000000
7.920800
-2.970300
0.000000
-6.930700
-8.910900
0.000000
2.970300
3.960400
-3.960400
-3.960400
3.960400
-3.960400
-9.901000
13.861000
10.891000
-2.970300
1.980200
16.832001
14.851000
7.920800
0.990100
2.970300
0.000000
3.960400
5.940600
0.990100
-2.970300
0.000000
8.910900
3.960400
-5.940600
-8.910900
2.970300
12.871000
2.970300
-4.950500
-3.960400
7.920800
7.920800
7.920800
3.960400
0.990100
-6.930700
-4.950500
2.970300
10.891000
4.950500
-5.940600
2.970300
6.930700
0.000000
0.990100
2.970300
14.851000
10.891000
-0.990100
-8.910900
-8.910900
-8.910900
-1.980200
14.851000
0.990100
-18.812000
-13.861000
-11.881000
-9.901000
-6.930700
-2.970300
-3.960400
-16.832001
-13.861000
-14.851000
-10.891000
-8.910900
-0.990100
-3.960400
-11.881000
-5.940600
-6.930700
-3.960400
0.990100
-1.980200
-3.960400
-6.930700
-6.930700
-3.960400
-4.950500
-0.990100
-8.910900
-0.990100
0.000000
-9.901000
-7.920800
-13.861000
-14.851000
-5.940600
0.000000
-0.990100
-4.950500
0.990100
-0.990100
7.920800
2.970300
1.980200
-0.990100
4.950500
8.910900
18.812000
8.910900
-8.910900
-6.930700
-4.950500
-3.960400
5.940600
1.980200
0.990100
-1.980200
1.980200
7.920800
3.960400
0.990100
-1.980200
-0.990100
8.910900
6.930700
-5.940600
-8.910900
0.000000
6.930700
5.940600
-3.960400
0.000000
2.970300
-3.960400
-5.940600
0.990100
0.990100
1.980200
-1.980200
-4.950500
5.940600
-2.970300
-8.910900
-11.881000
-10.891000
5.940600
8.910900
0.000000
-3.960400
1.980200
17.822001
18.812000
10.891000
10.891000
-1.980200
3.960400
-4.950500
-9.901000
0.000000
0.990100
7.920800
5.940600
7.920800
13.861000
23.761999
13.861000
-0.990100
6.930700
2.970300
-1.980200
2.970300
12.871000
14.851000
6.930700
-7.920800
-13.861000
-8.910900
3.960400
3.960400
-1.980200
0.990100
10.891000
-1.980200
-10.891000
-7.920800
3.960400
-3.960400
1.980200
-5.940600
-4.950500
-2.970300
-3.960400
-6.930700
-3.960400
6.930700
-0.990100
-6.930700
-11.881000
-8.910900
-12.871000
-15.842000
-6.930700
-1.980200
4.950500
1.980200
-5.940600
-16.832001
-13.861000
-4.950500
-3.960400
-8.910900
1.980200
11.881000
-9.901000
-20.792000
-8.910900
-3.960400
-2.970300
-9.901000
-3.960400
-4.950500
-5.940600
-8.910900
-0.990100
-0.990100
-1.980200
0.000000
5.940600
-11.881000
-15.842000
-11.881000
-8.910900
-3.960400
0.000000
-3.960400
-14.851000
-11.881000
-9.901000
-6.930700
-9.901000
-14.851000
-2.970300
-5.940600
-10.891000
-17.822001
-20.792000
-14.851000
-4.950500
-8.910900
-20.792000
-18.812000
-17.822001
-18.812000
-25.743000
-29.702999
-13.861000
-6.930700
2.970300
-6.930700
-15.842000
-12.871000
-8.910900
-13.861000
-13.861000
-23.761999
-13.861000
-13.861000
-23.761999
-17.822001
-10.891000
-12.871000
-0.990100
3.960400
1.980200
1.980200
0.990100
-5.940600
11.881000
0.000000
-24.752001
-17.822001
-14.851000
-14.851000
-3.960400
0.000000
-2.970300
3.960400
6.930700
1.980200
4.950500
-5.940600
-6.930700
3.960400
-2.970300
-3.960400
-2.970300
9.901000
16.832001
3.960400
-4.950500
4.950500
16.832001
5.940600
0.990100
8.910900
15.842000
12.871000
12.871000
12.871000
10.891000
11.881000
8.910900
1.980200
5.940600
8.910900
10.891000
4.950500
-2.970300
5.940600
13.861000
4.950500
0.990100
-0.990100
-3.960400
2.970300
0.990100
-3.960400
0.990100
2.970300
1.980200
3.960400
9.901000
19.802000
2.970300
-1.980200
3.960400
8.910900
5.940600
-10.891000
-14.851000
-1.980200
-8.910900
-16.832001
-18.812000
-15.842000
-11.881000
-3.960400
-11.881000
-11.881000
-2.970300
-14.851000
-18.812000
-14.851000
-12.871000
0.990100
-4.950500
-12.871000
-18.812000
-21.782000
-8.910900
-11.881000
-11.881000
-9.901000
-11.881000
-7.920800
-10.891000
-19.802000
-17.822001
-13.861000
-4.950500
-15.842000
-12.871000
-16.832001
-15.842000
-2.970300
-8.910900
-17.822001
-18.812000
-24.752001
-17.822001
-4.950500
-4.950500
1.980200
0.000000
-10.891000
-0.990100
-5.940600
-9.901000
-4.950500
-2.970300
-17.822001
-16.832001
-4.950500
-3.960400
2.970300
0.990100
-5.940600
-7.920800
0.990100
-3.960400
-1.980200
5.940600
7.920800
3.960400
0.990100
0.000000
-4.950500
-1.980200
-3.960400
2.970300
6.930700
-2.970300
-8.910900
-4.950500
-4.950500
5.940600
16.832001
3.960400
-4.950500
1.980200
5.940600
-0.990100
-4.950500
4.950500
-2.970300
-9.901000
-0.990100
-2.970300
-0.990100
5.940600
0.990100
-1.980200
-3.960400
0.990100
-0.990100
-4.950500
-4.950500
5.940600
24.752001
4.950500
1.980200
-1.980200
-3.960400
5.940600
4.950500
-15.842000
-20.792000
-9.901000
-12.871000
-11.881000
-11.881000
-4.950500
-4.950500
0.000000
0.000000
-13.861000
-16.832001
-4.950500
-5.940600
-9.901000
-8.910900
-2.970300
-5.940600
-17.822001
-16.832001
-3.960400
-2.970300
-12.871000
-16.832001
-13.861000
-15.842000
-8.910900
-7.920800
-5.940600
-2.970300
3.960400
-6.930700
-7.920800
-1.980200
0.990100
0.990100
-0.990100
6.930700
6.930700
15.842000
10.891000
-0.990100
0.000000
3.960400
16.832001
18.812000
17.822001
13.861000
13.861000
5.940600
-6.930700
0.990100
0.000000
7.920800
9.901000
10.891000
9.901000
2.970300
1.980200
2.970300
0.000000
-3.960400
-13.861000
-13.861000
-11.881000
-8.910900
-9.901000
-9.901000
-2.970300
-2.970300
-3.960400
-1.980200
-2.970300
-12.871000
-8.910900
-10.891000
-9.901000
-3.960400
-4.950500
-6.930700
-4.950500
-6.930700
-5.940600
0.000000
0.990100
0.990100
-1.980200
1.980200
-7.920800
-7.920800
4.950500
-0.990100
-8.910900
-2.970300
0.000000
-8.910900
0.000000
-3.960400
-3.960400
1.980200
0.990100
0.990100
-2.970300
3.960400
21.782000
18.812000
13.861000
14.851000
12.871000
12.871000
0.990100
0.990100
0.000000
3.960400
6.930700
1.980200
5.940600
3.960400
8.910900
1.980200
-3.960400
4.950500
0.000000
-1.980200
-1.980200
-5.940600
3.960400
7.920800
15.842000
8.910900
2.970300
1.980200
10.891000
10.891000
15.842000
11.881000
8.910900
10.891000
10.891000
7.920800
5.940600
2.970300
9.901000
-4.950500
-9.901000
0.000000
2.970300
10.891000
0.990100
-12.871000
-3.960400
3.960400
-5.940600
-5.940600
-1.980200
-9.901000
-0.990100
1.980200
0.990100
2.970300
0.000000
0.000000
6.930700
21.782000
16.832001
3.960400
1.980200
5.940600
13.861000
11.881000
-0.990100
-3.960400
-5.940600
-9.901000
-8.910900
-4.950500
-2.970300
-6.930700
5.940600
4.950500
1.980200
12.871000
11.881000
17.822001
13.861000
13.861000
8.910900
-2.970300
-2.970300
13.861000
17.822001
23.761999
21.782000
17.822001
21.782000
22.771999
14.851000
11.881000
21.782000
16.832001
14.851000
10.891000
7.920800
14.851000
15.842000
23.761999
21.782000
19.802000
36.633999
25.743000
17.822001
22.771999
27.723000
24.752001
16.832001
16.832001
9.901000
10.891000
18.812000
17.822001
12.871000
8.910900
31.683001
31.683001
12.871000
4.950500
4.950500
18.812000
12.871000
7.920800
-1.980200
-1.980200
14.851000
5.940600
0.000000
2.970300
6.930700
5.940600
10.891000
0.000000
2.970300
7.920800
0.000000
1.980200
0.990100
2.970300
-0.990100
-3.960400
3.960400
0.000000
-2.970300
0.000000
-0.990100
-1.980200
0.000000
0.990100
12.871000
12.871000
10.891000
6.930700
-4.950500
-4.950500
1.980200
-0.990100
-3.960400
-8.910900
-8.910900
-6.930700
-2.970300
-2.970300
-5.940600
-1.980200
-15.842000
-15.842000
8.910900
7.920800
-0.990100
-4.950500
12.871000
-3.960400
-16.832001
-12.871000
-13.861000
-7.920800
-2.970300
-3.960400
-1.980200
-0.990100
2.970300
2.970300
-4.950500
-6.930700
-14.851000
-6.930700
2.970300
-5.940600
-2.970300
2.970300
6.930700
9.901000
-1.980200
-11.881000
-8.910900
-2.970300
0.990100
5.940600
0.990100
-6.930700
1.980200
7.920800
0.000000
7.920800
13.861000
0.000000
-4.950500
-4.950500
-2.970300
0.000000
6.930700
5.940600
1.980200
6.930700
0.990100
1.980200
-4.950500
-7.920800
0.990100
12.871000
4.950500
0.000000
0.990100
1.980200
-5.940600
-7.920800
1.980200
-3.960400
-6.930700
9.901000
7.920800
-11.881000
-22.771999
-11.881000
-4.950500
-4.950500
-4.950500
-7.920800
0.990100
-6.930700
-4.950500
-2.970300
-11.881000
-10.891000
-9.901000
0.990100
0.000000
-3.960400
-10.891000
-5.940600
-9.901000
-16.832001
-15.842000
-13.861000
-2.970300
-8.910900
-16.832001
-26.733000
-23.761999
-4.950500
-7.920800
-4.950500
-0.990100
-4.950500
-8.910900
-9.901000
-2.970300
-5.940600
-2.970300
-2.970300
-6.930700
-19.802000
-20.792000
-4.950500
-8.910900
-9.901000
-15.842000
-14.851000
-6.930700
-11.881000
-15.842000
-15.842000
-4.950500
-12.871000
-15.842000
-13.861000
-9.901000
-2.970300
3.960400
-2.970300
1.980200
6.930700
6.930700
1.980200
-6.930700
0.990100
1.980200
4.950500
-5.940600
-9.901000
-6.930700
-15.842000
-7.920800
-0.990100
-1.980200
0.000000
-2.970300
1.980200
-3.960400
-9.901000
-7.920800
-3.960400
-11.881000
-15.842000
-12.871000
-15.842000
-10.891000
-4.950500
3.960400
8.910900
-7.920800
-7.920800
5.940600
1.980200
3.960400
2.970300
5.940600
-3.960400
-6.930700
-6.930700
-5.940600
0.000000
-4.950500
-3.960400
-5.940600
-6.930700
-9.901000
0.000000
-4.950500
-7.920800
-3.960400
0.990100
-5.940600
-5.940600
-1.980200
-2.970300
-7.920800
-7.920800
0.000000
4.950500
-6.930700
-15.842000
-9.901000
-8.910900
-4.950500
-8.910900
-9.901000
-6.930700
-5.940600
-7.920800
-7.920800
0.990100
3.960400
-0.990100
-2.970300
-6.930700
-6.930700
-1.980200
3.960400
-10.891000
-5.940600
0.000000
-0.990100
0.000000
0.000000
-1.980200
6.930700
6.930700
-6.930700
0.990100
-0.990100
-5.940600
-2.970300
-4.950500
-5.940600
-3.960400
-2.970300
-9.901000
-8.910900
-2.970300
4.950500
