1.877000
-9.773500
-12.686000
-0.064720
-0.064720
-7.831700
-6.860800
-0.064720
-6.860800
-2.977300
2.847900
-4.919100
-2.006500
-0.064720
-8.802600
-9.773500
2.847900
7.702300
-3.948200
-5.890000
12.557000
15.469000
4.789600
-7.831700
-9.773500
3.818800
10.615000
10.615000
2.847900
2.847900
5.760500
-1.035600
-1.035600
5.760500
6.731400
10.615000
3.818800
-8.802600
0.906150
11.586000
8.673100
-0.064720
-1.035600
6.731400
2.847900
-7.831700
-7.831700
2.847900
4.789600
0.906150
-7.831700
-5.890000
-10.744000
6.731400
18.382000
3.818800
-3.948200
-1.035600
-4.919100
-2.977300
-7.831700
0.906150
7.702300
1.877000
-2.006500
1.877000
-0.064720
5.760500
1.877000
-6.860800
-7.831700
-2.006500
0.906150
-8.802600
-6.860800
7.702300
2.847900
-3.948200
-10.744000
-0.064720
2.847900
-5.890000
-3.948200
-6.860800
-2.006500
-2.977300
-15.599000
-6.860800
-2.977300
-0.064720
4.789600
5.760500
5.760500
2.847900
-3.948200
2.847900
1.877000
11.586000
10.615000
-2.006500
1.877000
3.818800
6.731400
7.702300
2.847900
-3.948200
-1.035600
-2.977300
-1.035600
-3.948200
-2.006500
-8.802600
-7.831700
-14.628000
3.818800
10.615000
-2.006500
-3.948200
2.847900
-2.006500
-13.657000
-2.977300
4.789600
3.818800
3.818800
5.760500
0.906150
-1.035600
5.760500
0.906150
-2.977300
-2.006500
15.469000
14.498000
0.906150
-0.064720
-6.860800
1.877000
3.818800
-4.919100
-2.006500
-1.035600
-7.831700
-12.686000
-11.715000
-4.919100
-1.035600
1.877000
-6.860800
-3.948200
-3.948200
-5.890000
-17.540001
-18.511000
2.847900
1.877000
-11.715000
-11.715000
-6.860800
-3.948200
-2.006500
-3.948200
-2.977300
-0.064720
-3.948200
-3.948200
-3.948200
-4.919100
-4.919100
-4.919100
-14.628000
-18.511000
-0.064720
3.818800
-7.831700
-3.948200
-3.948200
2.847900
2.847900
-2.006500
-0.064720
5.760500
10.615000
9.644000
-0.064720
1.877000
5.760500
8.673100
11.586000
-0.064720
-5.890000
-1.035600
-0.064720
0.906150
2.847900
11.586000
14.498000
3.818800
-2.977300
-1.035600
6.731400
8.673100
2.847900
-8.802600
-0.064720
6.731400
6.731400
-4.919100
-1.035600
5.760500
-1.035600
-2.977300
-0.064720
-1.035600
-3.948200
-6.860800
-11.715000
-6.860800
-0.064720
-4.919100
-1.035600
-2.977300
-10.744000
-9.773500
-7.831700
-10.744000
-2.006500
-3.948200
-8.802600
-5.890000
10.615000
12.557000
-2.977300
0.906150
-2.006500
-8.802600
-4.919100
-2.977300
-2.977300
-0.064720
-9.773500
-8.802600
7.702300
7.702300
-1.035600
-3.948200
3.818800
9.644000
-6.860800
-14.628000
-4.919100
8.673100
5.760500
-0.064720
0.906150
-8.802600
-11.715000
4.789600
0.906150
-3.948200
-4.919100
-4.919100
-8.802600
-2.977300
-2.006500
-7.831700
-9.773500
-1.035600
1.877000
-2.977300
-4.919100
4.789600
1.877000
-7.831700
-4.919100
-6.860800
-1.035600
-7.831700
-5.890000
-2.006500
-2.977300
-0.064720
-9.773500
-4.919100
3.818800
-3.948200
-9.773500
-5.890000
-8.802600
-4.919100
-4.919100
-4.919100
7.702300
10.615000
0.906150
-2.977300
-2.006500
-4.919100
-14.628000
-6.860800
3.818800
5.760500
-7.831700
-8.802600
-8.802600
-7.831700
0.906150
-0.064720
0.906150
1.877000
-3.948200
-5.890000
-5.890000
-3.948200
8.673100
2.847900
2.847900
0.906150
-14.628000
-8.802600
-1.035600
4.789600
-2.977300
-3.948200
-1.035600
-3.948200
-10.744000
-9.773500
-2.006500
-1.035600
-10.744000
-5.890000
-8.802600
-16.570000
-13.657000
1.877000
-2.977300
3.818800
0.906150
-15.599000
-8.802600
2.847900
-2.006500
-9.773500
-22.395000
-6.860800
6.731400
-5.890000
-10.744000
-13.657000
-10.744000
2.847900
3.818800
-5.890000
-9.773500
-2.977300
7.702300
5.760500
-3.948200
-14.628000
1.877000
7.702300
-5.890000
-9.773500
-3.948200
-1.035600
10.615000
14.498000
11.586000
4.789600
3.818800
1.877000
-1.035600
-5.890000
-5.890000
-5.890000
8.673100
5.760500
2.847900
1.877000
-1.035600
-2.006500
-0.064720
5.760500
4.789600
0.906150
11.586000
7.702300
3.818800
2.847900
-2.977300
5.760500
8.673100
-2.977300
6.731400
12.557000
6.731400
3.818800
-4.919100
12.557000
16.440001
9.644000
-3.948200
-12.686000
-1.035600
-2.006500
13.528000
15.469000
-1.035600
-2.977300
-5.890000
-2.977300
-2.977300
2.847900
5.760500
-2.006500
-2.977300
-4.919100
-1.035600
3.818800
-2.977300
-7.831700
-2.006500
-11.715000
-15.599000
-2.006500
-1.035600
-7.831700
-8.802600
-5.890000
-11.715000
-8.802600
-5.890000
-5.890000
5.760500
-0.064720
-7.831700
1.877000
0.906150
-2.006500
0.906150
4.789600
5.760500
-0.064720
-11.715000
-1.035600
3.818800
-2.006500
-2.977300
-0.064720
-4.919100
-1.035600
-5.890000
-8.802600
-2.006500
7.702300
0.906150
-5.890000
-18.511000
-17.540001
-4.919100
4.789600
3.818800
1.877000
-2.977300
-8.802600
-4.919100
-1.035600
-2.006500
-1.035600
-4.919100
-2.006500
-3.948200
-10.744000
-8.802600
-5.890000
-2.977300
3.818800
0.906150
-5.890000
-2.977300
-0.064720
0.906150
3.818800
6.731400
-5.890000
-9.773500
-6.860800
-2.977300
6.731400
3.818800
-13.657000
-7.831700
9.644000
5.760500
-2.977300
-0.064720
-4.919100
-6.860800
-2.977300
-2.006500
2.847900
-2.977300
-6.860800
-2.006500
-3.948200
-3.948200
-2.006500
-9.773500
-10.744000
-6.860800
-0.064720
-1.035600
-1.035600
-9.773500
-12.686000
-1.035600
6.731400
-0.064720
-10.744000
-2.006500
2.847900
-0.064720
-5.890000
-14.628000
-8.802600
-0.064720
-3.948200
-6.860800
-1.035600
-3.948200
-6.860800
-1.035600
-2.977300
-9.773500
-9.773500
-11.715000
-12.686000
-2.977300
-3.948200
-7.831700
-1.035600
-11.715000
-17.540001
-4.919100
-5.890000
-14.628000
-9.773500
-6.860800
-9.773500
-9.773500
-11.715000
-2.006500
-0.064720
-6.860800
-8.802600
-12.686000
4.789600
13.528000
4.789600
-4.919100
-4.919100
6.731400
1.877000
6.731400
6.731400
8.673100
10.615000
3.818800
-2.006500
-2.006500
12.557000
16.440001
1.877000
0.906150
-2.977300
-10.744000
-7.831700
-16.570000
-11.715000
11.586000
14.498000
-2.006500
-9.773500
-6.860800
-5.890000
-5.890000
-11.715000
-12.686000
-4.919100
-6.860800
-8.802600
-8.802600
-14.628000
-9.773500
-0.064720
-1.035600
-3.948200
-7.831700
-2.006500
-5.890000
-13.657000
-5.890000
-2.006500
-3.948200
-7.831700
-4.919100
-1.035600
-8.802600
-8.802600
1.877000
10.615000
4.789600
-5.890000
-5.890000
0.906150
6.731400
4.789600
-2.006500
-0.064720
0.906150
-2.006500
-2.977300
-0.064720
-1.035600
5.760500
6.731400
-1.035600
1.877000
-2.006500
-0.064720
7.702300
8.673100
5.760500
8.673100
0.906150
-5.890000
-1.035600
-2.006500
-0.064720
-0.064720
7.702300
5.760500
-1.035600
-2.977300
-4.919100
2.847900
-1.035600
-3.948200
0.906150
-6.860800
-2.006500
2.847900
-2.006500
-5.890000
0.906150
9.644000
10.615000
5.760500
-1.035600
8.673100
18.382000
13.528000
8.673100
-1.035600
0.906150
11.586000
10.615000
8.673100
2.847900
10.615000
12.557000
9.644000
4.789600
-1.035600
2.847900
6.731400
8.673100
15.469000
1.877000
-5.890000
-1.035600
10.615000
6.731400
-4.919100
11.586000
16.440001
5.760500
17.410999
13.528000
-1.035600
7.702300
9.644000
4.789600
7.702300
1.877000
-3.948200
1.877000
5.760500
7.702300
7.702300
8.673100
4.789600
-0.064720
7.702300
9.644000
3.818800
11.586000
8.673100
-3.948200
-2.977300
11.586000
7.702300
-0.064720
-2.006500
-2.006500
7.702300
11.586000
17.410999
13.528000
12.557000
3.818800
-2.977300
11.586000
8.673100
0.906150
0.906150
-1.035600
10.615000
16.440001
12.557000
9.644000
-0.064720
5.760500
5.760500
8.673100
12.557000
2.847900
-5.890000
2.847900
13.528000
8.673100
3.818800
0.906150
12.557000
19.353001
10.615000
13.528000
8.673100
11.586000
12.557000
-1.035600
-2.977300
0.906150
7.702300
4.789600
-2.977300
4.789600
11.586000
7.702300
0.906150
5.760500
16.440001
13.528000
-3.948200
2.847900
12.557000
6.731400
-0.064720
-8.802600
-6.860800
-2.006500
-3.948200
-1.035600
3.818800
-2.977300
-6.860800
-3.948200
-5.890000
-5.890000
0.906150
3.818800
-4.919100
-1.035600
0.906150
-18.511000
-13.657000
0.906150
2.847900
1.877000
-2.006500
-7.831700
-10.744000
-7.831700
-11.715000
-2.977300
8.673100
-4.919100
-5.890000
2.847900
7.702300
3.818800
-11.715000
-6.860800
-0.064720
-4.919100
-7.831700
-11.715000
-7.831700
2.847900
-0.064720
-11.715000
-8.802600
-1.035600
-4.919100
-4.919100
-1.035600
-8.802600
-9.773500
-14.628000
-2.977300
-1.035600
-1.035600
-0.064720
-3.948200
-2.977300
-5.890000
-4.919100
-3.948200
-11.715000
-5.890000
-1.035600
0.906150
6.731400
-8.802600
-14.628000
-4.919100
4.789600
-2.006500
-13.657000
-16.570000
-4.919100
-9.773500
-8.802600
0.906150
-2.006500
-6.860800
-13.657000
-10.744000
-3.948200
-8.802600
-9.773500
-2.006500
8.673100
8.673100
-2.977300
-6.860800
-7.831700
-9.773500
-2.006500
1.877000
-5.890000
-5.890000
-7.831700
-6.860800
-12.686000
-12.686000
-8.802600
-3.948200
-1.035600
-8.802600
-7.831700
-7.831700
-2.977300
6.731400
-8.802600
-19.482000
-5.890000
-1.035600
-2.006500
-9.773500
-10.744000
-11.715000
-6.860800
-5.890000
-9.773500
-12.686000
-8.802600
-2.977300
-4.919100
-4.919100
-8.802600
-11.715000
0.906150
8.673100
-1.035600
1.877000
-1.035600
5.760500
14.498000
2.847900
-4.919100
2.847900
2.847900
-5.890000
-2.977300
4.789600
5.760500
-5.890000
-6.860800
-1.035600
-2.006500
-3.948200
-9.773500
-0.064720
10.615000
1.877000
-3.948200
-6.860800
-1.035600
-5.890000
-2.977300
6.731400
-1.035600
-0.064720
1.877000
-2.006500
0.906150
10.615000
3.818800
1.877000
3.818800
6.731400
-2.006500
-9.773500
-8.802600
0.906150
-1.035600
3.818800
-5.890000
-5.890000
5.760500
2.847900
-7.831700
-9.773500
1.877000
4.789600
-4.919100
-0.064720
3.818800
1.877000
-4.919100
0.906150
-9.773500
-4.919100
8.673100
11.586000
4.789600
-5.890000
-2.006500
-10.744000
-11.715000
7.702300
11.586000
2.847900
-2.006500
-5.890000
-6.860800
-6.860800
-2.006500
1.877000
-0.064720
-1.035600
-1.035600
-4.919100
-4.919100
-0.064720
4.789600
6.731400
-2.977300
0.906150
6.731400
-1.035600
-4.919100
-7.831700
-13.657000
-6.860800
3.818800
4.789600
-7.831700
-16.570000
-3.948200
1.877000
4.789600
0.906150
-4.919100
-7.831700
-3.948200
-0.064720
-2.977300
4.789600
11.586000
0.906150
-9.773500
2.847900
10.615000
4.789600
0.906150
-2.977300
-2.977300
4.789600
-0.064720
-4.919100
2.847900
8.673100
-0.064720
-5.890000
-2.977300
-6.860800
-8.802600
3.818800
12.557000
-2.006500
-2.006500
