5.788600
23.350000
21.398001
23.350000
19.447001
13.593000
13.593000
7.739800
7.739800
5.788600
-2.016300
13.593000
7.739800
7.739800
13.593000
15.545000
15.545000
1.886200
-2.016300
-0.065040
-2.016300
5.788600
3.837400
1.886200
-3.967500
-3.967500
1.886200
-7.869900
-0.065040
-5.918700
-0.065040
25.301001
21.398001
-0.065040
-0.065040
-3.967500
-5.918700
9.691100
11.642000
-7.869900
-13.724000
3.837400
-17.625999
-27.382000
-19.577000
-27.382000
-37.138000
-7.869900
-3.967500
-11.772000
-13.724000
-9.821100
-2.016300
-0.065040
13.593000
21.398001
11.642000
9.691100
27.252001
7.739800
7.739800
15.545000
9.691100
5.788600
9.691100
3.837400
17.496000
13.593000
9.691100
-5.918700
-3.967500
-0.065040
-2.016300
5.788600
1.886200
-11.772000
-7.869900
1.886200
5.788600
3.837400
-5.918700
-0.065040
3.837400
-5.918700
5.788600
-2.016300
13.593000
-2.016300
-9.821100
-0.065040
-2.016300
7.739800
17.496000
17.496000
11.642000
11.642000
15.545000
5.788600
-3.967500
9.691100
-9.821100
-5.918700
9.691100
11.642000
-0.065040
15.545000
7.739800
7.739800
3.837400
1.886200
3.837400
5.788600
15.545000
13.593000
-2.016300
5.788600
11.642000
-5.918700
-13.724000
-13.724000
3.837400
-2.016300
17.496000
17.496000
5.788600
-3.967500
15.545000
31.153999
11.642000
11.642000
13.593000
-0.065040
1.886200
1.886200
-3.967500
-2.016300
-17.625999
-13.724000
-3.967500
-15.675000
-2.016300
-9.821100
-15.675000
-19.577000
-11.772000
-5.918700
-29.333000
-11.772000
1.886200
-11.772000
-3.967500
-9.821100
-2.016300
-3.967500
-7.869900
-3.967500
3.837400
7.739800
-0.065040
-2.016300
13.593000
13.593000
-7.869900
5.788600
-0.065040
-3.967500
7.739800
5.788600
11.642000
-0.065040
-7.869900
-0.065040
-9.821100
-5.918700
-3.967500
5.788600
11.642000
9.691100
-0.065040
-11.772000
9.691100
3.837400
-7.869900
-0.065040
-9.821100
3.837400
-5.918700
-5.918700
-5.918700
-13.724000
-7.869900
-15.675000
-15.675000
-13.724000
-21.528000
-2.016300
-7.869900
-11.772000
-9.821100
-11.772000
-13.724000
-23.480000
-9.821100
-7.869900
-11.772000
-7.869900
-19.577000
-5.918700
11.642000
13.593000
9.691100
-7.869900
11.642000
-0.065040
9.691100
3.837400
1.886200
5.788600
-13.724000
-9.821100
-2.016300
5.788600
15.545000
11.642000
13.593000
19.447001
9.691100
23.350000
38.959000
29.202999
19.447001
21.398001
15.545000
9.691100
21.398001
15.545000
3.837400
5.788600
-5.918700
-2.016300
-17.625999
-17.625999
-27.382000
-23.480000
-11.772000
-25.431000
-33.236000
-13.724000
-23.480000
-19.577000
-17.625999
-7.869900
-21.528000
-5.918700
-3.967500
-5.918700
11.642000
7.739800
-3.967500
-3.967500
-7.869900
11.642000
11.642000
-15.675000
-3.967500
5.788600
3.837400
1.886200
1.886200
-15.675000
3.837400
13.593000
5.788600
15.545000
5.788600
-5.918700
13.593000
11.642000
13.593000
19.447001
13.593000
15.545000
-5.918700
11.642000
7.739800
1.886200
13.593000
3.837400
3.837400
3.837400
3.837400
1.886200
1.886200
-9.821100
-0.065040
-7.869900
5.788600
9.691100
3.837400
-2.016300
7.739800
1.886200
-7.869900
7.739800
3.837400
-23.480000
11.642000
-13.724000
-5.918700
7.739800
-2.016300
-0.065040
-0.065040
5.788600
-3.967500
-7.869900
17.496000
9.691100
1.886200
-2.016300
-2.016300
-0.065040
-0.065040
5.788600
3.837400
-23.480000
-23.480000
-13.724000
-5.918700
-0.065040
-7.869900
-17.625999
-7.869900
-13.724000
-17.625999
-13.724000
-7.869900
-13.724000
-9.821100
-13.724000
-11.772000
-11.772000
-19.577000
-2.016300
-17.625999
-27.382000
-5.918700
-0.065040
-11.772000
-9.821100
-25.431000
-0.065040
-9.821100
-5.918700
-7.869900
-3.967500
5.788600
-7.869900
15.545000
-3.967500
7.739800
-2.016300
-11.772000
7.739800
-9.821100
-19.577000
-11.772000
-5.918700
-0.065040
-9.821100
-3.967500
-7.869900
-23.480000
-0.065040
7.739800
-5.918700
-9.821100
-7.869900
-3.967500
-0.065040
7.739800
19.447001
17.496000
25.301001
5.788600
13.593000
21.398001
15.545000
23.350000
21.398001
15.545000
5.788600
25.301001
15.545000
3.837400
9.691100
7.739800
7.739800
9.691100
17.496000
11.642000
5.788600
5.788600
-9.821100
5.788600
7.739800
15.545000
13.593000
7.739800
21.398001
19.447001
13.593000
13.593000
9.691100
9.691100
9.691100
21.398001
7.739800
-0.065040
-0.065040
-0.065040
11.642000
11.642000
-3.967500
1.886200
7.739800
13.593000
1.886200
3.837400
-3.967500
9.691100
1.886200
1.886200
3.837400
7.739800
17.496000
9.691100
-3.967500
-0.065040
5.788600
7.739800
-3.967500
5.788600
-11.772000
-15.675000
15.545000
23.350000
-5.918700
11.642000
-5.918700
-11.772000
-0.065040
-5.918700
5.788600
7.739800
17.496000
7.739800
-0.065040
1.886200
-5.918700
-0.065040
7.739800
7.739800
-9.821100
-2.016300
5.788600
-5.918700
13.593000
7.739800
1.886200
-11.772000
3.837400
7.739800
-9.821100
1.886200
5.788600
-0.065040
-0.065040
-3.967500
-2.016300
1.886200
3.837400
5.788600
-3.967500
-0.065040
11.642000
25.301001
13.593000
9.691100
15.545000
5.788600
1.886200
1.886200
7.739800
-3.967500
-5.918700
-2.016300
1.886200
-2.016300
-13.724000
-7.869900
9.691100
1.886200
-13.724000
-13.724000
-3.967500
3.837400
-2.016300
-2.016300
5.788600
1.886200
1.886200
-0.065040
9.691100
13.593000
7.739800
9.691100
11.642000
15.545000
-5.918700
11.642000
21.398001
11.642000
19.447001
25.301001
17.496000
9.691100
13.593000
9.691100
-5.918700
-5.918700
-19.577000
-2.016300
9.691100
5.788600
15.545000
1.886200
-2.016300
-2.016300
-15.675000
1.886200
3.837400
-5.918700
-9.821100
-9.821100
-0.065040
-0.065040
11.642000
11.642000
-5.918700
-3.967500
-5.918700
-17.625999
-11.772000
3.837400
11.642000
-0.065040
-5.918700
-15.675000
5.788600
5.788600
1.886200
5.788600
-13.724000
-5.918700
-9.821100
-3.967500
-5.918700
-15.675000
-7.869900
-3.967500
-0.065040
11.642000
11.642000
1.886200
3.837400
1.886200
-0.065040
9.691100
11.642000
15.545000
5.788600
11.642000
-7.869900
21.398001
21.398001
17.496000
23.350000
13.593000
15.545000
15.545000
11.642000
17.496000
23.350000
11.642000
9.691100
21.398001
17.496000
17.496000
21.398001
19.447001
-2.016300
-11.772000
-23.480000
1.886200
17.496000
-0.065040
-2.016300
-25.431000
-25.431000
-23.480000
-7.869900
-5.918700
-19.577000
-21.528000
-15.675000
-17.625999
-33.236000
-17.625999
-13.724000
-39.089001
-19.577000
-15.675000
-9.821100
-11.772000
-21.528000
-23.480000
-3.967500
-35.187000
-25.431000
-7.869900
-7.869900
-13.724000
-13.724000
-13.724000
-9.821100
-11.772000
1.886200
11.642000
-0.065040
-3.967500
-19.577000
-13.724000
9.691100
3.837400
-9.821100
3.837400
-23.480000
-29.333000
-17.625999
-25.431000
-7.869900
-23.480000
-23.480000
-17.625999
-35.187000
-21.528000
-15.675000
-27.382000
-19.577000
-17.625999
-27.382000
-19.577000
-19.577000
-15.675000
-17.625999
-21.528000
-23.480000
-19.577000
-19.577000
-9.821100
-23.480000
-7.869900
1.886200
-11.772000
13.593000
3.837400
-2.016300
7.739800
3.837400
-0.065040
-0.065040
3.837400
9.691100
11.642000
29.202999
15.545000
9.691100
3.837400
19.447001
21.398001
5.788600
9.691100
7.739800
7.739800
-0.065040
-0.065040
-0.065040
15.545000
13.593000
5.788600
7.739800
13.593000
-0.065040
9.691100
9.691100
5.788600
5.788600
15.545000
19.447001
11.642000
15.545000
15.545000
1.886200
-5.918700
-2.016300
7.739800
-0.065040
1.886200
-2.016300
-2.016300
-2.016300
-5.918700
5.788600
-0.065040
1.886200
7.739800
-0.065040
7.739800
9.691100
1.886200
19.447001
27.252001
19.447001
17.496000
31.153999
25.301001
27.252001
9.691100
5.788600
17.496000
13.593000
-2.016300
19.447001
17.496000
-3.967500
-0.065040
7.739800
15.545000
5.788600
9.691100
11.642000
5.788600
17.496000
5.788600
25.301001
-0.065040
21.398001
27.252001
17.496000
13.593000
15.545000
5.788600
-2.016300
11.642000
25.301001
3.837400
-2.016300
17.496000
11.642000
1.886200
9.691100
13.593000
11.642000
7.739800
21.398001
15.545000
5.788600
9.691100
-3.967500
-5.918700
-7.869900
-0.065040
-2.016300
-3.967500
-3.967500
-3.967500
-5.918700
-11.772000
-0.065040
-2.016300
1.886200
1.886200
3.837400
5.788600
7.739800
3.837400
13.593000
11.642000
3.837400
19.447001
17.496000
3.837400
5.788600
3.837400
1.886200
5.788600
3.837400
-21.528000
-0.065040
-21.528000
-7.869900
-5.918700
-11.772000
-5.918700
-7.869900
-11.772000
11.642000
11.642000
-9.821100
5.788600
11.642000
3.837400
17.496000
19.447001
11.642000
7.739800
15.545000
5.788600
-3.967500
3.837400
-5.918700
-15.675000
3.837400
-3.967500
-17.625999
-15.675000
-5.918700
-7.869900
-15.675000
-5.918700
-9.821100
-17.625999
11.642000
15.545000
3.837400
3.837400
-5.918700
-3.967500
-7.869900
7.739800
7.739800
-11.772000
-0.065040
-7.869900
-13.724000
-13.724000
-15.675000
-21.528000
-13.724000
-13.724000
-5.918700
-5.918700
-5.918700
-0.065040
-9.821100
5.788600
3.837400
1.886200
7.739800
5.788600
5.788600
9.691100
17.496000
7.739800
-0.065040
7.739800
15.545000
-0.065040
11.642000
5.788600
11.642000
7.739800
5.788600
11.642000
5.788600
5.788600
3.837400
9.691100
7.739800
9.691100
7.739800
1.886200
3.837400
-2.016300
7.739800
-2.016300
-2.016300
7.739800
11.642000
9.691100
9.691100
-3.967500
5.788600
1.886200
-5.918700
11.642000
13.593000
-3.967500
-2.016300
1.886200
3.837400
1.886200
3.837400
1.886200
3.837400
-0.065040
-2.016300
-2.016300
-2.016300
-9.821100
-15.675000
-11.772000
-15.675000
-25.431000
-3.967500
-13.724000
-15.675000
-2.016300
-9.821100
-2.016300
-7.869900
-7.869900
5.788600
17.496000
13.593000
3.837400
-3.967500
7.739800
-2.016300
-2.016300
-3.967500
-3.967500
-5.918700
-3.967500
-3.967500
-7.869900
-21.528000
-3.967500
-13.724000
-3.967500
9.691100
9.691100
11.642000
3.837400
23.350000
7.739800
11.642000
7.739800
7.739800
5.788600
3.837400
1.886200
19.447001
19.447001
11.642000
1.886200
-7.869900
-2.016300
-2.016300
-9.821100
-0.065040
-7.869900
-11.772000
-15.675000
-7.869900
11.642000
1.886200
17.496000
7.739800
-0.065040
3.837400
-5.918700
1.886200
-2.016300
-7.869900
-0.065040
-11.772000
-19.577000
-25.431000
-29.333000
-21.528000
-27.382000
-25.431000
-17.625999
-13.724000
-11.772000
-19.577000
-25.431000
-17.625999
-13.724000
-9.821100
-15.675000
-5.918700
3.837400
1.886200
-2.016300
3.837400
7.739800
3.837400
7.739800
11.642000
5.788600
-2.016300
3.837400
-0.065040
5.788600
11.642000
17.496000
11.642000
11.642000
11.642000
15.545000
17.496000
