-5.911300
-1.970400
-5.911300
-1.970400
-3.940900
-5.911300
-17.733999
-15.764000
-15.764000
-5.911300
-9.852200
-3.940900
-3.940900
0.000000
3.940900
0.000000
-1.970400
-7.881800
-11.823000
-11.823000
0.000000
-1.970400
-3.940900
-9.852200
-7.881800
-5.911300
-1.970400
-1.970400
-11.823000
-5.911300
5.911300
23.645000
27.586000
9.852200
1.970400
0.000000
0.000000
9.852200
7.881800
1.970400
-11.823000
-7.881800
-9.852200
-7.881800
-21.674999
-33.498001
-37.438000
-17.733999
-17.733999
-23.645000
-23.645000
-27.586000
-23.645000
-19.704000
0.000000
1.970400
-3.940900
5.911300
7.881800
3.940900
11.823000
13.793000
11.823000
7.881800
5.911300
13.793000
11.823000
13.793000
0.000000
0.000000
-7.881800
-3.940900
-3.940900
-13.793000
-15.764000
-15.764000
-7.881800
-7.881800
-1.970400
1.970400
0.000000
5.911300
11.823000
1.970400
3.940900
17.733999
7.881800
0.000000
-3.940900
-7.881800
-3.940900
7.881800
23.645000
19.704000
7.881800
15.764000
15.764000
15.764000
9.852200
7.881800
-5.911300
0.000000
-5.911300
-9.852200
-7.881800
-9.852200
-9.852200
-9.852200
-17.733999
-15.764000
-19.704000
-15.764000
-1.970400
-7.881800
-13.793000
-9.852200
0.000000
-9.852200
-13.793000
-9.852200
-7.881800
-9.852200
0.000000
0.000000
-5.911300
-3.940900
7.881800
19.704000
13.793000
1.970400
1.970400
-1.970400
-7.881800
-5.911300
-17.733999
-11.823000
-19.704000
-21.674999
-17.733999
-15.764000
-9.852200
-19.704000
-11.823000
-9.852200
-9.852200
-17.733999
-15.764000
-7.881800
3.940900
1.970400
1.970400
7.881800
11.823000
9.852200
21.674999
19.704000
15.764000
9.852200
1.970400
1.970400
3.940900
15.764000
9.852200
7.881800
0.000000
3.940900
17.733999
27.586000
27.586000
21.674999
17.733999
17.733999
19.704000
15.764000
19.704000
27.586000
27.586000
27.586000
27.586000
21.674999
15.764000
11.823000
15.764000
11.823000
5.911300
-3.940900
-1.970400
-7.881800
-7.881800
-11.823000
-21.674999
-15.764000
-15.764000
-7.881800
-3.940900
-3.940900
-11.823000
-5.911300
-5.911300
0.000000
-9.852200
-5.911300
1.970400
-7.881800
3.940900
-1.970400
-11.823000
1.970400
19.704000
15.764000
13.793000
5.911300
5.911300
3.940900
7.881800
3.940900
1.970400
-9.852200
-17.733999
-1.970400
-3.940900
7.881800
15.764000
13.793000
11.823000
19.704000
5.911300
11.823000
13.793000
19.704000
0.000000
-3.940900
-5.911300
-3.940900
0.000000
3.940900
-5.911300
-11.823000
-9.852200
-15.764000
-13.793000
-27.586000
-19.704000
-23.645000
-9.852200
-13.793000
-13.793000
-13.793000
-9.852200
-11.823000
-5.911300
-1.970400
0.000000
-1.970400
-1.970400
11.823000
15.764000
21.674999
1.970400
-1.970400
-1.970400
15.764000
19.704000
7.881800
-5.911300
-15.764000
-3.940900
-11.823000
-11.823000
-3.940900
-3.940900
1.970400
3.940900
-1.970400
3.940900
3.940900
11.823000
15.764000
9.852200
19.704000
17.733999
7.881800
3.940900
11.823000
5.911300
1.970400
1.970400
1.970400
-5.911300
-7.881800
-5.911300
-7.881800
-9.852200
-7.881800
-3.940900
-5.911300
-1.970400
-1.970400
3.940900
0.000000
-1.970400
7.881800
13.793000
3.940900
1.970400
-1.970400
-1.970400
-7.881800
-5.911300
-11.823000
-3.940900
-11.823000
-13.793000
-13.793000
-9.852200
-7.881800
-5.911300
-5.911300
0.000000
1.970400
5.911300
7.881800
3.940900
15.764000
17.733999
17.733999
11.823000
11.823000
15.764000
21.674999
23.645000
21.674999
17.733999
13.793000
13.793000
1.970400
0.000000
-5.911300
-1.970400
-7.881800
-17.733999
-23.645000
-13.793000
-17.733999
-21.674999
-7.881800
1.970400
1.970400
-1.970400
0.000000
-3.940900
1.970400
3.940900
-5.911300
-1.970400
-1.970400
-7.881800
0.000000
3.940900
1.970400
7.881800
-1.970400
-7.881800
1.970400
0.000000
-11.823000
-15.764000
-11.823000
1.970400
-1.970400
-3.940900
-21.674999
-17.733999
-11.823000
-5.911300
-21.674999
-29.556999
-13.793000
-9.852200
-9.852200
1.970400
13.793000
15.764000
17.733999
11.823000
11.823000
19.704000
25.615999
23.645000
19.704000
11.823000
1.970400
0.000000
3.940900
-9.852200
-13.793000
-7.881800
-5.911300
-3.940900
-7.881800
-7.881800
5.911300
1.970400
-1.970400
9.852200
5.911300
3.940900
-1.970400
-3.940900
5.911300
7.881800
7.881800
3.940900
0.000000
-1.970400
-3.940900
-9.852200
-9.852200
-13.793000
-7.881800
-9.852200
-13.793000
-13.793000
-5.911300
-7.881800
-1.970400
9.852200
0.000000
9.852200
3.940900
7.881800
7.881800
1.970400
-3.940900
3.940900
9.852200
1.970400
-7.881800
-3.940900
1.970400
3.940900
1.970400
-5.911300
-5.911300
3.940900
23.645000
15.764000
9.852200
7.881800
1.970400
-5.911300
-13.793000
-17.733999
1.970400
9.852200
5.911300
0.000000
1.970400
-3.940900
-3.940900
3.940900
5.911300
3.940900
-1.970400
0.000000
3.940900
9.852200
13.793000
3.940900
0.000000
-3.940900
-1.970400
5.911300
9.852200
3.940900
0.000000
-1.970400
-1.970400
-21.674999
-13.793000
-13.793000
-9.852200
-13.793000
-7.881800
-3.940900
5.911300
13.793000
13.793000
9.852200
11.823000
13.793000
17.733999
13.793000
-3.940900
-5.911300
-13.793000
-13.793000
-19.704000
-19.704000
-11.823000
-11.823000
-15.764000
-25.615999
-33.498001
-27.586000
-19.704000
-7.881800
0.000000
0.000000
15.764000
13.793000
11.823000
19.704000
31.527000
21.674999
19.704000
23.645000
19.704000
17.733999
13.793000
5.911300
5.911300
11.823000
21.674999
15.764000
5.911300
9.852200
0.000000
3.940900
-7.881800
-3.940900
0.000000
0.000000
7.881800
15.764000
15.764000
9.852200
1.970400
-1.970400
-1.970400
-9.852200
0.000000
-5.911300
1.970400
-7.881800
-7.881800
0.000000
9.852200
1.970400
-7.881800
-11.823000
-9.852200
-5.911300
9.852200
19.704000
13.793000
9.852200
9.852200
9.852200
9.852200
13.793000
1.970400
-5.911300
-11.823000
-5.911300
-9.852200
-7.881800
-11.823000
-7.881800
-9.852200
-15.764000
-1.970400
5.911300
5.911300
1.970400
3.940900
-5.911300
-11.823000
-13.793000
0.000000
-5.911300
-7.881800
-5.911300
-1.970400
-3.940900
-1.970400
3.940900
3.940900
5.911300
3.940900
0.000000
-1.970400
7.881800
11.823000
3.940900
0.000000
13.793000
1.970400
0.000000
0.000000
3.940900
-1.970400
0.000000
-5.911300
-7.881800
3.940900
7.881800
5.911300
-3.940900
-5.911300
-1.970400
0.000000
-9.852200
-7.881800
-21.674999
-19.704000
-11.823000
-13.793000
-15.764000
-15.764000
-19.704000
-19.704000
-5.911300
-11.823000
-13.793000
-9.852200
-9.852200
-9.852200
-9.852200
-9.852200
-3.940900
-5.911300
-1.970400
-7.881800
-5.911300
0.000000
-5.911300
-1.970400
1.970400
1.970400
7.881800
7.881800
7.881800
17.733999
19.704000
19.704000
17.733999
17.733999
9.852200
13.793000
15.764000
13.793000
7.881800
1.970400
7.881800
-1.970400
3.940900
7.881800
9.852200
7.881800
3.940900
-1.970400
-11.823000
-3.940900
1.970400
-1.970400
-7.881800
-5.911300
-15.764000
-9.852200
-13.793000
-5.911300
-7.881800
1.970400
-1.970400
7.881800
3.940900
0.000000
5.911300
5.911300
1.970400
-1.970400
-1.970400
11.823000
1.970400
0.000000
3.940900
-3.940900
5.911300
5.911300
5.911300
3.940900
1.970400
5.911300
5.911300
3.940900
5.911300
13.793000
17.733999
25.615999
25.615999
21.674999
17.733999
19.704000
19.704000
15.764000
13.793000
7.881800
0.000000
1.970400
5.911300
-7.881800
-7.881800
-9.852200
-7.881800
-9.852200
-15.764000
-11.823000
-7.881800
-11.823000
-7.881800
-11.823000
-1.970400
-3.940900
-11.823000
-11.823000
-13.793000
-9.852200
-5.911300
1.970400
0.000000
1.970400
1.970400
1.970400
7.881800
19.704000
17.733999
13.793000
5.911300
3.940900
9.852200
11.823000
9.852200
5.911300
-7.881800
-23.645000
-33.498001
-25.615999
-21.674999
-19.704000
-5.911300
-5.911300
1.970400
11.823000
15.764000
21.674999
23.645000
25.615999
19.704000
11.823000
11.823000
3.940900
1.970400
3.940900
11.823000
3.940900
-3.940900
-5.911300
-7.881800
0.000000
-7.881800
-1.970400
-3.940900
-9.852200
-3.940900
3.940900
-1.970400
-5.911300
-1.970400
-9.852200
-9.852200
-13.793000
-3.940900
-5.911300
-5.911300
-7.881800
-7.881800
-7.881800
-5.911300
3.940900
5.911300
0.000000
-3.940900
-5.911300
-5.911300
1.970400
1.970400
23.645000
13.793000
15.764000
19.704000
15.764000
11.823000
11.823000
7.881800
5.911300
7.881800
11.823000
0.000000
-9.852200
-15.764000
-19.704000
-15.764000
-11.823000
-7.881800
-3.940900
5.911300
-1.970400
-7.881800
-5.911300
3.940900
11.823000
23.645000
29.556999
27.586000
25.615999
25.615999
21.674999
19.704000
13.793000
1.970400
-5.911300
-15.764000
-19.704000
-31.527000
-31.527000
-45.320000
-41.379002
-33.498001
-25.615999
-23.645000
-15.764000
-9.852200
1.970400
5.911300
7.881800
15.764000
7.881800
0.000000
-5.911300
-5.911300
-7.881800
-7.881800
5.911300
3.940900
1.970400
-5.911300
-9.852200
-7.881800
-5.911300
-11.823000
0.000000
1.970400
1.970400
-1.970400
0.000000
7.881800
9.852200
11.823000
9.852200
19.704000
15.764000
19.704000
23.645000
21.674999
23.645000
13.793000
13.793000
17.733999
1.970400
-5.911300
-7.881800
-7.881800
-13.793000
-9.852200
-13.793000
-17.733999
-13.793000
-5.911300
-5.911300
-5.911300
5.911300
9.852200
7.881800
0.000000
7.881800
0.000000
11.823000
11.823000
11.823000
13.793000
9.852200
3.940900
1.970400
3.940900
0.000000
7.881800
13.793000
9.852200
9.852200
11.823000
9.852200
13.793000
15.764000
7.881800
7.881800
1.970400
-5.911300
-7.881800
-11.823000
-11.823000
-15.764000
-9.852200
-5.911300
-13.793000
5.911300
-5.911300
0.000000
3.940900
-7.881800
-3.940900
-5.911300
5.911300
17.733999
33.498001
21.674999
15.764000
9.852200
3.940900
-1.970400
-5.911300
-9.852200
-13.793000
-21.674999
-11.823000
-3.940900
-7.881800
-11.823000
-3.940900
-1.970400
3.940900
5.911300
3.940900
11.823000
25.615999
23.645000
11.823000
11.823000
9.852200
11.823000
11.823000
0.000000
-9.852200
1.970400
-1.970400
-1.970400
-1.970400
-11.823000
-17.733999
-17.733999
-5.911300
-9.852200
-3.940900
-13.793000
-15.764000
-9.852200
-1.970400
5.911300
1.970400
3.940900
-5.911300
3.940900
3.940900
9.852200
13.793000
9.852200
3.940900
3.940900
-15.764000
-17.733999
-17.733999
-19.704000
-23.645000
-19.704000
-25.615999
-23.645000
-23.645000
-27.586000
-23.645000
-21.674999
-19.704000
-23.645000
-13.793000
-13.793000
-1.970400
5.911300
9.852200
11.823000
7.881800
1.970400
0.000000
1.970400
5.911300
1.970400
-3.940900
-9.852200
-13.793000
-5.911300
0.000000
1.970400
7.881800
15.764000
13.793000
17.733999
