11.311000
20.790001
24.580999
39.747002
16.997999
-9.541900
-1.958900
1.832500
3.728300
24.580999
22.686001
18.893999
-3.854700
-1.958900
11.311000
-9.541900
-1.958900
7.519700
-9.541900
-7.646100
3.728300
-0.063190
-5.750400
-15.229000
-9.541900
-15.229000
-5.750400
-7.646100
-24.708000
-22.812000
-26.603001
-11.438000
3.728300
-5.750400
-22.812000
-20.916000
-9.541900
26.476999
18.893999
-17.125000
-19.021000
-11.438000
-7.646100
1.832500
3.728300
3.728300
-15.229000
18.893999
9.415500
-3.854700
-15.229000
-5.750400
5.624000
11.311000
54.912998
-9.541900
-36.082001
-7.646100
-9.541900
-0.063190
-0.063190
9.415500
24.580999
13.207000
-0.063190
-5.750400
-1.958900
13.207000
20.790001
28.372999
18.893999
35.956001
1.832500
-11.438000
1.832500
5.624000
15.103000
11.311000
7.519700
16.997999
-1.958900
-7.646100
-1.958900
-13.333000
1.832500
9.415500
13.207000
-15.229000
-13.333000
-13.333000
-19.021000
-3.854700
26.476999
-15.229000
-43.665001
-9.541900
-1.958900
-7.646100
1.832500
3.728300
11.311000
1.832500
11.311000
11.311000
-9.541900
-7.646100
-7.646100
-1.958900
16.997999
24.580999
13.207000
22.686001
24.580999
11.311000
-0.063190
9.415500
22.686001
-1.958900
-1.958900
-0.063190
-19.021000
-11.438000
-11.438000
-7.646100
-19.021000
-19.021000
-0.063190
-1.958900
-0.063190
-1.958900
9.415500
15.103000
16.997999
26.476999
1.832500
16.997999
34.060001
13.207000
16.997999
22.686001
22.686001
20.790001
24.580999
24.580999
5.624000
15.103000
7.519700
-17.125000
-9.541900
-9.541900
7.519700
13.207000
15.103000
-1.958900
22.686001
11.311000
1.832500
11.311000
-7.646100
-19.021000
-3.854700
15.103000
-9.541900
-5.750400
-20.916000
-17.125000
13.207000
5.624000
-3.854700
-5.750400
3.728300
-1.958900
-9.541900
-26.603001
-19.021000
-15.229000
-20.916000
1.832500
-7.646100
-7.646100
-11.438000
-9.541900
9.415500
-3.854700
-9.541900
-11.438000
-3.854700
7.519700
16.997999
9.415500
3.728300
20.790001
24.580999
1.832500
15.103000
3.728300
-3.854700
11.311000
20.790001
11.311000
-22.812000
-3.854700
-1.958900
-5.750400
11.311000
-11.438000
-34.186001
-17.125000
1.832500
-1.958900
-7.646100
-0.063190
-7.646100
-0.063190
-1.958900
7.519700
9.415500
-24.708000
-41.769001
-0.063190
-13.333000
-15.229000
-7.646100
-22.812000
-5.750400
5.624000
-19.021000
-20.916000
-9.541900
3.728300
-7.646100
-9.541900
-0.063190
16.997999
-9.541900
-5.750400
1.832500
1.832500
20.790001
32.164001
34.060001
15.103000
-1.958900
16.997999
24.580999
15.103000
39.747002
5.624000
-7.646100
11.311000
13.207000
13.207000
5.624000
16.997999
-13.333000
-5.750400
13.207000
-9.541900
-20.916000
-3.854700
-15.229000
-0.063190
-0.063190
-5.750400
-17.125000
-20.916000
-7.646100
-3.854700
13.207000
-5.750400
-19.021000
-1.958900
3.728300
7.519700
3.728300
-19.021000
-0.063190
7.519700
-22.812000
-3.854700
-1.958900
-3.854700
-24.708000
-7.646100
11.311000
-7.646100
-19.021000
-5.750400
-9.541900
-1.958900
11.311000
-0.063190
-9.541900
-17.125000
-15.229000
9.415500
9.415500
18.893999
1.832500
3.728300
7.519700
13.207000
18.893999
22.686001
9.415500
-1.958900
11.311000
-0.063190
5.624000
1.832500
22.686001
16.997999
3.728300
11.311000
-0.063190
-9.541900
11.311000
22.686001
30.268999
9.415500
-7.646100
-13.333000
7.519700
13.207000
24.580999
13.207000
5.624000
20.790001
24.580999
32.164001
9.415500
-13.333000
-3.854700
1.832500
24.580999
5.624000
-19.021000
-5.750400
9.415500
16.997999
9.415500
7.519700
3.728300
-19.021000
-24.708000
-7.646100
-0.063190
3.728300
-0.063190
-9.541900
-5.750400
15.103000
-1.958900
-3.854700
-9.541900
-19.021000
-7.646100
-9.541900
-9.541900
-11.438000
9.415500
-7.646100
-24.708000
-0.063190
-5.750400
-7.646100
-9.541900
-3.854700
-1.958900
-13.333000
-3.854700
11.311000
5.624000
20.790001
1.832500
-3.854700
11.311000
18.893999
-0.063190
-11.438000
-3.854700
-1.958900
13.207000
18.893999
5.624000
-24.708000
-7.646100
11.311000
3.728300
-7.646100
-1.958900
7.519700
18.893999
20.790001
7.519700
-24.708000
-22.812000
-1.958900
-5.750400
-17.125000
-13.333000
3.728300
-5.750400
-39.874001
-19.021000
-3.854700
9.415500
-30.395000
-43.665001
18.893999
-9.541900
-5.750400
13.207000
13.207000
-7.646100
13.207000
16.997999
7.519700
1.832500
11.311000
11.311000
3.728300
-15.229000
-5.750400
5.624000
7.519700
-1.958900
-15.229000
-20.916000
-26.603001
-0.063190
11.311000
5.624000
3.728300
-1.958900
3.728300
-0.063190
-1.958900
16.997999
28.372999
1.832500
3.728300
16.997999
-11.438000
-3.854700
24.580999
18.893999
20.790001
15.103000
5.624000
3.728300
-5.750400
-1.958900
-3.854700
13.207000
3.728300
-11.438000
-9.541900
-7.646100
3.728300
9.415500
-13.333000
-9.541900
-7.646100
7.519700
5.624000
5.624000
11.311000
-1.958900
9.415500
5.624000
15.103000
37.852001
11.311000
-3.854700
-3.854700
15.103000
18.893999
-13.333000
-3.854700
-13.333000
-15.229000
-1.958900
-7.646100
-3.854700
5.624000
18.893999
16.997999
26.476999
13.207000
30.268999
45.433998
26.476999
7.519700
30.268999
30.268999
20.790001
9.415500
15.103000
-3.854700
1.832500
11.311000
-17.125000
-32.291000
-30.395000
-11.438000
-20.916000
-11.438000
-7.646100
-9.541900
-1.958900
-13.333000
-11.438000
-1.958900
3.728300
7.519700
-9.541900
-17.125000
-22.812000
-24.708000
-17.125000
-17.125000
-11.438000
-5.750400
5.624000
-17.125000
-13.333000
-7.646100
-9.541900
-17.125000
-15.229000
-17.125000
-13.333000
-13.333000
-9.541900
-13.333000
-11.438000
-3.854700
9.415500
-7.646100
-15.229000
-3.854700
-17.125000
3.728300
7.519700
7.519700
22.686001
15.103000
37.852001
22.686001
-3.854700
-3.854700
7.519700
16.997999
18.893999
-15.229000
-15.229000
1.832500
-1.958900
3.728300
16.997999
18.893999
9.415500
-13.333000
3.728300
5.624000
9.415500
-9.541900
-9.541900
-17.125000
-15.229000
5.624000
3.728300
13.207000
-0.063190
-5.750400
7.519700
9.415500
-0.063190
-0.063190
-0.063190
1.832500
5.624000
-11.438000
1.832500
16.997999
16.997999
26.476999
20.790001
-3.854700
1.832500
1.832500
7.519700
13.207000
-7.646100
-1.958900
24.580999
5.624000
5.624000
-5.750400
16.997999
15.103000
13.207000
5.624000
15.103000
24.580999
20.790001
16.997999
16.997999
9.415500
11.311000
9.415500
9.415500
18.893999
13.207000
9.415500
18.893999
13.207000
11.311000
-3.854700
-3.854700
-0.063190
-1.958900
1.832500
-1.958900
-1.958900
-7.646100
7.519700
5.624000
7.519700
18.893999
3.728300
-11.438000
-20.916000
-9.541900
-15.229000
-13.333000
-0.063190
-1.958900
-28.499001
-28.499001
-13.333000
-13.333000
-5.750400
-7.646100
-5.750400
-5.750400
-17.125000
-17.125000
-5.750400
-5.750400
-0.063190
-5.750400
3.728300
1.832500
-1.958900
-5.750400
-19.021000
-11.438000
1.832500
7.519700
-7.646100
-0.063190
-1.958900
5.624000
15.103000
-15.229000
-19.021000
-11.438000
-0.063190
1.832500
-5.750400
3.728300
-11.438000
-9.541900
-7.646100
-20.916000
-17.125000
-3.854700
-1.958900
3.728300
-20.916000
-15.229000
24.580999
-11.438000
-28.499001
-24.708000
-19.021000
1.832500
18.893999
3.728300
-7.646100
-9.541900
7.519700
5.624000
-22.812000
-17.125000
-13.333000
9.415500
-0.063190
-9.541900
-17.125000
-15.229000
1.832500
-13.333000
-15.229000
-5.750400
-3.854700
3.728300
-9.541900
7.519700
15.103000
37.852001
-0.063190
1.832500
7.519700
5.624000
34.060001
39.747002
43.539001
1.832500
-17.125000
16.997999
18.893999
24.580999
24.580999
22.686001
-3.854700
-11.438000
20.790001
13.207000
7.519700
15.103000
9.415500
-5.750400
9.415500
5.624000
7.519700
5.624000
-3.854700
5.624000
-0.063190
5.624000
26.476999
13.207000
-3.854700
5.624000
18.893999
11.311000
-7.646100
-11.438000
-15.229000
-20.916000
-15.229000
-13.333000
-7.646100
-9.541900
-15.229000
-9.541900
-3.854700
-3.854700
-5.750400
-7.646100
-19.021000
28.372999
-1.958900
-28.499001
-26.603001
-19.021000
-9.541900
-1.958900
3.728300
-0.063190
1.832500
7.519700
13.207000
9.415500
13.207000
22.686001
11.311000
11.311000
11.311000
18.893999
18.893999
11.311000
35.956001
5.624000
-0.063190
5.624000
30.268999
3.728300
-24.708000
-15.229000
-9.541900
-5.750400
9.415500
3.728300
24.580999
-11.438000
-30.395000
-9.541900
-0.063190
13.207000
15.103000
1.832500
1.832500
-3.854700
1.832500
7.519700
9.415500
16.997999
20.790001
32.164001
24.580999
1.832500
-3.854700
-9.541900
7.519700
24.580999
9.415500
1.832500
-1.958900
-5.750400
11.311000
13.207000
28.372999
18.893999
3.728300
3.728300
11.311000
-0.063190
-3.854700
9.415500
11.311000
-17.125000
1.832500
-11.438000
-15.229000
-9.541900
-3.854700
-0.063190
-0.063190
3.728300
15.103000
24.580999
16.997999
3.728300
-3.854700
-11.438000
-5.750400
-7.646100
-15.229000
-7.646100
-0.063190
-5.750400
-3.854700
-7.646100
-13.333000
-5.750400
-9.541900
-9.541900
-7.646100
-1.958900
-7.646100
-7.646100
-13.333000
3.728300
-7.646100
-17.125000
-15.229000
-7.646100
-7.646100
11.311000
13.207000
1.832500
-1.958900
-7.646100
-5.750400
-3.854700
5.624000
-3.854700
3.728300
11.311000
-7.646100
-9.541900
-9.541900
-5.750400
3.728300
16.997999
-7.646100
-15.229000
-3.854700
7.519700
5.624000
1.832500
1.832500
13.207000
5.624000
-3.854700
-3.854700
15.103000
26.476999
-20.916000
-11.438000
9.415500
-11.438000
-0.063190
5.624000
-20.916000
-17.125000
-19.021000
-0.063190
11.311000
5.624000
1.832500
24.580999
3.728300
-17.125000
-7.646100
-9.541900
3.728300
-3.854700
-9.541900
-5.750400
-3.854700
13.207000
-5.750400
-5.750400
3.728300
-3.854700
-3.854700
-11.438000
-11.438000
-7.646100
15.103000
5.624000
1.832500
9.415500
5.624000
1.832500
13.207000
13.207000
5.624000
7.519700
-0.063190
9.415500
-11.438000
-13.333000
11.311000
5.624000
-1.958900
-1.958900
-7.646100
11.311000
1.832500
7.519700
-11.438000
-11.438000
-7.646100
-11.438000
-3.854700
-11.438000
-20.916000
-0.063190
5.624000
3.728300
3.728300
-9.541900
-15.229000
-1.958900
7.519700
13.207000
9.415500
-5.750400
-15.229000
-9.541900
-5.750400
1.832500
1.832500
3.728300
-1.958900
7.519700
-1.958900
5.624000
3.728300
-0.063190
11.311000
13.207000
7.519700
9.415500
18.893999
20.790001
22.686001
39.747002
34.060001
34.060001
30.268999
22.686001
28.372999
41.643002
30.268999
7.519700
11.311000
-0.063190
11.311000
7.519700
13.207000
-0.063190
-7.646100
-3.854700
5.624000
-1.958900
3.728300
-13.333000
-11.438000
-1.958900
-7.646100
-0.063190
-5.750400
-22.812000
-17.125000
-24.708000
-26.603001
-15.229000
