21.256001
27.052999
25.121000
27.052999
19.323999
9.661800
5.797100
5.797100
5.797100
13.527000
9.661800
13.527000
3.864700
5.797100
9.661800
0.000000
0.000000
0.000000
-15.459000
-15.459000
-3.864700
-5.797100
-7.729500
-17.391001
-17.391001
-21.256001
-17.391001
-17.391001
-27.052999
-25.121000
-17.391001
-3.864700
5.797100
-7.729500
-15.459000
-17.391001
-11.594000
9.661800
5.797100
-9.661800
-13.527000
-7.729500
-7.729500
1.932400
-3.864700
-9.661800
-23.188000
0.000000
0.000000
-1.932400
-7.729500
-3.864700
-1.932400
-1.932400
23.188000
0.000000
-13.527000
1.932400
1.932400
0.000000
9.661800
15.459000
19.323999
13.527000
5.797100
5.797100
7.729500
15.459000
19.323999
23.188000
17.391001
21.256001
9.661800
5.797100
9.661800
7.729500
13.527000
5.797100
3.864700
9.661800
0.000000
-3.864700
-1.932400
-7.729500
-3.864700
3.864700
-1.932400
-13.527000
-17.391001
-19.323999
-19.323999
-9.661800
9.661800
-1.932400
-15.459000
0.000000
3.864700
0.000000
0.000000
1.932400
0.000000
0.000000
1.932400
1.932400
-1.932400
0.000000
1.932400
5.797100
7.729500
15.459000
7.729500
13.527000
21.256001
11.594000
1.932400
5.797100
15.459000
-3.864700
-13.527000
-17.391001
-25.121000
-25.121000
-17.391001
-13.527000
-25.121000
-30.917999
-11.594000
-1.932400
0.000000
-3.864700
1.932400
5.797100
11.594000
19.323999
11.594000
19.323999
23.188000
19.323999
25.121000
23.188000
27.052999
19.323999
21.256001
21.256001
11.594000
9.661800
1.932400
-1.932400
1.932400
3.864700
11.594000
13.527000
13.527000
5.797100
21.256001
13.527000
5.797100
7.729500
-3.864700
-9.661800
1.932400
13.527000
-1.932400
-5.797100
-13.527000
-11.594000
5.797100
5.797100
7.729500
0.000000
-3.864700
-5.797100
-11.594000
-21.256001
-19.323999
-13.527000
-13.527000
-3.864700
-9.661800
-7.729500
-9.661800
-7.729500
3.864700
-1.932400
-7.729500
-5.797100
-3.864700
-3.864700
7.729500
5.797100
0.000000
11.594000
11.594000
5.797100
13.527000
11.594000
1.932400
7.729500
13.527000
13.527000
-7.729500
-1.932400
1.932400
-9.661800
0.000000
-7.729500
-21.256001
-5.797100
5.797100
3.864700
1.932400
-3.864700
-7.729500
0.000000
-1.932400
-1.932400
-1.932400
-15.459000
-23.188000
-1.932400
-15.459000
-17.391001
-15.459000
-23.188000
-13.527000
-3.864700
-17.391001
-15.459000
-7.729500
5.797100
-7.729500
-5.797100
1.932400
11.594000
7.729500
15.459000
15.459000
15.459000
25.121000
25.121000
28.986000
17.391001
11.594000
19.323999
25.121000
15.459000
19.323999
7.729500
9.661800
9.661800
7.729500
7.729500
3.864700
0.000000
-11.594000
-5.797100
1.932400
-1.932400
-15.459000
-11.594000
-15.459000
-1.932400
3.864700
-5.797100
-11.594000
-15.459000
-5.797100
-7.729500
-5.797100
-9.661800
-13.527000
0.000000
3.864700
0.000000
-1.932400
-11.594000
-1.932400
5.797100
-7.729500
5.797100
1.932400
-5.797100
-15.459000
-5.797100
-5.797100
-13.527000
-17.391001
-13.527000
-11.594000
-5.797100
0.000000
-7.729500
-13.527000
-13.527000
-7.729500
1.932400
3.864700
11.594000
3.864700
0.000000
5.797100
11.594000
15.459000
13.527000
3.864700
3.864700
11.594000
5.797100
9.661800
9.661800
17.391001
11.594000
5.797100
7.729500
5.797100
1.932400
9.661800
11.594000
17.391001
11.594000
9.661800
5.797100
9.661800
19.323999
25.121000
17.391001
17.391001
19.323999
17.391001
23.188000
15.459000
5.797100
5.797100
3.864700
9.661800
1.932400
-3.864700
0.000000
7.729500
9.661800
-1.932400
-7.729500
-9.661800
-17.391001
-21.256001
-5.797100
3.864700
3.864700
-1.932400
-11.594000
-13.527000
-1.932400
-7.729500
-11.594000
-9.661800
-13.527000
-15.459000
-13.527000
-9.661800
-13.527000
-5.797100
-13.527000
-23.188000
-7.729500
-7.729500
-7.729500
-9.661800
-7.729500
-3.864700
-11.594000
-5.797100
-1.932400
1.932400
13.527000
9.661800
1.932400
0.000000
5.797100
0.000000
-5.797100
7.729500
13.527000
15.459000
17.391001
5.797100
-3.864700
11.594000
21.256001
11.594000
3.864700
7.729500
7.729500
13.527000
15.459000
1.932400
-15.459000
-11.594000
-3.864700
-7.729500
-13.527000
-13.527000
1.932400
-13.527000
-28.986000
-15.459000
-11.594000
-5.797100
-17.391001
-19.323999
5.797100
3.864700
7.729500
17.391001
15.459000
5.797100
11.594000
11.594000
3.864700
-5.797100
-1.932400
1.932400
-1.932400
-9.661800
-7.729500
-3.864700
0.000000
-1.932400
-15.459000
-13.527000
-21.256001
-3.864700
7.729500
3.864700
3.864700
5.797100
13.527000
11.594000
7.729500
17.391001
23.188000
17.391001
15.459000
13.527000
1.932400
5.797100
21.256001
17.391001
11.594000
11.594000
3.864700
0.000000
-9.661800
-11.594000
-7.729500
-1.932400
-11.594000
-19.323999
-15.459000
-15.459000
-3.864700
1.932400
-3.864700
-7.729500
-3.864700
1.932400
-1.932400
1.932400
13.527000
7.729500
11.594000
11.594000
21.256001
34.783001
23.188000
7.729500
1.932400
5.797100
5.797100
-19.323999
-17.391001
-25.121000
-27.052999
-21.256001
-15.459000
-1.932400
11.594000
27.052999
27.052999
32.849998
30.917999
36.715000
46.376999
40.580002
27.052999
30.917999
23.188000
15.459000
7.729500
5.797100
-1.932400
-3.864700
-7.729500
-21.256001
-32.849998
-32.849998
-25.121000
-25.121000
-23.188000
-17.391001
-9.661800
-7.729500
-13.527000
-9.661800
0.000000
-1.932400
-1.932400
-3.864700
-9.661800
-13.527000
-9.661800
-7.729500
-3.864700
0.000000
3.864700
3.864700
-7.729500
-1.932400
-3.864700
-1.932400
-7.729500
-7.729500
-9.661800
-17.391001
-15.459000
-11.594000
-11.594000
-9.661800
-3.864700
5.797100
1.932400
-3.864700
1.932400
-3.864700
5.797100
5.797100
7.729500
17.391001
21.256001
27.052999
15.459000
3.864700
-1.932400
3.864700
15.459000
21.256001
3.864700
-1.932400
5.797100
5.797100
5.797100
13.527000
11.594000
5.797100
-7.729500
-3.864700
-5.797100
0.000000
-13.527000
-13.527000
-17.391001
-17.391001
0.000000
3.864700
5.797100
3.864700
-3.864700
-3.864700
-3.864700
-7.729500
-1.932400
-5.797100
-5.797100
-3.864700
-7.729500
1.932400
11.594000
15.459000
17.391001
13.527000
3.864700
1.932400
-3.864700
1.932400
7.729500
-7.729500
-7.729500
13.527000
0.000000
0.000000
3.864700
13.527000
13.527000
15.459000
9.661800
21.256001
30.917999
32.849998
28.986000
19.323999
13.527000
17.391001
21.256001
17.391001
21.256001
9.661800
5.797100
9.661800
3.864700
5.797100
-3.864700
-11.594000
-9.661800
-5.797100
-3.864700
0.000000
0.000000
-3.864700
-1.932400
-1.932400
1.932400
9.661800
1.932400
-1.932400
-11.594000
-11.594000
-15.459000
-21.256001
-15.459000
-11.594000
-28.986000
-25.121000
-19.323999
-15.459000
-3.864700
0.000000
0.000000
0.000000
-5.797100
-7.729500
0.000000
1.932400
3.864700
-1.932400
1.932400
1.932400
-3.864700
0.000000
-7.729500
-9.661800
-5.797100
-3.864700
-9.661800
-13.527000
-5.797100
1.932400
1.932400
-9.661800
-11.594000
-9.661800
-3.864700
-3.864700
-5.797100
-1.932400
-1.932400
-5.797100
-1.932400
-5.797100
-7.729500
-1.932400
-3.864700
-3.864700
-15.459000
-15.459000
9.661800
-3.864700
-7.729500
-5.797100
-13.527000
-3.864700
9.661800
1.932400
-3.864700
-5.797100
-1.932400
0.000000
-13.527000
-11.594000
-3.864700
3.864700
3.864700
-7.729500
-15.459000
-23.188000
-21.256001
-21.256001
-15.459000
-5.797100
-5.797100
-1.932400
1.932400
11.594000
17.391001
23.188000
7.729500
13.527000
17.391001
13.527000
28.986000
34.783001
34.783001
15.459000
7.729500
21.256001
19.323999
17.391001
15.459000
11.594000
0.000000
0.000000
13.527000
7.729500
3.864700
11.594000
5.797100
0.000000
13.527000
7.729500
7.729500
5.797100
-1.932400
3.864700
5.797100
9.661800
17.391001
7.729500
0.000000
-3.864700
1.932400
-9.661800
-21.256001
-19.323999
-23.188000
-25.121000
-15.459000
-13.527000
-5.797100
-7.729500
-7.729500
-7.729500
-7.729500
-3.864700
-9.661800
-9.661800
-11.594000
9.661800
-3.864700
-15.459000
-19.323999
-17.391001
-7.729500
-7.729500
1.932400
7.729500
9.661800
17.391001
28.986000
23.188000
25.121000
28.986000
19.323999
23.188000
21.256001
23.188000
21.256001
19.323999
25.121000
15.459000
7.729500
1.932400
11.594000
0.000000
-5.797100
-3.864700
-1.932400
1.932400
3.864700
1.932400
17.391001
-3.864700
-9.661800
1.932400
5.797100
9.661800
7.729500
0.000000
3.864700
7.729500
15.459000
5.797100
3.864700
5.797100
7.729500
15.459000
13.527000
1.932400
0.000000
-1.932400
5.797100
9.661800
1.932400
0.000000
-1.932400
1.932400
15.459000
19.323999
25.121000
23.188000
11.594000
11.594000
3.864700
-7.729500
-11.594000
-15.459000
-9.661800
-23.188000
-13.527000
-25.121000
-21.256001
-15.459000
-9.661800
-9.661800
-3.864700
0.000000
7.729500
7.729500
9.661800
7.729500
0.000000
-5.797100
-7.729500
-9.661800
-13.527000
-17.391001
-7.729500
-9.661800
-9.661800
-13.527000
-23.188000
-15.459000
-9.661800
-17.391001
-9.661800
-5.797100
-9.661800
-7.729500
-11.594000
1.932400
-1.932400
-7.729500
-7.729500
1.932400
0.000000
7.729500
9.661800
5.797100
7.729500
0.000000
3.864700
5.797100
3.864700
-1.932400
0.000000
1.932400
-5.797100
-5.797100
-3.864700
-1.932400
5.797100
13.527000
3.864700
-1.932400
7.729500
15.459000
9.661800
3.864700
5.797100
5.797100
9.661800
9.661800
9.661800
19.323999
25.121000
3.864700
3.864700
7.729500
-5.797100
-1.932400
0.000000
-11.594000
-9.661800
-7.729500
0.000000
5.797100
0.000000
-3.864700
7.729500
-3.864700
-11.594000
-9.661800
-9.661800
-3.864700
-7.729500
-3.864700
-1.932400
-7.729500
7.729500
-3.864700
-1.932400
3.864700
-7.729500
-3.864700
-11.594000
-5.797100
1.932400
19.323999
15.459000
11.594000
11.594000
5.797100
3.864700
7.729500
7.729500
1.932400
-3.864700
-7.729500
-1.932400
-7.729500
-11.594000
1.932400
-1.932400
-1.932400
0.000000
-3.864700
7.729500
7.729500
7.729500
-3.864700
-7.729500
-1.932400
-1.932400
-1.932400
-7.729500
-13.527000
-1.932400
0.000000
0.000000
-3.864700
-11.594000
-19.323999
-13.527000
-3.864700
-5.797100
-3.864700
-11.594000
-23.188000
-15.459000
-7.729500
0.000000
3.864700
5.797100
0.000000
9.661800
7.729500
13.527000
17.391001
15.459000
19.323999
21.256001
15.459000
13.527000
15.459000
15.459000
17.391001
27.052999
30.917999
32.849998
30.917999
21.256001
21.256001
25.121000
21.256001
5.797100
7.729500
1.932400
5.797100
5.797100
7.729500
1.932400
-5.797100
-5.797100
-11.594000
-9.661800
-5.797100
-13.527000
-13.527000
-11.594000
-19.323999
-15.459000
-19.323999
-25.121000
-23.188000
-27.052999
-25.121000
-19.323999
