-0.901770
2.963000
6.827700
11.659000
9.726200
9.726200
12.625000
15.523000
22.287001
20.354000
13.591000
9.726200
3.929100
2.963000
1.996800
-5.732700
-6.698900
-5.732700
-5.732700
-5.732700
-3.800300
1.996800
3.929100
4.895300
8.760100
12.625000
13.591000
8.760100
4.895300
3.929100
0.064410
0.064410
0.064410
-1.868000
1.030600
0.064410
-4.766500
-8.631200
-12.496000
-13.462000
-9.597400
-4.766500
-3.800300
-5.732700
-6.698900
-8.631200
-5.732700
-5.732700
-7.665100
-8.631200
-7.665100
-6.698900
-12.496000
-15.395000
-17.327000
-12.496000
-6.698900
1.996800
8.760100
11.659000
17.455999
22.287001
26.150999
29.049999
27.118000
25.184999
18.422001
6.827700
-1.868000
-4.766500
-7.665100
-9.597400
-5.732700
1.030600
10.692000
13.591000
15.523000
18.422001
16.490000
18.422001
17.455999
15.523000
14.557000
10.692000
5.861500
4.895300
-1.868000
-8.631200
-15.395000
-20.225000
-23.124001
-28.921000
-34.717999
-36.651001
-34.717999
-31.820000
-26.989000
-22.158001
-16.361000
-8.631200
-4.766500
0.064410
7.793900
11.659000
9.726200
4.895300
1.030600
-2.834100
-9.597400
-10.564000
-8.631200
-7.665100
-4.766500
-2.834100
-0.901770
4.895300
4.895300
5.861500
7.793900
8.760100
13.591000
19.388000
21.320000
17.455999
11.659000
5.861500
3.929100
0.064410
-5.732700
-9.597400
-9.597400
-8.631200
-3.800300
1.030600
10.692000
16.490000
22.287001
24.219000
24.219000
24.219000
20.354000
14.557000
10.692000
5.861500
1.996800
-4.766500
-5.732700
-9.597400
-9.597400
-4.766500
-2.834100
0.064410
5.861500
10.692000
9.726200
8.760100
7.793900
3.929100
0.064410
-7.665100
-13.462000
-18.292999
-22.158001
-23.124001
-24.090000
-23.124001
-22.158001
-18.292999
-15.395000
-10.564000
-11.530000
-14.428000
-8.631200
-2.834100
-4.766500
-6.698900
-4.766500
-3.800300
0.064410
5.861500
5.861500
5.861500
6.827700
5.861500
3.929100
1.030600
1.996800
5.861500
10.692000
13.591000
13.591000
13.591000
13.591000
13.591000
11.659000
7.793900
8.760100
2.963000
-2.834100
-1.868000
2.963000
1.996800
1.996800
4.895300
2.963000
-0.901770
-1.868000
-2.834100
-6.698900
-14.428000
-23.124001
-27.955000
-25.056000
-18.292999
-11.530000
-5.732700
2.963000
8.760100
10.692000
13.591000
12.625000
8.760100
5.861500
3.929100
1.030600
-1.868000
-6.698900
-13.462000
-20.225000
-23.124001
-19.259001
-19.259001
-18.292999
-8.631200
1.030600
9.726200
14.557000
20.354000
23.253000
24.219000
25.184999
25.184999
23.253000
20.354000
17.455999
13.591000
11.659000
7.793900
1.996800
-1.868000
-10.564000
-13.462000
-9.597400
-7.665100
-4.766500
1.996800
1.996800
3.929100
6.827700
9.726200
12.625000
13.591000
11.659000
9.726200
10.692000
8.760100
4.895300
5.861500
7.793900
6.827700
5.861500
1.030600
-1.868000
-6.698900
-12.496000
-12.496000
-9.597400
-5.732700
-5.732700
-6.698900
-9.597400
-7.665100
-2.834100
-3.800300
-5.732700
-7.665100
-6.698900
-5.732700
-5.732700
-7.665100
-8.631200
-7.665100
-7.665100
-8.631200
-10.564000
-11.530000
-11.530000
-13.462000
-13.462000
-7.665100
-4.766500
0.064410
4.895300
7.793900
5.861500
3.929100
-2.834100
-7.665100
-7.665100
-3.800300
1.030600
3.929100
5.861500
5.861500
3.929100
4.895300
2.963000
2.963000
5.861500
7.793900
8.760100
6.827700
4.895300
1.996800
-0.901770
-4.766500
-7.665100
-5.732700
-2.834100
1.996800
7.793900
15.523000
19.388000
19.388000
19.388000
16.490000
15.523000
15.523000
11.659000
7.793900
5.861500
5.861500
1.030600
-1.868000
-1.868000
-0.901770
1.030600
3.929100
3.929100
0.064410
-4.766500
-11.530000
-16.361000
-22.158001
-23.124001
-18.292999
-15.395000
-9.597400
-5.732700
-5.732700
-3.800300
1.030600
2.963000
4.895300
5.861500
2.963000
2.963000
4.895300
5.861500
1.996800
-0.901770
1.996800
2.963000
4.895300
1.030600
1.030600
-2.834100
-6.698900
-4.766500
-2.834100
3.929100
7.793900
6.827700
8.760100
11.659000
13.591000
20.354000
21.320000
20.354000
17.455999
12.625000
7.793900
6.827700
-0.901770
-5.732700
-6.698900
-6.698900
-4.766500
-3.800300
-3.800300
-5.732700
-1.868000
1.996800
3.929100
4.895300
4.895300
1.996800
0.064410
-1.868000
-4.766500
-8.631200
-12.496000
-15.395000
-16.361000
-16.361000
-17.327000
-21.191999
-21.191999
-22.158001
-21.191999
-17.327000
-10.564000
-4.766500
-2.834100
1.030600
1.996800
5.861500
11.659000
12.625000
11.659000
9.726200
7.793900
4.895300
2.963000
0.064410
-0.901770
-3.800300
-0.901770
1.996800
2.963000
5.861500
4.895300
1.996800
2.963000
1.030600
-1.868000
-1.868000
-5.732700
-7.665100
-10.564000
-10.564000
-10.564000
-8.631200
-7.665100
-4.766500
-3.800300
1.030600
6.827700
8.760100
13.591000
18.422001
26.150999
29.049999
27.118000
22.287001
15.523000
8.760100
4.895300
4.895300
5.861500
2.963000
-0.901770
-5.732700
-12.496000
-17.327000
-20.225000
-25.056000
-31.820000
-35.683998
-33.751999
-31.820000
-26.989000
-21.191999
-14.428000
-8.631200
-7.665100
-0.901770
5.861500
8.760100
10.692000
6.827700
2.963000
-0.901770
-1.868000
-1.868000
1.030600
1.030600
1.996800
3.929100
6.827700
12.625000
19.388000
17.455999
19.388000
24.219000
23.253000
21.320000
17.455999
12.625000
9.726200
4.895300
0.064410
-4.766500
-8.631200
-7.665100
-4.766500
-3.800300
0.064410
4.895300
8.760100
14.557000
18.422001
19.388000
22.287001
21.320000
15.523000
8.760100
3.929100
-4.766500
-13.462000
-18.292999
-18.292999
-18.292999
-20.225000
-23.124001
-24.090000
-24.090000
-21.191999
-18.292999
-13.462000
-12.496000
-10.564000
-12.496000
-11.530000
-7.665100
-7.665100
-5.732700
-0.901770
2.963000
4.895300
5.861500
9.726200
14.557000
14.557000
6.827700
3.929100
1.996800
3.929100
5.861500
4.895300
1.030600
-2.834100
-0.901770
1.030600
-0.901770
0.064410
1.030600
3.929100
3.929100
4.895300
5.861500
4.895300
6.827700
11.659000
11.659000
12.625000
12.625000
17.455999
21.320000
22.287001
15.523000
12.625000
11.659000
7.793900
8.760100
10.692000
8.760100
2.963000
-1.868000
-2.834100
-4.766500
-5.732700
-8.631200
-10.564000
-12.496000
-12.496000
-16.361000
-16.361000
-10.564000
-8.631200
-5.732700
-6.698900
-4.766500
0.064410
1.030600
3.929100
1.030600
1.030600
2.963000
1.030600
-0.901770
-2.834100
-3.800300
-6.698900
-5.732700
-3.800300
1.996800
7.793900
11.659000
13.591000
12.625000
10.692000
13.591000
10.692000
3.929100
-0.901770
-8.631200
-13.462000
-18.292999
-20.225000
-18.292999
-12.496000
-9.597400
-5.732700
-3.800300
-0.901770
1.030600
1.996800
2.963000
4.895300
5.861500
5.861500
4.895300
2.963000
-0.901770
-4.766500
-3.800300
-1.868000
-1.868000
-3.800300
-9.597400
-11.530000
-8.631200
-4.766500
-4.766500
-5.732700
-3.800300
-2.834100
-7.665100
-11.530000
-11.530000
-10.564000
-12.496000
-14.428000
-10.564000
-3.800300
7.793900
14.557000
14.557000
15.523000
15.523000
13.591000
12.625000
15.523000
20.354000
26.150999
26.150999
24.219000
18.422001
15.523000
13.591000
7.793900
1.030600
-4.766500
-6.698900
-8.631200
-14.428000
-10.564000
0.064410
7.793900
14.557000
15.523000
15.523000
12.625000
11.659000
15.523000
15.523000
19.388000
24.219000
19.388000
11.659000
4.895300
-2.834100
-6.698900
-10.564000
-13.462000
-13.462000
-15.395000
-19.259001
-18.292999
-17.327000
-19.259001
-21.191999
-13.462000
-4.766500
2.963000
6.827700
3.929100
1.996800
2.963000
3.929100
2.963000
1.030600
-1.868000
-7.665100
-9.597400
-12.496000
-17.327000
-20.225000
-21.191999
-23.124001
-21.191999
-15.395000
-7.665100
0.064410
3.929100
6.827700
7.793900
8.760100
10.692000
8.760100
2.963000
1.996800
-2.834100
-2.834100
6.827700
13.591000
16.490000
13.591000
5.861500
-1.868000
-4.766500
-7.665100
-11.530000
-13.462000
-16.361000
-21.191999
-21.191999
-19.259001
-15.395000
-12.496000
-8.631200
-5.732700
-4.766500
-1.868000
-2.834100
-3.800300
-4.766500
-7.665100
-7.665100
-2.834100
1.996800
8.760100
10.692000
10.692000
10.692000
11.659000
20.354000
27.118000
29.049999
28.084000
26.150999
22.287001
13.591000
7.793900
1.030600
-7.665100
-13.462000
-16.361000
-20.225000
-21.191999
-18.292999
-13.462000
-10.564000
-5.732700
1.030600
2.963000
7.793900
12.625000
13.591000
13.591000
13.591000
11.659000
6.827700
5.861500
1.030600
-3.800300
-5.732700
-5.732700
-7.665100
-7.665100
-3.800300
-2.834100
-1.868000
1.996800
5.861500
10.692000
16.490000
22.287001
25.184999
24.219000
23.253000
23.253000
25.184999
21.320000
12.625000
1.030600
-6.698900
-5.732700
0.064410
1.030600
1.996800
1.030600
0.064410
-3.800300
-9.597400
-7.665100
-4.766500
-6.698900
-9.597400
-11.530000
-12.496000
-13.462000
-16.361000
-15.395000
-14.428000
-14.428000
-17.327000
-20.225000
-22.158001
-24.090000
-22.158001
-18.292999
-16.361000
-12.496000
-8.631200
-8.631200
-8.631200
-5.732700
-9.597400
-13.462000
-16.361000
-20.225000
-23.124001
-20.225000
-12.496000
-1.868000
5.861500
10.692000
12.625000
17.455999
21.320000
23.253000
21.320000
19.388000
18.422001
14.557000
6.827700
-1.868000
-4.766500
-4.766500
-8.631200
-8.631200
-9.597400
-9.597400
-0.901770
5.861500
12.625000
17.455999
20.354000
20.354000
20.354000
16.490000
13.591000
10.692000
8.760100
7.793900
8.760100
6.827700
4.895300
-1.868000
-9.597400
-8.631200
-3.800300
5.861500
16.490000
22.287001
26.150999
32.915001
36.778999
30.982000
27.118000
26.150999
26.150999
24.219000
18.422001
12.625000
9.726200
3.929100
-2.834100
-6.698900
-11.530000
-17.327000
-23.124001
-26.023001
-24.090000
-22.158001
-19.259001
-16.361000
-14.428000
-13.462000
-15.395000
-10.564000
-10.564000
-10.564000
-5.732700
-1.868000
2.963000
7.793900
10.692000
10.692000
13.591000
16.490000
19.388000
22.287001
21.320000
15.523000
6.827700
0.064410
-3.800300
-5.732700
-8.631200
-12.496000
-19.259001
-24.090000
-28.921000
-30.853001
-27.955000
-26.023001
-26.989000
-25.056000
-24.090000
-22.158001
-20.225000
-18.292999
-15.395000
-8.631200
-0.901770
1.996800
3.929100
5.861500
6.827700
4.895300
1.030600
0.064410
-2.834100
-3.800300
-6.698900
-3.800300
-4.766500
-2.834100
2.963000
9.726200
11.659000
10.692000
7.793900
1.996800
0.064410
0.064410
-3.800300
-4.766500
-3.800300
-6.698900
-8.631200
-5.732700
0.064410
0.064410
-2.834100
-5.732700
-10.564000
-8.631200
0.064410
8.760100
13.591000
17.455999
14.557000
3.929100
-6.698900
-19.259001
-26.989000
-28.921000
-26.989000
-20.225000
-13.462000
-6.698900
2.963000
14.557000
22.287001
32.915001
44.508999
47.407001
47.407001
46.441002
47.407001
