2.041500
-4.976100
-0.510370
2.679400
0.127590
-7.527900
-11.356000
-8.165900
-8.165900
-5.614000
3.317400
-4.976100
-6.890000
1.403500
4.593300
7.783100
9.059000
5.231300
2.041500
5.231300
0.765550
-1.148300
-4.338100
-9.441800
-9.441800
-4.976100
-4.338100
-8.803800
-4.976100
0.127590
0.127590
7.145100
16.715000
21.818001
22.455999
10.973000
0.765550
8.421100
4.593300
-0.510370
6.507200
-1.148300
-10.080000
-6.890000
-4.338100
-1.148300
12.249000
8.421100
2.679400
7.783100
7.783100
0.127590
-1.148300
5.231300
3.317400
-0.510370
-1.786300
1.403500
-4.338100
-8.803800
-6.890000
-1.148300
-1.148300
-3.062200
-4.338100
1.403500
2.041500
6.507200
2.679400
-3.062200
-4.338100
-5.614000
-8.165900
-6.890000
-10.718000
-7.527900
-10.080000
-11.994000
-13.270000
-7.527900
-6.252000
-7.527900
-12.632000
-8.803800
-12.632000
-14.545000
-6.252000
-1.148300
-3.700200
-6.890000
2.041500
4.593300
4.593300
5.231300
-1.148300
3.317400
3.317400
-6.890000
-6.890000
-3.062200
3.317400
0.127590
1.403500
11.611000
3.955300
2.679400
3.955300
4.593300
2.041500
4.593300
8.421100
8.421100
4.593300
8.421100
3.317400
-1.148300
-0.510370
0.127590
-0.510370
5.231300
1.403500
2.041500
4.593300
5.231300
7.145100
2.679400
2.041500
5.231300
-1.148300
-5.614000
-1.148300
-3.062200
-1.148300
9.059000
10.973000
9.059000
5.869200
2.679400
0.127590
-0.510370
0.765550
-1.148300
-0.510370
0.127590
-2.424200
-3.062200
-2.424200
0.765550
-1.786300
-3.062200
-4.338100
-4.976100
0.765550
8.421100
10.973000
5.231300
1.403500
-2.424200
-4.976100
-1.148300
-4.338100
-1.148300
8.421100
8.421100
7.145100
7.783100
7.145100
7.783100
5.869200
2.679400
-2.424200
-3.700200
-4.338100
-3.062200
-0.510370
0.127590
12.249000
7.145100
4.593300
0.127590
-1.148300
-0.510370
-0.510370
0.765550
5.231300
-1.148300
-8.803800
-7.527900
-1.786300
-2.424200
-0.510370
2.041500
13.525000
16.077000
5.231300
-3.062200
-4.338100
-3.700200
-0.510370
-1.786300
-8.803800
-11.994000
-4.976100
-6.252000
-9.441800
-6.890000
0.127590
5.869200
5.231300
2.041500
1.403500
6.507200
3.955300
-2.424200
-9.441800
-9.441800
-4.976100
-6.252000
-4.976100
-3.062200
-1.148300
0.127590
0.765550
3.955300
-1.786300
-3.062200
0.127590
2.041500
2.041500
-3.062200
-2.424200
5.231300
0.127590
-6.252000
-3.062200
-4.976100
-3.062200
-0.510370
-2.424200
0.765550
0.765550
3.955300
2.041500
-1.786300
4.593300
17.990000
17.351999
10.973000
3.955300
0.127590
0.127590
-3.700200
-3.062200
3.317400
-1.148300
-6.890000
-10.080000
-8.165900
-0.510370
7.145100
7.783100
10.335000
9.697000
14.163000
16.715000
17.351999
19.903999
16.077000
12.249000
14.801000
8.421100
-4.976100
-14.545000
-19.011000
-20.924999
-12.632000
-10.718000
-14.545000
-15.821000
-14.545000
-11.994000
-1.786300
12.249000
14.801000
12.249000
10.335000
10.973000
6.507200
-3.062200
0.127590
-1.148300
-10.718000
-12.632000
-9.441800
-6.252000
-1.148300
2.679400
3.955300
-4.338100
-6.890000
-1.148300
0.127590
5.869200
17.990000
8.421100
-5.614000
-7.527900
-11.994000
-10.080000
-7.527900
-6.252000
-14.545000
-17.735001
-13.907000
-8.803800
-1.786300
-2.424200
1.403500
4.593300
2.041500
7.783100
6.507200
10.973000
9.697000
3.955300
2.041500
-4.338100
-11.356000
-9.441800
-8.165900
-12.632000
-7.527900
-6.890000
-13.270000
-16.459000
-12.632000
4.593300
7.783100
11.611000
21.180000
17.351999
19.903999
23.094000
12.249000
7.145100
7.145100
9.697000
17.990000
12.249000
7.783100
2.679400
-1.786300
-2.424200
-1.786300
-10.080000
-9.441800
-10.080000
-7.527900
-2.424200
-3.062200
9.059000
12.887000
3.317400
3.317400
2.041500
3.317400
3.955300
2.041500
9.059000
2.679400
0.127590
-6.252000
-8.803800
-2.424200
9.059000
9.059000
8.421100
5.231300
10.973000
16.715000
10.973000
0.127590
-3.062200
-9.441800
-8.803800
-5.614000
-8.165900
-11.356000
-13.270000
-4.338100
5.869200
9.697000
4.593300
0.127590
-1.786300
-5.614000
-6.890000
-1.786300
-4.338100
-11.994000
-13.907000
-8.803800
-5.614000
-3.700200
4.593300
7.145100
3.955300
5.231300
11.611000
15.439000
19.266001
15.439000
10.335000
12.249000
6.507200
-2.424200
-10.080000
-13.907000
-13.907000
-5.614000
-3.062200
-8.803800
-13.907000
-11.356000
0.765550
1.403500
-1.148300
-1.786300
-3.700200
-4.338100
-0.510370
13.525000
9.697000
4.593300
8.421100
6.507200
0.765550
-2.424200
-3.700200
-3.700200
-11.994000
-17.735001
-16.459000
-13.907000
-9.441800
-4.338100
-0.510370
0.765550
6.507200
14.163000
16.715000
10.973000
7.783100
19.903999
16.715000
14.163000
12.887000
9.697000
9.697000
7.145100
-1.786300
-6.252000
-2.424200
-0.510370
5.869200
7.783100
5.869200
3.317400
4.593300
-0.510370
-13.270000
-13.907000
-11.994000
-20.924999
-18.372999
-10.718000
-1.148300
5.869200
7.783100
4.593300
1.403500
-3.062200
0.765550
2.679400
0.765550
-3.062200
-4.338100
-6.890000
-10.080000
-5.614000
-7.527900
-3.700200
-6.252000
-9.441800
-4.976100
1.403500
8.421100
11.611000
17.351999
19.266001
10.335000
6.507200
5.231300
2.679400
0.765550
-3.062200
-7.527900
-4.976100
-5.614000
-6.252000
3.955300
6.507200
7.145100
7.783100
2.041500
-1.786300
2.041500
5.231300
-8.803800
-15.821000
-17.097000
-16.459000
-9.441800
0.765550
2.679400
-4.976100
-9.441800
-5.614000
3.317400
8.421100
3.317400
-4.338100
-4.338100
2.041500
6.507200
7.145100
-2.424200
-11.356000
-19.649000
-19.649000
-15.821000
-15.183000
-8.803800
-10.080000
-5.614000
0.765550
6.507200
10.973000
19.266001
28.198000
25.007999
14.801000
10.335000
10.335000
10.973000
9.697000
2.041500
8.421100
-1.148300
-13.907000
-8.803800
-4.976100
-1.786300
2.041500
2.041500
-2.424200
3.317400
9.697000
12.249000
9.059000
7.783100
-4.976100
0.127590
10.973000
9.059000
5.231300
-2.424200
-3.700200
-3.062200
0.765550
1.403500
0.127590
2.041500
10.973000
9.059000
10.973000
11.611000
12.887000
12.249000
6.507200
0.127590
-0.510370
-4.338100
-15.821000
-15.821000
-10.080000
-10.718000
-9.441800
-4.976100
-8.165900
-11.994000
-4.338100
-1.148300
3.317400
5.231300
4.593300
2.041500
7.783100
7.783100
5.869200
8.421100
-3.700200
-13.907000
-11.994000
-15.821000
-13.907000
-11.994000
-7.527900
-10.718000
-14.545000
-11.994000
-10.718000
-8.165900
-4.976100
0.127590
3.317400
11.611000
13.525000
11.611000
7.783100
14.801000
17.990000
9.697000
1.403500
-3.700200
-3.700200
3.955300
4.593300
2.679400
-4.976100
-8.165900
-1.786300
7.145100
12.249000
6.507200
-1.786300
-1.786300
0.127590
-0.510370
2.041500
0.765550
-2.424200
-6.890000
-3.062200
-3.062200
-3.062200
0.127590
0.765550
-5.614000
-2.424200
-3.062200
-1.786300
6.507200
4.593300
-0.510370
-3.700200
-5.614000
-2.424200
-2.424200
-6.890000
-1.148300
-1.148300
-4.976100
-5.614000
-1.148300
7.145100
7.145100
7.783100
3.955300
-2.424200
0.765550
2.041500
7.145100
12.249000
0.127590
-13.270000
-11.994000
-11.994000
-13.907000
-11.356000
-6.890000
4.593300
7.783100
7.783100
10.973000
5.231300
2.041500
-0.510370
1.403500
-6.890000
-10.080000
-6.252000
-5.614000
-6.890000
0.127590
-4.338100
-13.907000
-11.356000
-11.356000
-11.994000
-4.338100
2.679400
6.507200
8.421100
7.783100
8.421100
17.990000
10.335000
5.231300
5.869200
-3.700200
-7.527900
-8.803800
-12.632000
-12.632000
-10.718000
-12.632000
-10.718000
-10.080000
-8.803800
0.765550
-0.510370
-3.062200
7.145100
9.697000
4.593300
2.679400
7.145100
15.439000
5.231300
-4.976100
-0.510370
-3.062200
-10.080000
-6.252000
-10.718000
-13.270000
-8.803800
-4.338100
-4.338100
-2.424200
11.611000
17.990000
14.163000
11.611000
10.335000
11.611000
13.525000
9.059000
2.679400
-6.890000
-17.735001
-19.011000
-17.735001
-15.821000
-6.252000
-10.080000
-15.821000
-11.994000
-1.148300
-1.786300
3.317400
9.059000
14.163000
20.542000
23.094000
25.646000
21.818001
19.266001
12.887000
-4.338100
-14.545000
-10.080000
-10.080000
-6.252000
-11.356000
-12.632000
-4.338100
2.679400
5.869200
7.783100
9.059000
5.869200
-0.510370
1.403500
7.783100
8.421100
9.697000
0.765550
-3.062200
-4.338100
-9.441800
-5.614000
-0.510370
0.765550
-8.803800
-11.994000
-6.252000
-0.510370
1.403500
-3.700200
-0.510370
5.231300
0.127590
-4.338100
-0.510370
5.231300
5.231300
7.145100
7.145100
3.317400
2.041500
3.955300
7.145100
4.593300
-4.976100
-4.976100
-6.252000
-5.614000
-3.062200
-5.614000
0.127590
8.421100
12.249000
12.249000
7.783100
4.593300
6.507200
4.593300
7.145100
6.507200
-7.527900
-20.287001
-19.649000
-11.994000
-6.890000
-4.338100
-2.424200
-9.441800
-3.062200
13.525000
22.455999
27.559999
24.370001
27.559999
28.836000
23.094000
14.801000
3.955300
-12.632000
-19.011000
-19.649000
-20.287001
-19.649000
-17.735001
-14.545000
-8.803800
-3.700200
-1.786300
4.593300
4.593300
12.887000
17.351999
19.266001
20.542000
16.077000
21.180000
14.163000
7.783100
6.507200
-1.786300
-12.632000
-17.097000
-18.372999
-13.907000
0.765550
1.403500
-1.148300
0.127590
3.955300
7.783100
14.801000
18.628000
16.715000
16.715000
10.973000
7.783100
8.421100
-1.148300
-5.614000
-11.994000
-11.994000
-14.545000
-13.907000
-10.080000
1.403500
7.783100
1.403500
-7.527900
-3.062200
2.679400
2.041500
2.679400
2.041500
3.317400
-5.614000
-11.994000
-11.994000
-3.700200
-5.614000
-8.165900
-17.735001
-26.028999
-15.183000
-1.786300
0.765550
-1.786300
-6.890000
-3.700200
7.145100
12.887000
9.059000
5.231300
3.955300
10.973000
11.611000
3.955300
-0.510370
-3.062200
-5.614000
-1.148300
2.679400
5.231300
9.697000
2.041500
1.403500
2.679400
-2.424200
0.127590
5.231300
9.059000
8.421100
4.593300
5.231300
4.593300
5.869200
1.403500
3.955300
3.317400
-4.976100
-5.614000
-3.700200
-2.424200
1.403500
0.765550
-0.510370
-4.338100
-5.614000
2.679400
3.955300
6.507200
7.783100
4.593300
6.507200
1.403500
-2.424200
0.765550
5.869200
7.145100
3.317400
3.317400
-1.148300
-6.252000
-11.356000
-11.994000
-3.700200
0.127590
5.231300
4.593300
0.765550
3.317400
4.593300
5.869200
6.507200
3.317400
0.127590
-6.890000
-3.700200
7.145100
7.145100
-1.148300
0.127590
-4.338100
-9.441800
-11.356000
-13.270000
-8.803800
-9.441800
-6.890000
-9.441800
-8.165900
-3.700200
-3.700200
0.765550
3.317400
10.335000
7.145100
0.765550
-4.338100
-6.890000
-1.148300
-0.510370
-2.424200
-5.614000
