-0.260160
0.390240
6.894300
8.195100
4.292700
1.040700
-0.260160
-3.512200
-8.715400
-6.113800
1.691100
-3.512200
-4.162600
0.390240
1.040700
1.691100
-0.260160
-0.260160
1.691100
8.845500
5.593500
2.991900
2.991900
1.691100
1.691100
4.943100
4.292700
-3.512200
-6.764200
-4.813000
-6.113800
-0.910570
5.593500
8.845500
8.195100
-0.910570
-8.065000
4.943100
4.292700
-3.512200
3.642300
-2.861800
-8.065000
-4.162600
-5.463400
-6.764200
4.292700
1.040700
-1.561000
5.593500
5.593500
2.341500
4.292700
8.845500
4.292700
-0.910570
-2.211400
0.390240
-2.861800
-4.813000
-4.162600
1.040700
2.341500
2.341500
0.390240
2.991900
4.943100
12.748000
6.894300
0.390240
-5.463400
-8.715400
-6.113800
-3.512200
-10.016000
-8.715400
-9.365900
-9.365900
-6.113800
-0.260160
-2.211400
-1.561000
-6.764200
-4.162600
-5.463400
-5.463400
-0.910570
2.991900
4.943100
5.593500
10.797000
7.544700
5.593500
8.195100
4.292700
8.195100
1.691100
-13.919000
-13.919000
-6.113800
1.040700
-3.512200
-3.512200
10.146000
8.845500
7.544700
4.943100
4.292700
3.642300
6.243900
10.146000
10.146000
6.894300
8.845500
1.691100
-1.561000
-0.910570
2.991900
4.292700
6.894300
-1.561000
-1.561000
3.642300
4.943100
6.894300
4.292700
6.894300
12.748000
6.243900
0.390240
2.341500
-0.910570
-0.260160
2.991900
0.390240
-0.260160
-0.260160
-1.561000
-1.561000
-1.561000
-0.260160
-2.211400
-4.162600
-2.861800
-6.113800
-6.113800
-2.861800
-0.260160
1.691100
4.292700
-0.910570
-6.113800
-5.463400
-0.910570
5.593500
3.642300
-0.260160
-6.764200
-11.317000
-6.113800
-7.414600
-2.211400
6.894300
1.691100
1.040700
3.642300
0.390240
1.691100
6.894300
5.593500
-0.910570
-1.561000
1.040700
4.943100
6.894300
2.341500
5.593500
-2.861800
-6.113800
-11.967000
-12.618000
-9.365900
-11.967000
-15.220000
-13.919000
-15.870000
-17.820999
-11.317000
-4.162600
-4.813000
-2.211400
2.991900
16.650000
17.951000
6.243900
1.691100
4.943100
9.495900
10.146000
4.943100
-2.861800
-6.764200
-2.211400
-8.065000
-12.618000
-8.715400
-2.211400
1.040700
1.040700
1.040700
2.991900
8.845500
6.243900
2.991900
1.040700
1.040700
0.390240
-7.414600
-8.715400
-0.910570
2.991900
-1.561000
-5.463400
-2.211400
-0.260160
4.292700
8.195100
9.495900
5.593500
-0.260160
-0.260160
4.292700
-0.260160
-0.910570
6.243900
3.642300
4.943100
6.894300
6.894300
12.748000
12.748000
15.350000
11.447000
3.642300
4.943100
14.049000
12.748000
11.447000
2.991900
-5.463400
-4.813000
-2.861800
3.642300
6.894300
-2.861800
-9.365900
-7.414600
-2.861800
-1.561000
-0.910570
-1.561000
2.991900
2.991900
4.943100
4.292700
4.943100
12.098000
15.350000
16.000000
18.601999
12.748000
2.341500
-0.260160
2.991900
4.292700
9.495900
1.040700
-11.967000
-15.870000
-10.016000
-5.463400
-4.162600
-0.260160
-1.561000
-1.561000
-1.561000
1.040700
-0.910570
-8.715400
-2.861800
-2.211400
-10.667000
-13.268000
-13.268000
-10.016000
-3.512200
2.341500
5.593500
-2.211400
-7.414600
-5.463400
-5.463400
-4.162600
8.195100
1.691100
-11.967000
-11.967000
-13.919000
-11.967000
-7.414600
-5.463400
-12.618000
-13.268000
-8.065000
-4.162600
-0.910570
0.390240
6.243900
7.544700
5.593500
6.894300
2.991900
8.845500
6.894300
1.691100
-3.512200
-11.317000
-17.820999
-16.520000
-12.618000
-15.220000
-9.365900
-10.667000
-12.618000
-10.016000
-9.365900
2.991900
6.243900
11.447000
23.153999
21.202999
20.552999
23.153999
12.748000
8.195100
4.292700
-0.260160
4.943100
3.642300
2.991900
0.390240
-3.512200
-3.512200
-2.211400
-10.016000
-12.618000
-16.520000
-17.171000
-11.967000
-7.414600
8.195100
12.748000
9.495900
14.049000
13.398000
12.098000
8.195100
4.292700
9.495900
-2.861800
-10.667000
-16.520000
-16.520000
-9.365900
-0.260160
3.642300
10.797000
12.748000
18.601999
25.756001
21.854000
15.350000
17.951000
10.146000
3.642300
-2.861800
-11.317000
-12.618000
-14.569000
-8.065000
0.390240
4.292700
0.390240
-2.861800
0.390240
2.341500
1.040700
6.894300
1.691100
-10.016000
-11.317000
-4.162600
-1.561000
1.040700
4.943100
2.341500
-7.414600
-11.317000
-6.113800
3.642300
14.699000
14.699000
12.098000
17.301001
17.951000
14.049000
4.943100
-2.211400
-4.813000
-2.861800
-6.764200
-16.520000
-23.024000
-22.374001
-13.919000
-19.122000
-24.976000
-22.374001
-16.520000
1.040700
19.902000
35.512001
28.358000
14.699000
10.797000
8.845500
6.243900
8.845500
8.195100
2.991900
-10.667000
-18.472000
-14.569000
-13.919000
-12.618000
-10.016000
-7.414600
-5.463400
-4.162600
-0.260160
1.040700
-4.813000
-3.512200
7.544700
0.390240
-2.861800
0.390240
1.691100
6.894300
8.195100
1.040700
-2.211400
4.292700
8.845500
13.398000
14.699000
10.146000
3.642300
5.593500
3.642300
-4.813000
-0.260160
2.341500
-4.162600
-3.512200
-0.910570
6.894300
8.195100
8.195100
9.495900
7.544700
4.292700
4.943100
2.991900
0.390240
-2.211400
0.390240
-1.561000
-5.463400
-2.211400
-6.764200
-4.162600
-5.463400
-6.764200
-0.910570
-0.260160
2.991900
4.943100
10.797000
10.797000
2.341500
1.040700
1.691100
1.040700
-2.861800
-10.016000
-11.967000
-9.365900
-6.764200
-9.365900
-7.414600
-8.065000
-7.414600
-4.162600
-6.113800
-1.561000
8.195100
14.049000
2.991900
-3.512200
-4.162600
-4.813000
-4.813000
-2.861800
-2.861800
-7.414600
-6.764200
-1.561000
1.040700
-3.512200
-12.618000
-13.919000
-2.861800
11.447000
17.301001
15.350000
2.341500
-4.813000
-6.764200
-9.365900
-11.967000
-13.268000
-8.715400
-10.016000
-4.813000
2.341500
3.642300
1.691100
6.894300
16.650000
17.951000
10.797000
8.195100
10.146000
10.146000
9.495900
4.943100
13.398000
4.943100
-9.365900
-7.414600
-5.463400
-0.910570
3.642300
1.040700
-6.113800
-4.813000
-2.861800
-3.512200
-2.861800
2.341500
-5.463400
-2.211400
4.943100
-0.260160
-6.113800
-9.365900
-6.113800
-6.764200
-7.414600
-6.764200
-6.764200
-4.813000
-0.260160
-4.162600
2.991900
7.544700
8.845500
4.943100
-0.260160
-2.861800
-0.910570
6.894300
2.991900
-0.910570
2.341500
2.341500
7.544700
12.098000
6.894300
3.642300
12.098000
17.301001
21.202999
16.650000
7.544700
0.390240
2.341500
0.390240
-0.260160
2.341500
-8.715400
-17.820999
-14.569000
-14.569000
-9.365900
-6.113800
1.040700
-1.561000
-4.813000
-2.861800
-2.211400
-0.260160
4.292700
8.845500
8.845500
12.098000
10.146000
8.195100
8.195100
13.398000
14.699000
5.593500
-2.211400
-4.813000
-4.813000
1.040700
-0.910570
-2.861800
-3.512200
-0.910570
-0.260160
-1.561000
0.390240
0.390240
1.040700
6.894300
8.195100
4.943100
6.243900
3.642300
-0.260160
-3.512200
-0.260160
-0.910570
-2.211400
-0.260160
0.390240
-6.113800
-2.211400
-0.260160
3.642300
10.146000
6.243900
2.991900
1.040700
-0.910570
-0.260160
-2.211400
-6.764200
-1.561000
-2.861800
-7.414600
-4.813000
2.991900
10.146000
6.243900
3.642300
-1.561000
-5.463400
2.991900
7.544700
9.495900
9.495900
-4.162600
-13.268000
-6.764200
-6.764200
-7.414600
-6.113800
-8.715400
-2.861800
1.040700
2.341500
1.040700
-4.162600
-0.260160
4.292700
9.495900
-0.260160
-0.910570
4.292700
3.642300
0.390240
6.243900
1.691100
-4.162600
-0.260160
2.341500
3.642300
8.195100
6.243900
6.894300
10.797000
7.544700
2.991900
8.195100
-0.260160
-6.764200
-6.113800
-10.016000
-8.065000
-2.861800
-2.861800
1.691100
4.292700
4.943100
5.593500
1.691100
1.040700
12.748000
10.146000
2.341500
4.292700
2.341500
-5.463400
-9.365900
-6.764200
4.292700
-0.910570
-7.414600
2.341500
3.642300
-2.861800
3.642300
4.292700
5.593500
6.894300
5.593500
1.040700
-1.561000
7.544700
7.544700
-0.260160
-2.861800
-6.113800
-7.414600
-2.861800
-1.561000
-1.561000
-2.861800
-6.764200
-5.463400
-2.211400
2.341500
9.495900
1.040700
-6.764200
-2.211400
10.146000
9.495900
7.544700
5.593500
4.292700
6.243900
5.593500
5.593500
2.991900
5.593500
7.544700
-2.861800
-6.113800
6.243900
6.894300
5.593500
-1.561000
-3.512200
2.991900
0.390240
-4.162600
-3.512200
1.691100
4.292700
1.691100
1.040700
2.341500
2.341500
4.943100
1.040700
7.544700
10.797000
1.691100
-7.414600
-8.715400
-3.512200
-6.764200
-7.414600
-2.861800
0.390240
-0.260160
-3.512200
1.691100
3.642300
-4.813000
-4.813000
1.691100
4.943100
1.691100
-1.561000
1.691100
4.292700
3.642300
2.991900
5.593500
2.991900
-5.463400
-5.463400
-4.162600
-4.813000
-3.512200
-5.463400
-3.512200
-0.910570
1.040700
4.292700
2.341500
1.691100
4.943100
4.292700
6.243900
3.642300
-7.414600
-14.569000
-10.667000
-9.365900
-13.919000
-17.820999
-16.520000
-19.771999
-11.967000
2.341500
8.195100
10.146000
4.943100
7.544700
6.894300
1.691100
-1.561000
-2.211400
-6.113800
-4.162600
-2.861800
-8.715400
-17.820999
-18.472000
-13.919000
-7.414600
-4.813000
-7.414600
-6.764200
-11.967000
-8.715400
-8.715400
-8.065000
-4.813000
-4.162600
7.544700
6.243900
4.943100
8.195100
5.593500
2.341500
2.341500
-0.910570
-4.162600
4.292700
1.040700
-5.463400
-8.065000
-2.861800
5.593500
15.350000
12.748000
4.292700
6.243900
7.544700
12.098000
14.699000
4.292700
-0.910570
-4.813000
-3.512200
-7.414600
-8.715400
-8.065000
-0.260160
4.943100
0.390240
-10.667000
-11.317000
-8.715400
-8.065000
-5.463400
-6.113800
-6.764200
-11.317000
-10.667000
-4.813000
4.292700
2.991900
4.292700
-1.561000
-8.065000
0.390240
6.894300
1.040700
-7.414600
-13.919000
-10.016000
-2.861800
-4.162600
-6.764200
-4.813000
-5.463400
-0.260160
2.341500
-1.561000
-1.561000
4.943100
5.593500
6.894300
6.243900
6.894300
12.748000
9.495900
10.797000
10.146000
0.390240
-1.561000
-2.861800
0.390240
2.991900
1.691100
2.341500
1.691100
2.991900
4.292700
10.797000
10.146000
0.390240
-6.113800
-7.414600
-5.463400
1.040700
2.341500
3.642300
4.292700
2.991900
10.146000
9.495900
6.894300
5.593500
1.691100
1.040700
-3.512200
-3.512200
-0.260160
5.593500
7.544700
5.593500
8.845500
8.845500
4.943100
2.341500
2.991900
8.195100
2.341500
-4.162600
-7.414600
-6.764200
-6.764200
-8.065000
-11.967000
-13.919000
-8.715400
-3.512200
-9.365900
-8.065000
2.991900
4.943100
-0.260160
5.593500
1.691100
-4.162600
-7.414600
-9.365900
-3.512200
0.390240
6.243900
4.292700
1.691100
4.943100
0.390240
0.390240
3.642300
8.845500
2.341500
-4.162600
-5.463400
-7.414600
-3.512200
1.040700
2.991900
1.040700
