-1.359200
-0.064720
3.818800
5.113300
0.582520
-3.301000
-0.711970
-2.006500
-7.184500
-3.948200
2.524300
-2.653700
-3.948200
-2.006500
-3.948200
-3.301000
-5.242700
-3.301000
1.229800
7.702300
3.818800
3.171500
5.760500
3.818800
2.524300
5.113300
3.171500
-2.006500
-2.653700
-1.359200
-5.242700
-4.595500
-0.711970
3.171500
5.113300
-2.006500
-10.421000
1.229800
2.524300
-2.006500
6.407800
1.877000
-3.301000
-1.359200
-0.711970
1.229800
10.939000
4.466000
-1.359200
4.466000
5.113300
0.582520
-0.711970
3.171500
0.582520
-0.711970
-1.359200
3.818800
1.229800
-4.595500
-0.711970
7.702300
7.055000
7.702300
4.466000
7.055000
8.349500
14.822000
13.528000
7.055000
1.229800
0.582520
2.524300
7.702300
1.229800
3.171500
3.171500
1.229800
5.113300
10.291000
5.113300
6.407800
3.818800
6.407800
4.466000
5.760500
8.996800
11.586000
11.586000
12.880000
16.117001
8.349500
5.760500
9.644000
7.702300
13.528000
7.702300
-6.537200
-5.242700
5.113300
8.996800
3.818800
5.113300
18.058001
12.880000
8.996800
5.113300
5.113300
2.524300
1.877000
4.466000
5.760500
3.818800
5.113300
-2.006500
-3.948200
-3.948200
1.229800
4.466000
9.644000
-2.006500
-4.595500
0.582520
-0.711970
1.229800
-0.711970
1.229800
6.407800
0.582520
-6.537200
-5.242700
-7.831700
-5.890000
-2.006500
-3.948200
-4.595500
-7.184500
-11.715000
-11.068000
-9.126200
-7.184500
-10.421000
-14.304000
-10.421000
-11.068000
-13.010000
-12.362000
-11.068000
-7.184500
-3.301000
-8.479000
-13.657000
-14.951000
-10.421000
-3.301000
-7.184500
-11.715000
-16.246000
-18.188000
-12.362000
-15.599000
-12.362000
-3.301000
-9.126200
-9.773500
-6.537200
-9.126200
-7.831700
-2.653700
-2.006500
-6.537200
-5.242700
-2.006500
1.229800
1.229800
-2.653700
3.171500
-3.301000
-3.948200
-9.773500
-14.304000
-13.657000
-11.715000
-10.421000
-8.479000
-10.421000
-11.715000
-4.595500
0.582520
-3.948200
-4.595500
-0.064720
10.291000
8.349500
0.582520
-2.006500
3.818800
8.996800
9.644000
8.349500
3.171500
1.877000
8.349500
-0.711970
-4.595500
1.229800
6.407800
9.644000
6.407800
5.113300
9.644000
16.764000
12.233000
7.702300
3.818800
6.407800
4.466000
-3.301000
-2.653700
7.055000
11.586000
4.466000
1.229800
7.055000
7.055000
8.996800
14.822000
18.058001
10.939000
5.760500
10.291000
15.469000
8.996800
6.407800
14.822000
13.528000
8.349500
7.055000
10.291000
15.469000
14.175000
13.528000
9.644000
4.466000
-0.064720
1.229800
-0.064720
4.466000
-0.064720
-2.006500
3.818800
4.466000
10.939000
14.175000
7.702300
0.582520
-0.064720
4.466000
3.818800
-0.064720
-3.301000
1.229800
3.171500
1.877000
-3.301000
-5.242700
-0.711970
0.582520
0.582520
7.055000
4.466000
-4.595500
-4.595500
1.229800
3.818800
10.939000
5.113300
-4.595500
-9.126200
-5.890000
-4.595500
-7.184500
-3.301000
-4.595500
-7.184500
-5.890000
-2.653700
-4.595500
-9.126200
-2.006500
-2.653700
-12.362000
-13.010000
-11.715000
-11.715000
-7.831700
-3.948200
1.877000
-7.184500
-12.362000
-9.126200
-9.773500
-6.537200
5.113300
-2.006500
-13.657000
-9.126200
-9.126200
-7.831700
-3.301000
0.582520
-6.537200
-5.890000
-2.653700
-0.064720
2.524300
3.171500
8.349500
7.055000
-0.064720
-2.006500
-7.184500
-2.653700
-8.479000
-10.421000
-9.773500
-9.773500
-9.773500
-5.242700
-3.301000
-3.301000
4.466000
3.818800
0.582520
1.229800
-2.653700
6.407800
6.407800
7.702300
16.764000
10.939000
7.055000
7.702300
-5.890000
-8.479000
-9.773500
-14.304000
-10.421000
-11.715000
-10.421000
-10.421000
-9.126200
-5.242700
1.229800
-1.359200
-2.006500
-6.537200
-5.890000
-0.711970
0.582520
8.996800
7.055000
-0.064720
1.229800
-1.359200
-3.301000
-7.184500
-6.537200
2.524300
-8.479000
-13.010000
-13.010000
-12.362000
-9.126200
-4.595500
-0.064720
8.996800
8.349500
10.939000
16.764000
14.175000
12.233000
20.646999
13.528000
7.055000
2.524300
-1.359200
1.877000
-2.006500
0.582520
7.055000
8.349500
3.818800
2.524300
7.702300
12.233000
10.291000
16.117001
10.291000
-0.711970
-0.064720
2.524300
0.582520
0.582520
5.113300
4.466000
-5.890000
-10.421000
-5.890000
-2.006500
3.818800
1.229800
1.877000
11.586000
15.469000
14.175000
5.760500
1.229800
1.877000
5.760500
3.171500
-4.595500
-5.890000
-5.242700
3.171500
-3.301000
-13.657000
-13.657000
-10.421000
-0.711970
10.939000
24.531000
17.410999
3.171500
2.524300
4.466000
4.466000
10.939000
11.586000
6.407800
-6.537200
-11.715000
-8.479000
-10.421000
-11.715000
-8.479000
-7.184500
-7.184500
-10.421000
-9.773500
-7.831700
-11.068000
-8.479000
1.877000
-5.242700
-5.242700
-4.595500
-3.948200
2.524300
1.229800
-8.479000
-11.715000
-0.711970
3.171500
7.702300
10.939000
5.760500
0.582520
8.349500
6.407800
1.229800
7.055000
11.586000
2.524300
1.229800
1.229800
5.113300
6.407800
7.702300
11.586000
8.996800
2.524300
5.760500
7.055000
8.349500
5.113300
7.055000
5.113300
1.877000
8.349500
0.582520
3.171500
0.582520
-3.301000
-0.064720
-2.653700
0.582520
3.818800
9.644000
7.702300
-1.359200
-3.948200
-1.359200
0.582520
-0.064720
-5.242700
-6.537200
-3.301000
-2.653700
-5.890000
-4.595500
-8.479000
-8.479000
-5.890000
-7.184500
-2.006500
5.760500
7.055000
-4.595500
-7.184500
-0.711970
-2.006500
-3.301000
-0.064720
-2.006500
-5.890000
-4.595500
1.877000
5.760500
-0.711970
-10.421000
-10.421000
-1.359200
10.291000
14.175000
9.644000
-3.301000
-9.773500
-11.715000
-11.715000
-14.304000
-13.657000
-7.831700
-11.068000
-7.184500
1.229800
0.582520
-2.653700
0.582520
8.996800
10.291000
1.877000
1.229800
2.524300
1.229800
1.877000
-1.359200
7.702300
-0.711970
-12.362000
-10.421000
-6.537200
-1.359200
1.877000
0.582520
-5.242700
-2.653700
-2.006500
-2.653700
1.877000
7.055000
-3.948200
-2.653700
1.229800
-4.595500
-7.184500
-9.126200
-5.890000
-7.184500
-9.126200
-9.126200
-8.479000
-3.301000
3.171500
-2.006500
3.171500
7.055000
9.644000
6.407800
3.818800
3.171500
2.524300
14.175000
9.644000
3.171500
7.055000
8.349500
14.822000
19.353001
11.586000
5.760500
10.291000
12.880000
18.058001
14.822000
5.113300
-3.301000
-0.711970
-2.006500
-1.359200
3.818800
-2.653700
-7.184500
-2.006500
-3.301000
1.229800
5.113300
12.880000
9.644000
6.407800
7.055000
6.407800
8.996800
12.880000
12.880000
7.055000
7.702300
5.113300
3.818800
3.171500
10.291000
13.528000
5.113300
-1.359200
-2.653700
-2.006500
5.113300
4.466000
3.818800
3.818800
3.171500
1.877000
1.229800
5.113300
4.466000
1.229800
2.524300
3.818800
0.582520
2.524300
-0.711970
-6.537200
-7.184500
-2.653700
-2.653700
-0.711970
3.818800
3.818800
-3.301000
1.229800
2.524300
7.702300
13.528000
7.702300
3.818800
1.229800
2.524300
7.055000
5.113300
-0.064720
6.407800
5.113300
-3.301000
-5.890000
-0.064720
4.466000
2.524300
3.171500
-0.711970
-6.537200
-2.006500
3.818800
8.349500
10.939000
-0.064720
-7.184500
-2.006500
-3.948200
-5.890000
-3.301000
-3.301000
-0.064720
1.877000
-0.064720
-0.064720
-2.006500
2.524300
5.113300
9.644000
0.582520
3.171500
11.586000
12.233000
8.349500
14.822000
8.996800
3.818800
7.702300
5.113300
3.171500
6.407800
1.229800
3.171500
8.349500
5.113300
0.582520
8.349500
4.466000
1.877000
4.466000
-0.711970
1.229800
7.702300
7.702300
11.586000
10.939000
9.644000
9.644000
10.291000
12.880000
18.058001
16.117001
5.760500
4.466000
6.407800
2.524300
1.877000
3.818800
9.644000
3.171500
-3.301000
6.407800
6.407800
-0.064720
8.349500
8.349500
12.233000
10.939000
7.055000
4.466000
1.877000
11.586000
10.939000
0.582520
-0.064720
-3.301000
-4.595500
0.582520
4.466000
8.349500
8.996800
5.760500
8.349500
11.586000
12.880000
18.705999
6.407800
-1.359200
2.524300
11.586000
10.291000
8.996800
4.466000
-2.006500
-2.006500
-2.653700
0.582520
1.877000
5.113300
7.702300
1.229800
-0.064720
13.528000
14.175000
11.586000
3.171500
2.524300
8.349500
3.171500
-0.711970
1.229800
8.349500
8.349500
6.407800
5.113300
3.818800
5.113300
8.996800
5.760500
11.586000
11.586000
1.877000
-5.242700
-3.948200
3.171500
1.229800
-2.006500
-2.653700
0.582520
1.877000
-2.653700
3.818800
3.171500
-7.184500
-8.479000
-3.948200
0.582520
-2.006500
-3.948200
-0.064720
0.582520
-2.653700
-0.711970
1.877000
-0.711970
-7.184500
-8.479000
-11.068000
-13.010000
-11.715000
-11.715000
-11.068000
-13.010000
-13.010000
-9.773500
-11.068000
-13.657000
-13.010000
-13.010000
-6.537200
-3.948200
-13.010000
-16.246000
-11.068000
-9.126200
-14.304000
-20.129000
-14.951000
-16.246000
-12.362000
-7.831700
-8.479000
-8.479000
-13.657000
-8.479000
-9.773500
-15.599000
-17.540001
-12.362000
-10.421000
-6.537200
-3.301000
-10.421000
-16.246000
-20.777000
-16.246000
-11.715000
-11.715000
-14.951000
-17.540001
-23.365999
-16.893000
-17.540001
-20.129000
-18.188000
-17.540001
-6.537200
-9.126200
-8.479000
-5.890000
-7.184500
-7.184500
-5.242700
-5.242700
-6.537200
4.466000
-2.653700
-10.421000
-11.068000
-6.537200
-0.711970
5.760500
-1.359200
-11.715000
-7.831700
-2.653700
2.524300
3.818800
-3.948200
-1.359200
-2.006500
0.582520
-2.006500
-3.948200
-5.242700
3.171500
7.702300
0.582520
-9.126200
-7.184500
-3.301000
-6.537200
-4.595500
-2.006500
-1.359200
-4.595500
-5.242700
-0.064720
10.291000
3.818800
3.171500
-1.359200
-5.242700
-0.064720
1.229800
-3.948200
-5.890000
-7.831700
-5.890000
-4.595500
-8.479000
-11.715000
-10.421000
-7.831700
-0.064720
0.582520
-5.242700
-2.653700
7.055000
8.349500
5.760500
5.760500
7.702300
14.822000
9.644000
9.644000
10.291000
3.818800
5.113300
1.877000
2.524300
4.466000
3.171500
3.818800
4.466000
3.818800
5.113300
13.528000
13.528000
9.644000
1.229800
-3.301000
-1.359200
5.760500
7.702300
7.055000
4.466000
4.466000
12.233000
8.349500
7.702300
5.760500
2.524300
4.466000
-1.359200
-5.890000
-3.301000
3.818800
2.524300
-2.006500
4.466000
5.760500
1.229800
-0.711970
-0.064720
7.055000
1.877000
-2.653700
-5.890000
-4.595500
-5.242700
-9.126200
-11.715000
-15.599000
-10.421000
-5.890000
-11.715000
-11.068000
-2.653700
-3.948200
-5.890000
0.582520
-4.595500
-4.595500
-3.948200
-5.242700
-0.711970
-0.711970
5.113300
5.113300
3.171500
8.349500
3.171500
1.877000
4.466000
7.055000
-0.064720
-9.773500
-9.126200
-7.184500
-5.242700
-3.948200
0.582520
1.229800
