1.206300
-7.682500
-6.412700
-4.507900
-4.507900
-8.952400
-14.032000
-13.397000
-11.492000
-7.047600
1.206300
-3.873000
-5.142900
1.841300
3.111100
1.841300
1.841300
5.015900
5.650800
6.285700
-2.603200
-5.777800
-7.047600
-10.222000
-9.587300
-3.873000
-1.968300
-3.238100
-0.698410
3.111100
-0.698410
1.841300
6.920600
10.730000
12.000000
6.285700
-1.968300
3.111100
-0.698410
-3.873000
10.730000
8.825400
5.650800
9.460300
9.460300
8.190500
17.079000
9.460300
-0.063490
2.476200
-1.333300
-6.412700
-6.412700
-0.063490
1.206300
0.571430
0.571430
2.476200
-3.238100
-7.047600
-6.412700
0.571430
3.746000
3.746000
1.206300
1.206300
-0.063490
4.381000
-1.333300
-5.777800
-9.587300
-11.492000
-11.492000
-8.952400
-8.317500
-1.333300
-2.603200
-2.603200
-0.063490
8.190500
6.285700
3.111100
-0.063490
-0.063490
-6.412700
-10.222000
-12.127000
-7.682500
-5.777800
-8.952400
-3.238100
-2.603200
-0.063490
5.650800
3.746000
8.190500
6.285700
-2.603200
-0.063490
-0.063490
2.476200
-1.333300
-2.603200
5.650800
-2.603200
-5.142900
-5.142900
-3.873000
-2.603200
0.571430
4.381000
6.920600
5.650800
7.555600
1.841300
-1.968300
-0.698410
0.571430
-1.333300
1.841300
-0.698410
4.381000
4.381000
0.571430
3.111100
-2.603200
-3.873000
-1.968300
-7.047600
-3.873000
5.650800
4.381000
6.920600
15.810000
13.270000
6.920600
1.206300
-5.777800
-10.857000
-10.857000
-9.587300
-8.952400
-3.873000
1.206300
3.111100
3.111100
-2.603200
-3.238100
-2.603200
2.476200
3.111100
2.476200
3.746000
5.650800
8.825400
3.746000
-1.968300
-7.047600
-5.777800
-0.698410
-4.507900
-0.698410
12.000000
15.175000
15.175000
13.270000
9.460300
9.460300
6.920600
-1.333300
-8.952400
-12.762000
-14.667000
-13.397000
-12.762000
-14.667000
-5.142900
-3.873000
4.381000
6.285700
6.920600
9.460300
9.460300
6.285700
8.190500
1.841300
-7.047600
-5.777800
-0.698410
-5.142900
-5.777800
-2.603200
3.111100
-0.698410
-7.682500
-10.857000
-12.762000
-13.397000
-10.857000
-8.952400
-8.952400
-7.682500
2.476200
5.650800
7.555600
13.270000
17.714001
20.889000
15.810000
6.285700
-0.063490
-0.063490
-4.507900
-7.047600
-12.762000
-14.032000
-5.142900
-4.507900
-5.142900
-4.507900
-3.238100
-0.063490
1.206300
1.206300
-5.142900
-3.238100
-0.698410
-3.238100
-5.142900
-11.492000
-12.127000
-3.873000
-5.777800
-14.032000
-9.587300
-10.222000
-7.047600
-0.698410
1.206300
6.285700
6.920600
8.190500
3.746000
1.206300
7.555600
20.254000
15.810000
8.190500
1.841300
-3.873000
-1.333300
-2.603200
1.206300
13.270000
10.730000
5.650800
8.825400
10.730000
13.270000
13.905000
8.190500
4.381000
-3.873000
-0.698410
1.841300
5.015900
15.175000
15.810000
12.635000
15.175000
8.825400
-0.063490
-3.238100
-6.412700
-13.397000
-7.682500
-7.047600
-10.857000
-12.127000
-14.032000
-17.205999
-13.397000
-1.333300
3.746000
2.476200
-0.063490
6.920600
4.381000
-4.507900
2.476200
3.746000
-1.968300
-7.047600
-8.952400
-8.952400
-7.047600
-1.968300
4.381000
1.206300
-4.507900
-4.507900
-1.968300
3.111100
15.810000
11.365000
1.206300
2.476200
-4.507900
-5.777800
-3.873000
-5.142900
-12.762000
-15.302000
-12.762000
-8.952400
-7.682500
-8.317500
-3.238100
-1.968300
5.015900
14.540000
15.175000
22.159000
20.889000
19.618999
20.889000
17.714001
8.190500
3.111100
0.571430
-9.587300
-9.587300
-10.222000
-12.762000
-12.127000
-10.857000
1.206300
-0.698410
-2.603200
3.746000
1.841300
5.650800
12.635000
10.730000
15.810000
18.349001
16.444000
27.238001
24.063000
13.270000
3.746000
-1.333300
-1.333300
0.571430
-7.047600
-5.777800
-5.777800
-10.857000
-14.032000
-18.476000
-8.317500
-5.777800
-16.570999
-12.762000
-6.412700
4.381000
8.190500
6.285700
13.270000
6.920600
5.650800
4.381000
5.015900
4.381000
4.381000
-0.698410
-0.698410
-5.777800
-10.857000
-8.317500
-8.952400
-9.587300
-4.507900
-7.682500
-5.777800
-0.698410
-2.603200
-2.603200
-0.698410
10.095000
20.254000
18.983999
12.635000
8.825400
7.555600
3.111100
-4.507900
-0.698410
-7.682500
-17.841000
-21.650999
-19.746000
-14.667000
-8.317500
-1.968300
-0.698410
-1.333300
5.015900
15.175000
17.714001
23.429001
20.889000
10.095000
5.015900
0.571430
-3.873000
-10.857000
-13.397000
-13.397000
-8.952400
-4.507900
-4.507900
-4.507900
0.571430
8.190500
3.111100
5.015900
9.460300
6.285700
0.571430
-5.777800
-3.873000
-12.762000
-19.746000
-20.381001
-20.381001
-22.285999
-17.841000
-11.492000
-9.587300
-14.667000
-15.937000
-8.317500
-3.238100
-0.698410
3.111100
5.650800
5.650800
8.825400
11.365000
15.175000
10.730000
9.460300
21.524000
16.444000
16.444000
18.349001
17.079000
18.349001
15.810000
6.285700
1.206300
3.111100
3.111100
8.190500
8.190500
6.285700
6.920600
11.365000
10.730000
0.571430
2.476200
3.111100
-7.047600
-10.857000
-12.762000
-7.682500
-2.603200
3.746000
5.015900
3.111100
4.381000
6.920600
5.650800
6.285700
6.285700
4.381000
0.571430
-4.507900
0.571430
-2.603200
1.841300
2.476200
1.841300
4.381000
2.476200
8.190500
12.000000
17.079000
13.905000
-0.063490
-4.507900
-1.333300
-3.238100
-4.507900
-5.777800
-6.412700
-1.333300
3.746000
3.111100
4.381000
3.111100
3.111100
5.650800
-5.142900
-15.937000
-13.397000
-9.587300
-14.667000
-15.302000
-15.302000
-15.302000
-8.317500
-0.063490
0.571430
-3.238100
-5.777800
-1.968300
1.206300
6.920600
5.015900
-0.063490
-0.698410
-0.063490
1.206300
3.746000
-4.507900
-12.762000
-16.570999
-14.667000
-8.952400
-8.952400
-3.238100
-3.238100
-1.968300
-0.063490
3.111100
3.111100
8.190500
14.540000
12.635000
3.746000
1.841300
-0.063490
-1.968300
-0.698410
-3.238100
7.555600
0.571430
-8.317500
-5.777800
-1.968300
5.015900
10.730000
10.730000
6.285700
6.285700
6.920600
5.015900
1.841300
3.111100
-8.317500
-4.507900
5.650800
5.015900
3.746000
1.841300
3.111100
2.476200
6.285700
6.285700
3.111100
1.841300
4.381000
-1.333300
1.841300
1.841300
2.476200
1.841300
-1.333300
-3.238100
0.571430
6.285700
1.206300
-1.333300
1.841300
0.571430
1.206300
1.206300
-8.317500
-15.302000
-9.587300
-5.777800
-2.603200
-1.333300
-3.238100
-5.142900
4.381000
7.555600
8.825400
13.905000
3.111100
-2.603200
1.841300
-1.333300
-2.603200
-5.142900
-2.603200
-7.047600
-10.857000
-8.317500
-8.952400
-8.952400
-7.047600
-0.698410
0.571430
6.920600
10.095000
6.920600
5.650800
13.270000
16.444000
8.190500
2.476200
1.841300
-0.063490
7.555600
9.460300
5.650800
-1.333300
-3.873000
-3.873000
-3.238100
-0.063490
-5.142900
-11.492000
-7.682500
-4.507900
-3.873000
-0.063490
1.841300
3.111100
0.571430
1.206300
-1.968300
-2.603200
3.746000
6.285700
-0.698410
3.111100
0.571430
-2.603200
1.206300
-1.968300
-3.238100
-3.873000
-3.873000
1.206300
3.746000
1.206300
6.920600
5.015900
-0.698410
-0.698410
1.841300
3.111100
-0.698410
-0.063490
-3.873000
-11.492000
-13.397000
-12.762000
-2.603200
10.095000
-0.063490
-14.032000
-11.492000
-10.222000
-8.952400
1.841300
8.190500
10.730000
6.285700
5.015900
7.555600
4.381000
3.746000
4.381000
9.460300
-0.063490
-3.238100
-2.603200
-2.603200
-1.968300
6.920600
3.111100
-5.142900
-3.873000
-1.333300
2.476200
5.650800
2.476200
0.571430
5.015900
2.476200
3.111100
14.540000
10.095000
8.190500
6.285700
-0.698410
0.571430
1.841300
-0.063490
2.476200
3.746000
-0.063490
1.841300
3.111100
5.015900
12.000000
3.746000
-8.317500
-5.777800
-2.603200
-3.238100
-0.698410
5.650800
15.810000
6.920600
-4.507900
-2.603200
-3.238100
-8.317500
-4.507900
-10.222000
-11.492000
-6.412700
-2.603200
-3.238100
-1.333300
12.635000
20.889000
15.810000
10.095000
6.285700
7.555600
9.460300
5.015900
0.571430
-3.873000
-10.222000
-13.397000
-19.111000
-24.190001
-17.205999
-15.302000
-16.570999
-12.762000
-3.238100
-6.412700
-8.317500
-8.317500
-4.507900
3.746000
7.555600
10.730000
5.015900
3.746000
3.111100
-10.857000
-20.381001
-15.937000
-14.032000
-8.952400
-12.127000
-13.397000
-10.222000
-5.777800
-4.507900
-5.142900
-4.507900
-7.047600
-12.127000
-11.492000
-8.317500
-9.587300
-6.412700
-11.492000
-10.857000
-5.777800
-5.142900
-3.873000
-1.968300
-0.698410
-1.333300
-0.063490
3.746000
5.015900
5.650800
0.571430
-0.698410
3.746000
3.111100
5.650800
13.905000
19.618999
18.349001
15.810000
13.270000
5.650800
-0.698410
-1.333300
0.571430
-0.698410
-3.873000
-0.063490
2.476200
6.920600
8.825400
2.476200
5.015900
9.460300
13.270000
11.365000
5.015900
3.746000
3.746000
-0.063490
1.206300
-0.698410
-10.222000
-14.032000
-7.682500
-7.682500
-7.047600
-2.603200
0.571430
-8.317500
-10.857000
-0.698410
5.015900
8.825400
9.460300
17.714001
20.254000
16.444000
8.825400
3.111100
-2.603200
-8.317500
-10.857000
-11.492000
-10.222000
-9.587300
-7.047600
1.841300
8.825400
8.825400
11.365000
8.825400
13.905000
15.175000
16.444000
15.175000
10.730000
15.175000
5.650800
-1.333300
1.206300
-1.968300
-7.682500
-8.952400
-9.587300
-9.587300
-4.507900
-10.222000
-11.492000
-11.492000
-14.032000
-12.127000
-1.333300
1.206300
-3.238100
-1.333300
0.571430
-0.063490
-3.238100
-6.412700
-3.873000
-10.222000
-7.047600
-7.682500
-7.047600
-2.603200
4.381000
5.015900
2.476200
-0.063490
2.476200
1.841300
1.841300
4.381000
4.381000
6.920600
0.571430
-6.412700
-10.857000
-10.222000
-10.222000
-4.507900
-5.142900
-10.222000
-1.968300
8.190500
8.190500
5.650800
4.381000
1.841300
1.206300
2.476200
2.476200
1.841300
-1.968300
3.111100
5.015900
-4.507900
-11.492000
-14.032000
-19.111000
-12.127000
-6.412700
-3.238100
6.920600
6.285700
8.825400
14.540000
7.555600
5.015900
6.920600
10.730000
12.635000
6.285700
3.111100
3.746000
6.285700
5.015900
7.555600
8.190500
4.381000
6.920600
10.095000
9.460300
13.905000
12.000000
8.190500
5.015900
1.841300
6.920600
2.476200
-0.063490
5.650800
10.095000
11.365000
5.650800
4.381000
5.015900
5.650800
6.920600
5.015900
5.015900
-2.603200
-12.762000
-21.016001
-23.556000
-12.127000
-8.952400
-4.507900
-0.698410
2.476200
2.476200
1.206300
1.841300
2.476200
-0.698410
-4.507900
-10.222000
-8.952400
-4.507900
-7.047600
-17.841000
-12.127000
-8.317500
-3.873000
-0.063490
-0.063490
-0.698410
-7.047600
-5.777800
-10.222000
-12.762000
-7.047600
-4.507900
-0.063490
4.381000
13.270000
6.285700
1.206300
5.650800
7.555600
5.650800
-1.968300
-7.682500
-13.397000
