19.129999
-13.076000
-25.313999
19.129999
30.080999
-0.837360
-16.940001
-0.193240
6.892100
4.959700
12.045000
3.671500
-3.413800
-3.413800
3.027400
0.450890
-0.837360
-13.076000
-5.346200
10.757000
16.554001
3.027400
-1.481500
4.959700
-3.413800
-16.296000
1.739100
8.824500
-11.787000
-15.008000
1.095000
9.468600
-7.278600
-15.652000
2.383300
8.824500
-18.872999
-20.160999
2.383300
-18.229000
-8.566800
22.351000
21.063000
10.113000
-10.499000
-24.670000
4.315600
20.419001
13.977000
10.113000
-14.364000
-29.179001
-13.720000
15.266000
20.419001
-2.769700
-24.670000
-16.296000
-11.143000
-3.413800
8.180400
17.198000
4.315600
-19.517000
-5.990300
30.080999
17.198000
16.554001
-11.143000
-12.432000
13.977000
-5.346200
-8.566800
4.959700
1.095000
-2.125600
3.671500
10.757000
-5.346200
4.959700
12.045000
-3.413800
-13.076000
7.536200
20.419001
15.910000
4.959700
-10.499000
-13.076000
-5.346200
7.536200
-2.125600
-5.346200
8.180400
3.027400
4.959700
4.315600
1.739100
8.180400
-3.413800
5.603900
17.198000
21.707001
16.554001
-15.008000
-9.210900
7.536200
6.248000
8.824500
-2.125600
1.095000
10.757000
-16.296000
-2.769700
8.180400
-11.787000
-2.125600
7.536200
5.603900
2.383300
-14.364000
4.959700
12.045000
13.977000
10.757000
1.739100
-10.499000
-8.566800
3.027400
-13.076000
6.892100
6.248000
-15.008000
4.959700
19.775000
3.671500
-17.584999
-22.738001
-6.634500
10.113000
1.095000
-11.787000
1.739100
1.095000
-20.160999
-33.688000
-14.364000
15.910000
13.333000
13.333000
5.603900
-0.837360
-3.413800
-2.125600
-0.193240
-41.417000
-33.688000
13.333000
21.707001
16.554001
-0.193240
-38.841000
-24.670000
13.977000
19.775000
4.959700
-15.008000
-13.076000
-16.296000
-8.566800
6.892100
0.450890
7.536200
12.045000
13.977000
12.045000
6.248000
-3.413800
-6.634500
-4.058000
-10.499000
-15.652000
-15.652000
-2.769700
5.603900
-0.837360
-11.787000
-2.769700
6.248000
7.536200
9.468600
0.450890
-2.125600
-5.346200
-7.922700
-11.143000
-4.058000
12.045000
10.757000
4.315600
10.757000
5.603900
-13.720000
-15.652000
8.180400
20.419001
4.959700
6.248000
8.180400
-2.769700
-0.193240
10.757000
1.739100
0.450890
7.536200
13.333000
1.095000
6.892100
-0.193240
-29.823000
-10.499000
25.572001
21.707001
8.180400
-15.008000
-15.652000
-6.634500
3.671500
22.995001
12.045000
-5.990300
3.671500
21.707001
6.248000
7.536200
-5.346200
-7.922700
13.333000
12.045000
1.739100
4.315600
15.910000
15.266000
-11.143000
-53.654999
-22.738001
22.351000
10.113000
-3.413800
-7.278600
-3.413800
-20.160999
-2.769700
26.860001
26.860001
15.266000
8.824500
8.180400
-2.769700
-1.481500
13.333000
2.383300
-22.738001
-17.584999
3.027400
4.959700
12.045000
6.248000
-7.922700
0.450890
-3.413800
-2.769700
11.401000
14.622000
5.603900
-5.346200
-0.837360
12.689000
7.536200
6.892100
-1.481500
-25.313999
-11.787000
0.450890
-0.193240
-10.499000
-3.413800
16.554001
6.248000
-7.278600
-27.246000
-6.634500
22.351000
17.198000
-4.702100
-21.448999
-7.278600
3.027400
-9.855100
-14.364000
-31.111000
-31.111000
-16.296000
1.095000
4.959700
6.892100
0.450890
-14.364000
-20.805000
10.757000
32.657001
-5.346200
-2.769700
3.027400
14.622000
23.639000
0.450890
-5.990300
-1.481500
9.468600
-0.837360
-13.720000
-4.058000
-36.908001
-29.823000
14.622000
15.910000
13.333000
-14.364000
-14.364000
11.401000
4.315600
9.468600
22.995001
-6.634500
-13.076000
23.639000
11.401000
-4.058000
21.707001
-5.346200
-5.346200
15.266000
-4.702100
-11.143000
-21.448999
-24.670000
8.824500
16.554001
1.095000
-2.125600
-4.702100
8.180400
4.315600
-2.125600
-2.769700
10.757000
3.027400
-9.855100
-40.772999
1.739100
33.945000
13.977000
-1.481500
-32.398998
-15.652000
6.248000
1.095000
-5.990300
-12.432000
-6.634500
-9.855100
3.027400
1.739100
-8.566800
-11.787000
-0.193240
-6.634500
17.198000
20.419001
-0.193240
8.180400
12.689000
17.198000
30.725000
21.707001
8.180400
4.959700
-55.588001
-40.772999
27.504000
32.657001
13.977000
3.671500
-13.720000
8.180400
13.333000
4.315600
15.910000
22.995001
-6.634500
1.739100
17.841999
16.554001
-4.058000
-7.922700
-24.025999
-21.448999
12.689000
13.977000
-6.634500
-4.702100
6.892100
6.248000
-7.922700
9.468600
8.824500
11.401000
8.824500
6.248000
6.892100
-0.193240
-20.160999
-13.076000
12.045000
-1.481500
-15.008000
3.671500
12.689000
6.892100
5.603900
-6.634500
-13.076000
12.045000
22.995001
15.910000
11.401000
17.841999
15.910000
-20.160999
-41.417000
-25.958000
-5.990300
3.027400
-5.346200
-4.702100
-29.179001
-37.551998
-16.940001
-2.769700
2.383300
-25.313999
-48.501999
3.671500
19.129999
8.180400
-25.313999
-12.432000
10.113000
-5.990300
-22.093000
2.383300
8.824500
8.180400
21.707001
12.045000
-15.652000
3.027400
15.266000
13.333000
-9.210900
-11.143000
23.639000
6.892100
0.450890
-2.125600
-16.940001
9.468600
17.198000
-12.432000
10.757000
33.945000
22.351000
-0.837360
-13.076000
-7.278600
19.129999
41.030998
17.198000
3.027400
-16.296000
3.027400
8.824500
0.450890
4.315600
-36.264000
2.383300
35.877998
15.910000
9.468600
-10.499000
2.383300
-0.837360
-15.652000
7.536200
1.739100
-13.076000
-2.769700
-0.193240
9.468600
6.248000
-20.160999
-17.584999
14.622000
12.689000
-18.872999
1.095000
2.383300
15.910000
15.266000
6.248000
-7.278600
-36.908001
-19.517000
19.775000
16.554001
12.045000
4.315600
-54.299999
-18.872999
33.300999
22.351000
15.910000
11.401000
1.095000
-2.125600
-21.448999
-13.076000
3.671500
-9.210900
-4.702100
3.671500
6.892100
-25.313999
-51.723000
-12.432000
26.216000
17.841999
10.757000
-4.702100
-34.332001
-24.025999
19.129999
22.351000
15.910000
10.757000
-26.601999
-6.634500
10.757000
8.180400
3.027400
-11.143000
-20.160999
13.977000
13.977000
3.671500
14.622000
8.824500
6.892100
-3.413800
-11.787000
-8.566800
-5.990300
-4.702100
-0.837360
6.248000
10.113000
1.095000
-32.398998
-26.601999
13.977000
17.841999
6.892100
-12.432000
-33.688000
-4.058000
13.333000
0.450890
6.248000
-0.193240
-27.889999
-13.076000
15.266000
4.959700
0.450890
21.063000
6.248000
-7.278600
17.841999
26.216000
4.315600
-4.702100
-11.787000
-0.837360
2.383300
7.536200
-0.837360
-4.058000
-5.346200
-15.652000
-7.278600
-0.193240
5.603900
10.757000
4.315600
11.401000
19.775000
3.671500
1.739100
-1.481500
12.045000
15.266000
5.603900
10.757000
20.419001
4.315600
-25.313999
-13.720000
4.959700
-3.413800
6.248000
13.333000
4.959700
8.824500
3.671500
-8.566800
-2.769700
-4.702100
-4.702100
-4.702100
-2.769700
3.027400
2.383300
-8.566800
-17.584999
-25.313999
-10.499000
-31.754999
-15.008000
8.180400
1.095000
0.450890
6.248000
-2.769700
-4.058000
7.536200
-27.889999
-18.229000
17.198000
13.333000
-12.432000
-9.855100
22.351000
5.603900
-13.720000
-1.481500
15.910000
8.180400
13.333000
18.486000
10.757000
-8.566800
-22.093000
-12.432000
-11.143000
9.468600
24.283001
7.536200
3.027400
-11.143000
-20.160999
0.450890
15.910000
36.521999
34.589001
1.095000
8.180400
3.027400
-16.296000
-2.125600
24.927999
12.045000
-34.976002
-13.076000
24.927999
12.045000
-1.481500
-21.448999
0.450890
4.959700
-13.076000
-0.837360
18.486000
3.027400
13.977000
5.603900
17.841999
-1.481500
-11.143000
6.248000
6.892100
15.266000
21.707001
13.333000
-29.179001
-14.364000
35.233002
10.757000
-7.278600
-4.702100
13.977000
12.689000
2.383300
-13.720000
10.757000
28.792000
3.671500
-5.990300
-2.125600
9.468600
21.063000
21.707001
8.180400
-9.855100
-21.448999
-9.855100
5.603900
13.333000
7.536200
-2.125600
-25.958000
-29.823000
-17.584999
4.315600
28.148001
17.841999
8.180400
-22.738001
-9.210900
10.757000
3.671500
21.063000
12.689000
-7.278600
-14.364000
-15.008000
-13.076000
-19.517000
-9.855100
-2.125600
4.315600
2.383300
13.333000
7.536200
-35.619999
-15.652000
17.841999
18.486000
8.824500
10.113000
13.977000
-20.160999
-22.738001
1.095000
15.910000
4.959700
2.383300
-11.787000
1.739100
17.841999
-11.787000
-16.940001
-0.193240
19.775000
40.386002
21.063000
-27.246000
-33.688000
13.977000
19.129999
17.198000
22.351000
-2.125600
-34.976002
-15.652000
25.572001
27.504000
10.113000
5.603900
3.027400
-15.652000
-25.958000
-0.193240
20.419001
6.892100
-0.193240
8.824500
-6.634500
-8.566800
21.707001
19.129999
-13.720000
-11.143000
-9.855100
-11.143000
-12.432000
15.910000
23.639000
11.401000
9.468600
1.739100
-3.413800
0.450890
-15.008000
-13.720000
3.027400
8.824500
4.959700
-6.634500
-23.382000
-30.466999
-1.481500
15.266000
7.536200
-2.769700
-27.246000
-15.008000
5.603900
-15.652000
-3.413800
11.401000
4.315600
-11.787000
-7.278600
-1.481500
-9.210900
-16.296000
-0.837360
9.468600
-11.787000
-25.313999
-5.990300
6.892100
-8.566800
8.824500
1.739100
-11.143000
-9.855100
10.757000
24.283001
1.739100
-9.855100
-5.990300
3.027400
-0.837360
4.315600
8.824500
-2.125600
-11.143000
-10.499000
-19.517000
-21.448999
-6.634500
7.536200
15.266000
-5.346200
4.315600
2.383300
2.383300
4.959700
6.248000
-9.855100
-2.769700
12.689000
-9.855100
-9.855100
-20.160999
-4.058000
-10.499000
-6.634500
-2.125600
-15.652000
-16.940001
-8.566800
9.468600
8.180400
-5.346200
-8.566800
17.198000
29.436001
-16.296000
-4.702100
19.129999
2.383300
-4.058000
-20.160999
-9.855100
5.603900
4.959700
-9.855100
-49.791000
-9.210900
22.995001
13.333000
23.639000
1.739100
-8.566800
-3.413800
-15.008000
0.450890
22.995001
14.622000
-5.346200
-11.143000
-3.413800
-11.143000
5.603900
17.841999
3.027400
-4.702100
-6.634500
-11.787000
-27.889999
-19.517000
12.045000
-2.125600
-4.702100
19.129999
15.910000
-22.738001
-16.296000
22.995001
22.995001
6.892100
11.401000
-8.566800
10.757000
26.216000
13.333000
-7.278600
-4.702100
11.401000
-18.229000
-5.990300
14.622000
19.129999
13.977000
2.383300
4.315600
-30.466999
-8.566800
28.148001
13.977000
12.045000
4.959700
-19.517000
-20.160999
3.027400
7.536200
12.045000
19.129999
-5.346200
-5.346200
5.603900
-12.432000
9.468600
23.639000
-6.634500
3.671500
-5.990300
4.959700
6.248000
7.536200
-16.296000
-16.296000
19.129999
17.198000
-6.634500
-30.466999
-3.413800
-1.481500
-3.413800
8.824500
-2.125600
-26.601999
-4.702100
-2.769700
-23.382000
1.739100
13.977000
-11.143000
-20.160999
-8.566800
15.266000
7.536200
-0.837360
-2.125600
-9.855100
-2.125600
0.450890
-3.413800
-3.413800
3.027400
8.824500
2.383300
14.622000
10.113000
-3.413800
-4.702100
-2.769700
4.315600
14.622000
17.841999
-35.619999
