5.254500
2.627300
3.940900
8.538600
7.881800
3.284100
2.627300
7.881800
5.911300
5.911300
10.509000
0.656810
-7.225000
-3.284100
-1.970400
-1.313600
1.313600
3.284100
5.911300
10.509000
4.597700
6.568100
11.166000
5.911300
0.656810
1.313600
1.313600
-3.284100
-2.627300
0.000000
-5.254500
-7.225000
-5.254500
1.313600
0.656810
-6.568100
-13.136000
-3.940900
-2.627300
-5.911300
5.254500
2.627300
0.000000
5.254500
2.627300
-0.656810
9.852200
5.254500
1.970400
3.940900
-1.313600
-8.538600
-6.568100
5.254500
6.568100
1.313600
-2.627300
0.656810
-2.627300
-5.254500
-3.284100
0.000000
0.000000
0.656810
4.597700
5.254500
-3.284100
1.970400
-4.597700
-6.568100
-2.627300
-6.568100
-6.568100
0.656810
-1.970400
-1.313600
-4.597700
-5.911300
-2.627300
8.538600
11.166000
12.479000
-3.284100
-4.597700
-2.627300
-3.284100
-1.970400
3.284100
1.970400
-1.970400
2.627300
-0.656810
-3.940900
2.627300
-1.313600
4.597700
8.538600
5.254500
7.881800
7.881800
9.852200
6.568100
2.627300
8.538600
0.000000
-3.940900
-1.970400
2.627300
-0.656810
-1.970400
3.284100
7.881800
0.656810
1.313600
-4.597700
-10.509000
-7.881800
-0.656810
1.970400
4.597700
-1.970400
1.313600
1.313600
-0.656810
1.970400
0.656810
2.627300
5.254500
-1.970400
-4.597700
5.911300
2.627300
-1.970400
5.254500
3.940900
0.656810
-3.940900
-6.568100
-7.225000
-3.940900
-1.313600
-7.881800
-7.881800
-3.284100
-1.970400
0.000000
-6.568100
-7.881800
-4.597700
4.597700
5.254500
0.000000
0.000000
7.881800
10.509000
0.656810
-1.970400
0.000000
0.000000
2.627300
-3.940900
-3.940900
7.881800
6.568100
0.656810
-4.597700
-13.136000
-13.136000
-10.509000
-9.852200
-11.166000
-8.538600
-0.656810
8.538600
8.538600
3.940900
8.538600
1.970400
-0.656810
-7.881800
-11.823000
-9.195400
-0.656810
7.225000
13.793000
9.195400
1.970400
4.597700
9.195400
4.597700
0.000000
-3.284100
0.000000
-3.284100
-8.538600
-11.823000
-9.852200
-1.970400
3.940900
5.254500
5.254500
2.627300
5.911300
3.284100
2.627300
6.568100
9.195400
11.166000
4.597700
-2.627300
-1.313600
5.254500
2.627300
-3.940900
-3.940900
3.284100
11.823000
8.538600
-0.656810
-2.627300
2.627300
3.940900
0.000000
-3.284100
-13.136000
-13.136000
-4.597700
-1.313600
-3.284100
-6.568100
-3.940900
7.225000
8.538600
3.284100
5.254500
1.313600
-1.313600
-3.940900
-7.225000
-3.284100
-1.970400
3.940900
-1.970400
-9.852200
-6.568100
8.538600
12.479000
9.195400
2.627300
1.313600
5.254500
-1.313600
-1.313600
7.881800
7.225000
2.627300
-0.656810
0.656810
1.313600
4.597700
4.597700
2.627300
-0.656810
1.970400
0.656810
3.940900
10.509000
5.911300
0.000000
7.881800
11.823000
3.284100
0.656810
2.627300
-1.970400
3.284100
1.313600
-1.313600
-6.568100
-6.568100
-7.225000
-10.509000
-3.284100
-1.313600
-4.597700
-5.254500
-0.656810
0.656810
-2.627300
5.911300
7.881800
3.940900
3.284100
0.656810
-3.940900
-6.568100
-5.254500
-6.568100
-15.764000
-21.018000
-19.704000
-15.107000
-8.538600
2.627300
2.627300
2.627300
7.225000
4.597700
5.254500
10.509000
13.793000
3.284100
-2.627300
-3.940900
-2.627300
-3.284100
-13.793000
-13.793000
-14.450000
-13.136000
-1.313600
5.254500
16.420000
11.823000
10.509000
19.704000
16.420000
5.254500
2.627300
2.627300
-1.970400
-2.627300
-3.940900
-2.627300
1.313600
-0.656810
1.970400
-4.597700
-5.254500
3.284100
-4.597700
-9.852200
-2.627300
-5.911300
-2.627300
2.627300
0.656810
11.166000
9.195400
5.254500
8.538600
9.852200
12.479000
13.136000
6.568100
9.195400
5.911300
1.313600
-5.911300
-16.420000
-7.225000
-6.568100
-17.733999
-15.764000
-11.166000
-1.313600
5.911300
4.597700
13.136000
13.136000
9.852200
5.254500
3.940900
0.000000
-5.254500
-10.509000
-4.597700
-7.225000
-5.911300
-1.313600
-2.627300
2.627300
11.823000
5.911300
1.970400
1.970400
-1.970400
-2.627300
-11.166000
-6.568100
5.911300
7.225000
0.000000
-2.627300
-0.656810
1.970400
-0.656810
3.284100
-2.627300
-6.568100
-5.911300
-3.284100
-1.970400
-0.656810
1.313600
1.970400
-4.597700
-5.911300
0.000000
1.970400
3.940900
3.284100
0.000000
2.627300
3.284100
2.627300
-5.254500
-8.538600
-8.538600
-0.656810
5.911300
2.627300
-1.970400
0.656810
9.852200
5.254500
-1.313600
-0.656810
-3.284100
-3.284100
-2.627300
1.970400
-7.225000
-11.166000
-5.911300
-1.313600
1.313600
7.881800
12.479000
9.852200
0.656810
-3.284100
-1.970400
0.656810
0.000000
-1.313600
-1.313600
-7.881800
-9.852200
-5.911300
1.313600
3.284100
3.940900
16.420000
9.195400
5.911300
1.970400
0.000000
5.254500
5.254500
-4.597700
-4.597700
0.656810
1.313600
7.881800
11.823000
8.538600
9.195400
16.420000
11.823000
0.656810
6.568100
7.225000
-3.940900
-7.225000
-14.450000
-17.733999
-12.479000
-7.225000
-6.568100
-1.313600
3.940900
9.852200
12.479000
15.107000
16.420000
17.077000
17.077000
7.881800
1.970400
-5.911300
-4.597700
-7.881800
-9.852200
-7.881800
-12.479000
-4.597700
5.254500
15.107000
11.166000
-1.313600
-1.313600
-3.284100
-3.284100
1.313600
0.000000
-1.970400
-1.970400
-5.254500
-7.881800
-5.911300
-13.136000
-14.450000
-6.568100
-8.538600
-11.823000
-2.627300
1.970400
-1.970400
0.656810
0.656810
-3.284100
-1.970400
7.881800
5.254500
-5.911300
-6.568100
-2.627300
-5.254500
-1.970400
-4.597700
-9.852200
-8.538600
-3.940900
3.940900
9.195400
0.000000
-1.970400
-1.313600
0.000000
1.970400
0.000000
2.627300
-3.940900
-5.254500
-1.970400
2.627300
1.970400
0.656810
3.940900
4.597700
0.000000
0.000000
4.597700
7.881800
8.538600
-1.970400
7.881800
4.597700
-5.911300
-0.656810
3.284100
7.225000
16.420000
11.823000
-0.656810
-3.940900
-5.254500
-7.225000
-7.881800
0.000000
-1.313600
1.970400
2.627300
0.000000
1.970400
1.970400
5.911300
4.597700
5.254500
9.195400
5.254500
-1.970400
-4.597700
-10.509000
-9.195400
-11.823000
-13.136000
-6.568100
-5.254500
-4.597700
0.656810
6.568100
3.940900
3.940900
9.852200
7.225000
5.911300
11.166000
2.627300
-9.852200
-7.881800
-4.597700
-1.313600
-0.656810
1.970400
-3.284100
-0.656810
1.970400
3.284100
15.107000
11.166000
5.911300
7.225000
2.627300
3.284100
5.254500
9.852200
3.284100
-1.970400
0.000000
0.000000
1.313600
3.940900
5.911300
-2.627300
-7.225000
-9.195400
-9.852200
-9.195400
-1.313600
5.254500
1.313600
-1.970400
-1.970400
-0.656810
7.881800
5.911300
-1.313600
-7.225000
-13.793000
-16.420000
-18.391001
-14.450000
-15.107000
-19.048000
-11.166000
-9.195400
-4.597700
9.195400
9.195400
7.225000
6.568100
8.538600
6.568100
1.970400
1.970400
3.284100
-3.940900
-7.225000
-11.166000
-5.911300
7.881800
7.881800
5.254500
6.568100
7.881800
9.852200
11.166000
9.195400
7.881800
-0.656810
-9.195400
-9.195400
-10.509000
-4.597700
-0.656810
0.000000
0.000000
-4.597700
-3.940900
0.656810
11.166000
21.018000
11.823000
-1.313600
3.940900
5.911300
7.881800
14.450000
10.509000
4.597700
-3.940900
-1.313600
1.970400
0.000000
0.000000
-5.911300
0.000000
-6.568100
-7.881800
-3.940900
-1.313600
-1.970400
5.254500
2.627300
-0.656810
4.597700
1.970400
-1.313600
0.000000
-3.284100
-2.627300
-0.656810
-5.911300
-5.254500
4.597700
0.656810
1.970400
6.568100
6.568100
8.538600
9.195400
5.254500
10.509000
14.450000
6.568100
3.940900
3.284100
5.254500
19.048000
18.391001
8.538600
7.881800
2.627300
-2.627300
-2.627300
1.313600
7.881800
0.656810
-7.881800
-4.597700
-2.627300
-2.627300
5.911300
3.284100
-0.656810
-2.627300
-0.656810
0.000000
0.656810
7.881800
4.597700
-5.911300
-9.195400
-8.538600
-6.568100
-11.823000
-15.107000
-8.538600
-5.911300
-8.538600
-7.225000
-8.538600
-12.479000
-1.313600
1.970400
0.000000
0.656810
7.225000
0.000000
-7.225000
-13.136000
-14.450000
-9.852200
-6.568100
1.970400
-1.313600
7.225000
14.450000
2.627300
-0.656810
7.881800
11.166000
15.107000
3.940900
-7.225000
-11.166000
-10.509000
-7.881800
-3.940900
0.656810
-2.627300
-8.538600
-4.597700
3.940900
4.597700
5.911300
0.000000
1.970400
1.313600
-1.970400
0.656810
2.627300
9.852200
9.852200
9.852200
5.911300
3.284100
5.254500
-1.313600
-7.881800
-5.254500
-6.568100
-7.225000
-0.656810
8.538600
12.479000
15.764000
15.107000
11.823000
8.538600
5.911300
7.225000
5.254500
-2.627300
-4.597700
-9.195400
-10.509000
-10.509000
-13.136000
-3.940900
0.656810
0.000000
1.970400
-3.284100
-0.656810
8.538600
5.911300
5.911300
1.970400
-5.254500
-6.568100
-1.970400
-1.970400
-7.881800
-12.479000
-9.195400
-16.420000
-21.018000
-15.764000
-7.225000
-0.656810
-1.970400
7.225000
10.509000
11.166000
10.509000
16.420000
17.077000
14.450000
8.538600
-1.970400
-11.166000
-19.048000
-18.391001
-11.823000
-5.254500
-3.284100
0.656810
-2.627300
3.284100
7.225000
11.166000
13.793000
9.195400
15.764000
9.195400
1.313600
1.970400
-3.284100
-10.509000
-7.881800
-5.254500
-5.254500
3.940900
-1.313600
-8.538600
-13.136000
-12.479000
-11.166000
-3.284100
-0.656810
-2.627300
1.970400
5.911300
8.538600
8.538600
4.597700
5.911300
1.313600
1.313600
-5.911300
-10.509000
-12.479000
-13.136000
-7.881800
-5.911300
-13.136000
-12.479000
-7.881800
1.313600
7.881800
10.509000
16.420000
6.568100
0.000000
1.313600
5.911300
2.627300
0.656810
-5.911300
-14.450000
-9.852200
-2.627300
-5.254500
-3.284100
1.313600
3.940900
7.225000
6.568100
3.284100
0.000000
-7.881800
-1.970400
1.970400
-3.940900
-3.940900
-1.313600
-5.254500
-3.940900
-0.656810
0.000000
7.225000
11.166000
15.764000
16.420000
8.538600
3.284100
0.000000
3.940900
5.911300
-1.313600
0.656810
2.627300
3.940900
0.656810
1.970400
7.881800
2.627300
0.656810
3.940900
1.970400
4.597700
4.597700
1.313600
-2.627300
-2.627300
4.597700
3.940900
4.597700
6.568100
5.911300
7.225000
1.313600
0.656810
1.970400
0.000000
1.970400
-0.656810
4.597700
1.313600
-6.568100
-12.479000
-9.195400
3.284100
4.597700
-1.313600
-7.881800
-1.970400
3.284100
-0.656810
-5.911300
-6.568100
-6.568100
-3.940900
-10.509000
-16.420000
-11.823000
-7.225000
-9.195400
-1.970400
1.313600
3.284100
1.970400
-1.313600
-2.627300
-8.538600
-3.940900
-5.254500
-1.970400
-1.313600
-6.568100
-1.970400
4.597700
17.077000
13.793000
7.881800
8.538600
3.940900
6.568100
1.313600
-4.597700
-10.509000
