12.249000
10.335000
8.421100
3.636400
4.593300
7.464100
9.378000
10.335000
11.292000
8.421100
10.335000
13.206000
14.163000
11.292000
9.378000
11.292000
9.378000
4.593300
-1.148300
-1.148300
1.722500
6.507200
4.593300
2.679400
0.765550
-1.148300
-3.062200
-2.105300
-0.191390
-0.191390
-1.148300
-0.191390
1.722500
1.722500
2.679400
-0.191390
-1.148300
1.722500
3.636400
3.636400
2.679400
2.679400
1.722500
0.765550
0.765550
-2.105300
-3.062200
-3.062200
-3.062200
-4.976100
-4.976100
-4.976100
-6.890000
-6.890000
-7.846900
-10.718000
-12.632000
-11.675000
-11.675000
-12.632000
-11.675000
-7.846900
-5.933000
-4.019100
-2.105300
0.765550
4.593300
5.550200
6.507200
3.636400
1.722500
-0.191390
0.765550
0.765550
-0.191390
0.765550
-0.191390
3.636400
5.550200
3.636400
2.679400
1.722500
-1.148300
-1.148300
-2.105300
-2.105300
-1.148300
1.722500
3.636400
6.507200
7.464100
12.249000
13.206000
12.249000
11.292000
7.464100
1.722500
-0.191390
-2.105300
-2.105300
1.722500
1.722500
3.636400
-0.191390
-0.191390
1.722500
-0.191390
2.679400
3.636400
2.679400
1.722500
-1.148300
-4.019100
-7.846900
-11.675000
-9.760800
-8.803800
-4.976100
-1.148300
2.679400
1.722500
3.636400
3.636400
2.679400
-0.191390
-1.148300
-1.148300
-3.062200
-2.105300
-0.191390
-1.148300
-4.976100
-4.019100
-5.933000
-4.019100
-4.019100
-4.976100
-4.976100
-1.148300
2.679400
1.722500
1.722500
1.722500
1.722500
1.722500
0.765550
-1.148300
2.679400
3.636400
3.636400
5.550200
6.507200
4.593300
1.722500
2.679400
4.593300
3.636400
0.765550
2.679400
6.507200
8.421100
5.550200
4.593300
-0.191390
-0.191390
-0.191390
-0.191390
-2.105300
-5.933000
-6.890000
-6.890000
-5.933000
-1.148300
2.679400
1.722500
-0.191390
-1.148300
-0.191390
-2.105300
-2.105300
-3.062200
-3.062200
-0.191390
2.679400
1.722500
-1.148300
-0.191390
-1.148300
-0.191390
1.722500
0.765550
-0.191390
-0.191390
-2.105300
-2.105300
-4.019100
-6.890000
-6.890000
-5.933000
-8.803800
-7.846900
-5.933000
-5.933000
-7.846900
-7.846900
-5.933000
-7.846900
-3.062200
-0.191390
1.722500
4.593300
6.507200
5.550200
5.550200
4.593300
4.593300
2.679400
1.722500
-0.191390
-1.148300
-4.976100
-4.019100
-4.019100
-4.976100
-2.105300
-2.105300
-0.191390
-4.019100
-4.976100
-4.019100
-6.890000
-8.803800
-6.890000
-3.062200
-1.148300
1.722500
3.636400
4.593300
6.507200
8.421100
6.507200
4.593300
2.679400
1.722500
0.765550
0.765550
0.765550
0.765550
-0.191390
-2.105300
-2.105300
-2.105300
-2.105300
-0.191390
2.679400
3.636400
5.550200
4.593300
3.636400
4.593300
6.507200
5.550200
3.636400
1.722500
4.593300
4.593300
6.507200
6.507200
-0.191390
-8.803800
-11.675000
-12.632000
-11.675000
-7.846900
-3.062200
1.722500
3.636400
7.464100
6.507200
7.464100
5.550200
1.722500
0.765550
-4.019100
-6.890000
-6.890000
-6.890000
-6.890000
-11.675000
-14.545000
-13.589000
-11.675000
-5.933000
-1.148300
5.550200
13.206000
14.163000
16.077000
17.990000
17.990000
15.120000
16.077000
11.292000
6.507200
2.679400
1.722500
-2.105300
-5.933000
-12.632000
-14.545000
-16.459000
-15.502000
-14.545000
-10.718000
-4.019100
2.679400
6.507200
10.335000
15.120000
14.163000
13.206000
11.292000
11.292000
8.421100
4.593300
1.722500
0.765550
-2.105300
-6.890000
-11.675000
-11.675000
-9.760800
-9.760800
-1.148300
4.593300
6.507200
12.249000
17.033001
14.163000
13.206000
11.292000
7.464100
3.636400
5.550200
5.550200
2.679400
-0.191390
-5.933000
-11.675000
-10.718000
-5.933000
-9.760800
-9.760800
-6.890000
-8.803800
-7.846900
-0.191390
0.765550
3.636400
3.636400
1.722500
-0.191390
-2.105300
-5.933000
-8.803800
-11.675000
-9.760800
-8.803800
-10.718000
-5.933000
-3.062200
-3.062200
-4.019100
-1.148300
0.765550
2.679400
4.593300
5.550200
2.679400
-5.933000
-7.846900
-7.846900
-8.803800
-6.890000
-1.148300
-2.105300
-4.019100
-3.062200
3.636400
5.550200
6.507200
6.507200
9.378000
11.292000
10.335000
5.550200
2.679400
2.679400
-0.191390
-1.148300
-3.062200
-3.062200
-4.019100
-2.105300
0.765550
1.722500
1.722500
1.722500
-1.148300
-0.191390
5.550200
6.507200
4.593300
-0.191390
0.765550
-1.148300
1.722500
3.636400
-0.191390
-0.191390
0.765550
-1.148300
-2.105300
-1.148300
-0.191390
1.722500
4.593300
1.722500
1.722500
2.679400
3.636400
3.636400
-1.148300
-2.105300
-4.019100
-4.976100
-5.933000
-5.933000
-6.890000
-8.803800
-8.803800
-5.933000
-4.019100
-3.062200
-2.105300
-0.191390
-0.191390
-4.976100
-8.803800
-10.718000
-11.675000
-11.675000
-11.675000
-12.632000
-7.846900
-4.019100
-0.191390
3.636400
4.593300
5.550200
3.636400
4.593300
4.593300
2.679400
0.765550
-1.148300
-2.105300
-1.148300
-0.191390
2.679400
2.679400
1.722500
1.722500
5.550200
7.464100
8.421100
7.464100
5.550200
5.550200
5.550200
4.593300
2.679400
2.679400
-1.148300
-2.105300
2.679400
7.464100
9.378000
12.249000
12.249000
9.378000
8.421100
4.593300
6.507200
8.421100
4.593300
0.765550
-1.148300
-2.105300
-2.105300
-4.976100
-11.675000
-13.589000
-14.545000
-16.459000
-11.675000
-5.933000
2.679400
9.378000
10.335000
9.378000
6.507200
5.550200
3.636400
5.550200
3.636400
3.636400
2.679400
1.722500
0.765550
-0.191390
-4.976100
-3.062200
0.765550
5.550200
9.378000
8.421100
14.163000
17.990000
18.947001
17.033001
17.033001
14.163000
12.249000
8.421100
10.335000
9.378000
5.550200
1.722500
-3.062200
-5.933000
-10.718000
-11.675000
-12.632000
-10.718000
-7.846900
-3.062200
1.722500
6.507200
5.550200
5.550200
7.464100
6.507200
5.550200
3.636400
1.722500
-1.148300
-3.062200
-5.933000
-8.803800
-10.718000
-13.589000
-16.459000
-15.502000
-15.502000
-10.718000
-10.718000
-4.019100
7.464100
12.249000
14.163000
11.292000
9.378000
7.464100
5.550200
0.765550
-2.105300
-4.976100
-9.760800
-11.675000
-11.675000
-14.545000
-7.846900
-3.062200
-2.105300
-1.148300
-1.148300
-2.105300
-3.062200
-3.062200
-4.976100
-5.933000
-6.890000
-4.976100
-4.019100
-2.105300
-4.976100
-7.846900
-14.545000
-23.158001
-23.158001
-20.287001
-11.675000
-2.105300
3.636400
12.249000
17.990000
18.947001
23.732000
28.517000
27.559999
21.818001
17.990000
11.292000
6.507200
2.679400
0.765550
-5.933000
-10.718000
-8.803800
-7.846900
-4.976100
-3.062200
-1.148300
-0.191390
4.593300
8.421100
9.378000
10.335000
10.335000
7.464100
4.593300
2.679400
-0.191390
-4.019100
-8.803800
-8.803800
-9.760800
-9.760800
-8.803800
-5.933000
-4.019100
-4.019100
-2.105300
-4.019100
-0.191390
0.765550
-0.191390
-0.191390
-3.062200
-2.105300
0.765550
-1.148300
-1.148300
-3.062200
-1.148300
1.722500
2.679400
3.636400
6.507200
9.378000
10.335000
7.464100
5.550200
3.636400
0.765550
-4.019100
-6.890000
-11.675000
-15.502000
-14.545000
-14.545000
-9.760800
-4.976100
0.765550
1.722500
4.593300
7.464100
9.378000
7.464100
7.464100
7.464100
5.550200
2.679400
1.722500
-0.191390
-5.933000
-6.890000
-7.846900
-4.976100
-2.105300
-2.105300
-6.890000
-3.062200
-0.191390
1.722500
1.722500
1.722500
3.636400
3.636400
2.679400
1.722500
2.679400
-2.105300
-5.933000
-10.718000
-11.675000
-7.846900
-0.191390
2.679400
5.550200
7.464100
8.421100
10.335000
9.378000
10.335000
10.335000
10.335000
7.464100
4.593300
-0.191390
0.765550
1.722500
1.722500
-0.191390
0.765550
0.765550
2.679400
4.593300
3.636400
1.722500
-2.105300
-0.191390
2.679400
1.722500
-1.148300
-2.105300
-5.933000
-6.890000
-7.846900
-3.062200
-2.105300
-0.191390
-0.191390
-0.191390
3.636400
7.464100
9.378000
8.421100
4.593300
-0.191390
-1.148300
-2.105300
-4.976100
-6.890000
-7.846900
-8.803800
-7.846900
-7.846900
-7.846900
-6.890000
-3.062200
2.679400
3.636400
5.550200
5.550200
4.593300
5.550200
4.593300
0.765550
-0.191390
0.765550
-1.148300
-4.976100
-6.890000
-8.803800
-8.803800
-6.890000
-5.933000
-2.105300
1.722500
5.550200
8.421100
11.292000
5.550200
-0.191390
-4.019100
-2.105300
-2.105300
-4.976100
-6.890000
-8.803800
-8.803800
-6.890000
-4.976100
-1.148300
2.679400
3.636400
5.550200
8.421100
9.378000
7.464100
6.507200
7.464100
5.550200
2.679400
3.636400
1.722500
0.765550
0.765550
-2.105300
-4.976100
-5.933000
-6.890000
-4.976100
-2.105300
2.679400
6.507200
3.636400
2.679400
3.636400
5.550200
0.765550
-1.148300
-2.105300
-4.976100
-5.933000
-6.890000
-7.846900
-6.890000
-5.933000
-5.933000
-4.019100
-4.019100
-0.191390
4.593300
9.378000
6.507200
0.765550
-3.062200
-2.105300
-1.148300
-2.105300
-2.105300
-1.148300
-0.191390
-4.019100
-0.191390
2.679400
0.765550
2.679400
7.464100
10.335000
10.335000
12.249000
13.206000
15.120000
16.077000
13.206000
10.335000
5.550200
0.765550
-3.062200
-6.890000
-7.846900
-7.846900
-5.933000
-5.933000
0.765550
5.550200
6.507200
7.464100
9.378000
7.464100
1.722500
-2.105300
-4.019100
-5.933000
-5.933000
-4.019100
-5.933000
-4.019100
-1.148300
-0.191390
3.636400
4.593300
4.593300
6.507200
6.507200
6.507200
5.550200
0.765550
0.765550
1.722500
-0.191390
-4.976100
-5.933000
-9.760800
-9.760800
-5.933000
-2.105300
0.765550
1.722500
3.636400
5.550200
7.464100
9.378000
9.378000
9.378000
9.378000
4.593300
1.722500
-3.062200
-4.976100
-10.718000
-16.459000
-19.330000
-18.372999
-14.545000
-9.760800
-3.062200
0.765550
1.722500
3.636400
9.378000
9.378000
9.378000
7.464100
4.593300
2.679400
0.765550
-3.062200
-5.933000
-10.718000
-12.632000
-13.589000
-15.502000
-15.502000
-10.718000
-7.846900
-5.933000
0.765550
0.765550
3.636400
3.636400
5.550200
3.636400
2.679400
1.722500
3.636400
0.765550
-0.191390
-2.105300
-5.933000
-9.760800
-13.589000
-11.675000
-9.760800
-4.976100
-2.105300
-0.191390
2.679400
5.550200
5.550200
6.507200
6.507200
4.593300
2.679400
2.679400
3.636400
3.636400
2.679400
2.679400
5.550200
0.765550
2.679400
5.550200
8.421100
8.421100
10.335000
11.292000
8.421100
5.550200
3.636400
2.679400
1.722500
-0.191390
-4.019100
-4.976100
-8.803800
-11.675000
-10.718000
-7.846900
-4.976100
-0.191390
0.765550
4.593300
7.464100
9.378000
10.335000
10.335000
9.378000
10.335000
9.378000
6.507200
6.507200
2.679400
5.550200
6.507200
5.550200
4.593300
6.507200
6.507200
6.507200
4.593300
2.679400
1.722500
-1.148300
-2.105300
-2.105300
-1.148300
-0.191390
0.765550
-0.191390
