2.955700
0.000000
0.985220
1.970400
1.970400
5.911300
11.823000
11.823000
11.823000
11.823000
8.867000
5.911300
3.940900
-1.970400
-4.926100
-11.823000
-15.764000
-20.690001
-25.615999
-24.631001
-18.719000
-10.837000
-5.911300
-5.911300
-2.955700
-2.955700
-2.955700
-0.985220
0.000000
-0.985220
-5.911300
-4.926100
-4.926100
-2.955700
0.985220
-1.970400
-3.940900
-1.970400
0.985220
0.985220
-3.940900
-3.940900
-0.985220
0.000000
0.000000
-1.970400
-2.955700
-2.955700
-2.955700
-0.985220
0.000000
1.970400
3.940900
2.955700
0.000000
-1.970400
-1.970400
-3.940900
-5.911300
-5.911300
-5.911300
-1.970400
1.970400
5.911300
7.881800
10.837000
9.852200
9.852200
13.793000
10.837000
8.867000
8.867000
6.896600
6.896600
4.926100
3.940900
2.955700
3.940900
5.911300
4.926100
3.940900
2.955700
0.985220
-1.970400
-7.881800
-8.867000
-2.955700
-0.985220
-1.970400
0.985220
2.955700
5.911300
6.896600
7.881800
10.837000
8.867000
5.911300
3.940900
0.985220
0.000000
3.940900
3.940900
4.926100
3.940900
-1.970400
-2.955700
-0.985220
0.000000
0.985220
0.985220
0.000000
-3.940900
-3.940900
-5.911300
-5.911300
-3.940900
-5.911300
-5.911300
-4.926100
-2.955700
-3.940900
-5.911300
-5.911300
-5.911300
-7.881800
-10.837000
-8.867000
-2.955700
0.000000
3.940900
7.881800
5.911300
2.955700
2.955700
3.940900
0.000000
-1.970400
-0.985220
1.970400
1.970400
-1.970400
-3.940900
-4.926100
-6.896600
-2.955700
-2.955700
-3.940900
0.985220
1.970400
1.970400
3.940900
3.940900
1.970400
-1.970400
-3.940900
-3.940900
-7.881800
-5.911300
0.985220
3.940900
5.911300
5.911300
6.896600
4.926100
2.955700
1.970400
3.940900
3.940900
-0.985220
-0.985220
-0.985220
-2.955700
-3.940900
-0.985220
-1.970400
-4.926100
-3.940900
-2.955700
-1.970400
-2.955700
-2.955700
-1.970400
0.985220
2.955700
1.970400
0.000000
0.985220
1.970400
0.985220
2.955700
2.955700
2.955700
2.955700
-0.985220
-1.970400
-0.985220
-3.940900
-2.955700
0.000000
0.000000
-0.985220
0.985220
2.955700
0.000000
0.000000
2.955700
-0.985220
0.985220
4.926100
6.896600
11.823000
13.793000
11.823000
10.837000
7.881800
4.926100
1.970400
-2.955700
-5.911300
-5.911300
-5.911300
-3.940900
-5.911300
-2.955700
0.985220
0.985220
2.955700
4.926100
3.940900
4.926100
3.940900
2.955700
1.970400
0.985220
-0.985220
0.000000
0.000000
-4.926100
-3.940900
-2.955700
-3.940900
-3.940900
-4.926100
-2.955700
-3.940900
-5.911300
-4.926100
-4.926100
-3.940900
-4.926100
0.000000
4.926100
7.881800
6.896600
5.911300
3.940900
1.970400
-0.985220
-1.970400
-2.955700
-0.985220
0.985220
1.970400
1.970400
2.955700
4.926100
7.881800
7.881800
1.970400
-4.926100
-6.896600
-6.896600
-5.911300
-3.940900
-2.955700
-3.940900
-3.940900
-0.985220
-3.940900
-3.940900
-2.955700
-1.970400
-3.940900
-7.881800
-9.852200
-7.881800
-4.926100
-0.985220
-1.970400
-1.970400
0.000000
4.926100
9.852200
11.823000
14.778000
14.778000
10.837000
6.896600
6.896600
6.896600
7.881800
7.881800
2.955700
-0.985220
-1.970400
-0.985220
0.000000
-3.940900
-7.881800
-5.911300
-7.881800
-5.911300
-2.955700
-5.911300
-5.911300
-1.970400
-0.985220
1.970400
3.940900
4.926100
5.911300
7.881800
7.881800
3.940900
0.985220
-1.970400
-0.985220
-0.985220
-1.970400
-2.955700
-5.911300
-3.940900
-1.970400
0.985220
1.970400
0.000000
0.985220
1.970400
-0.985220
-1.970400
-5.911300
-8.867000
-8.867000
-6.896600
-4.926100
-2.955700
-1.970400
0.000000
-1.970400
0.000000
1.970400
1.970400
0.000000
-1.970400
-3.940900
-4.926100
-1.970400
-0.985220
-1.970400
-2.955700
-5.911300
-4.926100
-4.926100
-3.940900
-0.985220
0.000000
2.955700
3.940900
4.926100
7.881800
6.896600
5.911300
2.955700
2.955700
0.000000
-8.867000
-13.793000
-21.674999
-24.631001
-15.764000
-13.793000
-10.837000
-5.911300
0.985220
3.940900
2.955700
4.926100
10.837000
17.733999
18.719000
19.704000
22.660000
25.615999
23.645000
18.719000
13.793000
11.823000
12.808000
11.823000
10.837000
7.881800
6.896600
4.926100
3.940900
2.955700
2.955700
2.955700
1.970400
0.985220
-0.985220
1.970400
1.970400
0.985220
-7.881800
-8.867000
-1.970400
0.000000
0.985220
-0.985220
-2.955700
-2.955700
-6.896600
-5.911300
-5.911300
-5.911300
-5.911300
-6.896600
-7.881800
-5.911300
-4.926100
-1.970400
-0.985220
-2.955700
-1.970400
-3.940900
-7.881800
-5.911300
-7.881800
-10.837000
-12.808000
-11.823000
-6.896600
-1.970400
0.985220
3.940900
0.000000
-17.733999
-15.764000
-3.940900
0.000000
2.955700
4.926100
4.926100
0.985220
0.985220
-0.985220
-0.985220
-0.985220
-0.985220
-0.985220
-1.970400
-3.940900
-2.955700
-2.955700
-2.955700
-0.985220
0.985220
0.000000
0.000000
3.940900
2.955700
0.000000
-0.985220
0.985220
1.970400
2.955700
3.940900
3.940900
3.940900
3.940900
5.911300
6.896600
5.911300
0.985220
-0.985220
1.970400
1.970400
1.970400
0.985220
1.970400
0.985220
1.970400
1.970400
2.955700
3.940900
4.926100
4.926100
7.881800
11.823000
10.837000
9.852200
6.896600
4.926100
1.970400
2.955700
8.867000
10.837000
9.852200
9.852200
5.911300
0.000000
-1.970400
-2.955700
-3.940900
0.985220
-0.985220
-0.985220
0.985220
1.970400
3.940900
4.926100
3.940900
4.926100
4.926100
7.881800
5.911300
3.940900
0.000000
-3.940900
-5.911300
-6.896600
-2.955700
-0.985220
-0.985220
0.985220
3.940900
4.926100
3.940900
0.000000
-4.926100
-3.940900
-0.985220
-2.955700
-3.940900
-2.955700
-4.926100
-4.926100
-2.955700
-1.970400
-1.970400
-3.940900
-3.940900
-3.940900
-4.926100
0.000000
1.970400
0.000000
0.985220
3.940900
1.970400
0.000000
-1.970400
-7.881800
-9.852200
-9.852200
-6.896600
-4.926100
-4.926100
0.000000
3.940900
6.896600
5.911300
1.970400
0.985220
0.000000
-4.926100
-6.896600
-4.926100
-3.940900
-1.970400
1.970400
5.911300
7.881800
6.896600
4.926100
0.985220
-2.955700
-4.926100
-5.911300
-5.911300
-6.896600
-5.911300
-2.955700
0.985220
1.970400
2.955700
-0.985220
-0.985220
-1.970400
-4.926100
-5.911300
-3.940900
0.000000
3.940900
4.926100
3.940900
3.940900
4.926100
6.896600
6.896600
7.881800
5.911300
5.911300
2.955700
3.940900
3.940900
3.940900
1.970400
0.000000
0.985220
0.985220
0.000000
-0.985220
-1.970400
-1.970400
1.970400
4.926100
5.911300
7.881800
8.867000
5.911300
3.940900
4.926100
3.940900
0.985220
-0.985220
-1.970400
-1.970400
-1.970400
-0.985220
-0.985220
-0.985220
-2.955700
-3.940900
-5.911300
-3.940900
-2.955700
-2.955700
-1.970400
-1.970400
-2.955700
3.940900
3.940900
0.985220
0.985220
1.970400
2.955700
0.985220
1.970400
3.940900
2.955700
1.970400
-1.970400
-3.940900
-3.940900
-6.896600
-6.896600
-6.896600
-8.867000
-7.881800
-5.911300
-3.940900
0.000000
0.000000
-1.970400
-3.940900
-4.926100
-3.940900
-2.955700
-4.926100
-6.896600
-6.896600
-3.940900
-3.940900
-2.955700
-1.970400
-3.940900
-2.955700
-0.985220
2.955700
6.896600
5.911300
1.970400
0.985220
2.955700
0.985220
-1.970400
-0.985220
2.955700
3.940900
4.926100
4.926100
6.896600
6.896600
5.911300
2.955700
1.970400
0.985220
0.985220
0.985220
2.955700
1.970400
0.985220
1.970400
2.955700
3.940900
4.926100
6.896600
7.881800
2.955700
1.970400
5.911300
9.852200
8.867000
0.985220
0.000000
1.970400
0.985220
0.000000
-2.955700
-2.955700
-5.911300
-5.911300
-0.985220
-0.985220
-1.970400
-1.970400
-2.955700
-0.985220
3.940900
4.926100
5.911300
11.823000
11.823000
10.837000
10.837000
10.837000
8.867000
7.881800
3.940900
0.000000
0.985220
-0.985220
-3.940900
-6.896600
-6.896600
-3.940900
-0.985220
0.985220
0.985220
0.000000
-3.940900
-1.970400
0.985220
0.985220
-3.940900
-6.896600
-18.719000
-20.690001
-14.778000
-13.793000
-8.867000
-7.881800
-5.911300
-0.985220
-0.985220
-7.881800
-12.808000
-11.823000
-7.881800
-2.955700
-16.749001
-22.660000
-26.601000
-25.615999
-10.837000
-5.911300
0.000000
2.955700
2.955700
7.881800
10.837000
15.764000
19.704000
20.690001
14.778000
13.793000
11.823000
11.823000
10.837000
8.867000
10.837000
10.837000
10.837000
9.852200
8.867000
9.852200
8.867000
12.808000
0.000000
-5.911300
-0.985220
-1.970400
-0.985220
2.955700
6.896600
-1.970400
-13.793000
-9.852200
-2.955700
0.000000
1.970400
-2.955700
0.000000
0.985220
-2.955700
-9.852200
-15.764000
-9.852200
0.985220
2.955700
5.911300
6.896600
6.896600
6.896600
9.852200
13.793000
7.881800
1.970400
0.000000
0.000000
1.970400
1.970400
4.926100
5.911300
7.881800
8.867000
12.808000
12.808000
7.881800
4.926100
3.940900
0.985220
-0.985220
0.985220
3.940900
-0.985220
-1.970400
0.000000
-3.940900
-5.911300
-0.985220
-1.970400
0.985220
-1.970400
0.985220
2.955700
4.926100
7.881800
8.867000
5.911300
4.926100
3.940900
3.940900
-3.940900
-8.867000
-9.852200
-11.823000
-8.867000
-4.926100
-3.940900
-1.970400
0.985220
1.970400
2.955700
3.940900
1.970400
0.985220
0.985220
0.000000
-5.911300
-7.881800
-7.881800
-13.793000
-14.778000
-13.793000
-7.881800
-5.911300
-3.940900
-2.955700
2.955700
8.867000
9.852200
9.852200
6.896600
4.926100
3.940900
0.985220
3.940900
2.955700
0.985220
0.985220
-1.970400
0.000000
-1.970400
-5.911300
-9.852200
-7.881800
-4.926100
-0.985220
3.940900
-0.985220
-5.911300
-2.955700
0.985220
3.940900
3.940900
2.955700
0.985220
-0.985220
-1.970400
-6.896600
-5.911300
-4.926100
-4.926100
0.985220
-4.926100
-4.926100
0.985220
-2.955700
-5.911300
-5.911300
-3.940900
0.000000
-1.970400
0.000000
1.970400
2.955700
3.940900
2.955700
-0.985220
-2.955700
-1.970400
1.970400
2.955700
-2.955700
-7.881800
-7.881800
-6.896600
-8.867000
-8.867000
-6.896600
-6.896600
-6.896600
-4.926100
-7.881800
-5.911300
-0.985220
2.955700
2.955700
4.926100
5.911300
7.881800
12.808000
9.852200
9.852200
7.881800
9.852200
9.852200
12.808000
14.778000
13.793000
11.823000
10.837000
5.911300
4.926100
2.955700
1.970400
2.955700
3.940900
2.955700
2.955700
2.955700
1.970400
-0.985220
-2.955700
-2.955700
-4.926100
-1.970400
0.000000
0.000000
-0.985220
0.985220
0.985220
-0.985220
-2.955700
-5.911300
-1.970400
0.985220
-2.955700
-1.970400
-1.970400
-4.926100
-5.911300
-7.881800
-8.867000
-7.881800
-8.867000
-7.881800
-2.955700
0.985220
3.940900
6.896600
10.837000
