-4.739300
-5.687200
-3.791500
1.895700
3.791500
-5.687200
1.895700
-2.843600
-4.739300
4.739300
-2.843600
-9.478700
-10.427000
-5.687200
7.582900
11.374000
14.218000
11.374000
2.843600
5.687200
0.947870
-5.687200
-5.687200
2.843600
1.895700
-6.635100
-14.218000
-10.427000
-3.791500
-3.791500
1.895700
1.895700
-3.791500
-2.843600
-7.582900
-0.947870
2.843600
2.843600
2.843600
-0.947870
-1.895700
1.895700
8.530800
7.582900
2.843600
-0.947870
2.843600
-0.947870
-3.791500
5.687200
4.739300
2.843600
5.687200
9.478700
-0.947870
-6.635100
-1.895700
2.843600
3.791500
0.000000
-1.895700
4.739300
14.218000
10.427000
0.947870
1.895700
1.895700
2.843600
4.739300
6.635100
9.478700
12.322000
18.957001
12.322000
-1.895700
-4.739300
-5.687200
-7.582900
-13.270000
-9.478700
-0.947870
0.947870
2.843600
0.000000
0.947870
-3.791500
-2.843600
-1.895700
-6.635100
-1.895700
11.374000
7.582900
-0.947870
-0.947870
0.000000
-2.843600
-2.843600
1.895700
-1.895700
-1.895700
-2.843600
-2.843600
0.000000
8.530800
12.322000
-2.843600
-7.582900
-12.322000
-14.218000
-4.739300
-4.739300
-3.791500
-5.687200
-12.322000
-3.791500
-7.582900
-9.478700
-12.322000
-16.114000
-12.322000
-8.530800
-1.895700
7.582900
5.687200
-1.895700
2.843600
3.791500
0.000000
3.791500
-1.895700
-9.478700
-1.895700
2.843600
2.843600
11.374000
14.218000
0.000000
3.791500
2.843600
-4.739300
-1.895700
-1.895700
-12.322000
-10.427000
-0.947870
-5.687200
-5.687200
12.322000
16.114000
6.635100
2.843600
-0.947870
5.687200
4.739300
1.895700
1.895700
-1.895700
-2.843600
-3.791500
-2.843600
-0.947870
1.895700
-3.791500
-11.374000
1.895700
4.739300
0.947870
8.530800
11.374000
7.582900
5.687200
8.530800
10.427000
9.478700
8.530800
7.582900
-3.791500
-11.374000
-6.635100
-4.739300
0.947870
2.843600
-23.697001
-25.591999
6.635100
15.166000
11.374000
-0.947870
-2.843600
4.739300
14.218000
17.062000
3.791500
-11.374000
-13.270000
4.739300
2.843600
-1.895700
-9.478700
-13.270000
1.895700
3.791500
7.582900
8.530800
0.947870
11.374000
11.374000
0.947870
0.000000
8.530800
14.218000
8.530800
-1.895700
-9.478700
-2.843600
9.478700
9.478700
-11.374000
-28.436001
-18.009001
6.635100
7.582900
0.947870
-7.582900
2.843600
7.582900
11.374000
3.791500
-0.947870
-3.791500
-9.478700
-3.791500
-18.957001
-26.540001
-18.009001
-9.478700
0.000000
0.000000
-2.843600
1.895700
10.427000
6.635100
-2.843600
0.947870
2.843600
2.843600
-3.791500
-12.322000
-13.270000
-2.843600
1.895700
2.843600
-6.635100
-13.270000
-5.687200
-1.895700
-2.843600
-4.739300
-2.843600
-2.843600
-7.582900
-6.635100
-9.478700
-6.635100
0.947870
11.374000
13.270000
12.322000
6.635100
10.427000
-6.635100
-11.374000
0.000000
1.895700
13.270000
1.895700
-12.322000
-3.791500
3.791500
11.374000
13.270000
-3.791500
-11.374000
-1.895700
20.853001
19.905001
-1.895700
-2.843600
9.478700
3.791500
5.687200
0.000000
-11.374000
-12.322000
4.739300
12.322000
18.009001
4.739300
-6.635100
1.895700
6.635100
9.478700
6.635100
-1.895700
0.000000
-9.478700
-6.635100
3.791500
5.687200
-1.895700
-0.947870
13.270000
13.270000
8.530800
13.270000
15.166000
7.582900
-2.843600
0.000000
-0.947870
7.582900
9.478700
-3.791500
-17.062000
-14.218000
1.895700
10.427000
3.791500
6.635100
6.635100
8.530800
10.427000
0.947870
1.895700
1.895700
0.947870
3.791500
-10.427000
-3.791500
8.530800
4.739300
-10.427000
-18.009001
-16.114000
-10.427000
-9.478700
-12.322000
-12.322000
-4.739300
-1.895700
3.791500
-3.791500
-6.635100
-2.843600
10.427000
3.791500
-5.687200
1.895700
8.530800
5.687200
0.947870
-5.687200
-12.322000
-14.218000
-9.478700
-3.791500
1.895700
-0.947870
2.843600
12.322000
10.427000
5.687200
2.843600
-4.739300
0.947870
0.947870
-15.166000
-13.270000
-4.739300
-5.687200
-2.843600
-5.687200
3.791500
10.427000
14.218000
5.687200
4.739300
16.114000
10.427000
9.478700
3.791500
3.791500
1.895700
-0.947870
0.000000
1.895700
2.843600
0.947870
4.739300
7.582900
0.000000
-1.895700
1.895700
-2.843600
-4.739300
-5.687200
-6.635100
5.687200
-2.843600
-11.374000
-7.582900
-1.895700
-1.895700
-0.947870
5.687200
7.582900
10.427000
13.270000
-2.843600
-2.843600
9.478700
4.739300
-1.895700
-6.635100
-8.530800
-4.739300
-1.895700
-7.582900
-11.374000
3.791500
7.582900
0.947870
3.791500
2.843600
11.374000
23.697001
14.218000
12.322000
13.270000
12.322000
11.374000
0.000000
-8.530800
-13.270000
-0.947870
0.000000
-7.582900
5.687200
1.895700
7.582900
7.582900
3.791500
7.582900
15.166000
16.114000
2.843600
-2.843600
-6.635100
-12.322000
-8.530800
-10.427000
-13.270000
-18.957001
-22.749001
-10.427000
1.895700
3.791500
-9.478700
-8.530800
3.791500
3.791500
0.000000
-1.895700
-2.843600
-3.791500
0.000000
0.947870
-4.739300
-16.114000
-20.853001
-6.635100
-7.582900
-14.218000
-8.530800
1.895700
3.791500
0.000000
3.791500
12.322000
8.530800
-7.582900
-5.687200
-7.582900
-17.062000
-10.427000
-0.947870
1.895700
0.000000
2.843600
0.000000
10.427000
19.905001
10.427000
5.687200
11.374000
5.687200
-1.895700
-2.843600
-2.843600
-6.635100
-9.478700
-4.739300
-4.739300
3.791500
15.166000
5.687200
0.947870
5.687200
4.739300
-0.947870
10.427000
3.791500
-6.635100
-6.635100
0.000000
4.739300
-3.791500
-5.687200
-0.947870
5.687200
9.478700
-3.791500
-8.530800
0.947870
14.218000
3.791500
-14.218000
-5.687200
0.947870
-6.635100
-13.270000
3.791500
6.635100
-2.843600
-8.530800
6.635100
8.530800
2.843600
6.635100
4.739300
-1.895700
4.739300
2.843600
-1.895700
-5.687200
-10.427000
-16.114000
-17.062000
-12.322000
-8.530800
-16.114000
-11.374000
-6.635100
0.947870
4.739300
3.791500
-4.739300
-10.427000
3.791500
-0.947870
0.947870
14.218000
-4.739300
-8.530800
4.739300
14.218000
7.582900
7.582900
23.697001
11.374000
11.374000
13.270000
-0.947870
-2.843600
7.582900
6.635100
6.635100
0.947870
-6.635100
-11.374000
-14.218000
0.000000
8.530800
13.270000
13.270000
13.270000
6.635100
5.687200
13.270000
13.270000
-6.635100
0.000000
3.791500
-5.687200
-7.582900
-7.582900
-3.791500
0.947870
1.895700
-7.582900
-5.687200
8.530800
8.530800
3.791500
13.270000
11.374000
10.427000
6.635100
6.635100
7.582900
13.270000
6.635100
9.478700
13.270000
4.739300
-9.478700
-9.478700
-7.582900
-12.322000
-7.582900
1.895700
2.843600
-3.791500
-4.739300
-1.895700
-0.947870
0.947870
6.635100
18.009001
11.374000
5.687200
14.218000
8.530800
0.000000
-0.947870
1.895700
-0.947870
-10.427000
-10.427000
-10.427000
-12.322000
-7.582900
6.635100
7.582900
2.843600
-5.687200
0.000000
3.791500
1.895700
6.635100
3.791500
2.843600
3.791500
1.895700
-1.895700
-3.791500
-0.947870
-3.791500
-5.687200
-2.843600
-5.687200
-5.687200
0.000000
0.947870
4.739300
7.582900
6.635100
7.582900
1.895700
2.843600
0.000000
-8.530800
-1.895700
-3.791500
-7.582900
-15.166000
-14.218000
-5.687200
0.947870
0.000000
0.947870
-7.582900
-1.895700
0.000000
-6.635100
-8.530800
0.947870
10.427000
5.687200
11.374000
12.322000
4.739300
2.843600
6.635100
-7.582900
-1.895700
1.895700
-4.739300
-10.427000
0.947870
1.895700
0.000000
1.895700
2.843600
7.582900
1.895700
-5.687200
-3.791500
2.843600
-1.895700
-7.582900
0.000000
5.687200
5.687200
-0.947870
0.000000
4.739300
-1.895700
0.000000
11.374000
9.478700
2.843600
5.687200
11.374000
6.635100
13.270000
13.270000
0.000000
9.478700
10.427000
4.739300
3.791500
-6.635100
-0.947870
5.687200
2.843600
-6.635100
-5.687200
-3.791500
-1.895700
3.791500
-8.530800
0.000000
-5.687200
-14.218000
-16.114000
-17.062000
-13.270000
-12.322000
0.947870
-9.478700
-16.114000
-2.843600
-1.895700
6.635100
6.635100
9.478700
14.218000
19.905001
18.009001
15.166000
23.697001
18.957001
5.687200
5.687200
-1.895700
-7.582900
7.582900
14.218000
9.478700
10.427000
14.218000
14.218000
15.166000
9.478700
9.478700
-3.791500
-1.895700
13.270000
3.791500
-5.687200
-6.635100
-3.791500
-4.739300
-17.062000
-9.478700
-7.582900
-13.270000
-6.635100
1.895700
-1.895700
-3.791500
0.947870
0.947870
-9.478700
-10.427000
-6.635100
-6.635100
-10.427000
0.000000
-5.687200
-8.530800
-5.687200
-6.635100
-13.270000
-7.582900
-5.687200
-7.582900
-8.530800
-4.739300
-11.374000
-14.218000
-0.947870
0.947870
-5.687200
-1.895700
9.478700
2.843600
-0.947870
7.582900
3.791500
-9.478700
-10.427000
-6.635100
-4.739300
-0.947870
-5.687200
-3.791500
3.791500
12.322000
5.687200
16.114000
10.427000
2.843600
9.478700
6.635100
8.530800
7.582900
7.582900
0.947870
-2.843600
-5.687200
-10.427000
-5.687200
-1.895700
8.530800
11.374000
-4.739300
-4.739300
0.000000
-3.791500
0.947870
6.635100
3.791500
4.739300
6.635100
0.000000
1.895700
0.000000
-3.791500
-11.374000
-11.374000
-0.947870
6.635100
9.478700
2.843600
0.947870
8.530800
15.166000
18.009001
13.270000
14.218000
10.427000
-6.635100
5.687200
8.530800
-4.739300
-10.427000
-11.374000
-23.697001
-18.957001
-6.635100
2.843600
0.947870
2.843600
2.843600
-11.374000
-17.062000
-5.687200
-2.843600
-0.947870
-5.687200
-11.374000
-10.427000
0.000000
13.270000
9.478700
-3.791500
-15.166000
-12.322000
0.000000
15.166000
-1.895700
-18.009001
-4.739300
9.478700
15.166000
11.374000
-4.739300
-22.749001
-22.749001
-9.478700
-4.739300
0.000000
-5.687200
-6.635100
0.947870
8.530800
2.843600
-5.687200
0.000000
5.687200
-3.791500
-7.582900
-7.582900
-7.582900
-1.895700
-5.687200
-10.427000
-11.374000
-5.687200
0.000000
-4.739300
-7.582900
-0.947870
4.739300
10.427000
2.843600
0.947870
2.843600
4.739300
0.947870
-0.947870
12.322000
18.009001
11.374000
1.895700
1.895700
2.843600
0.947870
-7.582900
-9.478700
1.895700
4.739300
4.739300
4.739300
1.895700
4.739300
12.322000
14.218000
11.374000
2.843600
-4.739300
2.843600
0.000000
-12.322000
-7.582900
7.582900
10.427000
0.000000
0.947870
7.582900
0.947870
-2.843600
-1.895700
6.635100
10.427000
3.791500
7.582900
2.843600
-6.635100
-2.843600
2.843600
8.530800
0.000000
-9.478700
3.791500
8.530800
10.427000
-5.687200
-9.478700
-6.635100
-6.635100
-0.947870
-9.478700
-1.895700
12.322000
9.478700
1.895700
0.000000
4.739300
4.739300
2.843600
-3.791500
-7.582900
-3.791500
5.687200
0.000000
1.895700
5.687200
3.791500
0.947870
5.687200
12.322000
