2.984100
2.031700
-0.825400
-1.777800
0.126980
-4.634900
-5.587300
-8.444400
-9.396800
-8.444400
-6.539700
-4.634900
0.126980
6.793700
10.603000
11.556000
10.603000
7.746000
2.984100
3.936500
1.079400
-3.682500
-6.539700
-4.634900
-3.682500
-7.492100
-9.396800
-11.302000
-9.396800
-12.254000
-8.444400
-3.682500
-10.349000
-12.254000
-12.254000
-8.444400
0.126980
-1.777800
-3.682500
-2.730200
2.031700
8.698400
15.365000
12.508000
8.698400
7.746000
6.793700
3.936500
1.079400
2.984100
2.031700
2.031700
6.793700
7.746000
0.126980
-3.682500
-1.777800
3.936500
5.841300
4.888900
3.936500
2.984100
8.698400
10.603000
10.603000
9.650800
2.984100
1.079400
-1.777800
-3.682500
0.126980
2.031700
2.984100
0.126980
-2.730200
-3.682500
-5.587300
-9.396800
-14.159000
-10.349000
-4.634900
-1.777800
-4.634900
-10.349000
-14.159000
-14.159000
-11.302000
-8.444400
-8.444400
0.126980
8.698400
7.746000
4.888900
2.984100
2.984100
0.126980
-2.730200
-3.682500
-4.634900
-5.587300
-4.634900
-2.730200
0.126980
9.650800
8.698400
5.841300
2.031700
-4.634900
-5.587300
-1.777800
-1.777800
-6.539700
-12.254000
-16.063000
-18.921000
-21.778000
-21.778000
-22.730000
-19.872999
-13.206000
-9.396800
-3.682500
2.984100
6.793700
8.698400
16.316999
17.270000
9.650800
4.888900
0.126980
-2.730200
-4.634900
-2.730200
-2.730200
-2.730200
1.079400
1.079400
5.841300
2.984100
-2.730200
-2.730200
-2.730200
-3.682500
-5.587300
-3.682500
-5.587300
-5.587300
5.841300
6.793700
2.031700
2.984100
4.888900
8.698400
5.841300
1.079400
2.984100
2.984100
2.031700
1.079400
-0.825400
-0.825400
-1.777800
-7.492100
-10.349000
-2.730200
0.126980
-0.825400
2.984100
4.888900
5.841300
7.746000
11.556000
11.556000
9.650800
10.603000
13.460000
5.841300
0.126980
1.079400
0.126980
-2.730200
-10.349000
-27.492001
-27.492001
-5.587300
2.984100
3.936500
2.031700
4.888900
12.508000
21.079000
21.079000
11.556000
2.031700
-0.825400
5.841300
2.031700
-3.682500
-7.492100
-5.587300
2.984100
2.031700
1.079400
2.031700
2.031700
8.698400
7.746000
3.936500
5.841300
10.603000
11.556000
6.793700
3.936500
-1.777800
1.079400
13.460000
4.888900
-11.302000
-21.778000
-17.968000
-2.730200
3.936500
5.841300
2.984100
8.698400
9.650800
9.650800
5.841300
1.079400
-0.825400
-5.587300
-5.587300
-7.492100
-7.492100
-6.539700
-9.396800
-15.111000
-17.968000
-18.921000
-11.302000
-5.587300
-1.777800
-1.777800
2.031700
7.746000
8.698400
0.126980
-7.492100
-7.492100
-0.825400
-1.777800
-2.730200
-6.539700
-8.444400
-6.539700
-6.539700
-5.587300
-4.634900
-5.587300
-3.682500
-1.777800
-1.777800
-1.777800
-0.825400
3.936500
7.746000
5.841300
2.031700
0.126980
-0.825400
-10.349000
-11.302000
-2.730200
6.793700
18.222000
13.460000
3.936500
6.793700
6.793700
4.888900
2.984100
-7.492100
-13.206000
-8.444400
7.746000
13.460000
2.984100
0.126980
3.936500
2.031700
-0.825400
-7.492100
-13.206000
-8.444400
4.888900
9.650800
12.508000
9.650800
5.841300
6.793700
7.746000
4.888900
-2.730200
-4.634900
-5.587300
-8.444400
-0.825400
8.698400
11.556000
13.460000
17.270000
24.889000
23.937000
19.174999
22.032000
20.127001
7.746000
-3.682500
-1.777800
1.079400
6.793700
6.793700
-5.587300
-11.302000
-7.492100
2.031700
3.936500
0.126980
5.841300
5.841300
8.698400
13.460000
11.556000
10.603000
7.746000
8.698400
11.556000
6.793700
5.841300
6.793700
2.031700
-7.492100
-17.016001
-20.825001
-16.063000
-17.016001
-20.825001
-17.016001
-11.302000
-7.492100
-1.777800
-2.730200
0.126980
2.984100
11.556000
8.698400
3.936500
4.888900
5.841300
-0.825400
-10.349000
-16.063000
-23.683001
-23.683001
-17.968000
-10.349000
-2.730200
-2.730200
4.888900
11.556000
10.603000
7.746000
5.841300
1.079400
-2.730200
-8.444400
-18.921000
-17.968000
-16.063000
-17.016001
-14.159000
-9.396800
-1.777800
2.984100
6.793700
8.698400
10.603000
15.365000
11.556000
6.793700
1.079400
1.079400
-1.777800
-6.539700
-4.634900
2.031700
-0.825400
-0.825400
3.936500
4.888900
0.126980
-0.825400
-0.825400
-5.587300
-11.302000
-14.159000
-16.063000
-10.349000
-4.634900
-1.777800
2.031700
5.841300
8.698400
13.460000
15.365000
14.413000
15.365000
13.460000
0.126980
-7.492100
-5.587300
-9.396800
-12.254000
-16.063000
-13.206000
-8.444400
-4.634900
-5.587300
-6.539700
3.936500
11.556000
7.746000
7.746000
8.698400
12.508000
19.174999
15.365000
14.413000
12.508000
11.556000
8.698400
4.888900
-4.634900
-8.444400
-2.730200
-2.730200
-2.730200
5.841300
9.650800
12.508000
15.365000
18.222000
22.983999
24.889000
21.079000
9.650800
2.984100
-0.825400
-5.587300
-6.539700
-13.206000
-16.063000
-17.016001
-19.872999
-11.302000
-5.587300
-2.730200
-3.682500
-1.777800
2.984100
1.079400
-2.730200
-2.730200
-3.682500
-4.634900
-0.825400
-3.682500
-7.492100
-14.159000
-18.921000
-13.206000
-12.254000
-12.254000
-5.587300
1.079400
1.079400
0.126980
2.031700
4.888900
5.841300
2.984100
-0.825400
-6.539700
-10.349000
-6.539700
1.079400
1.079400
-2.730200
-2.730200
-1.777800
5.841300
12.508000
8.698400
10.603000
13.460000
6.793700
-1.777800
-6.539700
-5.587300
-5.587300
-3.682500
-1.777800
-4.634900
-1.777800
0.126980
-3.682500
-2.730200
-3.682500
-6.539700
-9.396800
-5.587300
-7.492100
-9.396800
-3.682500
6.793700
16.316999
17.270000
14.413000
16.316999
16.316999
13.460000
1.079400
-7.492100
-5.587300
-4.634900
-8.444400
-12.254000
-8.444400
-4.634900
-8.444400
-9.396800
-1.777800
5.841300
7.746000
4.888900
8.698400
6.793700
2.984100
5.841300
2.984100
0.126980
0.126980
-0.825400
-4.634900
-11.302000
-11.302000
-7.492100
-7.492100
-4.634900
-0.825400
-5.587300
-3.682500
0.126980
2.031700
1.079400
2.031700
-0.825400
-6.539700
-1.777800
-2.730200
-1.777800
5.841300
1.079400
2.984100
13.460000
21.079000
21.079000
22.032000
29.650999
22.032000
14.413000
9.650800
-0.825400
-3.682500
0.126980
-1.777800
-2.730200
-5.587300
-7.492100
-6.539700
-4.634900
4.888900
9.650800
8.698400
6.793700
3.936500
-0.825400
-4.634900
1.079400
2.031700
-4.634900
1.079400
1.079400
-4.634900
-2.730200
-4.634900
-5.587300
-6.539700
-13.206000
-21.778000
-17.016001
-8.444400
-3.682500
0.126980
5.841300
7.746000
7.746000
5.841300
8.698400
12.508000
14.413000
11.556000
13.460000
13.460000
7.746000
-5.587300
-12.254000
-13.206000
-15.111000
-11.302000
-5.587300
-5.587300
-6.539700
-3.682500
0.126980
0.126980
3.936500
8.698400
18.222000
18.222000
11.556000
13.460000
10.603000
3.936500
-3.682500
-10.349000
-12.254000
-13.206000
-13.206000
-13.206000
-9.396800
-3.682500
6.793700
10.603000
10.603000
10.603000
11.556000
12.508000
14.413000
16.316999
10.603000
2.031700
-1.777800
-3.682500
-8.444400
-12.254000
-10.349000
-13.206000
-14.159000
-10.349000
-9.396800
-6.539700
-1.777800
2.031700
7.746000
7.746000
3.936500
2.984100
2.031700
2.031700
0.126980
-4.634900
-8.444400
-9.396800
-11.302000
-18.921000
-17.968000
-12.254000
-5.587300
-3.682500
-7.492100
-6.539700
-0.825400
3.936500
6.793700
7.746000
15.365000
16.316999
13.460000
10.603000
5.841300
4.888900
3.936500
-2.730200
-10.349000
-4.634900
-4.634900
-8.444400
-9.396800
-3.682500
0.126980
-0.825400
3.936500
9.650800
11.556000
6.793700
1.079400
1.079400
1.079400
-1.777800
-3.682500
-1.777800
-0.825400
-0.825400
-2.730200
1.079400
4.888900
8.698400
13.460000
17.270000
19.174999
16.316999
13.460000
11.556000
9.650800
13.460000
13.460000
10.603000
17.270000
12.508000
5.841300
2.031700
-1.777800
1.079400
5.841300
5.841300
1.079400
0.126980
4.888900
13.460000
15.365000
7.746000
6.793700
2.031700
-2.730200
-6.539700
-11.302000
-11.302000
-11.302000
-5.587300
-5.587300
-5.587300
5.841300
12.508000
17.270000
22.032000
26.794001
28.698000
29.650999
23.937000
18.222000
18.222000
13.460000
2.031700
-5.587300
-13.206000
-12.254000
-1.777800
4.888900
5.841300
11.556000
21.079000
24.889000
22.983999
20.127001
16.316999
3.936500
-3.682500
-0.825400
-8.444400
-17.968000
-22.730000
-21.778000
-19.872999
-21.778000
-14.159000
-8.444400
-4.634900
5.841300
10.603000
8.698400
5.841300
1.079400
-8.444400
-15.111000
-16.063000
-17.968000
-21.778000
-23.683001
-17.016001
-12.254000
-8.444400
-1.777800
0.126980
-3.682500
-5.587300
-7.492100
-8.444400
-9.396800
-10.349000
-13.206000
-12.254000
-6.539700
-2.730200
-0.825400
4.888900
8.698400
9.650800
15.365000
16.316999
4.888900
-3.682500
-8.444400
-11.302000
-16.063000
-17.968000
-17.968000
-16.063000
-9.396800
-2.730200
2.031700
10.603000
10.603000
6.793700
4.888900
1.079400
0.126980
-2.730200
-5.587300
-12.254000
-15.111000
-17.016001
-16.063000
-9.396800
-1.777800
6.793700
6.793700
1.079400
2.031700
6.793700
7.746000
7.746000
7.746000
2.984100
2.031700
1.079400
-3.682500
-2.730200
-3.682500
-4.634900
-4.634900
0.126980
7.746000
13.460000
13.460000
10.603000
11.556000
14.413000
22.032000
24.889000
22.032000
17.270000
7.746000
-2.730200
-0.825400
-4.634900
-17.968000
-28.444000
-36.063000
-43.682999
-37.967999
-29.396999
-17.968000
-10.349000
-5.587300
-1.777800
-2.730200
-3.682500
4.888900
4.888900
4.888900
2.984100
1.079400
2.984100
10.603000
19.174999
12.508000
2.031700
-4.634900
-7.492100
-3.682500
-3.682500
-13.206000
-17.016001
-6.539700
2.031700
3.936500
2.984100
-6.539700
-19.872999
-24.635000
-14.159000
-1.777800
0.126980
-4.634900
-3.682500
-0.825400
-0.825400
-6.539700
-7.492100
-0.825400
4.888900
1.079400
-3.682500
-2.730200
-3.682500
-0.825400
-5.587300
-11.302000
-17.016001
-14.159000
-3.682500
-0.825400
1.079400
2.031700
3.936500
7.746000
7.746000
8.698400
7.746000
5.841300
2.031700
3.936500
10.603000
12.508000
8.698400
4.888900
5.841300
3.936500
-5.587300
-12.254000
-10.349000
-2.730200
2.031700
3.936500
6.793700
8.698400
17.270000
21.079000
18.222000
12.508000
4.888900
-0.825400
-0.825400
-7.492100
-14.159000
-8.444400
5.841300
10.603000
4.888900
3.936500
6.793700
2.031700
0.126980
2.984100
8.698400
6.793700
0.126980
1.079400
2.031700
1.079400
3.936500
11.556000
14.413000
7.746000
1.079400
6.793700
7.746000
0.126980
-7.492100
-6.539700
-2.730200
-0.825400
4.888900
2.984100
4.888900
7.746000
4.888900
2.984100
3.936500
6.793700
10.603000
7.746000
-0.825400
-9.396800
-12.254000
-7.492100
-8.444400
-12.254000
-8.444400
-6.539700
-7.492100
-0.825400
5.841300
