0.127590
2.041500
8.421100
10.335000
1.403500
0.127590
5.869200
5.869200
2.679400
-0.510370
-2.424200
3.955300
8.421100
-4.338100
-9.441800
-3.700200
-1.148300
5.231300
8.421100
6.507200
5.231300
-2.424200
-6.252000
-3.700200
-1.148300
-5.614000
-3.062200
2.679400
2.679400
2.679400
2.679400
3.955300
3.955300
-1.148300
-10.080000
-10.718000
-3.700200
-2.424200
-3.700200
-1.148300
4.593300
5.231300
-2.424200
-1.786300
-2.424200
-8.803800
-8.803800
-6.252000
-6.252000
-4.976100
-1.148300
10.335000
12.887000
7.145100
3.955300
2.041500
-3.700200
-6.890000
-10.718000
-17.097000
-22.839001
-20.924999
-15.821000
-7.527900
-7.527900
-6.252000
0.127590
4.593300
12.887000
6.507200
-3.062200
3.955300
9.059000
8.421100
7.783100
3.955300
-1.786300
2.679400
-8.165900
-14.545000
-8.165900
-2.424200
-1.148300
-3.700200
-6.252000
-6.890000
-5.614000
0.127590
2.679400
-3.700200
-5.614000
-6.252000
-3.700200
0.127590
1.403500
4.593300
5.869200
2.679400
3.955300
-1.148300
-5.614000
-6.890000
5.869200
5.231300
0.765550
1.403500
2.041500
-1.786300
-7.527900
-2.424200
0.127590
10.335000
9.697000
0.127590
-0.510370
-0.510370
-5.614000
-5.614000
-7.527900
-6.252000
5.231300
7.145100
-3.062200
-4.976100
-1.786300
5.231300
7.145100
7.145100
7.783100
-1.148300
-2.424200
3.317400
2.679400
-0.510370
0.127590
4.593300
9.697000
2.679400
3.317400
9.059000
14.163000
9.059000
-1.148300
-3.062200
7.145100
3.317400
-6.890000
-8.803800
-10.718000
-10.080000
-8.165900
-10.080000
-3.062200
-2.424200
-9.441800
-9.441800
6.507200
10.973000
9.059000
6.507200
8.421100
12.249000
18.628000
17.990000
11.611000
10.335000
15.439000
15.439000
7.783100
1.403500
-8.803800
-6.890000
-4.338100
0.127590
8.421100
9.697000
5.231300
1.403500
-6.252000
-7.527900
9.059000
10.335000
9.697000
2.041500
-10.718000
-11.356000
-8.803800
-11.994000
-10.080000
-10.080000
-6.890000
-7.527900
-1.786300
-4.976100
-8.803800
-8.803800
-6.890000
0.765550
3.317400
2.679400
1.403500
4.593300
10.335000
21.180000
24.370001
19.903999
12.887000
9.697000
2.041500
-3.062200
-1.148300
-10.080000
-13.270000
-11.994000
-9.441800
-3.700200
-0.510370
13.525000
4.593300
-5.614000
3.317400
12.887000
12.887000
10.973000
11.611000
8.421100
5.231300
3.317400
4.593300
2.679400
5.869200
0.127590
-8.803800
-13.907000
-12.632000
-8.803800
-5.614000
5.869200
2.041500
3.955300
5.231300
-3.062200
-1.148300
-1.148300
9.697000
14.163000
11.611000
8.421100
5.869200
4.593300
-1.786300
-10.718000
-15.821000
-20.924999
-15.821000
-11.356000
-10.718000
-9.441800
-8.165900
-6.252000
2.679400
8.421100
4.593300
0.765550
3.955300
0.127590
-1.148300
-2.424200
1.403500
-3.062200
-4.976100
-1.786300
-0.510370
-5.614000
-8.165900
-8.803800
-6.890000
1.403500
10.335000
10.973000
5.869200
4.593300
12.887000
17.351999
15.439000
5.869200
3.317400
11.611000
14.163000
9.697000
5.869200
-6.252000
-6.252000
-7.527900
-6.252000
-3.062200
1.403500
3.955300
-2.424200
-0.510370
3.955300
-1.148300
0.765550
0.765550
7.783100
1.403500
-2.424200
-3.062200
-4.338100
-0.510370
1.403500
-1.148300
-3.700200
-8.803800
-10.080000
-3.062200
1.403500
3.955300
3.955300
3.317400
8.421100
7.783100
5.869200
5.869200
3.955300
10.335000
10.335000
13.525000
10.973000
10.335000
10.335000
9.059000
9.697000
7.783100
10.335000
6.507200
-3.062200
-9.441800
-4.338100
0.127590
5.231300
5.231300
5.869200
5.231300
7.783100
7.145100
5.869200
-4.338100
-11.356000
-11.356000
-4.976100
-5.614000
-13.270000
-13.907000
-13.907000
-11.994000
-9.441800
-0.510370
-2.424200
-7.527900
-6.252000
-3.700200
-4.976100
-4.338100
0.765550
3.317400
-1.148300
-1.148300
0.127590
-5.614000
-2.424200
-3.062200
-0.510370
3.317400
6.507200
9.697000
10.335000
9.697000
1.403500
-4.338100
-7.527900
-5.614000
-8.803800
-16.459000
-13.907000
-10.718000
-9.441800
-14.545000
-14.545000
-11.994000
-15.821000
-10.718000
-3.700200
-4.338100
-1.148300
3.955300
5.869200
12.887000
16.715000
12.249000
7.783100
5.231300
2.041500
-2.424200
-3.062200
-7.527900
-15.183000
-14.545000
-7.527900
2.041500
7.145100
3.317400
-1.786300
-6.252000
-5.614000
-3.062200
-4.338100
-4.338100
3.317400
-1.786300
-4.976100
-8.803800
-6.890000
0.127590
3.317400
-3.062200
-7.527900
-5.614000
7.783100
3.955300
-7.527900
-11.356000
-9.441800
-5.614000
-4.976100
-3.700200
0.765550
11.611000
14.163000
7.783100
2.679400
1.403500
0.127590
-4.338100
2.041500
-4.976100
-13.907000
-7.527900
-3.062200
1.403500
4.593300
3.317400
2.679400
5.231300
5.231300
3.317400
5.869200
3.955300
0.127590
-0.510370
1.403500
-2.424200
-1.786300
0.765550
0.127590
-4.338100
-1.148300
0.127590
-6.890000
-10.080000
-5.614000
-8.803800
-6.890000
3.955300
10.973000
5.231300
5.231300
5.869200
-0.510370
-3.062200
-3.062200
-1.148300
-5.614000
-4.338100
3.317400
6.507200
7.145100
3.317400
1.403500
6.507200
1.403500
-5.614000
-4.976100
0.127590
2.679400
0.127590
1.403500
0.765550
7.783100
9.697000
7.145100
9.059000
6.507200
2.041500
-3.062200
-1.786300
2.041500
-4.976100
-12.632000
-12.632000
-11.994000
-0.510370
7.145100
2.679400
8.421100
7.145100
7.783100
12.887000
14.801000
15.439000
11.611000
5.231300
5.869200
-0.510370
-6.252000
-0.510370
2.679400
5.869200
1.403500
-0.510370
-1.148300
-3.700200
-3.700200
2.041500
9.059000
10.973000
9.059000
7.783100
2.679400
4.593300
3.955300
-3.062200
-6.252000
-0.510370
-1.148300
-4.338100
-4.976100
-3.062200
-7.527900
-8.803800
-5.614000
2.041500
0.127590
-1.786300
2.041500
0.765550
-1.786300
-3.062200
0.127590
3.955300
10.335000
4.593300
-3.700200
-6.890000
-5.614000
1.403500
2.041500
-1.786300
-3.700200
-8.165900
-7.527900
-2.424200
3.955300
9.059000
13.525000
10.973000
7.145100
9.059000
11.611000
12.249000
8.421100
3.955300
6.507200
9.059000
10.335000
1.403500
-6.890000
-11.994000
-14.545000
-8.803800
-4.976100
-2.424200
-3.062200
-4.976100
3.955300
10.973000
3.317400
4.593300
11.611000
9.059000
3.317400
-1.786300
-9.441800
-7.527900
-6.890000
-5.614000
-8.803800
-17.097000
-17.097000
-12.632000
-2.424200
10.973000
12.887000
9.059000
5.869200
9.059000
8.421100
14.163000
10.335000
3.955300
0.765550
-2.424200
-4.976100
-8.803800
-5.614000
1.403500
-4.338100
-6.890000
6.507200
5.869200
-1.148300
0.127590
8.421100
-1.148300
-11.356000
-10.080000
-10.080000
-4.976100
-2.424200
-1.786300
-1.148300
-0.510370
1.403500
2.679400
3.955300
7.145100
5.231300
-0.510370
-3.062200
-6.890000
-12.632000
-8.803800
9.697000
13.525000
2.041500
-1.148300
1.403500
8.421100
12.887000
9.059000
8.421100
4.593300
2.041500
3.955300
1.403500
3.955300
-3.062200
-10.080000
-10.718000
-10.080000
-4.976100
-3.062200
9.697000
4.593300
2.679400
13.525000
15.439000
13.525000
6.507200
7.783100
7.783100
7.145100
3.955300
-4.976100
-6.890000
3.955300
3.317400
-2.424200
-4.976100
-6.890000
-6.252000
-4.338100
1.403500
3.317400
2.679400
-1.786300
-1.786300
0.765550
8.421100
10.973000
7.145100
2.041500
2.041500
-6.252000
-13.270000
-5.614000
-4.976100
-5.614000
-1.786300
7.145100
-1.786300
-11.994000
-7.527900
-4.338100
-8.803800
-7.527900
-4.976100
-4.338100
-7.527900
-6.252000
-0.510370
0.765550
0.127590
-4.976100
0.765550
3.317400
-1.148300
-1.148300
1.403500
8.421100
9.697000
2.679400
4.593300
3.317400
0.765550
1.403500
-0.510370
-2.424200
-8.803800
-2.424200
-1.148300
-5.614000
-3.062200
-1.786300
-0.510370
2.679400
2.679400
-3.062200
2.679400
2.041500
-1.786300
1.403500
7.145100
-3.700200
-12.632000
-8.803800
-11.994000
-11.994000
-6.890000
-0.510370
10.335000
12.249000
16.077000
11.611000
1.403500
-7.527900
-12.632000
-7.527900
-4.338100
-1.786300
0.765550
-6.890000
-4.976100
7.145100
4.593300
0.765550
4.593300
5.231300
4.593300
5.231300
1.403500
6.507200
7.783100
9.059000
5.869200
-1.148300
1.403500
-1.786300
-5.614000
-1.786300
-2.424200
-11.994000
-14.545000
-13.907000
-11.994000
-4.976100
-0.510370
1.403500
3.955300
11.611000
17.990000
17.351999
23.732000
23.094000
22.455999
16.715000
12.887000
17.351999
13.525000
6.507200
-0.510370
1.403500
-4.976100
-10.080000
-5.614000
-1.148300
-5.614000
-11.994000
-8.165900
-8.803800
-11.994000
-11.356000
-1.786300
0.127590
1.403500
-1.148300
-0.510370
-0.510370
-8.165900
-12.632000
-8.165900
-3.062200
0.765550
-3.700200
-8.165900
-11.994000
-8.165900
-1.786300
2.679400
12.249000
7.145100
0.127590
1.403500
3.955300
2.679400
0.765550
-3.700200
-7.527900
-8.803800
-5.614000
-6.252000
-4.338100
-3.062200
-3.062200
-6.890000
-7.527900
-3.062200
2.679400
2.679400
3.955300
-6.252000
-6.252000
-4.976100
-14.545000
-15.183000
-8.165900
-3.700200
-1.786300
-2.424200
-4.338100
1.403500
5.231300
9.697000
10.335000
4.593300
7.145100
3.955300
-1.786300
-3.700200
-2.424200
-1.786300
-3.062200
5.231300
5.231300
3.955300
5.231300
-1.786300
-5.614000
-6.252000
8.421100
5.869200
-4.976100
-7.527900
-8.803800
-7.527900
-11.356000
-6.890000
3.317400
3.317400
3.955300
6.507200
12.887000
19.266001
18.628000
27.559999
20.542000
10.335000
4.593300
2.679400
7.783100
6.507200
9.697000
4.593300
-3.062200
2.041500
9.697000
9.059000
5.869200
7.145100
18.628000
16.715000
3.955300
0.765550
-1.148300
-0.510370
-2.424200
-15.183000
-15.821000
-16.459000
-17.735001
-13.907000
-4.976100
-1.786300
-1.148300
2.679400
9.059000
7.783100
5.231300
6.507200
0.765550
-4.976100
-6.890000
-8.803800
-1.786300
0.127590
-3.062200
-9.441800
-15.183000
-12.632000
-7.527900
0.127590
5.869200
12.887000
12.887000
13.525000
13.525000
10.973000
6.507200
4.593300
5.869200
3.317400
0.765550
-4.976100
-8.165900
-10.718000
-13.907000
-17.097000
-26.667000
-27.305000
-16.459000
-7.527900
-4.976100
-8.165900
-2.424200
-0.510370
-3.700200
2.041500
9.059000
7.145100
10.973000
14.163000
5.231300
-1.148300
-6.252000
-10.718000
-10.718000
-3.062200
-5.614000
-11.994000
-6.252000
-3.062200
-1.148300
5.231300
2.679400
5.231300
2.679400
-0.510370
0.127590
-0.510370
3.317400
-2.424200
-8.803800
-12.632000
-17.735001
-15.183000
-4.976100
9.697000
14.801000
12.887000
11.611000
9.059000
6.507200
5.869200
12.249000
11.611000
8.421100
7.145100
7.783100
7.783100
7.145100
5.869200
8.421100
6.507200
6.507200
