4.444400
2.539700
2.539700
1.904800
-5.079400
-8.254000
-10.159000
-8.254000
-1.904800
5.079400
8.888900
17.778000
19.683001
2.539700
-5.714300
-3.809500
-8.254000
-10.159000
-9.523800
-4.444400
3.809500
3.174600
0.000000
-4.444400
-5.714300
-8.254000
-6.349200
-0.634920
1.904800
5.714300
10.159000
12.063000
9.523800
3.174600
-3.809500
-4.444400
-3.174600
-8.254000
-9.523800
-1.269800
6.349200
5.079400
-5.079400
-3.174600
-1.904800
-3.174600
0.000000
4.444400
5.079400
5.714300
6.349200
10.794000
5.079400
-4.444400
-7.619000
-6.984100
-7.619000
-6.984100
-8.254000
-9.523800
-11.429000
-7.619000
-1.269800
7.619000
1.904800
-3.174600
1.904800
3.809500
9.523800
5.714300
-2.539700
0.000000
1.904800
0.000000
6.984100
11.429000
11.429000
17.143000
6.984100
5.714300
12.063000
12.063000
1.904800
-5.079400
-7.619000
-7.619000
-5.714300
2.539700
5.714300
-1.269800
-6.984100
-9.523800
-7.619000
-1.904800
-0.634920
1.269800
-0.634920
-8.254000
-6.349200
-5.079400
-5.714300
-10.159000
-1.269800
-4.444400
-10.159000
-10.159000
-5.079400
-3.809500
-13.968000
-13.968000
-10.159000
3.174600
8.888900
6.984100
6.984100
2.539700
-6.349200
-12.698000
-17.143000
-18.413000
-6.984100
0.634920
-4.444400
-3.174600
0.634920
6.349200
6.984100
3.809500
4.444400
-2.539700
-7.619000
-6.984100
-6.984100
-6.349200
-5.714300
-3.174600
5.714300
3.809500
8.254000
14.603000
18.413000
14.603000
5.079400
1.269800
8.888900
5.714300
-3.174600
-5.714300
-8.254000
-0.634920
8.254000
10.159000
14.603000
10.794000
5.714300
0.000000
4.444400
3.809500
1.269800
-5.714300
-10.794000
-8.888900
-2.539700
-0.634920
-1.904800
-0.634920
4.444400
5.714300
5.079400
3.174600
-1.269800
5.079400
6.984100
3.174600
1.269800
-7.619000
-13.333000
-8.254000
-8.888900
-9.523800
5.079400
5.714300
15.238000
17.143000
7.619000
3.809500
-1.269800
-5.714300
-1.269800
1.269800
4.444400
2.539700
6.984100
3.809500
3.174600
3.174600
-0.634920
-3.174600
-6.349200
-5.079400
0.000000
6.984100
10.794000
13.968000
13.968000
9.523800
2.539700
-1.904800
-6.349200
-3.174600
3.174600
-7.619000
-10.794000
-8.254000
-10.159000
-8.888900
-8.888900
4.444400
-0.634920
-5.079400
6.984100
12.698000
11.429000
6.349200
6.984100
2.539700
-2.539700
-3.809500
0.634920
3.174600
10.794000
7.619000
0.634920
-7.619000
-14.603000
-17.778000
-22.857000
-13.968000
-10.159000
-1.269800
4.444400
0.634920
3.174600
1.269800
5.079400
7.619000
3.174600
-2.539700
-2.539700
0.000000
-3.809500
-6.984100
-6.349200
-9.523800
-5.714300
-4.444400
-7.619000
-5.079400
-3.174600
-5.714300
-1.269800
2.539700
-1.269800
-8.254000
-8.254000
-11.429000
-8.254000
-1.904800
13.333000
15.238000
12.063000
10.159000
6.984100
1.269800
-0.634920
1.904800
3.174600
4.444400
5.714300
1.904800
1.269800
-0.634920
3.174600
7.619000
8.254000
3.809500
5.714300
13.333000
8.254000
2.539700
2.539700
-5.714300
-5.714300
-6.349200
0.000000
3.174600
6.349200
9.523800
-1.269800
-9.523800
-10.159000
-12.698000
-8.888900
-6.349200
4.444400
3.809500
3.809500
6.984100
4.444400
1.269800
3.174600
4.444400
3.174600
-1.904800
-3.174600
-0.634920
1.904800
5.714300
9.523800
15.238000
24.761999
19.683001
12.063000
10.159000
6.984100
9.523800
5.714300
6.349200
-1.269800
-7.619000
-5.714300
-2.539700
1.904800
4.444400
11.429000
9.523800
2.539700
-2.539700
-0.634920
4.444400
14.603000
16.507999
12.063000
4.444400
0.634920
-6.349200
-7.619000
-11.429000
-14.603000
-14.603000
-10.159000
-9.523800
-10.159000
-1.904800
5.714300
13.333000
12.698000
13.968000
10.159000
2.539700
-2.539700
-2.539700
-5.079400
-4.444400
2.539700
9.523800
5.714300
6.349200
13.968000
15.238000
15.873000
5.079400
-1.904800
-7.619000
-10.159000
-10.794000
-12.063000
-11.429000
-11.429000
-3.809500
5.714300
15.238000
15.873000
5.079400
4.444400
3.174600
1.269800
-8.254000
-12.698000
-10.794000
-12.698000
-8.888900
-3.809500
-4.444400
-5.714300
-8.254000
-2.539700
8.888900
12.063000
5.714300
3.174600
3.174600
1.904800
-3.809500
-8.254000
-10.159000
-16.507999
-18.413000
-15.238000
-8.888900
-3.174600
-5.079400
-5.714300
-7.619000
-13.968000
-17.778000
-18.413000
-19.683001
-11.429000
-10.794000
-5.714300
-2.539700
-1.269800
6.349200
16.507999
14.603000
5.079400
0.000000
10.159000
7.619000
-2.539700
-5.079400
-6.349200
-8.888900
-9.523800
-8.254000
-3.809500
3.174600
-1.269800
-10.794000
-13.968000
-10.794000
-5.079400
-0.634920
17.778000
23.492001
19.048000
20.316999
14.603000
7.619000
3.174600
-5.714300
-8.254000
-2.539700
-0.634920
1.269800
8.888900
8.888900
5.714300
8.888900
10.159000
3.809500
-0.634920
0.634920
6.349200
6.349200
5.079400
0.000000
-10.159000
-14.603000
-10.159000
-11.429000
-12.063000
-9.523800
-10.159000
-13.333000
-7.619000
-5.079400
-3.174600
0.000000
1.269800
6.349200
3.174600
3.174600
5.079400
5.714300
5.079400
3.809500
4.444400
10.794000
6.984100
-3.174600
-8.888900
-6.984100
-6.984100
-10.159000
-7.619000
-5.079400
5.714300
7.619000
2.539700
5.079400
3.174600
5.079400
6.349200
6.349200
8.888900
1.904800
-5.714300
-5.714300
-10.159000
-6.984100
-1.904800
-5.079400
5.714300
6.349200
1.904800
5.079400
9.523800
13.968000
13.333000
5.079400
1.269800
-6.349200
-10.794000
-3.809500
-3.809500
-3.174600
-7.619000
-6.984100
-3.809500
0.634920
6.349200
8.888900
7.619000
9.523800
12.063000
12.063000
4.444400
0.000000
0.000000
-2.539700
-4.444400
-3.809500
-5.714300
-6.984100
-8.888900
-6.984100
-6.984100
-2.539700
3.174600
10.159000
3.809500
-3.174600
-1.904800
0.000000
1.269800
0.000000
0.634920
1.904800
10.794000
12.063000
8.254000
11.429000
13.333000
16.507999
14.603000
12.698000
12.698000
10.159000
6.984100
3.174600
1.269800
0.000000
0.634920
-2.539700
-6.349200
-7.619000
-12.063000
-15.238000
-13.968000
-9.523800
-0.634920
5.714300
12.698000
12.063000
12.063000
11.429000
8.888900
8.888900
3.174600
-5.714300
-15.873000
-26.032000
-27.302000
-27.302000
-33.015999
-24.761999
-11.429000
-7.619000
-6.349200
-3.174600
-0.634920
7.619000
10.159000
8.254000
5.079400
0.634920
2.539700
0.000000
-5.714300
-1.269800
-1.269800
-6.984100
-10.794000
-10.794000
-12.698000
-5.079400
-2.539700
1.904800
8.888900
8.888900
6.349200
1.269800
0.000000
0.000000
-8.888900
-10.794000
2.539700
3.174600
-0.634920
5.079400
14.603000
9.523800
7.619000
9.523800
3.809500
5.079400
5.714300
0.634920
-3.174600
-0.634920
2.539700
4.444400
5.714300
5.079400
2.539700
0.000000
1.904800
7.619000
9.523800
10.794000
13.968000
6.349200
-8.254000
-10.159000
-9.523800
-4.444400
1.904800
1.904800
6.349200
6.984100
6.984100
8.888900
4.444400
7.619000
-1.269800
-10.159000
-14.603000
-18.413000
-17.143000
-18.413000
-6.349200
-5.079400
-2.539700
6.984100
10.159000
13.968000
12.063000
17.778000
13.968000
6.349200
-3.174600
-10.794000
-13.333000
-4.444400
-2.539700
-3.809500
-1.904800
-1.269800
-4.444400
-3.809500
3.174600
4.444400
-0.634920
-6.349200
-9.523800
-10.794000
-5.079400
-2.539700
-3.809500
-4.444400
1.269800
-3.174600
-5.079400
6.984100
6.984100
3.174600
2.539700
5.079400
-3.809500
-10.159000
-1.269800
2.539700
-2.539700
0.000000
1.904800
0.000000
-6.349200
-5.714300
0.000000
3.174600
3.809500
0.000000
8.254000
11.429000
5.079400
3.174600
1.269800
0.000000
-1.269800
-5.079400
0.000000
2.539700
0.634920
0.634920
1.904800
1.269800
-1.269800
5.714300
8.254000
4.444400
5.079400
3.809500
3.809500
5.079400
5.714300
3.809500
8.254000
5.714300
0.000000
3.174600
12.063000
6.349200
-2.539700
-5.714300
-12.698000
-16.507999
-13.333000
-5.714300
6.349200
9.523800
12.698000
11.429000
8.888900
5.714300
-1.269800
-2.539700
-8.888900
-9.523800
-5.714300
-13.333000
-15.873000
-6.984100
-8.888900
-10.159000
-5.714300
-6.349200
-6.984100
0.000000
3.174600
8.254000
1.269800
2.539700
6.984100
3.174600
6.984100
4.444400
3.809500
11.429000
12.063000
3.174600
1.904800
0.634920
-3.174600
-6.984100
-10.794000
-10.794000
-8.254000
-1.269800
5.714300
6.984100
11.429000
11.429000
10.794000
3.174600
-1.269800
3.174600
1.269800
-2.539700
-7.619000
-2.539700
-1.269800
5.079400
14.603000
20.316999
17.143000
10.794000
15.873000
18.413000
14.603000
6.984100
1.269800
-8.888900
-8.888900
-6.349200
-1.904800
-0.634920
-4.444400
-7.619000
-3.174600
2.539700
9.523800
8.254000
3.174600
-2.539700
-5.714300
-8.888900
-9.523800
0.634920
-5.079400
-14.603000
-16.507999
-17.143000
-15.873000
-9.523800
-8.888900
-12.063000
-13.333000
-9.523800
-6.984100
-1.904800
5.714300
11.429000
3.809500
-2.539700
-3.809500
-1.269800
-0.634920
6.984100
-1.904800
-5.079400
-2.539700
-6.984100
-2.539700
6.984100
10.159000
10.794000
7.619000
2.539700
3.809500
-0.634920
-1.269800
1.269800
0.000000
-0.634920
-13.968000
-18.413000
-12.063000
-5.714300
-0.634920
-2.539700
0.000000
0.634920
1.904800
5.714300
5.714300
12.063000
20.316999
34.285999
24.127001
6.984100
-1.904800
-7.619000
-8.888900
-16.507999
-16.507999
-8.254000
-9.523800
-12.698000
-13.333000
-3.809500
5.079400
4.444400
15.873000
15.238000
12.698000
15.238000
13.968000
15.238000
12.063000
16.507999
9.523800
-3.174600
-1.904800
-0.634920
-2.539700
-4.444400
-5.714300
3.809500
2.539700
-2.539700
4.444400
10.159000
16.507999
12.698000
2.539700
6.349200
1.904800
-4.444400
-2.539700
1.904800
-3.174600
-10.159000
-8.254000
1.269800
1.904800
-0.634920
5.079400
4.444400
0.634920
0.634920
0.634920
8.254000
10.159000
5.714300
-0.634920
-5.714300
-8.254000
-10.159000
-8.888900
-6.984100
-3.809500
-14.603000
-22.222000
-21.587000
-15.873000
-12.698000
-8.888900
-1.904800
1.904800
6.349200
8.888900
7.619000
3.809500
1.269800
0.634920
-6.349200
-6.984100
-5.714300
-4.444400
-5.714300
-12.698000
-4.444400
0.000000
-5.714300
-3.809500
-0.634920
-2.539700
0.000000
3.174600
-1.269800
0.000000
3.174600
1.904800
0.000000
7.619000
1.904800
-6.984100
-7.619000
-13.333000
-14.603000
-11.429000
-12.063000
-3.809500
-5.079400
-5.714300
0.634920
5.714300
14.603000
7.619000
-1.904800
-3.174600
-4.444400
-2.539700
-3.809500
-3.174600
-0.634920
3.174600
5.714300
8.254000
8.888900
8.888900
16.507999
17.143000
13.333000
8.254000
2.539700
-3.174600
-5.714300
-7.619000
-4.444400
-1.904800
4.444400
