1.396800
2.031700
-0.507940
1.396800
0.761900
0.126980
12.825000
12.190000
3.936500
2.666700
-7.492100
7.111100
24.254000
5.841300
2.031700
-1.777800
-9.396800
-4.317500
-6.857100
0.126980
2.666700
-4.952400
-9.396800
0.126980
0.126980
-5.587300
-8.761900
-3.682500
-0.507940
-0.507940
0.126980
7.111100
7.111100
2.031700
-7.492100
-8.761900
0.126980
-1.777800
-0.507940
3.301600
-1.142900
-1.777800
-4.317500
-1.142900
-1.142900
-10.667000
-1.142900
0.126980
-6.222200
-13.841000
-13.206000
10.921000
17.270000
9.650800
3.301600
-6.857100
-3.682500
2.666700
3.301600
-6.222200
-16.381001
-17.016001
-17.016001
-5.587300
-3.047600
5.206300
5.841300
3.301600
7.111100
0.126980
-1.142900
5.841300
7.746000
3.301600
3.936500
5.206300
-1.777800
4.571400
-18.285999
-23.365000
-6.857100
2.031700
8.381000
-3.047600
-10.032000
-6.857100
-6.857100
3.936500
12.825000
4.571400
-5.587300
-4.952400
-5.587300
-3.682500
1.396800
1.396800
11.556000
5.841300
-6.857100
-8.127000
-8.761900
-4.317500
1.396800
-5.587300
-3.682500
-5.587300
6.476200
-0.507940
-16.381001
-7.492100
-3.047600
8.381000
13.460000
3.301600
5.841300
-0.507940
-4.952400
-1.142900
1.396800
-1.142900
10.286000
7.111100
-0.507940
0.761900
-1.142900
0.761900
0.761900
6.476200
11.556000
3.301600
5.206300
3.936500
1.396800
5.206300
8.381000
9.650800
10.286000
1.396800
-0.507940
-3.682500
-1.142900
0.761900
-5.587300
-9.396800
11.556000
9.650800
-0.507940
-1.777800
-4.317500
-8.127000
-3.682500
2.666700
8.381000
8.381000
-1.142900
-0.507940
7.746000
-0.507940
2.666700
2.666700
7.746000
12.190000
16.000000
21.079000
12.190000
5.841300
8.381000
3.936500
3.936500
4.571400
-8.127000
-3.047600
-4.952400
-11.937000
-0.507940
3.301600
1.396800
7.111100
0.761900
-6.222200
7.746000
3.936500
3.301600
0.126980
-15.111000
-11.302000
-1.777800
-2.412700
0.126980
0.761900
1.396800
-1.142900
7.111100
1.396800
-6.222200
-1.777800
-2.412700
-4.317500
-1.777800
-3.682500
-11.937000
-4.952400
2.031700
13.460000
16.000000
7.111100
6.476200
7.746000
3.301600
8.381000
13.460000
5.206300
-6.857100
-8.127000
-6.857100
0.126980
-5.587300
2.666700
-3.047600
-6.857100
0.761900
8.381000
5.206300
7.746000
14.095000
3.936500
-3.682500
2.666700
12.825000
14.730000
12.825000
-1.142900
-11.937000
-11.937000
-7.492100
0.761900
-2.412700
-5.587300
-5.587300
9.015900
10.286000
3.936500
4.571400
0.761900
7.111100
8.381000
3.936500
3.301600
6.476200
3.301600
-8.127000
-19.556000
-15.746000
-10.032000
-3.682500
-4.952400
-4.317500
1.396800
-3.682500
-8.761900
-0.507940
10.921000
5.206300
-6.857100
-6.222200
-8.761900
-10.032000
-8.127000
-4.952400
-8.761900
-7.492100
-4.952400
-6.857100
-11.302000
-6.222200
-2.412700
0.126980
12.190000
15.365000
1.396800
-2.412700
2.031700
12.190000
14.095000
10.286000
2.666700
2.031700
13.460000
15.365000
-3.047600
-2.412700
-3.682500
-4.952400
-10.032000
-7.492100
-3.682500
-10.667000
-2.412700
-4.317500
-3.682500
7.746000
0.126980
-2.412700
-1.777800
5.841300
-0.507940
-11.302000
-10.667000
2.031700
0.126980
-5.587300
-3.047600
2.031700
1.396800
0.126980
2.031700
4.571400
4.571400
2.031700
2.031700
7.746000
8.381000
-3.682500
-8.761900
-6.222200
3.301600
3.301600
6.476200
5.206300
5.206300
10.286000
13.460000
19.809999
10.921000
3.936500
-5.587300
-11.937000
-7.492100
-2.412700
-0.507940
-3.682500
-2.412700
4.571400
4.571400
6.476200
3.301600
-6.222200
-8.761900
-8.127000
-6.222200
7.746000
-3.682500
-15.746000
-13.841000
-13.206000
-8.761900
-1.777800
-2.412700
-8.761900
-3.682500
-2.412700
2.031700
0.761900
-8.761900
-4.317500
-0.507940
-4.952400
-4.317500
-2.412700
-7.492100
-2.412700
3.301600
-1.142900
2.031700
9.015900
10.921000
8.381000
14.095000
5.841300
0.126980
-8.127000
-6.222200
-4.317500
-10.667000
-11.302000
-12.571000
-6.857100
-4.952400
-5.587300
-1.777800
-3.047600
3.301600
0.126980
-5.587300
-1.777800
7.746000
12.825000
20.444000
23.618999
16.635000
0.761900
-5.587300
7.111100
10.286000
16.000000
3.936500
-8.127000
-8.127000
-5.587300
3.936500
6.476200
-1.142900
-17.016001
-16.381001
-3.047600
-1.142900
-1.142900
-0.507940
-4.317500
-2.412700
-1.142900
-3.682500
-5.587300
-3.047600
0.126980
-4.952400
-6.222200
-4.952400
7.111100
-5.587300
-17.016001
-9.396800
1.396800
4.571400
2.031700
-1.142900
3.301600
17.270000
9.015900
-3.682500
-3.047600
-1.777800
-0.507940
-4.952400
-4.952400
-18.921000
-24.635000
-15.111000
-4.952400
1.396800
6.476200
1.396800
-1.142900
9.015900
1.396800
-3.682500
5.841300
5.841300
7.746000
10.921000
3.936500
-2.412700
-0.507940
-4.317500
-5.587300
-6.857100
0.761900
10.921000
3.301600
-10.032000
-8.761900
-4.952400
-1.142900
5.206300
21.079000
12.825000
2.666700
3.301600
2.031700
7.746000
-3.682500
-9.396800
-8.127000
-5.587300
5.206300
13.460000
7.746000
-0.507940
0.761900
4.571400
-1.777800
-4.952400
1.396800
7.111100
-0.507940
-6.857100
-1.142900
2.031700
6.476200
7.746000
-1.142900
-3.047600
-6.222200
-7.492100
-4.317500
3.301600
2.031700
-6.857100
-11.937000
-5.587300
-1.142900
9.015900
11.556000
1.396800
3.936500
5.206300
0.761900
3.936500
9.650800
8.381000
-1.777800
-1.777800
5.206300
-4.317500
-3.047600
10.921000
16.000000
16.635000
12.190000
-0.507940
-4.952400
-10.032000
-9.396800
0.126980
9.015900
6.476200
3.301600
2.031700
1.396800
4.571400
11.556000
0.126980
-1.142900
14.095000
14.730000
9.650800
7.746000
1.396800
0.761900
0.126980
-1.142900
3.301600
0.761900
-8.127000
-4.317500
5.206300
3.301600
-3.047600
2.666700
9.015900
17.905001
6.476200
-6.857100
-4.317500
0.761900
0.761900
0.126980
-0.507940
-4.317500
-8.761900
-9.396800
-4.317500
1.396800
3.301600
5.841300
4.571400
-3.682500
0.761900
9.015900
5.841300
2.031700
0.126980
5.206300
3.301600
6.476200
5.206300
2.031700
-5.587300
-8.127000
-1.142900
1.396800
2.031700
-1.142900
-6.857100
-3.682500
5.206300
3.301600
7.746000
11.556000
5.206300
1.396800
-1.142900
-6.222200
-0.507940
-1.142900
0.126980
-3.047600
-15.111000
-8.761900
-6.222200
-3.682500
5.206300
7.111100
2.031700
-4.317500
2.031700
2.031700
9.015900
2.666700
-8.761900
1.396800
0.126980
-11.302000
-17.650999
-4.317500
7.746000
3.301600
-1.777800
0.761900
-2.412700
-3.047600
3.301600
9.650800
2.666700
0.761900
-5.587300
-10.667000
3.301600
0.761900
-9.396800
-5.587300
-4.952400
-0.507940
0.761900
3.301600
9.015900
0.126980
-3.682500
-9.396800
-7.492100
-13.206000
-15.111000
5.206300
14.730000
-6.857100
-15.111000
0.126980
10.921000
17.270000
12.825000
-1.777800
-6.222200
4.571400
7.111100
0.761900
4.571400
-0.507940
0.761900
-2.412700
-1.777800
3.936500
0.761900
6.476200
5.841300
7.111100
10.921000
4.571400
8.381000
2.031700
6.476200
7.111100
3.936500
-1.142900
-8.127000
-8.127000
-4.952400
-5.587300
-4.317500
-4.317500
-3.047600
-10.032000
-11.302000
3.936500
11.556000
12.825000
9.015900
10.286000
17.905001
13.460000
0.126980
-1.142900
2.666700
5.206300
0.761900
-8.761900
-2.412700
-10.667000
-10.032000
-10.667000
-1.142900
-4.317500
-4.317500
5.841300
2.666700
4.571400
12.825000
13.460000
11.556000
5.206300
2.666700
2.031700
1.396800
0.126980
-0.507940
2.031700
-3.047600
-6.857100
-7.492100
-0.507940
9.015900
7.746000
3.936500
9.015900
9.650800
4.571400
12.190000
-4.952400
-9.396800
-1.777800
5.206300
3.936500
-2.412700
-2.412700
-8.127000
-10.667000
-9.396800
-7.492100
-4.317500
5.841300
-0.507940
-8.761900
-1.777800
-4.317500
-5.587300
-0.507940
1.396800
-12.571000
-14.476000
-4.317500
2.666700
12.825000
16.635000
18.540001
15.365000
0.126980
-10.032000
0.761900
9.650800
11.556000
-1.142900
-8.761900
-11.302000
-2.412700
12.190000
5.206300
-4.952400
4.571400
11.556000
0.761900
-2.412700
0.126980
3.301600
1.396800
-1.777800
0.126980
-8.127000
-7.492100
-3.047600
-9.396800
-3.682500
-7.492100
-18.285999
-18.921000
-14.476000
-11.937000
-10.032000
2.031700
2.666700
6.476200
7.746000
8.381000
6.476200
10.286000
15.365000
21.079000
9.650800
-1.777800
4.571400
1.396800
-6.857100
-6.857100
-11.937000
-15.111000
-15.746000
-11.937000
-4.317500
-5.587300
-1.142900
3.301600
-10.667000
-18.285999
-8.761900
3.301600
-1.142900
-8.127000
0.126980
3.936500
0.126980
1.396800
-3.047600
-4.317500
2.031700
7.746000
2.031700
-3.682500
-4.952400
-2.412700
5.841300
7.111100
10.286000
6.476200
0.761900
0.126980
2.666700
-3.682500
-5.587300
-8.761900
-6.857100
-3.682500
-2.412700
-2.412700
13.460000
-1.142900
-8.127000
-4.952400
-5.587300
-4.952400
2.031700
-2.412700
-3.047600
-8.761900
-8.761900
-10.032000
-15.746000
-15.111000
-4.952400
-10.667000
-13.206000
-6.222200
0.126980
8.381000
2.031700
10.286000
6.476200
0.761900
10.921000
0.761900
-5.587300
-5.587300
0.761900
5.206300
1.396800
6.476200
1.396800
-3.682500
-8.761900
-17.650999
-19.556000
-15.111000
10.921000
12.825000
1.396800
-2.412700
-6.222200
2.031700
-0.507940
3.936500
3.936500
-4.317500
5.206300
7.111100
16.635000
18.540001
11.556000
25.524000
21.079000
14.095000
9.015900
9.015900
11.556000
7.111100
15.365000
13.460000
12.190000
5.841300
4.571400
3.301600
3.936500
9.015900
16.635000
5.841300
-9.396800
-11.302000
-13.206000
-11.937000
-22.730000
-19.556000
-3.047600
-1.142900
-11.937000
-17.016001
-3.682500
-6.222200
-11.937000
-1.777800
11.556000
10.921000
0.761900
-3.682500
-4.952400
-3.682500
-7.492100
-9.396800
-4.317500
-1.142900
-1.142900
-4.317500
-6.857100
-2.412700
-0.507940
-3.682500
1.396800
15.365000
18.540001
13.460000
12.825000
9.015900
5.841300
7.746000
10.921000
3.936500
1.396800
-3.682500
-2.412700
-0.507940
-2.412700
2.666700
-3.047600
-6.222200
2.666700
-6.222200
-16.381001
-12.571000
0.761900
7.746000
3.301600
-10.032000
1.396800
11.556000
17.270000
25.524000
12.825000
1.396800
-4.317500
-6.222200
-5.587300
4.571400
-1.777800
-13.841000
-11.302000
-6.222200
-7.492100
-0.507940
3.301600
2.031700
-0.507940
-7.492100
3.936500
3.936500
2.666700
5.206300
-7.492100
-8.761900
-24.635000
-28.444000
-11.937000
2.031700
4.571400
7.746000
0.761900
2.666700
1.396800
3.936500
17.270000
10.921000
5.841300
9.015900
14.730000
5.206300
1.396800
6.476200
9.015900
8.381000
0.761900
