-6.826200
-5.869200
2.743200
0.829350
0.829350
-1.084500
0.829350
4.657100
-6.826200
-2.998400
2.743200
0.829350
-1.084500
-3.955300
0.829350
9.441800
8.484800
-2.998400
-4.912300
-1.084500
-1.084500
-2.041500
-3.955300
-6.826200
4.657100
3.700200
-2.041500
6.571000
6.571000
3.700200
-2.041500
-4.912300
-14.482000
-3.955300
-2.998400
-4.912300
3.700200
9.441800
8.484800
0.829350
-1.084500
-2.998400
2.743200
2.743200
6.571000
1.786300
2.743200
8.484800
-0.127590
-4.912300
5.614000
4.657100
-4.912300
-3.955300
-8.740000
-4.912300
0.829350
1.786300
-0.127590
2.743200
6.571000
6.571000
-0.127590
-12.568000
-8.740000
5.614000
6.571000
2.743200
-8.740000
-8.740000
-12.568000
-12.568000
-2.998400
-4.912300
-8.740000
-1.084500
-5.869200
-6.826200
-8.740000
7.527900
7.527900
-4.912300
-8.740000
-7.783100
0.829350
-1.084500
-2.998400
-0.127590
3.700200
-1.084500
0.829350
3.700200
8.484800
12.313000
2.743200
8.484800
1.786300
5.614000
11.356000
0.829350
-2.041500
7.527900
10.399000
-0.127590
-8.740000
-4.912300
9.441800
-3.955300
-4.912300
-2.041500
-4.912300
-8.740000
-14.482000
-3.955300
0.829350
-2.998400
-2.041500
8.484800
9.441800
-2.041500
-3.955300
1.786300
4.657100
0.829350
7.527900
7.527900
-1.084500
6.571000
7.527900
6.571000
-2.041500
-8.740000
-3.955300
7.527900
6.571000
-2.041500
-2.998400
-8.740000
-2.998400
-5.869200
-3.955300
3.700200
3.700200
10.399000
6.571000
-5.869200
2.743200
9.441800
2.743200
1.786300
-6.826200
-2.041500
1.786300
-2.041500
-2.041500
3.700200
-0.127590
0.829350
5.614000
0.829350
-2.998400
5.614000
2.743200
1.786300
1.786300
3.700200
-5.869200
-3.955300
11.356000
4.657100
7.527900
1.786300
-3.955300
-5.869200
3.700200
-1.084500
-3.955300
-2.041500
-0.127590
3.700200
-7.783100
-8.740000
1.786300
4.657100
0.829350
-0.127590
-10.654000
-2.998400
1.786300
-6.826200
-3.955300
-3.955300
0.829350
8.484800
-3.955300
-1.084500
3.700200
-11.611000
-1.084500
6.571000
0.829350
-6.826200
-2.998400
-12.568000
-2.041500
8.484800
4.657100
7.527900
1.786300
-2.998400
5.614000
0.829350
-2.041500
-4.912300
-8.740000
-2.041500
-3.955300
-2.998400
-12.568000
-6.826200
2.743200
-4.912300
-7.783100
-8.740000
3.700200
12.313000
10.399000
6.571000
9.441800
4.657100
5.614000
7.527900
6.571000
7.527900
-3.955300
-14.482000
0.829350
1.786300
0.829350
-6.826200
-3.955300
8.484800
10.399000
3.700200
-0.127590
-8.740000
4.657100
6.571000
5.614000
4.657100
-5.869200
-2.998400
2.743200
11.356000
7.527900
-6.826200
-8.740000
2.743200
5.614000
0.829350
6.571000
4.657100
-15.439000
-20.223000
1.786300
7.527900
-3.955300
-7.783100
-6.826200
2.743200
-7.783100
-5.869200
-1.084500
-6.826200
-1.084500
-3.955300
0.829350
0.829350
7.527900
7.527900
3.700200
9.441800
4.657100
-9.697000
-2.041500
9.441800
11.356000
-0.127590
-2.998400
8.484800
-4.912300
-6.826200
4.657100
3.700200
0.829350
0.829350
-0.127590
-0.127590
-2.041500
-1.084500
-0.127590
1.786300
-4.912300
-1.084500
-1.084500
-11.611000
-4.912300
5.614000
9.441800
-3.955300
3.700200
9.441800
0.829350
5.614000
9.441800
4.657100
-2.041500
2.743200
-0.127590
-10.654000
9.441800
19.011000
3.700200
-2.041500
-12.568000
-2.998400
4.657100
-0.127590
1.786300
-3.955300
-2.998400
2.743200
8.484800
9.441800
4.657100
1.786300
-5.869200
-5.869200
7.527900
9.441800
-0.127590
-13.525000
-9.697000
0.829350
8.484800
3.700200
3.700200
-2.998400
-4.912300
-1.084500
-4.912300
-11.611000
-13.525000
-5.869200
4.657100
4.657100
-2.998400
-2.998400
-15.439000
1.786300
10.399000
0.829350
-1.084500
-5.869200
1.786300
-1.084500
-4.912300
-2.041500
-1.084500
-6.826200
-2.998400
16.139999
5.614000
-1.084500
4.657100
1.786300
-0.127590
8.484800
5.614000
1.786300
0.829350
9.441800
11.356000
1.786300
-11.611000
0.829350
4.657100
-6.826200
-2.998400
3.700200
2.743200
-2.041500
-2.998400
-10.654000
-8.740000
10.399000
8.484800
-10.654000
-2.041500
19.968000
15.183000
-0.127590
-10.654000
2.743200
16.139999
6.571000
-4.912300
-12.568000
-2.041500
4.657100
-3.955300
-12.568000
-8.740000
4.657100
2.743200
-8.740000
-2.998400
4.657100
-1.084500
2.743200
-2.041500
4.657100
6.571000
1.786300
-3.955300
-8.740000
1.786300
-1.084500
-5.869200
-0.127590
1.786300
-6.826200
-9.697000
-13.525000
-1.084500
9.441800
0.829350
2.743200
3.700200
1.786300
2.743200
3.700200
0.829350
0.829350
0.829350
4.657100
0.829350
-0.127590
5.614000
10.399000
12.313000
4.657100
-2.998400
12.313000
5.614000
-4.912300
-0.127590
-0.127590
1.786300
13.270000
9.441800
9.441800
10.399000
-11.611000
-11.611000
5.614000
10.399000
-6.826200
-7.783100
-4.912300
-19.266001
-14.482000
11.356000
12.313000
1.786300
-6.826200
-10.654000
-5.869200
4.657100
7.527900
-0.127590
-6.826200
-4.912300
1.786300
0.829350
6.571000
6.571000
2.743200
-0.127590
0.829350
-2.998400
6.571000
-4.912300
-5.869200
2.743200
-2.041500
-12.568000
-8.740000
-3.955300
-8.740000
-2.041500
-5.869200
1.786300
-2.041500
4.657100
12.313000
2.743200
-3.955300
7.527900
13.270000
5.614000
0.829350
4.657100
-0.127590
4.657100
5.614000
1.786300
-4.912300
-7.783100
-7.783100
-2.998400
-1.084500
-6.826200
-18.309000
0.829350
10.399000
-1.084500
-1.084500
-3.955300
-12.568000
-4.912300
-10.654000
-8.740000
-5.869200
-15.439000
-6.826200
-2.041500
1.786300
6.571000
2.743200
2.743200
14.226000
15.183000
-6.826200
10.399000
18.054001
9.441800
6.571000
-2.998400
-4.912300
7.527900
12.313000
7.527900
-3.955300
-5.869200
-8.740000
-5.869200
-0.127590
-2.998400
-11.611000
-3.955300
5.614000
2.743200
-2.998400
-2.998400
11.356000
12.313000
3.700200
5.614000
-5.869200
2.743200
6.571000
-1.084500
3.700200
0.829350
-4.912300
3.700200
-3.955300
1.786300
-9.697000
-3.955300
2.743200
5.614000
-2.998400
-9.697000
2.743200
8.484800
-9.697000
-2.041500
4.657100
-3.955300
-7.783100
-2.041500
-5.869200
0.829350
-5.869200
1.786300
11.356000
6.571000
3.700200
9.441800
-3.955300
5.614000
5.614000
8.484800
10.399000
-4.912300
-2.998400
5.614000
1.786300
-2.041500
-6.826200
-3.955300
5.614000
0.829350
-5.869200
0.829350
4.657100
-9.697000
3.700200
15.183000
3.700200
0.829350
2.743200
-8.740000
-5.869200
8.484800
5.614000
-0.127590
-5.869200
-12.568000
-5.869200
3.700200
0.829350
-8.740000
-5.869200
-7.783100
-19.266001
-2.998400
15.183000
2.743200
1.786300
8.484800
2.743200
-3.955300
4.657100
6.571000
2.743200
-0.127590
7.527900
2.743200
-0.127590
-3.955300
-6.826200
-10.654000
-13.525000
-2.998400
-2.998400
-3.955300
-5.869200
3.700200
14.226000
4.657100
1.786300
1.786300
3.700200
-6.826200
2.743200
9.441800
0.829350
1.786300
-9.697000
-11.611000
-8.740000
1.786300
4.657100
-2.041500
-12.568000
-10.654000
1.786300
9.441800
1.786300
-9.697000
-1.084500
14.226000
11.356000
7.527900
-3.955300
4.657100
10.399000
2.743200
2.743200
-0.127590
-16.396000
-1.084500
10.399000
-2.041500
-4.912300
-4.912300
0.829350
0.829350
-2.041500
-2.041500
4.657100
7.527900
11.356000
9.441800
3.700200
-1.084500
-4.912300
13.270000
15.183000
2.743200
3.700200
-5.869200
8.484800
14.226000
-1.084500
-7.783100
12.313000
16.139999
0.829350
-2.041500
2.743200
-12.568000
-3.955300
11.356000
4.657100
-0.127590
-7.783100
-7.783100
3.700200
6.571000
-2.041500
-2.998400
-0.127590
-6.826200
3.700200
7.527900
-1.084500
-5.869200
-9.697000
4.657100
12.313000
3.700200
-10.654000
-13.525000
-9.697000
-6.826200
-8.740000
-3.955300
-13.525000
-11.611000
-2.041500
-3.955300
-6.826200
-3.955300
-8.740000
-13.525000
1.786300
0.829350
2.743200
3.700200
-4.912300
4.657100
6.571000
-3.955300
-0.127590
8.484800
3.700200
-3.955300
-5.869200
2.743200
3.700200
2.743200
3.700200
9.441800
4.657100
-2.998400
9.441800
13.270000
1.786300
1.786300
-2.998400
2.743200
1.786300
-6.826200
-0.127590
0.829350
-14.482000
-6.826200
7.527900
0.829350
0.829350
-8.740000
-12.568000
2.743200
7.527900
4.657100
4.657100
-0.127590
-5.869200
-2.041500
1.786300
1.786300
-0.127590
1.786300
-2.041500
-6.826200
6.571000
7.527900
-1.084500
-2.041500
-6.826200
-4.912300
-11.611000
0.829350
4.657100
-16.396000
-12.568000
-2.998400
-10.654000
2.743200
12.313000
-3.955300
-3.955300
-9.697000
6.571000
10.399000
2.743200
-2.041500
-5.869200
-3.955300
-0.127590
14.226000
12.313000
-1.084500
-8.740000
-2.998400
2.743200
-0.127590
-1.084500
4.657100
-1.084500
-5.869200
-2.998400
10.399000
15.183000
1.786300
4.657100
-2.041500
3.700200
4.657100
7.527900
6.571000
7.527900
12.313000
8.484800
13.270000
1.786300
8.484800
17.097000
6.571000
-0.127590
-2.998400
-7.783100
-3.955300
7.527900
-2.998400
-7.783100
-5.869200
-7.783100
-7.783100
-6.826200
2.743200
-3.955300
0.829350
5.614000
-2.041500
-16.396000
-0.127590
7.527900
2.743200
1.786300
-5.869200
-12.568000
-10.654000
5.614000
3.700200
0.829350
-10.654000
2.743200
12.313000
4.657100
-5.869200
-2.998400
-1.084500
-3.955300
-5.869200
1.786300
2.743200
-6.826200
3.700200
15.183000
10.399000
5.614000
2.743200
1.786300
-8.740000
0.829350
7.527900
-3.955300
0.829350
-6.826200
-0.127590
7.527900
5.614000
12.313000
12.313000
0.829350
1.786300
-0.127590
-6.826200
0.829350
-0.127590
-7.783100
-2.041500
4.657100
6.571000
5.614000
6.571000
-9.697000
-4.912300
10.399000
8.484800
-7.783100
-6.826200
2.743200
2.743200
-10.654000
0.829350
1.786300
-12.568000
-2.041500
4.657100
-7.783100
-14.482000
-0.127590
4.657100
2.743200
-2.998400
7.527900
11.356000
12.313000
6.571000
0.829350
2.743200
6.571000
7.527900
9.441800
0.829350
-1.084500
1.786300
-5.869200
7.527900
6.571000
-3.955300
0.829350
-6.826200
-7.783100
-3.955300
2.743200
1.786300
6.571000
4.657100
1.786300
-1.084500
-4.912300
12.313000
12.313000
1.786300
-3.955300
-8.740000
-1.084500
1.786300
5.614000
2.743200
6.571000
4.657100
-5.869200
-9.697000
-10.654000
-1.084500
-0.127590
-5.869200
-8.740000
-2.998400
-3.955300
-4.912300
-0.127590
-2.998400
-2.998400
-0.127590
-0.127590
-3.955300
-2.041500
2.743200
-7.783100
6.571000
9.441800
-2.041500
-2.998400
0.829350
-2.041500
-3.955300
-2.041500
-8.740000
7.527900
7.527900
0.829350
4.657100
-3.955300
0.829350
-2.998400
