0.829350
4.657100
3.700200
-0.127590
-1.084500
-1.084500
-2.041500
-5.869200
-7.783100
-6.826200
-4.912300
-2.041500
-1.084500
-2.998400
-3.955300
-4.912300
-4.912300
-2.998400
2.743200
5.614000
3.700200
2.743200
2.743200
0.829350
2.743200
3.700200
-2.998400
-8.740000
-4.912300
0.829350
4.657100
6.571000
6.571000
9.441800
12.313000
10.399000
3.700200
-1.084500
-5.869200
-7.783100
-2.998400
-1.084500
-1.084500
6.571000
10.399000
10.399000
10.399000
11.356000
9.441800
4.657100
-1.084500
-5.869200
-8.740000
-8.740000
-8.740000
-9.697000
-12.568000
-12.568000
-3.955300
-0.127590
2.743200
3.700200
-1.084500
-1.084500
-2.041500
-2.041500
2.743200
5.614000
2.743200
0.829350
-0.127590
0.829350
7.527900
12.313000
12.313000
10.399000
10.399000
11.356000
6.571000
1.786300
0.829350
-2.998400
-4.912300
-4.912300
-3.955300
-2.041500
-5.869200
-7.783100
-9.697000
-11.611000
-12.568000
-13.525000
-14.482000
-7.783100
5.614000
15.183000
11.356000
10.399000
10.399000
13.270000
11.356000
6.571000
3.700200
-6.826200
-9.697000
-5.869200
1.786300
6.571000
8.484800
9.441800
6.571000
4.657100
3.700200
3.700200
0.829350
-4.912300
-8.740000
-3.955300
0.829350
2.743200
2.743200
2.743200
-0.127590
-2.041500
-1.084500
-2.998400
-8.740000
-8.740000
-13.525000
-15.439000
-10.654000
-5.869200
-0.127590
6.571000
8.484800
7.527900
6.571000
3.700200
3.700200
1.786300
-0.127590
0.829350
1.786300
-0.127590
-2.041500
2.743200
1.786300
0.829350
4.657100
6.571000
7.527900
9.441800
5.614000
4.657100
6.571000
5.614000
-0.127590
-4.912300
-4.912300
-8.740000
-14.482000
-10.654000
-8.740000
-8.740000
-5.869200
-5.869200
-9.697000
-8.740000
-3.955300
-2.998400
-4.912300
-5.869200
-6.826200
-6.826200
-2.998400
0.829350
2.743200
-1.084500
-2.998400
-2.998400
-4.912300
-2.041500
2.743200
7.527900
2.743200
1.786300
1.786300
1.786300
1.786300
0.829350
-2.998400
-3.955300
-5.869200
-10.654000
-12.568000
-12.568000
-6.826200
-5.869200
-3.955300
-0.127590
0.829350
6.571000
14.226000
16.139999
15.183000
16.139999
9.441800
1.786300
-2.998400
-8.740000
-9.697000
-8.740000
-6.826200
-3.955300
-1.084500
3.700200
10.399000
11.356000
9.441800
8.484800
7.527900
7.527900
6.571000
8.484800
12.313000
16.139999
12.313000
9.441800
7.527900
4.657100
0.829350
-3.955300
-5.869200
-7.783100
-6.826200
-1.084500
6.571000
8.484800
5.614000
3.700200
0.829350
2.743200
4.657100
3.700200
2.743200
-0.127590
0.829350
8.484800
13.270000
14.226000
8.484800
2.743200
1.786300
-1.084500
-7.783100
-19.266001
-25.965000
-24.051001
-18.309000
-13.525000
-14.482000
-11.611000
-5.869200
-8.740000
-8.740000
-4.912300
-2.998400
0.829350
4.657100
6.571000
9.441800
10.399000
12.313000
13.270000
10.399000
3.700200
-4.912300
-8.740000
-9.697000
-9.697000
-7.783100
-5.869200
-3.955300
0.829350
2.743200
0.829350
0.829350
0.829350
1.786300
4.657100
3.700200
0.829350
-6.826200
-11.611000
-9.697000
-7.783100
-5.869200
-7.783100
-9.697000
-8.740000
-2.041500
0.829350
2.743200
5.614000
7.527900
5.614000
5.614000
5.614000
1.786300
-0.127590
-4.912300
-6.826200
-6.826200
-4.912300
-2.041500
1.786300
0.829350
-0.127590
5.614000
1.786300
-3.955300
-2.041500
-6.826200
-8.740000
-6.826200
-2.041500
0.829350
-0.127590
1.786300
0.829350
-2.998400
-2.998400
2.743200
4.657100
5.614000
7.527900
9.441800
10.399000
12.313000
12.313000
13.270000
11.356000
10.399000
9.441800
2.743200
-4.912300
-9.697000
-7.783100
-2.041500
4.657100
16.139999
17.097000
12.313000
12.313000
10.399000
5.614000
-1.084500
-8.740000
-15.439000
-20.223000
-10.654000
-3.955300
0.829350
5.614000
9.441800
15.183000
19.011000
12.313000
3.700200
-1.084500
-2.998400
-2.041500
-7.783100
-8.740000
-4.912300
-2.998400
-0.127590
2.743200
2.743200
2.743200
-3.955300
-4.912300
-2.998400
-0.127590
-2.041500
-2.041500
-4.912300
-4.912300
-2.041500
-0.127590
0.829350
-2.041500
-2.998400
1.786300
6.571000
8.484800
10.399000
9.441800
7.527900
5.614000
5.614000
2.743200
1.786300
-1.084500
-2.998400
-2.041500
0.829350
-2.041500
-5.869200
-5.869200
-4.912300
-8.740000
-12.568000
-12.568000
-10.654000
-6.826200
-2.998400
-0.127590
-1.084500
-1.084500
-0.127590
0.829350
4.657100
2.743200
3.700200
3.700200
0.829350
-7.783100
-11.611000
-7.783100
-0.127590
7.527900
16.139999
18.054001
19.968000
21.882000
19.968000
16.139999
5.614000
-2.041500
-4.912300
-10.654000
-7.783100
-5.869200
-1.084500
3.700200
1.786300
0.829350
-0.127590
-0.127590
-7.783100
-15.439000
-18.309000
-19.266001
-16.396000
-13.525000
-10.654000
-12.568000
-10.654000
-5.869200
-2.041500
-1.084500
1.786300
9.441800
12.313000
9.441800
5.614000
0.829350
-0.127590
2.743200
7.527900
11.356000
12.313000
13.270000
4.657100
-0.127590
1.786300
-1.084500
-6.826200
-2.041500
0.829350
-0.127590
-1.084500
-2.041500
-2.041500
-0.127590
1.786300
-0.127590
-2.041500
-7.783100
-9.697000
-11.611000
-10.654000
-6.826200
-4.912300
-2.041500
3.700200
8.484800
8.484800
11.356000
12.313000
8.484800
3.700200
-2.041500
-6.826200
-5.869200
-3.955300
-3.955300
-3.955300
0.829350
2.743200
2.743200
4.657100
4.657100
-2.041500
-5.869200
-6.826200
-5.869200
-2.041500
-3.955300
-2.041500
4.657100
12.313000
13.270000
10.399000
7.527900
6.571000
4.657100
5.614000
-0.127590
-4.912300
-4.912300
-0.127590
0.829350
3.700200
8.484800
10.399000
11.356000
11.356000
8.484800
2.743200
0.829350
1.786300
2.743200
8.484800
11.356000
12.313000
9.441800
7.527900
2.743200
-5.869200
-12.568000
-17.351999
-20.223000
-17.351999
-16.396000
-12.568000
-6.826200
-5.869200
-8.740000
-9.697000
-7.783100
-5.869200
-5.869200
-6.826200
-6.826200
-6.826200
-9.697000
-11.611000
-8.740000
-6.826200
-2.998400
-0.127590
4.657100
5.614000
5.614000
12.313000
10.399000
6.571000
5.614000
2.743200
3.700200
3.700200
2.743200
5.614000
5.614000
4.657100
4.657100
8.484800
7.527900
5.614000
3.700200
-2.041500
-2.998400
-1.084500
-7.783100
-6.826200
-3.955300
-2.998400
0.829350
5.614000
8.484800
15.183000
14.226000
10.399000
9.441800
9.441800
10.399000
8.484800
6.571000
3.700200
-2.041500
-3.955300
-2.041500
-2.998400
-2.998400
-2.998400
-0.127590
3.700200
4.657100
3.700200
2.743200
0.829350
0.829350
-2.041500
-2.998400
-5.869200
-11.611000
-12.568000
-9.697000
-11.611000
-17.351999
-18.309000
-11.611000
-5.869200
-4.912300
-3.955300
2.743200
6.571000
7.527900
8.484800
7.527900
4.657100
2.743200
0.829350
-2.998400
-6.826200
-10.654000
-12.568000
-13.525000
-8.740000
-3.955300
-2.041500
4.657100
12.313000
14.226000
11.356000
9.441800
5.614000
4.657100
6.571000
6.571000
8.484800
7.527900
5.614000
6.571000
8.484800
6.571000
4.657100
3.700200
4.657100
2.743200
-2.998400
-3.955300
-3.955300
-6.826200
-0.127590
3.700200
2.743200
4.657100
5.614000
2.743200
2.743200
1.786300
3.700200
4.657100
2.743200
0.829350
-1.084500
-1.084500
0.829350
-0.127590
3.700200
5.614000
6.571000
7.527900
9.441800
11.356000
9.441800
7.527900
3.700200
0.829350
-1.084500
-5.869200
-9.697000
-9.697000
-12.568000
-13.525000
-17.351999
-16.396000
-13.525000
-12.568000
-9.697000
-5.869200
-5.869200
-5.869200
-4.912300
-5.869200
-7.783100
-6.826200
-3.955300
-2.041500
-3.955300
-0.127590
2.743200
2.743200
7.527900
5.614000
2.743200
1.786300
-1.084500
-2.041500
-0.127590
2.743200
2.743200
6.571000
5.614000
3.700200
4.657100
1.786300
-0.127590
-1.084500
0.829350
2.743200
2.743200
2.743200
3.700200
7.527900
8.484800
2.743200
-0.127590
-1.084500
-2.041500
-2.998400
-7.783100
-8.740000
-5.869200
-3.955300
-2.998400
2.743200
6.571000
8.484800
5.614000
-2.041500
-7.783100
-10.654000
-8.740000
-6.826200
-7.783100
-9.697000
-8.740000
-4.912300
-0.127590
-1.084500
-1.084500
1.786300
-0.127590
-2.998400
-5.869200
-4.912300
-5.869200
-6.826200
-6.826200
-5.869200
-6.826200
-8.740000
-10.654000
-4.912300
-1.084500
-2.998400
-3.955300
1.786300
0.829350
1.786300
6.571000
7.527900
6.571000
8.484800
9.441800
8.484800
4.657100
2.743200
5.614000
4.657100
6.571000
2.743200
-0.127590
0.829350
8.484800
16.139999
14.226000
5.614000
3.700200
1.786300
-1.084500
1.786300
4.657100
8.484800
11.356000
14.226000
13.270000
7.527900
4.657100
1.786300
-2.041500
-7.783100
-14.482000
-19.266001
-20.223000
-18.309000
-12.568000
-5.869200
1.786300
3.700200
8.484800
14.226000
16.139999
15.183000
14.226000
13.270000
11.356000
11.356000
4.657100
-2.998400
-4.912300
-7.783100
-3.955300
0.829350
6.571000
7.527900
2.743200
-1.084500
0.829350
-0.127590
-2.998400
-6.826200
-9.697000
-7.783100
-5.869200
-4.912300
-2.041500
-0.127590
-3.955300
-4.912300
-2.041500
2.743200
6.571000
6.571000
6.571000
10.399000
12.313000
9.441800
4.657100
5.614000
6.571000
2.743200
-2.041500
-2.998400
-1.084500
-5.869200
-6.826200
-4.912300
-4.912300
-4.912300
-1.084500
1.786300
0.829350
3.700200
4.657100
2.743200
-0.127590
-2.998400
-3.955300
-5.869200
-9.697000
-9.697000
-5.869200
-4.912300
-3.955300
-2.041500
3.700200
1.786300
-1.084500
-2.041500
-6.826200
-8.740000
-10.654000
-11.611000
-10.654000
-8.740000
-7.783100
-5.869200
-1.084500
1.786300
8.484800
10.399000
8.484800
6.571000
1.786300
0.829350
-0.127590
-2.998400
-8.740000
-3.955300
6.571000
8.484800
10.399000
10.399000
12.313000
8.484800
1.786300
2.743200
0.829350
-1.084500
-2.998400
-3.955300
-3.955300
-2.041500
0.829350
2.743200
3.700200
-0.127590
-0.127590
-0.127590
3.700200
0.829350
-0.127590
-1.084500
-4.912300
-4.912300
-2.041500
2.743200
5.614000
4.657100
2.743200
0.829350
-2.998400
-2.041500
-2.041500
-2.041500
-0.127590
-2.998400
-3.955300
-4.912300
-1.084500
2.743200
2.743200
4.657100
6.571000
4.657100
-0.127590
-2.041500
-2.998400
-7.783100
-9.697000
-9.697000
-6.826200
-2.041500
0.829350
0.829350
1.786300
1.786300
-0.127590
-0.127590
-2.041500
-5.869200
-10.654000
-10.654000
-11.611000
-8.740000
-5.869200
0.829350
2.743200
5.614000
13.270000
21.882000
25.709999
20.924999
17.097000
12.313000
10.399000
11.356000
9.441800
4.657100
1.786300
-2.998400
-5.869200
-6.826200
-2.998400
-1.084500
-2.041500
-2.041500
-2.998400
-2.041500
-2.041500
-5.869200
-7.783100
-8.740000
-8.740000
-6.826200
-2.998400
-3.955300
-5.869200
-7.783100
