11.492000
26.730000
15.302000
45.778000
13.397000
-1.841300
13.397000
15.302000
45.778000
28.635000
38.159000
38.159000
51.492001
61.015999
36.254002
30.540001
45.778000
49.587002
74.348999
0.063490
-17.079000
36.254002
5.777800
28.635000
5.777800
-1.841300
-5.650800
-7.555600
7.682500
17.205999
-15.175000
-32.317001
-7.555600
-9.460300
3.873000
30.540001
-3.746000
-5.650800
-1.841300
-5.650800
1.968300
-15.175000
-7.555600
-15.175000
-11.365000
-13.270000
-1.841300
11.492000
21.016001
0.063490
-7.555600
-9.460300
24.825001
9.587300
-7.555600
-5.650800
17.205999
-3.746000
-13.270000
28.635000
-3.746000
-17.079000
15.302000
-15.175000
-1.841300
-3.746000
11.492000
-17.079000
-11.365000
-3.746000
-11.365000
3.873000
-11.365000
-9.460300
-1.841300
-5.650800
-9.460300
0.063490
5.777800
-7.555600
0.063490
-9.460300
-7.555600
1.968300
-7.555600
11.492000
11.492000
1.968300
3.873000
-5.650800
0.063490
13.397000
5.777800
-7.555600
-15.175000
-5.650800
-11.365000
3.873000
5.777800
7.682500
-1.841300
1.968300
9.587300
7.682500
9.587300
-5.650800
21.016001
-1.841300
-1.841300
-11.365000
1.968300
3.873000
5.777800
-1.841300
1.968300
-7.555600
-7.555600
-9.460300
1.968300
-7.555600
19.111000
17.205999
-17.079000
11.492000
5.777800
-26.603001
-24.698000
-18.983999
-13.270000
-3.746000
13.397000
-13.270000
-5.650800
7.682500
9.587300
1.968300
-30.413000
-20.889000
-9.460300
-18.983999
21.016001
-1.841300
0.063490
-5.650800
-5.650800
15.302000
-1.841300
-11.365000
17.205999
-13.270000
1.968300
-1.841300
-1.841300
0.063490
-13.270000
-3.746000
-18.983999
11.492000
28.635000
7.682500
7.682500
0.063490
17.205999
11.492000
-9.460300
5.777800
26.730000
-5.650800
-15.175000
-7.555600
-26.603001
-11.365000
30.540001
-1.841300
-41.841000
-11.365000
-7.555600
1.968300
40.063000
5.777800
0.063490
5.777800
17.205999
5.777800
15.302000
13.397000
13.397000
15.302000
24.825001
3.873000
-1.841300
15.302000
43.873001
0.063490
3.873000
21.016001
9.587300
34.348999
7.682500
0.063490
-13.270000
15.302000
0.063490
-13.270000
-3.746000
-11.365000
3.873000
1.968300
0.063490
-15.175000
3.873000
-9.460300
-1.841300
13.397000
7.682500
1.968300
-1.841300
-9.460300
-11.365000
-15.175000
7.682500
3.873000
-13.270000
-18.983999
-28.507999
-13.270000
9.587300
0.063490
-9.460300
-13.270000
3.873000
1.968300
17.205999
7.682500
11.492000
17.205999
3.873000
1.968300
-5.650800
-7.555600
7.682500
15.302000
7.682500
21.016001
26.730000
7.682500
-9.460300
5.777800
-11.365000
13.397000
-11.365000
3.873000
9.587300
-9.460300
1.968300
-11.365000
-13.270000
0.063490
-3.746000
9.587300
11.492000
-11.365000
-7.555600
13.397000
19.111000
-11.365000
-7.555600
-5.650800
-1.841300
-1.841300
-9.460300
0.063490
-17.079000
-20.889000
-1.841300
-3.746000
-11.365000
-1.841300
9.587300
17.205999
-1.841300
-11.365000
7.682500
11.492000
26.730000
19.111000
11.492000
15.302000
19.111000
-15.175000
7.682500
5.777800
3.873000
-20.889000
3.873000
36.254002
-11.365000
-5.650800
-17.079000
-18.983999
11.492000
-20.889000
-18.983999
1.968300
-17.079000
28.635000
0.063490
-11.365000
-9.460300
1.968300
19.111000
-13.270000
5.777800
7.682500
3.873000
-1.841300
-13.270000
-17.079000
-9.460300
-3.746000
-26.603001
-20.889000
-32.317001
-26.603001
1.968300
-13.270000
-15.175000
-7.555600
-15.175000
-3.746000
-15.175000
-15.175000
9.587300
-5.650800
22.921000
-9.460300
-9.460300
-1.841300
5.777800
19.111000
0.063490
3.873000
3.873000
15.302000
-7.555600
28.635000
24.825001
-9.460300
-3.746000
-5.650800
-5.650800
19.111000
-3.746000
-17.079000
5.777800
13.397000
0.063490
11.492000
1.968300
-34.222000
-15.175000
-5.650800
9.587300
-7.555600
-17.079000
-11.365000
0.063490
9.587300
41.967999
-20.889000
-28.507999
-5.650800
21.016001
30.540001
15.302000
-7.555600
22.921000
30.540001
-3.746000
19.111000
32.444000
-1.841300
17.205999
15.302000
-7.555600
11.492000
0.063490
9.587300
38.159000
-7.555600
7.682500
0.063490
3.873000
-3.746000
15.302000
15.302000
-17.079000
-9.460300
38.159000
11.492000
-18.983999
-18.983999
-5.650800
17.205999
-5.650800
-18.983999
-22.794001
-32.317001
1.968300
28.635000
-22.794001
-32.317001
-5.650800
-20.889000
3.873000
34.348999
15.302000
-7.555600
0.063490
19.111000
24.825001
34.348999
36.254002
24.825001
9.587300
47.682999
15.302000
30.540001
7.682500
11.492000
19.111000
3.873000
-17.079000
-17.079000
-11.365000
-26.603001
-26.603001
-18.983999
-18.983999
-15.175000
-18.983999
13.397000
-11.365000
-24.698000
-15.175000
-7.555600
17.205999
24.825001
5.777800
15.302000
19.111000
34.348999
7.682500
22.921000
21.016001
11.492000
17.205999
-3.746000
-13.270000
-3.746000
-18.983999
-1.841300
-20.889000
-26.603001
-3.746000
-15.175000
-9.460300
-11.365000
-13.270000
0.063490
-7.555600
19.111000
5.777800
-1.841300
13.397000
9.587300
-5.650800
11.492000
-5.650800
-5.650800
13.397000
13.397000
-9.460300
7.682500
-1.841300
-3.746000
-5.650800
-7.555600
-17.079000
-1.841300
-1.841300
-9.460300
0.063490
7.682500
-3.746000
-7.555600
0.063490
0.063490
-9.460300
-1.841300
13.397000
-9.460300
3.873000
0.063490
19.111000
9.587300
-11.365000
0.063490
-7.555600
-5.650800
3.873000
1.968300
-3.746000
-22.794001
-22.794001
-13.270000
3.873000
-13.270000
-15.175000
-22.794001
-1.841300
5.777800
0.063490
36.254002
40.063000
5.777800
0.063490
11.492000
9.587300
0.063490
30.540001
1.968300
15.302000
-9.460300
-13.270000
-7.555600
0.063490
0.063490
3.873000
-26.603001
-24.698000
-20.889000
-9.460300
-15.175000
-3.746000
0.063490
-17.079000
1.968300
3.873000
13.397000
5.777800
13.397000
19.111000
47.682999
38.159000
30.540001
11.492000
13.397000
15.302000
19.111000
19.111000
1.968300
-15.175000
-7.555600
-11.365000
-1.841300
1.968300
-20.889000
5.777800
-28.507999
-32.317001
7.682500
-22.794001
26.730000
11.492000
5.777800
1.968300
-24.698000
24.825001
-9.460300
-5.650800
9.587300
1.968300
45.778000
5.777800
15.302000
-15.175000
3.873000
19.111000
-17.079000
5.777800
-15.175000
-11.365000
11.492000
21.016001
-15.175000
-30.413000
15.302000
-9.460300
-7.555600
30.540001
3.873000
1.968300
-11.365000
-1.841300
3.873000
19.111000
15.302000
7.682500
21.016001
17.205999
9.587300
28.635000
11.492000
3.873000
-1.841300
13.397000
-11.365000
1.968300
-11.365000
-13.270000
-1.841300
-17.079000
-18.983999
5.777800
-17.079000
-11.365000
3.873000
11.492000
-20.889000
-5.650800
0.063490
-5.650800
9.587300
11.492000
-18.983999
1.968300
-9.460300
-9.460300
17.205999
-9.460300
-1.841300
-7.555600
-9.460300
-22.794001
-9.460300
3.873000
-13.270000
-28.507999
-9.460300
-32.317001
-11.365000
-22.794001
-13.270000
43.873001
-18.983999
-1.841300
9.587300
-13.270000
3.873000
-1.841300
3.873000
5.777800
-13.270000
7.682500
0.063490
1.968300
9.587300
0.063490
0.063490
0.063490
1.968300
11.492000
7.682500
3.873000
0.063490
0.063490
3.873000
21.016001
21.016001
3.873000
7.682500
0.063490
7.682500
-1.841300
3.873000
11.492000
24.825001
30.540001
5.777800
11.492000
-7.555600
9.587300
17.205999
0.063490
5.777800
22.921000
-7.555600
-11.365000
5.777800
0.063490
5.777800
-13.270000
-9.460300
5.777800
-15.175000
-13.270000
-11.365000
-15.175000
-3.746000
-18.983999
-22.794001
-11.365000
-26.603001
3.873000
-7.555600
-7.555600
-7.555600
-1.841300
-3.746000
11.492000
13.397000
7.682500
11.492000
13.397000
11.492000
1.968300
9.587300
1.968300
-5.650800
-1.841300
-18.983999
-18.983999
-18.983999
-11.365000
-24.698000
-5.650800
-9.460300
-13.270000
3.873000
5.777800
-1.841300
15.302000
19.111000
17.205999
26.730000
17.205999
13.397000
19.111000
9.587300
5.777800
7.682500
11.492000
0.063490
3.873000
0.063490
0.063490
5.777800
38.159000
1.968300
-7.555600
3.873000
-9.460300
-5.650800
-11.365000
-15.175000
-17.079000
0.063490
-11.365000
-18.983999
0.063490
-7.555600
0.063490
15.302000
28.635000
36.254002
28.635000
15.302000
15.302000
15.302000
22.921000
13.397000
24.825001
19.111000
0.063490
1.968300
3.873000
1.968300
-1.841300
-5.650800
3.873000
17.205999
5.777800
-5.650800
-1.841300
-3.746000
13.397000
5.777800
7.682500
17.205999
7.682500
9.587300
7.682500
-5.650800
0.063490
0.063490
1.968300
9.587300
11.492000
5.777800
-15.175000
-18.983999
-17.079000
-15.175000
-30.413000
-30.413000
-24.698000
-24.698000
-17.079000
-32.317001
-38.032001
-22.794001
-13.270000
-7.555600
-5.650800
-5.650800
0.063490
15.302000
0.063490
-5.650800
-5.650800
-3.746000
0.063490
11.492000
-3.746000
-9.460300
-15.175000
-11.365000
-7.555600
-11.365000
-17.079000
-18.983999
-9.460300
-3.746000
-22.794001
-26.603001
-20.889000
-26.603001
-18.983999
-9.460300
7.682500
-15.175000
-7.555600
0.063490
-9.460300
19.111000
9.587300
1.968300
5.777800
21.016001
21.016001
13.397000
21.016001
26.730000
34.348999
19.111000
19.111000
22.921000
15.302000
11.492000
11.492000
0.063490
3.873000
1.968300
9.587300
-13.270000
0.063490
3.873000
1.968300
11.492000
-3.746000
-1.841300
9.587300
15.302000
15.302000
7.682500
11.492000
15.302000
5.777800
5.777800
21.016001
15.302000
-9.460300
-15.175000
-3.746000
1.968300
0.063490
-3.746000
26.730000
-7.555600
-26.603001
-7.555600
-3.746000
9.587300
3.873000
7.682500
5.777800
5.777800
0.063490
17.205999
-9.460300
-18.983999
-11.365000
5.777800
7.682500
3.873000
9.587300
-3.746000
-7.555600
3.873000
9.587300
13.397000
0.063490
1.968300
21.016001
15.302000
24.825001
15.302000
15.302000
7.682500
1.968300
3.873000
1.968300
3.873000
-3.746000
0.063490
3.873000
5.777800
5.777800
0.063490
-7.555600
-13.270000
-15.175000
-9.460300
-7.555600
-3.746000
-3.746000
-7.555600
-9.460300
-15.175000
-22.794001
-3.746000
-11.365000
0.063490
11.492000
3.873000
-1.841300
5.777800
3.873000
9.587300
17.205999
7.682500
-1.841300
7.682500
13.397000
-5.650800
-3.746000
-3.746000
0.063490
3.873000
7.682500
-5.650800
-5.650800
-5.650800
-3.746000
5.777800
0.063490
-9.460300
-5.650800
3.873000
3.873000
3.873000
9.587300
-1.841300
21.016001
15.302000
-1.841300
5.777800
15.302000
11.492000
5.777800
11.492000
-5.650800
-5.650800
0.063490
11.492000
5.777800
3.873000
15.302000
7.682500
9.587300
9.587300
-7.555600
-11.365000
1.968300
-1.841300
-5.650800
-3.746000
-5.650800
-3.746000
1.968300
9.587300
9.587300
1.968300
5.777800
1.968300
-1.841300
-7.555600
-13.270000
-1.841300
-15.175000
-13.270000
-3.746000
-7.555600
