3.642300
1.691100
-8.065000
-0.260160
-0.260160
-0.260160
-4.162600
11.447000
11.447000
17.301001
3.642300
1.691100
7.544700
15.350000
15.350000
7.544700
3.642300
-0.260160
17.301001
15.350000
-0.260160
1.691100
1.691100
25.106001
29.007999
-2.211400
-6.113800
-2.211400
-2.211400
3.642300
-8.065000
-8.065000
-8.065000
-6.113800
-2.211400
-2.211400
3.642300
-6.113800
-15.870000
-13.919000
-13.919000
-13.919000
-17.820999
-17.820999
-10.016000
-10.016000
9.495900
9.495900
11.447000
5.593500
-2.211400
9.495900
13.398000
13.398000
5.593500
1.691100
7.544700
13.398000
13.398000
19.252001
11.447000
3.642300
-6.113800
-10.016000
5.593500
5.593500
13.398000
-0.260160
3.642300
1.691100
-0.260160
5.593500
-4.162600
-6.113800
-4.162600
-6.113800
-13.919000
-8.065000
-8.065000
-10.016000
-10.016000
-11.967000
-2.211400
-0.260160
-2.211400
3.642300
3.642300
11.447000
21.202999
1.691100
1.691100
5.593500
-0.260160
-4.162600
-4.162600
-2.211400
-2.211400
9.495900
11.447000
7.544700
5.593500
9.495900
17.301001
15.350000
11.447000
9.495900
17.301001
11.447000
13.398000
9.495900
11.447000
9.495900
-0.260160
-0.260160
3.642300
-4.162600
-11.967000
-17.820999
-8.065000
-4.162600
3.642300
7.544700
-8.065000
3.642300
7.544700
-6.113800
-8.065000
-11.967000
-10.016000
-6.113800
1.691100
-6.113800
-4.162600
-10.016000
-11.967000
-10.016000
-21.724001
-21.724001
-17.820999
-19.771999
-13.919000
-11.967000
-11.967000
-8.065000
-6.113800
7.544700
-0.260160
-8.065000
-0.260160
-6.113800
-6.113800
-6.113800
-8.065000
-10.016000
-0.260160
3.642300
-2.211400
-0.260160
5.593500
5.593500
5.593500
-6.113800
3.642300
1.691100
3.642300
13.398000
13.398000
13.398000
5.593500
-0.260160
-10.016000
-0.260160
7.544700
-4.162600
-13.919000
-10.016000
-11.967000
-2.211400
3.642300
1.691100
-10.016000
-6.113800
-2.211400
-4.162600
1.691100
5.593500
11.447000
15.350000
23.153999
19.252001
23.153999
19.252001
34.862000
23.153999
19.252001
21.202999
9.495900
13.398000
7.544700
1.691100
-4.162600
-0.260160
-10.016000
-13.919000
-21.724001
-31.480000
-19.771999
-11.967000
-6.113800
-11.967000
-2.211400
-0.260160
-0.260160
-2.211400
-2.211400
9.495900
-0.260160
-10.016000
-2.211400
-6.113800
-0.260160
1.691100
3.642300
-0.260160
-10.016000
-6.113800
-6.113800
-10.016000
-4.162600
-2.211400
5.593500
9.495900
9.495900
3.642300
9.495900
17.301001
9.495900
-2.211400
5.593500
7.544700
1.691100
7.544700
5.593500
5.593500
7.544700
-0.260160
-2.211400
-2.211400
-6.113800
-2.211400
-4.162600
-2.211400
-2.211400
-6.113800
-0.260160
-6.113800
-2.211400
1.691100
-4.162600
-0.260160
-2.211400
-10.016000
-6.113800
-2.211400
5.593500
3.642300
1.691100
5.593500
7.544700
-2.211400
-2.211400
1.691100
-2.211400
-10.016000
-4.162600
-2.211400
-6.113800
-4.162600
3.642300
-0.260160
-10.016000
-8.065000
-2.211400
-4.162600
7.544700
9.495900
21.202999
1.691100
3.642300
-0.260160
-4.162600
1.691100
-2.211400
-6.113800
7.544700
11.447000
9.495900
3.642300
-6.113800
-13.919000
-0.260160
-13.919000
-19.771999
-4.162600
-17.820999
-0.260160
1.691100
9.495900
11.447000
7.544700
9.495900
11.447000
29.007999
17.301001
19.252001
13.398000
-0.260160
-6.113800
-6.113800
-4.162600
-2.211400
-10.016000
-13.919000
-11.967000
-10.016000
-11.967000
-10.016000
-13.919000
-6.113800
-4.162600
-10.016000
-11.967000
-2.211400
-6.113800
5.593500
-8.065000
-17.820999
-10.016000
-10.016000
5.593500
-6.113800
-6.113800
-11.967000
-10.016000
-6.113800
1.691100
-4.162600
-11.967000
-2.211400
3.642300
-2.211400
5.593500
5.593500
1.691100
7.544700
9.495900
7.544700
13.398000
7.544700
-10.016000
-0.260160
-0.260160
5.593500
-2.211400
-4.162600
-4.162600
-4.162600
-2.211400
1.691100
-10.016000
-4.162600
-13.919000
-6.113800
7.544700
-4.162600
-8.065000
3.642300
13.398000
9.495900
15.350000
11.447000
-2.211400
7.544700
19.252001
5.593500
9.495900
7.544700
13.398000
9.495900
-2.211400
3.642300
3.642300
-4.162600
-11.967000
5.593500
-4.162600
-13.919000
-4.162600
7.544700
-8.065000
-15.870000
-15.870000
-10.016000
-0.260160
-2.211400
-11.967000
-21.724001
-19.771999
-2.211400
9.495900
-2.211400
-4.162600
5.593500
-6.113800
7.544700
9.495900
25.106001
9.495900
1.691100
15.350000
21.202999
17.301001
5.593500
15.350000
11.447000
25.106001
7.544700
15.350000
13.398000
-2.211400
-8.065000
-13.919000
-15.870000
-23.674999
-8.065000
-15.870000
-19.771999
-8.065000
-10.016000
-8.065000
-10.016000
1.691100
-2.211400
-10.016000
-0.260160
7.544700
21.202999
30.959000
15.350000
5.593500
15.350000
21.202999
9.495900
5.593500
-0.260160
-10.016000
-2.211400
-2.211400
-15.870000
-13.919000
-17.820999
-15.870000
-19.771999
-15.870000
-19.771999
-19.771999
-11.967000
-10.016000
5.593500
9.495900
11.447000
15.350000
3.642300
3.642300
15.350000
13.398000
-0.260160
1.691100
-8.065000
-6.113800
-2.211400
-2.211400
3.642300
7.544700
9.495900
13.398000
-0.260160
-0.260160
-2.211400
3.642300
3.642300
-4.162600
3.642300
13.398000
13.398000
3.642300
1.691100
-0.260160
-8.065000
-11.967000
-6.113800
-8.065000
-8.065000
5.593500
9.495900
-2.211400
-11.967000
-10.016000
-10.016000
-0.260160
7.544700
1.691100
-6.113800
-11.967000
-11.967000
-13.919000
-4.162600
-15.870000
-15.870000
-6.113800
-2.211400
-2.211400
-2.211400
7.544700
7.544700
7.544700
15.350000
11.447000
7.544700
13.398000
25.106001
23.153999
21.202999
5.593500
17.301001
15.350000
11.447000
5.593500
-2.211400
-19.771999
-8.065000
-2.211400
-8.065000
-15.870000
-17.820999
-19.771999
-13.919000
-2.211400
-6.113800
-0.260160
-0.260160
3.642300
11.447000
21.202999
7.544700
7.544700
3.642300
5.593500
15.350000
21.202999
21.202999
3.642300
-8.065000
-6.113800
-10.016000
-4.162600
-8.065000
-10.016000
-0.260160
-13.919000
-17.820999
-6.113800
-8.065000
3.642300
3.642300
5.593500
3.642300
-11.967000
11.447000
1.691100
-10.016000
7.544700
9.495900
13.398000
13.398000
23.153999
11.447000
3.642300
1.691100
-4.162600
-11.967000
-19.771999
-13.919000
-2.211400
3.642300
-8.065000
-6.113800
3.642300
9.495900
3.642300
11.447000
1.691100
5.593500
3.642300
11.447000
17.301001
19.252001
21.202999
11.447000
15.350000
17.301001
13.398000
11.447000
-0.260160
5.593500
3.642300
-6.113800
-21.724001
-17.820999
-25.625999
-27.577000
-21.724001
-27.577000
-27.577000
-6.113800
-8.065000
-11.967000
-0.260160
-2.211400
-0.260160
11.447000
1.691100
5.593500
1.691100
9.495900
5.593500
-2.211400
13.398000
-4.162600
5.593500
-6.113800
-15.870000
-6.113800
-15.870000
-17.820999
-10.016000
-11.967000
-17.820999
-31.480000
-10.016000
-31.480000
-19.771999
-15.870000
-11.967000
1.691100
-17.820999
3.642300
-11.967000
-15.870000
-4.162600
-10.016000
-2.211400
-4.162600
-21.724001
-0.260160
-4.162600
3.642300
9.495900
9.495900
9.495900
15.350000
13.398000
21.202999
15.350000
15.350000
7.544700
-0.260160
3.642300
3.642300
5.593500
3.642300
7.544700
-0.260160
1.691100
-4.162600
-4.162600
1.691100
-0.260160
17.301001
9.495900
-6.113800
-6.113800
3.642300
7.544700
5.593500
9.495900
9.495900
-0.260160
9.495900
21.202999
15.350000
13.398000
3.642300
7.544700
9.495900
-8.065000
-13.919000
-6.113800
-2.211400
3.642300
1.691100
1.691100
-6.113800
-11.967000
-0.260160
-8.065000
-11.967000
-4.162600
-8.065000
-11.967000
5.593500
9.495900
11.447000
11.447000
3.642300
1.691100
1.691100
-0.260160
-4.162600
-10.016000
-8.065000
-17.820999
-15.870000
-13.919000
-4.162600
-11.967000
-8.065000
-2.211400
1.691100
13.398000
7.544700
9.495900
15.350000
19.252001
7.544700
3.642300
9.495900
7.544700
9.495900
5.593500
-10.016000
-11.967000
-6.113800
-6.113800
-13.919000
-15.870000
-13.919000
-17.820999
-6.113800
-4.162600
-2.211400
-0.260160
-2.211400
-4.162600
-8.065000
1.691100
3.642300
13.398000
13.398000
23.153999
19.252001
1.691100
9.495900
11.447000
5.593500
3.642300
-2.211400
-4.162600
-2.211400
-4.162600
-0.260160
-8.065000
-13.919000
-8.065000
-6.113800
-4.162600
-11.967000
-4.162600
-2.211400
1.691100
7.544700
9.495900
11.447000
13.398000
11.447000
11.447000
11.447000
11.447000
11.447000
11.447000
5.593500
9.495900
25.106001
21.202999
13.398000
3.642300
3.642300
9.495900
3.642300
-0.260160
-6.113800
-11.967000
-11.967000
-13.919000
-21.724001
-13.919000
-15.870000
-13.919000
-6.113800
-17.820999
-15.870000
-6.113800
1.691100
5.593500
3.642300
3.642300
-2.211400
11.447000
1.691100
-13.919000
-10.016000
-6.113800
-10.016000
-2.211400
-6.113800
-2.211400
-0.260160
3.642300
-13.919000
-11.967000
-13.919000
-11.967000
-17.820999
-15.870000
-23.674999
-25.625999
-15.870000
-13.919000
-13.919000
-2.211400
3.642300
-0.260160
9.495900
7.544700
5.593500
21.202999
17.301001
9.495900
5.593500
11.447000
11.447000
9.495900
5.593500
5.593500
13.398000
3.642300
3.642300
-2.211400
-2.211400
3.642300
1.691100
-6.113800
-10.016000
-6.113800
-11.967000
-15.870000
-19.771999
-10.016000
-15.870000
-13.919000
-4.162600
-4.162600
5.593500
9.495900
13.398000
15.350000
21.202999
27.056999
15.350000
5.593500
13.398000
11.447000
5.593500
3.642300
5.593500
7.544700
-2.211400
-8.065000
-2.211400
-15.870000
-25.625999
-17.820999
-4.162600
3.642300
5.593500
-4.162600
-8.065000
-10.016000
-6.113800
-8.065000
-15.870000
-13.919000
-8.065000
-8.065000
-8.065000
-2.211400
-6.113800
-13.919000
-11.967000
-4.162600
5.593500
3.642300
9.495900
15.350000
17.301001
15.350000
23.153999
15.350000
19.252001
13.398000
7.544700
9.495900
9.495900
3.642300
3.642300
5.593500
-10.016000
-6.113800
-6.113800
-13.919000
-15.870000
-23.674999
-10.016000
-0.260160
-8.065000
-4.162600
-4.162600
-6.113800
-13.919000
-11.967000
-8.065000
-2.211400
-2.211400
-4.162600
-0.260160
3.642300
9.495900
5.593500
7.544700
1.691100
9.495900
15.350000
9.495900
15.350000
17.301001
13.398000
11.447000
7.544700
5.593500
9.495900
9.495900
3.642300
7.544700
-2.211400
3.642300
1.691100
-6.113800
-4.162600
1.691100
9.495900
11.447000
15.350000
9.495900
-4.162600
3.642300
13.398000
1.691100
5.593500
11.447000
9.495900
-0.260160
-2.211400
-13.919000
-10.016000
-4.162600
-2.211400
-10.016000
-13.919000
-4.162600
-0.260160
1.691100
-0.260160
-8.065000
-8.065000
-0.260160
-4.162600
-6.113800
1.691100
5.593500
13.398000
17.301001
17.301001
13.398000
1.691100
-0.260160
-2.211400
-2.211400
-2.211400
-17.820999
-8.065000
-17.820999
-17.820999
-8.065000
-11.967000
