33.171001
52.682999
17.561001
54.633999
7.804900
13.659000
-23.415001
-1.951200
44.877998
31.219999
35.122002
33.171001
39.023998
80.000000
35.122002
3.902400
64.389999
97.560997
62.438999
-19.511999
-33.171001
54.633999
0.000000
21.462999
1.951200
3.902400
-31.219999
-3.902400
0.000000
25.365999
-17.561001
-39.023998
-3.902400
-35.122002
3.902400
44.877998
-11.707000
-5.853700
15.610000
-23.415001
-15.610000
-3.902400
-19.511999
-37.073002
-11.707000
-9.756100
-19.511999
5.853700
21.462999
35.122002
-9.756100
-21.462999
25.365999
7.804900
0.000000
-1.951200
-3.902400
9.756100
-19.511999
42.926998
-1.951200
-7.804900
9.756100
-23.415001
9.756100
-21.462999
11.707000
3.902400
-9.756100
5.853700
-9.756100
13.659000
-15.610000
-21.462999
-13.659000
-13.659000
-9.756100
-1.951200
-17.561001
1.951200
-3.902400
-9.756100
3.902400
1.951200
-3.902400
0.000000
7.804900
0.000000
3.902400
-7.804900
-1.951200
9.756100
13.659000
-21.462999
-19.511999
-11.707000
-15.610000
-1.951200
-5.853700
23.415001
3.902400
7.804900
17.561001
15.610000
27.316999
1.951200
11.707000
15.610000
7.804900
3.902400
7.804900
3.902400
3.902400
15.610000
5.853700
0.000000
1.951200
-17.561001
21.462999
-13.659000
-1.951200
31.219999
-19.511999
1.951200
11.707000
-1.951200
-23.415001
-17.561001
-1.951200
-3.902400
17.561001
-5.853700
-1.951200
5.853700
-5.853700
5.853700
-29.268000
-21.462999
-1.951200
-23.415001
15.610000
1.951200
-19.511999
-9.756100
-7.804900
5.853700
-13.659000
-27.316999
13.659000
-15.610000
-25.365999
-13.659000
-7.804900
-19.511999
-23.415001
-5.853700
-19.511999
17.561001
13.659000
-19.511999
5.853700
-1.951200
31.219999
0.000000
-13.659000
21.462999
35.122002
0.000000
-25.365999
-5.853700
-31.219999
-5.853700
0.000000
9.756100
-33.171001
-7.804900
-1.951200
-1.951200
46.828999
9.756100
-1.951200
-3.902400
9.756100
15.610000
7.804900
11.707000
11.707000
15.610000
35.122002
5.853700
0.000000
13.659000
70.244003
-13.659000
3.902400
23.415001
-5.853700
46.828999
0.000000
1.951200
-1.951200
7.804900
-13.659000
-17.561001
-29.268000
-21.462999
-7.804900
1.951200
-7.804900
-11.707000
9.756100
-5.853700
-1.951200
0.000000
7.804900
11.707000
-5.853700
-15.610000
-13.659000
-9.756100
21.462999
7.804900
-15.610000
-27.316999
-13.659000
-3.902400
25.365999
21.462999
7.804900
0.000000
1.951200
7.804900
17.561001
0.000000
25.365999
23.415001
-1.951200
5.853700
-9.756100
-5.853700
-1.951200
5.853700
17.561001
23.415001
25.365999
-7.804900
-27.316999
1.951200
-19.511999
11.707000
-23.415001
-15.610000
-1.951200
-25.365999
-9.756100
-33.171001
-15.610000
7.804900
-9.756100
0.000000
13.659000
-21.462999
-9.756100
25.365999
27.316999
-13.659000
-3.902400
0.000000
3.902400
0.000000
-3.902400
-1.951200
-35.122002
-9.756100
23.415001
-5.853700
-5.853700
1.951200
11.707000
44.877998
-7.804900
-3.902400
17.561001
-5.853700
44.877998
21.462999
15.610000
1.951200
44.877998
-3.902400
-7.804900
21.462999
9.756100
-23.415001
17.561001
54.633999
-15.610000
-11.707000
-5.853700
-1.951200
19.511999
-19.511999
0.000000
-13.659000
-15.610000
33.171001
-5.853700
0.000000
-11.707000
-21.462999
21.462999
-13.659000
-5.853700
-11.707000
1.951200
-17.561001
-39.023998
-25.365999
-21.462999
9.756100
-39.023998
-37.073002
-35.122002
-40.976002
-19.511999
3.902400
-17.561001
-9.756100
-15.610000
21.462999
-29.268000
-23.415001
17.561001
-21.462999
54.633999
-19.511999
-29.268000
-9.756100
11.707000
27.316999
-11.707000
3.902400
5.853700
-9.756100
-11.707000
83.902000
17.561001
-35.122002
-11.707000
-23.415001
9.756100
17.561001
-21.462999
-48.779999
15.610000
50.731998
17.561001
9.756100
-33.171001
-40.976002
11.707000
-11.707000
0.000000
-21.462999
-25.365999
-3.902400
15.610000
42.926998
66.341003
-39.023998
-35.122002
1.951200
33.171001
39.023998
-11.707000
-27.316999
40.976002
1.951200
-1.951200
42.926998
52.682999
-25.365999
5.853700
-11.707000
-15.610000
19.511999
-7.804900
23.415001
39.023998
-19.511999
-3.902400
1.951200
-21.462999
-15.610000
29.268000
-15.610000
-23.415001
-3.902400
48.779999
21.462999
-29.268000
-37.073002
-15.610000
29.268000
1.951200
-33.171001
-23.415001
-40.976002
5.853700
44.877998
-13.659000
-39.023998
-5.853700
-23.415001
3.902400
21.462999
13.659000
-7.804900
5.853700
35.122002
27.316999
37.073002
33.171001
50.731998
5.853700
74.146004
31.219999
19.511999
5.853700
-3.902400
56.584999
7.804900
-21.462999
-40.976002
-1.951200
-35.122002
-13.659000
-19.511999
-13.659000
-17.561001
-27.316999
3.902400
-21.462999
-37.073002
-15.610000
-9.756100
19.511999
50.731998
5.853700
1.951200
13.659000
37.073002
9.756100
23.415001
15.610000
5.853700
11.707000
-7.804900
3.902400
11.707000
-25.365999
13.659000
-23.415001
-15.610000
-13.659000
-33.171001
-11.707000
-40.976002
-17.561001
7.804900
-5.853700
21.462999
5.853700
1.951200
9.756100
5.853700
-13.659000
7.804900
-21.462999
-19.511999
29.268000
35.122002
-19.511999
-1.951200
5.853700
-11.707000
1.951200
-15.610000
-39.023998
-21.462999
-3.902400
-13.659000
0.000000
15.610000
17.561001
3.902400
-1.951200
5.853700
7.804900
-3.902400
17.561001
-15.610000
11.707000
5.853700
46.828999
-1.951200
-27.316999
1.951200
-7.804900
-5.853700
-21.462999
-19.511999
17.561001
-31.219999
-37.073002
-11.707000
-17.561001
0.000000
-29.268000
-23.415001
1.951200
-3.902400
-5.853700
58.536999
33.171001
11.707000
1.951200
-1.951200
7.804900
1.951200
19.511999
-1.951200
27.316999
-1.951200
1.951200
-1.951200
-5.853700
-19.511999
3.902400
-29.268000
-15.610000
-9.756100
1.951200
-21.462999
1.951200
-5.853700
-23.415001
23.415001
1.951200
21.462999
19.511999
11.707000
31.219999
52.682999
40.976002
17.561001
-3.902400
19.511999
13.659000
52.682999
19.511999
1.951200
0.000000
0.000000
-15.610000
-31.219999
-7.804900
-17.561001
23.415001
-37.073002
-42.926998
11.707000
-27.316999
37.073002
23.415001
23.415001
3.902400
-29.268000
58.536999
-27.316999
-19.511999
-7.804900
11.707000
50.731998
3.902400
25.365999
-7.804900
9.756100
7.804900
-21.462999
-1.951200
-19.511999
-37.073002
15.610000
42.926998
-11.707000
-35.122002
7.804900
-29.268000
-19.511999
37.073002
-5.853700
5.853700
-39.023998
-5.853700
9.756100
5.853700
21.462999
-1.951200
19.511999
21.462999
19.511999
35.122002
-5.853700
9.756100
7.804900
3.902400
-23.415001
-7.804900
-17.561001
-27.316999
-13.659000
-27.316999
-17.561001
19.511999
-17.561001
-17.561001
-15.610000
35.122002
-29.268000
-25.365999
0.000000
-9.756100
7.804900
3.902400
-27.316999
13.659000
-13.659000
-13.659000
52.682999
-13.659000
-25.365999
1.951200
9.756100
-7.804900
-7.804900
-13.659000
-21.462999
-44.877998
-25.365999
-42.926998
-17.561001
-29.268000
-5.853700
62.438999
-11.707000
-21.462999
0.000000
-13.659000
-3.902400
-11.707000
0.000000
1.951200
-25.365999
11.707000
0.000000
3.902400
1.951200
-7.804900
-7.804900
-5.853700
5.853700
21.462999
15.610000
-7.804900
-3.902400
7.804900
5.853700
37.073002
23.415001
7.804900
25.365999
0.000000
1.951200
1.951200
-13.659000
35.122002
19.511999
27.316999
5.853700
-9.756100
-11.707000
3.902400
37.073002
5.853700
-1.951200
25.365999
-19.511999
0.000000
-1.951200
-1.951200
21.462999
-5.853700
-5.853700
29.268000
-13.659000
-17.561001
-11.707000
-17.561001
5.853700
-13.659000
-15.610000
-15.610000
-13.659000
27.316999
9.756100
-17.561001
-7.804900
-19.511999
-5.853700
23.415001
3.902400
9.756100
1.951200
9.756100
7.804900
1.951200
31.219999
0.000000
-15.610000
-3.902400
-29.268000
-31.219999
-25.365999
-3.902400
-27.316999
-7.804900
-15.610000
-31.219999
0.000000
5.853700
-11.707000
23.415001
39.023998
0.000000
19.511999
13.659000
23.415001
31.219999
19.511999
1.951200
7.804900
1.951200
-11.707000
-5.853700
-13.659000
-11.707000
-3.902400
50.731998
-7.804900
-7.804900
9.756100
-17.561001
-11.707000
-19.511999
-25.365999
-11.707000
13.659000
-9.756100
-7.804900
5.853700
-3.902400
3.902400
21.462999
27.316999
27.316999
31.219999
25.365999
-1.951200
9.756100
15.610000
3.902400
19.511999
21.462999
-7.804900
-15.610000
-3.902400
-15.610000
-9.756100
-1.951200
1.951200
7.804900
15.610000
-3.902400
-3.902400
5.853700
27.316999
13.659000
5.853700
17.561001
1.951200
9.756100
23.415001
3.902400
-5.853700
7.804900
15.610000
27.316999
19.511999
-1.951200
-13.659000
-1.951200
-15.610000
-21.462999
-40.976002
-21.462999
-25.365999
-31.219999
-5.853700
-40.976002
-31.219999
-17.561001
-17.561001
-7.804900
5.853700
-3.902400
5.853700
19.511999
-1.951200
-13.659000
5.853700
-9.756100
1.951200
17.561001
11.707000
-17.561001
-19.511999
-19.511999
-27.316999
1.951200
-19.511999
-17.561001
-31.219999
-13.659000
-21.462999
-33.171001
-17.561001
-27.316999
-25.365999
-5.853700
7.804900
-23.415001
-3.902400
0.000000
3.902400
17.561001
5.853700
7.804900
23.415001
37.073002
37.073002
21.462999
19.511999
44.877998
56.584999
21.462999
21.462999
21.462999
17.561001
5.853700
-13.659000
-13.659000
-19.511999
-7.804900
13.659000
-27.316999
-19.511999
-9.756100
-15.610000
11.707000
0.000000
-13.659000
9.756100
9.756100
15.610000
19.511999
13.659000
9.756100
7.804900
0.000000
23.415001
35.122002
-5.853700
-15.610000
-3.902400
11.707000
7.804900
13.659000
31.219999
-11.707000
-35.122002
-5.853700
11.707000
37.073002
7.804900
0.000000
-3.902400
-9.756100
1.951200
25.365999
-13.659000
-15.610000
-19.511999
7.804900
3.902400
-3.902400
-7.804900
-25.365999
-13.659000
11.707000
11.707000
-1.951200
-5.853700
-5.853700
17.561001
17.561001
33.171001
11.707000
5.853700
7.804900
0.000000
13.659000
1.951200
17.561001
0.000000
1.951200
0.000000
13.659000
13.659000
-5.853700
-7.804900
-9.756100
-5.853700
-1.951200
1.951200
5.853700
0.000000
-9.756100
-11.707000
-9.756100
-13.659000
3.902400
3.902400
9.756100
13.659000
9.756100
-21.462999
0.000000
5.853700
0.000000
33.171001
5.853700
3.902400
21.462999
13.659000
-19.511999
-5.853700
-7.804900
7.804900
9.756100
17.561001
-13.659000
-25.365999
-11.707000
1.951200
11.707000
-21.462999
-27.316999
-9.756100
-5.853700
13.659000
-13.659000
9.756100
0.000000
11.707000
15.610000
-7.804900
-3.902400
7.804900
1.951200
-1.951200
5.853700
-11.707000
-11.707000
-1.951200
11.707000
3.902400
1.951200
15.610000
1.951200
11.707000
23.415001
-1.951200
-3.902400
0.000000
-11.707000
0.000000
-5.853700
-9.756100
5.853700
11.707000
7.804900
11.707000
-3.902400
9.756100
-1.951200
-1.951200
1.951200
-9.756100
-3.902400
-17.561001
-15.610000
-5.853700
-5.853700
