7.665100
9.597400
-0.064410
-3.929100
-0.064410
7.665100
-1.996800
1.868000
-1.996800
3.800300
11.530000
7.665100
3.800300
9.597400
7.665100
-0.064410
-0.064410
3.800300
1.868000
1.868000
-0.064410
7.665100
-5.861500
9.597400
11.530000
5.732700
-1.996800
5.732700
3.800300
5.732700
3.800300
1.868000
1.868000
3.800300
7.665100
5.732700
5.732700
9.597400
5.732700
1.868000
-1.996800
-1.996800
-1.996800
-9.726200
-3.929100
1.868000
5.732700
7.665100
3.800300
7.665100
3.800300
5.732700
15.395000
9.597400
3.800300
7.665100
11.530000
11.530000
7.665100
17.327000
5.732700
3.800300
9.597400
-0.064410
11.530000
13.462000
15.395000
15.395000
9.597400
5.732700
9.597400
5.732700
-1.996800
-7.793900
-7.793900
-3.929100
-0.064410
-0.064410
-7.793900
-0.064410
-1.996800
1.868000
9.597400
3.800300
-0.064410
11.530000
11.530000
13.462000
15.395000
5.732700
5.732700
11.530000
5.732700
3.800300
1.868000
3.800300
-3.929100
-0.064410
3.800300
3.800300
3.800300
1.868000
5.732700
5.732700
1.868000
-0.064410
11.530000
7.665100
5.732700
7.665100
9.597400
9.597400
3.800300
3.800300
3.800300
-1.996800
-3.929100
-7.793900
-3.929100
-3.929100
-0.064410
1.868000
-3.929100
-0.064410
1.868000
-3.929100
-11.659000
-11.659000
-7.793900
-3.929100
-3.929100
-3.929100
-5.861500
-13.591000
-13.591000
-9.726200
-15.523000
-17.455999
-15.523000
-11.659000
-7.793900
-7.793900
-11.659000
-5.861500
-1.996800
7.665100
-1.996800
-7.793900
3.800300
1.868000
-0.064410
-0.064410
-3.929100
-5.861500
-0.064410
-1.996800
-7.793900
-0.064410
-0.064410
-3.929100
-1.996800
-7.793900
1.868000
3.800300
1.868000
9.597400
9.597400
1.868000
5.732700
7.665100
1.868000
9.597400
7.665100
-1.996800
-3.929100
-1.996800
-3.929100
-0.064410
1.868000
-3.929100
-0.064410
1.868000
-3.929100
-0.064410
3.800300
-1.996800
7.665100
15.395000
21.191999
15.395000
19.259001
25.056000
28.921000
26.989000
15.395000
19.259001
21.191999
17.327000
7.665100
-0.064410
-3.929100
-1.996800
-7.793900
-15.523000
-17.455999
-19.388000
-11.659000
-9.726200
-9.726200
-9.726200
-1.996800
-3.929100
1.868000
-1.996800
-5.861500
11.530000
-0.064410
1.868000
1.868000
-1.996800
5.732700
5.732700
1.868000
-5.861500
-5.861500
3.800300
3.800300
1.868000
3.800300
-0.064410
3.800300
9.597400
5.732700
3.800300
-3.929100
9.597400
3.800300
-1.996800
1.868000
3.800300
-1.996800
3.800300
-5.861500
-3.929100
-1.996800
-7.793900
-7.793900
-5.861500
-9.726200
-3.929100
-5.861500
-5.861500
-5.861500
-7.793900
3.800300
-3.929100
-3.929100
3.800300
3.800300
1.868000
1.868000
-3.929100
-0.064410
-3.929100
1.868000
5.732700
-0.064410
-0.064410
7.665100
3.800300
-0.064410
3.800300
-3.929100
-5.861500
-0.064410
7.665100
5.732700
1.868000
7.665100
1.868000
-0.064410
1.868000
-0.064410
1.868000
7.665100
1.868000
5.732700
-0.064410
3.800300
3.800300
3.800300
-1.996800
-3.929100
3.800300
21.191999
11.530000
3.800300
-1.996800
3.800300
3.800300
-1.996800
7.665100
5.732700
-9.726200
-0.064410
3.800300
15.395000
9.597400
7.665100
15.395000
11.530000
5.732700
-0.064410
9.597400
21.191999
7.665100
3.800300
-0.064410
-0.064410
3.800300
-3.929100
-9.726200
1.868000
-3.929100
-5.861500
-5.861500
-11.659000
-7.793900
-17.455999
-7.793900
-3.929100
-9.726200
-1.996800
-7.793900
-5.861500
-1.996800
-9.726200
-17.455999
-11.659000
-0.064410
-9.726200
-15.523000
-11.659000
-1.996800
-3.929100
-1.996800
-5.861500
-13.591000
-5.861500
1.868000
3.800300
7.665100
-1.996800
-1.996800
-5.861500
11.530000
11.530000
3.800300
5.732700
-3.929100
3.800300
9.597400
7.665100
3.800300
-3.929100
-7.793900
1.868000
7.665100
5.732700
-9.726200
-5.861500
-5.861500
-3.929100
-1.996800
-5.861500
-1.996800
-7.793900
-5.861500
3.800300
1.868000
7.665100
11.530000
11.530000
5.732700
5.732700
7.665100
-5.861500
9.597400
15.395000
1.868000
3.800300
7.665100
-7.793900
-5.861500
9.597400
-1.996800
-3.929100
-3.929100
1.868000
9.597400
-0.064410
-11.659000
-1.996800
7.665100
3.800300
-7.793900
-11.659000
-13.591000
-13.591000
13.462000
3.800300
-3.929100
-0.064410
-5.861500
-0.064410
5.732700
15.395000
3.800300
-5.861500
5.732700
3.800300
-1.996800
3.800300
9.597400
3.800300
7.665100
-0.064410
-5.861500
-5.861500
5.732700
1.868000
3.800300
-0.064410
-13.591000
3.800300
9.597400
-0.064410
3.800300
3.800300
-0.064410
-0.064410
3.800300
3.800300
-5.861500
-9.726200
1.868000
7.665100
3.800300
1.868000
-1.996800
1.868000
11.530000
-1.996800
3.800300
-3.929100
-3.929100
7.665100
-3.929100
-1.996800
-1.996800
-5.861500
5.732700
-7.793900
-5.861500
-1.996800
-15.523000
-5.861500
-3.929100
1.868000
5.732700
-1.996800
7.665100
-0.064410
-1.996800
7.665100
-0.064410
-3.929100
-15.523000
-7.793900
-11.659000
-5.861500
1.868000
-1.996800
7.665100
5.732700
-3.929100
3.800300
-0.064410
-5.861500
3.800300
5.732700
3.800300
3.800300
11.530000
3.800300
-1.996800
3.800300
1.868000
-0.064410
-5.861500
1.868000
-0.064410
-1.996800
-3.929100
9.597400
5.732700
-5.861500
-9.726200
-7.793900
-3.929100
3.800300
-0.064410
-0.064410
-1.996800
-9.726200
1.868000
5.732700
-3.929100
-13.591000
-0.064410
3.800300
-1.996800
1.868000
5.732700
9.597400
13.462000
-0.064410
9.597400
15.395000
9.597400
21.191999
15.395000
1.868000
9.597400
13.462000
9.597400
13.462000
7.665100
3.800300
-3.929100
-3.929100
11.530000
1.868000
-5.861500
-0.064410
-7.793900
-3.929100
-9.726200
-3.929100
-0.064410
-3.929100
-0.064410
1.868000
-1.996800
5.732700
5.732700
-7.793900
-1.996800
3.800300
11.530000
9.597400
5.732700
-5.861500
3.800300
1.868000
1.868000
-0.064410
-3.929100
3.800300
-1.996800
1.868000
3.800300
3.800300
-0.064410
5.732700
21.191999
15.395000
-5.861500
19.259001
-5.861500
-5.861500
1.868000
7.665100
7.665100
5.732700
13.462000
1.868000
19.259001
13.462000
-0.064410
-5.861500
-7.793900
9.597400
-0.064410
-0.064410
3.800300
3.800300
7.665100
7.665100
-5.861500
3.800300
7.665100
11.530000
3.800300
5.732700
5.732700
9.597400
9.597400
3.800300
-0.064410
1.868000
1.868000
-0.064410
1.868000
-3.929100
-0.064410
-0.064410
-11.659000
-3.929100
-9.726200
-13.591000
-11.659000
-21.320000
-17.455999
-19.388000
-0.064410
-5.861500
-9.726200
-5.861500
-5.861500
-9.726200
5.732700
3.800300
1.868000
11.530000
9.597400
-1.996800
-0.064410
-9.726200
19.259001
-1.996800
-11.659000
-9.726200
-3.929100
-13.591000
-9.726200
1.868000
-17.455999
-17.455999
-11.659000
-32.915001
-3.929100
-1.996800
-7.793900
-1.996800
-11.659000
-11.659000
-13.591000
-15.523000
-13.591000
-11.659000
-7.793900
-7.793900
-13.591000
-3.929100
-7.793900
-1.996800
-3.929100
1.868000
1.868000
1.868000
3.800300
17.327000
7.665100
3.800300
3.800300
1.868000
5.732700
9.597400
3.800300
1.868000
-0.064410
5.732700
9.597400
7.665100
7.665100
9.597400
7.665100
13.462000
9.597400
7.665100
7.665100
7.665100
11.530000
7.665100
-1.996800
7.665100
5.732700
11.530000
13.462000
13.462000
11.530000
1.868000
11.530000
15.395000
-1.996800
-3.929100
3.800300
1.868000
3.800300
3.800300
1.868000
-1.996800
-5.861500
9.597400
3.800300
-1.996800
-1.996800
-3.929100
-1.996800
5.732700
5.732700
-1.996800
5.732700
7.665100
3.800300
1.868000
1.868000
-5.861500
-9.726200
-0.064410
1.868000
-0.064410
1.868000
9.597400
5.732700
1.868000
9.597400
1.868000
1.868000
9.597400
9.597400
9.597400
3.800300
5.732700
-0.064410
3.800300
1.868000
-5.861500
-0.064410
-9.726200
-5.861500
-7.793900
-3.929100
-7.793900
-9.726200
-11.659000
-5.861500
-5.861500
-7.793900
-7.793900
-5.861500
-7.793900
-9.726200
-3.929100
7.665100
3.800300
11.530000
9.597400
9.597400
9.597400
3.800300
7.665100
3.800300
7.665100
1.868000
-1.996800
-9.726200
-11.659000
-15.523000
-15.523000
-9.726200
-11.659000
-11.659000
-11.659000
-5.861500
-11.659000
-3.929100
-7.793900
-0.064410
7.665100
3.800300
3.800300
3.800300
5.732700
7.665100
7.665100
7.665100
9.597400
13.462000
9.597400
9.597400
13.462000
17.327000
13.462000
11.530000
13.462000
7.665100
9.597400
11.530000
7.665100
3.800300
3.800300
3.800300
-0.064410
1.868000
-0.064410
-5.861500
3.800300
1.868000
-1.996800
-0.064410
5.732700
5.732700
7.665100
5.732700
-0.064410
-5.861500
-1.996800
-0.064410
-1.996800
-1.996800
1.868000
3.800300
3.800300
7.665100
7.665100
-3.929100
-1.996800
1.868000
-0.064410
3.800300
-3.929100
-3.929100
-3.929100
-7.793900
-13.591000
-11.659000
-1.996800
5.732700
5.732700
-3.929100
1.868000
5.732700
3.800300
5.732700
9.597400
3.800300
3.800300
11.530000
3.800300
-3.929100
-0.064410
3.800300
5.732700
1.868000
-1.996800
-11.659000
-1.996800
1.868000
3.800300
-11.659000
-17.455999
-7.793900
-13.591000
-13.591000
-13.591000
-11.659000
-19.388000
-7.793900
-9.726200
-7.793900
-7.793900
-1.996800
-1.996800
9.597400
1.868000
-5.861500
1.868000
-0.064410
7.665100
7.665100
7.665100
7.665100
3.800300
7.665100
-0.064410
-9.726200
-0.064410
-5.861500
-15.523000
-5.861500
-0.064410
5.732700
-7.793900
-9.726200
-9.726200
-3.929100
-7.793900
-11.659000
-9.726200
-11.659000
-11.659000
-7.793900
3.800300
-0.064410
-5.861500
-9.726200
-5.861500
-0.064410
-0.064410
5.732700
5.732700
5.732700
11.530000
15.395000
13.462000
11.530000
13.462000
11.530000
13.462000
13.462000
9.597400
3.800300
13.462000
9.597400
5.732700
1.868000
-1.996800
3.800300
-3.929100
-1.996800
-11.659000
-3.929100
1.868000
5.732700
3.800300
-1.996800
-7.793900
-0.064410
-5.861500
-0.064410
5.732700
1.868000
1.868000
-0.064410
-3.929100
-1.996800
3.800300
5.732700
3.800300
5.732700
9.597400
13.462000
9.597400
13.462000
3.800300
5.732700
11.530000
9.597400
5.732700
3.800300
7.665100
5.732700
-0.064410
9.597400
1.868000
-1.996800
1.868000
7.665100
3.800300
-3.929100
-7.793900
-9.726200
1.868000
1.868000
-7.793900
-3.929100
-3.929100
-7.793900
-5.861500
-0.064410
-3.929100
3.800300
3.800300
1.868000
-7.793900
-5.861500
-3.929100
-7.793900
-1.996800
1.868000
-0.064410
-3.929100
1.868000
-1.996800
-0.064410
1.868000
-0.064410
3.800300
7.665100
5.732700
-0.064410
5.732700
-0.064410
-3.929100
-0.064410
-7.793900
-7.793900
-3.929100
-7.793900
-3.929100
-5.861500
-11.659000
