19.139000
21.052999
21.052999
21.052999
13.397000
17.225000
22.966999
7.655500
9.569400
17.225000
3.827800
11.483000
-13.397000
7.655500
1.913900
5.741600
-3.827800
-1.913900
21.052999
-5.741600
-26.794001
-3.827800
-28.708000
3.827800
-17.225000
-26.794001
-9.569400
-9.569400
0.000000
-30.622000
-21.052999
-5.741600
21.052999
17.225000
-5.741600
-7.655500
-42.105000
-53.589001
19.139000
17.225000
-21.052999
-22.966999
7.655500
-17.225000
-21.052999
-15.311000
3.827800
-5.741600
11.483000
-3.827800
-5.741600
5.741600
7.655500
-1.913900
0.000000
7.655500
19.139000
-15.311000
-26.794001
28.708000
9.569400
-44.019001
-32.535999
13.397000
-5.741600
-34.450001
-36.363998
-32.535999
11.483000
-7.655500
-40.191002
5.741600
-7.655500
36.363998
17.225000
-30.622000
-15.311000
49.761002
53.589001
-7.655500
-24.879999
-53.589001
-57.416000
-13.397000
-34.450001
15.311000
9.569400
19.139000
21.052999
-3.827800
3.827800
9.569400
-1.913900
0.000000
9.569400
15.311000
9.569400
17.225000
5.741600
-7.655500
-1.913900
15.311000
28.708000
49.761002
-21.052999
-28.708000
38.278000
5.741600
0.000000
-63.158001
-44.019001
3.827800
-17.225000
-13.397000
15.311000
5.741600
3.827800
-9.569400
-11.483000
1.913900
30.622000
36.363998
21.052999
30.622000
32.535999
-30.622000
-40.191002
-38.278000
11.483000
-3.827800
-13.397000
-21.052999
15.311000
24.879999
3.827800
0.000000
-5.741600
26.794001
30.622000
-49.761002
-32.535999
22.966999
9.569400
-26.794001
-5.741600
28.708000
28.708000
-13.397000
17.225000
9.569400
0.000000
19.139000
-3.827800
1.913900
38.278000
-17.225000
-22.966999
7.655500
1.913900
7.655500
5.741600
-3.827800
9.569400
0.000000
-17.225000
0.000000
21.052999
24.879999
-19.139000
-7.655500
-15.311000
7.655500
42.105000
-30.622000
-32.535999
26.794001
-17.225000
-21.052999
-3.827800
0.000000
0.000000
26.794001
7.655500
5.741600
19.139000
19.139000
26.794001
-11.483000
-21.052999
-5.741600
5.741600
9.569400
5.741600
19.139000
5.741600
-1.913900
3.827800
17.225000
65.071999
-5.741600
-51.674999
3.827800
-1.913900
-3.827800
7.655500
11.483000
1.913900
-17.225000
-9.569400
1.913900
11.483000
-1.913900
9.569400
19.139000
5.741600
-5.741600
-5.741600
0.000000
7.655500
-19.139000
-22.966999
0.000000
13.397000
-36.363998
-51.674999
-9.569400
-3.827800
-34.450001
-13.397000
-9.569400
-9.569400
-7.655500
1.913900
0.000000
13.397000
21.052999
-7.655500
-5.741600
-15.311000
-30.622000
1.913900
15.311000
3.827800
15.311000
26.794001
0.000000
9.569400
17.225000
-15.311000
-5.741600
11.483000
7.655500
13.397000
13.397000
0.000000
17.225000
0.000000
-13.397000
0.000000
-5.741600
21.052999
11.483000
5.741600
0.000000
7.655500
-11.483000
-11.483000
17.225000
-11.483000
-19.139000
0.000000
5.741600
-11.483000
-42.105000
-13.397000
9.569400
-1.913900
3.827800
11.483000
11.483000
17.225000
-7.655500
11.483000
28.708000
17.225000
5.741600
-1.913900
13.397000
-1.913900
-9.569400
42.105000
0.000000
-55.501999
-30.622000
15.311000
13.397000
5.741600
-26.794001
-7.655500
19.139000
-9.569400
-22.966999
-7.655500
-7.655500
-7.655500
22.966999
-15.311000
7.655500
21.052999
-45.932999
-47.847000
-19.139000
26.794001
3.827800
-15.311000
5.741600
0.000000
-1.913900
-28.708000
-17.225000
5.741600
19.139000
-13.397000
3.827800
15.311000
-28.708000
-3.827800
-3.827800
-13.397000
1.913900
9.569400
1.913900
-5.741600
-13.397000
15.311000
-13.397000
3.827800
13.397000
5.741600
19.139000
11.483000
5.741600
15.311000
-15.311000
-5.741600
5.741600
1.913900
21.052999
17.225000
-9.569400
-1.913900
22.966999
3.827800
3.827800
-7.655500
-7.655500
36.363998
9.569400
-24.879999
-34.450001
-5.741600
24.879999
3.827800
-3.827800
-1.913900
-9.569400
34.450001
17.225000
5.741600
-21.052999
-24.879999
-9.569400
21.052999
28.708000
-1.913900
-7.655500
13.397000
9.569400
-1.913900
0.000000
19.139000
0.000000
11.483000
9.569400
11.483000
0.000000
-17.225000
3.827800
3.827800
-5.741600
-7.655500
-1.913900
21.052999
-11.483000
40.191002
17.225000
-26.794001
-26.794001
-24.879999
9.569400
-22.966999
-21.052999
5.741600
-19.139000
13.397000
42.105000
-32.535999
-38.278000
1.913900
1.913900
-19.139000
-13.397000
1.913900
-32.535999
0.000000
-3.827800
51.674999
17.225000
-42.105000
-30.622000
1.913900
-22.966999
-3.827800
9.569400
17.225000
3.827800
19.139000
-5.741600
-17.225000
11.483000
-7.655500
-22.966999
5.741600
17.225000
0.000000
15.311000
5.741600
9.569400
5.741600
22.966999
-11.483000
19.139000
5.741600
-26.794001
3.827800
17.225000
21.052999
-1.913900
-17.225000
1.913900
21.052999
9.569400
0.000000
13.397000
-5.741600
15.311000
30.622000
-28.708000
-32.535999
7.655500
-9.569400
-3.827800
-5.741600
-9.569400
-1.913900
0.000000
21.052999
-15.311000
-11.483000
7.655500
-3.827800
1.913900
-15.311000
0.000000
0.000000
1.913900
-21.052999
5.741600
11.483000
-7.655500
-9.569400
-9.569400
9.569400
32.535999
3.827800
1.913900
9.569400
13.397000
1.913900
13.397000
17.225000
5.741600
-1.913900
17.225000
-7.655500
-17.225000
-1.913900
3.827800
15.311000
-19.139000
-22.966999
5.741600
-11.483000
-13.397000
3.827800
-3.827800
13.397000
-1.913900
7.655500
26.794001
9.569400
15.311000
-11.483000
-15.311000
0.000000
15.311000
22.966999
-19.139000
-19.139000
3.827800
1.913900
11.483000
0.000000
0.000000
-3.827800
7.655500
7.655500
-3.827800
-21.052999
-15.311000
-1.913900
21.052999
22.966999
-9.569400
-17.225000
-13.397000
0.000000
9.569400
13.397000
-19.139000
-26.794001
-3.827800
0.000000
-5.741600
3.827800
17.225000
-1.913900
1.913900
1.913900
-11.483000
-13.397000
-11.483000
0.000000
17.225000
13.397000
21.052999
3.827800
-5.741600
-19.139000
-11.483000
-5.741600
-7.655500
-7.655500
-17.225000
-9.569400
17.225000
0.000000
-19.139000
1.913900
-36.363998
-9.569400
9.569400
-1.913900
-1.913900
5.741600
5.741600
30.622000
-15.311000
-26.794001
11.483000
-5.741600
-26.794001
7.655500
5.741600
47.847000
5.741600
-44.019001
15.311000
1.913900
-9.569400
-22.966999
-21.052999
9.569400
-3.827800
15.311000
-7.655500
-5.741600
36.363998
-17.225000
-21.052999
17.225000
7.655500
19.139000
0.000000
5.741600
13.397000
3.827800
0.000000
3.827800
17.225000
1.913900
-40.191002
-15.311000
19.139000
13.397000
-15.311000
5.741600
17.225000
0.000000
-11.483000
24.879999
22.966999
34.450001
-15.311000
-19.139000
-1.913900
-9.569400
22.966999
-34.450001
9.569400
28.708000
-32.535999
9.569400
1.913900
-5.741600
13.397000
-13.397000
17.225000
9.569400
-15.311000
-5.741600
30.622000
-22.966999
-7.655500
-5.741600
0.000000
3.827800
21.052999
-13.397000
40.191002
22.966999
-3.827800
-7.655500
9.569400
3.827800
-19.139000
13.397000
5.741600
-15.311000
3.827800
3.827800
11.483000
3.827800
3.827800
30.622000
11.483000
0.000000
0.000000
7.655500
3.827800
7.655500
0.000000
11.483000
3.827800
-9.569400
-9.569400
7.655500
5.741600
-3.827800
-19.139000
-9.569400
-17.225000
-13.397000
-15.311000
-5.741600
-1.913900
-11.483000
3.827800
-9.569400
-7.655500
9.569400
13.397000
11.483000
-5.741600
1.913900
0.000000
13.397000
21.052999
1.913900
-3.827800
-7.655500
3.827800
1.913900
1.913900
-11.483000
-13.397000
-1.913900
-3.827800
13.397000
19.139000
-13.397000
-17.225000
0.000000
-19.139000
-9.569400
-9.569400
-5.741600
7.655500
9.569400
1.913900
1.913900
11.483000
1.913900
28.708000
19.139000
1.913900
-3.827800
5.741600
-1.913900
7.655500
28.708000
-7.655500
-17.225000
-9.569400
0.000000
0.000000
-5.741600
3.827800
-7.655500
1.913900
1.913900
-1.913900
-3.827800
-3.827800
7.655500
13.397000
11.483000
11.483000
5.741600
13.397000
9.569400
9.569400
15.311000
13.397000
5.741600
1.913900
9.569400
-1.913900
-5.741600
5.741600
7.655500
-3.827800
3.827800
-3.827800
-7.655500
-9.569400
-15.311000
-5.741600
-21.052999
-19.139000
-5.741600
-9.569400
0.000000
3.827800
3.827800
13.397000
15.311000
17.225000
17.225000
22.966999
21.052999
15.311000
11.483000
15.311000
17.225000
21.052999
11.483000
9.569400
11.483000
3.827800
5.741600
1.913900
-1.913900
-1.913900
0.000000
-9.569400
-11.483000
-15.311000
-13.397000
-1.913900
-7.655500
-7.655500
-5.741600
-22.966999
-9.569400
-5.741600
-13.397000
-13.397000
-17.225000
-9.569400
-13.397000
-15.311000
-13.397000
-17.225000
-22.966999
-9.569400
-11.483000
-9.569400
-5.741600
-13.397000
-19.139000
-1.913900
-7.655500
-13.397000
-13.397000
-3.827800
-1.913900
-13.397000
-22.966999
-19.139000
-15.311000
-1.913900
-3.827800
-17.225000
-13.397000
1.913900
-3.827800
-1.913900
-1.913900
1.913900
-9.569400
0.000000
7.655500
7.655500
0.000000
3.827800
0.000000
0.000000
-5.741600
5.741600
7.655500
-11.483000
-5.741600
3.827800
1.913900
5.741600
0.000000
-1.913900
-1.913900
11.483000
5.741600
-3.827800
5.741600
5.741600
13.397000
5.741600
5.741600
7.655500
19.139000
28.708000
11.483000
-7.655500
3.827800
13.397000
3.827800
5.741600
19.139000
11.483000
9.569400
5.741600
5.741600
7.655500
7.655500
13.397000
13.397000
5.741600
22.966999
19.139000
-19.139000
-13.397000
3.827800
-7.655500
13.397000
7.655500
3.827800
-3.827800
-1.913900
0.000000
-19.139000
-13.397000
-15.311000
-3.827800
5.741600
11.483000
9.569400
-1.913900
-1.913900
5.741600
3.827800
5.741600
1.913900
19.139000
1.913900
-3.827800
11.483000
15.311000
9.569400
5.741600
1.913900
9.569400
7.655500
3.827800
3.827800
-1.913900
3.827800
5.741600
-13.397000
-13.397000
-5.741600
-7.655500
-21.052999
-3.827800
9.569400
-9.569400
-7.655500
1.913900
-7.655500
0.000000
-1.913900
-11.483000
-13.397000
-11.483000
-9.569400
-19.139000
-15.311000
7.655500
3.827800
0.000000
3.827800
-3.827800
-21.052999
-9.569400
3.827800
-1.913900
3.827800
15.311000
19.139000
11.483000
5.741600
-1.913900
1.913900
-3.827800
-3.827800
7.655500
15.311000
-9.569400
-15.311000
-1.913900
-9.569400
3.827800
13.397000
-15.311000
-1.913900
-1.913900
1.913900
5.741600
3.827800
0.000000
-3.827800
1.913900
9.569400
11.483000
-1.913900
3.827800
5.741600
13.397000
-3.827800
3.827800
17.225000
15.311000
3.827800
5.741600
-9.569400
15.311000
0.000000
-1.913900
1.913900
-5.741600
11.483000
-3.827800
-7.655500
-1.913900
-22.966999
-17.225000
-1.913900
5.741600
-9.569400
-5.741600
-5.741600
-13.397000
-9.569400
0.000000
-3.827800
-7.655500
3.827800
5.741600
-11.483000
0.000000
1.913900
-3.827800
0.000000
3.827800
17.225000
1.913900
