18.893999
22.686001
20.790001
22.686001
16.997999
24.580999
34.060001
22.686001
-1.958900
5.624000
22.686001
16.997999
-3.854700
39.747002
7.519700
-7.646100
7.519700
15.103000
35.956001
16.997999
-32.291000
5.624000
-11.438000
24.580999
-30.395000
-43.665001
3.728300
-1.958900
16.997999
-24.708000
-32.291000
-15.229000
30.268999
35.956001
18.893999
-39.874001
-56.935001
-36.082001
3.728300
37.852001
-11.438000
-15.229000
28.372999
-36.082001
-24.708000
-9.541900
16.997999
3.728300
32.164001
-13.333000
-11.438000
15.103000
16.997999
13.207000
-1.958900
15.103000
53.016998
-17.125000
-15.229000
49.226002
3.728300
-56.935001
-24.708000
18.893999
37.852001
-17.125000
-47.457001
-37.978001
7.519700
-7.646100
-41.769001
11.311000
-19.021000
49.226002
9.415500
-11.438000
-19.021000
34.060001
96.619003
-37.978001
24.580999
-32.291000
-87.266998
-22.812000
-41.769001
20.790001
9.415500
34.060001
11.311000
3.728300
22.686001
15.103000
13.207000
-11.438000
-9.541900
28.372999
16.997999
35.956001
1.832500
-13.333000
22.686001
34.060001
18.893999
20.790001
18.893999
-17.125000
58.705002
22.686001
-20.916000
-62.622002
-75.892998
-9.541900
-32.291000
-17.125000
-13.333000
5.624000
11.311000
7.519700
9.415500
5.624000
20.790001
45.433998
34.060001
5.624000
26.476999
-19.021000
-58.831001
-58.831001
-1.958900
-0.063190
-19.021000
-19.021000
22.686001
11.311000
9.415500
20.790001
-15.229000
47.330002
24.580999
-37.978001
-26.603001
22.686001
16.997999
-19.021000
-7.646100
30.268999
13.207000
-5.750400
11.311000
30.268999
13.207000
-15.229000
-15.229000
37.852001
20.790001
-15.229000
-19.021000
22.686001
-9.541900
-5.750400
1.832500
-1.958900
20.790001
3.728300
-24.708000
3.728300
41.643002
11.311000
-37.978001
-17.125000
-22.812000
18.893999
68.182999
-24.708000
-55.039001
34.060001
-19.021000
-36.082001
-13.333000
-5.750400
11.311000
24.580999
9.415500
1.832500
11.311000
20.790001
45.433998
-1.958900
-7.646100
7.519700
22.686001
5.624000
16.997999
16.997999
-3.854700
-3.854700
22.686001
16.997999
20.790001
-15.229000
-45.561001
26.476999
34.060001
-36.082001
-19.021000
1.832500
-0.063190
-9.541900
-17.125000
-5.750400
7.519700
7.519700
18.893999
18.893999
1.832500
-1.958900
-3.854700
13.207000
18.893999
-22.812000
-37.978001
1.832500
26.476999
-64.517998
-62.622002
-3.854700
-28.499001
-20.916000
-0.063190
-9.541900
1.832500
-3.854700
11.311000
-5.750400
39.747002
37.852001
-11.438000
-3.854700
-1.958900
-34.186001
-0.063190
7.519700
5.624000
18.893999
28.372999
13.207000
11.311000
9.415500
-13.333000
-11.438000
-0.063190
9.415500
18.893999
13.207000
-7.646100
-3.854700
7.519700
-3.854700
-3.854700
-0.063190
22.686001
11.311000
-0.063190
-15.229000
-17.125000
-3.854700
-9.541900
13.207000
-3.854700
-28.499001
-3.854700
7.519700
1.832500
-45.561001
-32.291000
22.686001
-3.854700
-0.063190
-1.958900
15.103000
24.580999
-11.438000
3.728300
41.643002
35.956001
-7.646100
7.519700
24.580999
11.311000
9.415500
22.686001
3.728300
-32.291000
-20.916000
28.372999
34.060001
3.728300
-32.291000
-22.812000
-3.854700
-3.854700
-5.750400
-5.750400
-0.063190
-13.333000
43.539001
-26.603001
-7.646100
-5.750400
-34.186001
-32.291000
-13.333000
22.686001
-0.063190
-19.021000
15.103000
-0.063190
-13.333000
-22.812000
-17.125000
16.997999
22.686001
-34.186001
3.728300
-1.958900
-34.186001
16.997999
-5.750400
-20.916000
-3.854700
7.519700
16.997999
-13.333000
-13.333000
-7.646100
-9.541900
26.476999
-5.750400
5.624000
11.311000
13.207000
5.624000
18.893999
32.164001
-13.333000
-15.229000
13.207000
28.372999
35.956001
-26.603001
-15.229000
34.060001
22.686001
-15.229000
-30.395000
-11.438000
26.476999
26.476999
-17.125000
-37.978001
-19.021000
30.268999
16.997999
-9.541900
-13.333000
-17.125000
3.728300
35.956001
51.122002
-15.229000
-43.665001
-17.125000
22.686001
43.539001
11.311000
-26.603001
5.624000
13.207000
9.415500
9.415500
22.686001
13.207000
32.164001
20.790001
5.624000
1.832500
-24.708000
-5.750400
9.415500
5.624000
5.624000
7.519700
7.519700
-19.021000
43.539001
28.372999
-37.978001
-36.082001
-19.021000
18.893999
-15.229000
-43.665001
-11.438000
-17.125000
18.893999
35.956001
-13.333000
-7.646100
-13.333000
15.103000
-17.125000
-43.665001
16.997999
-20.916000
-9.541900
15.103000
68.182999
-11.438000
-62.622002
-24.708000
3.728300
3.728300
-30.395000
-13.333000
15.103000
15.103000
22.686001
-0.063190
13.207000
22.686001
-7.646100
-30.395000
-7.646100
15.103000
-1.958900
24.580999
1.832500
24.580999
16.997999
11.311000
-13.333000
-1.958900
35.956001
-19.021000
-19.021000
13.207000
39.747002
5.624000
-15.229000
9.415500
32.164001
-7.646100
-17.125000
30.268999
18.893999
5.624000
47.330002
-26.603001
-36.082001
-0.063190
-20.916000
9.415500
-0.063190
-36.082001
-0.063190
15.103000
1.832500
-5.750400
-5.750400
3.728300
3.728300
3.728300
-13.333000
-11.438000
13.207000
22.686001
-22.812000
15.103000
18.893999
-24.708000
-3.854700
-13.333000
-7.646100
26.476999
13.207000
-5.750400
3.728300
3.728300
7.519700
22.686001
5.624000
-15.229000
-9.541900
15.103000
-0.063190
-3.854700
11.311000
9.415500
-5.750400
-5.750400
-13.333000
-3.854700
-1.958900
3.728300
20.790001
-1.958900
-3.854700
-17.125000
7.519700
28.372999
26.476999
7.519700
-11.438000
-22.812000
-5.750400
16.997999
49.226002
-37.978001
-30.395000
-5.750400
-7.646100
34.060001
9.415500
-5.750400
-11.438000
9.415500
20.790001
-17.125000
-28.499001
-20.916000
3.728300
28.372999
15.103000
-24.708000
-15.229000
-17.125000
-0.063190
16.997999
-0.063190
-17.125000
-22.812000
-7.646100
-3.854700
1.832500
7.519700
28.372999
-5.750400
-20.916000
-13.333000
3.728300
-17.125000
-11.438000
15.103000
7.519700
15.103000
24.580999
15.103000
15.103000
-19.021000
-15.229000
-9.541900
-22.812000
-1.958900
-30.395000
-22.812000
54.912998
-19.021000
-37.978001
22.686001
-20.916000
-0.063190
-7.646100
-32.291000
1.832500
28.372999
-3.854700
7.519700
-7.646100
-11.438000
54.912998
-7.646100
-47.457001
1.832500
5.624000
39.747002
18.893999
-41.769001
11.311000
1.832500
11.311000
-20.916000
-30.395000
34.060001
7.519700
-3.854700
-15.229000
5.624000
34.060001
-22.812000
-5.750400
16.997999
-1.958900
9.415500
-1.958900
18.893999
11.311000
26.476999
15.103000
-7.646100
32.164001
-17.125000
-36.082001
-3.854700
28.372999
13.207000
-22.812000
18.893999
39.747002
-20.916000
-9.541900
9.415500
-3.854700
24.580999
-39.874001
-26.603001
-3.854700
1.832500
9.415500
-36.082001
3.728300
37.852001
-11.438000
3.728300
5.624000
-3.854700
15.103000
-11.438000
1.832500
26.476999
-26.603001
1.832500
18.893999
-26.603001
-19.021000
7.519700
9.415500
49.226002
11.311000
-36.082001
9.415500
24.580999
13.207000
-3.854700
16.997999
5.624000
-9.541900
22.686001
20.790001
-11.438000
-7.646100
3.728300
9.415500
18.893999
-0.063190
32.164001
24.580999
13.207000
-1.958900
-5.750400
-11.438000
22.686001
3.728300
-11.438000
-0.063190
-7.646100
-17.125000
-1.958900
3.728300
5.624000
-36.082001
-20.916000
-15.229000
-17.125000
1.832500
16.997999
-22.812000
-28.499001
5.624000
-5.750400
-7.646100
15.103000
15.103000
5.624000
-0.063190
-0.063190
3.728300
13.207000
11.311000
-0.063190
3.728300
-0.063190
5.624000
5.624000
20.790001
-20.916000
-24.708000
-0.063190
-7.646100
13.207000
3.728300
-20.916000
-9.541900
-9.541900
-26.603001
15.103000
-9.541900
-19.021000
5.624000
22.686001
-7.646100
-9.541900
11.311000
3.728300
24.580999
30.268999
3.728300
-0.063190
7.519700
-1.958900
5.624000
22.686001
-0.063190
-1.958900
3.728300
-3.854700
-15.229000
-9.541900
-9.541900
-15.229000
3.728300
3.728300
-5.750400
-0.063190
-0.063190
13.207000
13.207000
24.580999
11.311000
7.519700
18.893999
3.728300
11.311000
18.893999
11.311000
13.207000
5.624000
13.207000
-0.063190
-0.063190
13.207000
5.624000
-3.854700
1.832500
-9.541900
-24.708000
-20.916000
-3.854700
-0.063190
-28.499001
-34.186001
-13.333000
-9.541900
-3.854700
1.832500
7.519700
24.580999
22.686001
18.893999
26.476999
32.164001
32.164001
20.790001
3.728300
11.311000
15.103000
22.686001
16.997999
16.997999
5.624000
5.624000
3.728300
5.624000
-1.958900
-7.646100
-7.646100
-3.854700
-3.854700
-9.541900
-7.646100
-0.063190
-3.854700
-0.063190
-7.646100
-28.499001
-13.333000
-7.646100
-17.125000
-13.333000
-15.229000
-1.958900
-15.229000
-15.229000
-11.438000
-17.125000
-20.916000
-9.541900
-7.646100
-13.333000
-3.854700
-19.021000
-36.082001
-5.750400
-17.125000
-20.916000
-9.541900
-3.854700
5.624000
-15.229000
-17.125000
-20.916000
-20.916000
11.311000
5.624000
-11.438000
-7.646100
7.519700
-1.958900
-1.958900
-1.958900
3.728300
-3.854700
5.624000
11.311000
3.728300
5.624000
3.728300
-7.646100
-7.646100
-7.646100
5.624000
15.103000
-15.229000
-22.812000
1.832500
-11.438000
-3.854700
1.832500
-9.541900
1.832500
15.103000
7.519700
1.832500
9.415500
7.519700
16.997999
5.624000
9.415500
18.893999
11.311000
32.164001
24.580999
3.728300
13.207000
11.311000
3.728300
-3.854700
13.207000
7.519700
13.207000
13.207000
7.519700
9.415500
3.728300
7.519700
13.207000
9.415500
13.207000
11.311000
-7.646100
-1.958900
7.519700
-7.646100
3.728300
11.311000
11.311000
-13.333000
-1.958900
-3.854700
-24.708000
-11.438000
-19.021000
-5.750400
7.519700
3.728300
16.997999
7.519700
-1.958900
9.415500
11.311000
1.832500
-9.541900
1.832500
18.893999
7.519700
24.580999
5.624000
9.415500
-0.063190
-5.750400
9.415500
3.728300
-3.854700
-3.854700
3.728300
7.519700
-5.750400
-9.541900
-5.750400
-9.541900
3.728300
-13.333000
5.624000
28.372999
-24.708000
-17.125000
-3.854700
-11.438000
20.790001
-7.646100
-5.750400
-0.063190
-3.854700
-9.541900
-22.812000
-26.603001
-5.750400
11.311000
3.728300
1.832500
-15.229000
-32.291000
-9.541900
1.832500
5.624000
16.997999
18.893999
26.476999
7.519700
7.519700
-1.958900
3.728300
9.415500
-0.063190
7.519700
18.893999
-13.333000
-20.916000
-0.063190
-15.229000
-0.063190
7.519700
-7.646100
1.832500
13.207000
9.415500
-7.646100
-5.750400
5.624000
-9.541900
-1.958900
13.207000
5.624000
-17.125000
-11.438000
9.415500
5.624000
-1.958900
3.728300
30.268999
15.103000
13.207000
16.997999
-15.229000
13.207000
1.832500
7.519700
5.624000
-1.958900
-0.063190
1.832500
11.311000
5.624000
-30.395000
-17.125000
5.624000
-5.750400
-15.229000
-0.063190
-11.438000
-15.229000
-11.438000
-11.438000
11.311000
-1.958900
7.519700
18.893999
-13.333000
-3.854700
-0.063190
5.624000
-7.646100
-1.958900
16.997999
-1.958900
