20.979000
20.979000
-16.934999
-5.560800
17.188000
34.250000
-5.560800
24.771000
-24.518000
26.667000
-24.518000
3.917900
-51.057999
-1.769400
22.875000
22.875000
19.084000
-39.683998
-56.745998
74.059998
20.979000
-15.039000
-15.039000
13.397000
36.145000
15.292000
-7.456600
2.022100
-41.580002
-62.432999
17.188000
19.084000
7.709300
-7.456600
-28.309999
-66.223999
-1.769400
-16.934999
28.562000
13.397000
-87.077003
11.501000
-9.352300
13.397000
20.979000
-20.726999
-20.726999
2.022100
-1.769400
3.917900
-26.414000
15.292000
-15.039000
-1.769400
7.709300
7.709300
-15.039000
7.709300
11.501000
-1.769400
9.605100
-1.769400
-30.205000
13.397000
-1.769400
-11.248000
-98.452003
19.084000
3.917900
-13.144000
24.771000
-7.456600
-7.456600
-15.039000
-3.665100
20.979000
-3.665100
3.917900
19.084000
-11.248000
-22.622000
-9.352300
19.084000
3.917900
-20.726999
-18.830999
-16.934999
30.458000
5.813600
-16.934999
-26.414000
-20.726999
5.813600
-7.456600
19.084000
-11.248000
-5.560800
28.562000
-28.309999
-41.580002
2.022100
11.501000
-18.830999
26.667000
32.354000
0.126380
-7.456600
32.354000
15.292000
-13.144000
-45.370998
32.354000
-9.352300
-9.352300
30.458000
-18.830999
64.581001
-1.769400
9.605100
-5.560800
-30.205000
41.833000
3.917900
-5.560800
13.397000
19.084000
0.126380
-11.248000
19.084000
19.084000
39.937000
24.771000
17.188000
22.875000
-73.806999
36.145000
34.250000
3.917900
34.250000
7.709300
-43.476002
38.041000
28.562000
15.292000
2.022100
-20.726999
5.813600
2.022100
-37.787998
38.041000
-7.456600
-13.144000
-3.665100
-35.893002
17.188000
15.292000
-5.560800
22.875000
-7.456600
-26.414000
22.875000
-3.665100
5.813600
17.188000
13.397000
7.709300
-18.830999
-13.144000
17.188000
11.501000
9.605100
-16.934999
-45.370998
-22.622000
32.354000
22.875000
11.501000
-32.101002
-43.476002
45.624001
51.311001
3.917900
26.667000
3.917900
13.397000
36.145000
32.354000
13.397000
-35.893002
11.501000
28.562000
-13.144000
-5.560800
-11.248000
2.022100
-33.997002
11.501000
5.813600
-11.248000
-18.830999
-13.144000
-62.432999
15.292000
17.188000
-1.769400
5.813600
-32.101002
-7.456600
-24.518000
5.813600
-32.101002
30.458000
13.397000
-3.665100
-24.518000
-7.456600
30.458000
9.605100
5.813600
-7.456600
-28.309999
-33.997002
9.605100
15.292000
-3.665100
-7.456600
-30.205000
9.605100
19.084000
13.397000
2.022100
0.126380
0.126380
28.562000
19.084000
11.501000
24.771000
-7.456600
-7.456600
20.979000
-1.769400
7.709300
2.022100
2.022100
9.605100
19.084000
0.126380
-26.414000
0.126380
-30.205000
19.084000
-24.518000
-16.934999
17.188000
-5.560800
-1.769400
0.126380
5.813600
-3.665100
-18.830999
-1.769400
11.501000
11.501000
-3.665100
-26.414000
22.875000
-5.560800
17.188000
11.501000
-13.144000
2.022100
22.875000
-7.456600
-47.266998
7.709300
36.145000
-13.144000
-1.769400
-20.726999
-7.456600
19.084000
15.292000
-7.456600
19.084000
20.979000
-7.456600
38.041000
11.501000
5.813600
41.833000
-13.144000
11.501000
-39.683998
22.875000
9.605100
-5.560800
64.581001
-32.101002
13.397000
3.917900
5.813600
9.605100
7.709300
-33.997002
11.501000
-28.309999
34.250000
20.979000
-11.248000
-33.997002
17.188000
22.875000
3.917900
-9.352300
19.084000
17.188000
11.501000
3.917900
-16.934999
-24.518000
20.979000
-1.769400
-11.248000
-7.456600
-24.518000
-1.769400
-5.560800
-45.370998
11.501000
5.813600
-37.787998
20.979000
7.709300
-16.934999
19.084000
3.917900
0.126380
-5.560800
2.022100
11.501000
-1.769400
3.917900
-11.248000
-15.039000
-22.622000
-15.039000
-7.456600
-7.456600
17.188000
-33.997002
9.605100
13.397000
-24.518000
5.813600
-11.248000
-45.370998
30.458000
17.188000
-24.518000
-18.830999
-9.352300
20.979000
-7.456600
26.667000
-7.456600
2.022100
3.917900
-37.787998
-9.352300
28.562000
38.041000
15.292000
-26.414000
24.771000
38.041000
19.084000
24.771000
-22.622000
-32.101002
-20.726999
51.311001
20.979000
2.022100
15.292000
28.562000
-3.665100
-1.769400
-18.830999
-5.560800
22.875000
-7.456600
7.709300
11.501000
5.813600
15.292000
-5.560800
26.667000
-20.726999
-35.893002
3.917900
-18.830999
-28.309999
5.813600
-15.039000
0.126380
11.501000
-7.456600
-3.665100
-30.205000
-32.101002
13.397000
24.771000
13.397000
11.501000
-9.352300
-32.101002
0.126380
22.875000
13.397000
-1.769400
2.022100
-9.352300
13.397000
5.813600
-16.934999
-22.622000
51.311001
30.458000
43.728001
36.145000
2.022100
11.501000
11.501000
28.562000
-1.769400
13.397000
-5.560800
2.022100
5.813600
7.709300
-18.830999
-45.370998
22.875000
3.917900
-15.039000
17.188000
-45.370998
9.605100
32.354000
22.875000
24.771000
-45.370998
7.709300
17.188000
36.145000
26.667000
-7.456600
-22.622000
-33.997002
19.084000
-15.039000
-5.560800
-15.039000
-13.144000
0.126380
-1.769400
3.917900
9.605100
0.126380
-20.726999
9.605100
11.501000
9.605100
11.501000
-1.769400
32.354000
5.813600
-13.144000
26.667000
-7.456600
-13.144000
19.084000
-1.769400
19.084000
24.771000
-22.622000
-5.560800
-1.769400
-1.769400
15.292000
3.917900
-5.560800
-22.622000
3.917900
13.397000
9.605100
11.501000
-7.456600
7.709300
0.126380
-26.414000
26.667000
24.771000
-16.934999
13.397000
0.126380
2.022100
-13.144000
3.917900
-18.830999
2.022100
7.709300
-24.518000
-30.205000
-15.039000
2.022100
-13.144000
-5.560800
-18.830999
-9.352300
-18.830999
-1.769400
26.667000
-18.830999
-16.934999
47.520000
36.145000
-9.352300
0.126380
-16.934999
3.917900
20.979000
-18.830999
7.709300
-9.352300
19.084000
-16.934999
2.022100
3.917900
-18.830999
3.917900
3.917900
-9.352300
11.501000
-7.456600
2.022100
15.292000
-11.248000
2.022100
9.605100
34.250000
9.605100
19.084000
-3.665100
-11.248000
24.771000
45.624001
19.084000
3.917900
13.397000
-9.352300
5.813600
22.875000
11.501000
-15.039000
-20.726999
11.501000
15.292000
-9.352300
0.126380
3.917900
-54.849998
-32.101002
-5.560800
9.605100
-52.953999
9.605100
24.771000
-7.456600
55.103001
9.605100
-20.726999
22.875000
5.813600
13.397000
-32.101002
-7.456600
13.397000
-26.414000
38.041000
-15.039000
-7.456600
0.126380
-30.205000
2.022100
22.875000
2.022100
-15.039000
17.188000
15.292000
0.126380
19.084000
-16.934999
15.292000
32.354000
-1.769400
5.813600
13.397000
-5.560800
-7.456600
-26.414000
5.813600
2.022100
-22.622000
-1.769400
9.605100
5.813600
41.833000
-37.787998
-1.769400
17.188000
-5.560800
13.397000
-35.893002
-18.830999
5.813600
-9.352300
-1.769400
-45.370998
17.188000
-7.456600
-24.518000
28.562000
-43.476002
-3.665100
32.354000
-26.414000
11.501000
-3.665100
-13.144000
13.397000
7.709300
-15.039000
17.188000
0.126380
17.188000
9.605100
-22.622000
-13.144000
-35.893002
17.188000
-11.248000
-11.248000
0.126380
-28.309999
9.605100
30.458000
24.771000
0.126380
-11.248000
-13.144000
0.126380
32.354000
15.292000
0.126380
9.605100
9.605100
7.709300
-1.769400
-1.769400
-7.456600
-11.248000
2.022100
-15.039000
9.605100
-1.769400
-20.726999
-13.144000
9.605100
-7.456600
11.501000
13.397000
-20.726999
17.188000
5.813600
-32.101002
-13.144000
-3.665100
0.126380
32.354000
13.397000
-1.769400
-18.830999
0.126380
22.875000
3.917900
-7.456600
19.084000
9.605100
-13.144000
9.605100
5.813600
13.397000
0.126380
-49.162998
13.397000
15.292000
0.126380
7.709300
-24.518000
-7.456600
7.709300
3.917900
-9.352300
-28.309999
-11.248000
26.667000
36.145000
9.605100
2.022100
-3.665100
19.084000
19.084000
24.771000
19.084000
-11.248000
9.605100
-7.456600
0.126380
3.917900
-20.726999
3.917900
-16.934999
-26.414000
0.126380
-11.248000
-26.414000
-7.456600
0.126380
5.813600
-5.560800
-20.726999
-16.934999
49.415001
36.145000
7.709300
32.354000
7.709300
7.709300
24.771000
13.397000
-3.665100
22.875000
3.917900
-18.830999
20.979000
24.771000
-7.456600
-1.769400
-1.769400
5.813600
11.501000
-7.456600
-1.769400
0.126380
-1.769400
0.126380
-33.997002
-20.726999
0.126380
-11.248000
22.875000
7.709300
-11.248000
-1.769400
17.188000
28.562000
20.979000
20.979000
0.126380
11.501000
9.605100
-37.787998
-28.309999
26.667000
15.292000
-7.456600
-1.769400
-18.830999
2.022100
-7.456600
-15.039000
15.292000
-3.665100
-11.248000
-7.456600
0.126380
-3.665100
15.292000
19.084000
-13.144000
17.188000
9.605100
-9.352300
-3.665100
11.501000
11.501000
-3.665100
-3.665100
0.126380
7.709300
-15.039000
-7.456600
-18.830999
3.917900
2.022100
-5.560800
-9.352300
-22.622000
-28.309999
-13.144000
9.605100
-20.726999
-9.352300
17.188000
15.292000
5.813600
-5.560800
-3.665100
7.709300
11.501000
7.709300
3.917900
-11.248000
17.188000
22.875000
5.813600
0.126380
-24.518000
5.813600
-41.580002
11.501000
5.813600
-9.352300
3.917900
-16.934999
-11.248000
-3.665100
-11.248000
-18.830999
-37.787998
-3.665100
9.605100
2.022100
2.022100
-7.456600
2.022100
11.501000
17.188000
-5.560800
19.084000
24.771000
0.126380
24.771000
15.292000
17.188000
17.188000
-13.144000
-3.665100
20.979000
3.917900
-15.039000
2.022100
2.022100
-13.144000
-1.769400
-7.456600
-5.560800
11.501000
-3.665100
11.501000
3.917900
-7.456600
-13.144000
9.605100
24.771000
0.126380
15.292000
7.709300
5.813600
-15.039000
5.813600
28.562000
-11.248000
9.605100
-3.665100
-30.205000
9.605100
-9.352300
13.397000
19.084000
-1.769400
0.126380
5.813600
11.501000
7.709300
-3.665100
13.397000
9.605100
-35.893002
19.084000
5.813600
-32.101002
-3.665100
22.875000
3.917900
9.605100
-1.769400
-7.456600
3.917900
-13.144000
5.813600
2.022100
2.022100
5.813600
2.022100
5.813600
2.022100
-3.665100
-9.352300
-11.248000
22.875000
5.813600
2.022100
-7.456600
-3.665100
9.605100
-13.144000
2.022100
19.084000
15.292000
15.292000
-1.769400
2.022100
0.126380
-1.769400
0.126380
-13.144000
-1.769400
3.917900
-13.144000
-32.101002
-1.769400
3.917900
3.917900
15.292000
-5.560800
0.126380
0.126380
9.605100
11.501000
7.709300
13.397000
9.605100
2.022100
-20.726999
2.022100
11.501000
0.126380
-9.352300
-20.726999
-3.665100
7.709300
20.979000
3.917900
-3.665100
-18.830999
17.188000
5.813600
-7.456600
-15.039000
-16.934999
-18.830999
3.917900
-18.830999
9.605100
9.605100
-3.665100
20.979000
7.709300
5.813600
-1.769400
-3.665100
5.813600
0.126380
0.126380
3.917900
2.022100
-5.560800
13.397000
17.188000
5.813600
-13.144000
-5.560800
-9.352300
-1.769400
5.813600
-9.352300
-1.769400
-1.769400
0.126380
0.126380
2.022100
13.397000
7.709300
3.917900
-5.560800
-3.665100
0.126380
-5.560800
-9.352300
-1.769400
9.605100
5.813600
