5.882400
-1.960800
5.882400
11.765000
-17.646999
-13.725000
9.803900
0.000000
9.803900
19.608000
7.843100
15.686000
-11.765000
1.960800
7.843100
3.921600
13.725000
25.490000
39.216000
-1.960800
-1.960800
9.803900
-11.765000
-3.921600
0.000000
11.765000
7.843100
13.725000
5.882400
-17.646999
-1.960800
3.921600
3.921600
13.725000
-23.528999
-5.882400
-17.646999
-35.293999
1.960800
11.765000
-1.960800
-5.882400
5.882400
-5.882400
-15.686000
-7.843100
1.960800
-3.921600
1.960800
3.921600
1.960800
0.000000
1.960800
5.882400
0.000000
-5.882400
15.686000
11.765000
-29.412001
25.490000
17.646999
-17.646999
-21.569000
5.882400
9.803900
-23.528999
-9.803900
-7.843100
7.843100
13.725000
0.000000
15.686000
11.765000
31.372999
23.528999
-1.960800
-1.960800
23.528999
25.490000
9.803900
-15.686000
-23.528999
-25.490000
-5.882400
-9.803900
13.725000
7.843100
9.803900
19.608000
-1.960800
-5.882400
-3.921600
-9.803900
9.803900
11.765000
0.000000
5.882400
11.765000
0.000000
-7.843100
-1.960800
9.803900
17.646999
13.725000
-11.765000
-11.765000
5.882400
0.000000
-21.569000
-35.293999
-5.882400
0.000000
-5.882400
-7.843100
17.646999
7.843100
-1.960800
1.960800
0.000000
5.882400
21.569000
21.569000
11.765000
15.686000
17.646999
0.000000
-13.725000
-13.725000
5.882400
0.000000
1.960800
-13.725000
3.921600
9.803900
1.960800
-1.960800
-7.843100
9.803900
21.569000
-27.451000
-25.490000
5.882400
-5.882400
-15.686000
-7.843100
9.803900
13.725000
-3.921600
3.921600
5.882400
0.000000
5.882400
0.000000
5.882400
21.569000
-7.843100
-17.646999
0.000000
11.765000
-1.960800
0.000000
0.000000
7.843100
1.960800
-1.960800
9.803900
11.765000
25.490000
-3.921600
-9.803900
-9.803900
5.882400
25.490000
-13.725000
-13.725000
9.803900
3.921600
3.921600
7.843100
11.765000
0.000000
7.843100
9.803900
11.765000
19.608000
19.608000
7.843100
-7.843100
-15.686000
-13.725000
-3.921600
-5.882400
3.921600
13.725000
3.921600
1.960800
1.960800
5.882400
27.451000
9.803900
-11.765000
1.960800
-7.843100
3.921600
-1.960800
1.960800
-3.921600
-9.803900
-5.882400
-7.843100
3.921600
-7.843100
0.000000
-1.960800
-7.843100
-3.921600
-13.725000
-7.843100
-3.921600
-7.843100
-7.843100
-3.921600
11.765000
-21.569000
-35.293999
-7.843100
-3.921600
-13.725000
-3.921600
0.000000
-1.960800
0.000000
3.921600
5.882400
9.803900
21.569000
1.960800
0.000000
3.921600
-1.960800
1.960800
17.646999
9.803900
11.765000
13.725000
0.000000
7.843100
15.686000
-9.803900
-1.960800
9.803900
9.803900
9.803900
5.882400
15.686000
13.725000
1.960800
1.960800
5.882400
5.882400
15.686000
7.843100
5.882400
0.000000
11.765000
-11.765000
-17.646999
0.000000
-13.725000
-15.686000
-11.765000
-1.960800
-11.765000
-17.646999
-7.843100
9.803900
1.960800
5.882400
15.686000
19.608000
17.646999
1.960800
15.686000
23.528999
21.569000
19.608000
11.765000
13.725000
3.921600
-1.960800
13.725000
5.882400
-31.372999
-23.528999
3.921600
-1.960800
1.960800
-19.608000
-11.765000
11.765000
-11.765000
-21.569000
-13.725000
-5.882400
-13.725000
5.882400
-5.882400
-7.843100
0.000000
-15.686000
-25.490000
-9.803900
21.569000
3.921600
3.921600
5.882400
-5.882400
-7.843100
-9.803900
-7.843100
-7.843100
-1.960800
-9.803900
1.960800
7.843100
-3.921600
0.000000
-1.960800
-3.921600
5.882400
5.882400
0.000000
-1.960800
-9.803900
11.765000
-5.882400
-15.686000
-1.960800
-5.882400
1.960800
-1.960800
0.000000
5.882400
-11.765000
-1.960800
1.960800
0.000000
5.882400
0.000000
-5.882400
0.000000
15.686000
5.882400
3.921600
-1.960800
1.960800
27.451000
15.686000
-9.803900
-27.451000
-1.960800
11.765000
5.882400
9.803900
-1.960800
-1.960800
17.646999
11.765000
11.765000
-19.608000
-7.843100
1.960800
11.765000
23.528999
9.803900
3.921600
13.725000
13.725000
17.646999
17.646999
15.686000
-3.921600
5.882400
7.843100
5.882400
9.803900
0.000000
13.725000
15.686000
5.882400
0.000000
0.000000
3.921600
-7.843100
17.646999
0.000000
-9.803900
-13.725000
-19.608000
5.882400
-11.765000
-9.803900
0.000000
-7.843100
7.843100
23.528999
-19.608000
-27.451000
1.960800
-7.843100
-19.608000
-7.843100
-11.765000
-23.528999
1.960800
-7.843100
15.686000
23.528999
-5.882400
-54.902000
-25.490000
0.000000
9.803900
19.608000
7.843100
9.803900
9.803900
3.921600
-17.646999
-1.960800
5.882400
-7.843100
17.646999
5.882400
5.882400
5.882400
-1.960800
9.803900
7.843100
13.725000
7.843100
15.686000
13.725000
0.000000
15.686000
19.608000
27.451000
9.803900
-3.921600
3.921600
5.882400
-1.960800
-3.921600
-1.960800
-5.882400
9.803900
9.803900
-39.216000
-41.175999
-1.960800
-9.803900
-5.882400
-11.765000
-13.725000
-1.960800
-7.843100
3.921600
-5.882400
-7.843100
0.000000
-5.882400
3.921600
-9.803900
-3.921600
1.960800
0.000000
-13.725000
-5.882400
5.882400
1.960800
1.960800
1.960800
13.725000
29.412001
17.646999
19.608000
23.528999
25.490000
11.765000
15.686000
21.569000
11.765000
7.843100
17.646999
1.960800
-9.803900
-3.921600
5.882400
3.921600
-7.843100
-17.646999
-1.960800
-13.725000
-11.765000
-3.921600
-11.765000
-7.843100
-1.960800
0.000000
3.921600
5.882400
11.765000
-11.765000
-11.765000
0.000000
0.000000
11.765000
-3.921600
-3.921600
5.882400
11.765000
7.843100
0.000000
3.921600
0.000000
7.843100
9.803900
13.725000
3.921600
5.882400
13.725000
17.646999
25.490000
7.843100
3.921600
-1.960800
5.882400
13.725000
9.803900
-5.882400
-5.882400
1.960800
3.921600
-3.921600
3.921600
3.921600
0.000000
0.000000
-7.843100
-9.803900
-7.843100
-9.803900
-5.882400
3.921600
1.960800
5.882400
0.000000
-7.843100
-7.843100
-7.843100
-17.646999
-15.686000
-23.528999
-15.686000
-11.765000
-7.843100
-13.725000
-19.608000
-11.765000
-49.020000
-19.608000
11.765000
21.569000
5.882400
5.882400
9.803900
11.765000
-21.569000
1.960800
15.686000
-3.921600
0.000000
9.803900
5.882400
41.175999
19.608000
-21.569000
27.451000
25.490000
7.843100
5.882400
3.921600
23.528999
25.490000
19.608000
13.725000
0.000000
31.372999
-7.843100
-7.843100
19.608000
17.646999
23.528999
3.921600
1.960800
5.882400
-7.843100
-3.921600
-5.882400
3.921600
15.686000
-23.528999
-25.490000
-9.803900
-7.843100
-13.725000
-7.843100
3.921600
-1.960800
-17.646999
5.882400
13.725000
15.686000
-5.882400
-7.843100
15.686000
13.725000
7.843100
-9.803900
-9.803900
1.960800
-9.803900
15.686000
5.882400
7.843100
7.843100
-1.960800
9.803900
0.000000
-5.882400
-1.960800
11.765000
-29.412001
-25.490000
-11.765000
-7.843100
0.000000
5.882400
-15.686000
13.725000
5.882400
-1.960800
5.882400
0.000000
13.725000
0.000000
7.843100
15.686000
0.000000
5.882400
9.803900
11.765000
11.765000
3.921600
27.451000
9.803900
3.921600
13.725000
11.765000
11.765000
5.882400
1.960800
11.765000
1.960800
-3.921600
-7.843100
-1.960800
-3.921600
-19.608000
-17.646999
-13.725000
-11.765000
-11.765000
-9.803900
-13.725000
-3.921600
-5.882400
-3.921600
-7.843100
-9.803900
3.921600
1.960800
3.921600
-3.921600
1.960800
1.960800
5.882400
7.843100
0.000000
3.921600
-1.960800
5.882400
5.882400
-1.960800
-1.960800
-7.843100
-3.921600
-1.960800
1.960800
7.843100
0.000000
-9.803900
1.960800
-9.803900
-7.843100
-3.921600
-3.921600
1.960800
1.960800
5.882400
3.921600
3.921600
5.882400
17.646999
19.608000
7.843100
5.882400
13.725000
3.921600
3.921600
11.765000
1.960800
-7.843100
-7.843100
5.882400
3.921600
1.960800
9.803900
1.960800
-1.960800
0.000000
0.000000
0.000000
0.000000
3.921600
7.843100
0.000000
3.921600
-1.960800
3.921600
3.921600
1.960800
1.960800
5.882400
-1.960800
1.960800
0.000000
0.000000
0.000000
-1.960800
5.882400
5.882400
3.921600
1.960800
0.000000
0.000000
-13.725000
-5.882400
-9.803900
-5.882400
0.000000
-1.960800
3.921600
5.882400
5.882400
9.803900
7.843100
11.765000
15.686000
15.686000
11.765000
11.765000
9.803900
9.803900
7.843100
11.765000
7.843100
9.803900
7.843100
5.882400
5.882400
1.960800
3.921600
1.960800
1.960800
-5.882400
-9.803900
-11.765000
-9.803900
-5.882400
-5.882400
-9.803900
-5.882400
-13.725000
-5.882400
-5.882400
-9.803900
-7.843100
-11.765000
-5.882400
-9.803900
-9.803900
-11.765000
-11.765000
-9.803900
-1.960800
-3.921600
1.960800
5.882400
1.960800
1.960800
11.765000
7.843100
0.000000
-1.960800
-1.960800
-1.960800
-9.803900
-15.686000
-15.686000
-11.765000
0.000000
3.921600
-21.569000
-17.646999
0.000000
-5.882400
0.000000
-3.921600
-3.921600
-11.765000
-3.921600
-3.921600
3.921600
3.921600
9.803900
3.921600
5.882400
3.921600
7.843100
15.686000
3.921600
7.843100
9.803900
11.765000
11.765000
3.921600
3.921600
1.960800
9.803900
0.000000
-11.765000
-7.843100
-5.882400
-1.960800
-5.882400
0.000000
-3.921600
1.960800
9.803900
3.921600
-9.803900
-3.921600
5.882400
1.960800
5.882400
13.725000
9.803900
9.803900
5.882400
1.960800
9.803900
11.765000
15.686000
17.646999
13.725000
23.528999
19.608000
-5.882400
-9.803900
1.960800
0.000000
7.843100
9.803900
1.960800
-5.882400
-1.960800
-9.803900
-13.725000
-9.803900
-15.686000
-7.843100
0.000000
5.882400
1.960800
-3.921600
-9.803900
0.000000
3.921600
7.843100
7.843100
25.490000
7.843100
-3.921600
7.843100
9.803900
5.882400
3.921600
0.000000
3.921600
1.960800
7.843100
5.882400
-1.960800
1.960800
3.921600
-5.882400
-9.803900
-3.921600
-13.725000
-17.646999
-11.765000
-7.843100
-7.843100
-5.882400
-3.921600
-7.843100
-13.725000
-9.803900
-15.686000
-19.608000
-15.686000
-11.765000
-15.686000
-7.843100
3.921600
-3.921600
0.000000
1.960800
1.960800
-3.921600
3.921600
9.803900
5.882400
11.765000
13.725000
13.725000
9.803900
9.803900
1.960800
3.921600
0.000000
0.000000
7.843100
9.803900
0.000000
-3.921600
1.960800
-3.921600
3.921600
15.686000
-9.803900
0.000000
5.882400
7.843100
13.725000
15.686000
15.686000
13.725000
9.803900
19.608000
11.765000
7.843100
9.803900
11.765000
13.725000
-3.921600
-7.843100
1.960800
5.882400
-5.882400
-3.921600
-13.725000
-7.843100
-3.921600
-7.843100
-11.765000
-9.803900
0.000000
-3.921600
-9.803900
-3.921600
-13.725000
-7.843100
5.882400
5.882400
-1.960800
0.000000
0.000000
-7.843100
-7.843100
-1.960800
-11.765000
-13.725000
-5.882400
-1.960800
-3.921600
3.921600
5.882400
9.803900
15.686000
13.725000
15.686000
11.765000
