-2.112200
2.838300
6.798700
12.739000
10.759000
6.798700
4.818500
6.798700
8.778900
12.739000
13.729000
14.719000
15.710000
11.749000
7.788800
4.818500
-0.132010
-3.102300
-5.082500
-6.072600
-6.072600
-7.062700
-10.033000
-12.013000
-10.033000
-8.052800
-5.082500
-4.092400
-2.112200
-1.122100
-1.122100
-4.092400
-6.072600
-9.042900
-9.042900
-2.112200
-3.102300
-5.082500
-0.132010
-1.122100
-0.132010
-2.112200
-6.072600
-8.052800
-7.062700
-1.122100
3.828400
5.808600
1.848200
0.858090
0.858090
1.848200
-0.132010
0.858090
2.838300
1.848200
3.828400
3.828400
4.818500
7.788800
8.778900
6.798700
3.828400
0.858090
-2.112200
-1.122100
0.858090
-0.132010
2.838300
2.838300
0.858090
-1.122100
-0.132010
-3.102300
-7.062700
-2.112200
-0.132010
-0.132010
-0.132010
0.858090
1.848200
1.848200
2.838300
6.798700
8.778900
10.759000
11.749000
1.848200
-6.072600
-3.102300
-3.102300
-3.102300
-4.092400
-5.082500
-2.112200
4.818500
7.788800
2.838300
0.858090
0.858090
3.828400
4.818500
5.808600
2.838300
1.848200
2.838300
2.838300
0.858090
0.858090
-2.112200
-3.102300
-5.082500
-5.082500
-4.092400
-4.092400
-6.072600
-7.062700
-9.042900
-13.003000
-11.023000
-7.062700
-0.132010
7.788800
12.739000
9.769000
3.828400
0.858090
0.858090
-0.132010
-4.092400
-6.072600
-2.112200
2.838300
0.858090
-6.072600
-8.052800
-7.062700
-4.092400
-2.112200
-1.122100
-0.132010
0.858090
1.848200
1.848200
3.828400
3.828400
1.848200
2.838300
2.838300
1.848200
-0.132010
-1.122100
-4.092400
-8.052800
-7.062700
-8.052800
-10.033000
-6.072600
-9.042900
-10.033000
-8.052800
-8.052800
-10.033000
-11.023000
-11.023000
-7.062700
-6.072600
-5.082500
-8.052800
-9.042900
-12.013000
-12.013000
-9.042900
-7.062700
-5.082500
-3.102300
-2.112200
-2.112200
-1.122100
-0.132010
-2.112200
-5.082500
-5.082500
-1.122100
-1.122100
1.848200
2.838300
1.848200
0.858090
-1.122100
-0.132010
-0.132010
-2.112200
-4.092400
-6.072600
-6.072600
-2.112200
-0.132010
1.848200
3.828400
2.838300
2.838300
1.848200
2.838300
2.838300
5.808600
7.788800
8.778900
7.788800
6.798700
7.788800
4.818500
1.848200
0.858090
5.808600
6.798700
9.769000
12.739000
9.769000
0.858090
-3.102300
-4.092400
-6.072600
-10.033000
-12.013000
-12.013000
-10.033000
-12.013000
-13.993000
-14.983000
-15.974000
-16.964001
-13.993000
-12.013000
-10.033000
-11.023000
-13.993000
-13.993000
-12.013000
-12.013000
-12.013000
-13.003000
-13.993000
-13.003000
-10.033000
-10.033000
-7.062700
-4.092400
-3.102300
-8.052800
-13.003000
-14.983000
-12.013000
-7.062700
-2.112200
0.858090
1.848200
3.828400
4.818500
0.858090
-0.132010
-0.132010
-0.132010
3.828400
7.788800
10.759000
12.739000
5.808600
1.848200
-2.112200
-1.122100
1.848200
1.848200
0.858090
-1.122100
3.828400
7.788800
4.818500
0.858090
-0.132010
2.838300
1.848200
-0.132010
-1.122100
-2.112200
-2.112200
1.848200
5.808600
7.788800
7.788800
4.818500
4.818500
5.808600
5.808600
4.818500
4.818500
7.788800
7.788800
7.788800
6.798700
5.808600
6.798700
6.798700
9.769000
6.798700
0.858090
-0.132010
-3.102300
-5.082500
-9.042900
-9.042900
-10.033000
-9.042900
-4.092400
-1.122100
-4.092400
-7.062700
-9.042900
-8.052800
-8.052800
-8.052800
-6.072600
-6.072600
-6.072600
-7.062700
-8.052800
-5.082500
-2.112200
-2.112200
-6.072600
-7.062700
-9.042900
-8.052800
-7.062700
-7.062700
-8.052800
-9.042900
-8.052800
-7.062700
-4.092400
-5.082500
-7.062700
-4.092400
-3.102300
-2.112200
-3.102300
-6.072600
-4.092400
-2.112200
-3.102300
-3.102300
-0.132010
4.818500
4.818500
-0.132010
-1.122100
-5.082500
-9.042900
-12.013000
-12.013000
-10.033000
-6.072600
-4.092400
-1.122100
-0.132010
-0.132010
-1.122100
-2.112200
-3.102300
-8.052800
-5.082500
-1.122100
-0.132010
-1.122100
-5.082500
-5.082500
-2.112200
-2.112200
-3.102300
-2.112200
-1.122100
-4.092400
-7.062700
-11.023000
-8.052800
-4.092400
-2.112200
-2.112200
-6.072600
-8.052800
-8.052800
-5.082500
-7.062700
-6.072600
-7.062700
-8.052800
-4.092400
-0.132010
3.828400
1.848200
-2.112200
-5.082500
-7.062700
-4.092400
-1.122100
0.858090
0.858090
1.848200
3.828400
7.788800
10.759000
11.749000
14.719000
17.690001
15.710000
13.729000
11.749000
10.759000
8.778900
8.778900
7.788800
3.828400
1.848200
1.848200
-0.132010
0.858090
3.828400
6.798700
6.798700
8.778900
7.788800
4.818500
5.808600
9.769000
11.749000
10.759000
9.769000
6.798700
6.798700
3.828400
3.828400
3.828400
1.848200
2.838300
7.788800
12.739000
15.710000
17.690001
16.700001
15.710000
17.690001
12.739000
8.778900
7.788800
5.808600
-0.132010
-2.112200
-4.092400
-4.092400
1.848200
-0.132010
-7.062700
-10.033000
-11.023000
-11.023000
-9.042900
-6.072600
-1.122100
1.848200
10.759000
10.759000
4.818500
4.818500
4.818500
3.828400
7.788800
7.788800
5.808600
5.808600
3.828400
1.848200
3.828400
3.828400
1.848200
2.838300
3.828400
3.828400
0.858090
-0.132010
0.858090
0.858090
1.848200
3.828400
-1.122100
-4.092400
-1.122100
-0.132010
-0.132010
0.858090
-2.112200
-0.132010
1.848200
1.848200
5.808600
6.798700
6.798700
4.818500
2.838300
4.818500
5.808600
6.798700
6.798700
6.798700
6.798700
6.798700
8.778900
11.749000
13.729000
12.739000
10.759000
8.778900
10.759000
10.759000
12.739000
11.749000
8.778900
10.759000
10.759000
11.749000
12.739000
10.759000
9.769000
9.769000
6.798700
1.848200
1.848200
5.808600
8.778900
9.769000
6.798700
5.808600
4.818500
6.798700
5.808600
5.808600
3.828400
-1.122100
-1.122100
-4.092400
-3.102300
-2.112200
-4.092400
-3.102300
-1.122100
-0.132010
2.838300
2.838300
1.848200
0.858090
2.838300
4.818500
7.788800
10.759000
11.749000
7.788800
8.778900
11.749000
15.710000
15.710000
11.749000
9.769000
14.719000
16.700001
19.670000
18.680000
14.719000
12.739000
11.749000
8.778900
6.798700
7.788800
9.769000
9.769000
6.798700
8.778900
11.749000
8.778900
8.778900
8.778900
6.798700
6.798700
8.778900
8.778900
9.769000
7.788800
4.818500
5.808600
4.818500
0.858090
1.848200
3.828400
4.818500
2.838300
5.808600
6.798700
9.769000
10.759000
10.759000
13.729000
15.710000
17.690001
19.670000
20.660000
20.660000
20.660000
18.680000
17.690001
14.719000
12.739000
12.739000
10.759000
6.798700
1.848200
-0.132010
-2.112200
-0.132010
2.838300
4.818500
5.808600
7.788800
6.798700
8.778900
12.739000
12.739000
7.788800
4.818500
6.798700
6.798700
6.798700
3.828400
4.818500
4.818500
2.838300
0.858090
0.858090
-2.112200
0.858090
4.818500
4.818500
0.858090
-4.092400
-1.122100
1.848200
3.828400
5.808600
7.788800
12.739000
14.719000
15.710000
17.690001
15.710000
14.719000
12.739000
9.769000
6.798700
5.808600
8.778900
10.759000
6.798700
3.828400
2.838300
4.818500
5.808600
4.818500
5.808600
7.788800
8.778900
9.769000
10.759000
10.759000
8.778900
9.769000
10.759000
9.769000
8.778900
6.798700
7.788800
10.759000
4.818500
-0.132010
-2.112200
-2.112200
-1.122100
0.858090
-2.112200
-4.092400
-0.132010
5.808600
12.739000
15.710000
12.739000
10.759000
10.759000
12.739000
13.729000
12.739000
14.719000
13.729000
11.749000
7.788800
6.798700
7.788800
7.788800
6.798700
1.848200
3.828400
7.788800
7.788800
3.828400
4.818500
3.828400
-3.102300
-5.082500
-3.102300
-3.102300
-6.072600
-9.042900
-9.042900
-9.042900
-8.052800
-9.042900
-10.033000
-9.042900
-9.042900
-7.062700
-8.052800
-9.042900
-10.033000
-13.003000
-13.003000
-10.033000
-11.023000
-12.013000
-10.033000
-9.042900
-7.062700
-5.082500
-3.102300
-1.122100
-0.132010
0.858090
-2.112200
-3.102300
-5.082500
-7.062700
-8.052800
-12.013000
-15.974000
-18.944000
-22.903999
-22.903999
-18.944000
-13.993000
-13.003000
-10.033000
-10.033000
-13.003000
-13.993000
-13.003000
-8.052800
-8.052800
-11.023000
-10.033000
-9.042900
-7.062700
-7.062700
-8.052800
-11.023000
-13.993000
-10.033000
-8.052800
-10.033000
-13.003000
-14.983000
-15.974000
-16.964001
-15.974000
-14.983000
-13.003000
-6.072600
-7.062700
-8.052800
-7.062700
-5.082500
-6.072600
-7.062700
-10.033000
-10.033000
-10.033000
-9.042900
-9.042900
-8.052800
-7.062700
-5.082500
-3.102300
-2.112200
-1.122100
-0.132010
-2.112200
-3.102300
-4.092400
-5.082500
-4.092400
-4.092400
-4.092400
-2.112200
-7.062700
-9.042900
-9.042900
-10.033000
-8.052800
-1.122100
-1.122100
0.858090
3.828400
1.848200
1.848200
4.818500
3.828400
-0.132010
-3.102300
-2.112200
-0.132010
-0.132010
-2.112200
-5.082500
-5.082500
-3.102300
-3.102300
-3.102300
-3.102300
-1.122100
-0.132010
-2.112200
-5.082500
-6.072600
-7.062700
-7.062700
-6.072600
-8.052800
-9.042900
-9.042900
-7.062700
-6.072600
-9.042900
-8.052800
-4.092400
-6.072600
-8.052800
-4.092400
-3.102300
-4.092400
-4.092400
-5.082500
-2.112200
-1.122100
-3.102300
-4.092400
-5.082500
-3.102300
1.848200
-0.132010
-4.092400
-3.102300
-1.122100
0.858090
0.858090
-2.112200
-4.092400
-1.122100
1.848200
-0.132010
-0.132010
2.838300
6.798700
5.808600
5.808600
7.788800
8.778900
7.788800
10.759000
14.719000
14.719000
10.759000
3.828400
-1.122100
-3.102300
-4.092400
-3.102300
-3.102300
-4.092400
-3.102300
-3.102300
-2.112200
-0.132010
1.848200
3.828400
-0.132010
-3.102300
-0.132010
2.838300
3.828400
2.838300
-0.132010
0.858090
0.858090
0.858090
-2.112200
1.848200
3.828400
4.818500
5.808600
5.808600
7.788800
7.788800
2.838300
0.858090
-1.122100
1.848200
6.798700
6.798700
7.788800
9.769000
8.778900
10.759000
12.739000
11.749000
9.769000
8.778900
10.759000
14.719000
15.710000
15.710000
9.769000
6.798700
5.808600
6.798700
10.759000
12.739000
11.749000
12.739000
10.759000
10.759000
11.749000
9.769000
6.798700
5.808600
6.798700
10.759000
9.769000
8.778900
9.769000
7.788800
3.828400
4.818500
6.798700
10.759000
14.719000
13.729000
7.788800
2.838300
-2.112200
-3.102300
-0.132010
6.798700
15.710000
19.670000
18.680000
17.690001
17.690001
18.680000
19.670000
18.680000
17.690001
16.700001
11.749000
10.759000
11.749000
9.769000
6.798700
5.808600
4.818500
5.808600
5.808600
4.818500
2.838300
3.828400
4.818500
8.778900
12.739000
12.739000
11.749000
14.719000
15.710000
16.700001
16.700001
18.680000
15.710000
11.749000
7.788800
8.778900
10.759000
6.798700
4.818500
2.838300
-1.122100
1.848200
0.858090
-2.112200
-0.132010
2.838300
0.858090
-1.122100
1.848200
