2.013900
5.138900
5.138900
8.263900
6.180600
5.138900
5.138900
6.180600
8.263900
13.472000
11.389000
12.431000
11.389000
8.263900
6.180600
0.972220
-2.152800
-3.194400
-4.236100
-4.236100
-4.236100
-5.277800
-8.402800
-8.402800
-3.194400
-4.236100
-5.277800
-6.319400
-4.236100
-5.277800
-5.277800
-8.402800
-9.444400
-10.486000
-7.361100
-1.111100
-3.194400
-3.194400
-0.069440
-3.194400
-0.069440
-0.069440
-4.236100
-6.319400
-5.277800
-2.152800
-0.069440
2.013900
-1.111100
-1.111100
0.972220
4.097200
-0.069440
0.972220
2.013900
0.972220
3.055600
5.138900
5.138900
7.222200
9.305600
7.222200
3.055600
-1.111100
-4.236100
0.972220
0.972220
-3.194400
-3.194400
-3.194400
-4.236100
-4.236100
-0.069440
-2.152800
-3.194400
0.972220
-0.069440
-1.111100
-0.069440
0.972220
2.013900
-1.111100
-0.069440
3.055600
3.055600
4.097200
5.138900
-4.236100
-8.402800
-4.236100
-5.277800
-5.277800
-5.277800
-7.361100
-5.277800
-0.069440
2.013900
-3.194400
-4.236100
-2.152800
0.972220
2.013900
0.972220
-2.152800
-2.152800
-1.111100
-4.236100
-5.277800
-2.152800
-6.319400
-4.236100
-6.319400
-8.402800
-7.361100
-8.402800
-9.444400
-7.361100
-10.486000
-11.528000
-8.402800
-3.194400
5.138900
9.305600
8.263900
6.180600
0.972220
-0.069440
3.055600
3.055600
-2.152800
-3.194400
2.013900
5.138900
0.972220
-6.319400
-5.277800
-4.236100
-4.236100
-1.111100
2.013900
3.055600
-0.069440
-2.152800
-0.069440
6.180600
7.222200
6.180600
5.138900
7.222200
8.263900
9.305600
9.305600
5.138900
-0.069440
0.972220
-0.069440
-1.111100
0.972220
-4.236100
-4.236100
-3.194400
-4.236100
-5.277800
-4.236100
-2.152800
3.055600
4.097200
5.138900
3.055600
3.055600
-1.111100
-4.236100
-3.194400
-4.236100
-2.152800
-2.152800
-2.152800
-2.152800
-8.402800
-10.486000
-9.444400
-8.402800
-7.361100
-5.277800
-7.361100
-6.319400
-5.277800
-6.319400
-6.319400
-9.444400
-9.444400
-7.361100
-9.444400
-9.444400
-9.444400
-8.402800
-4.236100
-3.194400
-1.111100
2.013900
0.972220
2.013900
0.972220
-1.111100
-3.194400
-1.111100
0.972220
-4.236100
-6.319400
-3.194400
-0.069440
-3.194400
-4.236100
-3.194400
2.013900
4.097200
6.180600
9.305600
6.180600
-1.111100
-4.236100
-6.319400
-8.402800
-12.569000
-12.569000
-10.486000
-12.569000
-13.611000
-15.694000
-17.778000
-15.694000
-14.653000
-12.569000
-11.528000
-8.402800
-7.361100
-12.569000
-11.528000
-10.486000
-11.528000
-12.569000
-14.653000
-13.611000
-12.569000
-9.444400
-9.444400
-7.361100
-4.236100
-4.236100
-7.361100
-11.528000
-14.653000
-10.486000
-6.319400
-3.194400
0.972220
-0.069440
-1.111100
-2.152800
-4.236100
-4.236100
-3.194400
-2.152800
2.013900
3.055600
6.180600
7.222200
2.013900
-0.069440
-1.111100
-0.069440
2.013900
0.972220
-1.111100
-2.152800
5.138900
9.305600
5.138900
4.097200
2.013900
2.013900
2.013900
0.972220
3.055600
2.013900
3.055600
7.222200
7.222200
5.138900
6.180600
5.138900
6.180600
6.180600
5.138900
6.180600
9.305600
10.347000
8.263900
6.180600
3.055600
3.055600
4.097200
5.138900
11.389000
10.347000
6.180600
2.013900
-2.152800
-3.194400
-3.194400
-0.069440
-1.111100
-3.194400
2.013900
6.180600
3.055600
-1.111100
-3.194400
-0.069440
-0.069440
0.972220
2.013900
-0.069440
0.972220
-2.152800
-5.277800
-3.194400
2.013900
0.972220
-4.236100
-6.319400
-8.402800
-4.236100
-1.111100
-0.069440
-3.194400
-4.236100
-3.194400
-1.111100
2.013900
-0.069440
-1.111100
2.013900
6.180600
5.138900
3.055600
-0.069440
0.972220
0.972220
-2.152800
-3.194400
-0.069440
4.097200
2.013900
-1.111100
-1.111100
-5.277800
-7.361100
-9.444400
-9.444400
-6.319400
-1.111100
0.972220
2.013900
2.013900
2.013900
2.013900
-1.111100
-4.236100
-6.319400
-4.236100
-3.194400
-1.111100
-2.152800
-6.319400
-6.319400
-2.152800
-0.069440
0.972220
2.013900
4.097200
4.097200
0.972220
-3.194400
-0.069440
-0.069440
-0.069440
-1.111100
-5.277800
-7.361100
-7.361100
-6.319400
-4.236100
-3.194400
-6.319400
-7.361100
-1.111100
0.972220
2.013900
2.013900
0.972220
-0.069440
-2.152800
-3.194400
-0.069440
0.972220
-0.069440
-1.111100
-0.069440
6.180600
6.180600
8.263900
11.389000
11.389000
9.305600
8.263900
5.138900
5.138900
4.097200
4.097200
5.138900
-0.069440
-0.069440
-3.194400
-4.236100
-4.236100
-4.236100
-1.111100
-1.111100
-0.069440
-0.069440
-4.236100
-2.152800
3.055600
2.013900
3.055600
3.055600
0.972220
0.972220
-4.236100
-4.236100
-3.194400
-3.194400
-2.152800
3.055600
4.097200
4.097200
3.055600
0.972220
4.097200
7.222200
6.180600
4.097200
2.013900
-1.111100
-4.236100
-4.236100
-4.236100
-4.236100
-0.069440
-1.111100
-5.277800
-5.277800
-7.361100
-9.444400
-5.277800
-0.069440
-0.069440
-3.194400
4.097200
5.138900
-0.069440
0.972220
2.013900
-0.069440
3.055600
3.055600
2.013900
2.013900
2.013900
2.013900
2.013900
-0.069440
-3.194400
-1.111100
2.013900
4.097200
-0.069440
-1.111100
-1.111100
-3.194400
-2.152800
-2.152800
-8.402800
-9.444400
-6.319400
-5.277800
-4.236100
-5.277800
-9.444400
-8.402800
-4.236100
-0.069440
6.180600
5.138900
4.097200
2.013900
2.013900
3.055600
0.972220
2.013900
2.013900
5.138900
5.138900
4.097200
6.180600
10.347000
12.431000
10.347000
8.263900
7.222200
12.431000
11.389000
11.389000
8.263900
7.222200
8.263900
9.305600
9.305600
10.347000
9.305600
9.305600
10.347000
11.389000
7.222200
7.222200
9.305600
11.389000
13.472000
12.431000
13.472000
14.514000
17.639000
16.597000
14.514000
12.431000
9.305600
9.305600
5.138900
5.138900
7.222200
7.222200
8.263900
8.263900
9.305600
11.389000
11.389000
10.347000
7.222200
10.347000
15.556000
18.681000
19.722000
19.722000
15.556000
13.472000
16.597000
18.681000
19.722000
16.597000
15.556000
19.722000
20.764000
22.847000
23.889000
18.681000
15.556000
16.597000
12.431000
11.389000
12.431000
11.389000
10.347000
6.180600
6.180600
12.431000
9.305600
9.305600
8.263900
7.222200
8.263900
7.222200
5.138900
7.222200
5.138900
3.055600
7.222200
8.263900
3.055600
3.055600
5.138900
5.138900
6.180600
8.263900
9.305600
7.222200
7.222200
7.222200
7.222200
8.263900
9.305600
7.222200
8.263900
8.263900
10.347000
10.347000
12.431000
10.347000
7.222200
12.431000
14.514000
11.389000
7.222200
3.055600
-2.152800
-2.152800
0.972220
2.013900
0.972220
2.013900
2.013900
0.972220
6.180600
7.222200
4.097200
2.013900
2.013900
0.972220
2.013900
2.013900
5.138900
7.222200
7.222200
2.013900
-2.152800
-4.236100
-0.069440
5.138900
4.097200
-0.069440
-2.152800
-1.111100
0.972220
2.013900
3.055600
3.055600
7.222200
8.263900
5.138900
7.222200
9.305600
8.263900
6.180600
4.097200
4.097200
4.097200
9.305600
10.347000
5.138900
5.138900
5.138900
8.263900
9.305600
10.347000
11.389000
12.431000
12.431000
12.431000
12.431000
11.389000
6.180600
6.180600
7.222200
9.305600
9.305600
6.180600
7.222200
8.263900
4.097200
3.055600
0.972220
-1.111100
-2.152800
-0.069440
-0.069440
-1.111100
3.055600
8.263900
14.514000
16.597000
12.431000
9.305600
8.263900
12.431000
13.472000
12.431000
12.431000
11.389000
11.389000
9.305600
7.222200
5.138900
5.138900
4.097200
0.972220
3.055600
7.222200
6.180600
3.055600
4.097200
3.055600
-0.069440
2.013900
3.055600
2.013900
-1.111100
-4.236100
-4.236100
-4.236100
-1.111100
-1.111100
-1.111100
-0.069440
-2.152800
-2.152800
-1.111100
-2.152800
-2.152800
-4.236100
-6.319400
-7.361100
-9.444400
-7.361100
-8.402800
-9.444400
-6.319400
-3.194400
-2.152800
0.972220
0.972220
3.055600
2.013900
2.013900
0.972220
0.972220
-0.069440
-4.236100
-8.402800
-11.528000
-13.611000
-12.569000
-11.528000
-8.402800
-7.361100
-5.277800
-3.194400
-5.277800
-6.319400
-4.236100
0.972220
-2.152800
-5.277800
-4.236100
-4.236100
-4.236100
-3.194400
-3.194400
-5.277800
-9.444400
-7.361100
-2.152800
-3.194400
-5.277800
-9.444400
-12.569000
-12.569000
-12.569000
-10.486000
-11.528000
-7.361100
-7.361100
-8.402800
-8.402800
-6.319400
-6.319400
-7.361100
-9.444400
-10.486000
-9.444400
-8.402800
-8.402800
-6.319400
-4.236100
-6.319400
-4.236100
-0.069440
-3.194400
-6.319400
-10.486000
-11.528000
-10.486000
-12.569000
-11.528000
-12.569000
-11.528000
-6.319400
-10.486000
-13.611000
-10.486000
-10.486000
-12.569000
-8.402800
-7.361100
-5.277800
-3.194400
-5.277800
-3.194400
2.013900
2.013900
-2.152800
-3.194400
-3.194400
-3.194400
-3.194400
-2.152800
-5.277800
-5.277800
-3.194400
-0.069440
-1.111100
-3.194400
-0.069440
0.972220
-1.111100
-7.361100
-9.444400
-9.444400
-10.486000
-8.402800
-8.402800
-9.444400
-11.528000
-14.653000
-14.653000
-14.653000
-10.486000
-6.319400
-7.361100
-10.486000
-7.361100
-4.236100
-4.236100
-6.319400
-6.319400
-4.236100
-5.277800
-7.361100
-6.319400
-8.402800
-6.319400
0.972220
-1.111100
-4.236100
-5.277800
-7.361100
-5.277800
-3.194400
-4.236100
-4.236100
-3.194400
2.013900
0.972220
0.972220
4.097200
7.222200
5.138900
5.138900
6.180600
5.138900
2.013900
6.180600
9.305600
5.138900
-0.069440
-5.277800
-9.444400
-8.402800
-8.402800
-7.361100
-7.361100
-7.361100
-6.319400
-6.319400
-6.319400
-6.319400
-3.194400
-1.111100
-6.319400
-7.361100
-5.277800
-0.069440
6.180600
6.180600
2.013900
-1.111100
-1.111100
-2.152800
-1.111100
4.097200
5.138900
2.013900
4.097200
6.180600
9.305600
8.263900
5.138900
5.138900
3.055600
5.138900
10.347000
9.305600
9.305600
13.472000
11.389000
9.305600
9.305600
8.263900
5.138900
5.138900
8.263900
11.389000
12.431000
14.514000
10.347000
7.222200
8.263900
7.222200
8.263900
7.222200
7.222200
7.222200
5.138900
7.222200
7.222200
3.055600
3.055600
4.097200
7.222200
11.389000
9.305600
7.222200
7.222200
3.055600
2.013900
5.138900
7.222200
11.389000
15.556000
13.472000
8.263900
5.138900
3.055600
4.097200
7.222200
11.389000
17.639000
17.639000
15.556000
14.514000
13.472000
14.514000
16.597000
17.639000
17.639000
15.556000
11.389000
12.431000
13.472000
11.389000
8.263900
6.180600
4.097200
6.180600
6.180600
4.097200
2.013900
6.180600
8.263900
12.431000
15.556000
14.514000
13.472000
15.556000
17.639000
19.722000
21.806000
22.847000
20.764000
15.556000
9.305600
11.389000
14.514000
10.347000
9.305600
9.305600
5.138900
5.138900
3.055600
2.013900
7.222200
11.389000
9.305600
7.222200
10.347000
