-1.010100
2.020200
4.040400
10.101000
9.090900
10.101000
10.101000
11.111000
12.121000
15.152000
12.121000
12.121000
13.131000
10.101000
8.080800
5.050500
1.010100
-1.010100
-2.020200
-3.030300
-2.020200
-5.050500
-9.090900
-9.090900
-5.050500
-3.030300
-2.020200
-4.040400
-4.040400
-3.030300
-1.010100
-1.010100
0.000000
-3.030300
0.000000
7.070700
3.030300
1.010100
4.040400
4.040400
6.060600
2.020200
-1.010100
-3.030300
-1.010100
1.010100
2.020200
1.010100
-3.030300
-2.020200
2.020200
5.050500
3.030300
5.050500
6.060600
2.020200
3.030300
4.040400
5.050500
9.090900
9.090900
5.050500
0.000000
-1.010100
0.000000
3.030300
3.030300
0.000000
1.010100
3.030300
3.030300
2.020200
1.010100
-2.020200
-3.030300
3.030300
4.040400
1.010100
-2.020200
-4.040400
-4.040400
-6.060600
-4.040400
2.020200
4.040400
5.050500
5.050500
-1.010100
-5.050500
-1.010100
-1.010100
-2.020200
-3.030300
-6.060600
-6.060600
0.000000
1.010100
-2.020200
-3.030300
-2.020200
0.000000
1.010100
0.000000
-2.020200
-1.010100
1.010100
-2.020200
-1.010100
-1.010100
-3.030300
1.010100
-2.020200
-5.050500
-5.050500
-4.040400
-3.030300
-5.050500
-7.070700
-10.101000
-7.070700
-2.020200
3.030300
7.070700
7.070700
3.030300
-1.010100
-2.020200
1.010100
4.040400
0.000000
0.000000
1.010100
2.020200
-2.020200
-7.070700
-6.060600
-4.040400
-5.050500
-7.070700
-8.080800
-8.080800
-7.070700
-7.070700
-5.050500
0.000000
1.010100
-1.010100
0.000000
0.000000
0.000000
0.000000
0.000000
-2.020200
-1.010100
-1.010100
-4.040400
-5.050500
-3.030300
-6.060600
-5.050500
-3.030300
-3.030300
-4.040400
-4.040400
-3.030300
-2.020200
0.000000
2.020200
0.000000
-3.030300
-5.050500
-3.030300
1.010100
1.010100
2.020200
3.030300
4.040400
1.010100
-3.030300
-5.050500
-4.040400
-5.050500
-7.070700
-5.050500
-5.050500
-3.030300
-3.030300
-4.040400
-6.060600
-7.070700
-6.060600
-6.060600
-7.070700
-7.070700
-7.070700
-7.070700
-4.040400
-4.040400
-1.010100
0.000000
1.010100
4.040400
2.020200
1.010100
-3.030300
-2.020200
0.000000
1.010100
2.020200
2.020200
3.030300
-2.020200
-5.050500
-2.020200
4.040400
4.040400
5.050500
7.070700
4.040400
-1.010100
-4.040400
-6.060600
-5.050500
-9.090900
-12.121000
-12.121000
-12.121000
-13.131000
-13.131000
-12.121000
-13.131000
-17.172001
-18.181999
-17.172001
-11.111000
-11.111000
-16.162001
-17.172001
-14.141000
-14.141000
-12.121000
-10.101000
-14.141000
-15.152000
-9.090900
-7.070700
-6.060600
-5.050500
-4.040400
-8.080800
-12.121000
-14.141000
-13.131000
-8.080800
-2.020200
1.010100
1.010100
2.020200
3.030300
0.000000
-3.030300
-4.040400
-6.060600
-4.040400
1.010100
6.060600
7.070700
0.000000
-2.020200
-4.040400
-2.020200
0.000000
-2.020200
-4.040400
-3.030300
4.040400
7.070700
5.050500
1.010100
-1.010100
1.010100
1.010100
0.000000
3.030300
0.000000
-2.020200
-1.010100
3.030300
4.040400
7.070700
3.030300
0.000000
1.010100
0.000000
2.020200
5.050500
5.050500
1.010100
2.020200
2.020200
1.010100
1.010100
2.020200
6.060600
5.050500
2.020200
3.030300
1.010100
-2.020200
-2.020200
-1.010100
-5.050500
-6.060600
-1.010100
2.020200
-1.010100
-2.020200
-4.040400
-5.050500
-6.060600
-7.070700
-4.040400
-4.040400
-4.040400
-6.060600
-7.070700
-4.040400
1.010100
-2.020200
-6.060600
-4.040400
-6.060600
-5.050500
-1.010100
2.020200
1.010100
-1.010100
-1.010100
-1.010100
-3.030300
-3.030300
-2.020200
3.030300
3.030300
1.010100
2.020200
1.010100
3.030300
2.020200
-1.010100
-2.020200
1.010100
4.040400
5.050500
1.010100
0.000000
-1.010100
-4.040400
-11.111000
-12.121000
-6.060600
-1.010100
-2.020200
-1.010100
-1.010100
-1.010100
-1.010100
0.000000
-1.010100
-3.030300
2.020200
3.030300
2.020200
2.020200
-1.010100
-3.030300
-1.010100
3.030300
4.040400
5.050500
4.040400
3.030300
2.020200
-1.010100
-1.010100
0.000000
1.010100
-3.030300
-9.090900
-6.060600
-5.050500
-5.050500
-7.070700
-5.050500
-3.030300
-3.030300
0.000000
0.000000
0.000000
0.000000
1.010100
4.040400
1.010100
-1.010100
0.000000
1.010100
2.020200
4.040400
5.050500
7.070700
7.070700
6.060600
7.070700
7.070700
6.060600
7.070700
6.060600
5.050500
2.020200
2.020200
4.040400
2.020200
-1.010100
-4.040400
-4.040400
-4.040400
-3.030300
-3.030300
-4.040400
-4.040400
-4.040400
-5.050500
-3.030300
3.030300
3.030300
3.030300
3.030300
2.020200
2.020200
-3.030300
-3.030300
1.010100
2.020200
0.000000
4.040400
5.050500
7.070700
10.101000
8.080800
6.060600
7.070700
6.060600
4.040400
3.030300
0.000000
-4.040400
-4.040400
-7.070700
-9.090900
-3.030300
-4.040400
-7.070700
-4.040400
-5.050500
-8.080800
-9.090900
-6.060600
-4.040400
-2.020200
5.050500
6.060600
3.030300
2.020200
0.000000
0.000000
5.050500
6.060600
6.060600
4.040400
0.000000
-1.010100
-1.010100
0.000000
-1.010100
-1.010100
0.000000
2.020200
1.010100
-1.010100
-2.020200
-1.010100
2.020200
4.040400
-5.050500
-10.101000
-6.060600
-9.090900
-8.080800
-4.040400
-5.050500
-1.010100
-1.010100
-1.010100
1.010100
3.030300
5.050500
5.050500
5.050500
7.070700
7.070700
7.070700
9.090900
8.080800
7.070700
11.111000
13.131000
17.172001
20.202000
16.162001
13.131000
10.101000
14.141000
15.152000
14.141000
12.121000
10.101000
11.111000
12.121000
14.141000
16.162001
16.162001
15.152000
16.162001
14.141000
9.090900
7.070700
9.090900
12.121000
11.111000
7.070700
8.080800
12.121000
16.162001
16.162001
13.131000
8.080800
3.030300
3.030300
2.020200
4.040400
5.050500
4.040400
4.040400
6.060600
7.070700
6.060600
4.040400
1.010100
0.000000
2.020200
4.040400
8.080800
13.131000
14.141000
8.080800
5.050500
9.090900
15.152000
16.162001
13.131000
14.141000
18.181999
18.181999
18.181999
16.162001
18.181999
18.181999
17.172001
13.131000
11.111000
9.090900
11.111000
11.111000
7.070700
9.090900
10.101000
7.070700
10.101000
9.090900
6.060600
5.050500
2.020200
1.010100
6.060600
3.030300
1.010100
4.040400
3.030300
-2.020200
-1.010100
2.020200
2.020200
4.040400
11.111000
11.111000
10.101000
8.080800
8.080800
10.101000
11.111000
11.111000
11.111000
13.131000
12.121000
12.121000
14.141000
13.131000
9.090900
6.060600
7.070700
7.070700
6.060600
3.030300
1.010100
-3.030300
-2.020200
0.000000
-1.010100
1.010100
3.030300
3.030300
6.060600
7.070700
7.070700
2.020200
-1.010100
2.020200
3.030300
6.060600
4.040400
6.060600
7.070700
7.070700
7.070700
6.060600
4.040400
7.070700
9.090900
8.080800
2.020200
-3.030300
-1.010100
-1.010100
3.030300
2.020200
1.010100
5.050500
7.070700
9.090900
12.121000
12.121000
12.121000
10.101000
9.090900
7.070700
5.050500
10.101000
12.121000
6.060600
5.050500
3.030300
5.050500
7.070700
8.080800
8.080800
11.111000
13.131000
14.141000
14.141000
14.141000
13.131000
14.141000
15.152000
16.162001
14.141000
10.101000
11.111000
15.152000
11.111000
5.050500
4.040400
3.030300
1.010100
2.020200
-2.020200
-4.040400
2.020200
9.090900
16.162001
19.191999
14.141000
9.090900
9.090900
14.141000
17.172001
13.131000
12.121000
13.131000
12.121000
10.101000
9.090900
8.080800
5.050500
3.030300
0.000000
3.030300
6.060600
3.030300
1.010100
5.050500
4.040400
-2.020200
1.010100
-1.010100
-2.020200
-3.030300
-8.080800
-7.070700
-6.060600
-3.030300
-3.030300
-4.040400
-3.030300
-3.030300
0.000000
-2.020200
-6.060600
-6.060600
-8.080800
-7.070700
-7.070700
-10.101000
-11.111000
-10.101000
-7.070700
-7.070700
-6.060600
-5.050500
-5.050500
-4.040400
-1.010100
-2.020200
-2.020200
-2.020200
-4.040400
-6.060600
-9.090900
-13.131000
-14.141000
-15.152000
-15.152000
-16.162001
-14.141000
-11.111000
-8.080800
-6.060600
-7.070700
-9.090900
-9.090900
-3.030300
-2.020200
-6.060600
-6.060600
-6.060600
-4.040400
-5.050500
-6.060600
-11.111000
-16.162001
-11.111000
-6.060600
-7.070700
-10.101000
-13.131000
-14.141000
-14.141000
-13.131000
-13.131000
-14.141000
-10.101000
-8.080800
-7.070700
-7.070700
-6.060600
-5.050500
-3.030300
-6.060600
-9.090900
-10.101000
-8.080800
-7.070700
-5.050500
-3.030300
-4.040400
-4.040400
-1.010100
1.010100
2.020200
-3.030300
-7.070700
-3.030300
-3.030300
-3.030300
-4.040400
-4.040400
-1.010100
-5.050500
-8.080800
-7.070700
-6.060600
-4.040400
1.010100
0.000000
0.000000
3.030300
0.000000
2.020200
5.050500
2.020200
0.000000
0.000000
1.010100
1.010100
1.010100
0.000000
-2.020200
-1.010100
-1.010100
1.010100
-1.010100
-3.030300
-3.030300
-3.030300
-3.030300
-6.060600
-6.060600
-6.060600
-7.070700
-9.090900
-11.111000
-11.111000
-15.152000
-16.162001
-16.162001
-15.152000
-12.121000
-8.080800
-11.111000
-13.131000
-7.070700
-6.060600
-5.050500
-7.070700
-9.090900
-6.060600
-6.060600
-8.080800
-10.101000
-14.141000
-10.101000
0.000000
1.010100
-1.010100
-4.040400
-6.060600
-5.050500
-4.040400
-5.050500
-7.070700
-6.060600
-2.020200
-4.040400
-5.050500
-4.040400
1.010100
2.020200
4.040400
5.050500
3.030300
2.020200
3.030300
6.060600
5.050500
2.020200
-2.020200
-5.050500
-4.040400
-4.040400
-3.030300
-3.030300
-4.040400
-5.050500
-5.050500
-5.050500
-4.040400
-2.020200
-2.020200
-8.080800
-8.080800
-6.060600
-3.030300
1.010100
3.030300
3.030300
3.030300
0.000000
-1.010100
-2.020200
2.020200
2.020200
2.020200
6.060600
8.080800
11.111000
9.090900
7.070700
8.080800
8.080800
9.090900
10.101000
11.111000
12.121000
14.141000
12.121000
13.131000
12.121000
11.111000
9.090900
9.090900
9.090900
9.090900
12.121000
15.152000
11.111000
5.050500
1.010100
4.040400
8.080800
8.080800
7.070700
5.050500
3.030300
4.040400
6.060600
3.030300
-1.010100
-2.020200
2.020200
7.070700
7.070700
7.070700
6.060600
2.020200
0.000000
1.010100
2.020200
6.060600
10.101000
9.090900
5.050500
1.010100
0.000000
1.010100
4.040400
9.090900
17.172001
19.191999
17.172001
16.162001
16.162001
16.162001
15.152000
12.121000
13.131000
14.141000
11.111000
11.111000
11.111000
9.090900
8.080800
7.070700
6.060600
7.070700
8.080800
7.070700
6.060600
9.090900
11.111000
14.141000
19.191999
20.202000
22.222000
23.232000
22.222000
22.222000
23.232000
26.263000
22.222000
18.181999
15.152000
15.152000
15.152000
11.111000
9.090900
5.050500
3.030300
7.070700
7.070700
6.060600
10.101000
13.131000
11.111000
10.101000
13.131000
