-2.796700
2.081300
8.910600
17.691000
16.715000
9.886200
5.008100
2.081300
3.056900
6.959300
8.910600
9.886200
11.837000
12.813000
12.813000
9.886200
7.935000
5.008100
2.081300
2.081300
0.130080
-2.796700
-2.796700
-1.821100
-4.748000
-5.723600
-4.748000
-7.674800
-9.626000
-8.650400
-6.699200
-8.650400
-6.699200
-7.674800
-9.626000
-6.699200
-11.577000
-16.455000
-11.577000
-13.528000
-15.480000
-17.431000
-17.431000
-16.455000
-16.455000
-14.504000
-10.602000
-7.674800
-8.650400
-9.626000
-10.602000
-11.577000
-15.480000
-14.504000
-11.577000
-12.553000
-7.674800
-5.723600
-4.748000
-4.748000
-0.845530
3.056900
0.130080
-2.796700
-6.699200
-7.674800
-4.748000
-3.772400
2.081300
4.032500
2.081300
-1.821100
-3.772400
-3.772400
-3.772400
0.130080
-0.845530
-2.796700
1.105700
5.983700
5.983700
4.032500
5.983700
8.910600
7.935000
5.983700
5.983700
1.105700
-0.845530
1.105700
2.081300
4.032500
4.032500
0.130080
1.105700
5.008100
4.032500
-4.748000
-6.699200
-3.772400
0.130080
1.105700
-0.845530
-4.748000
-5.723600
-6.699200
-5.723600
-3.772400
1.105700
2.081300
3.056900
3.056900
6.959300
7.935000
5.983700
0.130080
-3.772400
-5.723600
-4.748000
-0.845530
7.935000
17.691000
22.569000
20.618000
14.764000
9.886200
6.959300
7.935000
7.935000
3.056900
2.081300
5.008100
6.959300
5.008100
3.056900
2.081300
1.105700
4.032500
5.008100
5.008100
5.983700
5.008100
4.032500
3.056900
4.032500
4.032500
5.008100
4.032500
1.105700
1.105700
-0.845530
0.130080
3.056900
1.105700
-1.821100
-3.772400
-4.748000
0.130080
-3.772400
-7.674800
-6.699200
-7.674800
-9.626000
-9.626000
-11.577000
-10.602000
-8.650400
-9.626000
-7.674800
-7.674800
-8.650400
-7.674800
-4.748000
-2.796700
2.081300
2.081300
0.130080
1.105700
2.081300
5.008100
3.056900
-0.845530
-1.821100
1.105700
3.056900
5.008100
5.008100
3.056900
-0.845530
-0.845530
2.081300
1.105700
-0.845530
-2.796700
-4.748000
-4.748000
-3.772400
-4.748000
-2.796700
-2.796700
-2.796700
-2.796700
-2.796700
-0.845530
0.130080
2.081300
1.105700
1.105700
2.081300
-0.845530
-1.821100
-4.748000
-6.699200
-5.723600
-4.748000
-7.674800
-5.723600
2.081300
5.008100
-0.845530
-5.723600
-7.674800
-9.626000
-10.602000
-11.577000
-8.650400
-5.723600
-11.577000
-14.504000
-13.528000
-11.577000
-10.602000
-10.602000
-5.723600
2.081300
5.983700
2.081300
-2.796700
-3.772400
-5.723600
-9.626000
-11.577000
-8.650400
-5.723600
-3.772400
-3.772400
-5.723600
-7.674800
-6.699200
-6.699200
-9.626000
-10.602000
-7.674800
-4.748000
-2.796700
-0.845530
1.105700
0.130080
0.130080
-2.796700
-0.845530
0.130080
-1.821100
1.105700
5.983700
9.886200
11.837000
9.886200
7.935000
5.008100
5.983700
9.886200
10.862000
10.862000
8.910600
6.959300
7.935000
5.983700
6.959300
9.886200
11.837000
8.910600
6.959300
6.959300
6.959300
5.983700
5.008100
3.056900
3.056900
4.032500
5.008100
6.959300
6.959300
6.959300
5.008100
2.081300
3.056900
3.056900
2.081300
4.032500
5.008100
6.959300
5.983700
5.008100
1.105700
-0.845530
0.130080
-3.772400
-4.748000
-7.674800
-8.650400
-10.602000
-9.626000
-5.723600
-4.748000
-8.650400
-11.577000
-11.577000
-7.674800
-5.723600
-7.674800
-7.674800
-7.674800
-2.796700
-0.845530
-4.748000
-6.699200
-4.748000
-0.845530
-0.845530
-1.821100
-3.772400
-3.772400
-4.748000
-8.650400
-9.626000
-7.674800
-3.772400
0.130080
3.056900
5.008100
2.081300
-0.845530
-3.772400
-2.796700
-0.845530
0.130080
0.130080
-0.845530
-1.821100
0.130080
2.081300
3.056900
-2.796700
-4.748000
-1.821100
-5.723600
-8.650400
-7.674800
-4.748000
-3.772400
-2.796700
-5.723600
-4.748000
-3.772400
-3.772400
-2.796700
0.130080
4.032500
1.105700
1.105700
4.032500
3.056900
-1.821100
-4.748000
-3.772400
4.032500
6.959300
5.983700
5.983700
5.008100
3.056900
3.056900
-1.821100
-1.821100
-0.845530
-0.845530
1.105700
-2.796700
-4.748000
-3.772400
-2.796700
-6.699200
-7.674800
-7.674800
-4.748000
-1.821100
0.130080
3.056900
3.056900
-0.845530
-4.748000
-5.723600
-3.772400
-1.821100
0.130080
1.105700
1.105700
3.056900
5.983700
4.032500
4.032500
5.983700
8.910600
8.910600
7.935000
6.959300
5.983700
4.032500
3.056900
1.105700
0.130080
0.130080
-0.845530
0.130080
1.105700
3.056900
5.983700
5.983700
5.008100
5.008100
5.008100
7.935000
10.862000
11.837000
12.813000
8.910600
5.008100
5.008100
5.008100
5.008100
2.081300
2.081300
3.056900
4.032500
5.983700
5.983700
8.910600
10.862000
7.935000
6.959300
5.983700
5.008100
3.056900
5.008100
5.008100
5.983700
3.056900
0.130080
3.056900
3.056900
0.130080
-2.796700
-3.772400
-3.772400
-1.821100
2.081300
5.983700
11.837000
16.715000
11.837000
5.008100
5.008100
3.056900
1.105700
4.032500
3.056900
1.105700
2.081300
3.056900
2.081300
3.056900
4.032500
4.032500
5.008100
4.032500
5.983700
5.008100
3.056900
2.081300
3.056900
3.056900
5.008100
1.105700
-0.845530
0.130080
-0.845530
-0.845530
1.105700
1.105700
1.105700
2.081300
-0.845530
0.130080
2.081300
1.105700
1.105700
0.130080
-0.845530
0.130080
1.105700
1.105700
0.130080
-2.796700
-7.674800
-8.650400
-6.699200
-6.699200
-4.748000
-3.772400
-4.748000
-1.821100
-0.845530
0.130080
1.105700
0.130080
-2.796700
-4.748000
-2.796700
-0.845530
-3.772400
-0.845530
-0.845530
-3.772400
-7.674800
-6.699200
-2.796700
-0.845530
0.130080
0.130080
-1.821100
-6.699200
-7.674800
-6.699200
-2.796700
2.081300
5.008100
6.959300
4.032500
4.032500
2.081300
-2.796700
-2.796700
1.105700
5.983700
12.813000
15.740000
17.691000
17.691000
16.715000
17.691000
17.691000
17.691000
16.715000
15.740000
16.715000
17.691000
19.642000
18.667000
18.667000
21.593000
25.496000
22.569000
19.642000
15.740000
15.740000
17.691000
17.691000
15.740000
16.715000
16.715000
18.667000
18.667000
15.740000
19.642000
24.520000
20.618000
18.667000
18.667000
15.740000
11.837000
10.862000
7.935000
10.862000
13.789000
11.837000
10.862000
10.862000
7.935000
5.008100
5.008100
5.008100
3.056900
5.008100
5.008100
8.910600
10.862000
7.935000
8.910600
8.910600
9.886200
9.886200
6.959300
4.032500
3.056900
2.081300
4.032500
5.008100
3.056900
1.105700
-2.796700
-2.796700
-2.796700
0.130080
1.105700
1.105700
0.130080
1.105700
3.056900
6.959300
5.008100
3.056900
5.983700
6.959300
7.935000
6.959300
4.032500
2.081300
5.008100
6.959300
10.862000
12.813000
11.837000
11.837000
8.910600
4.032500
0.130080
-2.796700
-0.845530
-0.845530
1.105700
5.983700
9.886200
11.837000
13.789000
15.740000
19.642000
17.691000
18.667000
21.593000
21.593000
22.569000
24.520000
23.545000
20.618000
16.715000
14.764000
15.740000
13.789000
11.837000
7.935000
8.910600
8.910600
7.935000
8.910600
7.935000
6.959300
5.983700
5.983700
5.008100
5.983700
7.935000
5.008100
1.105700
-2.796700
-2.796700
3.056900
5.983700
3.056900
0.130080
0.130080
2.081300
5.008100
8.910600
6.959300
7.935000
12.813000
17.691000
25.496000
25.496000
21.593000
16.715000
12.813000
13.789000
13.789000
13.789000
13.789000
11.837000
11.837000
8.910600
8.910600
9.886200
8.910600
6.959300
5.008100
4.032500
5.008100
8.910600
10.862000
10.862000
7.935000
-1.821100
-0.845530
3.056900
4.032500
3.056900
3.056900
5.008100
4.032500
3.056900
2.081300
-0.845530
0.130080
-1.821100
-0.845530
-0.845530
-1.821100
-5.723600
-8.650400
-10.602000
-11.577000
-11.577000
-8.650400
-5.723600
-6.699200
-8.650400
-9.626000
-9.626000
-8.650400
-8.650400
-8.650400
-12.553000
-13.528000
-14.504000
-14.504000
-15.480000
-16.455000
-19.382000
-21.333000
-24.260000
-24.260000
-20.358000
-16.455000
-16.455000
-16.455000
-17.431000
-17.431000
-14.504000
-12.553000
-10.602000
-9.626000
-9.626000
-8.650400
-8.650400
-6.699200
-8.650400
-9.626000
-8.650400
-8.650400
-12.553000
-13.528000
-14.504000
-14.504000
-13.528000
-12.553000
-11.577000
-11.577000
-11.577000
-9.626000
-7.674800
-7.674800
-9.626000
-7.674800
-2.796700
-3.772400
-6.699200
-10.602000
-9.626000
-5.723600
-5.723600
-6.699200
-7.674800
-7.674800
-3.772400
1.105700
0.130080
-2.796700
-2.796700
-2.796700
-3.772400
-4.748000
-5.723600
-8.650400
-8.650400
-8.650400
-8.650400
-11.577000
-11.577000
-9.626000
-9.626000
-8.650400
-7.674800
-10.602000
-8.650400
-5.723600
-3.772400
-1.821100
1.105700
2.081300
1.105700
-0.845530
-3.772400
-2.796700
0.130080
-2.796700
-3.772400
-2.796700
-0.845530
1.105700
3.056900
3.056900
1.105700
1.105700
2.081300
-1.821100
-2.796700
0.130080
0.130080
0.130080
0.130080
0.130080
2.081300
5.008100
5.008100
2.081300
3.056900
3.056900
2.081300
3.056900
5.008100
1.105700
-1.821100
-1.821100
0.130080
3.056900
2.081300
-0.845530
0.130080
-1.821100
-3.772400
-1.821100
-3.772400
-5.723600
-3.772400
1.105700
4.032500
1.105700
0.130080
-1.821100
-1.821100
-0.845530
1.105700
5.008100
8.910600
12.813000
10.862000
7.935000
7.935000
8.910600
10.862000
15.740000
18.667000
18.667000
14.764000
9.886200
5.983700
5.983700
4.032500
3.056900
2.081300
1.105700
3.056900
5.983700
7.935000
7.935000
7.935000
7.935000
4.032500
2.081300
6.959300
11.837000
10.862000
6.959300
3.056900
3.056900
5.008100
6.959300
5.983700
5.008100
1.105700
-5.723600
-8.650400
-7.674800
-3.772400
-0.845530
-0.845530
-0.845530
-3.772400
-4.748000
-2.796700
-7.674800
-10.602000
-6.699200
-4.748000
2.081300
6.959300
10.862000
12.813000
14.764000
10.862000
9.886200
9.886200
11.837000
14.764000
15.740000
15.740000
14.764000
15.740000
15.740000
14.764000
17.691000
17.691000
16.715000
15.740000
14.764000
13.789000
15.740000
16.715000
16.715000
11.837000
6.959300
5.983700
2.081300
-1.821100
-2.796700
-1.821100
5.008100
7.935000
6.959300
5.008100
3.056900
-0.845530
-0.845530
1.105700
3.056900
5.008100
3.056900
2.081300
4.032500
4.032500
4.032500
6.959300
6.959300
3.056900
3.056900
1.105700
0.130080
2.081300
5.008100
4.032500
2.081300
-2.796700
-3.772400
-5.723600
-7.674800
-8.650400
-6.699200
-6.699200
-5.723600
-4.748000
-3.772400
-3.772400
0.130080
2.081300
3.056900
7.935000
12.813000
10.862000
6.959300
3.056900
2.081300
3.056900
1.105700
-1.821100
-3.772400
-5.723600
-3.772400
-3.772400
-7.674800
-9.626000
-6.699200
-9.626000
-11.577000
-4.748000
