32.256001
33.265999
32.256001
29.226000
29.226000
29.226000
33.265999
35.285999
38.316002
40.337002
32.256001
24.174999
16.094000
20.135000
26.195000
11.044000
18.114000
27.205000
22.155001
31.246000
43.367001
52.458000
45.387001
39.327000
40.337002
36.296001
32.256001
33.265999
28.215000
24.174999
24.174999
24.174999
27.205000
23.165001
19.125000
23.165001
25.184999
19.125000
15.084000
21.145000
28.215000
30.236000
34.276001
35.285999
38.316002
37.306000
35.285999
33.265999
28.215000
17.104000
4.983200
1.952900
7.003400
12.054000
16.094000
22.155001
33.265999
35.285999
33.265999
33.265999
27.205000
22.155001
20.135000
14.074000
4.983200
5.993300
14.074000
16.094000
19.125000
32.256001
30.236000
26.195000
25.184999
12.054000
13.064000
18.114000
17.104000
12.054000
8.013500
11.044000
15.084000
12.054000
7.003400
7.003400
2.963000
-4.107700
-6.127900
-7.138000
-5.117800
-3.097600
7.003400
11.044000
16.094000
21.145000
14.074000
4.983200
7.003400
1.952900
2.963000
11.044000
7.003400
5.993300
19.125000
15.084000
2.963000
11.044000
10.034000
15.084000
20.135000
16.094000
4.983200
0.942760
-1.077400
3.973100
3.973100
4.983200
7.003400
5.993300
2.963000
9.023600
20.135000
21.145000
17.104000
9.023600
4.983200
4.983200
5.993300
2.963000
3.973100
10.034000
10.034000
18.114000
10.034000
3.973100
11.044000
7.003400
2.963000
5.993300
11.044000
14.074000
14.074000
14.074000
10.034000
9.023600
14.074000
22.155001
18.114000
10.034000
3.973100
-1.077400
-6.127900
2.963000
8.013500
3.973100
-4.107700
-5.117800
-2.087500
-1.077400
-3.097600
-2.087500
-3.097600
-9.158200
-4.107700
-13.199000
-16.229000
-4.107700
8.013500
23.165001
21.145000
20.135000
29.226000
17.104000
8.013500
12.054000
7.003400
8.013500
13.064000
4.983200
1.952900
3.973100
11.044000
17.104000
16.094000
8.013500
-5.117800
-14.209000
-15.219000
-18.249001
-19.259001
-13.199000
-7.138000
8.013500
17.104000
31.246000
43.367001
32.256001
16.094000
14.074000
23.165001
22.155001
0.942760
-0.067340
-7.138000
-15.219000
-1.077400
-0.067340
5.993300
10.034000
5.993300
4.983200
5.993300
-0.067340
-8.148100
-12.189000
-10.168000
-3.097600
-3.097600
8.013500
18.114000
18.114000
22.155001
27.205000
28.215000
17.104000
2.963000
-6.127900
-12.189000
-20.268999
-34.410999
-26.330000
-7.138000
-0.067340
-0.067340
-4.107700
-4.107700
2.963000
1.952900
-7.138000
-17.239000
-23.299999
-32.390999
-41.480999
-36.431000
-23.299999
-9.158200
-2.087500
-1.077400
-1.077400
-1.077400
0.942760
8.013500
5.993300
-5.117800
-7.138000
-9.158200
-19.259001
-28.350000
-30.370001
-24.309999
-26.330000
-23.299999
-15.219000
-13.199000
-12.189000
-12.189000
-13.199000
-7.138000
-1.077400
-7.138000
-9.158200
3.973100
9.023600
-1.077400
-6.127900
-8.148100
-13.199000
-28.350000
-45.521999
-52.592999
-49.562000
-39.460999
-38.451000
-31.379999
-28.350000
-26.330000
-19.259001
-18.249001
-22.290001
-30.370001
-38.451000
-37.441002
-33.401001
-30.370001
-24.309999
-15.219000
-11.178000
-12.189000
-4.107700
-5.117800
-14.209000
-16.229000
-16.229000
-4.107700
-5.117800
-9.158200
-5.117800
4.983200
12.054000
18.114000
21.145000
11.044000
3.973100
8.013500
0.942760
-8.148100
-3.097600
-6.127900
-8.148100
1.952900
2.963000
3.973100
9.023600
16.094000
9.023600
5.993300
-0.067340
-6.127900
-3.097600
-0.067340
-3.097600
-9.158200
-4.107700
8.013500
1.952900
2.963000
0.942760
-5.117800
-7.138000
-4.107700
-7.138000
-14.209000
-20.268999
-22.290001
-19.259001
-12.189000
-4.107700
2.963000
10.034000
13.064000
7.003400
-1.077400
-5.117800
-8.148100
-8.148100
-5.117800
-2.087500
15.084000
18.114000
19.125000
29.226000
20.135000
17.104000
16.094000
18.114000
14.074000
-2.087500
-1.077400
-2.087500
-12.189000
-11.178000
-4.107700
0.942760
4.983200
9.023600
4.983200
-5.117800
-18.249001
-23.299999
-25.320000
-25.320000
-26.330000
-26.330000
-25.320000
-18.249001
-10.168000
-3.097600
-8.148100
-16.229000
-16.229000
-23.299999
-19.259001
-14.209000
-14.209000
-9.158200
-4.107700
5.993300
10.034000
7.003400
10.034000
12.054000
13.064000
7.003400
-12.189000
-13.199000
-7.138000
1.952900
16.094000
10.034000
16.094000
24.174999
16.094000
2.963000
7.003400
2.963000
-8.148100
-11.178000
-21.278999
-28.350000
-16.229000
-15.219000
-21.278999
-22.290001
-19.259001
-25.320000
-28.350000
-22.290001
-28.350000
-29.360001
-26.330000
-24.309999
-20.268999
-19.259001
-17.239000
-18.249001
-17.239000
-14.209000
-4.107700
-4.107700
-13.199000
-12.189000
-13.199000
-8.148100
-4.107700
-8.148100
-2.087500
-3.097600
-13.199000
-11.178000
-6.127900
-4.107700
-5.117800
-12.189000
-24.309999
-12.189000
-4.107700
-9.158200
-7.138000
-15.219000
-24.309999
-15.219000
-14.209000
-17.239000
-16.229000
-21.278999
-23.299999
-18.249001
-10.168000
-3.097600
-2.087500
0.942760
11.044000
4.983200
4.983200
13.064000
13.064000
7.003400
5.993300
7.003400
4.983200
5.993300
3.973100
-5.117800
-8.148100
-1.077400
16.094000
9.023600
4.983200
4.983200
-1.077400
-4.107700
-0.067340
2.963000
-7.138000
-14.209000
-14.209000
-11.178000
-8.148100
-3.097600
0.942760
-1.077400
-8.148100
-16.229000
-13.199000
-11.178000
-12.189000
-22.290001
-16.229000
-0.067340
-7.138000
-12.189000
-8.148100
-15.219000
-24.309999
-28.350000
-25.320000
-18.249001
-13.199000
-15.219000
-14.209000
-17.239000
-13.199000
-10.168000
-15.219000
-10.168000
-10.168000
-10.168000
-10.168000
-12.189000
-5.117800
-0.067340
-1.077400
-5.117800
-2.087500
12.054000
5.993300
-4.107700
-0.067340
3.973100
-2.087500
-18.249001
-14.209000
-6.127900
5.993300
10.034000
1.952900
2.963000
-3.097600
-10.168000
-10.168000
-9.158200
-12.189000
-18.249001
-26.330000
-23.299999
-11.178000
-0.067340
-0.067340
-4.107700
-8.148100
-14.209000
-14.209000
-4.107700
-8.148100
-12.189000
-8.148100
-8.148100
2.963000
12.054000
5.993300
3.973100
11.044000
7.003400
-8.148100
-25.320000
-31.379999
-26.330000
-18.249001
-14.209000
-9.158200
2.963000
8.013500
-6.127900
-13.199000
-7.138000
-9.158200
-12.189000
-15.219000
-21.278999
-16.229000
-9.158200
-4.107700
5.993300
13.064000
13.064000
14.074000
14.074000
20.135000
14.074000
3.973100
2.963000
-12.189000
-28.350000
-20.268999
-14.209000
-10.168000
-6.127900
-7.138000
0.942760
10.034000
11.044000
4.983200
-1.077400
-9.158200
-15.219000
-20.268999
-21.278999
-19.259001
-15.219000
-14.209000
-15.219000
-13.199000
-10.168000
-6.127900
2.963000
12.054000
0.942760
-9.158200
3.973100
2.963000
-8.148100
-14.209000
-8.148100
-6.127900
-11.178000
-11.178000
-11.178000
-14.209000
-20.268999
-25.320000
-28.350000
-27.340000
-21.278999
-22.290001
-26.330000
-28.350000
-25.320000
-24.309999
-21.278999
-20.268999
-20.268999
-18.249001
-15.219000
-19.259001
-21.278999
-14.209000
-8.148100
-6.127900
-10.168000
-3.097600
8.013500
-1.077400
-11.178000
-3.097600
0.942760
-0.067340
-5.117800
-12.189000
-17.239000
-20.268999
-19.259001
-16.229000
-15.219000
-15.219000
-16.229000
-11.178000
-8.148100
-5.117800
-2.087500
4.983200
2.963000
-16.229000
-18.249001
-18.249001
-26.330000
-20.268999
-21.278999
-26.330000
-14.209000
-8.148100
-14.209000
-13.199000
-3.097600
-2.087500
-5.117800
-3.097600
1.952900
4.983200
-3.097600
-10.168000
-7.138000
-8.148100
-20.268999
-26.330000
-22.290001
-19.259001
-6.127900
3.973100
8.013500
8.013500
8.013500
3.973100
3.973100
10.034000
17.104000
18.114000
23.165001
29.226000
23.165001
23.165001
17.104000
3.973100
-3.097600
-19.259001
-25.320000
-32.390999
-28.350000
-22.290001
-25.320000
-24.309999
-23.299999
-17.239000
-13.199000
-8.148100
-6.127900
-5.117800
-3.097600
-5.117800
-6.127900
-4.107700
-5.117800
-8.148100
-5.117800
-5.117800
-7.138000
-1.077400
-5.117800
-5.117800
1.952900
2.963000
4.983200
1.952900
-6.127900
-6.127900
-5.117800
-7.138000
-7.138000
-6.127900
-3.097600
-2.087500
-9.158200
-6.127900
-4.107700
1.952900
4.983200
12.054000
21.145000
25.184999
26.195000
26.195000
25.184999
19.125000
4.983200
-5.117800
-5.117800
-11.178000
-16.229000
-10.168000
-1.077400
0.942760
5.993300
2.963000
-3.097600
-1.077400
-2.087500
0.942760
0.942760
-4.107700
-4.107700
-2.087500
5.993300
20.135000
25.184999
23.165001
22.155001
21.145000
19.125000
17.104000
16.094000
16.094000
5.993300
-5.117800
-15.219000
-13.199000
-2.087500
7.003400
12.054000
14.074000
14.074000
9.023600
3.973100
1.952900
5.993300
7.003400
-3.097600
-7.138000
-3.097600
-6.127900
-11.178000
-10.168000
-11.178000
-14.209000
-11.178000
-9.158200
-9.158200
-10.168000
-8.148100
-6.127900
5.993300
16.094000
19.125000
18.114000
23.165001
24.174999
21.145000
27.205000
21.145000
1.952900
5.993300
9.023600
8.013500
13.064000
12.054000
7.003400
7.003400
15.084000
17.104000
8.013500
15.084000
25.184999
22.155001
24.174999
32.256001
34.276001
31.246000
23.165001
23.165001
20.135000
17.104000
19.125000
14.074000
11.044000
9.023600
4.983200
-1.077400
-0.067340
3.973100
3.973100
14.074000
10.034000
0.942760
-4.107700
-0.067340
8.013500
7.003400
-2.087500
-9.158200
-1.077400
7.003400
5.993300
9.023600
10.034000
11.044000
7.003400
4.983200
4.983200
3.973100
2.963000
-5.117800
-8.148100
-1.077400
4.983200
1.952900
2.963000
10.034000
17.104000
15.084000
8.013500
2.963000
7.003400
7.003400
2.963000
14.074000
4.983200
2.963000
11.044000
9.023600
7.003400
9.023600
10.034000
3.973100
-1.077400
0.942760
-0.067340
-7.138000
-15.219000
-16.229000
-11.178000
-13.199000
-11.178000
-7.138000
-3.097600
-5.117800
-14.209000
-16.229000
-12.189000
-9.158200
-3.097600
2.963000
-10.168000
-18.249001
-11.178000
3.973100
5.993300
4.983200
15.084000
14.074000
15.084000
14.074000
18.114000
19.125000
16.094000
26.195000
36.296001
29.226000
18.114000
20.135000
18.114000
15.084000
11.044000
7.003400
0.942760
7.003400
17.104000
19.125000
15.084000
17.104000
24.174999
23.165001
23.165001
19.125000
16.094000
18.114000
20.135000
13.064000
1.952900
7.003400
8.013500
-6.127900
-5.117800
-4.107700
-16.229000
-32.390999
-34.410999
-37.441002
-37.441002
-30.370001
-21.278999
-16.229000
-5.117800
-4.107700
-9.158200
-0.067340
-1.077400
1.952900
10.034000
11.044000
14.074000
5.993300
5.993300
16.094000
12.054000
9.023600
12.054000
7.003400
-3.097600
-2.087500
-8.148100
-8.148100
-12.189000
-18.249001
-18.249001
-11.178000
-4.107700
5.993300
11.044000
9.023600
4.983200
-6.127900
-12.189000
-12.189000
-25.320000
-24.309999
-8.148100
-0.067340
-0.067340
-3.097600
-2.087500
4.983200
8.013500
0.942760
-4.107700
-10.168000
-15.219000
-19.259001
