24.620001
23.629999
22.639999
22.639999
24.620001
26.601000
35.512001
43.431999
46.403000
44.422001
30.561001
18.680000
8.778900
12.739000
15.710000
1.848200
10.759000
23.629999
24.620001
37.492001
49.373001
57.293999
44.422001
33.530998
33.530998
28.580999
23.629999
23.629999
17.690001
14.719000
14.719000
16.700001
21.650000
19.670000
15.710000
16.700001
15.710000
9.769000
5.808600
14.719000
25.611000
30.561001
36.501999
40.462002
45.412998
45.412998
40.462002
32.541000
22.639999
10.759000
-0.132010
-2.112200
0.858090
2.838300
7.788800
18.680000
36.501999
39.472000
38.481998
36.501999
25.611000
15.710000
11.749000
7.788800
0.858090
3.828400
11.749000
13.729000
19.670000
32.541000
29.570999
24.620001
22.639999
8.778900
8.778900
13.729000
10.759000
7.788800
5.808600
8.778900
14.719000
12.739000
6.798700
2.838300
-3.102300
-9.042900
-10.033000
-10.033000
-10.033000
-6.072600
2.838300
7.788800
13.729000
20.660000
12.739000
3.828400
2.838300
-1.122100
-0.132010
6.798700
0.858090
-0.132010
14.719000
9.769000
-2.112200
8.778900
11.749000
15.710000
19.670000
17.690001
9.769000
4.818500
-3.102300
-3.102300
-2.112200
-0.132010
-0.132010
-3.102300
-4.092400
1.848200
12.739000
17.690001
16.700001
6.798700
1.848200
1.848200
3.828400
1.848200
1.848200
8.778900
9.769000
17.690001
10.759000
5.808600
10.759000
6.798700
1.848200
5.808600
11.749000
15.710000
14.719000
14.719000
12.739000
10.759000
10.759000
16.700001
13.729000
1.848200
-1.122100
-1.122100
-4.092400
-0.132010
1.848200
-2.112200
-6.072600
-7.062700
-6.072600
-7.062700
-11.023000
-12.013000
-14.983000
-19.934000
-13.003000
-14.983000
-15.974000
-5.082500
6.798700
21.650000
18.680000
17.690001
28.580999
20.660000
13.729000
19.670000
13.729000
12.739000
16.700001
8.778900
6.798700
7.788800
12.739000
16.700001
16.700001
11.749000
0.858090
-7.062700
-7.062700
-8.052800
-7.062700
-2.112200
1.848200
13.729000
16.700001
27.591000
38.481998
24.620001
8.778900
9.769000
20.660000
17.690001
-4.092400
-5.082500
-9.042900
-13.993000
-0.132010
1.848200
10.759000
16.700001
11.749000
8.778900
8.778900
0.858090
-9.042900
-13.003000
-9.042900
-3.102300
-4.092400
5.808600
17.690001
17.690001
22.639999
28.580999
30.561001
19.670000
2.838300
-9.042900
-13.003000
-17.954000
-31.815001
-26.865000
-10.033000
-2.112200
-2.112200
-6.072600
-5.082500
4.818500
6.798700
-2.112200
-12.013000
-18.944000
-25.875000
-35.776001
-32.805000
-26.865000
-17.954000
-9.042900
-7.062700
-8.052800
-8.052800
-4.092400
6.798700
4.818500
-5.082500
-6.072600
-6.072600
-12.013000
-19.934000
-24.884001
-20.924000
-20.924000
-18.944000
-15.974000
-21.914000
-21.914000
-17.954000
-13.993000
-7.062700
-1.122100
-6.072600
-8.052800
3.828400
5.808600
-5.082500
-11.023000
-10.033000
-11.023000
-19.934000
-32.805000
-38.745998
-36.765999
-26.865000
-25.875000
-19.934000
-18.944000
-17.954000
-13.003000
-13.993000
-20.924000
-27.855000
-32.805000
-30.825001
-26.865000
-25.875000
-20.924000
-12.013000
-10.033000
-11.023000
-3.102300
-1.122100
-9.042900
-12.013000
-14.983000
-3.102300
-5.082500
-10.033000
-9.042900
2.838300
10.759000
17.690001
19.670000
10.759000
6.798700
10.759000
0.858090
-10.033000
-9.042900
-14.983000
-18.944000
-10.033000
-8.052800
-6.072600
3.828400
13.729000
9.769000
6.798700
-0.132010
-8.052800
-7.062700
-3.102300
-2.112200
-6.072600
-3.102300
4.818500
-4.092400
-3.102300
-3.102300
-10.033000
-13.993000
-11.023000
-17.954000
-24.884001
-28.844999
-25.875000
-18.944000
-13.003000
-8.052800
-2.112200
7.788800
14.719000
11.749000
4.818500
-2.112200
-7.062700
-4.092400
0.858090
2.838300
15.710000
17.690001
14.719000
24.620001
17.690001
17.690001
18.680000
22.639999
16.700001
-1.122100
-1.122100
0.858090
-3.102300
-0.132010
5.808600
4.818500
6.798700
8.778900
4.818500
-3.102300
-13.993000
-18.944000
-22.903999
-23.893999
-24.884001
-18.944000
-13.993000
-7.062700
-4.092400
-0.132010
-9.042900
-15.974000
-14.983000
-20.924000
-18.944000
-15.974000
-13.993000
-6.072600
0.858090
10.759000
15.710000
10.759000
10.759000
9.769000
7.788800
1.848200
-14.983000
-14.983000
-8.052800
-0.132010
11.749000
8.778900
17.690001
26.601000
18.680000
5.808600
7.788800
2.838300
-11.023000
-16.964001
-25.875000
-31.815001
-22.903999
-18.944000
-21.914000
-18.944000
-14.983000
-18.944000
-21.914000
-20.924000
-29.834999
-30.825001
-27.855000
-25.875000
-23.893999
-23.893999
-19.934000
-16.964001
-13.003000
-8.052800
-2.112200
-4.092400
-13.003000
-13.003000
-14.983000
-10.033000
-6.072600
-10.033000
-8.052800
-9.042900
-14.983000
-11.023000
-6.072600
-4.092400
-7.062700
-12.013000
-22.903999
-13.003000
-5.082500
-10.033000
-8.052800
-16.964001
-22.903999
-11.023000
-9.042900
-14.983000
-17.954000
-24.884001
-26.865000
-21.914000
-13.003000
-4.092400
-2.112200
2.838300
14.719000
10.759000
13.729000
21.650000
21.650000
15.710000
13.729000
13.729000
8.778900
6.798700
4.818500
-2.112200
-6.072600
1.848200
20.660000
15.710000
7.788800
9.769000
5.808600
2.838300
4.818500
3.828400
-3.102300
-9.042900
-8.052800
-3.102300
-0.132010
-0.132010
-0.132010
-4.092400
-10.033000
-17.954000
-14.983000
-12.013000
-13.003000
-21.914000
-13.993000
4.818500
-1.122100
-10.033000
-10.033000
-13.993000
-19.934000
-22.903999
-21.914000
-17.954000
-14.983000
-15.974000
-13.993000
-15.974000
-13.993000
-13.993000
-18.944000
-13.003000
-9.042900
-7.062700
-7.062700
-10.033000
-1.122100
5.808600
4.818500
-2.112200
-1.122100
9.769000
6.798700
-4.092400
-4.092400
-1.122100
-5.082500
-16.964001
-11.023000
-4.092400
4.818500
6.798700
-1.122100
0.858090
-4.092400
-11.023000
-12.013000
-12.013000
-15.974000
-19.934000
-25.875000
-23.893999
-15.974000
-8.052800
-10.033000
-14.983000
-16.964001
-19.934000
-14.983000
-5.082500
-10.033000
-13.993000
-9.042900
-9.042900
2.838300
10.759000
4.818500
1.848200
7.788800
5.808600
-6.072600
-20.924000
-26.865000
-23.893999
-14.983000
-11.023000
-6.072600
3.828400
6.798700
-7.062700
-13.003000
-5.082500
-6.072600
-12.013000
-15.974000
-19.934000
-10.033000
-4.092400
-0.132010
9.769000
19.670000
18.680000
17.690001
15.710000
21.650000
16.700001
5.808600
4.818500
-7.062700
-20.924000
-11.023000
-7.062700
-8.052800
-6.072600
-7.062700
-0.132010
7.788800
9.769000
4.818500
1.848200
-4.092400
-10.033000
-15.974000
-13.993000
-9.042900
-3.102300
-3.102300
-7.062700
-11.023000
-13.003000
-11.023000
-1.122100
11.749000
0.858090
-10.033000
-0.132010
-1.122100
-12.013000
-19.934000
-14.983000
-13.003000
-15.974000
-15.974000
-14.983000
-15.974000
-18.944000
-19.934000
-17.954000
-17.954000
-14.983000
-19.934000
-27.855000
-34.785000
-30.825001
-28.844999
-25.875000
-26.865000
-28.844999
-23.893999
-20.924000
-23.893999
-21.914000
-13.993000
-10.033000
-5.082500
-4.092400
6.798700
15.710000
5.808600
-4.092400
6.798700
8.778900
1.848200
-6.072600
-13.003000
-14.983000
-15.974000
-13.003000
-8.052800
-5.082500
-5.082500
-2.112200
3.828400
5.808600
1.848200
-0.132010
2.838300
-2.112200
-21.914000
-22.903999
-16.964001
-19.934000
-13.003000
-15.974000
-18.944000
-5.082500
1.848200
-5.082500
-9.042900
-7.062700
-8.052800
-13.003000
-8.052800
-1.122100
4.818500
-1.122100
-8.052800
-6.072600
-4.092400
-9.042900
-15.974000
-16.964001
-19.934000
-12.013000
-5.082500
1.848200
2.838300
3.828400
0.858090
2.838300
11.749000
19.670000
18.680000
19.670000
20.660000
13.729000
15.710000
11.749000
3.828400
1.848200
-7.062700
-11.023000
-15.974000
-12.013000
-8.052800
-13.993000
-16.964001
-18.944000
-14.983000
-13.993000
-12.013000
-8.052800
-4.092400
-2.112200
-6.072600
-8.052800
-6.072600
-7.062700
-13.003000
-12.013000
-13.003000
-11.023000
-1.122100
-2.112200
-0.132010
8.778900
13.729000
15.710000
9.769000
-3.102300
-7.062700
-11.023000
-16.964001
-16.964001
-13.993000
-9.042900
-5.082500
-8.052800
-3.102300
1.848200
7.788800
11.749000
17.690001
23.629999
22.639999
20.660000
20.660000
23.629999
21.650000
9.769000
-2.112200
-3.102300
-7.062700
-12.013000
-11.023000
-6.072600
-6.072600
-2.112200
-1.122100
-1.122100
2.838300
1.848200
2.838300
4.818500
4.818500
4.818500
2.838300
1.848200
10.759000
13.729000
15.710000
20.660000
21.650000
20.660000
18.680000
19.670000
17.690001
5.808600
-7.062700
-16.964001
-21.914000
-18.944000
-13.993000
-6.072600
1.848200
12.739000
17.690001
18.680000
15.710000
13.729000
10.759000
-3.102300
-12.013000
-9.042900
-9.042900
-13.993000
-14.983000
-14.983000
-16.964001
-13.003000
-9.042900
-7.062700
-8.052800
-7.062700
-6.072600
4.818500
12.739000
13.729000
11.749000
15.710000
15.710000
17.690001
26.601000
23.629999
6.798700
7.788800
7.788800
8.778900
15.710000
12.739000
4.818500
5.808600
17.690001
22.639999
15.710000
24.620001
35.512001
32.541000
33.530998
36.501999
36.501999
31.551001
20.660000
16.700001
15.710000
15.710000
18.680000
12.739000
8.778900
6.798700
-0.132010
-6.072600
-6.072600
0.858090
1.848200
11.749000
7.788800
2.838300
1.848200
7.788800
14.719000
13.729000
2.838300
-7.062700
1.848200
8.778900
6.798700
6.798700
7.788800
11.749000
11.749000
10.759000
10.759000
10.759000
10.759000
0.858090
-5.082500
-0.132010
1.848200
-4.092400
-4.092400
7.788800
19.670000
18.680000
11.749000
7.788800
12.739000
13.729000
9.769000
16.700001
0.858090
-5.082500
4.818500
8.778900
11.749000
13.729000
10.759000
2.838300
-0.132010
5.808600
5.808600
-4.092400
-17.954000
-23.893999
-21.914000
-22.903999
-15.974000
-6.072600
1.848200
0.858090
-5.082500
-6.072600
-2.112200
-0.132010
1.848200
1.848200
-12.013000
-21.914000
-19.934000
-6.072600
-3.102300
-1.122100
11.749000
15.710000
18.680000
16.700001
16.700001
15.710000
12.739000
22.639999
31.551001
25.611000
18.680000
25.611000
25.611000
21.650000
18.680000
11.749000
0.858090
1.848200
11.749000
14.719000
11.749000
12.739000
17.690001
17.690001
20.660000
21.650000
23.629999
27.591000
28.580999
19.670000
7.788800
9.769000
8.778900
-7.062700
-6.072600
-4.092400
-13.003000
-26.865000
-29.834999
-32.805000
-33.794998
-27.855000
-18.944000
-15.974000
-7.062700
-7.062700
-10.033000
1.848200
4.818500
7.788800
15.710000
16.700001
19.670000
13.729000
14.719000
21.650000
11.749000
4.818500
4.818500
2.838300
-2.112200
1.848200
-4.092400
-5.082500
-11.023000
-19.934000
-22.903999
-17.954000
-12.013000
-3.102300
3.828400
2.838300
-0.132010
-8.052800
-11.023000
-11.023000
-22.903999
-24.884001
-15.974000
-10.033000
-8.052800
-7.062700
-3.102300
3.828400
4.818500
-0.132010
-4.092400
-6.072600
-12.013000
-19.934000
