12.366000
16.511000
14.439000
9.257300
13.402000
13.402000
25.837999
29.983000
34.127998
27.910000
16.511000
14.439000
18.584000
21.693001
22.729000
9.257300
17.547001
29.983000
28.945999
37.237000
40.345001
49.672001
39.308998
35.164001
32.055000
25.837999
20.656000
25.837999
22.729000
19.620001
14.439000
11.330000
11.330000
7.184800
8.221100
7.184800
9.257300
4.076000
6.148500
12.366000
24.801001
26.874001
33.091999
35.164001
40.345001
38.272999
33.091999
24.801001
15.475000
11.330000
4.076000
2.003500
-0.069090
2.003500
3.039700
10.294000
21.693001
31.018999
28.945999
27.910000
20.656000
22.729000
22.729000
16.511000
13.402000
17.547001
25.837999
23.764999
27.910000
34.127998
33.091999
25.837999
28.945999
15.475000
15.475000
14.439000
10.294000
5.112300
2.003500
0.967180
4.076000
6.148500
4.076000
7.184800
-0.069090
-3.177900
-4.214200
3.039700
4.076000
7.184800
9.257300
12.366000
15.475000
19.620001
13.402000
9.257300
11.330000
9.257300
13.402000
20.656000
19.620001
12.366000
19.620001
12.366000
8.221100
15.475000
19.620001
24.801001
29.983000
25.837999
17.547001
11.330000
6.148500
7.184800
2.003500
6.148500
6.148500
6.148500
2.003500
8.221100
13.402000
18.584000
17.547001
14.439000
8.221100
9.257300
10.294000
8.221100
10.294000
11.330000
10.294000
16.511000
16.511000
7.184800
12.366000
3.039700
-2.141600
-5.250400
0.967180
5.112300
9.257300
10.294000
6.148500
6.148500
8.221100
17.547001
12.366000
3.039700
-4.214200
-4.214200
-11.468000
-6.286700
-8.359200
-8.359200
-9.395500
-5.250400
-5.250400
-5.250400
-3.177900
3.039700
5.112300
-0.069090
6.148500
-0.069090
2.003500
10.294000
19.620001
27.910000
29.983000
28.945999
37.237000
28.945999
22.729000
22.729000
14.439000
13.402000
15.475000
10.294000
5.112300
5.112300
2.003500
5.112300
0.967180
0.967180
-8.359200
-13.541000
-13.541000
-11.468000
-10.432000
-7.323000
-4.214200
7.184800
16.511000
25.837999
33.091999
23.764999
17.547001
15.475000
23.764999
19.620001
8.221100
7.184800
4.076000
-3.177900
8.221100
9.257300
13.402000
16.511000
12.366000
13.402000
9.257300
7.184800
-1.105400
-3.177900
-1.105400
11.330000
9.257300
17.547001
23.764999
23.764999
27.910000
28.945999
27.910000
16.511000
3.039700
-4.214200
-2.141600
-4.214200
-12.504000
-13.541000
-0.069090
-1.105400
0.967180
-5.250400
-4.214200
-0.069090
2.003500
-3.177900
-10.432000
-14.577000
-15.613000
-13.541000
-12.504000
-9.395500
-7.323000
-1.105400
-3.177900
2.003500
-0.069090
3.039700
6.148500
4.076000
-1.105400
3.039700
6.148500
4.076000
-2.141600
-10.432000
-5.250400
-11.468000
-17.686001
-21.830999
-20.794001
-23.903000
-18.722000
-16.649000
-7.323000
-4.214200
-7.323000
-6.286700
3.039700
5.112300
-1.105400
-1.105400
-5.250400
-3.177900
-6.286700
-8.359200
-16.649000
-19.757999
-20.794001
-23.903000
-24.940001
-23.903000
-23.903000
-21.830999
-24.940001
-30.121000
-31.157000
-34.265999
-28.048000
-28.048000
-25.976000
-29.084999
-22.867001
-25.976000
-25.976000
-19.757999
-16.649000
-19.757999
-17.686001
-16.649000
-5.250400
-4.214200
-9.395500
-6.286700
-2.141600
4.076000
9.257300
14.439000
7.184800
6.148500
6.148500
-2.141600
-16.649000
-15.613000
-21.830999
-22.867001
-17.686001
-22.867001
-19.757999
-10.432000
-1.105400
-4.214200
0.967180
-0.069090
-1.105400
-2.141600
4.076000
4.076000
-2.141600
-4.214200
-0.069090
-9.395500
-8.359200
-5.250400
-11.468000
-9.395500
-6.286700
-10.432000
-20.794001
-21.830999
-21.830999
-16.649000
-22.867001
-25.976000
-23.903000
-10.432000
-4.214200
-6.286700
-5.250400
-6.286700
-6.286700
-6.286700
0.967180
2.003500
12.366000
9.257300
10.294000
17.547001
18.584000
18.584000
21.693001
22.729000
17.547001
3.039700
2.003500
3.039700
-6.286700
-7.323000
-11.468000
-12.504000
-11.468000
-5.250400
-8.359200
-6.286700
-12.504000
-16.649000
-22.867001
-23.903000
-20.794001
-14.577000
-11.468000
-9.395500
-6.286700
-7.323000
-11.468000
-17.686001
-14.577000
-20.794001
-16.649000
-19.757999
-18.722000
-10.432000
-4.214200
2.003500
3.039700
-1.105400
2.003500
7.184800
7.184800
3.039700
-9.395500
-6.286700
-6.286700
2.003500
5.112300
0.967180
8.221100
20.656000
11.330000
3.039700
3.039700
-2.141600
-10.432000
-14.577000
-25.976000
-37.375000
-30.121000
-30.121000
-29.084999
-29.084999
-24.940001
-32.193001
-30.121000
-25.976000
-32.193001
-35.301998
-33.230000
-30.121000
-31.157000
-29.084999
-24.940001
-16.649000
-14.577000
-8.359200
-1.105400
-0.069090
-10.432000
-5.250400
-6.286700
-5.250400
-10.432000
-18.722000
-17.686001
-16.649000
-17.686001
-11.468000
-3.177900
-2.141600
-1.105400
-7.323000
-14.577000
-9.395500
0.967180
-6.286700
-5.250400
-13.541000
-16.649000
-9.395500
-10.432000
-16.649000
-16.649000
-19.757999
-21.830999
-17.686001
-18.722000
-11.468000
-9.395500
-0.069090
6.148500
6.148500
8.221100
17.547001
15.475000
8.221100
8.221100
7.184800
-0.069090
-4.214200
0.967180
-3.177900
-2.141600
-0.069090
13.402000
4.076000
-0.069090
-0.069090
-1.105400
-6.286700
-6.286700
-7.323000
-13.541000
-14.577000
-12.504000
-6.286700
-5.250400
-1.105400
-3.177900
-0.069090
-6.286700
-12.504000
-16.649000
-13.541000
-14.577000
-19.757999
-18.722000
-5.250400
-13.541000
-22.867001
-19.757999
-23.903000
-25.976000
-23.903000
-16.649000
-19.757999
-17.686001
-19.757999
-15.613000
-22.867001
-24.940001
-25.976000
-29.084999
-27.011999
-21.830999
-15.613000
-13.541000
-13.541000
-6.286700
3.039700
4.076000
4.076000
4.076000
17.547001
12.366000
6.148500
5.112300
9.257300
6.148500
-1.105400
3.039700
5.112300
13.402000
13.402000
8.221100
5.112300
2.003500
-4.214200
-3.177900
-6.286700
-9.395500
-14.577000
-17.686001
-19.757999
-14.577000
-13.541000
-16.649000
-15.613000
-13.541000
-12.504000
-10.432000
0.967180
-3.177900
2.003500
7.184800
11.330000
17.547001
19.620001
8.221100
3.039700
7.184800
7.184800
-2.141600
-15.613000
-17.686001
-11.468000
-0.069090
3.039700
7.184800
10.294000
15.475000
2.003500
0.967180
5.112300
4.076000
-2.141600
-5.250400
-9.395500
-0.069090
5.112300
5.112300
13.402000
14.439000
14.439000
9.257300
9.257300
11.330000
11.330000
2.003500
7.184800
-0.069090
-6.286700
0.967180
0.967180
-4.214200
-5.250400
-7.323000
-7.323000
-3.177900
-5.250400
-9.395500
-14.577000
-12.504000
-13.541000
-13.541000
-15.613000
-12.504000
-11.468000
-15.613000
-19.757999
-21.830999
-21.830999
-20.794001
-10.432000
-2.141600
-3.177900
-9.395500
6.148500
4.076000
-4.214200
-11.468000
-8.359200
-12.504000
-15.613000
-17.686001
-15.613000
-15.613000
-17.686001
-13.541000
-12.504000
-12.504000
-17.686001
-21.830999
-32.193001
-36.339001
-37.375000
-36.339001
-34.265999
-35.301998
-39.446999
-37.375000
-33.230000
-30.121000
-25.976000
-19.757999
-11.468000
-10.432000
-8.359200
3.039700
17.547001
4.076000
-3.177900
6.148500
13.402000
6.148500
-5.250400
-16.649000
-19.757999
-19.757999
-20.794001
-15.613000
-12.504000
-8.359200
-5.250400
7.184800
8.221100
6.148500
-2.141600
-1.105400
-6.286700
-18.722000
-16.649000
-12.504000
-16.649000
-10.432000
-9.395500
-14.577000
-2.141600
5.112300
4.076000
-6.286700
-9.395500
-15.613000
-12.504000
-7.323000
-2.141600
0.967180
-0.069090
-4.214200
-1.105400
2.003500
-6.286700
-12.504000
-17.686001
-23.903000
-22.867001
-17.686001
-17.686001
-13.541000
-13.541000
-10.432000
-5.250400
5.112300
9.257300
12.366000
15.475000
18.584000
14.439000
13.402000
12.366000
2.003500
9.257300
4.076000
4.076000
-3.177900
-0.069090
-1.105400
-5.250400
-8.359200
-12.504000
-11.468000
-8.359200
-4.214200
-2.141600
2.003500
5.112300
4.076000
-1.105400
2.003500
-1.105400
-3.177900
-8.359200
-12.504000
-16.649000
-7.323000
-6.286700
-4.214200
0.967180
0.967180
5.112300
2.003500
-7.323000
-16.649000
-20.794001
-27.011999
-24.940001
-25.976000
-16.649000
-12.504000
-10.432000
-5.250400
0.967180
9.257300
14.439000
18.584000
17.547001
15.475000
15.475000
20.656000
18.584000
18.584000
9.257300
3.039700
-2.141600
-5.250400
-14.577000
-13.541000
-13.541000
-17.686001
-13.541000
-9.395500
-6.286700
-2.141600
-0.069090
-0.069090
4.076000
2.003500
7.184800
4.076000
3.039700
7.184800
13.402000
15.475000
19.620001
21.693001
24.801001
26.874001
24.801001
24.801001
12.366000
-1.105400
-13.541000
-14.577000
-17.686001
-14.577000
-12.504000
-2.141600
5.112300
12.366000
15.475000
16.511000
14.439000
7.184800
-6.286700
-15.613000
-12.504000
-20.794001
-25.976000
-24.940001
-19.757999
-19.757999
-10.432000
-6.286700
-1.105400
-0.069090
-1.105400
-3.177900
5.112300
11.330000
8.221100
7.184800
9.257300
11.330000
10.294000
19.620001
18.584000
12.366000
11.330000
8.221100
2.003500
2.003500
-4.214200
-7.323000
-5.250400
6.148500
13.402000
12.366000
24.801001
29.983000
29.983000
29.983000
32.055000
22.729000
18.584000
8.221100
5.112300
2.003500
7.184800
10.294000
6.148500
6.148500
6.148500
6.148500
-1.105400
-1.105400
-1.105400
0.967180
7.184800
7.184800
-1.105400
-0.069090
5.112300
14.439000
12.366000
4.076000
-2.141600
4.076000
8.221100
0.967180
2.003500
-3.177900
-2.141600
-1.105400
7.184800
6.148500
6.148500
3.039700
0.967180
-4.214200
-1.105400
-2.141600
-9.395500
-8.359200
0.967180
12.366000
14.439000
14.439000
10.294000
17.547001
20.656000
24.801001
26.874001
13.402000
4.076000
5.112300
4.076000
9.257300
17.547001
18.584000
11.330000
6.148500
13.402000
11.330000
6.148500
-7.323000
-11.468000
-11.468000
-13.541000
-12.504000
-4.214200
5.112300
10.294000
8.221100
7.184800
12.366000
10.294000
12.366000
8.221100
-3.177900
-13.541000
-8.359200
-4.214200
-7.323000
-7.323000
10.294000
16.511000
20.656000
19.620001
23.764999
20.656000
13.402000
22.729000
31.018999
29.983000
22.729000
33.091999
33.091999
32.055000
20.656000
9.257300
-1.105400
-0.069090
3.039700
3.039700
2.003500
5.112300
17.547001
18.584000
24.801001
26.874001
34.127998
37.237000
40.345001
32.055000
25.837999
24.801001
23.764999
8.221100
6.148500
5.112300
-1.105400
-6.286700
-6.286700
-10.432000
-17.686001
-11.468000
-9.395500
-10.432000
-10.432000
-4.214200
-3.177900
10.294000
11.330000
15.475000
19.620001
23.764999
28.945999
19.620001
13.402000
11.330000
8.221100
0.967180
3.039700
-6.286700
-11.468000
-11.468000
-10.432000
-7.323000
-3.177900
-7.323000
-11.468000
-13.541000
-12.504000
-5.250400
-3.177900
-1.105400
-3.177900
-6.286700
-11.468000
-8.359200
-20.794001
-18.722000
-14.577000
-14.577000
-15.613000
-10.432000
-9.395500
-8.359200
-8.359200
-11.468000
-7.323000
-5.250400
-8.359200
-18.722000
