10.719000
13.660000
6.797400
4.836600
3.856200
4.836600
9.738600
14.641000
14.641000
15.621000
10.719000
12.680000
21.503000
28.365999
29.346001
19.542000
22.483999
26.405001
30.327000
33.268002
36.209000
40.131001
37.189999
30.327000
28.365999
22.483999
18.562000
21.503000
21.503000
19.542000
15.621000
12.680000
13.660000
12.680000
10.719000
13.660000
12.680000
9.738600
5.817000
13.660000
20.523001
21.503000
22.483999
22.483999
25.424999
24.444000
22.483999
18.562000
13.660000
8.758200
3.856200
-1.045800
0.915030
-1.045800
-0.065360
-1.045800
8.758200
13.660000
14.641000
13.660000
13.660000
18.562000
21.503000
18.562000
22.483999
32.287998
34.248001
36.209000
37.189999
40.131001
33.268002
26.405001
23.464001
15.621000
13.660000
12.680000
4.836600
-0.065360
-3.986900
-8.888900
-2.026100
-0.065360
0.915030
0.915030
-2.026100
-6.928100
-3.986900
0.915030
6.797400
7.777800
10.719000
11.699000
18.562000
17.582001
16.601000
18.562000
18.562000
19.542000
23.464001
26.405001
23.464001
18.562000
14.641000
9.738600
6.797400
12.680000
15.621000
22.483999
23.464001
19.542000
14.641000
12.680000
12.680000
12.680000
10.719000
11.699000
13.660000
11.699000
13.660000
14.641000
16.601000
17.582001
19.542000
16.601000
12.680000
13.660000
15.621000
13.660000
11.699000
13.660000
12.680000
13.660000
11.699000
9.738600
9.738600
6.797400
-1.045800
-3.006500
-2.026100
3.856200
7.777800
7.777800
3.856200
-0.065360
-0.065360
4.836600
4.836600
-3.006500
-4.967300
-8.888900
-11.830000
-9.869300
-7.908500
-11.830000
-11.830000
-6.928100
-3.986900
-3.006500
-1.045800
5.817000
8.758200
9.738600
13.660000
15.621000
18.562000
26.405001
30.327000
36.209000
34.248001
36.209000
36.209000
33.268002
30.327000
26.405001
21.503000
18.562000
17.582001
10.719000
7.777800
4.836600
2.875800
-1.045800
-3.986900
-5.947700
-9.869300
-13.791000
-9.869300
-5.947700
-3.006500
2.875800
3.856200
9.738600
19.542000
32.287998
28.365999
21.503000
19.542000
24.444000
26.405001
22.483999
12.680000
13.660000
8.758200
5.817000
10.719000
10.719000
10.719000
8.758200
9.738600
10.719000
10.719000
6.797400
3.856200
0.915030
6.797400
11.699000
15.621000
16.601000
21.503000
19.542000
21.503000
23.464001
21.503000
12.680000
-0.065360
-2.026100
-0.065360
1.895400
-3.986900
-3.006500
4.836600
6.797400
5.817000
2.875800
-0.065360
3.856200
2.875800
-1.045800
-4.967300
-7.908500
-7.908500
-8.888900
-5.947700
-6.928100
-1.045800
-1.045800
-3.006500
-1.045800
0.915030
4.836600
8.758200
0.915030
-3.986900
-3.986900
-6.928100
-4.967300
-4.967300
-4.967300
-5.947700
-11.830000
-18.693001
-18.693001
-19.673000
-14.771000
-11.830000
-8.888900
-4.967300
-0.065360
-0.065360
1.895400
6.797400
4.836600
1.895400
0.915030
0.915030
1.895400
3.856200
0.915030
-1.045800
-5.947700
-4.967300
-8.888900
-11.830000
-14.771000
-14.771000
-10.850000
-16.732000
-20.653999
-22.614000
-21.634001
-19.673000
-18.693001
-23.594999
-27.516001
-24.575001
-27.516001
-30.458000
-23.594999
-22.614000
-20.653999
-14.771000
-11.830000
-2.026100
-2.026100
-7.908500
-8.888900
-4.967300
-3.986900
0.915030
0.915030
1.895400
-1.045800
-2.026100
-7.908500
-16.732000
-19.673000
-20.653999
-16.732000
-16.732000
-20.653999
-19.673000
-10.850000
-9.869300
-7.908500
-5.947700
-4.967300
-6.928100
-5.947700
-2.026100
-0.065360
-4.967300
-5.947700
-3.986900
-10.850000
-9.869300
-9.869300
-10.850000
-11.830000
-7.908500
-13.791000
-21.634001
-25.556000
-24.575001
-24.575001
-30.458000
-37.320000
-34.379002
-23.594999
-21.634001
-22.614000
-18.693001
-14.771000
-16.732000
-14.771000
-9.869300
-3.986900
-4.967300
-3.986900
-2.026100
4.836600
6.797400
6.797400
8.758200
9.738600
5.817000
-3.006500
-3.986900
-3.986900
-8.888900
-15.752000
-20.653999
-23.594999
-18.693001
-17.712000
-15.752000
-15.752000
-16.732000
-18.693001
-20.653999
-18.693001
-14.771000
-9.869300
-10.850000
-8.888900
-11.830000
-14.771000
-14.771000
-16.732000
-19.673000
-16.732000
-13.791000
-17.712000
-18.693001
-9.869300
-6.928100
-4.967300
-3.986900
-3.006500
1.895400
5.817000
6.797400
2.875800
1.895400
2.875800
5.817000
7.777800
10.719000
6.797400
11.699000
16.601000
9.738600
5.817000
5.817000
1.895400
-2.026100
-3.006500
-11.830000
-20.653999
-20.653999
-18.693001
-20.653999
-17.712000
-19.673000
-25.556000
-26.535999
-21.634001
-28.497000
-30.458000
-26.535999
-27.516001
-28.497000
-26.535999
-20.653999
-14.771000
-10.850000
-8.888900
-0.065360
-2.026100
-3.986900
-4.967300
-5.947700
-8.888900
-14.771000
-22.614000
-21.634001
-18.693001
-18.693001
-7.908500
-0.065360
-0.065360
-1.045800
-0.065360
-4.967300
-3.006500
0.915030
-3.006500
-6.928100
-11.830000
-12.810000
-7.908500
-8.888900
-17.712000
-15.752000
-17.712000
-17.712000
-16.732000
-14.771000
-12.810000
-10.850000
-6.928100
0.915030
2.875800
7.777800
12.680000
7.777800
-1.045800
0.915030
1.895400
-3.986900
-3.986900
-1.045800
-2.026100
-4.967300
-0.065360
5.817000
0.915030
-3.986900
-1.045800
-1.045800
-3.986900
-8.888900
-10.850000
-15.752000
-15.752000
-12.810000
-11.830000
-7.908500
-6.928100
-7.908500
-6.928100
-6.928100
-12.810000
-15.752000
-17.712000
-13.791000
-17.712000
-17.712000
-8.888900
-13.791000
-22.614000
-20.653999
-22.614000
-26.535999
-20.653999
-15.752000
-18.693001
-21.634001
-19.673000
-17.712000
-23.594999
-29.476999
-28.497000
-33.398998
-32.417999
-23.594999
-16.732000
-15.752000
-16.732000
-7.908500
-3.986900
-0.065360
-1.045800
4.836600
10.719000
8.758200
4.836600
6.797400
12.680000
12.680000
8.758200
11.699000
12.680000
16.601000
15.621000
9.738600
5.817000
-1.045800
-3.006500
-3.006500
-3.006500
-6.928100
-8.888900
-12.810000
-14.771000
-10.850000
-10.850000
-13.791000
-12.810000
-5.947700
-5.947700
-3.006500
-0.065360
0.915030
5.817000
10.719000
12.680000
19.542000
15.621000
9.738600
6.797400
8.758200
5.817000
-4.967300
-11.830000
-12.810000
-5.947700
2.875800
6.797400
6.797400
9.738600
9.738600
6.797400
6.797400
8.758200
2.875800
-3.006500
-3.986900
-3.986900
-1.045800
-3.986900
-1.045800
5.817000
9.738600
6.797400
6.797400
2.875800
4.836600
0.915030
-0.065360
0.915030
-1.045800
-5.947700
-3.006500
-3.986900
-6.928100
-5.947700
-10.850000
-9.869300
-9.869300
-11.830000
-19.673000
-20.653999
-18.693001
-13.791000
-14.771000
-16.732000
-18.693001
-16.732000
-17.712000
-18.693001
-16.732000
-17.712000
-17.712000
-9.869300
-3.006500
-2.026100
0.915030
5.817000
2.875800
-4.967300
-4.967300
-6.928100
-9.869300
-9.869300
-9.869300
-9.869300
-11.830000
-9.869300
-6.928100
-4.967300
-5.947700
-7.908500
-14.771000
-18.693001
-25.556000
-28.497000
-29.476999
-26.535999
-26.535999
-29.476999
-31.438000
-29.476999
-23.594999
-21.634001
-14.771000
-13.791000
-10.850000
-8.888900
2.875800
10.719000
2.875800
-4.967300
1.895400
5.817000
2.875800
-4.967300
-7.908500
-7.908500
-8.888900
-7.908500
-3.986900
-1.045800
-2.026100
3.856200
10.719000
14.641000
11.699000
6.797400
2.875800
-1.045800
-7.908500
-3.006500
-3.006500
-8.888900
-9.869300
-11.830000
-13.791000
-9.869300
-3.986900
-6.928100
-9.869300
-15.752000
-17.712000
-14.771000
-5.947700
-3.006500
-2.026100
-4.967300
-8.888900
-11.830000
-13.791000
-20.653999
-29.476999
-28.497000
-35.359001
-33.398998
-30.458000
-24.575001
-22.614000
-19.673000
-17.712000
-11.830000
-9.869300
-8.888900
-2.026100
4.836600
7.777800
6.797400
7.777800
6.797400
8.758200
14.641000
14.641000
11.699000
9.738600
8.758200
8.758200
4.836600
0.915030
-2.026100
0.915030
3.856200
6.797400
11.699000
13.660000
18.562000
8.758200
2.875800
4.836600
5.817000
0.915030
-1.045800
-10.850000
-14.771000
-10.850000
-9.869300
-6.928100
-5.947700
-4.967300
-3.006500
-2.026100
-12.810000
-18.693001
-24.575001
-27.516001
-30.458000
-28.497000
-22.614000
-15.752000
-11.830000
-6.928100
-3.006500
3.856200
8.758200
13.660000
13.660000
13.660000
16.601000
16.601000
16.601000
11.699000
7.777800
0.915030
-1.045800
-4.967300
-14.771000
-16.732000
-16.732000
-19.673000
-17.712000
-9.869300
-7.908500
-2.026100
-3.006500
-0.065360
0.915030
2.875800
4.836600
4.836600
2.875800
8.758200
9.738600
12.680000
16.601000
18.562000
25.424999
27.386000
25.424999
24.444000
16.601000
2.875800
-3.006500
-8.888900
-8.888900
-8.888900
-5.947700
-0.065360
7.777800
12.680000
13.660000
11.699000
9.738600
5.817000
-5.947700
-12.810000
-13.791000
-19.673000
-29.476999
-27.516001
-23.594999
-20.653999
-10.850000
-3.986900
-1.045800
2.875800
3.856200
1.895400
10.719000
11.699000
6.797400
6.797400
13.660000
12.680000
14.641000
15.621000
15.621000
14.641000
19.542000
13.660000
9.738600
2.875800
-2.026100
-0.065360
3.856200
9.738600
12.680000
16.601000
21.503000
24.444000
23.464001
27.386000
26.405001
19.542000
14.641000
11.699000
5.817000
-0.065360
1.895400
2.875800
1.895400
1.895400
3.856200
2.875800
1.895400
-0.065360
8.758200
7.777800
9.738600
7.777800
7.777800
8.758200
12.680000
16.601000
12.680000
7.777800
3.856200
8.758200
6.797400
1.895400
0.915030
-1.045800
-3.006500
-1.045800
-2.026100
-0.065360
-3.006500
-3.006500
-4.967300
-7.908500
-6.928100
-5.947700
-9.869300
-6.928100
2.875800
7.777800
12.680000
12.680000
16.601000
19.542000
24.444000
27.386000
28.365999
21.503000
17.582001
16.601000
15.621000
14.641000
21.503000
25.424999
17.582001
12.680000
12.680000
14.641000
8.758200
4.836600
-2.026100
-2.026100
-5.947700
-4.967300
2.875800
11.699000
16.601000
15.621000
16.601000
18.562000
18.562000
17.582001
18.562000
8.758200
2.875800
4.836600
10.719000
1.895400
3.856200
12.680000
17.582001
18.562000
16.601000
18.562000
11.699000
6.797400
12.680000
17.582001
13.660000
15.621000
21.503000
25.424999
21.503000
14.641000
7.777800
3.856200
1.895400
1.895400
-0.065360
-2.026100
1.895400
10.719000
12.680000
12.680000
13.660000
18.562000
24.444000
22.483999
20.523001
20.523001
23.464001
21.503000
11.699000
10.719000
12.680000
8.758200
2.875800
7.777800
4.836600
0.915030
1.895400
5.817000
0.915030
3.856200
4.836600
5.817000
10.719000
13.660000
19.542000
23.464001
23.464001
25.424999
20.523001
10.719000
10.719000
10.719000
7.777800
2.875800
-3.006500
-11.830000
-9.869300
-9.869300
-5.947700
-3.986900
-5.947700
-7.908500
-8.888900
-6.928100
-3.986900
-3.006500
-4.967300
-2.026100
-3.006500
-3.986900
-4.967300
-10.850000
-14.771000
-11.830000
-16.732000
-20.653999
-24.575001
-26.535999
-25.556000
-25.556000
-24.575001
-21.634001
-17.712000
-20.653999
-23.594999
