41.748001
44.660000
46.602001
37.863998
33.009998
26.214001
29.125999
36.893002
48.543999
53.397999
46.602001
38.834999
33.009998
36.893002
40.777000
27.184000
33.980999
44.660000
39.806000
48.543999
57.282001
67.960999
58.251999
48.543999
51.456001
48.543999
35.922001
33.009998
33.009998
37.863998
45.631001
52.426998
57.282001
52.426998
46.602001
51.456001
45.631001
32.039001
23.301001
28.155001
42.717999
48.543999
54.368999
50.485001
47.573002
40.777000
33.980999
33.009998
30.097000
17.476000
3.883500
2.912600
10.680000
21.358999
21.358999
14.563000
18.447001
21.358999
23.301001
30.097000
30.097000
28.155001
31.068001
22.330000
14.563000
17.476000
27.184000
21.358999
15.534000
20.388000
14.563000
7.767000
9.708700
0.000000
10.680000
22.330000
20.388000
10.680000
7.767000
13.592000
13.592000
6.796100
-2.912600
-7.767000
-15.534000
-24.271999
-27.184000
-19.417000
-9.708700
-0.970870
11.650000
18.447001
18.447001
19.417000
11.650000
0.000000
0.000000
-7.767000
-3.883500
4.854400
0.970870
0.000000
18.447001
15.534000
1.941700
6.796100
0.970870
-3.883500
-0.970870
-5.825200
-9.708700
-6.796100
-8.737900
0.000000
4.854400
6.796100
0.000000
-1.941700
-5.825200
-3.883500
3.883500
10.680000
12.621000
8.737900
2.912600
1.941700
3.883500
3.883500
8.737900
9.708700
4.854400
12.621000
5.825200
0.000000
7.767000
5.825200
4.854400
8.737900
18.447001
25.243000
30.097000
28.155001
20.388000
12.621000
7.767000
16.504999
19.417000
22.330000
23.301001
21.358999
14.563000
20.388000
13.592000
2.912600
-8.737900
-14.563000
-19.417000
-22.330000
-21.358999
-13.592000
-2.912600
-1.941700
10.680000
-1.941700
-17.476000
-12.621000
-1.941700
4.854400
2.912600
8.737900
26.214001
19.417000
12.621000
20.388000
16.504999
17.476000
19.417000
3.883500
-5.825200
-9.708700
-4.854400
3.883500
6.796100
10.680000
11.650000
13.592000
14.563000
8.737900
0.970870
-0.970870
0.000000
2.912600
-3.883500
2.912600
11.650000
1.941700
-2.912600
2.912600
17.476000
20.388000
5.825200
9.708700
1.941700
-11.650000
-2.912600
-5.825200
-5.825200
-1.941700
-3.883500
-3.883500
1.941700
6.796100
3.883500
2.912600
1.941700
0.000000
-11.650000
-7.767000
-0.970870
0.970870
9.708700
21.358999
32.039001
27.184000
16.504999
5.825200
0.000000
-13.592000
-36.893002
-32.039001
-8.737900
4.854400
20.388000
29.125999
40.777000
44.660000
33.009998
16.504999
-3.883500
-26.214001
-50.485001
-65.049004
-53.397999
-26.214001
-6.796100
6.796100
12.621000
20.388000
19.417000
20.388000
24.271999
10.680000
-13.592000
-30.097000
-38.834999
-38.834999
-23.301001
-8.737900
8.737900
10.680000
10.680000
13.592000
8.737900
-3.883500
-14.563000
-24.271999
-13.592000
3.883500
7.767000
8.737900
25.243000
27.184000
8.737900
-1.941700
-5.825200
-16.504999
-38.834999
-56.311001
-65.049004
-57.282001
-36.893002
-25.243000
-13.592000
-6.796100
-5.825200
-2.912600
-1.941700
-6.796100
-16.504999
-29.125999
-27.184000
-23.301001
-16.504999
-6.796100
-1.941700
-2.912600
-8.737900
-6.796100
-12.621000
-28.155001
-32.039001
-33.009998
-17.476000
-18.447001
-30.097000
-22.330000
-3.883500
6.796100
8.737900
12.621000
-5.825200
-18.447001
-15.534000
-19.417000
-17.476000
-4.854400
-3.883500
-1.941700
14.563000
20.388000
16.504999
13.592000
12.621000
-7.767000
-20.388000
-31.068001
-33.009998
-23.301001
-14.563000
-15.534000
-14.563000
-4.854400
10.680000
6.796100
2.912600
-10.680000
-25.243000
-17.476000
-6.796100
-9.708700
-18.447001
-25.243000
-20.388000
-12.621000
-6.796100
-3.883500
-5.825200
-10.680000
-21.358999
-33.009998
-31.068001
-22.330000
-11.650000
0.970870
12.621000
19.417000
35.922001
29.125999
19.417000
17.476000
0.000000
-10.680000
-9.708700
-4.854400
-5.825200
-10.680000
-2.912600
0.970870
-6.796100
-3.883500
-2.912600
-7.767000
-12.621000
-13.592000
-16.504999
-21.358999
-27.184000
-27.184000
-24.271999
-17.476000
-8.737900
-6.796100
-9.708700
-10.680000
-3.883500
-0.970870
-13.592000
-23.301001
-22.330000
-28.155001
-19.417000
-9.708700
-7.767000
-3.883500
1.941700
8.737900
7.767000
1.941700
5.825200
8.737900
12.621000
15.534000
-4.854400
-7.767000
-1.941700
8.737900
24.271999
17.476000
20.388000
22.330000
7.767000
-11.650000
-10.680000
-10.680000
-12.621000
-7.767000
-14.563000
-23.301001
-9.708700
-3.883500
-11.650000
-20.388000
-19.417000
-35.922001
-44.660000
-34.951000
-35.922001
-27.184000
-16.504999
-13.592000
-11.650000
-8.737900
-10.680000
-17.476000
-27.184000
-32.039001
-24.271999
-12.621000
-6.796100
4.854400
0.970870
4.854400
3.883500
0.000000
0.970870
-8.737900
-26.214001
-29.125999
-22.330000
-17.476000
-8.737900
-2.912600
-5.825200
2.912600
4.854400
-2.912600
-5.825200
-19.417000
-32.039001
-30.097000
-30.097000
-22.330000
-9.708700
-4.854400
-1.941700
4.854400
5.825200
4.854400
-2.912600
-5.825200
-4.854400
-12.621000
-13.592000
-6.796100
-1.941700
3.883500
13.592000
19.417000
22.330000
25.243000
21.358999
-0.970870
-22.330000
-25.243000
-9.708700
-14.563000
-8.737900
5.825200
10.680000
13.592000
17.476000
10.680000
-5.825200
-15.534000
-19.417000
-19.417000
-18.447001
-9.708700
0.000000
5.825200
8.737900
4.854400
0.000000
-3.883500
-5.825200
-14.563000
-7.767000
6.796100
0.000000
-7.767000
-2.912600
-8.737900
-14.563000
-15.534000
-16.504999
-17.476000
-20.388000
-26.214001
-19.417000
-14.563000
1.941700
11.650000
13.592000
17.476000
12.621000
9.708700
0.970870
-12.621000
-15.534000
-18.447001
-25.243000
-28.155001
-21.358999
-2.912600
-6.796100
-10.680000
2.912600
9.708700
3.883500
-16.504999
-21.358999
-16.504999
-9.708700
-0.970870
0.000000
5.825200
4.854400
-0.970870
-5.825200
-14.563000
-22.330000
-29.125999
-36.893002
-35.922001
-23.301001
-0.970870
12.621000
17.476000
14.563000
5.825200
-3.883500
-4.854400
-24.271999
-40.777000
-43.688999
-37.863998
-15.534000
13.592000
24.271999
32.039001
42.717999
36.893002
12.621000
-14.563000
-29.125999
-38.834999
-48.543999
-59.223000
-50.485001
-22.330000
8.737900
16.504999
23.301001
33.009998
26.214001
12.621000
2.912600
-14.563000
-19.417000
-24.271999
-29.125999
-23.301001
-11.650000
-2.912600
2.912600
2.912600
2.912600
-3.883500
-12.621000
-15.534000
-30.097000
-45.631001
-35.922001
-31.068001
-22.330000
0.000000
17.476000
27.184000
28.155001
12.621000
-4.854400
-20.388000
-27.184000
-32.039001
-38.834999
-41.748001
-30.097000
-15.534000
-2.912600
5.825200
12.621000
12.621000
5.825200
4.854400
0.970870
-14.563000
-28.155001
-12.621000
-2.912600
1.941700
8.737900
22.330000
22.330000
10.680000
6.796100
0.000000
-15.534000
-33.009998
-38.834999
-34.951000
-27.184000
-17.476000
-13.592000
-9.708700
-4.854400
-3.883500
-10.680000
-14.563000
-21.358999
-29.125999
-19.417000
-3.883500
-0.970870
5.825200
19.417000
28.155001
23.301001
6.796100
0.970870
-1.941700
-28.155001
-52.426998
-48.543999
-35.922001
-24.271999
-9.708700
4.854400
13.592000
15.534000
10.680000
7.767000
-7.767000
-27.184000
-45.631001
-45.631001
-38.834999
-22.330000
-2.912600
25.243000
43.688999
40.777000
42.717999
32.039001
3.883500
-12.621000
-34.951000
-51.456001
-45.631001
-47.573002
-49.514999
-33.980999
-4.854400
12.621000
17.476000
23.301001
24.271999
13.592000
-5.825200
-28.155001
-36.893002
-43.688999
-55.340000
-46.602001
-24.271999
-2.912600
20.388000
30.097000
29.125999
25.243000
14.563000
-2.912600
-17.476000
-16.504999
-8.737900
-1.941700
13.592000
35.922001
42.717999
44.660000
33.980999
13.592000
1.941700
-18.447001
-28.155001
-40.777000
-42.717999
-35.922001
-30.097000
-17.476000
-6.796100
4.854400
6.796100
6.796100
5.825200
0.000000
-4.854400
-10.680000
-19.417000
-12.621000
0.970870
14.563000
21.358999
20.388000
15.534000
19.417000
6.796100
-0.970870
-4.854400
-15.534000
-19.417000
-21.358999
-22.330000
-12.621000
-4.854400
-1.941700
1.941700
4.854400
9.708700
4.854400
-9.708700
-17.476000
-30.097000
-29.125999
-22.330000
-9.708700
3.883500
16.504999
25.243000
31.068001
28.155001
14.563000
-10.680000
-24.271999
-22.330000
-21.358999
-22.330000
-10.680000
9.708700
20.388000
29.125999
26.214001
14.563000
2.912600
-6.796100
-6.796100
-7.767000
-9.708700
-0.970870
9.708700
25.243000
43.688999
52.426998
47.573002
35.922001
22.330000
7.767000
-1.941700
-8.737900
-10.680000
-9.708700
0.000000
9.708700
25.243000
39.806000
47.573002
49.514999
42.717999
24.271999
2.912600
-13.592000
-33.009998
-38.834999
-28.155001
-14.563000
10.680000
33.009998
31.068001
24.271999
18.447001
9.708700
-7.767000
-16.504999
-22.330000
-22.330000
-18.447001
-15.534000
-6.796100
9.708700
20.388000
23.301001
21.358999
23.301001
17.476000
-0.970870
-3.883500
-12.621000
-21.358999
-0.970870
16.504999
25.243000
36.893002
33.009998
23.301001
21.358999
22.330000
19.417000
0.000000
-3.883500
-2.912600
-5.825200
1.941700
19.417000
33.009998
33.009998
25.243000
26.214001
22.330000
11.650000
0.000000
-15.534000
-22.330000
-24.271999
-16.504999
-9.708700
6.796100
20.388000
21.358999
24.271999
17.476000
4.854400
-5.825200
-12.621000
-18.447001
-24.271999
-22.330000
-11.650000
3.883500
23.301001
26.214001
32.039001
31.068001
24.271999
10.680000
0.970870
-8.737900
-11.650000
-6.796100
1.941700
14.563000
33.009998
41.748001
35.922001
33.980999
29.125999
23.301001
3.883500
-16.504999
-25.243000
-13.592000
-4.854400
4.854400
26.214001
22.330000
26.214001
40.777000
34.951000
19.417000
8.737900
-2.912600
-10.680000
-12.621000
-2.912600
0.970870
0.970870
-0.970870
3.883500
12.621000
6.796100
-0.970870
-8.737900
-17.476000
-30.097000
-40.777000
-34.951000
-23.301001
-16.504999
-0.970870
15.534000
12.621000
12.621000
20.388000
21.358999
7.767000
-10.680000
-11.650000
-12.621000
-2.912600
11.650000
24.271999
32.039001
39.806000
55.340000
55.340000
33.980999
7.767000
-2.912600
-19.417000
-28.155001
-28.155001
-16.504999
-0.970870
26.214001
45.631001
40.777000
29.125999
23.301001
22.330000
7.767000
-1.941700
-16.504999
-27.184000
-30.097000
-16.504999
-14.563000
-18.447001
-7.767000
-0.970870
-13.592000
-13.592000
-20.388000
-43.688999
-62.136002
-61.165001
-55.340000
-46.602001
-30.097000
-13.592000
-1.941700
6.796100
4.854400
-4.854400
-4.854400
-15.534000
-20.388000
-12.621000
0.000000
17.476000
19.417000
27.184000
38.834999
33.980999
26.214001
22.330000
6.796100
-6.796100
-4.854400
-12.621000
-14.563000
-19.417000
-14.563000
0.000000
21.358999
28.155001
33.980999
37.863998
28.155001
4.854400
-20.388000
-29.125999
-26.214001
-38.834999
-24.271999
3.883500
23.301001
20.388000
7.767000
-3.883500
-9.708700
-16.504999
-31.068001
-44.660000
-51.456001
-43.688999
-30.097000
