27.516001
25.556000
15.752000
10.850000
22.614000
28.497000
39.280998
46.144001
49.084999
44.182999
36.340000
32.417999
25.556000
29.476999
31.438000
14.771000
22.614000
39.280998
44.182999
57.908001
63.791000
66.732002
51.046001
46.144001
46.144001
38.300999
28.497000
29.476999
28.497000
34.379002
43.202999
50.064999
56.928001
53.007000
49.084999
49.084999
45.162998
31.438000
22.614000
30.458000
44.182999
51.046001
54.966999
51.046001
48.105000
43.202999
38.300999
33.398998
23.594999
11.830000
4.967300
9.869300
19.673000
28.497000
27.516001
24.575001
26.535999
24.575001
23.594999
24.575001
16.732000
7.908500
4.967300
1.045800
2.026100
13.791000
29.476999
32.417999
35.359001
39.280998
29.476999
15.752000
11.830000
-2.875800
2.026100
10.850000
8.888900
2.026100
-0.915030
5.947700
9.869300
5.947700
-1.895400
-2.875800
-12.680000
-17.582001
-14.641000
-6.797400
0.065360
4.967300
10.850000
12.810000
14.771000
16.732000
8.888900
2.026100
7.908500
5.947700
10.850000
21.634001
17.712000
12.810000
22.614000
12.810000
0.065360
4.967300
1.045800
-0.915030
3.006500
4.967300
3.986900
6.928100
6.928100
11.830000
10.850000
10.850000
10.850000
5.947700
-4.836600
-3.856200
4.967300
11.830000
17.712000
17.712000
14.771000
13.791000
14.771000
9.869300
10.850000
11.830000
3.006500
5.947700
3.006500
3.006500
14.771000
12.810000
8.888900
6.928100
10.850000
19.673000
24.575001
20.653999
8.888900
0.065360
-2.875800
9.869300
13.791000
12.810000
10.850000
9.869300
4.967300
7.908500
5.947700
-1.895400
-10.719000
-12.680000
-12.680000
-17.582001
-22.483999
-20.523001
-13.660000
-8.758200
7.908500
1.045800
-2.875800
5.947700
14.771000
20.653999
9.869300
3.006500
13.791000
11.830000
12.810000
25.556000
25.556000
28.497000
31.438000
19.673000
11.830000
10.850000
9.869300
8.888900
8.888900
10.850000
8.888900
8.888900
9.869300
6.928100
2.026100
-0.915030
-1.895400
3.006500
2.026100
5.947700
14.771000
8.888900
8.888900
19.673000
35.359001
36.340000
16.732000
16.732000
9.869300
-3.856200
-2.875800
-11.699000
-3.856200
6.928100
5.947700
8.888900
9.869300
7.908500
3.006500
3.986900
7.908500
12.810000
0.065360
-3.856200
-0.915030
-1.895400
7.908500
18.693001
25.556000
19.673000
10.850000
1.045800
0.065360
-4.836600
-17.582001
-15.621000
-3.856200
-3.856200
-2.875800
-2.875800
4.967300
15.752000
17.712000
13.791000
5.947700
-7.777800
-26.405001
-36.209000
-30.327000
-18.562000
-11.699000
-11.699000
-12.680000
-7.777800
-1.895400
8.888900
20.653999
14.771000
-2.875800
-13.660000
-18.562000
-21.503000
-15.621000
-6.797400
4.967300
-2.875800
-10.719000
-10.719000
-7.777800
-2.875800
-0.915030
-4.836600
-3.856200
-1.895400
-7.777800
-9.738600
0.065360
3.986900
-7.777800
-10.719000
-9.738600
-12.680000
-26.405001
-40.131001
-47.973999
-38.169998
-16.601000
-7.777800
-3.856200
-5.817000
-3.856200
3.986900
5.947700
2.026100
-6.797400
-21.503000
-24.444000
-22.483999
-14.641000
-11.699000
-7.777800
-15.621000
-26.405001
-28.365999
-31.306999
-33.268002
-23.464001
-18.562000
-6.797400
-8.758200
-14.641000
-8.758200
0.065360
2.026100
1.045800
-0.915030
-13.660000
-16.601000
-10.719000
-12.680000
-12.680000
-3.856200
-5.817000
-6.797400
4.967300
3.006500
1.045800
0.065360
-5.817000
-22.483999
-28.365999
-30.327000
-27.386000
-15.621000
-0.915030
1.045800
-1.895400
2.026100
11.830000
5.947700
3.986900
-3.856200
-14.641000
-15.621000
-12.680000
-20.523001
-31.306999
-30.327000
-22.483999
-13.660000
-9.738600
-7.777800
-12.680000
-15.621000
-19.542000
-19.542000
-9.738600
-3.856200
-0.915030
3.986900
10.850000
9.869300
16.732000
7.908500
-3.856200
-2.875800
-15.621000
-23.464001
-24.444000
-21.503000
-21.503000
-26.405001
-13.660000
-0.915030
-4.836600
-3.856200
-0.915030
-0.915030
-1.895400
-4.836600
-13.660000
-15.621000
-16.601000
-12.680000
-6.797400
-1.895400
0.065360
-5.817000
-13.660000
-16.601000
-15.621000
-20.523001
-31.306999
-35.229000
-24.444000
-19.542000
-1.895400
1.045800
-2.875800
-1.895400
-2.875800
1.045800
3.006500
-3.856200
-5.817000
-7.777800
-2.875800
-2.875800
-15.621000
-4.836600
8.888900
17.712000
23.594999
11.830000
10.850000
12.810000
5.947700
-5.817000
-2.875800
-1.895400
-5.817000
-4.836600
-16.601000
-27.386000
-12.680000
-6.797400
-8.758200
-15.621000
-19.542000
-30.327000
-37.189999
-36.209000
-42.091999
-32.287998
-17.582001
-13.660000
-13.660000
-19.542000
-20.523001
-14.641000
-13.660000
-6.797400
3.006500
8.888900
4.967300
3.986900
-2.875800
-7.777800
-12.680000
-17.582001
-17.582001
-21.503000
-25.424999
-26.405001
-24.444000
-17.582001
-9.738600
-2.875800
-3.856200
1.045800
-4.836600
-18.562000
-18.562000
-25.424999
-27.386000
-16.601000
-13.660000
-10.719000
-6.797400
-13.660000
-17.582001
-12.680000
-14.641000
-14.641000
-20.523001
-24.444000
-29.346001
-36.209000
-27.386000
-11.699000
-2.875800
-11.699000
-13.660000
-7.777800
-0.915030
7.908500
14.771000
-0.915030
-17.582001
-15.621000
7.908500
3.986900
4.967300
7.908500
3.006500
-3.856200
-2.875800
-3.856200
-8.758200
-11.699000
-7.777800
-0.915030
-1.895400
3.986900
3.006500
5.947700
5.947700
4.967300
4.967300
2.026100
-5.817000
-13.660000
-4.836600
8.888900
0.065360
-7.777800
-3.856200
-9.738600
-19.542000
-19.542000
-12.680000
-14.641000
-11.699000
-7.777800
-0.915030
-3.856200
-2.875800
-3.856200
-12.680000
-8.758200
-1.895400
3.006500
3.006500
-1.895400
2.026100
7.908500
7.908500
3.006500
0.065360
6.928100
-4.836600
-11.699000
2.026100
13.791000
14.771000
3.006500
6.928100
13.791000
20.653999
14.771000
1.045800
-3.856200
-9.738600
-17.582001
-17.582001
-17.582001
-14.641000
-15.621000
-21.503000
-19.542000
-9.738600
0.065360
0.065360
-4.836600
-10.719000
-15.621000
-15.621000
-7.777800
-14.641000
-15.621000
-10.719000
-9.738600
1.045800
9.869300
3.006500
3.006500
7.908500
3.006500
-7.777800
-20.523001
-23.464001
-21.503000
-18.562000
-19.542000
-12.680000
-0.915030
12.810000
10.850000
12.810000
18.693001
12.810000
3.006500
-5.817000
-13.660000
-14.641000
-17.582001
-20.523001
-8.758200
4.967300
9.869300
9.869300
3.986900
2.026100
-4.836600
-9.738600
-2.875800
-8.758200
-11.699000
1.045800
2.026100
4.967300
14.771000
19.673000
18.693001
12.810000
1.045800
-11.699000
-19.542000
-22.483999
-24.444000
-31.306999
-31.306999
-18.562000
-0.915030
8.888900
8.888900
2.026100
-5.817000
-9.738600
-0.915030
11.830000
7.908500
0.065360
7.908500
1.045800
-9.738600
-11.699000
0.065360
4.967300
1.045800
1.045800
0.065360
-4.836600
-9.738600
-8.758200
-6.797400
-7.777800
-10.719000
-17.582001
-26.405001
-30.327000
-26.405001
-23.464001
-17.582001
-15.621000
-17.582001
-16.601000
-11.699000
-13.660000
-10.719000
-4.836600
0.065360
-5.817000
-17.582001
-15.621000
-7.777800
-22.483999
-34.248001
-24.444000
-18.562000
-16.601000
-13.660000
-8.758200
-7.777800
-8.758200
-13.660000
-12.680000
-14.641000
-19.542000
-22.483999
-15.621000
-12.680000
-12.680000
-9.738600
-0.915030
3.006500
-3.856200
3.986900
4.967300
-12.680000
-22.483999
-32.287998
-36.209000
-17.582001
-4.836600
-2.875800
-4.836600
0.065360
-0.915030
-4.836600
-2.875800
-2.875800
-6.797400
-20.523001
-32.287998
-32.287998
-27.386000
-25.424999
-17.582001
-7.777800
-3.856200
3.006500
4.967300
2.026100
0.065360
-3.856200
-10.719000
-12.680000
-7.777800
-0.915030
3.006500
13.791000
22.614000
20.653999
20.653999
12.810000
-2.875800
-5.817000
-18.562000
-17.582001
-19.542000
-13.660000
-9.738600
-13.660000
-9.738600
-6.797400
1.045800
3.986900
4.967300
3.006500
5.947700
7.908500
-0.915030
-11.699000
-9.738600
-4.836600
-4.836600
-5.817000
-12.680000
-17.582001
-9.738600
-15.621000
-16.601000
-6.797400
-3.856200
3.006500
4.967300
-3.856200
-10.719000
-12.680000
-15.621000
-14.641000
-13.660000
-9.738600
-10.719000
-13.660000
-10.719000
-13.660000
-8.758200
0.065360
12.810000
13.791000
8.888900
8.888900
18.693001
23.594999
21.634001
11.830000
8.888900
15.752000
12.810000
3.006500
0.065360
3.986900
3.006500
5.947700
3.006500
-1.895400
-4.836600
-7.777800
-3.856200
4.967300
9.869300
19.673000
23.594999
27.516001
31.438000
29.476999
25.556000
21.634001
16.732000
13.791000
11.830000
10.850000
14.771000
14.771000
19.673000
18.693001
15.752000
9.869300
4.967300
3.006500
3.986900
8.888900
10.850000
8.888900
3.986900
6.928100
12.810000
12.810000
11.830000
11.830000
1.045800
-6.797400
-8.758200
-9.738600
-15.621000
-18.562000
-24.444000
-20.523001
-6.797400
7.908500
16.732000
23.594999
22.614000
12.810000
7.908500
13.791000
15.752000
7.908500
12.810000
9.869300
0.065360
11.830000
16.732000
17.712000
21.634001
13.791000
3.006500
1.045800
3.006500
2.026100
-9.738600
-3.856200
3.986900
4.967300
12.810000
22.614000
22.614000
17.712000
8.888900
5.947700
2.026100
-0.915030
0.065360
-5.817000
-8.758200
-10.719000
-12.680000
-17.582001
-11.699000
-6.797400
-7.777800
-0.915030
-1.895400
-3.856200
-0.915030
6.928100
13.791000
14.771000
9.869300
3.006500
4.967300
9.869300
6.928100
10.850000
9.869300
10.850000
10.850000
12.810000
8.888900
8.888900
17.712000
23.594999
25.556000
24.575001
18.693001
7.908500
7.908500
13.791000
17.712000
13.791000
10.850000
13.791000
27.516001
33.398998
37.320000
44.182999
26.535999
14.771000
10.850000
3.006500
3.006500
12.810000
16.732000
9.869300
2.026100
3.986900
2.026100
2.026100
0.065360
3.986900
2.026100
-15.621000
-24.444000
-24.444000
-17.582001
-9.738600
1.045800
13.791000
22.614000
23.594999
20.653999
10.850000
-9.738600
-26.405001
-30.327000
-29.346001
-42.091999
-45.033001
-22.483999
-1.895400
21.634001
35.359001
41.242001
40.261002
28.497000
29.476999
28.497000
15.752000
1.045800
5.947700
3.006500
-0.915030
-4.836600
-2.875800
1.045800
13.791000
22.614000
15.752000
6.928100
1.045800
0.065360
-5.817000
-7.777800
-13.660000
-12.680000
-7.777800
2.026100
-0.915030
-3.856200
3.986900
4.967300
-6.797400
-0.915030
1.045800
-12.680000
-25.424999
-26.405001
-23.464001
-21.503000
-11.699000
-1.895400
4.967300
9.869300
5.947700
-5.817000
-9.738600
-22.483999
-18.562000
-0.915030
11.830000
22.614000
20.653999
23.594999
30.458000
25.556000
18.693001
19.673000
13.791000
2.026100
0.065360
-7.777800
-3.856200
1.045800
7.908500
13.791000
17.712000
11.830000
8.888900
7.908500
4.967300
-4.836600
-16.601000
-18.562000
-12.680000
-19.542000
-14.641000
-5.817000
-2.875800
-2.875800
-6.797400
-13.660000
-16.601000
-19.542000
-24.444000
-29.346001
-41.111000
-48.953999
-46.993000
