38.964001
43.819000
43.819000
35.081001
30.226999
22.459999
21.489000
26.343000
35.081001
40.905998
37.993999
37.993999
38.964001
48.673000
55.469002
37.993999
39.935001
43.819000
34.110001
37.993999
45.761002
54.498001
49.644001
48.673000
55.469002
56.439999
51.585999
52.556999
50.615002
48.673000
46.730999
46.730999
48.673000
43.819000
41.876999
50.615002
54.498001
47.702000
41.876999
45.761002
53.528000
54.498001
53.528000
43.819000
36.051998
26.343000
19.547001
23.430000
27.313999
18.576000
7.896400
7.896400
14.693000
19.547001
19.547001
17.605000
21.489000
21.489000
20.518000
24.400999
27.313999
28.285000
30.226999
25.372000
16.634001
18.576000
23.430000
16.634001
12.751000
21.489000
16.634001
10.809000
14.693000
6.925600
15.663000
26.343000
23.430000
14.693000
11.780000
14.693000
15.663000
11.780000
3.042100
-0.841420
-6.666700
-11.521000
-11.521000
-7.637500
-3.754000
-1.812300
6.925600
10.809000
12.751000
16.634001
11.780000
4.012900
5.954700
1.100300
2.071200
9.838200
3.042100
2.071200
17.605000
12.751000
0.129450
2.071200
-5.695800
-5.695800
3.042100
2.071200
-5.695800
-9.579300
-13.463000
-7.637500
-2.783200
-0.841420
-0.841420
-2.783200
-3.754000
3.042100
14.693000
18.576000
14.693000
4.983800
-2.783200
-4.724900
-2.783200
-3.754000
0.129450
4.983800
3.042100
14.693000
11.780000
6.925600
11.780000
8.867300
6.925600
9.838200
14.693000
20.518000
23.430000
19.547001
12.751000
10.809000
13.722000
21.489000
22.459999
20.518000
18.576000
10.809000
0.129450
5.954700
6.925600
0.129450
-11.521000
-13.463000
-9.579300
-6.666700
-7.637500
-1.812300
5.954700
4.983800
12.751000
-4.724900
-17.346001
-11.521000
-2.783200
7.896400
5.954700
12.751000
29.256001
18.576000
6.925600
10.809000
6.925600
5.954700
9.838200
-2.783200
-9.579300
-9.579300
2.071200
15.663000
18.576000
14.693000
8.867300
5.954700
4.012900
-5.695800
-15.405000
-21.230000
-20.259001
-13.463000
-15.405000
-3.754000
10.809000
4.983800
-0.841420
3.042100
17.605000
21.489000
6.925600
11.780000
5.954700
-2.783200
7.896400
3.042100
1.100300
1.100300
-4.724900
-6.666700
-1.812300
3.042100
4.012900
3.042100
2.071200
2.071200
-8.608400
-4.724900
1.100300
-0.841420
3.042100
10.809000
20.518000
19.547001
12.751000
4.983800
-1.812300
-11.521000
-31.909000
-26.084000
-3.754000
8.867300
17.605000
19.547001
23.430000
24.400999
15.663000
1.100300
-12.492000
-27.055000
-44.530998
-55.209999
-38.706001
-12.492000
5.954700
14.693000
16.634001
21.489000
24.400999
29.256001
33.139000
25.372000
4.983800
-13.463000
-29.968000
-38.706001
-34.821999
-25.113001
-10.550000
-5.695800
-3.754000
4.012900
3.042100
-0.841420
-7.637500
-12.492000
-3.754000
9.838200
9.838200
8.867300
21.489000
22.459999
7.896400
-0.841420
-4.724900
-15.405000
-35.792999
-55.209999
-65.889999
-64.918999
-53.269001
-49.384998
-37.735001
-29.968000
-25.113001
-16.375000
-13.463000
-14.434000
-20.259001
-25.113001
-21.230000
-17.346001
-14.434000
-11.521000
-8.608400
-9.579300
-13.463000
-9.579300
-12.492000
-22.201000
-23.172001
-22.201000
-6.666700
-9.579300
-21.230000
-20.259001
-7.637500
0.129450
6.925600
11.780000
0.129450
-5.695800
-0.841420
-5.695800
-8.608400
1.100300
3.042100
4.983800
19.547001
24.400999
22.459999
20.518000
18.576000
3.042100
-3.754000
-9.579300
-13.463000
-8.608400
-7.637500
-12.492000
-14.434000
-7.637500
7.896400
5.954700
6.925600
-0.841420
-7.637500
-3.754000
4.983800
2.071200
-4.724900
-11.521000
-15.405000
-18.316999
-19.288000
-15.405000
-12.492000
-8.608400
-12.492000
-20.259001
-21.230000
-14.434000
-6.666700
1.100300
7.896400
12.751000
28.285000
22.459999
11.780000
12.751000
-1.812300
-5.695800
-5.695800
-2.783200
-5.695800
-16.375000
-11.521000
-9.579300
-18.316999
-20.259001
-18.316999
-18.316999
-12.492000
-5.695800
-7.637500
-13.463000
-23.172001
-24.142000
-23.172001
-17.346001
-10.550000
-10.550000
-14.434000
-12.492000
-7.637500
-0.841420
-9.579300
-16.375000
-15.405000
-23.172001
-18.316999
-14.434000
-10.550000
-3.754000
2.071200
7.896400
6.925600
2.071200
8.867300
14.693000
20.518000
20.518000
1.100300
-3.754000
-2.783200
3.042100
17.605000
13.722000
19.547001
23.430000
8.867300
-9.579300
-3.754000
-0.841420
-3.754000
-0.841420
-12.492000
-22.201000
-10.550000
-7.637500
-13.463000
-16.375000
-18.316999
-34.821999
-41.618000
-32.880001
-30.938999
-22.201000
-13.463000
-13.463000
-14.434000
-17.346001
-21.230000
-26.084000
-31.909000
-33.851002
-20.259001
-7.637500
-3.754000
4.012900
-0.841420
2.071200
4.012900
2.071200
4.983800
-5.695800
-23.172001
-26.084000
-19.288000
-12.492000
-9.579300
-10.550000
-18.316999
-9.579300
-5.695800
-9.579300
-5.695800
-14.434000
-24.142000
-21.230000
-22.201000
-18.316999
-9.579300
-11.521000
-12.492000
-8.608400
-5.695800
-4.724900
-13.463000
-18.316999
-13.463000
-16.375000
-11.521000
-2.783200
-1.812300
-1.812300
4.012900
13.722000
17.605000
22.459999
20.518000
4.983800
-7.637500
-8.608400
4.012900
-2.783200
-0.841420
5.954700
2.071200
0.129450
3.042100
-0.841420
-13.463000
-20.259001
-22.201000
-24.142000
-23.172001
-13.463000
-1.812300
3.042100
3.042100
-0.841420
-1.812300
-3.754000
-6.666700
-17.346001
-12.492000
3.042100
-3.754000
-8.608400
-3.754000
-10.550000
-21.230000
-26.084000
-24.142000
-20.259001
-18.316999
-16.375000
-8.608400
-5.695800
4.012900
8.867300
6.925600
7.896400
2.071200
-2.783200
-8.608400
-17.346001
-17.346001
-18.316999
-19.288000
-17.346001
-9.579300
6.925600
-0.841420
-10.550000
-1.812300
4.012900
0.129450
-18.316999
-18.316999
-8.608400
4.983800
13.722000
7.896400
5.954700
-2.783200
-10.550000
-11.521000
-15.405000
-21.230000
-26.084000
-33.851002
-29.968000
-14.434000
4.012900
13.722000
15.663000
10.809000
-0.841420
-10.550000
-7.637500
-17.346001
-24.142000
-23.172001
-20.259001
-2.783200
19.547001
23.430000
27.313999
33.139000
21.489000
-2.783200
-26.084000
-34.821999
-34.821999
-37.735001
-43.560001
-32.880001
-4.724900
19.547001
19.547001
15.663000
18.576000
10.809000
2.071200
-3.754000
-17.346001
-18.316999
-22.201000
-25.113001
-21.230000
-15.405000
-14.434000
-14.434000
-14.434000
-7.637500
-9.579300
-13.463000
-13.463000
-26.084000
-37.735001
-28.025999
-23.172001
-17.346001
-0.841420
8.867300
15.663000
18.576000
10.809000
-0.841420
-8.608400
-13.463000
-15.405000
-23.172001
-29.968000
-27.055000
-20.259001
-12.492000
-5.695800
3.042100
7.896400
7.896400
8.867300
11.780000
2.071200
-3.754000
11.780000
15.663000
9.838200
4.983800
11.780000
13.722000
7.896400
9.838200
7.896400
-4.724900
-17.346001
-24.142000
-26.084000
-25.113001
-16.375000
-13.463000
-12.492000
-13.463000
-12.492000
-15.405000
-14.434000
-12.492000
-9.579300
0.129450
10.809000
5.954700
0.129450
3.042100
5.954700
4.012900
-8.608400
-9.579300
-7.637500
-28.025999
-48.414001
-39.675999
-24.142000
-8.608400
0.129450
4.983800
4.012900
-0.841420
-5.695800
-7.637500
-10.550000
-20.259001
-31.909000
-33.851002
-26.084000
-12.492000
1.100300
19.547001
31.197001
23.430000
21.489000
9.838200
-16.375000
-27.055000
-39.675999
-46.472000
-32.880001
-25.113001
-20.259001
-6.666700
11.780000
18.576000
14.693000
16.634001
14.693000
6.925600
-8.608400
-23.172001
-27.055000
-32.880001
-46.472000
-46.472000
-29.968000
-18.316999
-0.841420
9.838200
12.751000
9.838200
7.896400
-2.783200
-10.550000
-5.695800
4.983800
10.809000
22.459999
37.993999
38.964001
39.935001
29.256001
9.838200
-3.754000
-26.084000
-36.764000
-47.443001
-45.501999
-40.646999
-39.675999
-31.909000
-24.142000
-15.405000
-14.434000
-9.579300
-5.695800
-5.695800
-4.724900
-4.724900
-4.724900
1.100300
10.809000
15.663000
16.634001
11.780000
3.042100
6.925600
-1.812300
-7.637500
-11.521000
-18.316999
-20.259001
-17.346001
-13.463000
-0.841420
9.838200
12.751000
10.809000
7.896400
8.867300
2.071200
-12.492000
-20.259001
-28.997000
-25.113001
-17.346001
-5.695800
6.925600
16.634001
22.459999
24.400999
21.489000
10.809000
-7.637500
-18.316999
-15.405000
-16.375000
-15.405000
-2.783200
13.722000
23.430000
32.167999
25.372000
9.838200
-0.841420
-7.637500
-2.783200
-0.841420
-1.812300
3.042100
8.867300
23.430000
41.876999
49.644001
43.819000
34.110001
24.400999
13.722000
5.954700
4.012900
4.983800
3.042100
5.954700
8.867300
20.518000
33.139000
37.993999
38.964001
31.197001
15.663000
-4.724900
-24.142000
-35.792999
-28.997000
-10.550000
0.129450
17.605000
31.197001
24.400999
12.751000
9.838200
4.983800
-3.754000
-6.666700
-12.492000
-17.346001
-21.230000
-23.172001
-22.201000
-11.521000
0.129450
8.867300
11.780000
20.518000
22.459999
12.751000
12.751000
6.925600
-1.812300
15.663000
27.313999
32.167999
40.905998
34.110001
24.400999
19.547001
18.576000
10.809000
-7.637500
-8.608400
-6.666700
-11.521000
-7.637500
3.042100
10.809000
11.780000
5.954700
6.925600
4.012900
2.071200
2.071200
-3.754000
-5.695800
-4.724900
-2.783200
0.129450
10.809000
18.576000
14.693000
17.605000
10.809000
1.100300
-6.666700
-11.521000
-12.492000
-13.463000
-14.434000
-13.463000
0.129450
14.693000
16.634001
21.489000
23.430000
20.518000
12.751000
6.925600
4.012900
0.129450
-0.841420
-1.812300
4.983800
18.576000
26.343000
25.372000
26.343000
23.430000
18.576000
6.925600
-7.637500
-16.375000
-12.492000
-9.579300
-2.783200
17.605000
15.663000
18.576000
32.167999
27.313999
17.605000
13.722000
10.809000
5.954700
0.129450
-2.783200
-11.521000
-16.375000
-15.405000
-4.724900
8.867300
4.983800
0.129450
-5.695800
-12.492000
-25.113001
-36.764000
-34.821999
-26.084000
-16.375000
0.129450
18.576000
15.663000
15.663000
22.459999
27.313999
16.634001
2.071200
-0.841420
-8.608400
-4.724900
4.983800
19.547001
25.372000
28.285000
38.964001
39.935001
20.518000
1.100300
1.100300
2.071200
5.954700
5.954700
4.983800
5.954700
19.547001
34.110001
31.197001
21.489000
17.605000
17.605000
7.896400
1.100300
-9.579300
-19.288000
-19.288000
-11.521000
-10.550000
-15.405000
-7.637500
-2.783200
-13.463000
-11.521000
-14.434000
-31.909000
-49.384998
-50.355999
-49.384998
-44.530998
-31.909000
-18.316999
-9.579300
4.012900
2.071200
-6.666700
-2.783200
-9.579300
-12.492000
-6.666700
-3.754000
4.983800
4.983800
9.838200
22.459999
21.489000
19.547001
22.459999
13.722000
1.100300
2.071200
-9.579300
-15.405000
-18.316999
-15.405000
-2.783200
14.693000
19.547001
26.343000
31.197001
25.372000
9.838200
-9.579300
-16.375000
-17.346001
-34.821999
-27.055000
-1.812300
14.693000
13.722000
4.983800
-3.754000
-5.695800
-7.637500
-17.346001
-29.968000
-43.560001
-41.618000
-28.997000
