-16.814000
-20.755000
-19.770000
-17.800000
-18.785000
-20.755000
-22.726000
-20.755000
-20.755000
-21.741000
-22.726000
-22.726000
-19.770000
-22.726000
-29.622000
-27.652000
-22.726000
-18.785000
-16.814000
-16.814000
-16.814000
-12.874000
-11.888000
-14.844000
-12.874000
-4.991800
0.919540
-2.036100
-4.006600
-7.947500
-6.962200
-5.977000
-5.977000
-5.977000
-4.991800
-6.962200
-9.917900
-12.874000
-16.814000
-16.814000
-14.844000
-14.844000
-11.888000
-9.917900
-11.888000
-9.917900
-7.947500
-9.917900
-9.917900
-8.932700
-10.903000
-11.888000
-10.903000
-12.874000
-9.917900
-10.903000
-11.888000
-9.917900
-8.932700
-6.962200
-4.991800
-7.947500
-1.050900
2.890000
6.830900
4.860400
-3.021300
-5.977000
-7.947500
-7.947500
-7.947500
-9.917900
-11.888000
-12.874000
-15.829000
-12.874000
-9.917900
-10.903000
-11.888000
-8.932700
-7.947500
-4.991800
1.904800
-9.917900
-18.785000
-21.741000
-25.681000
-21.741000
-19.770000
-18.785000
-16.814000
-9.917900
-9.917900
-17.800000
-21.741000
-18.785000
-14.844000
-15.829000
-17.800000
-19.770000
-21.741000
-19.770000
-18.785000
-18.785000
-16.814000
-11.888000
-8.932700
-10.903000
-16.814000
-18.785000
-18.785000
-16.814000
-11.888000
-7.947500
-13.859000
-15.829000
-11.888000
-3.021300
0.919540
-1.050900
4.860400
7.816100
3.875200
0.919540
0.919540
0.919540
-1.050900
-2.036100
-1.050900
-4.006600
-8.932700
-9.917900
-8.932700
-8.932700
-4.991800
-4.006600
-6.962200
-4.991800
-4.006600
-3.021300
-1.050900
-3.021300
-2.036100
-3.021300
-4.991800
-4.006600
-3.021300
1.904800
3.875200
-0.065680
0.919540
4.860400
1.904800
-3.021300
-0.065680
2.890000
1.904800
-2.036100
-4.006600
-4.006600
-3.021300
-4.991800
-6.962200
-2.036100
5.845600
5.845600
1.904800
-1.050900
-3.021300
-4.991800
-4.991800
-1.050900
-0.065680
2.890000
0.919540
-1.050900
0.919540
3.875200
2.890000
-2.036100
-6.962200
-8.932700
-8.932700
-6.962200
-5.977000
-4.991800
-4.006600
-2.036100
-1.050900
-3.021300
-0.065680
1.904800
6.830900
9.786500
8.801300
3.875200
5.845600
9.786500
9.786500
6.830900
6.830900
10.772000
10.772000
10.772000
10.772000
10.772000
10.772000
11.757000
12.742000
9.786500
10.772000
13.727000
14.713000
10.772000
7.816100
5.845600
5.845600
6.830900
13.727000
5.845600
-0.065680
-2.036100
-1.050900
0.919540
-0.065680
1.904800
1.904800
-0.065680
-1.050900
-3.021300
-5.977000
-6.962200
-3.021300
-1.050900
-4.991800
-4.006600
-0.065680
2.890000
0.919540
-1.050900
-3.021300
-4.006600
-5.977000
-4.991800
-4.991800
-1.050900
-0.065680
-1.050900
-3.021300
-5.977000
-4.006600
-1.050900
-1.050900
-2.036100
-3.021300
-4.006600
-4.006600
-6.962200
-4.991800
-3.021300
-3.021300
-2.036100
2.890000
5.845600
0.919540
-6.962200
-10.903000
-8.932700
-5.977000
-3.021300
-2.036100
-7.947500
-9.917900
-5.977000
-1.050900
2.890000
5.845600
6.830900
9.786500
6.830900
2.890000
2.890000
1.904800
4.860400
12.742000
12.742000
8.801300
6.830900
5.845600
6.830900
10.772000
12.742000
16.683000
14.713000
12.742000
9.786500
6.830900
0.919540
0.919540
4.860400
4.860400
3.875200
2.890000
-2.036100
-8.932700
-8.932700
-5.977000
0.919540
2.890000
-1.050900
-0.065680
1.904800
2.890000
1.904800
-0.065680
-2.036100
-3.021300
-4.006600
-5.977000
-8.932700
-9.917900
-8.932700
-8.932700
-9.917900
-10.903000
-7.947500
-5.977000
-4.006600
-4.991800
-7.947500
-6.962200
-5.977000
-5.977000
-8.932700
-7.947500
-4.991800
-4.006600
-5.977000
-5.977000
-1.050900
-1.050900
-3.021300
-4.006600
-7.947500
-10.903000
-5.977000
-12.874000
-16.814000
-19.770000
-27.652000
-24.696000
-22.726000
-22.726000
-20.755000
-20.755000
-18.785000
-15.829000
-8.932700
-5.977000
-4.006600
1.904800
6.830900
5.845600
-0.065680
-2.036100
-1.050900
-0.065680
-1.050900
-0.065680
-0.065680
4.860400
9.786500
9.786500
8.801300
8.801300
6.830900
3.875200
2.890000
4.860400
5.845600
9.786500
15.698000
12.742000
5.845600
8.801300
11.757000
11.757000
13.727000
12.742000
8.801300
7.816100
10.772000
8.801300
-4.006600
-8.932700
-1.050900
-0.065680
-2.036100
-4.006600
-5.977000
-4.006600
-3.021300
-4.991800
-3.021300
-1.050900
-1.050900
-4.006600
-6.962200
-3.021300
2.890000
0.919540
-1.050900
-0.065680
-1.050900
3.875200
3.875200
6.830900
8.801300
9.786500
5.845600
4.860400
5.845600
3.875200
5.845600
7.816100
8.801300
8.801300
6.830900
4.860400
8.801300
10.772000
9.786500
3.875200
-1.050900
-1.050900
3.875200
4.860400
1.904800
-0.065680
1.904800
3.875200
1.904800
5.845600
5.845600
1.904800
-0.065680
2.890000
3.875200
7.816100
6.830900
7.816100
9.786500
13.727000
13.727000
13.727000
10.772000
4.860400
3.875200
10.772000
17.668000
22.594000
21.609000
15.698000
6.830900
2.890000
1.904800
2.890000
6.830900
7.816100
5.845600
7.816100
8.801300
9.786500
7.816100
5.845600
7.816100
11.757000
14.713000
15.698000
16.683000
15.698000
12.742000
11.757000
12.742000
16.683000
24.565000
23.580000
19.639000
15.698000
18.654000
20.624000
18.654000
14.713000
8.801300
6.830900
9.786500
12.742000
10.772000
7.816100
14.713000
18.654000
16.683000
13.727000
11.757000
10.772000
10.772000
7.816100
10.772000
12.742000
10.772000
9.786500
13.727000
16.683000
11.757000
6.830900
6.830900
9.786500
9.786500
10.772000
13.727000
10.772000
9.786500
7.816100
4.860400
6.830900
8.801300
5.845600
1.904800
-1.050900
1.904800
0.919540
4.860400
4.860400
0.919540
2.890000
5.845600
4.860400
2.890000
1.904800
-0.065680
1.904800
3.875200
5.845600
3.875200
2.890000
2.890000
6.830900
8.801300
7.816100
11.757000
21.609000
8.801300
-4.991800
-1.050900
-0.065680
-2.036100
-4.006600
-5.977000
-6.962200
-4.991800
-2.036100
-4.006600
-6.962200
-7.947500
-4.991800
-6.962200
-10.903000
-5.977000
-1.050900
3.875200
5.845600
-1.050900
-1.050900
0.919540
1.904800
-2.036100
-4.006600
-8.932700
-7.947500
-5.977000
-4.006600
-4.006600
-6.962200
-10.903000
-9.917900
-8.932700
-7.947500
-6.962200
-7.947500
-6.962200
-5.977000
-0.065680
-4.006600
-11.888000
-19.770000
-17.800000
-13.859000
-10.903000
-7.947500
-7.947500
-9.917900
-14.844000
-15.829000
-12.874000
-10.903000
-9.917900
-11.888000
-13.859000
-14.844000
-12.874000
-11.888000
-10.903000
-14.844000
-14.844000
-10.903000
-11.888000
-9.917900
-8.932700
-10.903000
-10.903000
-10.903000
-10.903000
-8.932700
-5.977000
-6.962200
-6.962200
-5.977000
-5.977000
-8.932700
-10.903000
-6.962200
-6.962200
-8.932700
-8.932700
-4.006600
-0.065680
-2.036100
-0.065680
1.904800
-1.050900
-1.050900
-4.006600
-1.050900
-0.065680
-1.050900
-1.050900
-4.991800
-1.050900
-0.065680
2.890000
7.816100
6.830900
4.860400
3.875200
4.860400
9.786500
8.801300
9.786500
11.757000
11.757000
9.786500
8.801300
11.757000
8.801300
9.786500
8.801300
8.801300
11.757000
10.772000
6.830900
9.786500
12.742000
13.727000
11.757000
8.801300
6.830900
9.786500
10.772000
11.757000
14.713000
12.742000
13.727000
17.668000
22.594000
26.535000
23.580000
10.772000
1.904800
-0.065680
-3.021300
0.919540
0.919540
-0.065680
0.919540
0.919540
1.904800
3.875200
-1.050900
-5.977000
-5.977000
1.904800
3.875200
1.904800
-2.036100
-4.991800
-1.050900
2.890000
2.890000
1.904800
3.875200
7.816100
6.830900
8.801300
8.801300
5.845600
4.860400
9.786500
11.757000
10.772000
8.801300
7.816100
3.875200
1.904800
1.904800
0.919540
-2.036100
-4.006600
-4.006600
-1.050900
-0.065680
-0.065680
3.875200
9.786500
10.772000
7.816100
7.816100
5.845600
2.890000
2.890000
3.875200
-0.065680
-1.050900
-1.050900
-1.050900
-2.036100
0.919540
0.919540
-0.065680
-3.021300
-3.021300
-4.006600
-3.021300
-4.006600
-4.006600
-5.977000
-7.947500
-8.932700
-7.947500
-7.947500
-5.977000
-2.036100
0.919540
0.919540
2.890000
9.786500
3.875200
-4.991800
-5.977000
-4.991800
-7.947500
-7.947500
-8.932700
-4.991800
-4.006600
-4.006600
-4.006600
-5.977000
-6.962200
-2.036100
-0.065680
-2.036100
-2.036100
-4.006600
-4.006600
-4.991800
-5.977000
-6.962200
-10.903000
-13.859000
-11.888000
-12.874000
-14.844000
-12.874000
-7.947500
-5.977000
-2.036100
6.830900
9.786500
7.816100
4.860400
0.919540
-0.065680
-1.050900
-1.050900
1.904800
3.875200
-0.065680
-3.021300
-4.006600
-1.050900
0.919540
3.875200
6.830900
9.786500
9.786500
11.757000
6.830900
4.860400
5.845600
7.816100
10.772000
12.742000
13.727000
9.786500
7.816100
7.816100
9.786500
10.772000
15.698000
12.742000
10.772000
8.801300
6.830900
3.875200
7.816100
12.742000
14.713000
14.713000
11.757000
6.830900
5.845600
5.845600
3.875200
5.845600
15.698000
8.801300
-4.006600
-7.947500
-13.859000
-15.829000
-15.829000
-11.888000
-9.917900
-8.932700
-10.903000
-12.874000
-14.844000
-11.888000
-7.947500
-6.962200
-6.962200
-7.947500
-12.874000
-11.888000
-8.932700
-5.977000
-0.065680
2.890000
0.919540
4.860400
7.816100
6.830900
0.919540
-3.021300
-4.991800
-4.006600
-2.036100
-2.036100
-2.036100
-2.036100
-3.021300
-4.006600
-4.991800
-4.006600
1.904800
4.860400
3.875200
0.919540
-1.050900
-2.036100
-1.050900
-2.036100
-1.050900
-10.903000
-14.844000
-14.844000
-17.800000
-17.800000
-17.800000
-13.859000
-9.917900
-5.977000
-5.977000
-5.977000
-8.932700
-5.977000
-3.021300
0.919540
4.860400
5.845600
1.904800
-2.036100
-3.021300
1.904800
1.904800
-1.050900
-4.991800
-3.021300
5.845600
8.801300
8.801300
6.830900
5.845600
6.830900
4.860400
3.875200
8.801300
8.801300
4.860400
-0.065680
-6.962200
-9.917900
-6.962200
-5.977000
-3.021300
-0.065680
-0.065680
-0.065680
2.890000
3.875200
1.904800
3.875200
8.801300
7.816100
-0.065680
-2.036100
-2.036100
-2.036100
-0.065680
1.904800
-0.065680
-0.065680
-0.065680
-4.006600
-3.021300
0.919540
-0.065680
-4.006600
-1.050900
3.875200
4.860400
2.890000
2.890000
1.904800
5.845600
6.830900
3.875200
0.919540
3.875200
1.904800
-2.036100
-2.036100
0.919540
3.875200
5.845600
5.845600
3.875200
-0.065680
-2.036100
0.919540
5.845600
7.816100
7.816100
6.830900
5.845600
2.890000
3.875200
5.845600
6.830900
2.890000
0.919540
4.860400
4.860400
-1.050900
-4.991800
-5.977000
-6.962200
-4.991800
-0.065680
2.890000
2.890000
3.875200
5.845600
8.801300
9.786500
7.816100
7.816100
4.860400
-1.050900
-2.036100
-2.036100
-1.050900
0.919540
2.890000
1.904800
8.801300
16.683000
22.594000
26.535000
19.639000
6.830900
5.845600
5.845600
-1.050900
