-15.075000
-17.085000
-19.095000
-21.106000
-23.116000
-24.121000
-27.136000
-27.136000
-26.131000
-25.126000
-23.116000
-22.111000
-18.090000
-22.111000
-27.136000
-21.106000
-17.085000
-17.085000
-21.106000
-24.121000
-20.101000
-13.065000
-14.070000
-17.085000
-14.070000
-4.020100
5.025100
5.025100
3.015100
-3.015100
-6.030200
-9.045200
-10.050000
-10.050000
-9.045200
-9.045200
-10.050000
-18.090000
-24.121000
-21.106000
-17.085000
-15.075000
-12.060000
-12.060000
-17.085000
-21.106000
-17.085000
-14.070000
-7.035200
-5.025100
-10.050000
-15.075000
-19.095000
-18.090000
-10.050000
-8.040200
-10.050000
-12.060000
-12.060000
-9.045200
-8.040200
-10.050000
0.000000
7.035200
8.040200
1.005000
-9.045200
-10.050000
-11.055000
-14.070000
-20.101000
-27.136000
-30.151000
-29.146000
-26.131000
-20.101000
-13.065000
-10.050000
-5.025100
-3.015100
-4.020100
-1.005000
6.030200
-10.050000
-14.070000
-10.050000
-15.075000
-9.045200
-13.065000
-19.095000
-19.095000
-9.045200
-8.040200
-13.065000
-15.075000
-11.055000
-5.025100
1.005000
7.035200
9.045200
5.025100
-3.015100
-11.055000
-18.090000
-16.080000
-9.045200
-6.030200
-13.065000
-25.126000
-27.136000
-19.095000
-8.040200
2.010100
5.025100
-4.020100
-14.070000
-19.095000
-16.080000
-11.055000
-7.035200
4.020100
11.055000
5.025100
4.020100
12.060000
15.075000
9.045200
5.025100
3.015100
-2.010100
-10.050000
-12.060000
-9.045200
-5.025100
1.005000
-1.005000
-7.035200
-12.060000
-13.065000
-7.035200
0.000000
5.025100
14.070000
16.080000
12.060000
8.040200
9.045200
17.085000
24.121000
25.126000
24.121000
22.111000
11.055000
0.000000
-3.015100
-5.025100
-4.020100
1.005000
3.015100
-4.020100
-16.080000
-19.095000
-11.055000
6.030200
22.111000
27.136000
14.070000
-7.035200
-24.121000
-29.146000
-22.111000
-13.065000
-7.035200
-7.035200
-11.055000
-10.050000
-5.025100
2.010100
7.035200
12.060000
9.045200
-2.010100
-19.095000
-32.161000
-39.196000
-32.161000
-21.106000
-10.050000
-2.010100
-2.010100
2.010100
5.025100
8.040200
9.045200
8.040200
5.025100
3.015100
-4.020100
-13.065000
-20.101000
-17.085000
-9.045200
-2.010100
7.035200
15.075000
15.075000
10.050000
10.050000
13.065000
13.065000
16.080000
16.080000
8.040200
0.000000
-6.030200
-7.035200
-6.030200
-1.005000
8.040200
-7.035200
-13.065000
-10.050000
-10.050000
-4.020100
0.000000
9.045200
12.060000
7.035200
-1.005000
-9.045200
-12.060000
-14.070000
-14.070000
-12.060000
-13.065000
-12.060000
-9.045200
-4.020100
2.010100
7.035200
9.045200
4.020100
-6.030200
-16.080000
-21.106000
-14.070000
-6.030200
-3.015100
-3.015100
-4.020100
-3.015100
0.000000
3.015100
7.035200
10.050000
7.035200
-4.020100
-20.101000
-23.116000
-20.101000
-14.070000
-4.020100
7.035200
12.060000
3.015100
-10.050000
-15.075000
-14.070000
-5.025100
6.030200
10.050000
3.015100
-5.025100
-8.040200
-5.025100
2.010100
10.050000
13.065000
17.085000
14.070000
6.030200
4.020100
0.000000
5.025100
15.075000
15.075000
7.035200
0.000000
-5.025100
-7.035200
-1.005000
8.040200
14.070000
15.075000
14.070000
11.055000
6.030200
-5.025100
-15.075000
-20.101000
-17.085000
-9.045200
-3.015100
-4.020100
-6.030200
-3.015100
3.015100
15.075000
19.095000
13.065000
7.035200
1.005000
-7.035200
-8.040200
0.000000
6.030200
8.040200
9.045200
8.040200
6.030200
0.000000
-4.020100
-7.035200
-10.050000
-18.090000
-23.116000
-18.090000
-6.030200
6.030200
11.055000
12.060000
10.050000
8.040200
3.015100
1.005000
2.010100
2.010100
0.000000
-1.005000
0.000000
2.010100
10.050000
19.095000
21.106000
14.070000
9.045200
-12.060000
-19.095000
-15.075000
-15.075000
-7.035200
-7.035200
-8.040200
-3.015100
5.025100
10.050000
12.060000
18.090000
19.095000
16.080000
15.075000
14.070000
10.050000
0.000000
-9.045200
-10.050000
-5.025100
1.005000
11.055000
18.090000
28.141000
35.176000
37.186000
36.181000
31.156000
23.116000
12.060000
3.015100
-1.005000
0.000000
5.025100
13.065000
7.035200
-4.020100
-4.020100
-4.020100
-4.020100
3.015100
6.030200
2.010100
3.015100
5.025100
1.005000
-11.055000
-10.050000
-5.025100
-13.065000
-13.065000
-6.030200
-3.015100
-1.005000
2.010100
4.020100
9.045200
7.035200
2.010100
-4.020100
-7.035200
-2.010100
9.045200
9.045200
7.035200
3.015100
-1.005000
6.030200
11.055000
15.075000
21.106000
24.121000
19.095000
14.070000
9.045200
8.040200
11.055000
13.065000
13.065000
9.045200
0.000000
-3.015100
6.030200
15.075000
20.101000
16.080000
8.040200
3.015100
9.045200
12.060000
12.060000
9.045200
9.045200
6.030200
6.030200
9.045200
6.030200
-4.020100
-11.055000
-11.055000
-6.030200
5.025100
9.045200
12.060000
12.060000
13.065000
9.045200
5.025100
-1.005000
-7.035200
-4.020100
4.020100
9.045200
13.065000
15.075000
16.080000
13.065000
9.045200
6.030200
2.010100
5.025100
1.005000
-2.010100
-4.020100
-4.020100
1.005000
5.025100
8.040200
9.045200
8.040200
6.030200
7.035200
13.065000
11.055000
6.030200
3.015100
0.000000
6.030200
15.075000
20.101000
23.116000
20.101000
17.085000
14.070000
10.050000
5.025100
-1.005000
-3.015100
0.000000
4.020100
1.005000
-5.025100
1.005000
7.035200
9.045200
12.060000
13.065000
10.050000
10.050000
10.050000
9.045200
3.015100
-5.025100
-8.040200
-2.010100
5.025100
8.040200
7.035200
5.025100
0.000000
-7.035200
-5.025100
-1.005000
-1.005000
-2.010100
-3.015100
-3.015100
2.010100
8.040200
7.035200
1.005000
-4.020100
-3.015100
-7.035200
-5.025100
-4.020100
-6.030200
-6.030200
-6.030200
-9.045200
-9.045200
-10.050000
-11.055000
-9.045200
-4.020100
-1.005000
-5.025100
-11.055000
-11.055000
-5.025100
1.005000
5.025100
8.040200
20.101000
5.025100
-3.015100
8.040200
10.050000
8.040200
4.020100
-1.005000
-4.020100
-3.015100
3.015100
4.020100
0.000000
-6.030200
-8.040200
-7.035200
-9.045200
-2.010100
3.015100
7.035200
6.030200
0.000000
3.015100
7.035200
6.030200
1.005000
-5.025100
-10.050000
-8.040200
-1.005000
6.030200
4.020100
-6.030200
-17.085000
-18.090000
-8.040200
5.025100
11.055000
6.030200
-2.010100
-5.025100
4.020100
4.020100
1.005000
-3.015100
-1.005000
-2.010100
-3.015100
-3.015100
0.000000
-1.005000
-4.020100
-6.030200
-8.040200
-9.045200
-6.030200
-6.030200
-12.060000
-17.085000
-16.080000
-13.065000
-12.060000
-15.075000
-15.075000
-13.065000
-15.075000
-14.070000
-10.050000
-9.045200
-6.030200
-3.015100
-9.045200
-12.060000
-13.065000
-14.070000
-11.055000
-5.025100
1.005000
3.015100
-5.025100
-10.050000
-13.065000
-14.070000
-7.035200
-3.015100
-6.030200
-13.065000
-11.055000
-9.045200
-11.055000
-9.045200
-13.065000
-13.065000
-12.060000
-10.050000
-9.045200
-10.050000
-9.045200
-3.015100
4.020100
7.035200
2.010100
2.010100
7.035200
14.070000
23.116000
25.126000
26.131000
22.111000
15.075000
13.065000
16.080000
18.090000
13.065000
6.030200
0.000000
1.005000
11.055000
21.106000
24.121000
25.126000
25.126000
21.106000
17.085000
16.080000
13.065000
14.070000
12.060000
11.055000
10.050000
9.045200
14.070000
21.106000
29.146000
36.181000
27.136000
7.035200
-10.050000
-14.070000
-9.045200
4.020100
9.045200
5.025100
2.010100
3.015100
6.030200
8.040200
5.025100
-5.025100
-12.060000
-7.035200
-3.015100
5.025100
10.050000
8.040200
8.040200
7.035200
11.055000
20.101000
26.131000
28.141000
20.101000
13.065000
9.045200
6.030200
8.040200
17.085000
23.116000
22.111000
18.090000
15.075000
10.050000
10.050000
10.050000
2.010100
-2.010100
-1.005000
0.000000
-1.005000
0.000000
3.015100
8.040200
15.075000
17.085000
9.045200
-1.005000
-10.050000
-10.050000
-9.045200
-6.030200
-7.035200
-8.040200
-9.045200
-10.050000
-9.045200
-9.045200
-12.060000
-15.075000
-12.060000
-4.020100
-3.015100
-9.045200
-20.101000
-23.116000
-23.116000
-19.095000
-17.085000
-20.101000
-26.131000
-27.136000
-22.111000
-13.065000
-9.045200
-3.015100
7.035200
-2.010100
-11.055000
-13.065000
-10.050000
-11.055000
-9.045200
-12.060000
-12.060000
-16.080000
-15.075000
-11.055000
-10.050000
-5.025100
7.035200
11.055000
8.040200
3.015100
-3.015100
-6.030200
-6.030200
-2.010100
6.030200
11.055000
7.035200
2.010100
-2.010100
-4.020100
-6.030200
-5.025100
-9.045200
-9.045200
-3.015100
5.025100
15.075000
11.055000
1.005000
-5.025100
-13.065000
-15.075000
-12.060000
-10.050000
-13.065000
-16.080000
-15.075000
-8.040200
-2.010100
1.005000
5.025100
8.040200
11.055000
16.080000
7.035200
0.000000
-3.015100
-1.005000
3.015100
7.035200
8.040200
9.045200
10.050000
5.025100
0.000000
2.010100
10.050000
8.040200
1.005000
-4.020100
-5.025100
0.000000
8.040200
9.045200
6.030200
6.030200
3.015100
-3.015100
-9.045200
-13.065000
-13.065000
-6.030200
14.070000
11.055000
6.030200
6.030200
-9.045200
-17.085000
-18.090000
-10.050000
-6.030200
-5.025100
-9.045200
-16.080000
-19.095000
-12.060000
1.005000
9.045200
8.040200
1.005000
-11.055000
-19.095000
-18.090000
-16.080000
-9.045200
-5.025100
-8.040200
-11.055000
-9.045200
-4.020100
2.010100
8.040200
9.045200
3.015100
-2.010100
-4.020100
-2.010100
-4.020100
-9.045200
-16.080000
-16.080000
-10.050000
-5.025100
-4.020100
-8.040200
-9.045200
-7.035200
-5.025100
-7.035200
-9.045200
-9.045200
-21.106000
-20.101000
-12.060000
-10.050000
-3.015100
0.000000
-1.005000
-5.025100
-4.020100
2.010100
9.045200
7.035200
6.030200
8.040200
15.075000
26.131000
30.151000
22.111000
13.065000
8.040200
13.065000
15.075000
6.030200
-4.020100
-2.010100
7.035200
11.055000
14.070000
15.075000
14.070000
11.055000
2.010100
-3.015100
3.015100
4.020100
-1.005000
-5.025100
-8.040200
-10.050000
-11.055000
-13.065000
-9.045200
-5.025100
-7.035200
-7.035200
1.005000
5.025100
0.000000
-3.015100
-1.005000
3.015100
2.010100
0.000000
-9.045200
-16.080000
-16.080000
-10.050000
-5.025100
1.005000
3.015100
-1.005000
-4.020100
0.000000
1.005000
-3.015100
0.000000
4.020100
4.020100
4.020100
3.015100
-1.005000
2.010100
2.010100
-2.010100
-5.025100
-7.035200
-13.065000
-12.060000
-3.015100
3.015100
4.020100
5.025100
8.040200
6.030200
0.000000
-10.050000
-13.065000
-5.025100
5.025100
9.045200
8.040200
-1.005000
-7.035200
-3.015100
5.025100
8.040200
5.025100
-2.010100
-8.040200
-18.090000
-30.151000
-33.166000
-27.136000
-22.111000
-14.070000
-3.015100
-1.005000
-2.010100
0.000000
0.000000
2.010100
5.025100
6.030200
3.015100
-6.030200
-18.090000
-19.095000
-11.055000
2.010100
12.060000
15.075000
7.035200
5.025100
11.055000
21.106000
30.151000
23.116000
3.015100
-4.020100
-10.050000
-12.060000
