-15.075000
-17.085000
-19.095000
-21.106000
-23.116000
-24.121000
-25.126000
-24.121000
-24.121000
-23.116000
-24.121000
-26.131000
-23.116000
-25.126000
-29.146000
-22.111000
-16.080000
-16.080000
-19.095000
-23.116000
-21.106000
-15.075000
-15.075000
-18.090000
-16.080000
-7.035200
2.010100
4.020100
3.015100
-4.020100
-9.045200
-11.055000
-14.070000
-14.070000
-13.065000
-11.055000
-11.055000
-18.090000
-21.106000
-19.095000
-15.075000
-13.065000
-13.065000
-16.080000
-21.106000
-23.116000
-16.080000
-12.060000
-6.030200
-4.020100
-9.045200
-13.065000
-14.070000
-11.055000
-2.010100
-3.015100
-9.045200
-16.080000
-17.085000
-13.065000
-10.050000
-10.050000
-1.005000
4.020100
2.010100
-5.025100
-14.070000
-13.065000
-10.050000
-9.045200
-14.070000
-22.111000
-29.146000
-32.161000
-30.151000
-22.111000
-13.065000
-9.045200
-6.030200
-8.040200
-12.060000
-8.040200
3.015100
-8.040200
-12.060000
-10.050000
-16.080000
-13.065000
-17.085000
-22.111000
-21.106000
-12.060000
-12.060000
-16.080000
-18.090000
-12.060000
-3.015100
3.015100
7.035200
10.050000
8.040200
2.010100
-9.045200
-19.095000
-20.101000
-13.065000
-6.030200
-9.045200
-19.095000
-22.111000
-17.085000
-9.045200
-2.010100
2.010100
-5.025100
-12.060000
-16.080000
-14.070000
-9.045200
-7.035200
2.010100
10.050000
6.030200
6.030200
14.070000
16.080000
10.050000
5.025100
2.010100
-5.025100
-13.065000
-14.070000
-10.050000
-7.035200
-1.005000
-2.010100
-7.035200
-8.040200
-7.035200
-2.010100
4.020100
5.025100
12.060000
14.070000
12.060000
11.055000
12.060000
19.095000
24.121000
24.121000
24.121000
24.121000
18.090000
9.045200
6.030200
2.010100
3.015100
8.040200
10.050000
4.020100
-5.025100
-9.045200
-6.030200
2.010100
12.060000
17.085000
8.040200
-8.040200
-21.106000
-25.126000
-18.090000
-11.055000
-8.040200
-9.045200
-15.075000
-16.080000
-11.055000
-5.025100
1.005000
6.030200
6.030200
-1.005000
-13.065000
-23.116000
-30.151000
-29.146000
-24.121000
-17.085000
-9.045200
-7.035200
-4.020100
-4.020100
-3.015100
-2.010100
0.000000
1.005000
4.020100
2.010100
-5.025100
-12.060000
-12.060000
-6.030200
1.005000
9.045200
16.080000
15.075000
9.045200
4.020100
5.025100
7.035200
14.070000
17.085000
10.050000
0.000000
-7.035200
-10.050000
-9.045200
-2.010100
10.050000
-1.005000
-8.040200
-8.040200
-9.045200
-4.020100
-1.005000
8.040200
10.050000
4.020100
-4.020100
-12.060000
-18.090000
-23.116000
-24.121000
-18.090000
-13.065000
-11.055000
-11.055000
-10.050000
-3.015100
5.025100
9.045200
7.035200
-2.010100
-13.065000
-18.090000
-12.060000
-4.020100
-1.005000
-3.015100
-4.020100
-2.010100
1.005000
6.030200
9.045200
11.055000
9.045200
-3.015100
-19.095000
-22.111000
-19.095000
-14.070000
-7.035200
1.005000
7.035200
2.010100
-7.035200
-11.055000
-12.060000
-8.040200
2.010100
7.035200
3.015100
-1.005000
-3.015100
-2.010100
4.020100
10.050000
13.065000
17.085000
13.065000
2.010100
-1.005000
-1.005000
6.030200
16.080000
14.070000
4.020100
-4.020100
-7.035200
-7.035200
-1.005000
8.040200
13.065000
12.060000
12.060000
11.055000
7.035200
-1.005000
-7.035200
-13.065000
-16.080000
-13.065000
-8.040200
-7.035200
-7.035200
-6.030200
-2.010100
7.035200
13.065000
11.055000
13.065000
13.065000
7.035200
-1.005000
-3.015100
-4.020100
-3.015100
0.000000
3.015100
6.030200
3.015100
-4.020100
-11.055000
-16.080000
-21.106000
-22.111000
-15.075000
-5.025100
1.005000
2.010100
2.010100
4.020100
8.040200
11.055000
11.055000
10.050000
5.025100
-2.010100
-4.020100
-3.015100
1.005000
8.040200
16.080000
18.090000
15.075000
15.075000
-1.005000
-5.025100
1.005000
1.005000
1.005000
-5.025100
-10.050000
-6.030200
2.010100
7.035200
9.045200
17.085000
21.106000
20.101000
22.111000
23.116000
22.111000
16.080000
7.035200
4.020100
6.030200
8.040200
15.075000
20.101000
26.131000
29.146000
28.141000
28.141000
25.126000
19.095000
8.040200
1.005000
-1.005000
1.005000
8.040200
17.085000
13.065000
3.015100
1.005000
0.000000
-1.005000
2.010100
1.005000
-3.015100
0.000000
4.020100
3.015100
-8.040200
-10.050000
-6.030200
-13.065000
-12.060000
-6.030200
-5.025100
-9.045200
-7.035200
-1.005000
7.035200
7.035200
0.000000
-8.040200
-12.060000
-8.040200
3.015100
6.030200
6.030200
5.025100
2.010100
8.040200
10.050000
9.045200
13.065000
18.090000
17.085000
13.065000
6.030200
1.005000
2.010100
4.020100
6.030200
6.030200
1.005000
-2.010100
7.035200
15.075000
18.090000
16.080000
10.050000
8.040200
13.065000
13.065000
9.045200
6.030200
6.030200
5.025100
6.030200
11.055000
10.050000
2.010100
-6.030200
-9.045200
-5.025100
3.015100
5.025100
8.040200
9.045200
9.045200
4.020100
1.005000
-4.020100
-9.045200
-6.030200
4.020100
13.065000
16.080000
15.075000
13.065000
8.040200
6.030200
6.030200
6.030200
5.025100
-2.010100
-7.035200
-6.030200
-2.010100
4.020100
5.025100
4.020100
6.030200
10.050000
14.070000
16.080000
17.085000
10.050000
3.015100
1.005000
-1.005000
4.020100
11.055000
13.065000
16.080000
17.085000
18.090000
15.075000
10.050000
2.010100
-5.025100
-5.025100
1.005000
6.030200
2.010100
-4.020100
1.005000
7.035200
10.050000
12.060000
13.065000
13.065000
12.060000
12.060000
12.060000
7.035200
1.005000
-1.005000
3.015100
6.030200
5.025100
2.010100
-1.005000
-3.015100
-6.030200
-5.025100
-3.015100
-5.025100
-7.035200
-7.035200
-5.025100
1.005000
8.040200
7.035200
2.010100
-3.015100
-2.010100
-3.015100
0.000000
-1.005000
-4.020100
-6.030200
-7.035200
-8.040200
-8.040200
-9.045200
-12.060000
-11.055000
-8.040200
-4.020100
-6.030200
-10.050000
-10.050000
-5.025100
1.005000
5.025100
9.045200
21.106000
8.040200
1.005000
13.065000
16.080000
12.060000
8.040200
4.020100
2.010100
4.020100
8.040200
6.030200
1.005000
-3.015100
0.000000
2.010100
0.000000
3.015100
3.015100
5.025100
5.025100
0.000000
2.010100
3.015100
2.010100
-1.005000
-4.020100
-8.040200
-7.035200
-4.020100
1.005000
0.000000
-6.030200
-12.060000
-10.050000
-1.005000
7.035200
9.045200
4.020100
-1.005000
-1.005000
8.040200
6.030200
-1.005000
-8.040200
-6.030200
-4.020100
-1.005000
1.005000
1.005000
-4.020100
-12.060000
-16.080000
-13.065000
-8.040200
-1.005000
-1.005000
-10.050000
-20.101000
-22.111000
-17.085000
-13.065000
-14.070000
-13.065000
-9.045200
-7.035200
-4.020100
-2.010100
-3.015100
-1.005000
0.000000
-7.035200
-11.055000
-11.055000
-12.060000
-12.060000
-7.035200
0.000000
5.025100
1.005000
-1.005000
-5.025100
-8.040200
-5.025100
-3.015100
-7.035200
-13.065000
-11.055000
-8.040200
-12.060000
-13.065000
-18.090000
-18.090000
-17.085000
-14.070000
-11.055000
-11.055000
-8.040200
-3.015100
2.010100
3.015100
0.000000
2.010100
9.045200
15.075000
22.111000
23.116000
23.116000
19.095000
16.080000
17.085000
22.111000
24.121000
16.080000
8.040200
2.010100
2.010100
12.060000
19.095000
20.101000
22.111000
23.116000
20.101000
16.080000
16.080000
17.085000
17.085000
13.065000
8.040200
5.025100
3.015100
9.045200
15.075000
23.116000
30.151000
24.121000
5.025100
-11.055000
-14.070000
-8.040200
7.035200
12.060000
9.045200
4.020100
3.015100
4.020100
7.035200
6.030200
-2.010100
-8.040200
-5.025100
-2.010100
6.030200
13.065000
11.055000
11.055000
11.055000
12.060000
16.080000
21.106000
26.131000
23.116000
18.090000
13.065000
6.030200
6.030200
14.070000
21.106000
26.131000
23.116000
18.090000
11.055000
8.040200
9.045200
5.025100
3.015100
4.020100
3.015100
0.000000
-1.005000
0.000000
4.020100
10.050000
13.065000
6.030200
-3.015100
-12.060000
-15.075000
-14.070000
-11.055000
-10.050000
-10.050000
-11.055000
-14.070000
-16.080000
-18.090000
-20.101000
-17.085000
-11.055000
-4.020100
-5.025100
-9.045200
-18.090000
-22.111000
-23.116000
-21.106000
-21.106000
-23.116000
-26.131000
-24.121000
-20.101000
-15.075000
-16.080000
-13.065000
-2.010100
-6.030200
-10.050000
-10.050000
-10.050000
-13.065000
-12.060000
-12.060000
-8.040200
-10.050000
-12.060000
-13.065000
-16.080000
-11.055000
2.010100
9.045200
10.050000
8.040200
1.005000
-5.025100
-6.030200
-1.005000
8.040200
13.065000
11.055000
6.030200
0.000000
-6.030200
-11.055000
-10.050000
-11.055000
-8.040200
-1.005000
6.030200
12.060000
5.025100
-6.030200
-11.055000
-16.080000
-13.065000
-9.045200
-8.040200
-10.050000
-12.060000
-12.060000
-7.035200
0.000000
3.015100
4.020100
3.015100
2.010100
4.020100
0.000000
-2.010100
-1.005000
2.010100
6.030200
11.055000
11.055000
9.045200
9.045200
6.030200
3.015100
5.025100
11.055000
7.035200
-1.005000
-6.030200
-4.020100
3.015100
11.055000
11.055000
6.030200
4.020100
2.010100
-2.010100
-4.020100
-5.025100
-7.035200
-4.020100
11.055000
9.045200
6.030200
8.040200
-4.020100
-13.065000
-18.090000
-13.065000
-10.050000
-9.045200
-12.060000
-17.085000
-18.090000
-10.050000
0.000000
6.030200
2.010100
-5.025100
-13.065000
-16.080000
-13.065000
-11.055000
-6.030200
-4.020100
-8.040200
-9.045200
-8.040200
-7.035200
-3.015100
5.025100
7.035200
2.010100
-2.010100
-5.025100
-3.015100
-1.005000
-4.020100
-10.050000
-10.050000
-4.020100
-1.005000
-1.005000
-6.030200
-9.045200
-6.030200
-3.015100
-4.020100
-7.035200
-9.045200
-20.101000
-20.101000
-13.065000
-12.060000
-5.025100
-2.010100
-1.005000
-4.020100
-1.005000
4.020100
11.055000
10.050000
9.045200
11.055000
17.085000
24.121000
27.136000
22.111000
17.085000
16.080000
24.121000
23.116000
8.040200
-5.025100
-3.015100
8.040200
13.065000
16.080000
14.070000
12.060000
9.045200
1.005000
-3.015100
5.025100
8.040200
2.010100
-6.030200
-10.050000
-10.050000
-8.040200
-8.040200
-4.020100
-4.020100
-9.045200
-12.060000
-5.025100
1.005000
1.005000
-1.005000
-2.010100
-1.005000
-1.005000
-2.010100
-8.040200
-14.070000
-13.065000
-9.045200
-6.030200
0.000000
3.015100
0.000000
-3.015100
0.000000
1.005000
2.010100
7.035200
9.045200
6.030200
3.015100
-1.005000
-5.025100
1.005000
7.035200
6.030200
0.000000
-6.030200
-15.075000
-16.080000
-8.040200
0.000000
5.025100
9.045200
11.055000
6.030200
-2.010100
-11.055000
-13.065000
-3.015100
9.045200
13.065000
9.045200
-2.010100
-10.050000
-6.030200
4.020100
8.040200
5.025100
-2.010100
-9.045200
-20.101000
-32.161000
-36.181000
-31.156000
-25.126000
-15.075000
-3.015100
-1.005000
-3.015100
-2.010100
1.005000
6.030200
8.040200
6.030200
2.010100
-6.030200
-15.075000
-18.090000
-14.070000
-3.015100
6.030200
11.055000
8.040200
7.035200
9.045200
14.070000
21.106000
18.090000
4.020100
-1.005000
-3.015100
-4.020100
