-13.266000
-15.296000
-19.357000
-22.403000
-24.433000
-24.433000
-24.433000
-25.448000
-26.464000
-26.464000
-25.448000
-27.479000
-27.479000
-32.555000
-35.601000
-27.479000
-18.342000
-16.311000
-17.327000
-18.342000
-18.342000
-14.281000
-14.281000
-18.342000
-18.342000
-9.204700
0.947550
3.993200
0.947550
-8.189500
-12.250000
-15.296000
-16.311000
-17.327000
-14.281000
-11.235000
-12.250000
-18.342000
-20.372000
-18.342000
-13.266000
-11.235000
-12.250000
-14.281000
-18.342000
-20.372000
-15.296000
-12.250000
-4.128600
1.962800
0.947550
-2.098100
-6.159100
-3.113400
6.023700
5.008500
-4.128600
-14.281000
-19.357000
-16.311000
-12.250000
-10.220000
0.947550
5.008500
2.978000
0.947550
-5.143800
-7.174300
-7.174300
-7.174300
-9.204700
-15.296000
-22.403000
-28.494000
-31.540000
-19.357000
-4.128600
-1.082900
-5.143800
-14.281000
-19.357000
-12.250000
3.993200
-3.113400
-7.174300
-9.204700
-20.372000
-18.342000
-21.387000
-23.418000
-23.418000
-19.357000
-18.342000
-18.342000
-16.311000
-15.296000
-14.281000
-11.235000
-4.128600
1.962800
2.978000
-2.098100
-13.266000
-20.372000
-18.342000
-13.266000
-13.266000
-24.433000
-37.631000
-38.646000
-28.494000
-16.311000
-7.174300
-5.143800
-12.250000
-16.311000
-14.281000
-8.189500
-1.082900
0.947550
7.038900
9.069400
3.993200
1.962800
6.023700
3.993200
-3.113400
-6.159100
-4.128600
-10.220000
-19.357000
-19.357000
-14.281000
-9.204700
-2.098100
-3.113400
-7.174300
-6.159100
-4.128600
0.947550
6.023700
8.054100
11.100000
8.054100
5.008500
3.993200
3.993200
6.023700
8.054100
9.069400
12.115000
14.146000
11.100000
7.038900
8.054100
8.054100
12.115000
15.161000
15.161000
11.100000
3.993200
1.962800
1.962800
6.023700
13.130000
16.176000
8.054100
-2.098100
-9.204700
-11.235000
-8.189500
-8.189500
-7.174300
-8.189500
-13.266000
-11.235000
-4.128600
-1.082900
0.947550
1.962800
2.978000
-1.082900
-10.220000
-16.311000
-14.281000
-10.220000
-12.250000
-15.296000
-14.281000
-13.266000
-8.189500
-9.204700
-9.204700
-8.189500
-4.128600
-2.098100
1.962800
-0.067680
-4.128600
-3.113400
2.978000
11.100000
11.100000
12.115000
17.191000
19.222000
13.130000
2.978000
-7.174300
-7.174300
3.993200
12.115000
11.100000
5.008500
0.947550
0.947550
-0.067680
0.947550
12.115000
5.008500
0.947550
0.947550
-3.113400
-1.082900
-0.067680
8.054100
11.100000
5.008500
-4.128600
-12.250000
-16.311000
-21.387000
-25.448000
-23.418000
-19.357000
-14.281000
-11.235000
-12.250000
-9.204700
-3.113400
2.978000
5.008500
-0.067680
-7.174300
-9.204700
-1.082900
6.023700
6.023700
3.993200
0.947550
3.993200
8.054100
11.100000
9.069400
6.023700
3.993200
-2.098100
-11.235000
-14.281000
-15.296000
-13.266000
-7.174300
-1.082900
1.962800
-2.098100
-7.174300
-6.159100
-7.174300
-6.159100
-4.128600
-3.113400
-4.128600
-2.098100
0.947550
-1.082900
-1.082900
0.947550
6.023700
15.161000
13.130000
-1.082900
-9.204700
-9.204700
-1.082900
6.023700
-1.082900
-13.266000
-17.327000
-15.296000
-9.204700
-0.067680
6.023700
9.069400
8.054100
6.023700
5.008500
0.947550
-4.128600
-5.143800
-6.159100
-7.174300
-8.189500
-8.189500
-12.250000
-17.327000
-14.281000
-10.220000
-4.128600
-1.082900
-1.082900
5.008500
11.100000
11.100000
7.038900
3.993200
1.962800
0.947550
0.947550
1.962800
2.978000
2.978000
-1.082900
-6.159100
-11.235000
-19.357000
-19.357000
-11.235000
-1.082900
6.023700
6.023700
0.947550
-4.128600
-3.113400
1.962800
11.100000
18.206000
16.176000
9.069400
1.962800
-2.098100
-1.082900
7.038900
16.176000
14.146000
9.069400
11.100000
-1.082900
-2.098100
3.993200
2.978000
3.993200
-3.113400
-8.189500
-5.143800
-0.067680
5.008500
7.038900
15.161000
20.237000
19.222000
19.222000
22.267000
23.283000
18.206000
10.085000
7.038900
8.054100
10.085000
14.146000
14.146000
17.191000
19.222000
20.237000
22.267000
24.298000
19.222000
10.085000
5.008500
2.978000
3.993200
6.023700
11.100000
9.069400
3.993200
8.054100
8.054100
2.978000
5.008500
5.008500
2.978000
8.054100
12.115000
9.069400
-4.128600
-11.235000
-12.250000
-17.327000
-13.266000
-7.174300
-11.235000
-21.387000
-22.403000
-13.266000
-3.113400
-0.067680
-5.143800
-12.250000
-15.296000
-8.189500
1.962800
1.962800
1.962800
5.008500
7.038900
16.176000
14.146000
7.038900
8.054100
14.146000
13.130000
10.085000
1.962800
-6.159100
-4.128600
-1.082900
-0.067680
-0.067680
-6.159100
-9.204700
0.947550
10.085000
14.146000
13.130000
9.069400
7.038900
12.115000
15.161000
13.130000
10.085000
7.038900
3.993200
5.008500
10.085000
9.069400
1.962800
-5.143800
-6.159100
-4.128600
2.978000
1.962800
1.962800
5.008500
10.085000
7.038900
3.993200
-0.067680
-3.113400
-2.098100
5.008500
12.115000
13.130000
10.085000
6.023700
2.978000
3.993200
7.038900
9.069400
10.085000
5.008500
0.947550
2.978000
7.038900
12.115000
12.115000
11.100000
11.100000
17.191000
23.283000
25.313000
24.298000
17.191000
7.038900
5.008500
3.993200
7.038900
12.115000
12.115000
11.100000
12.115000
15.161000
13.130000
9.069400
2.978000
-3.113400
-2.098100
3.993200
10.085000
8.054100
2.978000
7.038900
8.054100
7.038900
11.100000
13.130000
14.146000
14.146000
13.130000
13.130000
11.100000
9.069400
8.054100
10.085000
9.069400
-0.067680
-6.159100
-7.174300
-4.128600
-4.128600
-3.113400
-1.082900
-3.113400
-1.082900
0.947550
-0.067680
0.947550
5.008500
6.023700
5.008500
5.008500
6.023700
5.008500
9.069400
9.069400
3.993200
-2.098100
-4.128600
-4.128600
-3.113400
-2.098100
-5.143800
-4.128600
-0.067680
0.947550
-1.082900
-4.128600
-4.128600
-0.067680
6.023700
8.054100
12.115000
23.283000
10.085000
-0.067680
11.100000
13.130000
8.054100
6.023700
3.993200
3.993200
7.038900
12.115000
10.085000
6.023700
2.978000
5.008500
5.008500
3.993200
9.069400
11.100000
11.100000
10.085000
1.962800
1.962800
0.947550
-1.082900
-8.189500
-12.250000
-14.281000
-11.235000
-6.159100
-0.067680
-0.067680
-5.143800
-14.281000
-17.327000
-12.250000
-6.159100
-2.098100
-4.128600
-6.159100
-5.143800
3.993200
-1.082900
-11.235000
-18.342000
-17.327000
-15.296000
-9.204700
-3.113400
-3.113400
-9.204700
-18.342000
-23.418000
-19.357000
-9.204700
0.947550
1.962800
-8.189500
-18.342000
-20.372000
-16.311000
-12.250000
-12.250000
-9.204700
-5.143800
-4.128600
-1.082900
0.947550
-2.098100
-4.128600
-5.143800
-7.174300
-5.143800
-3.113400
-5.143800
-7.174300
-3.113400
0.947550
2.978000
-1.082900
-2.098100
-5.143800
-3.113400
2.978000
3.993200
-1.082900
-8.189500
-6.159100
-3.113400
-6.159100
-7.174300
-12.250000
-15.296000
-16.311000
-14.281000
-9.204700
-6.159100
-1.082900
1.962800
2.978000
1.962800
-1.082900
1.962800
9.069400
14.146000
19.222000
19.222000
18.206000
13.130000
11.100000
12.115000
15.161000
20.237000
16.176000
9.069400
0.947550
0.947550
12.115000
17.191000
16.176000
19.222000
20.237000
13.130000
5.008500
2.978000
6.023700
8.054100
8.054100
3.993200
-0.067680
-3.113400
2.978000
9.069400
12.115000
17.191000
17.191000
5.008500
-8.189500
-9.204700
-6.159100
0.947550
7.038900
8.054100
5.008500
2.978000
5.008500
9.069400
10.085000
6.023700
5.008500
9.069400
3.993200
2.978000
6.023700
9.069400
15.161000
15.161000
10.085000
5.008500
6.023700
16.176000
19.222000
18.206000
14.146000
8.054100
3.993200
5.008500
10.085000
17.191000
18.206000
16.176000
10.085000
9.069400
9.069400
8.054100
7.038900
9.069400
9.069400
9.069400
9.069400
6.023700
-1.082900
-1.082900
2.978000
1.962800
-1.082900
-6.159100
-10.220000
-12.250000
-10.220000
-7.174300
-5.143800
-5.143800
-7.174300
-9.204700
-11.235000
-13.266000
-14.281000
-13.266000
-9.204700
-7.174300
-5.143800
-8.189500
-9.204700
-9.204700
-7.174300
-6.159100
-10.220000
-14.281000
-12.250000
-8.189500
-9.204700
-18.342000
-21.387000
-10.220000
-9.204700
-10.220000
-12.250000
-13.266000
-12.250000
-9.204700
-10.220000
-8.189500
-8.189500
-6.159100
-7.174300
-13.266000
-15.296000
-8.189500
-2.098100
2.978000
8.054100
3.993200
-2.098100
-3.113400
-1.082900
1.962800
3.993200
2.978000
0.947550
-4.128600
-10.220000
-14.281000
-11.235000
-9.204700
-2.098100
7.038900
11.100000
12.115000
0.947550
-8.189500
-10.220000
-11.235000
-9.204700
-9.204700
-9.204700
-7.174300
-5.143800
-5.143800
-2.098100
1.962800
6.023700
8.054100
11.100000
10.085000
8.054100
-1.082900
-6.159100
-3.113400
1.962800
6.023700
7.038900
1.962800
-3.113400
-4.128600
-5.143800
-2.098100
2.978000
7.038900
0.947550
-2.098100
-1.082900
2.978000
6.023700
10.085000
7.038900
-0.067680
-3.113400
-3.113400
-4.128600
-2.098100
-1.082900
-4.128600
-0.067680
12.115000
6.023700
-1.082900
-1.082900
-10.220000
-15.296000
-17.327000
-12.250000
-10.220000
-9.204700
-12.250000
-15.296000
-10.220000
0.947550
10.085000
10.085000
2.978000
-3.113400
-7.174300
-7.174300
-6.159100
-8.189500
-5.143800
-2.098100
-3.113400
-3.113400
-6.159100
-11.235000
-10.220000
-0.067680
6.023700
5.008500
-0.067680
-6.159100
-7.174300
-6.159100
-6.159100
-11.235000
-11.235000
-6.159100
-0.067680
1.962800
-2.098100
-4.128600
-3.113400
-3.113400
-6.159100
-10.220000
-8.189500
-15.296000
-13.266000
-10.220000
-15.296000
-12.250000
-8.189500
-4.128600
-3.113400
-2.098100
-0.067680
7.038900
11.100000
16.176000
21.252000
24.298000
26.328000
25.313000
22.267000
18.206000
17.191000
21.252000
21.252000
9.069400
-1.082900
-1.082900
6.023700
10.085000
14.146000
14.146000
13.130000
11.100000
5.008500
-2.098100
2.978000
7.038900
0.947550
-9.204700
-15.296000
-14.281000
-10.220000
-10.220000
-6.159100
-6.159100
-12.250000
-17.327000
-12.250000
-4.128600
-0.067680
0.947550
-2.098100
-5.143800
-9.204700
-11.235000
-12.250000
-15.296000
-16.311000
-13.266000
-10.220000
-5.143800
-2.098100
-6.159100
-11.235000
-7.174300
-3.113400
0.947550
10.085000
11.100000
9.069400
9.069400
2.978000
-7.174300
-5.143800
0.947550
6.023700
7.038900
6.023700
-6.159100
-14.281000
-9.204700
2.978000
13.130000
18.206000
17.191000
9.069400
1.962800
-5.143800
-6.159100
1.962800
10.085000
11.100000
12.115000
3.993200
-9.204700
-10.220000
-3.113400
2.978000
5.008500
1.962800
-0.067680
-7.174300
-14.281000
-16.311000
-15.296000
-13.266000
-7.174300
1.962800
-0.067680
-6.159100
-6.159100
-0.067680
12.115000
16.176000
14.146000
8.054100
-1.082900
-10.220000
-13.266000
-16.311000
-13.266000
-5.143800
-1.082900
-0.067680
5.008500
11.100000
17.191000
23.283000
22.267000
10.085000
9.069400
12.115000
11.100000
