-8.025900
-3.171500
-2.200600
-1.229800
-2.200600
-2.200600
-1.229800
-5.113300
-1.229800
1.682800
-5.113300
-7.055000
-2.200600
-0.258900
0.711970
4.595500
10.421000
18.188000
16.246000
10.421000
9.449800
9.449800
1.682800
-7.055000
-9.967600
-14.822000
-14.822000
-8.025900
-2.200600
-0.258900
2.653700
8.479000
12.362000
15.275000
21.100000
24.983999
18.188000
10.421000
-5.113300
-18.705999
-12.880000
-5.113300
-3.171500
-6.084100
-14.822000
-11.909000
-0.258900
12.362000
14.304000
5.566300
1.682800
-7.055000
-10.939000
-14.822000
-20.646999
-17.735001
-11.909000
-8.025900
1.682800
17.216999
19.159000
11.392000
2.653700
-13.851000
-21.618000
-16.764000
-13.851000
-12.880000
-16.764000
-22.589001
-16.764000
-8.996800
-2.200600
7.508100
11.392000
14.304000
14.304000
4.595500
-4.142400
-8.025900
-13.851000
-16.764000
-13.851000
-9.967600
-0.258900
5.566300
0.711970
-6.084100
-7.055000
-0.258900
5.566300
3.624600
0.711970
-2.200600
-3.171500
-1.229800
6.537200
13.333000
14.304000
6.537200
-3.171500
-14.822000
-17.735001
-18.705999
-13.851000
-12.880000
-6.084100
8.479000
20.129000
23.042000
23.042000
24.013000
21.100000
20.129000
17.216999
11.392000
4.595500
-8.996800
-15.793000
-13.851000
-8.996800
1.682800
20.129000
32.750999
37.605000
29.837999
18.188000
17.216999
12.362000
3.624600
-2.200600
-6.084100
-9.967600
-3.171500
8.479000
13.333000
19.159000
23.042000
24.013000
21.100000
18.188000
19.159000
14.304000
2.653700
0.711970
1.682800
-2.200600
-6.084100
-9.967600
-10.939000
-3.171500
8.479000
18.188000
17.216999
12.362000
13.333000
4.595500
-11.909000
-26.472000
-32.298000
-25.502001
-23.559999
-31.327000
-30.356001
-25.502001
-21.618000
-12.880000
-5.113300
3.624600
9.449800
2.653700
8.479000
10.421000
-5.113300
-17.735001
-24.531000
-29.385000
-30.356001
-29.385000
-27.443001
-17.735001
0.711970
10.421000
7.508100
7.508100
11.392000
12.362000
12.362000
15.275000
15.275000
8.479000
3.624600
4.595500
4.595500
-1.229800
-8.025900
-12.880000
-15.793000
-17.735001
-18.705999
-7.055000
1.682800
4.595500
8.479000
12.362000
10.421000
8.479000
0.711970
-12.880000
-21.618000
-29.385000
-30.356001
-18.705999
-7.055000
3.624600
14.304000
21.100000
24.983999
21.100000
20.129000
19.159000
18.188000
6.537200
-2.200600
-4.142400
-5.113300
-8.025900
-12.880000
-12.880000
-1.229800
0.711970
-6.084100
-5.113300
-3.171500
-5.113300
-3.171500
-5.113300
-8.996800
-6.084100
-3.171500
6.537200
11.392000
8.479000
4.595500
-6.084100
-3.171500
1.682800
5.566300
11.392000
14.304000
18.188000
22.070999
26.926001
32.750999
32.750999
18.188000
-2.200600
-19.676001
-29.385000
-26.472000
-18.705999
-7.055000
1.682800
2.653700
8.479000
10.421000
7.508100
17.216999
23.042000
11.392000
0.711970
-3.171500
-5.113300
-13.851000
-21.618000
-21.618000
-12.880000
-5.113300
-0.258900
-1.229800
-0.258900
2.653700
1.682800
1.682800
3.624600
6.537200
12.362000
8.479000
-0.258900
0.711970
7.508100
-1.229800
-12.880000
-16.764000
-15.793000
-8.996800
-2.200600
2.653700
6.537200
0.711970
-1.229800
3.624600
4.595500
-3.171500
-14.822000
-16.764000
-20.646999
-20.646999
-14.822000
-14.822000
-8.025900
1.682800
8.479000
9.449800
11.392000
18.188000
10.421000
4.595500
1.682800
1.682800
3.624600
2.653700
2.653700
3.624600
3.624600
1.682800
-2.200600
0.711970
8.479000
7.508100
10.421000
5.566300
0.711970
-0.258900
-3.171500
-1.229800
-1.229800
5.566300
9.449800
-0.258900
-1.229800
-2.200600
-4.142400
-2.200600
0.711970
-6.084100
-11.909000
-12.880000
-14.822000
-12.880000
-6.084100
-4.142400
-4.142400
0.711970
1.682800
-3.171500
8.479000
14.304000
12.362000
11.392000
6.537200
2.653700
-2.200600
-10.939000
-10.939000
-13.851000
-14.822000
-8.025900
-3.171500
2.653700
3.624600
0.711970
5.566300
15.275000
19.159000
13.333000
4.595500
-1.229800
-5.113300
-10.939000
-13.851000
-21.618000
-22.589001
-20.646999
-17.735001
-1.229800
13.333000
15.275000
19.159000
17.216999
5.566300
-4.142400
-11.909000
-15.793000
-16.764000
-14.822000
-5.113300
1.682800
4.595500
4.595500
6.537200
8.479000
5.566300
6.537200
8.479000
14.304000
14.304000
8.479000
-0.258900
-1.229800
-1.229800
-7.055000
-11.909000
-7.055000
1.682800
2.653700
-2.200600
-2.200600
-3.171500
1.682800
13.333000
23.042000
24.013000
15.275000
6.537200
-3.171500
-9.967600
-18.705999
-18.705999
-8.025900
4.595500
5.566300
5.566300
5.566300
6.537200
7.508100
12.362000
14.304000
12.362000
5.566300
-7.055000
-17.735001
-20.646999
-17.735001
-10.939000
-5.113300
2.653700
5.566300
6.537200
8.479000
13.333000
9.449800
0.711970
-4.142400
-3.171500
-9.967600
-13.851000
-14.822000
-17.735001
-17.735001
-10.939000
-4.142400
14.304000
33.722000
37.605000
28.867001
9.449800
-0.258900
-5.113300
-10.939000
-13.851000
-20.646999
-20.646999
-16.764000
-10.939000
-4.142400
-0.258900
10.421000
19.159000
17.216999
16.246000
13.333000
3.624600
-3.171500
-9.967600
-19.676001
-17.735001
-10.939000
-6.084100
0.711970
4.595500
8.479000
13.333000
17.216999
21.100000
19.159000
13.333000
5.566300
-4.142400
-13.851000
-11.909000
-8.996800
-3.171500
3.624600
6.537200
9.449800
17.216999
24.983999
31.780001
27.896000
18.188000
17.216999
14.304000
3.624600
-11.909000
-19.676001
-13.851000
-8.996800
-6.084100
-7.055000
-6.084100
1.682800
8.479000
9.449800
6.537200
6.537200
3.624600
-2.200600
-11.909000
-11.909000
-4.142400
-2.200600
-0.258900
-5.113300
-6.084100
-1.229800
1.682800
3.624600
-1.229800
1.682800
8.479000
7.508100
8.479000
11.392000
8.479000
-1.229800
-5.113300
-9.967600
-11.909000
-16.764000
-23.559999
-26.472000
-20.646999
-8.996800
-4.142400
-3.171500
-1.229800
5.566300
7.508100
6.537200
3.624600
-1.229800
-6.084100
-6.084100
-8.025900
-15.793000
-19.676001
-13.851000
-3.171500
3.624600
8.479000
13.333000
21.100000
25.955000
23.042000
17.216999
9.449800
5.566300
-1.229800
-7.055000
-13.851000
-11.909000
-8.996800
-0.258900
11.392000
21.100000
25.955000
22.070999
7.508100
-5.113300
-18.705999
-21.618000
-22.589001
-18.705999
-16.764000
-12.880000
-8.025900
1.682800
6.537200
0.711970
-8.996800
-6.084100
0.711970
6.537200
2.653700
-2.200600
-1.229800
-3.171500
-3.171500
-1.229800
-1.229800
-1.229800
-1.229800
-0.258900
1.682800
-0.258900
2.653700
-2.200600
-5.113300
-3.171500
1.682800
0.711970
-0.258900
0.711970
-2.200600
-5.113300
-14.822000
-12.880000
-2.200600
2.653700
7.508100
12.362000
18.188000
23.042000
26.926001
20.129000
12.362000
12.362000
-0.258900
-12.880000
-13.851000
-13.851000
-12.880000
-17.735001
-14.822000
-5.113300
-2.200600
-2.200600
0.711970
2.653700
6.537200
10.421000
15.275000
21.100000
21.100000
3.624600
-18.705999
-29.385000
-26.472000
-18.705999
-8.996800
-3.171500
2.653700
4.595500
3.624600
3.624600
2.653700
0.711970
-1.229800
-1.229800
-6.084100
-2.200600
3.624600
0.711970
1.682800
8.479000
7.508100
7.508100
7.508100
3.624600
2.653700
1.682800
0.711970
-4.142400
-9.967600
-9.967600
-10.939000
-10.939000
-8.025900
-8.025900
-8.996800
-11.909000
-10.939000
-0.258900
3.624600
4.595500
4.595500
1.682800
0.711970
-2.200600
-9.967600
-9.967600
-4.142400
-1.229800
-0.258900
-4.142400
-8.025900
-8.025900
-8.996800
-3.171500
10.421000
22.070999
26.926001
22.070999
12.362000
3.624600
-2.200600
-8.996800
-12.880000
-14.822000
-11.909000
-12.880000
-15.793000
-14.822000
-10.939000
-4.142400
7.508100
18.188000
21.100000
9.449800
0.711970
1.682800
-2.200600
-9.967600
-15.793000
-20.646999
-18.705999
-9.967600
3.624600
12.362000
21.100000
35.662998
36.633999
26.926001
23.042000
18.188000
24.983999
27.896000
25.955000
21.100000
15.275000
12.362000
9.449800
4.595500
4.595500
4.595500
1.682800
4.595500
1.682800
-6.084100
-16.764000
-20.646999
-13.851000
-2.200600
6.537200
9.449800
8.479000
6.537200
0.711970
-6.084100
2.653700
15.275000
13.333000
6.537200
-0.258900
-6.084100
-11.909000
-16.764000
-7.055000
-0.258900
1.682800
1.682800
0.711970
-0.258900
-5.113300
-10.939000
-16.764000
-20.646999
-19.676001
-15.793000
-17.735001
-18.705999
-18.705999
-15.793000
-8.996800
-4.142400
6.537200
9.449800
1.682800
-8.025900
-16.764000
-22.589001
-19.676001
-16.764000
-15.793000
-10.939000
7.508100
23.042000
28.867001
26.926001
26.926001
22.070999
15.275000
-1.229800
-16.764000
-19.676001
-11.909000
-4.142400
4.595500
10.421000
8.479000
-5.113300
-7.055000
-4.142400
-1.229800
6.537200
13.333000
19.159000
9.449800
-2.200600
-12.880000
-16.764000
-12.880000
-10.939000
-6.084100
3.624600
11.392000
9.449800
3.624600
4.595500
6.537200
7.508100
2.653700
-2.200600
-8.025900
-15.793000
-12.880000
-8.996800
-0.258900
2.653700
1.682800
3.624600
2.653700
-3.171500
-9.967600
-9.967600
-7.055000
5.566300
14.304000
7.508100
2.653700
-2.200600
-6.084100
-0.258900
8.479000
15.275000
19.159000
19.159000
13.333000
8.479000
4.595500
3.624600
-3.171500
-8.996800
-14.822000
-16.764000
-8.996800
-4.142400
3.624600
16.246000
23.042000
23.042000
20.129000
5.566300
-2.200600
-1.229800
-7.055000
-10.939000
-7.055000
-1.229800
0.711970
-0.258900
-1.229800
0.711970
6.537200
4.595500
-4.142400
-8.996800
-5.113300
2.653700
11.392000
14.304000
18.188000
14.304000
6.537200
1.682800
-6.084100
-12.880000
-15.793000
-12.880000
-11.909000
-15.793000
-15.793000
-8.996800
-3.171500
0.711970
5.566300
13.333000
19.159000
14.304000
7.508100
1.682800
-4.142400
-8.996800
-9.967600
-8.025900
-12.880000
-15.793000
-8.025900
2.653700
7.508100
9.449800
12.362000
8.479000
4.595500
-1.229800
-6.084100
-8.025900
-7.055000
-15.793000
-13.851000
-8.996800
-1.229800
5.566300
-2.200600
-6.084100
-5.113300
5.566300
14.304000
17.216999
16.246000
10.421000
-0.258900
-8.996800
-12.880000
-11.909000
-8.996800
-6.084100
-2.200600
3.624600
3.624600
7.508100
9.449800
4.595500
0.711970
1.682800
8.479000
16.246000
7.508100
2.653700
7.508100
6.537200
-3.171500
-10.939000
-12.880000
-8.025900
-4.142400
4.595500
11.392000
12.362000
7.508100
-1.229800
-10.939000
-7.055000
7.508100
13.333000
12.362000
11.392000
8.479000
1.682800
-8.025900
-6.084100
-2.200600
-0.258900
2.653700
4.595500
8.479000
6.537200
-3.171500
-3.171500
-0.258900
1.682800
9.449800
19.159000
16.246000
3.624600
-12.880000
-22.589001
-25.502001
-21.618000
-14.822000
-11.909000
-6.084100
1.682800
9.449800
18.188000
12.362000
9.449800
6.537200
-1.229800
-3.171500
-7.055000
-10.939000
-9.967600
