-13.270000
-11.374000
-8.530800
-4.739300
-2.843600
0.000000
8.530800
12.322000
12.322000
9.478700
1.895700
-5.687200
-7.582900
-9.478700
-13.270000
-15.166000
-13.270000
-7.582900
-1.895700
5.687200
14.218000
20.853001
18.009001
12.322000
2.843600
-9.478700
-18.957001
-17.062000
-11.374000
-5.687200
-2.843600
0.000000
3.791500
9.478700
14.218000
18.009001
18.009001
15.166000
11.374000
3.791500
-4.739300
-4.739300
-4.739300
-0.947870
4.739300
7.582900
-0.947870
-8.530800
-6.635100
-8.530800
-8.530800
-11.374000
-16.114000
-14.218000
-6.635100
0.000000
8.530800
11.374000
6.635100
3.791500
-1.895700
-3.791500
-6.635100
-9.478700
-6.635100
0.947870
8.530800
10.427000
8.530800
0.000000
-4.739300
-9.478700
-13.270000
-10.427000
-4.739300
0.000000
0.947870
4.739300
15.166000
28.436001
34.123001
25.591999
12.322000
1.895700
-4.739300
-16.114000
-25.591999
-32.227001
-37.915001
-36.019001
-23.697001
-5.687200
11.374000
25.591999
35.070999
33.174999
25.591999
15.166000
8.530800
0.947870
-5.687200
-6.635100
-6.635100
-7.582900
-9.478700
-11.374000
-9.478700
-7.582900
-4.739300
-0.947870
1.895700
3.791500
7.582900
9.478700
6.635100
4.739300
0.000000
-4.739300
-6.635100
-10.427000
-11.374000
-10.427000
-7.582900
-8.530800
-6.635100
4.739300
17.062000
28.436001
33.174999
33.174999
27.488001
17.062000
6.635100
1.895700
3.791500
4.739300
2.843600
2.843600
1.895700
-2.843600
-1.895700
3.791500
1.895700
-7.582900
-12.322000
-9.478700
-0.947870
4.739300
6.635100
8.530800
14.218000
17.062000
13.270000
5.687200
-4.739300
-17.062000
-28.436001
-36.019001
-36.966999
-28.436001
-12.322000
0.947870
11.374000
19.905001
19.905001
14.218000
4.739300
-1.895700
-6.635100
-16.114000
-23.697001
-26.540001
-31.280001
-20.853001
-6.635100
-1.895700
-1.895700
-1.895700
2.843600
6.635100
6.635100
5.687200
6.635100
1.895700
0.947870
5.687200
11.374000
16.114000
13.270000
13.270000
11.374000
5.687200
0.947870
0.947870
1.895700
3.791500
2.843600
-1.895700
-4.739300
-5.687200
-7.582900
-6.635100
-6.635100
-9.478700
-10.427000
-10.427000
-7.582900
-1.895700
-2.843600
-4.739300
-7.582900
-7.582900
-1.895700
11.374000
17.062000
18.009001
22.749001
22.749001
11.374000
-1.895700
-8.530800
-2.843600
3.791500
7.582900
6.635100
6.635100
4.739300
3.791500
-0.947870
-5.687200
-9.478700
-12.322000
-7.582900
-1.895700
0.000000
0.000000
-4.739300
-14.218000
-23.697001
-31.280001
-31.280001
-22.749001
-7.582900
4.739300
7.582900
8.530800
6.635100
7.582900
10.427000
11.374000
8.530800
0.947870
-7.582900
-11.374000
-10.427000
-7.582900
-6.635100
-3.791500
3.791500
11.374000
14.218000
10.427000
7.582900
4.739300
3.791500
1.895700
0.000000
0.947870
-0.947870
-1.895700
0.947870
3.791500
6.635100
3.791500
0.000000
-3.791500
-8.530800
-14.218000
-17.062000
-14.218000
-6.635100
4.739300
15.166000
23.697001
27.488001
25.591999
20.853001
14.218000
12.322000
5.687200
-5.687200
-23.697001
-34.123001
-32.227001
-17.062000
1.895700
17.062000
22.749001
21.801001
15.166000
5.687200
-4.739300
-11.374000
-12.322000
-12.322000
-9.478700
-7.582900
-3.791500
2.843600
4.739300
5.687200
8.530800
8.530800
5.687200
1.895700
-0.947870
-6.635100
-9.478700
-5.687200
0.000000
4.739300
6.635100
6.635100
-0.947870
-2.843600
-3.791500
-8.530800
-7.582900
-4.739300
-3.791500
2.843600
7.582900
9.478700
10.427000
10.427000
8.530800
1.895700
-3.791500
-7.582900
-12.322000
-12.322000
-13.270000
-13.270000
-6.635100
7.582900
16.114000
15.166000
9.478700
4.739300
-1.895700
-5.687200
-11.374000
-13.270000
-16.114000
-16.114000
-10.427000
5.687200
21.801001
30.332001
23.697001
13.270000
1.895700
-9.478700
-16.114000
-13.270000
-3.791500
3.791500
11.374000
15.166000
14.218000
9.478700
6.635100
4.739300
-1.895700
-5.687200
-5.687200
-3.791500
-3.791500
-1.895700
3.791500
3.791500
-3.791500
-11.374000
-18.009001
-17.062000
-13.270000
-13.270000
-18.957001
-18.957001
-11.374000
-0.947870
11.374000
16.114000
13.270000
3.791500
-5.687200
-7.582900
-7.582900
-11.374000
-17.062000
-15.166000
-6.635100
7.582900
19.905001
26.540001
29.384001
26.540001
16.114000
6.635100
-2.843600
-15.166000
-18.957001
-18.009001
-14.218000
-4.739300
3.791500
9.478700
18.009001
23.697001
22.749001
13.270000
-3.791500
-24.645000
-38.862999
-44.549999
-37.915001
-19.905001
-0.947870
19.905001
32.227001
36.966999
30.332001
18.957001
9.478700
3.791500
-1.895700
-5.687200
-8.530800
-13.270000
-15.166000
-6.635100
0.947870
2.843600
4.739300
0.000000
-7.582900
-7.582900
-5.687200
-7.582900
-9.478700
-9.478700
-1.895700
7.582900
12.322000
18.957001
20.853001
14.218000
4.739300
-0.947870
-8.530800
-16.114000
-13.270000
-2.843600
6.635100
16.114000
29.384001
36.966999
39.810001
37.915001
29.384001
16.114000
0.947870
-14.218000
-27.488001
-34.123001
-29.384001
-16.114000
-1.895700
9.478700
16.114000
19.905001
23.697001
20.853001
18.009001
11.374000
3.791500
-2.843600
-9.478700
-13.270000
-14.218000
-18.009001
-17.062000
-5.687200
6.635100
19.905001
27.488001
18.957001
7.582900
0.947870
-2.843600
-4.739300
-8.530800
-13.270000
-15.166000
-10.427000
0.947870
17.062000
30.332001
34.123001
26.540001
12.322000
0.947870
-5.687200
-15.166000
-25.591999
-28.436001
-23.697001
-19.905001
-10.427000
-0.947870
9.478700
18.957001
22.749001
21.801001
18.009001
13.270000
4.739300
-6.635100
-18.957001
-20.853001
-14.218000
-6.635100
0.000000
0.947870
-1.895700
-5.687200
-11.374000
-18.009001
-21.801001
-18.009001
-8.530800
1.895700
5.687200
3.791500
5.687200
7.582900
1.895700
-7.582900
-18.009001
-28.436001
-36.966999
-37.915001
-25.591999
-1.895700
22.749001
42.653999
47.393002
42.653999
30.332001
14.218000
-0.947870
-10.427000
-15.166000
-18.009001
-20.853001
-18.009001
-12.322000
2.843600
18.957001
24.645000
25.591999
22.749001
14.218000
5.687200
-0.947870
-6.635100
-7.582900
-1.895700
2.843600
8.530800
10.427000
18.009001
24.645000
24.645000
15.166000
3.791500
-9.478700
-18.957001
-19.905001
-16.114000
-12.322000
-9.478700
-4.739300
-1.895700
-0.947870
1.895700
0.947870
-1.895700
-3.791500
-3.791500
-2.843600
-5.687200
-3.791500
0.000000
1.895700
6.635100
10.427000
12.322000
13.270000
11.374000
5.687200
-4.739300
-15.166000
-13.270000
-8.530800
-3.791500
0.947870
3.791500
1.895700
-2.843600
-5.687200
-13.270000
-18.009001
-18.957001
-18.009001
-20.853001
-18.009001
-6.635100
7.582900
18.957001
25.591999
27.488001
20.853001
6.635100
-2.843600
-9.478700
-14.218000
-18.009001
-18.957001
-12.322000
0.000000
5.687200
4.739300
-0.947870
-4.739300
-0.947870
4.739300
6.635100
12.322000
18.009001
18.009001
18.957001
19.905001
18.009001
4.739300
-14.218000
-24.645000
-26.540001
-27.488001
-28.436001
-25.591999
-16.114000
-2.843600
6.635100
8.530800
10.427000
8.530800
6.635100
6.635100
0.947870
-12.322000
-15.166000
-12.322000
-7.582900
3.791500
10.427000
9.478700
10.427000
11.374000
9.478700
4.739300
3.791500
0.000000
-3.791500
-8.530800
-9.478700
-5.687200
0.000000
3.791500
2.843600
0.947870
0.000000
-3.791500
-6.635100
-12.322000
-19.905001
-24.645000
-24.645000
-7.582900
12.322000
24.645000
27.488001
20.853001
12.322000
3.791500
-3.791500
-5.687200
-5.687200
-8.530800
-9.478700
-3.791500
4.739300
17.062000
22.749001
22.749001
20.853001
11.374000
1.895700
-1.895700
-3.791500
-8.530800
-17.062000
-26.540001
-32.227001
-24.645000
-10.427000
8.530800
26.540001
36.019001
36.966999
32.227001
22.749001
9.478700
-1.895700
-8.530800
-16.114000
-21.801001
-20.853001
-17.062000
-8.530800
1.895700
17.062000
22.749001
19.905001
14.218000
3.791500
0.947870
-2.843600
0.947870
5.687200
7.582900
11.374000
12.322000
15.166000
15.166000
11.374000
1.895700
-8.530800
-16.114000
-21.801001
-25.591999
-25.591999
-20.853001
-13.270000
-5.687200
2.843600
16.114000
25.591999
26.540001
24.645000
21.801001
16.114000
1.895700
-12.322000
-23.697001
-29.384001
-25.591999
-16.114000
0.000000
8.530800
12.322000
13.270000
11.374000
6.635100
0.947870
-5.687200
-9.478700
-12.322000
-14.218000
-12.322000
-3.791500
1.895700
0.000000
0.947870
0.000000
0.000000
0.000000
-1.895700
-7.582900
-12.322000
-15.166000
-19.905001
-17.062000
-4.739300
0.947870
6.635100
13.270000
12.322000
12.322000
6.635100
1.895700
0.000000
0.000000
0.000000
3.791500
7.582900
11.374000
8.530800
0.947870
-3.791500
-1.895700
0.947870
1.895700
3.791500
6.635100
7.582900
8.530800
9.478700
3.791500
-5.687200
-10.427000
-10.427000
-13.270000
-17.062000
-21.801001
-26.540001
-20.853001
-6.635100
10.427000
21.801001
20.853001
20.853001
18.009001
14.218000
9.478700
3.791500
-3.791500
-6.635100
-2.843600
-5.687200
-5.687200
-0.947870
-0.947870
0.000000
2.843600
3.791500
5.687200
6.635100
5.687200
0.000000
-5.687200
-8.530800
-7.582900
-6.635100
-6.635100
-5.687200
-1.895700
4.739300
9.478700
11.374000
16.114000
15.166000
4.739300
-0.947870
-0.947870
-0.947870
-1.895700
-1.895700
1.895700
6.635100
8.530800
6.635100
3.791500
-1.895700
-7.582900
-4.739300
-0.947870
3.791500
5.687200
8.530800
9.478700
9.478700
9.478700
5.687200
3.791500
0.947870
-5.687200
-10.427000
-9.478700
-2.843600
5.687200
13.270000
16.114000
14.218000
9.478700
4.739300
0.000000
-8.530800
-16.114000
-17.062000
-11.374000
-2.843600
0.000000
5.687200
4.739300
1.895700
-1.895700
-8.530800
-11.374000
-13.270000
-15.166000
-11.374000
2.843600
12.322000
16.114000
18.957001
11.374000
-1.895700
-10.427000
-7.582900
-2.843600
1.895700
6.635100
4.739300
0.000000
-5.687200
-6.635100
-4.739300
-5.687200
-7.582900
-4.739300
0.947870
4.739300
3.791500
-0.947870
2.843600
7.582900
5.687200
0.947870
-2.843600
-6.635100
-4.739300
-4.739300
-4.739300
-3.791500
-0.947870
1.895700
3.791500
3.791500
2.843600
0.000000
0.947870
1.895700
2.843600
5.687200
5.687200
6.635100
13.270000
13.270000
10.427000
13.270000
8.530800
0.000000
-9.478700
-17.062000
-13.270000
-3.791500
3.791500
0.947870
1.895700
0.947870
-2.843600
-5.687200
-6.635100
-4.739300
-0.947870
1.895700
8.530800
11.374000
7.582900
2.843600
3.791500
-0.947870
-4.739300
-3.791500
-7.582900
-8.530800
-8.530800
-13.270000
-15.166000
-17.062000
-18.957001
-16.114000
0.000000
16.114000
18.957001
11.374000
0.947870
-6.635100
-14.218000
-18.009001
-18.009001
-9.478700
1.895700
9.478700
11.374000
10.427000
12.322000
11.374000
4.739300
-1.895700
-12.322000
-22.749001
-23.697001
