-2.934600
-2.934600
-1.020700
-0.063800
-9.633200
-6.762400
-9.633200
-11.547000
-4.848500
-0.063800
-0.063800
0.893140
-2.934600
-1.977700
-1.977700
-7.719300
-3.891500
2.807000
-1.020700
-5.805400
-1.977700
3.764000
0.893140
-1.020700
-8.676200
-1.977700
4.720900
-3.891500
-1.977700
3.764000
1.850100
3.764000
-14.418000
0.893140
9.505600
-1.020700
-0.063800
1.850100
-1.977700
-9.633200
-10.590000
-12.504000
-6.762400
-1.020700
-5.805400
-0.063800
1.850100
-1.020700
-1.020700
-6.762400
-4.848500
10.463000
13.333000
5.677800
8.548600
6.634800
2.807000
-1.020700
3.764000
4.720900
-2.934600
-0.063800
7.591700
4.720900
2.807000
6.634800
8.548600
7.591700
-1.977700
4.720900
8.548600
-2.934600
3.764000
8.548600
3.764000
2.807000
1.850100
-5.805400
-1.020700
10.463000
12.376000
10.463000
7.591700
11.419000
12.376000
12.376000
4.720900
10.463000
18.118000
12.376000
11.419000
4.720900
1.850100
5.677800
4.720900
8.548600
10.463000
4.720900
-0.063800
-4.848500
-1.977700
0.893140
-9.633200
-0.063800
5.677800
-4.848500
-0.063800
3.764000
-0.063800
-2.934600
-2.934600
-1.020700
-5.805400
-9.633200
6.634800
14.290000
10.463000
7.591700
7.591700
-0.063800
-1.020700
-9.633200
-1.977700
0.893140
-0.063800
-1.977700
0.893140
-1.020700
-9.633200
-7.719300
-13.461000
-2.934600
-2.934600
-4.848500
0.893140
1.850100
3.764000
2.807000
1.850100
-3.891500
-4.848500
11.419000
14.290000
7.591700
4.720900
0.893140
-1.977700
-8.676200
-0.063800
4.720900
0.893140
-1.977700
-1.977700
-1.977700
-1.020700
-1.977700
-1.977700
-10.590000
-7.719300
1.850100
-1.020700
-6.762400
-12.504000
-3.891500
2.807000
-1.020700
-10.590000
-1.020700
1.850100
-2.934600
-4.848500
-5.805400
-10.590000
-8.676200
-3.891500
-12.504000
-1.020700
6.634800
2.807000
-1.020700
-1.977700
-4.848500
-3.891500
-1.020700
-8.676200
0.893140
1.850100
-1.020700
2.807000
-2.934600
-1.977700
-3.891500
6.634800
-1.020700
-1.020700
2.807000
3.764000
6.634800
1.850100
-0.063800
-8.676200
-4.848500
3.764000
4.720900
-4.848500
-1.020700
3.764000
1.850100
-0.063800
-1.020700
-0.063800
2.807000
3.764000
7.591700
4.720900
9.505600
11.419000
-7.719300
5.677800
16.204000
4.720900
4.720900
4.720900
-4.848500
-0.063800
0.893140
8.548600
12.376000
4.720900
-2.934600
1.850100
6.634800
4.720900
-2.934600
-3.891500
5.677800
6.634800
2.807000
0.893140
-0.063800
1.850100
-6.762400
0.893140
4.720900
5.677800
2.807000
2.807000
-1.020700
-2.934600
-9.633200
-11.547000
1.850100
10.463000
5.677800
5.677800
-0.063800
2.807000
0.893140
-1.977700
7.591700
3.764000
4.720900
4.720900
-1.977700
2.807000
-9.633200
-7.719300
1.850100
-5.805400
-3.891500
-3.891500
-3.891500
-1.977700
-12.504000
-8.676200
-6.762400
-6.762400
-7.719300
-5.805400
-7.719300
-8.676200
-1.977700
-0.063800
-0.063800
-8.676200
-4.848500
-1.977700
-6.762400
-1.020700
-2.934600
-8.676200
2.807000
-1.020700
-6.762400
2.807000
4.720900
-0.063800
-3.891500
-3.891500
-11.547000
-14.418000
-0.063800
7.591700
4.720900
-1.977700
-0.063800
2.807000
-1.020700
5.677800
6.634800
6.634800
11.419000
0.893140
3.764000
0.893140
-9.633200
-1.020700
6.634800
0.893140
-6.762400
-1.020700
4.720900
-0.063800
13.333000
19.075001
9.505600
8.548600
6.634800
-3.891500
2.807000
1.850100
5.677800
14.290000
8.548600
0.893140
-0.063800
-10.590000
-1.977700
3.764000
-1.020700
-4.848500
-6.762400
-3.891500
-10.590000
3.764000
7.591700
-0.063800
-4.848500
-0.063800
-1.977700
-3.891500
-8.676200
4.720900
9.505600
0.893140
5.677800
5.677800
2.807000
0.893140
9.505600
2.807000
0.893140
-1.977700
-7.719300
-0.063800
2.807000
0.893140
1.850100
-1.020700
-1.977700
10.463000
14.290000
3.764000
2.807000
-5.805400
2.807000
15.247000
12.376000
8.548600
3.764000
-1.020700
1.850100
4.720900
2.807000
2.807000
1.850100
-7.719300
-7.719300
3.764000
12.376000
1.850100
5.677800
-1.020700
3.764000
6.634800
2.807000
0.893140
6.634800
6.634800
-0.063800
-3.891500
5.677800
8.548600
3.764000
1.850100
3.764000
2.807000
-4.848500
-1.977700
-3.891500
0.893140
-1.020700
-7.719300
-3.891500
-4.848500
-12.504000
-7.719300
-7.719300
-19.202999
-8.676200
-1.020700
-3.891500
-6.762400
-8.676200
-3.891500
-1.020700
-1.977700
-1.977700
-5.805400
-1.977700
-6.762400
2.807000
6.634800
1.850100
-1.020700
-7.719300
-2.934600
-4.848500
-12.504000
-1.977700
5.677800
-0.063800
-5.805400
-10.590000
-7.719300
-13.461000
-5.805400
-6.762400
-6.762400
0.893140
-1.020700
0.893140
-1.977700
1.850100
5.677800
-1.977700
0.893140
1.850100
-1.020700
-10.590000
2.807000
11.419000
5.677800
3.764000
3.764000
-0.063800
-3.891500
1.850100
9.505600
7.591700
0.893140
-6.762400
-0.063800
-0.063800
3.764000
7.591700
6.634800
10.463000
6.634800
1.850100
-2.934600
5.677800
6.634800
4.720900
13.333000
6.634800
2.807000
15.247000
16.204000
7.591700
4.720900
-8.676200
-0.063800
5.677800
4.720900
7.591700
6.634800
-2.934600
-0.063800
-4.848500
-6.762400
-0.063800
8.548600
8.548600
-1.020700
-3.891500
-5.805400
-14.418000
-7.719300
-4.848500
-1.020700
2.807000
-1.977700
-0.063800
-3.891500
-12.504000
-2.934600
4.720900
-4.848500
-0.063800
3.764000
2.807000
0.893140
6.634800
15.247000
11.419000
-0.063800
-1.020700
0.893140
1.850100
-12.504000
-6.762400
4.720900
3.764000
4.720900
-1.020700
-8.676200
-10.590000
-9.633200
2.807000
2.807000
3.764000
0.893140
-10.590000
-9.633200
-9.633200
2.807000
2.807000
-13.461000
-1.977700
3.764000
-1.977700
-6.762400
-5.805400
-13.461000
-1.020700
7.591700
-2.934600
-3.891500
2.807000
3.764000
-7.719300
-3.891500
3.764000
-0.063800
-3.891500
-2.934600
-6.762400
-1.020700
7.591700
6.634800
6.634800
2.807000
-2.934600
-0.063800
5.677800
-4.848500
-0.063800
6.634800
11.419000
6.634800
8.548600
7.591700
12.376000
8.548600
12.376000
13.333000
0.893140
-1.020700
1.850100
0.893140
4.720900
6.634800
-1.020700
3.764000
4.720900
-2.934600
-6.762400
0.893140
0.893140
-8.676200
-6.762400
4.720900
11.419000
1.850100
-1.977700
-4.848500
-3.891500
-12.504000
-1.977700
5.677800
5.677800
0.893140
-3.891500
2.807000
-0.063800
-1.020700
-5.805400
0.893140
11.419000
3.764000
-0.063800
5.677800
-0.063800
2.807000
-2.934600
1.850100
5.677800
10.463000
5.677800
4.720900
-1.977700
0.893140
-4.848500
-0.063800
7.591700
1.850100
-2.934600
-1.020700
2.807000
1.850100
-4.848500
-9.633200
-4.848500
8.548600
7.591700
6.634800
4.720900
1.850100
-9.633200
-0.063800
4.720900
-1.977700
0.893140
-1.020700
-3.891500
-0.063800
-6.762400
-1.020700
2.807000
-3.891500
1.850100
-1.020700
-3.891500
-3.891500
-14.418000
-5.805400
-2.934600
-6.762400
-4.848500
-7.719300
-8.676200
-12.504000
-8.676200
-1.020700
5.677800
1.850100
1.850100
0.893140
-2.934600
-2.934600
4.720900
1.850100
-2.934600
-3.891500
2.807000
-4.848500
3.764000
11.419000
12.376000
9.505600
1.850100
-0.063800
5.677800
-1.020700
-1.020700
0.893140
4.720900
5.677800
5.677800
-1.977700
-6.762400
-1.977700
4.720900
2.807000
0.893140
-3.891500
-0.063800
1.850100
-0.063800
-5.805400
-1.020700
3.764000
-3.891500
-0.063800
0.893140
-1.020700
-7.719300
0.893140
5.677800
-1.977700
-5.805400
-3.891500
-3.891500
-10.590000
-14.418000
-4.848500
5.677800
-0.063800
-0.063800
2.807000
4.720900
3.764000
-6.762400
1.850100
8.548600
1.850100
3.764000
5.677800
6.634800
1.850100
-9.633200
-6.762400
2.807000
6.634800
5.677800
1.850100
5.677800
14.290000
5.677800
11.419000
14.290000
5.677800
2.807000
6.634800
9.505600
3.764000
1.850100
13.333000
17.160999
11.419000
4.720900
-1.020700
2.807000
-0.063800
4.720900
6.634800
0.893140
-4.848500
-12.504000
-9.633200
-15.375000
-16.332001
-2.934600
-0.063800
-6.762400
-1.977700
-5.805400
-1.020700
-1.977700
-18.246000
-5.805400
0.893140
-5.805400
-7.719300
-13.461000
-11.547000
-2.934600
-10.590000
-11.547000
-0.063800
4.720900
1.850100
1.850100
-5.805400
-5.805400
-10.590000
-9.633200
2.807000
7.591700
3.764000
-0.063800
0.893140
0.893140
-2.934600
8.548600
15.247000
-1.020700
3.764000
6.634800
2.807000
-2.934600
-1.020700
9.505600
14.290000
9.505600
0.893140
-1.020700
9.505600
0.893140
11.419000
14.290000
9.505600
15.247000
11.419000
5.677800
-0.063800
-3.891500
0.893140
10.463000
3.764000
0.893140
5.677800
6.634800
6.634800
-1.977700
-1.020700
8.548600
-0.063800
-4.848500
1.850100
-5.805400
-0.063800
3.764000
1.850100
-0.063800
-3.891500
-1.977700
-10.590000
-8.676200
8.548600
8.548600
6.634800
5.677800
-1.020700
1.850100
-9.633200
-0.063800
1.850100
-7.719300
-2.934600
-0.063800
-1.977700
-12.504000
-5.805400
7.591700
-0.063800
-3.891500
-12.504000
-5.805400
-1.977700
-7.719300
-15.375000
1.850100
10.463000
2.807000
2.807000
-3.891500
0.893140
-12.504000
-7.719300
7.591700
5.677800
-0.063800
-7.719300
-3.891500
-5.805400
-0.063800
-1.020700
-1.020700
3.764000
-1.977700
-4.848500
-6.762400
-11.547000
-3.891500
-2.934600
-5.805400
-6.762400
-0.063800
-0.063800
-1.977700
-2.934600
-4.848500
-1.977700
-3.891500
2.807000
6.634800
2.807000
-1.977700
-4.848500
9.505600
14.290000
7.591700
0.893140
4.720900
10.463000
-3.891500
-0.063800
13.333000
16.204000
-0.063800
-2.934600
1.850100
-3.891500
-2.934600
4.720900
3.764000
-1.020700
4.720900
8.548600
3.764000
8.548600
11.419000
8.548600
3.764000
6.634800
2.807000
-1.020700
-1.020700
8.548600
3.764000
-6.762400
-6.762400
-5.805400
-4.848500
-2.934600
-2.934600
6.634800
6.634800
2.807000
1.850100
-4.848500
-8.676200
-5.805400
9.505600
10.463000
0.893140
-1.977700
5.677800
6.634800
-3.891500
0.893140
5.677800
1.850100
3.764000
4.720900
4.720900
-9.633200
-9.633200
3.764000
2.807000
-0.063800
-4.848500
-5.805400
-4.848500
-1.977700
-7.719300
-4.848500
-1.977700
-8.676200
3.764000
6.634800
-1.020700
0.893140
-3.891500
0.893140
0.893140
-5.805400
-4.848500
-0.063800
2.807000
-1.020700
-1.020700
0.893140
4.720900
-3.891500
-7.719300
-2.934600
0.893140
-1.020700
-2.934600
2.807000
5.677800
2.807000
4.720900
1.850100
1.850100
-10.590000
-7.719300
10.463000
11.419000
1.850100
1.850100
3.764000
1.850100
-12.504000
-5.805400
-1.020700
-5.805400
-2.934600
-0.063800
-4.848500
-1.977700
