-2.006500
-4.919100
-4.919100
-11.715000
-8.802600
-7.831700
-7.831700
-8.802600
-2.006500
-5.890000
-12.686000
-6.860800
-10.744000
-21.424000
-17.540001
-19.482000
-20.452999
-16.570000
-13.657000
-8.802600
-3.948200
-0.064720
5.760500
4.789600
5.760500
13.528000
5.760500
8.673100
15.469000
14.498000
13.528000
7.702300
8.673100
-4.919100
5.760500
7.702300
-3.948200
-10.744000
-7.831700
-11.715000
-8.802600
-15.599000
-18.511000
-16.570000
-22.395000
-18.511000
-17.540001
-9.773500
-4.919100
-6.860800
-8.802600
-14.628000
-20.452999
-8.802600
0.906150
1.877000
6.731400
5.760500
1.877000
4.789600
4.789600
9.644000
11.586000
3.818800
9.644000
3.818800
5.760500
7.702300
7.702300
14.498000
14.498000
11.586000
11.586000
10.615000
16.440001
19.353001
4.789600
12.557000
13.528000
15.469000
15.469000
0.906150
7.702300
8.673100
-3.948200
-6.860800
-4.919100
-1.035600
0.906150
9.644000
9.644000
2.847900
-2.006500
1.877000
1.877000
3.818800
3.818800
-2.006500
-4.919100
-4.919100
-1.035600
0.906150
-5.890000
-2.977300
-4.919100
-8.802600
-8.802600
-14.628000
-13.657000
-23.365999
-28.219999
-15.599000
-11.715000
-15.599000
-23.365999
-15.599000
-4.919100
-1.035600
0.906150
-0.064720
3.818800
14.498000
14.498000
12.557000
14.498000
10.615000
-5.890000
-11.715000
-5.890000
6.731400
5.760500
14.498000
16.440001
5.760500
11.586000
15.469000
11.586000
9.644000
10.615000
10.615000
5.760500
5.760500
-2.006500
-3.948200
-7.831700
2.847900
4.789600
-1.035600
-3.948200
3.818800
0.906150
-1.035600
4.789600
4.789600
14.498000
15.469000
16.440001
21.294001
12.557000
13.528000
11.586000
-1.035600
-2.977300
-0.064720
-5.890000
-13.657000
-11.715000
-9.773500
-13.657000
-17.540001
-17.540001
-19.482000
-16.570000
-24.337000
-24.337000
-14.628000
-17.540001
-18.511000
-22.395000
-29.191000
-28.219999
-30.162001
-27.249001
-16.570000
-14.628000
-12.686000
-4.919100
0.906150
4.789600
12.557000
17.410999
17.410999
21.294001
29.061001
22.264999
14.498000
14.498000
11.586000
10.615000
13.528000
17.410999
17.410999
19.353001
19.353001
5.760500
14.498000
19.353001
15.469000
7.702300
2.847900
0.906150
4.789600
5.760500
-3.948200
-5.890000
-6.860800
-0.064720
7.702300
0.906150
-11.715000
-8.802600
-7.831700
-10.744000
-2.977300
1.877000
-1.035600
15.469000
26.149000
20.323999
11.586000
9.644000
2.847900
-4.919100
5.760500
5.760500
-2.977300
-5.890000
-12.686000
-17.540001
-16.570000
-2.977300
0.906150
-0.064720
-0.064720
1.877000
5.760500
-0.064720
11.586000
6.731400
-0.064720
2.847900
-1.035600
-12.686000
-26.278000
-13.657000
-9.773500
-10.744000
-10.744000
-12.686000
-21.424000
-9.773500
-1.035600
-0.064720
1.877000
4.789600
-2.006500
0.906150
6.731400
0.906150
-7.831700
-3.948200
-4.919100
-2.977300
4.789600
2.847900
-2.977300
-5.890000
-9.773500
-9.773500
5.760500
22.264999
18.382000
12.557000
8.673100
3.818800
7.702300
2.847900
-1.035600
2.847900
-2.006500
-8.802600
-8.802600
-10.744000
-14.628000
-18.511000
-10.744000
-7.831700
-5.890000
-0.064720
4.789600
7.702300
-2.006500
-9.773500
2.847900
5.760500
-3.948200
-1.035600
-12.686000
-12.686000
-13.657000
-13.657000
-9.773500
-7.831700
-10.744000
-8.802600
1.877000
16.440001
31.003000
26.149000
27.120001
17.410999
14.498000
9.644000
-0.064720
-5.890000
-2.006500
-4.919100
-6.860800
-11.715000
-13.657000
-15.599000
-21.424000
-10.744000
9.644000
19.353001
27.120001
30.032000
35.858002
30.032000
25.177999
26.149000
21.294001
11.586000
0.906150
-9.773500
-12.686000
-7.831700
-10.744000
-18.511000
-17.540001
-21.424000
-22.395000
-21.424000
-9.773500
-0.064720
2.847900
10.615000
19.353001
19.353001
27.120001
25.177999
27.120001
31.974001
33.916000
29.061001
18.382000
17.410999
7.702300
-6.860800
4.789600
6.731400
5.760500
6.731400
7.702300
1.877000
5.760500
1.877000
3.818800
3.818800
-9.773500
-8.802600
-11.715000
-1.035600
2.847900
-6.860800
-13.657000
-16.570000
-12.686000
-15.599000
-16.570000
-2.977300
9.644000
15.469000
4.789600
3.818800
2.847900
-2.977300
-13.657000
-5.890000
-6.860800
-11.715000
-4.919100
-5.890000
7.702300
5.760500
-5.890000
-6.860800
-0.064720
-5.890000
-3.948200
-2.006500
9.644000
13.528000
5.760500
8.673100
4.789600
0.906150
-2.006500
6.731400
-1.035600
-6.860800
-9.773500
-13.657000
-21.424000
-17.540001
-13.657000
-15.599000
-12.686000
-17.540001
-23.365999
-19.482000
-13.657000
-13.657000
-16.570000
-19.482000
-23.365999
-25.306999
-24.337000
-10.744000
-5.890000
-0.064720
8.673100
11.586000
17.410999
15.469000
18.382000
21.294001
17.410999
23.236000
15.469000
17.410999
23.236000
15.469000
9.644000
2.847900
1.877000
1.877000
-4.919100
-3.948200
-4.919100
-6.860800
-8.802600
-5.890000
0.906150
-3.948200
4.789600
12.557000
17.410999
14.498000
12.557000
21.294001
15.469000
9.644000
16.440001
14.498000
8.673100
4.789600
-1.035600
0.906150
-3.948200
-4.919100
-2.977300
-6.860800
-1.035600
-0.064720
6.731400
9.644000
3.818800
11.586000
11.586000
7.702300
-3.948200
6.731400
6.731400
-2.977300
-5.890000
-7.831700
-17.540001
-14.628000
-6.860800
-4.919100
-2.006500
-1.035600
1.877000
7.702300
7.702300
7.702300
4.789600
-5.890000
-3.948200
-3.948200
-17.540001
-19.482000
-18.511000
-22.395000
-24.337000
-25.306999
-26.278000
-27.249001
-13.657000
-4.919100
-2.006500
0.906150
-1.035600
1.877000
5.760500
-7.831700
-0.064720
7.702300
-2.977300
-12.686000
-22.395000
-25.306999
-30.162001
-24.337000
-16.570000
-8.802600
-4.919100
2.847900
8.673100
6.731400
10.615000
13.528000
13.528000
13.528000
15.469000
14.498000
4.789600
2.847900
1.877000
-2.006500
-1.035600
-1.035600
-5.890000
-2.977300
13.528000
19.353001
16.440001
20.323999
17.410999
16.440001
19.353001
20.323999
12.557000
5.760500
-0.064720
-7.831700
-2.006500
4.789600
-2.006500
-9.773500
-9.773500
-6.860800
-5.890000
-8.802600
-18.511000
-14.628000
-14.628000
-15.599000
-14.628000
-9.773500
-7.831700
-2.977300
-0.064720
-2.977300
-3.948200
1.877000
-4.919100
1.877000
11.586000
13.528000
12.557000
6.731400
16.440001
21.294001
13.528000
7.702300
1.877000
6.731400
12.557000
4.789600
2.847900
2.847900
4.789600
-4.919100
-1.035600
-0.064720
-4.919100
-5.890000
-8.802600
-7.831700
-10.744000
-5.890000
-2.977300
-2.977300
-6.860800
-0.064720
2.847900
5.760500
15.469000
13.528000
10.615000
9.644000
3.818800
1.877000
6.731400
11.586000
9.644000
6.731400
-2.977300
-6.860800
-0.064720
-3.948200
-9.773500
-12.686000
-0.064720
2.847900
1.877000
11.586000
11.586000
8.673100
11.586000
8.673100
-2.006500
1.877000
-0.064720
-7.831700
-11.715000
-12.686000
-10.744000
-13.657000
-8.802600
-7.831700
-7.831700
-1.035600
1.877000
-0.064720
2.847900
9.644000
11.586000
9.644000
5.760500
6.731400
6.731400
8.673100
-1.035600
-0.064720
0.906150
-2.977300
-5.890000
-12.686000
-9.773500
-0.064720
0.906150
4.789600
1.877000
3.818800
-1.035600
0.906150
7.702300
8.673100
8.673100
7.702300
10.615000
4.789600
10.615000
10.615000
3.818800
-2.977300
-3.948200
-14.628000
-5.890000
-7.831700
-18.511000
-17.540001
-16.570000
-16.570000
-10.744000
-16.570000
-5.890000
1.877000
-0.064720
6.731400
12.557000
14.498000
17.410999
16.440001
16.440001
9.644000
7.702300
-6.860800
2.847900
6.731400
0.906150
-2.006500
-7.831700
-8.802600
1.877000
7.702300
3.818800
-0.064720
-0.064720
-0.064720
-3.948200
0.906150
3.818800
-6.860800
-13.657000
-15.599000
-14.628000
-22.395000
-16.570000
-11.715000
-16.570000
-14.628000
-11.715000
-3.948200
8.673100
19.353001
20.323999
12.557000
8.673100
4.789600
-3.948200
-6.860800
-0.064720
-1.035600
-7.831700
-12.686000
-17.540001
-4.919100
3.818800
3.818800
6.731400
6.731400
2.847900
4.789600
14.498000
9.644000
-0.064720
-2.977300
-6.860800
-11.715000
-16.570000
-13.657000
-15.599000
-11.715000
-10.744000
-6.860800
-5.890000
8.673100
14.498000
15.469000
19.353001
24.207001
12.557000
10.615000
4.789600
1.877000
-6.860800
-17.540001
-24.337000
-18.511000
-14.628000
-10.744000
-11.715000
-9.773500
1.877000
18.382000
18.382000
25.177999
24.207001
27.120001
20.323999
12.557000
12.557000
5.760500
-2.977300
-14.628000
-20.452999
-25.306999
-28.219999
-17.540001
-7.831700
-4.919100
-2.977300
3.818800
4.789600
2.847900
15.469000
23.236000
23.236000
20.323999
12.557000
-2.006500
-5.890000
0.906150
-0.064720
-8.802600
-2.006500
8.673100
2.847900
3.818800
9.644000
15.469000
18.382000
10.615000
7.702300
10.615000
14.498000
12.557000
-3.948200
-5.890000
1.877000
2.847900
16.440001
29.061001
21.294001
19.353001
18.382000
14.498000
22.264999
22.264999
10.615000
3.818800
-6.860800
-19.482000
-12.686000
-7.831700
-8.802600
-10.744000
-17.540001
-15.599000
0.906150
-0.064720
-0.064720
-2.977300
-2.006500
-3.948200
2.847900
4.789600
2.847900
5.760500
5.760500
10.615000
3.818800
7.702300
4.789600
7.702300
16.440001
7.702300
-0.064720
7.702300
13.528000
13.528000
7.702300
6.731400
1.877000
0.906150
-1.035600
-2.006500
-10.744000
-13.657000
-23.365999
-32.104000
-12.686000
-2.006500
3.818800
12.557000
9.644000
19.353001
22.264999
17.410999
18.382000
12.557000
8.673100
10.615000
12.557000
11.586000
7.702300
1.877000
-10.744000
-19.482000
-15.599000
-2.977300
-2.977300
-0.064720
-1.035600
-3.948200
-0.064720
-0.064720
1.877000
-5.890000
-5.890000
-3.948200
-6.860800
-12.686000
-16.570000
-17.540001
-19.482000
-19.482000
-19.482000
-8.802600
2.847900
-6.860800
-3.948200
3.818800
1.877000
3.818800
14.498000
14.498000
4.789600
2.847900
-2.006500
-2.977300
-6.860800
-14.628000
-17.540001
-15.599000
-7.831700
-6.860800
-8.802600
-15.599000
-0.064720
8.673100
9.644000
11.586000
4.789600
-1.035600
4.789600
1.877000
-3.948200
-2.977300
-7.831700
-18.511000
-15.599000
-14.628000
-12.686000
-14.628000
-11.715000
-14.628000
-5.890000
-6.860800
-6.860800
-7.831700
-3.948200
-2.977300
-1.035600
1.877000
-1.035600
-11.715000
-3.948200
2.847900
-0.064720
3.818800
2.847900
0.906150
5.760500
0.906150
-1.035600
-2.006500
-4.919100
-8.802600
-8.802600
-9.773500
-5.890000
-3.948200
0.906150
5.760500
-0.064720
-5.890000
-11.715000
-19.482000
-16.570000
-16.570000
-14.628000
-11.715000
3.818800
3.818800
6.731400
0.906150
0.906150
1.877000
1.877000
-3.948200
-2.006500
1.877000
0.906150
-5.890000
-6.860800
-3.948200
-2.977300
-2.006500
8.673100
12.557000
10.615000
9.644000
9.644000
1.877000
3.818800
8.673100
-1.035600
-2.006500
-2.977300
