-12.880000
-7.055000
4.595500
10.421000
13.333000
14.304000
14.304000
16.246000
16.246000
15.275000
15.275000
10.421000
5.566300
6.537200
7.508100
0.711970
-4.142400
-7.055000
-4.142400
-3.171500
-5.113300
-3.171500
-0.258900
4.595500
5.566300
-2.200600
-2.200600
0.711970
1.682800
-4.142400
-7.055000
-9.967600
-1.229800
4.595500
1.682800
-2.200600
1.682800
7.508100
5.566300
3.624600
4.595500
3.624600
0.711970
0.711970
2.653700
-1.229800
-7.055000
-6.084100
-2.200600
2.653700
3.624600
2.653700
3.624600
5.566300
8.479000
16.246000
19.159000
15.275000
7.508100
11.392000
11.392000
11.392000
3.624600
-7.055000
-9.967600
-13.851000
-12.880000
-7.055000
-6.084100
-1.229800
-0.258900
4.595500
9.449800
2.653700
-4.142400
-3.171500
-1.229800
-2.200600
-4.142400
-4.142400
-6.084100
-9.967600
-8.996800
-8.996800
-7.055000
-4.142400
-3.171500
-7.055000
-8.996800
-10.939000
-8.996800
-5.113300
-5.113300
-3.171500
-5.113300
-9.967600
-9.967600
-7.055000
-8.025900
-8.025900
-2.200600
-1.229800
-3.171500
-3.171500
-2.200600
-2.200600
-3.171500
-10.939000
-10.939000
-6.084100
-2.200600
2.653700
3.624600
0.711970
1.682800
4.595500
4.595500
-5.113300
-8.996800
-6.084100
2.653700
5.566300
0.711970
-4.142400
-7.055000
-0.258900
-0.258900
-2.200600
-0.258900
-2.200600
1.682800
8.479000
8.479000
3.624600
4.595500
5.566300
-1.229800
-3.171500
0.711970
4.595500
3.624600
1.682800
3.624600
3.624600
0.711970
4.595500
8.479000
7.508100
7.508100
6.537200
-0.258900
-9.967600
-8.996800
-7.055000
-8.996800
-7.055000
-0.258900
2.653700
-0.258900
-1.229800
-0.258900
6.537200
11.392000
14.304000
9.449800
2.653700
-4.142400
-1.229800
-1.229800
-7.055000
-8.996800
-8.996800
-10.939000
-8.996800
-7.055000
-5.113300
1.682800
1.682800
-2.200600
-4.142400
4.595500
1.682800
-1.229800
4.595500
3.624600
4.595500
1.682800
2.653700
8.479000
8.479000
0.711970
-8.025900
-8.025900
-1.229800
4.595500
3.624600
3.624600
3.624600
4.595500
2.653700
-2.200600
-4.142400
-10.939000
-10.939000
-4.142400
2.653700
4.595500
-1.229800
-6.084100
-8.025900
-5.113300
-1.229800
-2.200600
2.653700
9.449800
8.479000
6.537200
8.479000
6.537200
7.508100
5.566300
0.711970
-1.229800
-6.084100
-6.084100
-2.200600
2.653700
4.595500
-1.229800
-2.200600
1.682800
-1.229800
-0.258900
-2.200600
3.624600
1.682800
-6.084100
-6.084100
-7.055000
-8.996800
-10.939000
-10.939000
-11.909000
-8.996800
-8.025900
-11.909000
-5.113300
3.624600
6.537200
6.537200
10.421000
9.449800
3.624600
-0.258900
-3.171500
-5.113300
-5.113300
-5.113300
-8.025900
-12.880000
-11.909000
-4.142400
0.711970
-5.113300
-3.171500
6.537200
11.392000
14.304000
16.246000
9.449800
7.508100
8.479000
5.566300
3.624600
5.566300
-2.200600
-10.939000
-9.967600
-7.055000
-1.229800
9.449800
11.392000
9.449800
4.595500
2.653700
0.711970
-0.258900
1.682800
-1.229800
1.682800
2.653700
-1.229800
-2.200600
-5.113300
-7.055000
-5.113300
-5.113300
0.711970
6.537200
7.508100
1.682800
0.711970
4.595500
10.421000
5.566300
-2.200600
-3.171500
2.653700
-5.113300
-15.793000
-12.880000
-5.113300
-1.229800
-3.171500
-2.200600
-2.200600
1.682800
4.595500
0.711970
0.711970
-1.229800
-4.142400
-4.142400
-6.084100
-4.142400
-2.200600
-4.142400
-3.171500
-6.084100
-8.025900
0.711970
1.682800
-4.142400
0.711970
4.595500
2.653700
-1.229800
4.595500
6.537200
6.537200
7.508100
3.624600
-1.229800
3.624600
3.624600
-2.200600
-8.996800
-8.025900
-5.113300
-1.229800
2.653700
-3.171500
-5.113300
-4.142400
-1.229800
-5.113300
-4.142400
-1.229800
1.682800
5.566300
2.653700
11.392000
17.216999
17.216999
19.159000
14.304000
7.508100
2.653700
-4.142400
-12.880000
-15.793000
-17.735001
-13.851000
1.682800
7.508100
3.624600
10.421000
22.070999
24.983999
23.042000
11.392000
0.711970
-5.113300
-12.880000
-15.793000
-15.793000
-7.055000
-8.996800
-8.996800
-1.229800
7.508100
13.333000
21.100000
25.955000
25.955000
24.983999
23.042000
17.216999
8.479000
-7.055000
-19.676001
-20.646999
-16.764000
-8.996800
-4.142400
-6.084100
-7.055000
-2.200600
7.508100
10.421000
5.566300
-1.229800
-8.996800
-0.258900
6.537200
-1.229800
-8.025900
-8.025900
-9.967600
-16.764000
-12.880000
-8.025900
-7.055000
-13.851000
-13.851000
-10.939000
-7.055000
-3.171500
-4.142400
-9.967600
-8.025900
-3.171500
-2.200600
-6.084100
-8.996800
-14.822000
-16.764000
-13.851000
-8.996800
-10.939000
-9.967600
-4.142400
-0.258900
1.682800
3.624600
3.624600
6.537200
7.508100
12.362000
18.188000
13.333000
3.624600
-3.171500
-5.113300
-1.229800
-0.258900
-2.200600
0.711970
0.711970
-0.258900
-3.171500
-5.113300
-1.229800
3.624600
3.624600
9.449800
14.304000
10.421000
4.595500
-1.229800
-4.142400
-0.258900
10.421000
9.449800
10.421000
8.479000
8.479000
11.392000
14.304000
11.392000
6.537200
-0.258900
-6.084100
-9.967600
-0.258900
0.711970
-3.171500
-5.113300
-3.171500
-1.229800
-2.200600
1.682800
9.449800
8.479000
6.537200
2.653700
-0.258900
-1.229800
-0.258900
-4.142400
-7.055000
-7.055000
-10.939000
-11.909000
-4.142400
2.653700
8.479000
4.595500
2.653700
8.479000
12.362000
7.508100
0.711970
1.682800
5.566300
1.682800
-2.200600
-1.229800
-0.258900
-1.229800
-5.113300
-3.171500
-0.258900
2.653700
6.537200
9.449800
10.421000
4.595500
-2.200600
-2.200600
-0.258900
4.595500
1.682800
0.711970
4.595500
4.595500
4.595500
8.479000
3.624600
-1.229800
-3.171500
-1.229800
-0.258900
-4.142400
-6.084100
-6.084100
-4.142400
-5.113300
-1.229800
4.595500
5.566300
5.566300
2.653700
2.653700
3.624600
5.566300
7.508100
2.653700
-0.258900
-0.258900
-0.258900
-3.171500
-12.880000
-15.793000
-10.939000
2.653700
2.653700
-4.142400
0.711970
9.449800
11.392000
4.595500
2.653700
1.682800
-5.113300
-5.113300
0.711970
1.682800
2.653700
-2.200600
-6.084100
-0.258900
6.537200
2.653700
-2.200600
2.653700
5.566300
3.624600
2.653700
1.682800
3.624600
7.508100
0.711970
-6.084100
-6.084100
-4.142400
-8.996800
-6.084100
-1.229800
-2.200600
-1.229800
1.682800
5.566300
7.508100
6.537200
3.624600
-0.258900
1.682800
2.653700
0.711970
-3.171500
-6.084100
-9.967600
-18.705999
-25.502001
-21.618000
-18.705999
-16.764000
-14.822000
-13.851000
-8.996800
-2.200600
6.537200
12.362000
5.566300
7.508100
12.362000
3.624600
-0.258900
5.566300
5.566300
4.595500
4.595500
5.566300
8.479000
8.479000
12.362000
10.421000
13.333000
9.449800
3.624600
1.682800
-7.055000
-8.025900
-6.084100
-6.084100
-8.025900
-4.142400
0.711970
5.566300
10.421000
15.275000
16.246000
15.275000
13.333000
7.508100
-0.258900
-4.142400
-3.171500
-1.229800
-0.258900
-1.229800
-4.142400
-4.142400
-6.084100
-4.142400
1.682800
2.653700
8.479000
12.362000
12.362000
9.449800
0.711970
-4.142400
-3.171500
-3.171500
-3.171500
-1.229800
-1.229800
-1.229800
4.595500
5.566300
-3.171500
-6.084100
-3.171500
4.595500
6.537200
0.711970
-4.142400
-5.113300
-0.258900
3.624600
-2.200600
-8.025900
-10.939000
-11.909000
-8.025900
-3.171500
3.624600
9.449800
6.537200
6.537200
6.537200
5.566300
0.711970
-2.200600
-7.055000
-3.171500
-3.171500
-11.909000
-12.880000
-7.055000
-1.229800
-1.229800
-0.258900
3.624600
12.362000
15.275000
12.362000
10.421000
11.392000
10.421000
5.566300
-4.142400
-6.084100
0.711970
0.711970
0.711970
-1.229800
0.711970
6.537200
6.537200
5.566300
0.711970
-0.258900
5.566300
1.682800
-7.055000
-8.996800
-5.113300
-0.258900
-8.996800
-16.764000
-15.793000
-5.113300
3.624600
5.566300
5.566300
7.508100
7.508100
1.682800
1.682800
4.595500
4.595500
-2.200600
-8.996800
-6.084100
-1.229800
3.624600
2.653700
-0.258900
-0.258900
2.653700
6.537200
-1.229800
-3.171500
4.595500
-0.258900
-8.996800
-13.851000
-7.055000
-3.171500
-3.171500
-8.996800
-10.939000
-1.229800
5.566300
12.362000
14.304000
12.362000
12.362000
3.624600
-2.200600
-7.055000
-10.939000
-9.967600
-1.229800
-4.142400
-13.851000
-15.793000
-14.822000
-8.996800
-8.025900
-7.055000
-7.055000
-7.055000
-1.229800
1.682800
3.624600
6.537200
1.682800
1.682800
2.653700
0.711970
1.682800
2.653700
1.682800
1.682800
2.653700
3.624600
-0.258900
-1.229800
-2.200600
-5.113300
-9.967600
-8.996800
-3.171500
6.537200
5.566300
-1.229800
-6.084100
-1.229800
-0.258900
0.711970
1.682800
1.682800
-1.229800
-1.229800
0.711970
-0.258900
-2.200600
-2.200600
3.624600
6.537200
8.479000
6.537200
4.595500
2.653700
1.682800
5.566300
6.537200
7.508100
1.682800
-1.229800
1.682800
2.653700
-3.171500
-5.113300
-3.171500
-4.142400
-2.200600
-3.171500
-4.142400
-2.200600
-1.229800
1.682800
1.682800
-2.200600
-4.142400
-3.171500
-1.229800
2.653700
4.595500
0.711970
-0.258900
-4.142400
-7.055000
0.711970
7.508100
7.508100
2.653700
-1.229800
-5.113300
-7.055000
-6.084100
-0.258900
2.653700
3.624600
3.624600
6.537200
10.421000
4.595500
-2.200600
-3.171500
-4.142400
-7.055000
-8.996800
-10.939000
-14.822000
-15.793000
-12.880000
-9.967600
2.653700
7.508100
8.479000
5.566300
6.537200
8.479000
13.333000
18.188000
19.159000
16.246000
17.216999
17.216999
10.421000
3.624600
0.711970
0.711970
-2.200600
-9.967600
-14.822000
-16.764000
-15.793000
-19.676001
-19.676001
-14.822000
-11.909000
-8.996800
-2.200600
6.537200
12.362000
12.362000
14.304000
17.216999
20.129000
17.216999
11.392000
7.508100
14.304000
20.129000
15.275000
5.566300
-2.200600
-3.171500
-2.200600
-8.025900
-16.764000
-16.764000
-10.939000
-11.909000
-12.880000
-10.939000
-6.084100
0.711970
6.537200
11.392000
11.392000
9.449800
6.537200
0.711970
-3.171500
-3.171500
-5.113300
-7.055000
-12.880000
-11.909000
-8.996800
-7.055000
-2.200600
-4.142400
-6.084100
-6.084100
-3.171500
-1.229800
2.653700
0.711970
-2.200600
-2.200600
-0.258900
3.624600
8.479000
12.362000
8.479000
1.682800
0.711970
0.711970
3.624600
1.682800
-1.229800
4.595500
5.566300
5.566300
6.537200
3.624600
7.508100
9.449800
9.449800
12.362000
15.275000
15.275000
11.392000
8.479000
7.508100
7.508100
1.682800
-1.229800
1.682800
-1.229800
-4.142400
-2.200600
1.682800
5.566300
9.449800
13.333000
21.100000
25.955000
25.955000
19.159000
14.304000
13.333000
13.333000
11.392000
5.566300
-0.258900
-2.200600
-0.258900
5.566300
3.624600
2.653700
6.537200
10.421000
9.449800
6.537200
0.711970
