4.878000
-2.926800
0.975610
6.829300
7.804900
4.878000
5.853700
0.000000
-2.926800
-2.926800
0.000000
-1.951200
-7.804900
-2.926800
6.829300
3.902400
-0.975610
0.000000
-3.902400
0.975610
3.902400
6.829300
8.780500
0.975610
-3.902400
-1.951200
-0.975610
-0.975610
-6.829300
-10.732000
-6.829300
-0.975610
0.975610
2.926800
0.000000
-3.902400
-4.878000
-3.902400
7.804900
4.878000
-3.902400
-11.707000
-3.902400
0.000000
-0.975610
-1.951200
-4.878000
-1.951200
2.926800
0.975610
-7.804900
-4.878000
-0.975610
-1.951200
-4.878000
-3.902400
0.975610
5.853700
6.829300
5.853700
4.878000
0.000000
-1.951200
0.000000
-3.902400
-2.926800
0.975610
-2.926800
-0.975610
0.975610
6.829300
2.926800
1.951200
5.853700
3.902400
2.926800
-1.951200
-3.902400
-3.902400
-1.951200
4.878000
5.853700
2.926800
3.902400
3.902400
5.853700
5.853700
1.951200
-2.926800
-7.804900
-5.853700
2.926800
2.926800
-1.951200
-4.878000
0.000000
5.853700
3.902400
0.975610
0.000000
4.878000
5.853700
7.804900
4.878000
2.926800
1.951200
2.926800
0.975610
0.000000
5.853700
5.853700
-0.975610
-2.926800
-0.975610
-3.902400
-1.951200
0.975610
2.926800
0.975610
8.780500
6.829300
7.804900
12.683000
8.780500
0.975610
-1.951200
0.000000
0.975610
2.926800
-3.902400
-7.804900
-5.853700
-0.975610
-1.951200
-6.829300
-6.829300
-8.780500
-6.829300
0.975610
1.951200
-1.951200
-1.951200
4.878000
4.878000
2.926800
2.926800
2.926800
0.975610
0.000000
5.853700
6.829300
0.975610
-1.951200
1.951200
3.902400
1.951200
-4.878000
-5.853700
-7.804900
-8.780500
-7.804900
-7.804900
-3.902400
-3.902400
-5.853700
-2.926800
-0.975610
0.000000
3.902400
4.878000
0.975610
-3.902400
-3.902400
-0.975610
0.975610
0.975610
4.878000
2.926800
7.804900
7.804900
5.853700
8.780500
1.951200
4.878000
7.804900
0.000000
-3.902400
-3.902400
-1.951200
-5.853700
-6.829300
-0.975610
0.000000
0.975610
3.902400
0.000000
4.878000
2.926800
2.926800
2.926800
6.829300
2.926800
2.926800
0.975610
-0.975610
0.975610
-4.878000
-8.780500
-4.878000
-2.926800
-3.902400
-7.804900
-6.829300
0.000000
-1.951200
-5.853700
-12.683000
-6.829300
-2.926800
7.804900
11.707000
9.756100
12.683000
9.756100
10.732000
3.902400
-3.902400
-0.975610
-4.878000
-6.829300
-6.829300
-1.951200
3.902400
1.951200
7.804900
3.902400
0.975610
0.000000
7.804900
8.780500
5.853700
1.951200
-2.926800
0.000000
2.926800
-2.926800
-4.878000
-3.902400
-9.756100
-2.926800
-7.804900
-8.780500
-4.878000
0.000000
6.829300
0.000000
-2.926800
2.926800
8.780500
5.853700
3.902400
10.732000
6.829300
-3.902400
-7.804900
-12.683000
-6.829300
-5.853700
-12.683000
-14.634000
-6.829300
-2.926800
-2.926800
-6.829300
-7.804900
-4.878000
-4.878000
-2.926800
-2.926800
0.000000
4.878000
11.707000
6.829300
-0.975610
-0.975610
0.000000
1.951200
1.951200
0.975610
0.000000
0.975610
1.951200
3.902400
3.902400
-0.975610
-0.975610
4.878000
4.878000
1.951200
-4.878000
-1.951200
6.829300
6.829300
-1.951200
-5.853700
0.000000
-1.951200
0.000000
2.926800
2.926800
-2.926800
-5.853700
0.975610
7.804900
3.902400
0.000000
-1.951200
-4.878000
-10.732000
-7.804900
-2.926800
-3.902400
-9.756100
-2.926800
1.951200
0.975610
2.926800
1.951200
1.951200
-3.902400
-2.926800
-0.975610
-0.975610
-0.975610
-0.975610
-0.975610
0.000000
-0.975610
2.926800
5.853700
6.829300
12.683000
5.853700
1.951200
0.975610
1.951200
6.829300
1.951200
-2.926800
-2.926800
0.975610
7.804900
9.756100
4.878000
3.902400
5.853700
9.756100
7.804900
10.732000
6.829300
8.780500
7.804900
3.902400
1.951200
0.975610
-1.951200
0.975610
0.975610
4.878000
7.804900
5.853700
6.829300
3.902400
7.804900
10.732000
16.584999
11.707000
2.926800
-7.804900
-4.878000
-1.951200
-6.829300
-8.780500
-0.975610
2.926800
2.926800
0.000000
-1.951200
0.000000
1.951200
-3.902400
-5.853700
-4.878000
-3.902400
-6.829300
-9.756100
-5.853700
-4.878000
-3.902400
-6.829300
-6.829300
-6.829300
-3.902400
-4.878000
-3.902400
2.926800
6.829300
4.878000
-2.926800
-4.878000
-9.756100
-7.804900
0.000000
1.951200
5.853700
1.951200
-0.975610
0.975610
0.975610
2.926800
-1.951200
-3.902400
-4.878000
-9.756100
-12.683000
-12.683000
-2.926800
1.951200
5.853700
3.902400
-5.853700
-6.829300
-3.902400
-2.926800
-1.951200
0.000000
3.902400
11.707000
8.780500
4.878000
-0.975610
-2.926800
0.975610
4.878000
8.780500
6.829300
0.975610
-4.878000
-2.926800
2.926800
7.804900
11.707000
11.707000
7.804900
7.804900
0.000000
0.000000
2.926800
-0.975610
-3.902400
-0.975610
6.829300
10.732000
5.853700
1.951200
5.853700
2.926800
2.926800
-1.951200
3.902400
3.902400
8.780500
11.707000
1.951200
-1.951200
4.878000
0.975610
-0.975610
1.951200
-1.951200
0.000000
-1.951200
-1.951200
-1.951200
-3.902400
-12.683000
-15.610000
-14.634000
-15.610000
-10.732000
-4.878000
-8.780500
-4.878000
-9.756100
-7.804900
-3.902400
-6.829300
-2.926800
0.000000
1.951200
-5.853700
-3.902400
-0.975610
-1.951200
-4.878000
-1.951200
-0.975610
-3.902400
1.951200
2.926800
2.926800
-0.975610
-1.951200
4.878000
8.780500
4.878000
2.926800
4.878000
10.732000
8.780500
-1.951200
-7.804900
-6.829300
-7.804900
-6.829300
-3.902400
-5.853700
-1.951200
5.853700
14.634000
13.659000
13.659000
14.634000
12.683000
11.707000
10.732000
7.804900
2.926800
-1.951200
0.000000
-5.853700
-9.756100
-5.853700
1.951200
6.829300
2.926800
2.926800
3.902400
6.829300
1.951200
0.000000
1.951200
1.951200
0.975610
0.975610
0.975610
-4.878000
-3.902400
0.975610
-3.902400
-1.951200
-1.951200
-1.951200
0.975610
0.000000
-1.951200
-5.853700
0.000000
0.975610
-0.975610
-4.878000
-2.926800
-4.878000
-8.780500
-5.853700
-2.926800
-1.951200
-1.951200
-4.878000
-4.878000
-0.975610
-3.902400
-4.878000
-3.902400
-2.926800
-6.829300
-8.780500
-10.732000
-6.829300
-4.878000
-9.756100
-3.902400
1.951200
2.926800
0.000000
-2.926800
-2.926800
-0.975610
-1.951200
-0.975610
-0.975610
2.926800
0.975610
-1.951200
-6.829300
-0.975610
5.853700
5.853700
3.902400
4.878000
4.878000
0.975610
-0.975610
-0.975610
3.902400
1.951200
7.804900
3.902400
0.000000
1.951200
-1.951200
3.902400
4.878000
-1.951200
-6.829300
0.000000
5.853700
4.878000
2.926800
0.000000
-3.902400
0.975610
-1.951200
0.000000
3.902400
2.926800
3.902400
5.853700
1.951200
1.951200
-2.926800
-3.902400
0.000000
2.926800
3.902400
-2.926800
3.902400
0.000000
-1.951200
0.975610
1.951200
2.926800
0.975610
6.829300
8.780500
5.853700
5.853700
6.829300
2.926800
4.878000
10.732000
8.780500
1.951200
2.926800
1.951200
3.902400
1.951200
-0.975610
2.926800
1.951200
-1.951200
-1.951200
0.975610
3.902400
7.804900
3.902400
3.902400
1.951200
1.951200
2.926800
-0.975610
-4.878000
-2.926800
0.975610
2.926800
0.000000
-6.829300
-5.853700
-0.975610
-1.951200
-1.951200
3.902400
2.926800
6.829300
4.878000
2.926800
0.000000
-3.902400
-0.975610
1.951200
-3.902400
-7.804900
-8.780500
-1.951200
10.732000
2.926800
-1.951200
1.951200
1.951200
2.926800
-6.829300
-9.756100
-4.878000
-6.829300
-4.878000
-1.951200
-3.902400
-3.902400
-4.878000
1.951200
3.902400
4.878000
4.878000
4.878000
1.951200
1.951200
-2.926800
-0.975610
-3.902400
-7.804900
-7.804900
-4.878000
1.951200
1.951200
-0.975610
0.975610
1.951200
5.853700
5.853700
1.951200
3.902400
1.951200
2.926800
-2.926800
-3.902400
-4.878000
-11.707000
-7.804900
-0.975610
0.975610
0.975610
2.926800
7.804900
7.804900
6.829300
8.780500
1.951200
0.000000
-5.853700
-6.829300
-5.853700
-0.975610
4.878000
3.902400
0.000000
0.000000
5.853700
6.829300
4.878000
0.000000
0.975610
1.951200
0.000000
-4.878000
-5.853700
-1.951200
-1.951200
-5.853700
-4.878000
0.000000
4.878000
8.780500
8.780500
0.000000
-6.829300
-1.951200
1.951200
0.000000
-6.829300
-6.829300
-4.878000
0.975610
1.951200
0.975610
0.000000
1.951200
0.000000
2.926800
4.878000
2.926800
2.926800
0.000000
-1.951200
-7.804900
-6.829300
-6.829300
-5.853700
-2.926800
1.951200
-1.951200
0.000000
0.000000
-0.975610
1.951200
2.926800
0.975610
2.926800
-0.975610
-7.804900
-5.853700
-6.829300
-0.975610
5.853700
7.804900
0.000000
-5.853700
-2.926800
1.951200
0.000000
-4.878000
0.000000
-0.975610
-2.926800
-2.926800
0.000000
0.975610
5.853700
2.926800
-2.926800
-9.756100
-5.853700
-3.902400
0.975610
6.829300
1.951200
0.975610
0.975610
0.000000
4.878000
7.804900
6.829300
11.707000
10.732000
2.926800
-3.902400
-0.975610
7.804900
2.926800
-3.902400
0.000000
6.829300
9.756100
3.902400
2.926800
4.878000
3.902400
5.853700
1.951200
4.878000
2.926800
2.926800
2.926800
6.829300
4.878000
0.975610
1.951200
-0.975610
-1.951200
1.951200
2.926800
-0.975610
-2.926800
0.000000
0.000000
0.975610
-4.878000
-8.780500
-3.902400
-3.902400
-3.902400
-6.829300
-1.951200
-2.926800
-1.951200
0.975610
-0.975610
6.829300
1.951200
7.804900
7.804900
5.853700
7.804900
3.902400
4.878000
6.829300
0.975610
-3.902400
-3.902400
-5.853700
-4.878000
-1.951200
-5.853700
-0.975610
1.951200
-4.878000
-3.902400
-2.926800
-1.951200
-1.951200
-1.951200
-12.683000
-8.780500
-7.804900
-10.732000
-13.659000
-10.732000
-6.829300
-9.756100
-5.853700
-0.975610
-1.951200
-5.853700
-3.902400
-2.926800
-1.951200
1.951200
9.756100
5.853700
-3.902400
-4.878000
3.902400
5.853700
-0.975610
-0.975610
-4.878000
1.951200
0.975610
-2.926800
-4.878000
-1.951200
-2.926800
0.000000
5.853700
7.804900
4.878000
2.926800
2.926800
5.853700
1.951200
4.878000
9.756100
5.853700
0.975610
1.951200
6.829300
6.829300
8.780500
9.756100
10.732000
9.756100
5.853700
0.000000
0.000000
-1.951200
-0.975610
8.780500
5.853700
-0.975610
2.926800
6.829300
3.902400
-3.902400
-2.926800
2.926800
2.926800
-3.902400
-6.829300
-3.902400
4.878000
1.951200
-8.780500
-9.756100
-2.926800
-1.951200
-0.975610
-5.853700
-8.780500
-5.853700
4.878000
5.853700
3.902400
-0.975610
-3.902400
4.878000
2.926800
-2.926800
-3.902400
-6.829300
-1.951200
-5.853700
-8.780500
-7.804900
0.000000
4.878000
-0.975610
-3.902400
-6.829300
0.975610
3.902400
-1.951200
-0.975610
1.951200
3.902400
-2.926800
