24.753000
18.054001
1.786300
-6.826200
-3.955300
-9.697000
-13.525000
-16.396000
-10.654000
-4.912300
-1.084500
-3.955300
-6.826200
-5.869200
2.743200
4.657100
-5.869200
-17.351999
-14.482000
-16.396000
-13.525000
-5.869200
-2.041500
-2.998400
-9.697000
-10.654000
-5.869200
1.786300
5.614000
0.829350
1.786300
5.614000
10.399000
2.743200
10.399000
14.226000
8.484800
10.399000
-8.740000
-15.439000
1.786300
3.700200
0.829350
-7.783100
-14.482000
-4.912300
4.657100
-4.912300
3.700200
14.226000
12.313000
5.614000
-6.826200
-2.998400
4.657100
4.657100
2.743200
1.786300
7.527900
8.484800
10.399000
13.270000
5.614000
-2.998400
-4.912300
-2.998400
-2.041500
-4.912300
-0.127590
-5.869200
-8.740000
-8.740000
-8.740000
-10.654000
-5.869200
-3.955300
-2.998400
12.313000
9.441800
3.700200
7.527900
5.614000
5.614000
5.614000
8.484800
12.313000
7.527900
1.786300
-3.955300
3.700200
5.614000
-2.041500
-3.955300
-11.611000
-9.697000
-2.998400
-2.041500
-1.084500
-7.783100
-17.351999
-13.525000
-8.740000
-3.955300
-9.697000
-16.396000
-11.611000
-4.912300
-2.998400
-6.826200
-15.439000
-12.568000
-8.740000
-6.826200
-4.912300
0.829350
4.657100
-2.998400
-2.998400
4.657100
2.743200
-1.084500
2.743200
9.441800
17.097000
14.226000
1.786300
0.829350
8.484800
16.139999
17.097000
5.614000
6.571000
5.614000
6.571000
6.571000
-12.568000
-8.740000
6.571000
1.786300
5.614000
-2.998400
-15.439000
-17.351999
-6.826200
5.614000
6.571000
-2.998400
-2.041500
-8.740000
-4.912300
1.786300
-2.041500
-2.998400
2.743200
8.484800
2.743200
-2.041500
-0.127590
2.743200
3.700200
2.743200
0.829350
-3.955300
-6.826200
-1.084500
-1.084500
0.829350
-0.127590
-3.955300
-12.568000
-5.869200
6.571000
8.484800
-5.869200
-19.266001
-16.396000
2.743200
7.527900
5.614000
10.399000
2.743200
6.571000
15.183000
12.313000
6.571000
9.441800
1.786300
-4.912300
5.614000
-2.998400
-2.041500
6.571000
-1.084500
0.829350
-2.041500
-9.697000
-2.998400
2.743200
6.571000
10.399000
-1.084500
-6.826200
-0.127590
-2.041500
2.743200
14.226000
13.270000
15.183000
11.356000
17.097000
18.054001
14.226000
16.139999
14.226000
-2.998400
-10.654000
1.786300
-1.084500
-10.654000
-3.955300
6.571000
3.700200
2.743200
-2.998400
-1.084500
-2.998400
-3.955300
-1.084500
9.441800
5.614000
-3.955300
-12.568000
-17.351999
-21.180000
-12.568000
-11.611000
-11.611000
-12.568000
-10.654000
-9.697000
-3.955300
-2.041500
-0.127590
-1.084500
5.614000
11.356000
10.399000
6.571000
6.571000
12.313000
12.313000
16.139999
21.882000
15.183000
7.527900
3.700200
7.527900
10.399000
7.527900
9.441800
8.484800
9.441800
7.527900
7.527900
15.183000
11.356000
9.441800
0.829350
-7.783100
-3.955300
3.700200
9.441800
4.657100
-3.955300
-6.826200
-8.740000
-1.084500
-0.127590
-2.998400
-10.654000
-11.611000
-6.826200
-12.568000
-18.309000
-6.826200
-23.094000
-25.007999
-13.525000
-12.568000
-6.826200
1.786300
7.527900
-3.955300
-1.084500
-4.912300
-3.955300
-5.869200
-11.611000
-20.223000
-19.266001
1.786300
-7.783100
-16.396000
-17.351999
-11.611000
-9.697000
-22.136999
-12.568000
-1.084500
-7.783100
-15.439000
-9.697000
-5.869200
-9.697000
-0.127590
1.786300
-0.127590
-4.912300
-11.611000
-2.998400
0.829350
6.571000
14.226000
10.399000
3.700200
-4.912300
-2.041500
15.183000
17.097000
9.441800
0.829350
7.527900
6.571000
-0.127590
7.527900
16.139999
19.011000
18.054001
10.399000
10.399000
14.226000
20.924999
10.399000
-0.127590
6.571000
9.441800
1.786300
3.700200
10.399000
6.571000
-13.525000
-8.740000
-2.041500
3.700200
1.786300
-4.912300
3.700200
0.829350
-5.869200
-2.041500
0.829350
-4.912300
-11.611000
-1.084500
7.527900
12.313000
-2.998400
-4.912300
-2.998400
-0.127590
1.786300
-2.041500
-8.740000
-11.611000
-16.396000
-7.783100
7.527900
8.484800
12.313000
0.829350
-5.869200
3.700200
8.484800
8.484800
6.571000
5.614000
-2.041500
-7.783100
-15.439000
-8.740000
0.829350
-1.084500
-3.955300
-9.697000
-3.955300
-9.697000
-10.654000
-1.084500
2.743200
-6.826200
-12.568000
-2.998400
7.527900
9.441800
9.441800
7.527900
4.657100
8.484800
15.183000
13.270000
4.657100
7.527900
4.657100
0.829350
8.484800
-5.869200
-1.084500
12.313000
8.484800
0.829350
3.700200
2.743200
4.657100
8.484800
10.399000
7.527900
-3.955300
2.743200
12.313000
9.441800
15.183000
7.527900
1.786300
11.356000
16.139999
12.313000
19.011000
16.139999
16.139999
24.753000
24.753000
12.313000
6.571000
7.527900
14.226000
7.527900
7.527900
12.313000
-1.084500
-14.482000
-13.525000
-11.611000
-3.955300
-8.740000
-10.654000
-4.912300
-9.697000
-1.084500
-0.127590
-2.041500
-14.482000
-10.654000
-5.869200
-12.568000
-2.998400
7.527900
-4.912300
-20.223000
-18.309000
-15.439000
-15.439000
-12.568000
-12.568000
-11.611000
-12.568000
-14.482000
-8.740000
-12.568000
-9.697000
-1.084500
7.527900
-3.955300
-13.525000
-2.041500
5.614000
-0.127590
-5.869200
-8.740000
-9.697000
-13.525000
-16.396000
-12.568000
-12.568000
-14.482000
-9.697000
3.700200
-1.084500
-2.998400
0.829350
-9.697000
-11.611000
-9.697000
-1.084500
4.657100
-2.998400
-5.869200
-14.482000
-10.654000
-5.869200
-13.525000
-9.697000
-14.482000
-4.912300
7.527900
2.743200
9.441800
12.313000
23.796000
27.624001
18.054001
7.527900
-3.955300
-1.084500
6.571000
4.657100
-2.998400
-3.955300
-2.041500
-5.869200
-9.697000
-8.740000
-7.783100
-5.869200
-2.041500
1.786300
10.399000
21.882000
27.624001
22.839001
2.743200
-1.084500
11.356000
9.441800
7.527900
10.399000
6.571000
-0.127590
6.571000
8.484800
2.743200
5.614000
-2.998400
-5.869200
3.700200
-0.127590
6.571000
10.399000
-0.127590
0.829350
10.399000
1.786300
-9.697000
-7.783100
-6.826200
-5.869200
-5.869200
4.657100
6.571000
4.657100
12.313000
19.968000
17.097000
14.226000
7.527900
4.657100
11.356000
7.527900
0.829350
7.527900
4.657100
0.829350
-0.127590
-2.041500
-3.955300
-1.084500
2.743200
5.614000
8.484800
3.700200
4.657100
4.657100
-4.912300
-5.869200
4.657100
12.313000
-4.912300
-3.955300
-2.998400
-9.697000
-2.998400
-3.955300
1.786300
7.527900
4.657100
-6.826200
-12.568000
-14.482000
-10.654000
-5.869200
-3.955300
-10.654000
-16.396000
-17.351999
-0.127590
1.786300
-2.998400
0.829350
-2.998400
-7.783100
-6.826200
-2.041500
4.657100
-1.084500
-11.611000
-10.654000
1.786300
10.399000
8.484800
4.657100
-2.041500
-8.740000
-7.783100
-6.826200
-4.912300
-2.041500
-2.041500
-8.740000
-13.525000
8.484800
12.313000
2.743200
-1.084500
-7.783100
1.786300
10.399000
4.657100
-5.869200
-2.998400
-4.912300
3.700200
7.527900
7.527900
16.139999
12.313000
4.657100
2.743200
10.399000
12.313000
10.399000
7.527900
4.657100
7.527900
2.743200
-2.998400
1.786300
1.786300
-1.084500
-6.826200
-9.697000
-3.955300
5.614000
9.441800
-3.955300
-3.955300
-4.912300
-15.439000
-15.439000
3.700200
7.527900
2.743200
7.527900
6.571000
11.356000
17.097000
15.183000
-1.084500
9.441800
18.054001
13.270000
14.226000
13.270000
-0.127590
-3.955300
1.786300
6.571000
2.743200
-2.998400
-6.826200
1.786300
-6.826200
-14.482000
-14.482000
-7.783100
-6.826200
-10.654000
-4.912300
-4.912300
3.700200
3.700200
-2.998400
-0.127590
-4.912300
-7.783100
-6.826200
-10.654000
-18.309000
-6.826200
-0.127590
8.484800
6.571000
-3.955300
-15.439000
-14.482000
-9.697000
-13.525000
-3.955300
-2.998400
-1.084500
-4.912300
-10.654000
-2.998400
13.270000
13.270000
10.399000
6.571000
6.571000
1.786300
-1.084500
9.441800
7.527900
4.657100
4.657100
3.700200
-2.041500
6.571000
9.441800
4.657100
-2.998400
-5.869200
1.786300
-3.955300
-5.869200
4.657100
-0.127590
-13.525000
-6.826200
-1.084500
2.743200
-3.955300
-10.654000
-8.740000
-6.826200
3.700200
8.484800
5.614000
2.743200
-0.127590
-6.826200
-6.826200
-2.041500
0.829350
0.829350
-0.127590
1.786300
10.399000
-1.084500
-8.740000
-4.912300
1.786300
-2.998400
-2.998400
-6.826200
-8.740000
-4.912300
-3.955300
0.829350
9.441800
9.441800
5.614000
6.571000
5.614000
2.743200
7.527900
6.571000
9.441800
6.571000
1.786300
-0.127590
-2.998400
-5.869200
-0.127590
8.484800
-1.084500
-14.482000
-11.611000
-3.955300
2.743200
4.657100
-1.084500
-8.740000
5.614000
14.226000
12.313000
5.614000
3.700200
10.399000
11.356000
9.441800
2.743200
1.786300
6.571000
8.484800
5.614000
9.441800
-0.127590
-6.826200
-4.912300
-3.955300
5.614000
13.270000
5.614000
-0.127590
-2.998400
-5.869200
-4.912300
-1.084500
6.571000
15.183000
-1.084500
-10.654000
-2.998400
1.786300
-2.998400
-5.869200
-6.826200
-4.912300
4.657100
16.139999
14.226000
6.571000
9.441800
5.614000
8.484800
7.527900
12.313000
7.527900
-4.912300
-6.826200
-8.740000
-14.482000
-17.351999
-24.051001
-24.051001
-12.568000
-9.697000
-12.568000
-17.351999
-12.568000
-5.869200
-11.611000
-11.611000
-8.740000
-5.869200
0.829350
-2.998400
-2.998400
-0.127590
-0.127590
4.657100
11.356000
14.226000
9.441800
4.657100
1.786300
-0.127590
4.657100
5.614000
8.484800
18.054001
13.270000
4.657100
6.571000
5.614000
-0.127590
3.700200
5.614000
-7.783100
-1.084500
5.614000
-3.955300
-1.084500
11.356000
9.441800
9.441800
1.786300
-2.041500
-6.826200
-8.740000
1.786300
0.829350
5.614000
2.743200
-2.041500
7.527900
2.743200
-2.998400
6.571000
5.614000
-7.783100
-5.869200
-0.127590
3.700200
-0.127590
-2.998400
-4.912300
-9.697000
-8.740000
-5.869200
-3.955300
-5.869200
-2.041500
-4.912300
-9.697000
7.527900
14.226000
15.183000
8.484800
-1.084500
-2.041500
2.743200
5.614000
-2.041500
-13.525000
-20.223000
-5.869200
-2.041500
-5.869200
2.743200
3.700200
-1.084500
-7.783100
-4.912300
-1.084500
1.786300
3.700200
-2.041500
-10.654000
-2.041500
2.743200
1.786300
2.743200
2.743200
-1.084500
7.527900
9.441800
8.484800
-0.127590
-1.084500
-0.127590
-5.869200
-6.826200
-5.869200
0.829350
3.700200
2.743200
6.571000
-1.084500
-10.654000
-0.127590
18.054001
13.270000
8.484800
6.571000
7.527900
19.968000
19.011000
15.183000
11.356000
5.614000
-2.041500
-2.998400
1.786300
2.743200
-1.084500
-8.740000
-16.396000
-18.309000
-12.568000
-12.568000
-14.482000
-13.525000
-3.955300
4.657100
1.786300
-1.084500
-1.084500
4.657100
4.657100
-1.084500
-2.998400
-2.998400
4.657100
0.829350
-2.998400
0.829350
2.743200
-4.912300
3.700200
19.011000
19.968000
8.484800
8.484800
10.399000
2.743200
