-0.064100
-1.025600
-1.025600
-3.910300
-4.871800
-4.871800
-0.064100
2.820500
1.859000
-1.987200
-0.064100
6.666700
10.513000
5.705100
2.820500
-0.064100
-2.948700
-0.064100
-2.948700
-6.794900
-6.794900
-4.871800
-2.948700
-0.064100
2.820500
1.859000
2.820500
1.859000
-2.948700
-2.948700
-3.910300
-6.794900
-4.871800
-3.910300
-6.794900
-5.833300
-3.910300
-5.833300
-1.987200
3.782100
5.705100
6.666700
6.666700
8.589700
6.666700
4.743600
7.628200
9.551300
7.628200
4.743600
1.859000
0.897440
-1.025600
-2.948700
-2.948700
-4.871800
-1.025600
1.859000
0.897440
0.897440
-1.025600
-0.064100
3.782100
1.859000
-1.025600
-0.064100
-0.064100
-1.987200
-1.025600
-1.025600
-0.064100
-2.948700
-4.871800
-5.833300
-0.064100
4.743600
-1.025600
-3.910300
-1.987200
-1.025600
-0.064100
-1.025600
-3.910300
-4.871800
-1.987200
-2.948700
-2.948700
-0.064100
-1.987200
-4.871800
-3.910300
-0.064100
-0.064100
-3.910300
-3.910300
-1.987200
-1.987200
-2.948700
-1.987200
-2.948700
-3.910300
-4.871800
-0.064100
3.782100
3.782100
3.782100
3.782100
4.743600
7.628200
6.666700
1.859000
-1.025600
-0.064100
0.897440
-1.025600
-1.987200
-2.948700
-3.910300
-0.064100
0.897440
-0.064100
-0.064100
0.897440
-0.064100
0.897440
1.859000
1.859000
0.897440
0.897440
3.782100
4.743600
2.820500
2.820500
5.705100
7.628200
6.666700
8.589700
10.513000
8.589700
6.666700
1.859000
3.782100
5.705100
4.743600
-0.064100
-1.987200
-1.987200
-1.987200
-0.064100
-0.064100
-1.025600
1.859000
4.743600
3.782100
-0.064100
-1.987200
-1.987200
-0.064100
-1.987200
-3.910300
-2.948700
-1.987200
1.859000
3.782100
6.666700
7.628200
4.743600
4.743600
5.705100
5.705100
1.859000
1.859000
-0.064100
0.897440
0.897440
0.897440
2.820500
3.782100
2.820500
-0.064100
-0.064100
2.820500
3.782100
-0.064100
-0.064100
1.859000
-1.025600
-3.910300
-1.025600
-1.987200
-2.948700
-3.910300
-4.871800
-4.871800
2.820500
6.666700
1.859000
-2.948700
-1.025600
2.820500
3.782100
1.859000
-1.987200
-5.833300
-8.717900
-3.910300
-1.025600
-0.064100
0.897440
-0.064100
-0.064100
-1.987200
-1.025600
-5.833300
-4.871800
-1.025600
-4.871800
-8.717900
-10.641000
-6.794900
-5.833300
-7.756400
-0.064100
3.782100
1.859000
3.782100
2.820500
4.743600
4.743600
2.820500
-1.025600
-4.871800
-2.948700
-1.987200
-1.987200
-2.948700
-3.910300
-2.948700
-3.910300
-4.871800
-7.756400
-6.794900
-3.910300
-1.025600
0.897440
0.897440
-0.064100
-1.987200
-2.948700
-1.025600
1.859000
-0.064100
-1.025600
1.859000
2.820500
3.782100
1.859000
1.859000
4.743600
3.782100
5.705100
8.589700
8.589700
3.782100
3.782100
5.705100
4.743600
4.743600
7.628200
6.666700
1.859000
-0.064100
2.820500
0.897440
-2.948700
-3.910300
-1.987200
0.897440
1.859000
-1.025600
-1.987200
-3.910300
-6.794900
-8.717900
-10.641000
-9.679500
-3.910300
0.897440
1.859000
2.820500
3.782100
9.551300
11.474000
9.551300
7.628200
3.782100
2.820500
0.897440
-1.025600
-3.910300
-3.910300
-2.948700
-4.871800
-1.987200
8.589700
15.321000
14.359000
13.397000
10.513000
7.628200
8.589700
4.743600
0.897440
1.859000
-0.064100
-2.948700
-7.756400
-8.717900
-6.794900
-5.833300
-4.871800
-5.833300
-3.910300
-2.948700
-1.987200
-0.064100
-1.025600
-1.025600
2.820500
4.743600
2.820500
0.897440
0.897440
-2.948700
-8.717900
-5.833300
-4.871800
-3.910300
-5.833300
-5.833300
-3.910300
-3.910300
-1.987200
0.897440
-0.064100
-1.025600
-0.064100
1.859000
4.743600
6.666700
4.743600
2.820500
-1.987200
-1.025600
-1.025600
-4.871800
-7.756400
-7.756400
-8.717900
-10.641000
-5.833300
-0.064100
-0.064100
-1.025600
1.859000
4.743600
8.589700
10.513000
8.589700
9.551300
8.589700
6.666700
2.820500
-3.910300
-8.717900
-11.603000
-12.564000
-11.603000
-7.756400
-4.871800
-2.948700
1.859000
5.705100
6.666700
6.666700
3.782100
1.859000
0.897440
-0.064100
0.897440
-0.064100
-1.025600
-1.987200
-2.948700
-2.948700
0.897440
3.782100
3.782100
8.589700
11.474000
9.551300
9.551300
6.666700
5.705100
2.820500
-0.064100
-2.948700
-3.910300
-1.025600
2.820500
3.782100
0.897440
-2.948700
-3.910300
-1.987200
-2.948700
-1.987200
-3.910300
-2.948700
1.859000
4.743600
2.820500
-0.064100
0.897440
1.859000
1.859000
-0.064100
-3.910300
-4.871800
-7.756400
-9.679500
-11.603000
-11.603000
-8.717900
-8.717900
-7.756400
-4.871800
-3.910300
-1.025600
1.859000
3.782100
5.705100
7.628200
8.589700
8.589700
6.666700
3.782100
3.782100
2.820500
0.897440
0.897440
-1.025600
0.897440
-0.064100
-1.025600
-0.064100
-1.025600
-1.987200
-1.987200
-1.025600
-3.910300
-3.910300
0.897440
2.820500
1.859000
4.743600
5.705100
4.743600
4.743600
5.705100
6.666700
5.705100
1.859000
0.897440
0.897440
-0.064100
-1.025600
-1.987200
-2.948700
-4.871800
-3.910300
-1.025600
-0.064100
-1.025600
-1.025600
-0.064100
-0.064100
1.859000
3.782100
1.859000
1.859000
0.897440
0.897440
1.859000
-0.064100
-2.948700
-2.948700
-1.987200
-1.987200
-1.987200
-2.948700
-1.987200
0.897440
0.897440
-1.987200
-1.987200
-4.871800
-8.717900
-8.717900
-9.679500
-5.833300
-1.987200
0.897440
0.897440
3.782100
5.705100
5.705100
5.705100
2.820500
1.859000
1.859000
-1.987200
-7.756400
-10.641000
-6.794900
-1.987200
-2.948700
-4.871800
-3.910300
-1.025600
2.820500
4.743600
4.743600
3.782100
1.859000
-0.064100
-1.987200
-5.833300
-8.717900
-8.717900
-5.833300
-3.910300
-1.987200
-1.025600
-0.064100
-0.064100
-1.025600
1.859000
4.743600
6.666700
7.628200
6.666700
6.666700
7.628200
10.513000
10.513000
7.628200
4.743600
3.782100
3.782100
3.782100
3.782100
3.782100
5.705100
5.705100
3.782100
3.782100
2.820500
3.782100
3.782100
2.820500
1.859000
2.820500
6.666700
5.705100
2.820500
0.897440
-1.025600
-1.987200
-0.064100
1.859000
0.897440
-1.987200
-1.987200
1.859000
2.820500
1.859000
0.897440
-3.910300
-2.948700
-2.948700
-1.987200
-0.064100
-1.987200
3.782100
5.705100
4.743600
4.743600
4.743600
0.897440
-2.948700
-1.025600
-0.064100
-1.025600
-1.025600
-2.948700
0.897440
0.897440
-1.025600
-2.948700
-2.948700
-1.025600
-2.948700
-5.833300
-4.871800
-3.910300
-4.871800
-5.833300
-4.871800
-2.948700
-1.025600
-1.025600
-1.987200
-1.025600
-1.025600
-1.987200
-2.948700
-2.948700
-1.987200
-1.025600
-2.948700
-4.871800
-2.948700
-1.025600
-1.025600
-0.064100
1.859000
3.782100
4.743600
2.820500
4.743600
6.666700
6.666700
5.705100
4.743600
2.820500
-3.910300
-3.910300
-2.948700
-1.987200
-0.064100
-0.064100
1.859000
1.859000
-0.064100
-0.064100
-0.064100
0.897440
0.897440
2.820500
5.705100
2.820500
1.859000
0.897440
-1.025600
-1.987200
-0.064100
0.897440
0.897440
2.820500
0.897440
0.897440
4.743600
5.705100
4.743600
5.705100
4.743600
1.859000
-0.064100
-0.064100
-1.025600
-3.910300
-2.948700
-1.025600
0.897440
4.743600
4.743600
4.743600
3.782100
-0.064100
0.897440
-1.987200
-4.871800
-6.794900
-3.910300
0.897440
2.820500
3.782100
1.859000
-0.064100
-0.064100
-1.987200
-4.871800
-6.794900
-7.756400
-4.871800
-3.910300
-4.871800
-6.794900
-5.833300
-3.910300
-1.025600
3.782100
5.705100
8.589700
9.551300
4.743600
2.820500
-0.064100
-0.064100
4.743600
4.743600
-2.948700
-6.794900
-4.871800
-2.948700
-5.833300
-9.679500
-10.641000
-8.717900
-3.910300
-2.948700
0.897440
4.743600
5.705100
8.589700
10.513000
9.551300
7.628200
4.743600
0.897440
-2.948700
-1.987200
-1.987200
-1.987200
-5.833300
-8.717900
-6.794900
-5.833300
-3.910300
-1.987200
0.897440
5.705100
7.628200
4.743600
0.897440
-1.987200
-2.948700
-2.948700
-3.910300
-3.910300
-1.987200
-2.948700
-1.987200
-0.064100
-0.064100
0.897440
0.897440
-0.064100
1.859000
4.743600
3.782100
0.897440
1.859000
2.820500
-0.064100
-1.987200
-0.064100
-1.987200
-4.871800
-4.871800
-4.871800
-5.833300
-2.948700
0.897440
0.897440
3.782100
6.666700
4.743600
2.820500
2.820500
3.782100
0.897440
-3.910300
-5.833300
-2.948700
-0.064100
-0.064100
-0.064100
0.897440
3.782100
7.628200
4.743600
-0.064100
-1.025600
0.897440
1.859000
1.859000
3.782100
2.820500
-0.064100
-0.064100
0.897440
3.782100
2.820500
3.782100
5.705100
6.666700
6.666700
7.628200
7.628200
3.782100
-0.064100
-0.064100
1.859000
-1.025600
-2.948700
-3.910300
-3.910300
-2.948700
0.897440
1.859000
-0.064100
-2.948700
-3.910300
-3.910300
-3.910300
-2.948700
-3.910300
-1.025600
5.705100
3.782100
0.897440
-0.064100
0.897440
3.782100
2.820500
1.859000
2.820500
-0.064100
-2.948700
-1.987200
0.897440
-1.987200
-1.987200
-1.987200
-1.987200
-1.025600
-2.948700
-3.910300
-1.025600
-1.025600
-2.948700
-1.025600
0.897440
-1.987200
-2.948700
-3.910300
-3.910300
-4.871800
-3.910300
-5.833300
-7.756400
-4.871800
-3.910300
-7.756400
-6.794900
-2.948700
-0.064100
-1.025600
-0.064100
0.897440
3.782100
2.820500
0.897440
1.859000
3.782100
2.820500
5.705100
8.589700
7.628200
3.782100
3.782100
1.859000
-0.064100
-2.948700
-4.871800
-3.910300
-1.987200
-3.910300
-4.871800
-1.987200
0.897440
1.859000
1.859000
3.782100
4.743600
4.743600
3.782100
2.820500
1.859000
0.897440
-0.064100
0.897440
0.897440
2.820500
1.859000
0.897440
0.897440
1.859000
1.859000
1.859000
-0.064100
-1.025600
-0.064100
-1.987200
-2.948700
-0.064100
2.820500
2.820500
-0.064100
-1.025600
-1.025600
-0.064100
-1.025600
-6.794900
-6.794900
-4.871800
-2.948700
-3.910300
-2.948700
-2.948700
-0.064100
0.897440
1.859000
1.859000
2.820500
1.859000
3.782100
10.513000
7.628200
4.743600
5.705100
5.705100
2.820500
-1.987200
-4.871800
-5.833300
-4.871800
-2.948700
-4.871800
-3.910300
1.859000
6.666700
7.628200
9.551300
9.551300
5.705100
2.820500
-0.064100
-1.025600
-0.064100
0.897440
2.820500
1.859000
0.897440
2.820500
6.666700
5.705100
6.666700
8.589700
8.589700
8.589700
7.628200
5.705100
3.782100
1.859000
-1.025600
-2.948700
-5.833300
-7.756400
-6.794900
-9.679500
-9.679500
-6.794900
-3.910300
-1.987200
-1.987200
-1.987200
-0.064100
1.859000
-0.064100
-3.910300
-10.641000
-12.564000
-11.603000
-8.717900
-2.948700
-0.064100
2.820500
4.743600
4.743600
1.859000
-0.064100
-0.064100
-1.025600
-1.987200
-1.987200
-1.025600
-0.064100
0.897440
-1.025600
-0.064100
-0.064100
