-2.026100
-1.045800
-0.065360
-1.045800
-2.026100
1.895400
6.797400
7.777800
5.817000
2.875800
2.875800
12.680000
17.582001
11.699000
3.856200
-2.026100
-4.967300
-4.967300
-5.947700
-6.928100
-5.947700
-2.026100
-1.045800
-2.026100
-0.065360
-0.065360
-0.065360
-2.026100
-5.947700
-8.888900
-9.869300
-8.888900
-6.928100
-3.986900
-3.986900
-3.986900
-2.026100
0.915030
2.875800
5.817000
6.797400
11.699000
11.699000
8.758200
5.817000
3.856200
7.777800
11.699000
12.680000
11.699000
7.777800
0.915030
-1.045800
-3.006500
-5.947700
-8.888900
-7.908500
-4.967300
-3.986900
-3.006500
-2.026100
-0.065360
1.895400
2.875800
1.895400
3.856200
1.895400
0.915030
2.875800
7.777800
7.777800
4.836600
-0.065360
-0.065360
2.875800
2.875800
-3.986900
-8.888900
-10.850000
-13.791000
-11.830000
-9.869300
-7.908500
-6.928100
-3.986900
-3.986900
-2.026100
-0.065360
-0.065360
-0.065360
-1.045800
-3.006500
-5.947700
-9.869300
-10.850000
-8.888900
-7.908500
-6.928100
-5.947700
-3.986900
-2.026100
0.915030
7.777800
13.660000
11.699000
8.758200
8.758200
10.719000
9.738600
6.797400
2.875800
2.875800
5.817000
4.836600
2.875800
2.875800
4.836600
2.875800
-0.065360
-2.026100
-2.026100
-2.026100
0.915030
0.915030
2.875800
5.817000
6.797400
5.817000
3.856200
6.797400
7.777800
4.836600
-0.065360
0.915030
4.836600
5.817000
3.856200
3.856200
2.875800
3.856200
1.895400
4.836600
6.797400
2.875800
-1.045800
-5.947700
-7.908500
-7.908500
-5.947700
-5.947700
-4.967300
-3.006500
-0.065360
-0.065360
-2.026100
-3.986900
-3.006500
-3.006500
-4.967300
-4.967300
-3.006500
-0.065360
0.915030
3.856200
3.856200
4.836600
4.836600
6.797400
7.777800
7.777800
1.895400
1.895400
1.895400
-0.065360
-3.006500
-5.947700
-5.947700
-5.947700
-4.967300
-5.947700
-3.986900
-0.065360
0.915030
-2.026100
-0.065360
4.836600
3.856200
-1.045800
-2.026100
-4.967300
-6.928100
-4.967300
-6.928100
-6.928100
-4.967300
-1.045800
-1.045800
0.915030
7.777800
12.680000
10.719000
3.856200
-5.947700
-11.830000
-15.752000
-13.791000
-11.830000
-10.850000
-5.947700
-2.026100
1.895400
3.856200
4.836600
4.836600
6.797400
8.758200
7.777800
2.875800
-3.006500
-7.908500
-7.908500
-5.947700
-5.947700
-6.928100
-4.967300
3.856200
8.758200
14.641000
18.562000
16.601000
10.719000
8.758200
6.797400
6.797400
6.797400
5.817000
-0.065360
-6.928100
-11.830000
-13.791000
-13.791000
-15.752000
-8.888900
-1.045800
2.875800
3.856200
5.817000
4.836600
6.797400
4.836600
5.817000
0.915030
-3.006500
-4.967300
-4.967300
-0.065360
-1.045800
0.915030
5.817000
6.797400
8.758200
12.680000
11.699000
6.797400
3.856200
5.817000
4.836600
3.856200
3.856200
1.895400
-2.026100
-3.986900
-0.065360
2.875800
2.875800
2.875800
3.856200
4.836600
2.875800
-1.045800
-1.045800
-3.986900
-6.928100
-11.830000
-10.850000
-4.967300
3.856200
15.621000
21.503000
22.483999
18.562000
18.562000
12.680000
5.817000
-3.006500
-8.888900
-9.869300
-10.850000
-13.791000
-10.850000
-5.947700
-1.045800
3.856200
9.738600
11.699000
10.719000
9.738600
4.836600
-3.006500
-9.869300
-8.888900
-11.830000
-16.732000
-19.673000
-20.653999
-21.634001
-21.634001
-17.712000
-12.810000
-4.967300
0.915030
2.875800
5.817000
10.719000
10.719000
9.738600
5.817000
4.836600
5.817000
8.758200
5.817000
0.915030
-3.006500
-5.947700
-8.888900
-10.850000
-10.850000
-9.869300
-8.888900
-3.986900
-1.045800
-2.026100
-3.986900
-3.006500
-2.026100
-3.006500
-2.026100
-2.026100
-1.045800
1.895400
2.875800
2.875800
-3.006500
-6.928100
-7.908500
-7.908500
-8.888900
-8.888900
-9.869300
-11.830000
-9.869300
-6.928100
-4.967300
-2.026100
0.915030
3.856200
10.719000
18.562000
22.483999
19.542000
15.621000
12.680000
6.797400
-2.026100
-8.888900
-15.752000
-17.712000
-18.693001
-13.791000
-6.928100
0.915030
10.719000
14.641000
15.621000
11.699000
5.817000
4.836600
2.875800
-1.045800
-2.026100
-1.045800
1.895400
4.836600
8.758200
10.719000
16.601000
23.464001
24.444000
26.405001
21.503000
15.621000
12.680000
8.758200
4.836600
0.915030
-2.026100
-6.928100
-12.810000
-7.908500
-3.986900
-1.045800
-0.065360
1.895400
2.875800
-1.045800
-5.947700
-7.908500
-9.869300
-10.850000
-8.888900
-6.928100
-4.967300
-3.006500
-0.065360
0.915030
4.836600
7.777800
9.738600
8.758200
4.836600
2.875800
-3.986900
-5.947700
-7.908500
-9.869300
-10.850000
-8.888900
-9.869300
-7.908500
-4.967300
-2.026100
-0.065360
2.875800
1.895400
-0.065360
0.915030
0.915030
1.895400
-0.065360
-1.045800
-2.026100
-2.026100
0.915030
-2.026100
-5.947700
-5.947700
-6.928100
-5.947700
-8.888900
-7.908500
-6.928100
-3.986900
-1.045800
-2.026100
-3.006500
-1.045800
4.836600
7.777800
7.777800
6.797400
8.758200
7.777800
5.817000
2.875800
-0.065360
-3.986900
-8.888900
-13.791000
-16.732000
-14.771000
-12.810000
-7.908500
-0.065360
4.836600
3.856200
4.836600
6.797400
11.699000
13.660000
11.699000
7.777800
0.915030
-2.026100
-0.065360
1.895400
0.915030
-1.045800
-4.967300
-2.026100
0.915030
4.836600
9.738600
12.680000
10.719000
12.680000
13.660000
7.777800
1.895400
-1.045800
-3.006500
-4.967300
-4.967300
-4.967300
-4.967300
-1.045800
3.856200
4.836600
2.875800
-3.006500
-5.947700
-11.830000
-18.693001
-26.535999
-29.476999
-22.614000
-13.791000
-7.908500
-5.947700
-1.045800
6.797400
12.680000
14.641000
13.660000
11.699000
10.719000
8.758200
4.836600
0.915030
0.915030
0.915030
1.895400
3.856200
2.875800
1.895400
4.836600
7.777800
7.777800
4.836600
-0.065360
-2.026100
-1.045800
-0.065360
-0.065360
-1.045800
-0.065360
1.895400
0.915030
-1.045800
-3.006500
-3.986900
-0.065360
1.895400
2.875800
1.895400
-0.065360
-3.006500
-1.045800
0.915030
2.875800
0.915030
0.915030
3.856200
4.836600
8.758200
7.777800
5.817000
3.856200
2.875800
0.915030
-0.065360
0.915030
0.915030
-1.045800
-0.065360
-3.006500
-3.986900
-5.947700
-8.888900
-9.869300
-5.947700
-2.026100
-1.045800
0.915030
1.895400
7.777800
11.699000
8.758200
4.836600
2.875800
-0.065360
-3.986900
-8.888900
-6.928100
-3.986900
-2.026100
-2.026100
-0.065360
0.915030
0.915030
3.856200
1.895400
1.895400
0.915030
-3.006500
-5.947700
-6.928100
-10.850000
-13.791000
-12.810000
-6.928100
-0.065360
0.915030
0.915030
-1.045800
-2.026100
-4.967300
-4.967300
-3.006500
-0.065360
0.915030
2.875800
0.915030
2.875800
1.895400
2.875800
3.856200
5.817000
6.797400
6.797400
3.856200
2.875800
8.758200
10.719000
10.719000
8.758200
5.817000
2.875800
4.836600
3.856200
2.875800
-0.065360
-0.065360
1.895400
-2.026100
-4.967300
-5.947700
-3.986900
-2.026100
-1.045800
1.895400
5.817000
6.797400
7.777800
4.836600
2.875800
2.875800
3.856200
4.836600
2.875800
2.875800
-3.006500
-2.026100
3.856200
9.738600
11.699000
12.680000
12.680000
11.699000
8.758200
5.817000
0.915030
-3.006500
-3.986900
-2.026100
-1.045800
-0.065360
1.895400
3.856200
4.836600
2.875800
0.915030
-3.986900
-5.947700
-3.986900
-2.026100
-0.065360
2.875800
-0.065360
-5.947700
-10.850000
-11.830000
-10.850000
-12.810000
-11.830000
-12.810000
-12.810000
-12.810000
-11.830000
-10.850000
-3.006500
6.797400
14.641000
16.601000
15.621000
13.660000
5.817000
-3.006500
-5.947700
-7.908500
-7.908500
-3.986900
-6.928100
-12.810000
-14.771000
-11.830000
-7.908500
-5.947700
-6.928100
-6.928100
-3.986900
0.915030
1.895400
4.836600
6.797400
4.836600
3.856200
1.895400
1.895400
3.856200
4.836600
2.875800
-2.026100
-1.045800
3.856200
3.856200
2.875800
-1.045800
-2.026100
-2.026100
-3.006500
-3.986900
-0.065360
7.777800
7.777800
3.856200
-1.045800
-3.986900
-5.947700
-7.908500
-12.810000
-12.810000
-10.850000
-8.888900
-8.888900
-6.928100
-3.986900
-4.967300
-3.006500
-4.967300
-1.045800
3.856200
6.797400
6.797400
7.777800
8.758200
7.777800
5.817000
7.777800
6.797400
3.856200
-0.065360
-3.006500
-4.967300
-4.967300
-0.065360
3.856200
9.738600
8.758200
2.875800
-1.045800
0.915030
1.895400
1.895400
-1.045800
-3.006500
-2.026100
-1.045800
0.915030
2.875800
5.817000
9.738600
11.699000
9.738600
7.777800
8.758200
13.660000
16.601000
15.621000
10.719000
8.758200
4.836600
1.895400
-1.045800
-4.967300
-6.928100
-5.947700
0.915030
3.856200
3.856200
7.777800
9.738600
6.797400
3.856200
3.856200
3.856200
-3.006500
-6.928100
-5.947700
-4.967300
-2.026100
-2.026100
-2.026100
-2.026100
-1.045800
-5.947700
-8.888900
-11.830000
-11.830000
-12.810000
-8.888900
-5.947700
-4.967300
-5.947700
-2.026100
4.836600
7.777800
9.738600
8.758200
9.738600
7.777800
2.875800
-0.065360
-2.026100
-6.928100
-6.928100
-3.986900
-1.045800
-2.026100
-3.986900
-3.986900
-1.045800
2.875800
5.817000
9.738600
8.758200
3.856200
-0.065360
-1.045800
-5.947700
-7.908500
-6.928100
-6.928100
-11.830000
-11.830000
-12.810000
-12.810000
-8.888900
-5.947700
-1.045800
0.915030
2.875800
2.875800
2.875800
-1.045800
-2.026100
0.915030
3.856200
4.836600
3.856200
2.875800
1.895400
1.895400
4.836600
6.797400
4.836600
4.836600
0.915030
-1.045800
-2.026100
-3.006500
-3.986900
-0.065360
1.895400
-1.045800
-3.006500
1.895400
6.797400
6.797400
6.797400
5.817000
1.895400
-1.045800
-1.045800
0.915030
-0.065360
-2.026100
-3.006500
-3.986900
-2.026100
-1.045800
-2.026100
-0.065360
5.817000
7.777800
6.797400
5.817000
0.915030
1.895400
5.817000
3.856200
-2.026100
-6.928100
-8.888900
-4.967300
-7.908500
-9.869300
-5.947700
-0.065360
-0.065360
-2.026100
0.915030
0.915030
0.915030
-0.065360
2.875800
2.875800
1.895400
0.915030
3.856200
7.777800
6.797400
6.797400
9.738600
8.758200
3.856200
-0.065360
-4.967300
-8.888900
-9.869300
-7.908500
-9.869300
-7.908500
-3.006500
4.836600
11.699000
14.641000
15.621000
15.621000
11.699000
9.738600
7.777800
7.777800
5.817000
0.915030
-0.065360
-1.045800
-0.065360
-2.026100
-3.986900
-2.026100
2.875800
6.797400
11.699000
8.758200
5.817000
2.875800
-1.045800
-5.947700
-9.869300
-10.850000
-14.771000
-15.752000
-15.752000
-10.850000
-5.947700
-2.026100
-1.045800
1.895400
3.856200
6.797400
7.777800
8.758200
5.817000
-2.026100
-7.908500
-10.850000
-8.888900
-0.065360
10.719000
18.562000
16.601000
10.719000
3.856200
-3.986900
-5.947700
-9.869300
-11.830000
-13.791000
-13.791000
-9.869300
-6.928100
-3.986900
-2.026100
-0.065360
