-15.849000
-13.962000
-4.528300
-0.754720
5.534600
2.389900
4.276700
5.534600
13.082000
5.534600
4.905700
-3.899400
0.503140
-4.528300
-5.157200
-2.012600
-8.930800
0.503140
-2.641500
-2.641500
1.761000
-3.899400
-5.786200
-0.125790
-6.415100
-1.383600
-2.641500
-5.157200
-0.125790
9.937100
7.421400
9.308200
7.421400
9.937100
2.389900
2.389900
7.421400
-2.641500
-5.157200
-3.270400
1.761000
-0.754720
-3.899400
-0.125790
-7.044000
-8.930800
-10.189000
-5.157200
-1.383600
14.340000
10.566000
9.308200
12.453000
17.483999
8.679200
10.566000
7.421400
12.453000
9.308200
0.503140
-3.270400
3.647800
-2.012600
-3.270400
-2.641500
-13.962000
-8.930800
-5.157200
4.276700
1.132100
-0.125790
3.018900
6.163500
10.566000
4.276700
6.792500
4.276700
-1.383600
-1.383600
-0.754720
-7.044000
-11.447000
-5.157200
-7.044000
1.761000
7.421400
-0.125790
-2.641500
-14.591000
-13.962000
-10.818000
-8.301900
-3.270400
4.905700
22.516001
7.421400
11.195000
20.629000
7.421400
4.905700
3.647800
1.132100
2.389900
-2.012600
-7.044000
-4.528300
-1.383600
-5.157200
-3.899400
-2.012600
-3.270400
1.132100
0.503140
4.905700
-7.673000
0.503140
6.163500
1.132100
-2.012600
1.761000
3.018900
4.905700
0.503140
-1.383600
-7.673000
-17.107000
-13.333000
-7.673000
-0.125790
2.389900
6.163500
3.647800
8.679200
7.421400
2.389900
3.647800
4.276700
-1.383600
-3.270400
-6.415100
-5.157200
-7.673000
-6.415100
-4.528300
-12.075000
-12.704000
-5.157200
1.132100
8.050300
11.824000
9.937100
6.792500
14.340000
9.308200
1.132100
6.163500
1.132100
-4.528300
5.534600
7.421400
1.132100
-0.754720
-4.528300
-7.044000
-4.528300
-5.157200
-6.415100
-8.301900
1.132100
11.195000
10.566000
9.308200
10.566000
11.195000
13.711000
14.969000
3.018900
3.018900
6.792500
9.308200
11.195000
17.483999
3.647800
4.905700
-4.528300
-7.673000
3.647800
8.679200
8.679200
14.340000
6.792500
-13.333000
-14.591000
-2.012600
6.792500
6.792500
6.163500
-0.125790
-12.075000
-10.189000
-10.189000
-8.301900
-5.157200
-8.930800
-15.849000
-12.704000
-15.220000
-13.333000
0.503140
-0.754720
-1.383600
-3.270400
-11.447000
-7.673000
-11.447000
-11.447000
-10.818000
-10.189000
-7.044000
-7.044000
2.389900
13.082000
18.113001
19.371000
18.113001
7.421400
9.937100
4.276700
-3.899400
-17.107000
-20.252001
-15.849000
-22.767000
-22.767000
-22.138000
-20.881001
-3.270400
-1.383600
1.761000
-0.754720
0.503140
1.132100
0.503140
2.389900
1.132100
4.276700
11.824000
-3.899400
-21.509001
-22.138000
-7.044000
6.792500
16.226000
23.145000
7.421400
1.761000
9.937100
6.163500
2.389900
8.050300
13.082000
14.969000
14.969000
12.453000
6.792500
6.163500
-8.930800
-2.641500
-7.673000
-8.930800
-5.157200
2.389900
3.647800
9.937100
9.937100
-0.754720
-6.415100
0.503140
5.534600
7.421400
-4.528300
-10.189000
-3.270400
-7.044000
-4.528300
-0.754720
3.018900
3.647800
-5.157200
-8.301900
3.018900
4.905700
11.195000
16.226000
16.855000
11.195000
-8.301900
-2.012600
3.647800
9.308200
7.421400
11.824000
10.566000
1.761000
-3.270400
-3.270400
-3.899400
-7.673000
-13.333000
-17.107000
-11.447000
-12.704000
-13.333000
-8.930800
3.018900
0.503140
6.163500
20.629000
13.711000
8.050300
7.421400
-5.786200
-1.383600
6.792500
1.761000
1.132100
4.905700
13.082000
17.483999
8.050300
1.132100
0.503140
-3.270400
-15.220000
-10.189000
-10.818000
-22.138000
-12.704000
-6.415100
-0.754720
-5.157200
-5.786200
-0.754720
0.503140
4.905700
6.792500
1.761000
-12.704000
-17.107000
-25.283001
-25.912001
-11.447000
6.163500
13.711000
3.018900
-2.641500
-0.125790
-0.754720
-1.383600
1.132100
-0.125790
-2.641500
-1.383600
-6.415100
-2.641500
-5.157200
-8.301900
-10.818000
0.503140
7.421400
-4.528300
-5.786200
-5.157200
-0.754720
6.163500
-2.641500
4.276700
3.647800
-1.383600
5.534600
-2.012600
-2.012600
0.503140
-5.786200
-6.415100
-17.736000
-13.962000
-3.899400
9.308200
4.905700
13.711000
23.774000
21.257999
14.340000
9.308200
10.566000
8.050300
7.421400
2.389900
4.905700
10.566000
9.308200
8.050300
8.050300
3.647800
6.792500
7.421400
12.453000
8.050300
-9.559700
-7.673000
-12.704000
-12.075000
-0.125790
3.018900
8.679200
7.421400
6.792500
10.566000
11.824000
6.163500
4.276700
11.195000
-4.528300
-2.641500
-3.270400
-12.704000
-8.301900
-8.301900
-7.673000
-2.012600
2.389900
10.566000
14.969000
18.742001
25.031000
18.742001
14.969000
2.389900
-5.786200
-8.301900
-5.786200
-8.301900
-18.365000
-20.881001
-17.736000
-23.396000
-16.478001
-13.962000
-9.559700
-5.786200
-5.157200
-9.559700
-3.270400
8.679200
8.050300
14.340000
13.082000
17.483999
6.792500
3.018900
9.308200
8.050300
11.824000
1.132100
1.761000
-0.754720
-7.044000
-4.528300
-2.012600
-12.704000
-15.849000
-6.415100
-7.044000
2.389900
1.132100
8.050300
18.742001
18.742001
9.308200
5.534600
8.679200
9.308200
-4.528300
-8.301900
-10.189000
-13.962000
-8.301900
-7.044000
-8.930800
-4.528300
-7.044000
-7.044000
4.905700
-1.383600
-7.044000
-9.559700
-5.157200
-10.189000
-18.365000
-15.849000
-10.818000
-4.528300
-3.899400
-0.754720
9.308200
6.792500
2.389900
-0.754720
-3.899400
-7.044000
-0.125790
-0.125790
-2.641500
3.647800
5.534600
7.421400
8.679200
9.937100
0.503140
-3.270400
1.761000
2.389900
4.276700
-0.754720
5.534600
11.195000
11.824000
11.824000
8.679200
-2.012600
-13.333000
-13.962000
-8.930800
-10.189000
-6.415100
-0.754720
9.308200
11.195000
11.195000
12.453000
10.566000
10.566000
4.905700
-4.528300
-7.044000
-7.044000
-7.044000
-2.641500
-4.528300
3.018900
6.792500
4.905700
2.389900
-7.673000
-3.899400
2.389900
1.132100
-9.559700
-8.301900
-0.125790
0.503140
7.421400
14.340000
8.679200
4.276700
14.340000
14.340000
-3.270400
-7.044000
-3.270400
-7.044000
-9.559700
-8.301900
1.761000
0.503140
18.113001
12.453000
2.389900
3.647800
1.132100
-3.899400
-12.075000
-12.704000
-7.044000
4.276700
4.276700
7.421400
10.566000
15.597000
21.257999
4.276700
-2.012600
0.503140
-6.415100
-8.301900
-9.559700
-6.415100
-9.559700
5.534600
2.389900
-1.383600
-0.125790
-3.899400
-0.125790
-7.044000
-6.415100
-8.301900
-3.270400
1.132100
-3.270400
-5.157200
-1.383600
-5.786200
-10.818000
-10.189000
-5.786200
-1.383600
4.905700
-1.383600
-5.786200
1.761000
6.163500
4.276700
-0.125790
1.761000
4.276700
9.308200
8.050300
4.905700
1.132100
-5.157200
-7.044000
-13.962000
-17.736000
-17.736000
-20.881001
-15.220000
3.018900
1.132100
6.163500
6.792500
13.082000
13.711000
14.340000
14.340000
15.597000
7.421400
0.503140
-1.383600
-6.415100
-8.301900
-13.962000
-10.818000
-9.559700
-0.754720
4.905700
8.050300
14.340000
25.031000
23.145000
20.629000
12.453000
16.226000
6.163500
-0.754720
-2.641500
-3.270400
9.308200
2.389900
-5.157200
-5.786200
-2.012600
-6.415100
-10.818000
-12.704000
-15.220000
-19.622999
-13.962000
-13.333000
-8.301900
-3.899400
-7.044000
1.132100
13.082000
21.257999
8.679200
4.905700
4.276700
3.018900
-2.012600
-5.786200
-7.673000
-2.641500
8.050300
18.113001
7.421400
-1.383600
1.761000
-0.754720
-5.157200
-8.930800
-9.559700
-6.415100
2.389900
-7.673000
-2.012600
3.647800
4.276700
-2.641500
-2.012600
-2.641500
-7.673000
-4.528300
6.163500
-0.754720
3.018900
12.453000
11.195000
14.969000
11.824000
13.711000
12.453000
1.761000
-3.270400
-7.673000
-6.415100
-3.270400
-3.899400
-0.125790
1.132100
9.308200
9.937100
2.389900
4.905700
1.761000
3.018900
-4.528300
-6.415100
-3.899400
-9.559700
-2.012600
0.503140
11.195000
16.226000
12.453000
10.566000
-3.270400
-3.899400
-2.012600
-10.189000
-5.786200
-12.704000
-7.044000
-8.301900
-10.189000
-8.301900
-4.528300
-1.383600
-4.528300
-0.754720
-0.125790
-8.301900
-6.415100
-12.075000
-17.107000
-9.559700
-6.415100
-10.189000
-0.754720
4.905700
8.050300
13.082000
4.276700
-5.786200
-8.301900
-7.044000
-10.818000
-10.818000
-1.383600
-5.786200
-5.157200
-7.044000
-0.125790
4.276700
7.421400
9.308200
2.389900
7.421400
13.082000
18.113001
18.113001
8.050300
3.018900
-2.641500
-9.559700
-7.673000
-17.107000
-8.301900
-3.899400
3.018900
8.050300
13.711000
24.403000
14.969000
11.195000
14.969000
12.453000
11.824000
8.050300
0.503140
3.018900
2.389900
11.824000
-2.012600
-0.754720
1.761000
1.132100
-1.383600
-8.301900
-7.673000
-5.157200
7.421400
-3.899400
-6.415100
8.679200
8.050300
1.132100
-1.383600
-9.559700
-10.818000
-8.301900
-18.365000
-12.704000
-5.157200
-7.044000
11.195000
13.082000
9.308200
19.371000
4.905700
0.503140
1.761000
-5.786200
-6.415100
-10.189000
-12.704000
-11.447000
-6.415100
-3.899400
-2.012600
11.824000
15.597000
20.629000
9.308200
-0.754720
13.711000
-3.270400
-8.930800
-4.528300
-3.270400
4.276700
9.937100
13.711000
19.371000
23.145000
18.113001
20.000000
20.629000
9.937100
4.905700
3.647800
4.276700
-3.270400
-6.415100
-10.189000
-12.704000
-3.899400
-7.044000
-0.754720
-5.157200
-7.673000
-17.107000
-18.993999
-15.849000
-20.252001
-18.365000
-13.962000
-10.189000
-7.044000
-5.157200
-9.559700
-8.930800
-7.673000
-17.736000
-27.170000
-24.025000
-20.881001
-18.993999
-12.704000
-16.478001
-3.899400
3.018900
3.018900
4.276700
8.679200
10.566000
3.647800
4.276700
1.132100
-2.012600
4.905700
3.647800
6.163500
-0.754720
6.163500
8.679200
19.371000
18.113001
18.113001
23.774000
26.917999
23.145000
16.226000
10.566000
6.163500
1.132100
0.503140
7.421400
2.389900
11.824000
6.163500
8.679200
13.711000
2.389900
-0.125790
1.132100
1.132100
4.276700
1.761000
8.050300
2.389900
-2.012600
3.018900
-3.899400
3.647800
0.503140
3.647800
8.679200
13.082000
9.937100
4.276700
1.761000
6.163500
8.050300
3.018900
3.647800
1.132100
1.132100
-1.383600
-0.754720
-8.301900
-11.447000
-3.899400
-8.301900
-3.899400
-0.754720
-9.559700
-8.301900
-5.786200
-10.818000
-8.301900
-2.012600
-11.447000
-12.704000
-13.962000
-18.365000
-17.736000
-12.075000
-4.528300
-12.704000
-15.220000
-2.641500
-3.899400
0.503140
-3.899400
8.050300
9.308200
10.566000
13.082000
10.566000
7.421400
6.792500
1.761000
-3.899400
4.276700
-0.125790
-0.125790
-2.641500
-12.075000
-6.415100
-9.559700
-7.044000
-12.075000
-17.736000
-14.591000
-15.220000
-8.930800
-5.786200
-10.189000
-5.157200
-3.899400
0.503140
1.761000
4.276700
6.792500
16.226000
14.340000
11.824000
14.340000
9.308200
4.276700
6.163500
-2.012600
