-1.142900
-19.556000
-4.317500
-6.222200
0.761900
5.206300
-8.761900
-1.777800
7.746000
-1.777800
7.111100
5.841300
5.206300
2.031700
2.031700
2.666700
-5.587300
5.841300
4.571400
-4.952400
19.174999
3.936500
-10.032000
5.841300
-3.047600
-0.507940
24.889000
-13.841000
-8.761900
16.000000
0.761900
16.635000
0.126980
3.301600
22.349001
5.841300
0.126980
-11.302000
-1.142900
0.126980
17.270000
5.841300
-7.492100
-1.142900
-5.587300
-4.952400
-20.825001
-11.302000
-10.032000
35.682999
-6.222200
-1.777800
16.000000
23.618999
14.095000
-7.492100
-3.047600
10.286000
21.079000
-13.841000
-20.825001
-11.937000
-10.667000
-4.317500
8.381000
-15.746000
-22.730000
5.841300
-13.206000
-3.047600
-1.142900
-19.556000
-1.142900
8.381000
5.206300
0.126980
9.650800
38.222000
-12.571000
-10.032000
2.666700
-6.222200
6.476200
-6.857100
7.746000
9.650800
0.761900
8.381000
0.761900
-11.937000
-9.396800
-11.302000
-6.857100
-0.507940
3.936500
-7.492100
3.301600
2.031700
3.301600
6.476200
2.031700
0.761900
3.936500
3.936500
3.301600
10.286000
3.936500
19.174999
21.079000
8.381000
2.031700
0.761900
4.571400
-2.412700
-6.222200
5.841300
-1.142900
6.476200
-6.222200
-6.222200
-1.142900
-1.142900
1.396800
0.126980
0.761900
0.126980
-3.047600
1.396800
9.015900
-6.857100
-6.857100
-6.222200
-6.222200
-12.571000
-11.937000
-6.857100
-7.492100
-5.587300
14.095000
-8.761900
-6.222200
3.301600
0.126980
5.206300
-3.682500
-4.317500
13.460000
3.301600
13.460000
28.698000
14.730000
12.825000
3.936500
-12.571000
-12.571000
-6.222200
3.301600
-5.587300
-4.317500
-1.777800
-5.587300
3.936500
-2.412700
-4.317500
-6.222200
1.396800
7.111100
11.556000
28.063000
13.460000
-8.127000
3.936500
11.556000
9.015900
9.650800
11.556000
-1.142900
-3.682500
-5.587300
-1.142900
-3.047600
-8.761900
-10.032000
0.126980
7.746000
8.381000
20.444000
-3.682500
-7.492100
9.015900
8.381000
10.286000
14.095000
-4.952400
-3.682500
5.206300
-0.507940
-1.777800
7.111100
5.841300
-0.507940
-1.142900
-8.127000
10.921000
3.301600
-0.507940
-6.222200
-20.825001
-22.094999
-17.650999
-8.127000
-30.983999
-30.349001
-20.825001
-19.556000
-5.587300
-8.127000
-9.396800
-4.952400
-15.746000
-13.841000
-1.777800
-6.857100
-6.857100
-6.857100
-11.302000
-6.857100
-8.127000
-1.777800
-4.952400
-3.047600
-0.507940
-2.412700
-3.047600
4.571400
5.841300
9.015900
10.286000
12.190000
4.571400
1.396800
1.396800
14.730000
19.174999
0.126980
-6.222200
-2.412700
-14.476000
-10.667000
1.396800
5.841300
9.015900
5.841300
2.031700
4.571400
1.396800
7.111100
12.190000
10.286000
15.365000
17.905001
14.095000
13.460000
-1.142900
-1.142900
9.650800
-8.127000
-4.317500
0.761900
-1.777800
4.571400
15.365000
14.730000
21.714001
21.079000
22.983999
22.349001
16.635000
17.905001
-2.412700
-8.127000
-1.777800
2.031700
-0.507940
-3.047600
-8.127000
-10.032000
-8.761900
-6.857100
-24.635000
-7.492100
-4.317500
-3.682500
-2.412700
-5.587300
10.921000
0.126980
9.015900
-8.761900
-5.587300
-0.507940
-3.682500
0.126980
-5.587300
-8.761900
2.031700
-18.285999
-15.111000
-11.302000
-15.111000
-6.857100
-3.047600
-17.016001
-20.825001
-14.476000
-9.396800
-0.507940
4.571400
10.921000
15.365000
17.270000
13.460000
17.270000
14.730000
17.905001
24.889000
15.365000
14.730000
14.095000
9.015900
3.301600
12.825000
1.396800
-11.302000
-3.682500
8.381000
10.286000
14.730000
10.286000
12.190000
-7.492100
-4.317500
10.921000
-5.587300
0.126980
-6.857100
-8.127000
-16.381001
-22.094999
-25.270000
-30.983999
-27.809999
-5.587300
-19.556000
-15.111000
-8.127000
0.761900
5.206300
-3.682500
-4.317500
-7.492100
1.396800
19.174999
2.666700
3.301600
14.730000
-3.682500
-11.302000
-24.635000
-25.905001
-34.793999
-24.635000
-20.190001
-28.444000
-13.841000
-1.142900
3.936500
14.095000
19.809999
14.730000
15.365000
3.936500
-2.412700
1.396800
-3.682500
-1.142900
0.126980
3.301600
4.571400
-8.761900
-10.032000
-3.047600
14.095000
0.126980
7.111100
15.365000
-13.206000
-15.111000
-6.222200
3.936500
5.841300
4.571400
2.031700
12.825000
10.286000
12.190000
7.746000
22.983999
16.635000
16.635000
16.000000
0.126980
-7.492100
-14.476000
-18.921000
-9.396800
2.031700
-5.587300
-1.142900
15.365000
2.031700
5.841300
9.650800
-11.937000
0.761900
9.650800
9.650800
7.111100
15.365000
12.825000
9.650800
31.872999
28.698000
33.778000
16.000000
33.778000
19.174999
17.905001
7.746000
-3.047600
2.666700
0.761900
1.396800
0.761900
-7.492100
20.444000
-4.317500
-10.667000
-3.047600
-10.667000
2.666700
-6.222200
-3.047600
5.206300
10.286000
4.571400
-0.507940
11.556000
12.825000
-3.682500
3.301600
19.809999
15.365000
15.365000
17.270000
3.301600
1.396800
-23.365000
-29.079000
-27.174999
-20.825001
-20.825001
-19.556000
-13.841000
5.206300
12.190000
23.618999
3.936500
5.841300
-4.952400
-13.206000
-17.016001
-13.206000
-11.937000
-20.825001
-26.540001
-11.937000
-8.127000
-24.000000
-30.349001
-13.841000
-25.270000
-19.556000
-17.650999
-8.127000
-12.571000
-4.317500
-5.587300
-8.127000
5.206300
-15.111000
-3.682500
-4.952400
-17.650999
-6.857100
-15.111000
2.666700
3.301600
0.126980
3.936500
0.126980
11.556000
16.635000
29.968000
19.809999
21.079000
17.270000
13.460000
18.540001
3.301600
-7.492100
2.666700
3.936500
-10.032000
-11.302000
-3.047600
-1.142900
-3.682500
-0.507940
9.015900
-1.142900
-11.302000
-3.047600
9.650800
15.365000
23.618999
15.365000
13.460000
16.635000
7.746000
-5.587300
-17.016001
-4.952400
-0.507940
7.746000
1.396800
0.761900
-0.507940
7.746000
13.460000
6.476200
7.111100
-10.667000
-17.650999
-8.127000
-8.761900
17.270000
3.301600
-1.777800
1.396800
0.126980
-4.952400
-2.412700
5.206300
-1.142900
-5.587300
18.540001
11.556000
2.666700
10.286000
-1.777800
5.206300
-1.777800
2.666700
3.936500
-6.222200
6.476200
13.460000
8.381000
12.190000
9.650800
12.190000
9.015900
-10.667000
-10.667000
-5.587300
-4.952400
-5.587300
-4.317500
-0.507940
12.825000
-3.047600
-11.302000
-9.396800
-6.222200
-1.777800
10.921000
2.666700
-5.587300
-3.682500
-10.032000
-11.302000
-8.761900
-14.476000
-10.032000
-6.857100
4.571400
3.301600
11.556000
10.921000
5.841300
3.936500
-6.222200
-1.142900
-4.317500
-14.476000
-25.905001
-30.349001
-29.714001
-39.237999
-22.094999
-7.492100
7.746000
10.286000
2.666700
14.730000
6.476200
12.825000
14.730000
19.809999
17.270000
24.889000
22.349001
10.286000
-8.127000
-11.302000
-15.746000
-23.365000
-17.650999
-18.285999
-8.127000
-4.317500
-4.952400
-6.857100
0.761900
3.936500
1.396800
2.031700
3.936500
11.556000
10.286000
5.841300
13.460000
1.396800
-1.777800
-2.412700
-7.492100
6.476200
5.841300
12.825000
5.841300
5.841300
3.301600
3.936500
16.635000
1.396800
-3.047600
9.650800
9.650800
11.556000
2.666700
-3.682500
9.015900
-10.667000
-20.825001
-15.111000
-18.285999
-4.952400
-9.396800
-5.587300
2.666700
-5.587300
2.031700
3.936500
17.905001
0.761900
-8.127000
6.476200
3.301600
6.476200
0.761900
-0.507940
10.286000
7.746000
2.666700
12.190000
12.190000
9.015900
-7.492100
-11.302000
-12.571000
-18.921000
-11.302000
-2.412700
7.111100
-8.761900
2.031700
-1.142900
4.571400
10.286000
-0.507940
-0.507940
-1.142900
5.841300
12.825000
2.666700
10.921000
21.079000
18.540001
21.079000
5.841300
-2.412700
-0.507940
2.031700
12.825000
-11.937000
-8.127000
5.206300
13.460000
2.666700
-4.317500
3.936500
3.301600
2.666700
-3.047600
2.666700
10.921000
11.556000
10.921000
3.936500
-1.777800
0.761900
-1.777800
-2.412700
5.206300
-13.206000
-5.587300
-0.507940
-6.222200
-10.667000
-16.381001
-12.571000
-15.746000
-7.492100
-4.317500
-15.746000
-20.190001
-11.937000
-15.746000
-1.777800
12.825000
12.190000
2.666700
7.111100
2.031700
7.746000
-8.127000
9.015900
4.571400
-3.047600
-1.777800
-10.667000
-10.667000
-12.571000
-20.190001
-27.809999
-23.365000
-17.016001
-3.682500
2.666700
9.015900
8.381000
4.571400
17.905001
13.460000
14.730000
13.460000
2.031700
6.476200
0.761900
1.396800
14.095000
11.556000
-1.777800
-3.047600
-11.302000
-16.381001
-16.381001
-3.682500
-3.682500
10.921000
8.381000
9.650800
16.635000
19.174999
7.111100
4.571400
8.381000
0.126980
0.761900
-1.142900
-1.777800
10.286000
6.476200
4.571400
3.936500
3.936500
9.015900
3.936500
2.031700
4.571400
9.015900
9.650800
9.650800
-8.761900
-3.682500
0.126980
-1.777800
-2.412700
-3.047600
-5.587300
-4.952400
0.761900
7.746000
7.111100
9.650800
8.381000
7.111100
4.571400
17.905001
0.761900
-3.682500
-8.761900
-8.761900
-1.142900
-4.317500
-9.396800
-8.761900
-8.127000
10.286000
12.825000
14.730000
21.714001
30.603001
29.333000
14.730000
16.000000
10.921000
9.015900
5.206300
1.396800
3.936500
16.000000
2.031700
0.126980
3.301600
-1.777800
-1.777800
0.126980
3.301600
7.111100
6.476200
-1.142900
2.666700
-8.761900
-11.302000
-12.571000
-11.937000
-7.492100
-3.682500
-8.127000
-8.761900
-11.937000
-12.571000
-9.396800
-3.047600
-14.476000
-13.841000
-3.682500
2.031700
-3.682500
-8.127000
-6.857100
-7.492100
-11.937000
-21.459999
-22.094999
-21.459999
-27.809999
-13.841000
-24.000000
-23.365000
-8.127000
-8.761900
-4.317500
-6.857100
6.476200
4.571400
-1.142900
2.031700
-2.412700
-3.047600
-8.761900
-1.777800
-0.507940
2.031700
9.650800
17.905001
19.809999
21.079000
24.254000
24.889000
20.444000
13.460000
15.365000
10.921000
13.460000
9.650800
20.444000
18.540001
24.889000
24.889000
12.190000
18.540001
16.635000
3.301600
4.571400
0.761900
1.396800
-2.412700
-4.952400
-4.952400
-11.302000
0.761900
-14.476000
-10.032000
-11.302000
-17.650999
-4.317500
3.936500
10.921000
26.794001
5.841300
9.650800
12.190000
15.365000
8.381000
-4.317500
3.301600
-4.952400
-6.857100
-4.317500
-17.650999
-10.667000
-20.190001
-13.841000
-10.032000
-18.285999
-14.476000
-9.396800
-19.556000
-1.142900
-13.206000
-12.571000
-10.032000
-13.841000
-17.016001
-10.667000
-8.127000
-7.492100
-2.412700
-15.746000
-1.142900
4.571400
15.365000
7.111100
16.000000
22.983999
21.714001
19.174999
23.618999
8.381000
7.111100
2.666700
0.126980
5.206300
-0.507940
8.381000
-15.746000
-18.285999
-11.302000
-15.746000
-18.921000
-25.270000
-24.635000
-25.905001
-26.540001
-22.094999
-22.094999
-20.190001
-6.857100
-13.206000
-1.142900
-7.492100
0.126980
12.825000
23.618999
25.524000
8.381000
22.349001
20.444000
17.270000
7.746000
2.031700
