-2.614400
-7.189500
-1.307200
-5.228800
1.960800
-6.535900
10.458000
9.150300
13.072000
13.072000
11.765000
11.111000
11.765000
5.228800
3.268000
3.268000
-1.307200
5.882400
1.307200
3.268000
1.307200
5.228800
-0.653590
9.803900
12.418000
9.150300
8.496700
5.882400
9.803900
15.033000
9.150300
7.189500
6.535900
8.496700
6.535900
0.653590
0.000000
-16.993000
-12.418000
-10.458000
0.653590
3.921600
-1.307200
-6.535900
-7.189500
-9.803900
-12.418000
-4.575200
7.843100
18.301001
10.458000
12.418000
5.228800
9.803900
6.535900
-1.960800
-0.653590
4.575200
3.921600
-0.653590
-0.653590
4.575200
-1.960800
1.307200
-3.268000
-10.458000
-5.882400
-11.111000
-1.960800
-5.228800
3.921600
-3.921600
-8.496700
2.614400
1.307200
3.268000
0.653590
-0.653590
-0.653590
5.882400
-1.960800
2.614400
-3.268000
3.268000
5.882400
12.418000
8.496700
7.843100
5.228800
5.882400
-1.307200
-9.803900
-6.535900
-3.921600
3.268000
-2.614400
-5.882400
-1.960800
3.268000
7.189500
15.686000
13.072000
15.686000
5.228800
7.843100
6.535900
3.921600
1.307200
-0.653590
0.000000
-3.268000
-4.575200
-12.418000
-8.496700
-11.111000
-2.614400
-5.228800
0.653590
-2.614400
-4.575200
0.000000
3.268000
9.150300
13.072000
11.765000
11.765000
8.496700
4.575200
5.882400
-4.575200
-1.960800
-10.458000
-7.189500
-13.072000
-10.458000
-11.765000
-13.725000
-5.882400
-0.653590
-1.307200
1.307200
-1.307200
-4.575200
-7.189500
-11.765000
-5.882400
-12.418000
-2.614400
7.843100
18.954000
15.033000
10.458000
7.189500
1.960800
-0.653590
0.653590
3.268000
3.921600
-1.307200
-1.960800
-1.960800
-5.882400
-0.653590
-10.458000
-3.268000
-12.418000
-2.614400
8.496700
11.111000
14.379000
3.921600
-0.653590
3.921600
3.921600
3.268000
4.575200
-7.189500
-3.921600
-11.111000
-3.921600
-8.496700
-3.921600
-6.535900
-1.960800
0.653590
3.921600
3.268000
-11.111000
-7.843100
4.575200
5.882400
12.418000
16.993000
3.921600
8.496700
8.496700
15.686000
9.803900
3.268000
3.921600
11.765000
19.608000
17.646999
18.301001
14.379000
14.379000
16.993000
19.608000
17.646999
24.183001
15.686000
16.340000
9.150300
18.301001
15.686000
18.301001
18.954000
16.340000
11.111000
4.575200
0.653590
3.268000
1.960800
-1.960800
-1.960800
-10.458000
-5.228800
-9.150300
0.653590
-9.150300
-3.268000
-3.268000
-4.575200
-5.228800
-5.882400
-1.960800
-2.614400
-3.268000
-9.803900
-11.111000
-13.725000
-6.535900
-9.803900
7.189500
0.653590
1.960800
3.921600
-8.496700
-7.843100
-3.921600
-5.228800
-10.458000
-7.189500
-0.653590
-4.575200
-8.496700
-7.189500
-6.535900
1.960800
3.268000
7.843100
3.921600
9.150300
5.882400
4.575200
2.614400
-5.228800
-6.535900
-8.496700
-6.535900
-2.614400
0.000000
-3.268000
5.228800
2.614400
3.921600
-1.960800
-2.614400
-2.614400
-7.843100
-10.458000
-7.189500
-4.575200
-6.535900
-7.843100
-15.033000
-16.340000
-21.569000
-20.915001
-28.105000
-16.340000
-22.222000
-16.340000
-18.301001
-14.379000
-1.307200
-3.268000
-4.575200
-8.496700
-9.150300
-11.765000
-11.765000
-11.111000
-11.765000
-17.646999
-14.379000
-17.646999
-11.111000
-16.993000
-9.150300
-6.535900
-9.803900
-13.725000
-11.765000
-9.150300
-6.535900
-3.268000
4.575200
11.111000
13.725000
26.143999
11.765000
18.954000
15.686000
21.569000
17.646999
13.725000
11.765000
17.646999
20.915001
16.993000
18.301001
12.418000
9.150300
10.458000
9.150300
7.189500
15.686000
13.072000
13.072000
1.960800
0.653590
-1.960800
-9.803900
-15.686000
-9.150300
-6.535900
-12.418000
-13.725000
-17.646999
-20.261000
-20.915001
-7.189500
-9.803900
-8.496700
-12.418000
-5.882400
-9.803900
-6.535900
-2.614400
-2.614400
3.268000
-0.653590
-3.921600
-5.228800
2.614400
-1.960800
-13.725000
-22.222000
-18.301001
-22.875999
-7.189500
-8.496700
-3.268000
1.307200
-6.535900
-5.882400
-5.228800
-7.843100
-5.882400
-9.150300
-5.882400
0.000000
-6.535900
5.228800
-0.653590
3.268000
0.000000
-5.228800
-4.575200
0.000000
-1.307200
3.921600
1.307200
3.268000
7.843100
7.189500
8.496700
9.803900
14.379000
5.228800
9.150300
-1.307200
8.496700
3.268000
5.228800
5.882400
7.189500
6.535900
5.882400
9.150300
5.228800
6.535900
8.496700
7.843100
0.653590
-0.653590
-10.458000
-5.228800
-9.803900
-0.653590
2.614400
2.614400
1.307200
5.228800
11.765000
12.418000
12.418000
11.765000
14.379000
16.340000
27.451000
23.528999
24.837000
16.993000
22.222000
16.340000
13.072000
7.843100
1.307200
-3.921600
-3.921600
-9.150300
-11.765000
-12.418000
-13.072000
-12.418000
-11.111000
1.960800
-2.614400
3.268000
0.653590
-1.960800
3.921600
6.535900
13.072000
15.033000
14.379000
20.915001
9.150300
9.150300
11.111000
7.189500
16.340000
3.921600
-1.960800
-9.150300
-7.843100
-11.765000
-9.803900
-4.575200
1.307200
1.960800
-2.614400
4.575200
7.843100
3.921600
-3.268000
-3.268000
-11.765000
-9.150300
-16.340000
-8.496700
-11.765000
-9.150300
-9.803900
-5.882400
-15.033000
-19.608000
-13.072000
-11.765000
-11.111000
-11.111000
-5.882400
-0.653590
9.150300
3.921600
8.496700
4.575200
5.882400
0.000000
0.000000
0.000000
-3.921600
-2.614400
-4.575200
-0.653590
1.960800
4.575200
5.882400
5.228800
0.000000
13.725000
15.686000
18.301001
8.496700
8.496700
3.268000
1.960800
0.653590
-2.614400
-3.268000
-3.268000
-7.843100
-10.458000
-13.725000
-14.379000
-1.960800
-3.268000
11.111000
0.653590
-1.960800
-2.614400
-1.307200
-1.960800
0.000000
-3.268000
-5.882400
-0.653590
3.268000
3.921600
-2.614400
-0.653590
-9.150300
-3.921600
-9.803900
-6.535900
-11.111000
-4.575200
1.307200
-1.960800
-7.189500
-18.301001
-18.301001
-11.111000
-1.960800
5.228800
8.496700
8.496700
8.496700
5.228800
4.575200
-4.575200
5.882400
2.614400
0.000000
10.458000
7.843100
4.575200
6.535900
2.614400
-0.653590
-3.268000
-7.843100
-3.921600
-8.496700
1.307200
-7.843100
-5.882400
-1.307200
0.653590
2.614400
0.000000
1.307200
-5.882400
-12.418000
-15.686000
-9.150300
-4.575200
3.921600
3.921600
2.614400
-6.535900
-0.653590
-9.150300
-7.189500
-3.921600
0.000000
7.189500
14.379000
12.418000
9.150300
10.458000
5.882400
1.960800
3.268000
9.803900
3.921600
8.496700
1.960800
6.535900
6.535900
1.960800
0.653590
-0.653590
-2.614400
-11.111000
-8.496700
-3.268000
1.307200
1.960800
-0.653590
-7.843100
-6.535900
-8.496700
5.882400
0.653590
6.535900
11.111000
12.418000
13.072000
12.418000
9.150300
0.000000
0.653590
-3.921600
-9.150300
-11.765000
-1.960800
-5.882400
3.268000
-1.960800
2.614400
-0.653590
2.614400
-2.614400
-5.882400
-7.843100
-5.882400
-2.614400
-8.496700
-1.960800
0.000000
4.575200
-0.653590
-1.960800
-12.418000
-2.614400
-3.268000
0.653590
-3.921600
-1.960800
1.960800
4.575200
9.150300
9.803900
6.535900
6.535900
13.725000
5.228800
5.228800
-0.653590
1.307200
-11.111000
-5.882400
-13.072000
-12.418000
-10.458000
-11.765000
-9.150300
-3.268000
-4.575200
-7.843100
-4.575200
3.268000
7.189500
0.000000
7.189500
1.307200
11.111000
2.614400
3.921600
6.535900
6.535900
11.765000
17.646999
15.686000
7.189500
-3.921600
-3.921600
0.000000
-8.496700
-1.960800
0.000000
7.189500
-1.960800
1.960800
-3.268000
1.307200
9.803900
9.150300
7.189500
7.189500
5.882400
6.535900
6.535900
8.496700
11.111000
3.921600
11.111000
0.653590
5.882400
-1.960800
0.000000
0.653590
-0.653590
1.307200
-1.307200
-0.653590
1.960800
4.575200
5.228800
4.575200
3.268000
9.150300
11.765000
22.875999
11.111000
11.765000
3.921600
3.268000
3.268000
-3.921600
-3.268000
-8.496700
-11.111000
-4.575200
-1.960800
-3.921600
-7.189500
-15.033000
-9.803900
-11.765000
-4.575200
-9.803900
-14.379000
-18.954000
-16.340000
-12.418000
-7.189500
4.575200
5.228800
0.000000
0.653590
5.882400
2.614400
-1.960800
-4.575200
0.653590
-3.268000
-1.960800
-6.535900
-5.228800
-2.614400
-12.418000
-15.033000
-7.843100
-10.458000
-10.458000
-7.189500
-13.072000
-7.843100
-12.418000
-1.307200
0.000000
7.843100
-2.614400
-1.960800
5.228800
7.189500
7.843100
-0.653590
-10.458000
-12.418000
-5.882400
-1.960800
-6.535900
-16.993000
-9.150300
-8.496700
5.228800
-0.653590
-4.575200
-3.921600
-0.653590
3.268000
4.575200
5.228800
6.535900
9.803900
7.189500
9.803900
7.189500
5.228800
-0.653590
0.000000
-1.960800
9.803900
11.111000
16.340000
19.608000
18.954000
19.608000
11.765000
5.228800
8.496700
10.458000
7.843100
13.072000
6.535900
9.803900
7.189500
13.072000
7.189500
11.111000
7.843100
3.268000
1.307200
3.921600
6.535900
3.268000
-0.653590
-5.228800
-5.882400
-3.268000
-1.307200
-6.535900
1.960800
0.000000
13.725000
11.111000
11.765000
16.340000
18.954000
22.222000
13.725000
11.111000
9.150300
9.803900
5.228800
5.228800
0.653590
9.803900
8.496700
9.803900
6.535900
15.033000
19.608000
26.797001
27.451000
28.105000
31.372999
29.412001
23.528999
15.686000
11.765000
2.614400
5.882400
7.843100
9.803900
1.307200
-1.307200
-6.535900
-7.843100
-7.189500
-9.150300
-9.150300
-9.150300
-8.496700
-10.458000
-7.843100
-16.993000
-13.072000
-18.301001
-21.569000
-31.372999
-27.451000
-35.948002
-33.333000
-35.948002
-32.680000
-28.757999
-26.797001
-22.222000
-20.915001
-17.646999
-10.458000
-5.228800
-10.458000
-11.111000
-17.646999
-2.614400
-10.458000
-4.575200
-5.228800
-2.614400
1.960800
3.921600
-1.307200
0.000000
1.307200
0.653590
-5.882400
-5.228800
1.307200
-1.960800
9.150300
2.614400
15.686000
16.993000
23.528999
22.222000
20.261000
19.608000
13.072000
15.033000
17.646999
16.340000
17.646999
15.033000
15.033000
16.993000
4.575200
12.418000
0.000000
4.575200
5.882400
0.000000
7.843100
11.111000
14.379000
15.686000
11.765000
12.418000
16.993000
10.458000
9.803900
3.921600
8.496700
0.653590
3.268000
-2.614400
-5.228800
-5.228800
-8.496700
-2.614400
-5.228800
-9.150300
-5.228800
-5.228800
-1.307200
-3.921600
0.000000
-0.653590
-11.765000
-11.765000
-25.490000
-15.033000
-12.418000
-11.765000
-14.379000
-17.646999
-12.418000
-15.686000
-16.993000
-12.418000
0.653590
-3.268000
-4.575200
-7.843100
-5.882400
-12.418000
-11.111000
-16.340000
-14.379000
-13.725000
-18.301001
-13.725000
-17.646999
-18.954000
-16.340000
-17.646999
-13.072000
-14.379000
-18.301001
-17.646999
-21.569000
-14.379000
-19.608000
-15.033000
-18.301001
-16.340000
-5.228800
-7.189500
-2.614400
-1.307200
3.268000
13.072000
12.418000
11.765000
11.111000
3.268000
11.765000
0.653590
