-6.764200
-5.463400
-1.561000
-1.561000
15.350000
-4.162600
8.195100
16.000000
-4.813000
14.699000
-1.561000
10.797000
12.748000
-13.268000
-26.927000
-0.260160
12.098000
-6.764200
-4.813000
14.049000
14.049000
-8.065000
-6.113800
-5.463400
10.146000
7.544700
4.292700
-2.211400
13.398000
26.407000
-0.260160
10.797000
2.991900
10.146000
5.593500
-3.512200
4.292700
-13.268000
-10.016000
-8.065000
2.341500
-6.113800
10.146000
-4.162600
-6.764200
-0.910570
-6.113800
-6.764200
6.243900
-4.162600
-2.861800
4.943100
9.495900
-5.463400
6.243900
2.341500
10.146000
23.153999
1.691100
2.991900
14.049000
3.642300
6.894300
-1.561000
9.495900
-8.715400
-26.927000
5.593500
-6.113800
-17.171000
-0.260160
0.390240
-15.220000
8.845500
2.991900
4.943100
12.098000
6.243900
-13.919000
14.049000
-2.211400
0.390240
-8.715400
-11.317000
0.390240
23.153999
5.593500
-12.618000
-0.910570
-0.910570
-6.764200
-11.967000
-2.861800
6.243900
20.552999
-4.162600
4.943100
20.552999
10.797000
24.455000
11.447000
21.854000
4.943100
0.390240
10.797000
-11.317000
-10.667000
14.699000
4.292700
-26.275999
-4.813000
6.894300
-21.073000
1.040700
1.040700
-7.414600
-6.764200
9.495900
16.650000
5.593500
5.593500
0.390240
14.049000
-9.365900
-13.268000
4.292700
17.951000
-9.365900
-4.162600
6.894300
-9.365900
-0.910570
-37.333000
-10.016000
4.292700
0.390240
-5.463400
-3.512200
5.593500
-20.423000
-4.162600
1.691100
0.390240
-1.561000
4.292700
-10.016000
-22.374001
2.991900
17.951000
3.642300
25.106001
16.650000
7.544700
-3.512200
11.447000
-3.512200
-2.211400
-5.463400
-1.561000
1.691100
-12.618000
-2.861800
-12.618000
-11.317000
-2.211400
-11.967000
-2.211400
4.292700
2.341500
17.301001
29.659000
12.098000
3.642300
-12.618000
5.593500
15.350000
-6.113800
-3.512200
4.292700
6.894300
4.943100
2.341500
16.000000
-1.561000
-21.724001
0.390240
11.447000
-10.016000
-2.861800
10.146000
9.495900
-5.463400
11.447000
11.447000
16.650000
11.447000
21.202999
-4.813000
-19.122000
-2.861800
5.593500
6.243900
-8.065000
7.544700
3.642300
-11.967000
1.040700
2.341500
23.153999
2.991900
-10.016000
1.040700
-6.113800
-8.065000
-2.211400
-11.317000
-2.861800
-10.667000
-11.317000
14.049000
11.447000
-10.016000
10.146000
20.552999
-8.715400
10.797000
16.650000
-9.365900
2.991900
-7.414600
-1.561000
-18.472000
-22.374001
-2.211400
-28.228001
-17.171000
-17.171000
-11.317000
-23.674999
-15.220000
-18.472000
-20.423000
6.243900
8.845500
-6.113800
-11.967000
6.243900
6.894300
-3.512200
-17.171000
12.748000
-4.813000
-6.764200
19.902000
0.390240
-14.569000
6.894300
-0.910570
-6.113800
13.398000
17.301001
25.756001
29.659000
10.797000
8.195100
19.252001
30.309000
10.146000
9.495900
-2.861800
-10.016000
-6.113800
16.000000
1.691100
-4.162600
-7.414600
-10.667000
-8.715400
7.544700
6.894300
-9.365900
-0.910570
-6.113800
15.350000
-8.715400
3.642300
9.495900
-35.382000
-0.910570
-22.374001
7.544700
-0.910570
-6.764200
-13.268000
4.943100
16.000000
-2.211400
4.292700
-9.365900
8.195100
-4.162600
1.040700
1.691100
-10.016000
-23.024000
-5.463400
-0.260160
5.593500
-8.065000
-10.016000
1.691100
-26.275999
-10.016000
1.691100
-15.870000
-11.967000
6.894300
8.195100
-0.910570
17.301001
-6.764200
24.455000
23.153999
10.146000
27.056999
24.455000
-1.561000
-21.073000
-6.764200
32.259998
12.098000
-6.113800
-8.715400
1.691100
5.593500
-2.861800
14.699000
-15.870000
1.040700
12.748000
-24.325001
6.243900
-0.260160
-36.682999
-7.414600
1.040700
1.691100
-12.618000
8.845500
-18.472000
-21.724001
-2.211400
2.341500
17.951000
-16.520000
-5.463400
19.902000
13.398000
-7.414600
2.341500
-0.910570
4.943100
12.748000
-15.870000
-19.122000
-0.910570
-0.910570
-11.967000
-0.260160
-36.033001
-6.113800
16.650000
2.991900
-4.162600
17.301001
-4.813000
-12.618000
-14.569000
4.943100
-15.220000
-5.463400
-4.813000
-30.179001
9.495900
-2.861800
11.447000
1.691100
-0.910570
-6.764200
-13.919000
13.398000
24.455000
6.894300
-2.861800
-0.910570
19.902000
2.341500
16.650000
16.000000
17.951000
2.991900
6.243900
17.301001
-15.870000
-9.365900
15.350000
10.146000
14.049000
16.000000
-10.016000
-4.162600
-0.910570
5.593500
12.748000
9.495900
2.991900
-26.275999
-2.211400
12.748000
-5.463400
4.943100
-19.122000
-13.919000
10.146000
-6.113800
15.350000
-10.016000
-6.764200
1.691100
-12.618000
12.098000
32.910999
6.894300
8.845500
19.902000
15.350000
1.040700
-1.561000
10.797000
-14.569000
-21.073000
-11.967000
-13.268000
-23.024000
-35.382000
-4.162600
-11.967000
-34.081001
-15.870000
2.341500
-17.820999
11.447000
7.544700
-6.764200
4.292700
-4.162600
14.699000
16.000000
14.049000
27.707001
-9.365900
-8.065000
2.991900
4.943100
1.691100
-2.211400
-16.520000
-17.171000
1.691100
4.943100
-0.260160
-27.577000
-9.365900
23.153999
8.195100
12.098000
-0.260160
4.292700
17.301001
-1.561000
14.049000
7.544700
-7.414600
2.341500
14.699000
-14.569000
-21.073000
-4.162600
-9.365900
-4.813000
-0.910570
8.195100
-1.561000
-1.561000
8.195100
4.292700
3.642300
10.146000
2.341500
-14.569000
6.894300
10.146000
-11.967000
-8.715400
-23.674999
19.252001
-3.512200
4.943100
-16.520000
8.195100
14.049000
-3.512200
10.797000
12.098000
23.153999
5.593500
14.049000
6.243900
-4.813000
17.951000
-23.024000
-15.220000
7.544700
-6.764200
3.642300
-5.463400
6.894300
-3.512200
4.292700
-8.065000
-2.211400
-2.861800
-6.764200
-1.561000
-6.764200
-21.073000
-18.472000
-6.113800
-10.016000
9.495900
10.146000
-7.414600
-23.024000
-12.618000
2.341500
9.495900
2.341500
-23.024000
-8.065000
-9.365900
-6.764200
-8.715400
-12.618000
-11.317000
-26.275999
-4.162600
-9.365900
2.341500
16.000000
9.495900
-6.764200
-16.520000
-11.967000
-8.715400
-3.512200
27.056999
4.943100
-0.260160
-12.618000
-8.065000
9.495900
-0.910570
-6.764200
1.040700
14.699000
8.195100
17.951000
8.195100
-6.113800
4.943100
-10.667000
1.040700
-4.162600
11.447000
-0.910570
1.691100
-8.065000
-5.463400
16.000000
14.699000
18.601999
-1.561000
6.243900
2.341500
16.000000
-7.414600
-12.618000
-8.715400
-5.463400
2.341500
19.252001
13.398000
-1.561000
-8.715400
-4.813000
2.341500
10.797000
-7.414600
2.991900
-1.561000
6.243900
1.040700
-2.211400
0.390240
-2.211400
-30.829000
-0.260160
5.593500
-3.512200
1.691100
9.495900
-5.463400
-7.414600
-11.317000
3.642300
-19.122000
2.341500
3.642300
-6.764200
11.447000
20.552999
11.447000
-8.065000
-2.861800
12.098000
-6.113800
-19.122000
-4.813000
8.845500
1.040700
-1.561000
7.544700
16.000000
-0.260160
12.098000
1.040700
6.243900
2.341500
-12.618000
-5.463400
-27.577000
-10.016000
12.098000
-0.910570
-9.365900
6.894300
-14.569000
27.056999
-10.667000
7.544700
12.098000
12.748000
2.991900
5.593500
27.707001
-1.561000
-12.618000
3.642300
14.699000
5.593500
2.341500
-2.211400
-11.967000
-8.065000
4.943100
-3.512200
-23.024000
0.390240
-39.285000
-16.520000
2.341500
-17.820999
1.691100
6.243900
12.098000
12.748000
-8.065000
0.390240
11.447000
21.854000
14.699000
19.902000
-5.463400
-3.512200
17.951000
10.146000
2.991900
12.748000
-0.910570
2.991900
-7.414600
-13.919000
-10.016000
-4.162600
13.398000
-2.861800
6.894300
16.000000
4.943100
-14.569000
-4.162600
6.894300
-3.512200
-2.211400
9.495900
-19.122000
-4.162600
28.358000
3.642300
1.691100
19.902000
16.000000
-13.919000
-0.910570
-6.764200
-17.820999
-9.365900
12.748000
-2.861800
-10.667000
1.040700
-11.317000
-10.016000
4.292700
2.341500
22.504000
17.951000
13.398000
3.642300
7.544700
-7.414600
10.146000
-15.220000
-2.211400
20.552999
-6.764200
4.292700
10.146000
6.894300
-15.220000
-2.211400
-17.820999
-6.764200
-4.162600
-0.910570
-9.365900
-13.268000
-15.870000
-26.275999
-8.065000
-13.919000
-0.260160
11.447000
1.040700
8.845500
-21.073000
-18.472000
-10.667000
-2.211400
4.943100
3.642300
2.991900
0.390240
1.691100
2.341500
-7.414600
5.593500
-13.268000
-0.260160
9.495900
1.691100
-15.220000
-13.268000
15.350000
-13.268000
12.098000
8.845500
-7.414600
8.845500
32.910999
-9.365900
8.845500
-4.162600
-6.764200
-10.667000
-17.171000
-5.463400
-10.667000
-2.211400
-13.919000
-2.211400
-24.325001
-5.463400
23.805000
8.195100
-4.162600
8.845500
10.146000
12.098000
8.195100
28.358000
16.000000
5.593500
17.951000
2.991900
-21.073000
12.098000
-2.861800
1.040700
14.699000
6.243900
-2.861800
19.902000
12.748000
-5.463400
-5.463400
33.561001
-17.820999
-9.365900
5.593500
-9.365900
3.642300
10.146000
7.544700
11.447000
7.544700
9.495900
5.593500
11.447000
-6.113800
-9.365900
1.691100
1.040700
-23.024000
-3.512200
-2.861800
-31.480000
-21.073000
-8.715400
6.894300
-4.162600
14.049000
30.309000
-9.365900
8.195100
-15.220000
6.243900
21.202999
-2.861800
1.691100
-4.813000
-15.220000
-25.625999
23.153999
13.398000
4.292700
29.007999
1.040700
19.252001
9.495900
13.398000
27.056999
18.601999
7.544700
-6.764200
2.991900
-1.561000
-16.520000
-2.211400
5.593500
-3.512200
-21.073000
-11.317000
2.341500
-0.260160
-8.715400
-14.569000
-13.268000
-3.512200
2.991900
-14.569000
-8.065000
5.593500
-9.365900
-27.577000
-15.220000
-8.715400
-42.536999
-22.374001
-15.220000
-19.122000
-14.569000
-13.268000
-14.569000
6.894300
-12.618000
14.049000
6.243900
2.991900
2.991900
-4.813000
27.707001
5.593500
2.991900
16.650000
13.398000
14.699000
-5.463400
0.390240
23.805000
16.650000
10.797000
-6.764200
17.301001
-18.472000
-5.463400
-6.113800
-25.625999
10.797000
10.146000
-0.260160
4.943100
2.341500
11.447000
4.292700
1.040700
24.455000
10.797000
8.845500
22.504000
22.504000
6.894300
5.593500
15.350000
3.642300
3.642300
-0.260160
-0.260160
-12.618000
-4.162600
10.146000
23.805000
-22.374001
25.106001
13.398000
-0.260160
9.495900
-3.512200
2.341500
11.447000
8.195100
6.243900
1.691100
8.845500
-8.715400
-15.220000
23.805000
14.049000
3.642300
4.943100
-14.569000
5.593500
-15.220000
2.991900
16.650000
-17.171000
-18.472000
-36.033001
-7.414600
-19.122000
-7.414600
-0.260160
-4.162600
-14.569000
-11.317000
-20.423000
4.292700
-11.317000
6.243900
15.350000
1.691100
10.797000
-21.724001
-5.463400
-17.820999
-29.528000
9.495900
-7.414600
-10.667000
-8.715400
-23.024000
-23.674999
-1.561000
-30.179001
-8.065000
-2.861800
-8.065000
-10.016000
-6.764200
-18.472000
-10.667000
-9.365900
-8.065000
-11.967000
13.398000
-4.813000
14.049000
-10.667000
10.146000
10.797000
17.301001
-6.764200
14.699000
18.601999
