-11.068000
29.709000
-14.304000
7.055000
-6.537200
3.818800
8.996800
-0.064720
-25.306999
25.177999
32.298000
4.466000
15.469000
23.236000
30.356001
10.939000
7.702300
-1.359200
-3.948200
14.175000
-16.246000
-47.960999
45.889999
24.531000
2.524300
8.996800
-18.834999
28.414000
23.882999
7.702300
12.233000
1.229800
16.764000
23.882999
-17.540001
25.177999
1.229800
-3.301000
-5.890000
-14.304000
-4.595500
-7.831700
-7.184500
-11.715000
-27.249001
-25.955000
2.524300
-25.955000
17.410999
-42.136002
38.770000
20.646999
-16.893000
1.229800
7.702300
-1.359200
-2.006500
-11.715000
1.877000
-5.890000
-15.599000
20.000000
-7.184500
0.582520
-20.129000
-18.188000
13.528000
-18.188000
7.702300
-25.955000
-15.599000
20.000000
3.171500
9.644000
-2.653700
-3.948200
-14.951000
-27.896000
2.524300
-5.890000
-2.653700
-5.242700
-12.362000
1.877000
6.407800
32.945000
14.822000
-0.064720
17.410999
8.349500
1.229800
-3.948200
-16.246000
-14.304000
-13.657000
4.466000
-9.126200
-9.773500
-0.064720
10.291000
6.407800
9.644000
12.233000
14.822000
19.353001
5.760500
20.000000
9.644000
-2.653700
10.291000
16.764000
0.582520
-0.711970
-3.301000
10.939000
-13.010000
7.702300
1.877000
1.877000
1.229800
-4.595500
1.229800
11.586000
10.939000
0.582520
10.939000
17.410999
5.760500
8.996800
14.175000
3.818800
-9.126200
0.582520
0.582520
-11.068000
-4.595500
-7.831700
0.582520
-11.715000
1.229800
-5.242700
1.229800
0.582520
-14.951000
-5.242700
-7.184500
-30.485001
5.760500
5.760500
22.589001
26.472000
14.175000
18.705999
0.582520
6.407800
3.818800
-25.306999
18.058001
0.582520
-6.537200
-0.711970
-4.595500
4.466000
-7.831700
-7.831700
-9.126200
3.171500
15.469000
4.466000
18.058001
18.058001
-1.359200
10.291000
1.229800
5.760500
7.055000
1.877000
-9.773500
-11.068000
-3.948200
-3.301000
-7.831700
-5.890000
-11.068000
-1.359200
0.582520
-13.010000
-7.831700
-6.537200
10.291000
-3.948200
-0.064720
11.586000
-11.068000
-3.948200
-7.184500
1.229800
7.702300
-7.831700
-0.064720
10.939000
2.524300
11.586000
1.229800
0.582520
1.229800
5.760500
-5.242700
-3.301000
-11.715000
-18.834999
7.055000
-4.595500
3.818800
-0.064720
5.113300
5.113300
1.877000
-32.426998
-2.653700
-11.068000
-16.246000
-7.831700
-17.540001
-14.951000
-13.010000
-0.711970
0.582520
11.586000
7.055000
7.055000
14.175000
14.175000
21.294001
21.941999
20.000000
27.120001
22.589001
17.410999
10.939000
1.229800
5.760500
-10.421000
12.880000
7.702300
-5.890000
-4.595500
-17.540001
-15.599000
-8.479000
-7.184500
-16.246000
-15.599000
-1.359200
-9.126200
-13.657000
-15.599000
1.877000
-4.595500
1.229800
0.582520
8.996800
4.466000
-3.301000
-0.064720
-4.595500
3.171500
3.171500
-1.359200
7.702300
16.764000
17.410999
20.646999
28.414000
18.705999
18.705999
25.177999
14.175000
7.702300
25.177999
3.171500
6.407800
14.822000
12.233000
8.996800
-3.301000
-7.831700
-13.657000
-40.841000
-9.773500
-7.831700
-20.777000
-16.246000
-21.424000
-19.482000
-0.064720
1.229800
-18.834999
-13.657000
-6.537200
-9.126200
-14.951000
-1.359200
-9.126200
-25.306999
-24.660000
-9.126200
-11.715000
-14.951000
-8.479000
-5.242700
-19.482000
-16.893000
-5.890000
-9.126200
-0.064720
-9.773500
5.760500
10.291000
13.528000
14.175000
12.880000
-0.711970
12.233000
24.531000
21.941999
13.528000
19.353001
8.349500
14.175000
14.822000
14.175000
1.229800
-1.359200
14.175000
7.702300
13.528000
30.356001
11.586000
-5.242700
9.644000
9.644000
-10.421000
-5.242700
-9.773500
-8.479000
-9.773500
-13.657000
-21.424000
-22.070999
-28.544001
-27.249001
-34.368999
-4.595500
-0.064720
-7.184500
-14.304000
-6.537200
-3.948200
-2.653700
3.171500
13.528000
-6.537200
-3.301000
10.291000
-13.010000
9.644000
-18.834999
-33.722000
-34.368999
-25.955000
-13.657000
-10.421000
1.229800
14.822000
11.586000
12.233000
18.058001
-1.359200
21.294001
1.877000
11.586000
14.822000
1.877000
5.760500
14.175000
10.291000
-3.948200
-21.424000
8.996800
3.818800
-4.595500
-3.301000
-3.948200
-3.301000
-3.948200
6.407800
2.524300
1.877000
0.582520
-8.479000
3.818800
2.524300
3.171500
-0.064720
-0.064720
3.818800
-18.188000
11.586000
17.410999
0.582520
7.702300
-3.948200
12.233000
10.939000
2.524300
0.582520
-0.711970
-2.653700
-13.010000
-0.711970
12.233000
-12.362000
7.702300
16.764000
16.117001
10.291000
18.705999
29.061001
14.175000
23.882999
30.356001
38.770000
25.177999
24.531000
6.407800
19.353001
8.996800
15.469000
8.996800
-7.831700
10.291000
-17.540001
-4.595500
1.229800
-22.070999
-10.421000
3.171500
1.229800
11.586000
-14.304000
6.407800
-2.653700
5.760500
7.055000
5.760500
25.177999
-0.711970
-2.653700
10.291000
10.291000
-1.359200
10.291000
1.877000
6.407800
-5.242700
-29.191000
-11.715000
-14.304000
-23.365999
-10.421000
8.349500
-5.242700
-12.362000
-3.301000
4.466000
-24.013000
-9.773500
-24.013000
-16.893000
-16.246000
-35.015999
-25.306999
-33.074001
-20.129000
-9.126200
-5.242700
-16.893000
-13.657000
-16.246000
-21.424000
-12.362000
3.171500
-12.362000
-9.126200
-2.653700
-11.715000
3.171500
0.582520
-24.660000
-0.711970
-15.599000
-0.711970
-6.537200
-7.184500
-1.359200
-1.359200
7.702300
16.117001
4.466000
9.644000
4.466000
23.236000
9.644000
16.764000
15.469000
10.939000
9.644000
0.582520
4.466000
-3.948200
3.171500
-0.064720
-9.773500
-3.948200
-14.304000
-29.191000
-3.948200
-0.064720
18.705999
3.171500
1.229800
7.702300
1.877000
7.055000
16.764000
10.291000
10.939000
10.291000
14.822000
2.524300
-6.537200
-1.359200
0.582520
-3.948200
4.466000
-0.711970
-2.006500
5.760500
13.528000
6.407800
5.113300
-12.362000
-9.773500
-0.711970
14.822000
18.705999
18.058001
21.941999
18.058001
18.705999
8.349500
11.586000
20.000000
10.291000
13.528000
24.531000
23.236000
21.294001
17.410999
18.058001
12.880000
11.586000
-3.948200
-1.359200
-2.006500
5.760500
-1.359200
8.349500
12.233000
7.055000
3.818800
-2.653700
12.880000
1.877000
-11.068000
-5.242700
-5.890000
-1.359200
5.760500
-0.711970
-13.010000
-7.831700
-2.653700
-17.540001
-9.773500
3.171500
-3.301000
-2.653700
3.818800
1.877000
9.644000
8.996800
1.877000
-11.068000
8.996800
1.877000
10.939000
8.996800
3.171500
3.171500
19.353001
-2.653700
-15.599000
-2.006500
-9.773500
-19.482000
-21.424000
-22.718000
-19.482000
-12.362000
-24.013000
-15.599000
-7.831700
-10.421000
4.466000
9.644000
6.407800
9.644000
7.702300
10.939000
5.113300
-11.715000
-3.301000
-2.006500
-7.831700
-18.188000
-16.246000
-22.070999
-13.010000
-5.890000
-12.362000
-11.715000
1.877000
-12.362000
-5.890000
-5.890000
-10.421000
-0.711970
-2.653700
2.524300
9.644000
-11.715000
-0.711970
1.877000
-3.948200
-3.301000
-10.421000
-0.064720
-2.653700
0.582520
-8.479000
-5.242700
5.113300
-10.421000
10.291000
14.822000
3.171500
17.410999
6.407800
14.822000
4.466000
-18.188000
-7.831700
4.466000
1.877000
-5.890000
-1.359200
0.582520
2.524300
-4.595500
3.818800
6.407800
9.644000
-6.537200
3.818800
1.229800
9.644000
7.055000
2.524300
5.113300
-5.242700
4.466000
6.407800
13.528000
18.705999
20.000000
18.705999
-2.006500
-2.653700
-7.184500
-0.711970
-1.359200
-1.359200
-16.893000
-2.653700
-2.006500
-8.479000
-3.948200
1.229800
11.586000
6.407800
10.291000
13.528000
8.996800
7.702300
-0.064720
19.353001
14.175000
3.171500
8.996800
0.582520
1.229800
-4.595500
-15.599000
-1.359200
7.702300
-0.711970
7.702300
2.524300
6.407800
4.466000
-1.359200
7.702300
8.996800
9.644000
12.233000
16.117001
13.528000
-0.064720
-0.711970
1.877000
-7.831700
-1.359200
-40.194000
-5.890000
12.233000
-11.715000
-3.948200
-8.479000
-13.657000
-21.424000
-4.595500
-0.064720
-11.068000
-17.540001
-22.070999
-18.834999
-2.006500
-0.711970
7.055000
13.528000
5.760500
14.175000
7.702300
1.877000
3.818800
-11.715000
8.349500
3.171500
-5.890000
0.582520
-11.068000
-13.010000
-19.482000
-25.955000
-30.485001
-18.188000
-11.715000
-9.126200
-3.948200
-6.537200
-3.301000
-8.479000
14.822000
14.175000
3.171500
5.760500
5.760500
1.877000
0.582520
0.582520
2.524300
-6.537200
1.229800
-0.711970
-18.188000
-3.301000
-7.184500
-6.537200
5.760500
-2.006500
-15.599000
5.113300
2.524300
2.524300
5.760500
-7.184500
-0.064720
8.349500
4.466000
-2.653700
19.353001
2.524300
-0.711970
2.524300
0.582520
10.291000
14.822000
10.291000
18.705999
22.589001
17.410999
8.349500
10.291000
10.291000
6.407800
16.764000
18.705999
8.996800
10.291000
10.291000
9.644000
16.117001
14.822000
12.233000
16.117001
3.171500
10.939000
-10.421000
14.175000
3.171500
-4.595500
-4.595500
10.939000
3.171500
-7.184500
2.524300
7.055000
19.353001
15.469000
20.000000
29.061001
27.120001
21.294001
23.882999
4.466000
17.410999
10.939000
-0.064720
2.524300
-14.304000
-28.544001
1.229800
-6.537200
-11.715000
-5.890000
7.055000
4.466000
7.055000
17.410999
16.764000
16.764000
9.644000
16.764000
-1.359200
-8.479000
5.113300
6.407800
5.760500
7.055000
2.524300
-3.301000
-9.126200
1.877000
-18.834999
4.466000
7.702300
-4.595500
-3.301000
0.582520
-9.773500
-5.890000
-15.599000
-17.540001
-20.777000
-28.544001
-24.660000
-20.129000
-44.724998
-16.246000
-17.540001
-20.777000
-5.242700
-9.773500
-3.948200
9.644000
-0.711970
-3.301000
-4.595500
-6.537200
3.818800
-9.126200
-8.479000
-9.773500
5.113300
-6.537200
-4.595500
-0.711970
-3.301000
-6.537200
1.229800
-4.595500
5.760500
-3.948200
-2.006500
13.528000
5.760500
1.229800
19.353001
17.410999
12.233000
22.589001
14.175000
7.055000
11.586000
8.996800
1.229800
5.113300
-7.831700
-11.068000
-0.064720
-5.242700
-31.132999
-14.951000
-14.951000
7.055000
-2.006500
-2.653700
7.702300
4.466000
7.055000
21.941999
15.469000
1.877000
9.644000
9.644000
3.171500
10.291000
-4.595500
-7.184500
-13.657000
-7.184500
-29.191000
-20.777000
-4.595500
-20.777000
-20.129000
-7.831700
-22.718000
5.760500
-27.249001
10.939000
-3.301000
-11.068000
8.996800
-5.242700
-4.595500
12.880000
7.702300
-5.242700
9.644000
4.466000
0.582520
-5.242700
14.822000
34.238998
14.175000
7.055000
10.939000
-14.951000
3.818800
-3.301000
-4.595500
5.760500
-3.948200
-7.184500
-23.365999
-6.537200
6.407800
-7.831700
-13.657000
-3.948200
-8.479000
-9.773500
-9.126200
-12.362000
-7.184500
-16.246000
-16.246000
-24.013000
-13.657000
-5.242700
1.229800
1.877000
7.702300
-1.359200
16.117001
26.472000
16.764000
14.175000
13.528000
3.171500
-8.479000
