-0.711970
-12.362000
3.818800
5.760500
7.055000
-4.595500
7.702300
5.760500
14.822000
5.113300
6.407800
5.113300
5.113300
-5.890000
-9.126200
4.466000
1.877000
8.349500
-11.068000
7.702300
11.586000
3.171500
6.407800
9.644000
2.524300
14.175000
5.113300
12.880000
17.410999
7.702300
8.349500
10.291000
7.702300
4.466000
5.113300
-7.184500
-2.653700
-11.068000
-7.184500
-8.479000
0.582520
-3.301000
3.171500
-2.653700
-8.479000
-1.359200
-10.421000
-4.595500
5.760500
8.349500
4.466000
-0.064720
-7.184500
1.877000
1.877000
6.407800
2.524300
2.524300
18.705999
4.466000
14.822000
21.294001
5.113300
7.055000
-11.715000
-7.184500
2.524300
-8.479000
-3.301000
-6.537200
3.818800
-2.653700
-11.715000
-5.890000
3.818800
-5.890000
10.939000
7.702300
-0.064720
1.877000
-7.831700
7.702300
-5.890000
-6.537200
6.407800
-2.653700
-0.711970
1.877000
-5.242700
3.818800
-1.359200
-5.890000
1.877000
-1.359200
6.407800
-2.653700
-5.890000
9.644000
14.822000
8.996800
17.410999
14.822000
18.705999
4.466000
2.524300
2.524300
2.524300
-3.301000
-7.184500
-2.653700
-5.242700
-7.184500
-13.010000
-11.068000
-5.890000
-3.948200
-3.301000
7.702300
1.877000
-10.421000
2.524300
3.818800
6.407800
11.586000
3.818800
3.171500
-5.890000
7.055000
2.524300
-6.537200
3.171500
-11.068000
-3.301000
-8.479000
-2.006500
-2.653700
-9.773500
-9.126200
-2.653700
-1.359200
1.229800
-5.242700
-1.359200
-14.951000
-5.242700
-2.653700
-10.421000
-5.242700
-1.359200
-2.653700
11.586000
10.291000
6.407800
-2.006500
-8.479000
3.171500
4.466000
-1.359200
-4.595500
2.524300
-3.948200
-4.595500
-7.184500
-7.184500
-5.890000
-11.068000
-7.184500
4.466000
9.644000
8.349500
1.877000
-2.006500
4.466000
8.996800
5.760500
1.877000
-13.010000
-3.301000
-6.537200
-0.064720
-1.359200
1.877000
-2.653700
1.877000
1.229800
10.291000
7.702300
-9.773500
-3.948200
4.466000
1.229800
7.055000
12.880000
4.466000
8.996800
1.877000
12.233000
7.702300
3.171500
6.407800
3.818800
13.528000
18.058001
14.175000
7.055000
7.055000
14.175000
14.822000
20.000000
28.414000
23.882999
15.469000
4.466000
15.469000
11.586000
14.175000
14.175000
15.469000
15.469000
8.349500
5.760500
17.410999
15.469000
13.528000
16.117001
1.877000
-0.064720
-8.479000
6.407800
-9.773500
-6.537200
-3.948200
-14.304000
-23.365999
-11.068000
-12.362000
-13.657000
-13.010000
-24.660000
-24.013000
-19.482000
-20.129000
-16.893000
-0.711970
-7.831700
-8.479000
-3.948200
-11.715000
-7.831700
5.760500
-7.184500
-5.890000
-7.184500
2.524300
-5.890000
-10.421000
-9.126200
-3.948200
1.229800
-0.711970
2.524300
8.996800
16.764000
14.175000
18.058001
17.410999
-3.948200
7.055000
3.818800
-4.595500
-2.006500
-6.537200
-7.184500
2.524300
-0.064720
-5.242700
-3.948200
-12.362000
1.877000
1.229800
-8.479000
-2.006500
-7.184500
1.229800
1.229800
-7.831700
-0.064720
-21.424000
-10.421000
-11.068000
-16.246000
-10.421000
-13.010000
1.229800
2.524300
6.407800
1.229800
-10.421000
-6.537200
-4.595500
-3.301000
-7.184500
-15.599000
-8.479000
-2.006500
-2.653700
-8.479000
-6.537200
-15.599000
1.229800
0.582520
-7.831700
-11.715000
-7.184500
-4.595500
-9.126200
-11.715000
4.466000
12.233000
1.229800
22.589001
7.055000
21.294001
21.941999
10.939000
15.469000
6.407800
-1.359200
12.233000
16.117001
-2.006500
10.939000
15.469000
9.644000
8.349500
0.582520
-3.301000
8.349500
3.818800
5.760500
-9.126200
-18.188000
1.229800
-9.126200
-15.599000
-9.126200
-8.479000
-18.188000
-10.421000
-7.831700
-9.773500
-3.301000
-1.359200
0.582520
5.760500
-3.301000
1.877000
-4.595500
0.582520
-0.064720
7.702300
2.524300
-7.831700
2.524300
-4.595500
2.524300
2.524300
-16.893000
-20.129000
-14.951000
3.171500
6.407800
-11.068000
-0.711970
-8.479000
-5.890000
-10.421000
-14.951000
-13.657000
-18.188000
-23.365999
-7.184500
-3.301000
-7.184500
9.644000
-1.359200
-4.595500
5.113300
1.229800
-0.711970
3.171500
-0.064720
2.524300
2.524300
5.760500
1.877000
1.229800
-2.006500
16.764000
19.353001
6.407800
4.466000
-3.301000
1.877000
11.586000
11.586000
-3.301000
0.582520
-11.715000
1.229800
3.171500
4.466000
8.349500
7.055000
8.996800
7.702300
-0.064720
-8.479000
-4.595500
-9.773500
-10.421000
7.055000
9.644000
-3.948200
-10.421000
2.524300
5.113300
-0.064720
-3.301000
-4.595500
2.524300
17.410999
18.058001
17.410999
11.586000
13.528000
17.410999
17.410999
-4.595500
-2.653700
-8.479000
-3.948200
2.524300
-9.773500
-14.951000
-17.540001
-24.660000
-5.242700
-1.359200
-15.599000
-1.359200
2.524300
-5.890000
-2.653700
4.466000
12.233000
12.233000
12.880000
24.531000
3.818800
-1.359200
16.764000
11.586000
11.586000
6.407800
-3.948200
-0.711970
2.524300
-6.537200
-4.595500
1.877000
9.644000
7.702300
-1.359200
-3.301000
10.939000
16.764000
2.524300
5.760500
3.818800
5.760500
-0.064720
0.582520
2.524300
-1.359200
5.113300
0.582520
-3.301000
-18.188000
-5.242700
-1.359200
-0.711970
-8.479000
-1.359200
-0.064720
10.291000
-2.006500
8.349500
20.000000
7.055000
4.466000
-0.064720
1.877000
1.229800
-0.711970
-18.188000
0.582520
6.407800
0.582520
7.055000
1.229800
2.524300
11.586000
13.528000
12.880000
2.524300
-5.890000
-2.653700
5.113300
-3.948200
-2.006500
-3.301000
-8.479000
-0.064720
-9.773500
-7.831700
-13.010000
-3.948200
-5.242700
12.233000
5.113300
-9.126200
-11.715000
-7.184500
-5.890000
-0.064720
-11.715000
-6.537200
-11.068000
-2.653700
1.229800
3.818800
2.524300
-13.657000
-3.948200
-11.715000
-7.184500
-9.773500
-7.184500
-2.653700
-6.537200
-16.893000
-23.365999
-20.777000
-16.246000
-10.421000
-3.948200
1.229800
-6.537200
-3.301000
3.171500
-0.064720
-11.068000
-3.301000
1.877000
1.877000
3.818800
-2.006500
-4.595500
-9.773500
1.877000
-2.006500
-2.653700
-5.242700
-9.773500
3.818800
5.113300
1.877000
-6.537200
-1.359200
0.582520
3.818800
-0.711970
-0.064720
-3.301000
-3.301000
-5.242700
-1.359200
3.818800
3.171500
8.349500
7.055000
6.407800
2.524300
-10.421000
4.466000
1.229800
0.582520
7.055000
14.175000
14.822000
9.644000
19.353001
12.233000
6.407800
5.113300
8.996800
6.407800
1.229800
-2.006500
9.644000
-0.064720
-1.359200
3.171500
3.171500
-3.948200
1.229800
3.171500
14.822000
13.528000
2.524300
3.171500
-5.242700
-3.948200
-7.184500
6.407800
0.582520
8.349500
7.055000
8.996800
12.233000
-3.948200
8.996800
4.466000
-4.595500
-5.890000
-13.010000
-5.890000
10.939000
1.877000
5.760500
2.524300
6.407800
7.702300
12.880000
3.818800
-7.184500
-15.599000
-9.773500
-6.537200
-6.537200
-2.653700
-3.301000
-0.064720
-3.301000
-1.359200
-18.834999
-5.242700
3.818800
1.229800
-5.242700
-0.711970
1.229800
-0.064720
7.702300
7.702300
10.291000
14.822000
7.055000
-1.359200
3.171500
-0.064720
1.229800
-10.421000
-2.653700
-7.184500
-5.242700
-9.773500
-16.246000
-18.188000
4.466000
-1.359200
-15.599000
-1.359200
2.524300
7.055000
-1.359200
5.760500
0.582520
10.291000
7.702300
10.939000
16.117001
14.822000
7.702300
8.996800
6.407800
0.582520
1.229800
-7.184500
-0.711970
-11.715000
0.582520
7.055000
9.644000
-0.064720
-3.948200
-3.301000
12.880000
14.822000
3.818800
-3.301000
2.524300
-3.948200
6.407800
4.466000
1.877000
6.407800
7.702300
8.349500
4.466000
-0.064720
0.582520
2.524300
-7.831700
-5.890000
-2.653700
-10.421000
-6.537200
4.466000
1.229800
3.171500
0.582520
-3.301000
15.469000
15.469000
20.000000
6.407800
11.586000
8.349500
6.407800
0.582520
-10.421000
3.818800
2.524300
-2.006500
-0.711970
-5.890000
1.229800
-3.301000
-10.421000
-1.359200
-13.657000
-0.064720
-10.421000
-6.537200
-17.540001
-15.599000
-15.599000
-9.773500
9.644000
1.229800
0.582520
-2.006500
5.113300
-1.359200
-8.479000
-8.479000
-9.773500
2.524300
8.349500
-1.359200
-5.242700
3.818800
-2.653700
-0.711970
8.349500
-8.479000
-3.948200
0.582520
-4.595500
-5.242700
-11.715000
-2.653700
2.524300
8.349500
-6.537200
-1.359200
-4.595500
7.702300
18.705999
3.171500
-15.599000
-18.188000
-9.126200
6.407800
1.877000
-9.773500
-8.479000
-11.068000
4.466000
-0.064720
-0.711970
-2.653700
0.582520
-0.064720
-2.006500
5.760500
4.466000
13.528000
14.822000
-0.064720
7.702300
1.229800
-5.242700
-7.184500
-7.831700
11.586000
8.996800
14.175000
14.822000
8.349500
7.702300
-0.064720
2.524300
10.939000
3.171500
-2.006500
9.644000
-1.359200
-2.653700
-0.064720
10.291000
7.055000
18.058001
10.291000
5.760500
5.760500
3.818800
-0.711970
-4.595500
-14.304000
-2.653700
-7.831700
-9.773500
-5.890000
-13.657000
-4.595500
-6.537200
4.466000
3.171500
2.524300
8.996800
10.939000
11.586000
12.233000
-3.301000
-1.359200
5.760500
-0.064720
-7.184500
9.644000
14.175000
1.877000
20.000000
11.586000
8.349500
23.236000
28.414000
20.646999
27.120001
27.120001
20.000000
29.061001
15.469000
16.764000
9.644000
3.171500
10.291000
2.524300
2.524300
8.349500
-3.301000
-5.890000
-3.948200
-10.421000
-4.595500
-11.068000
-3.301000
-5.242700
-10.421000
-10.421000
-6.537200
-14.304000
-16.246000
-24.660000
-18.188000
-25.955000
-22.070999
-26.601999
-25.306999
-15.599000
-20.129000
-13.657000
-12.362000
-14.951000
-7.184500
-8.479000
-0.711970
-3.301000
-1.359200
5.113300
-0.064720
0.582520
5.760500
8.996800
1.877000
10.939000
-0.064720
4.466000
10.291000
-2.006500
-10.421000
-6.537200
-5.242700
-10.421000
3.171500
-7.831700
-2.006500
-1.359200
3.818800
13.528000
16.764000
7.702300
2.524300
7.055000
21.294001
20.646999
15.469000
20.000000
17.410999
17.410999
14.822000
14.175000
8.996800
7.702300
1.229800
5.760500
4.466000
5.113300
3.818800
8.349500
2.524300
7.055000
16.764000
2.524300
7.702300
-3.301000
14.175000
15.469000
8.996800
1.877000
-2.006500
-3.301000
5.113300
7.055000
7.702300
-0.064720
-2.653700
0.582520
0.582520
3.818800
5.113300
-5.242700
-14.951000
-18.188000
-16.893000
-13.010000
-16.246000
-16.246000
-24.660000
-20.777000
-0.711970
-16.246000
-20.129000
-23.365999
-13.010000
-5.890000
-5.890000
-2.653700
-2.653700
-12.362000
-11.068000
-12.362000
-13.010000
-20.129000
-17.540001
-14.304000
-15.599000
-13.657000
-11.715000
-16.246000
-17.540001
-5.890000
-6.537200
-6.537200
-4.595500
-10.421000
-11.715000
-5.890000
-6.537200
-7.831700
-4.595500
-10.421000
2.524300
-11.068000
1.877000
9.644000
2.524300
-2.653700
-0.711970
12.233000
13.528000
7.055000
