-1.410300
-5.897400
-2.051300
-6.538500
-4.615400
-9.743600
-7.820500
-10.385000
-10.385000
-3.974400
-3.974400
-1.410300
2.435900
4.359000
5.000000
3.717900
1.153800
0.512820
3.717900
-0.769230
-5.897400
-4.615400
-5.897400
-4.615400
-3.974400
-2.692300
-2.051300
-0.769230
3.717900
9.487200
9.487200
14.615000
6.923100
8.846200
8.846200
0.512820
3.717900
0.512820
-0.128210
-1.410300
0.512820
3.717900
-1.410300
-4.615400
-11.026000
-15.513000
-16.153999
-8.461500
1.794900
9.487200
12.692000
8.205100
5.000000
12.692000
1.794900
-5.256400
-7.179500
-8.461500
-2.051300
-1.410300
-5.256400
-5.256400
-6.538500
-3.333300
2.435900
5.000000
6.923100
6.923100
6.923100
-1.410300
-0.769230
-5.256400
3.076900
3.717900
2.435900
3.717900
-0.128210
-3.974400
-2.051300
0.512820
-1.410300
5.000000
5.000000
7.564100
9.487200
14.615000
6.282100
7.564100
6.923100
2.435900
-0.128210
0.512820
-1.410300
-4.615400
-0.769230
-3.333300
-5.256400
-4.615400
-5.256400
-6.538500
-2.692300
-5.256400
-5.256400
-0.128210
5.000000
8.846200
9.487200
12.692000
17.179001
15.256000
12.692000
11.410000
5.000000
5.000000
-0.128210
-2.692300
-2.692300
-2.692300
-5.256400
-3.974400
-6.538500
-3.974400
-2.692300
-5.897400
-5.897400
-3.333300
-1.410300
-4.615400
-2.051300
-6.538500
-7.179500
-11.667000
-7.820500
-12.308000
-14.231000
-12.308000
-12.308000
-8.461500
-7.820500
-8.461500
-3.333300
-2.051300
3.076900
3.717900
1.153800
-1.410300
-5.256400
-2.051300
0.512820
12.692000
16.538000
6.923100
-0.128210
-8.461500
-12.949000
-5.256400
-2.692300
1.794900
2.435900
3.717900
5.641000
3.717900
6.282100
-0.769230
5.000000
5.000000
7.564100
11.410000
8.846200
8.205100
2.435900
-0.769230
5.000000
4.359000
1.794900
5.000000
-0.128210
4.359000
1.153800
3.717900
-2.051300
-3.974400
-5.256400
-2.051300
1.794900
3.076900
5.641000
2.435900
1.153800
6.282100
6.282100
6.923100
7.564100
-0.128210
-0.128210
-1.410300
-0.128210
-0.769230
-0.128210
1.153800
1.794900
-0.128210
3.717900
6.923100
6.282100
5.641000
4.359000
-3.333300
-7.179500
-7.179500
-11.667000
-8.461500
-12.308000
-12.308000
-9.102600
-4.615400
-3.974400
-5.897400
-5.897400
-4.615400
-3.333300
0.512820
-0.128210
-7.179500
-5.256400
-6.538500
-2.692300
-6.538500
-1.410300
-3.333300
-2.051300
2.435900
1.794900
1.794900
8.205100
10.128000
12.692000
11.410000
8.205100
5.641000
3.717900
3.076900
1.794900
5.641000
-1.410300
-3.333300
-7.820500
-14.231000
-16.153999
-10.385000
-4.615400
0.512820
0.512820
-1.410300
-2.051300
-1.410300
6.282100
6.282100
9.487200
8.846200
7.564100
2.435900
-2.692300
-7.820500
-7.179500
-6.538500
-8.461500
-3.333300
-7.179500
-6.538500
-0.769230
3.076900
3.717900
8.846200
5.641000
9.487200
10.128000
10.128000
9.487200
4.359000
-0.128210
1.794900
5.641000
4.359000
3.717900
3.717900
1.794900
-1.410300
-3.974400
-6.538500
2.435900
-2.051300
-0.128210
-0.128210
0.512820
5.000000
3.076900
3.076900
2.435900
1.794900
4.359000
5.641000
6.282100
4.359000
-0.769230
2.435900
-5.256400
-2.051300
-3.333300
-3.974400
-5.897400
-8.461500
-7.179500
-8.461500
-3.974400
-0.128210
2.435900
8.205100
6.923100
9.487200
12.692000
5.000000
7.564100
8.205100
11.410000
12.692000
11.410000
8.846200
6.282100
0.512820
-3.333300
-1.410300
-3.333300
-8.461500
-4.615400
-0.128210
4.359000
7.564100
3.076900
6.282100
0.512820
2.435900
5.641000
6.923100
-0.128210
-3.974400
-5.897400
-16.153999
-23.846001
-27.691999
-30.256001
-23.205000
-8.461500
-4.615400
-2.051300
-2.692300
-2.051300
-2.692300
-3.974400
-4.615400
-7.179500
-2.051300
3.717900
6.923100
6.923100
3.717900
-2.692300
-7.820500
-17.436001
-16.795000
-21.923000
-20.000000
-20.000000
-15.513000
-7.820500
-3.974400
5.641000
7.564100
6.923100
13.333000
8.846200
9.487200
9.487200
6.282100
8.205100
4.359000
6.923100
1.794900
1.153800
-2.051300
-3.333300
-0.769230
1.153800
0.512820
0.512820
1.153800
-5.256400
-11.667000
-13.590000
-4.615400
-5.256400
-2.051300
-4.615400
1.153800
1.153800
3.717900
5.641000
8.846200
13.333000
12.692000
5.000000
-2.051300
-7.179500
-9.102600
-8.461500
-7.820500
-1.410300
-3.974400
1.153800
0.512820
-0.769230
-1.410300
-0.769230
-3.974400
1.153800
3.717900
2.435900
6.923100
8.846200
6.923100
8.846200
15.256000
17.179001
17.179001
13.974000
21.667000
15.897000
14.615000
10.769000
5.641000
5.641000
3.717900
5.641000
5.000000
3.076900
5.641000
5.641000
5.000000
4.359000
-5.256400
-5.256400
-11.667000
-11.026000
1.153800
6.282100
8.205100
8.205100
5.000000
5.641000
6.282100
8.205100
13.974000
16.538000
19.103001
14.615000
14.615000
7.564100
0.512820
-6.538500
-10.385000
-11.026000
-18.718000
-18.718000
-16.795000
-7.179500
0.512820
0.512820
1.153800
-0.769230
-4.615400
-4.615400
-12.308000
-9.102600
-11.667000
-14.231000
-12.949000
-7.179500
-7.179500
-12.308000
-13.590000
-14.231000
-14.231000
-9.743600
-6.538500
-5.897400
-7.179500
-6.538500
-3.974400
-9.102600
-6.538500
-8.461500
-7.179500
-7.179500
-11.026000
-12.308000
-8.461500
-7.179500
-2.692300
1.153800
3.076900
5.000000
10.128000
14.615000
13.333000
14.615000
12.051000
10.128000
9.487200
5.641000
-0.128210
-3.974400
-1.410300
-0.769230
-4.615400
-6.538500
-2.051300
-1.410300
5.000000
5.000000
12.692000
9.487200
7.564100
7.564100
12.692000
13.333000
15.256000
13.333000
13.974000
13.333000
9.487200
-0.769230
-4.615400
-0.128210
-2.051300
1.153800
-0.128210
1.153800
0.512820
5.000000
8.205100
3.717900
-4.615400
-16.153999
-18.077000
-13.590000
-3.333300
10.128000
5.641000
3.076900
5.000000
6.282100
6.282100
3.076900
5.000000
1.794900
1.794900
3.717900
4.359000
3.717900
3.076900
2.435900
1.153800
1.153800
1.794900
4.359000
1.794900
8.846200
6.282100
9.487200
8.205100
6.923100
8.205100
0.512820
-2.692300
-3.974400
-3.333300
-0.769230
-3.974400
-8.461500
-7.820500
-6.538500
-9.743600
-14.231000
-9.102600
-8.461500
-3.333300
1.794900
-4.615400
-7.179500
-9.102600
-12.949000
-10.385000
-8.461500
-7.820500
-7.820500
-3.974400
3.076900
4.359000
10.128000
5.000000
1.153800
-1.410300
-3.974400
-8.461500
-11.026000
-8.461500
-18.077000
-19.358999
-19.358999
-20.000000
-11.667000
-6.538500
3.076900
7.564100
6.282100
13.974000
13.974000
16.538000
17.179001
17.820999
19.743999
17.179001
15.256000
8.846200
1.153800
-3.974400
-12.308000
-17.436001
-16.795000
-20.641001
-14.872000
-15.513000
-11.667000
-11.667000
-3.333300
-0.769230
-2.051300
-0.128210
4.359000
8.205100
10.128000
11.410000
10.769000
5.000000
-5.256400
-6.538500
-9.743600
0.512820
6.923100
8.846200
5.641000
5.641000
4.359000
5.000000
5.641000
7.564100
8.205100
10.769000
15.256000
12.692000
10.128000
3.717900
6.923100
1.153800
1.153800
-1.410300
-0.128210
2.435900
2.435900
4.359000
4.359000
1.153800
3.717900
4.359000
1.794900
-1.410300
-2.692300
1.153800
-0.128210
3.076900
-2.692300
-2.692300
1.794900
-0.769230
1.794900
4.359000
5.641000
3.717900
-4.615400
-8.461500
-8.461500
-11.026000
-9.102600
-9.102600
-5.256400
-7.820500
-3.333300
-2.692300
1.794900
5.000000
0.512820
-2.692300
-4.615400
-2.692300
-2.051300
-4.615400
-0.769230
3.076900
3.076900
5.000000
-4.615400
-2.051300
-3.333300
-0.128210
3.717900
-4.615400
-4.615400
-2.051300
4.359000
4.359000
2.435900
7.564100
8.846200
5.641000
6.923100
4.359000
9.487200
5.641000
3.717900
1.794900
-2.051300
-0.769230
-7.179500
-5.256400
-6.538500
-9.102600
-3.974400
-8.461500
-9.743600
-11.667000
-13.590000
-7.820500
-7.179500
1.794900
-0.769230
-6.538500
-10.385000
-11.026000
-9.743600
-4.615400
10.128000
14.615000
10.769000
11.410000
11.410000
9.487200
5.000000
5.000000
6.923100
4.359000
2.435900
-5.897400
-6.538500
-3.333300
-7.179500
-11.026000
-11.026000
-9.743600
-3.333300
0.512820
-2.051300
-3.974400
-3.333300
4.359000
3.076900
7.564100
7.564100
6.282100
5.000000
3.717900
-0.128210
3.717900
6.282100
1.794900
-1.410300
-2.051300
-2.051300
-4.615400
4.359000
2.435900
10.128000
10.769000
8.846200
11.410000
12.051000
5.641000
1.794900
0.512820
-1.410300
0.512820
-0.769230
1.153800
5.641000
9.487200
6.282100
10.128000
6.923100
9.487200
2.435900
1.153800
3.717900
3.076900
6.923100
5.000000
0.512820
3.717900
3.717900
3.076900
4.359000
0.512820
-1.410300
-2.692300
1.153800
0.512820
1.153800
3.076900
6.923100
4.359000
1.153800
2.435900
-0.769230
-5.256400
-9.102600
-8.461500
-5.897400
-3.974400
-5.256400
-2.692300
-1.410300
6.923100
6.923100
10.128000
15.897000
18.462000
13.974000
10.769000
13.333000
8.205100
1.794900
-5.256400
-5.897400
-2.051300
5.641000
2.435900
2.435900
-1.410300
-7.179500
-9.743600
-9.102600
-6.538500
-3.974400
-7.179500
-6.538500
-5.897400
-5.256400
-3.974400
-6.538500
-0.769230
2.435900
8.205100
3.717900
4.359000
1.153800
-2.692300
-4.615400
-6.538500
-6.538500
-7.179500
-4.615400
-2.692300
-3.974400
-10.385000
-9.102600
-11.026000
-9.102600
-14.231000
-11.667000
-12.308000
-11.026000
-9.102600
-9.743600
-7.179500
-2.692300
-0.128210
3.717900
0.512820
5.000000
5.000000
3.076900
1.153800
-5.897400
-5.256400
-12.308000
-12.949000
-12.949000
-11.667000
-11.026000
-7.820500
-3.333300
-0.128210
3.717900
8.205100
8.846200
7.564100
9.487200
9.487200
11.410000
8.205100
12.692000
11.410000
13.974000
13.333000
17.820999
18.462000
14.615000
8.846200
9.487200
6.282100
3.076900
-0.769230
-2.051300
-1.410300
-5.897400
-4.615400
-7.179500
-1.410300
0.512820
-1.410300
0.512820
2.435900
6.923100
10.128000
6.282100
6.923100
5.000000
5.000000
5.000000
1.153800
2.435900
-3.974400
-6.538500
-14.231000
-20.000000
-18.077000
-11.026000
-1.410300
-0.769230
-5.256400
-2.051300
-4.615400
-8.461500
-7.820500
-8.461500
-5.256400
-7.179500
-5.256400
-7.179500
-2.051300
1.153800
3.076900
-0.128210
-3.974400
-1.410300
5.000000
8.205100
11.410000
15.897000
16.538000
14.615000
11.410000
10.128000
-0.128210
0.512820
-1.410300
-3.974400
-2.051300
-6.538500
-5.256400
-6.538500
-10.385000
-8.461500
-9.743600
-8.461500
-7.820500
-12.308000
-13.590000
-13.590000
-9.743600
-11.667000
-11.667000
-12.308000
-11.026000
-5.897400
-5.897400
0.512820
5.000000
6.282100
9.487200
10.128000
12.692000
15.897000
14.615000
14.615000
5.641000
