9.691100
13.593000
11.642000
19.447001
21.398001
19.447001
11.642000
21.398001
17.496000
21.398001
1.886200
-2.016300
15.545000
15.545000
19.447001
5.788600
11.642000
13.593000
9.691100
1.886200
3.837400
13.593000
19.447001
5.788600
13.593000
7.739800
1.886200
5.788600
5.788600
7.739800
9.691100
-3.967500
-7.869900
-13.724000
-5.918700
-9.821100
3.837400
11.642000
-5.918700
3.837400
5.788600
-2.016300
-0.065040
-7.869900
-0.065040
9.691100
1.886200
-0.065040
5.788600
13.593000
15.545000
13.593000
13.593000
9.691100
11.642000
1.886200
15.545000
19.447001
5.788600
7.739800
11.642000
9.691100
11.642000
11.642000
9.691100
11.642000
11.642000
17.496000
13.593000
19.447001
17.496000
19.447001
27.252001
15.545000
11.642000
13.593000
17.496000
15.545000
1.886200
15.545000
1.886200
11.642000
13.593000
-2.016300
17.496000
-0.065040
-3.967500
3.837400
7.739800
13.593000
7.739800
-3.967500
-3.967500
5.788600
-11.772000
11.642000
7.739800
3.837400
1.886200
-3.967500
-2.016300
21.398001
15.545000
5.788600
11.642000
-0.065040
5.788600
-0.065040
-5.918700
1.886200
-5.918700
-13.724000
-17.625999
-9.821100
-13.724000
-23.480000
-17.625999
-13.724000
-7.869900
3.837400
7.739800
19.447001
3.837400
3.837400
9.691100
9.691100
13.593000
15.545000
19.447001
19.447001
-7.869900
7.739800
-2.016300
-7.869900
-15.675000
-21.528000
-11.772000
-17.625999
-11.772000
1.886200
-3.967500
-11.772000
-9.821100
-2.016300
-3.967500
5.788600
7.739800
-0.065040
-2.016300
3.837400
3.837400
-0.065040
-11.772000
-23.480000
-5.918700
-0.065040
13.593000
5.788600
3.837400
3.837400
-11.772000
-3.967500
-5.918700
-5.918700
-0.065040
-7.869900
15.545000
15.545000
3.837400
15.545000
13.593000
-0.065040
1.886200
-3.967500
-5.918700
-2.016300
-13.724000
-7.869900
-3.967500
3.837400
-3.967500
-19.577000
-17.625999
-11.772000
-7.869900
-3.967500
3.837400
-0.065040
-0.065040
1.886200
15.545000
9.691100
17.496000
23.350000
13.593000
9.691100
13.593000
9.691100
19.447001
23.350000
27.252001
15.545000
3.837400
3.837400
5.788600
13.593000
11.642000
3.837400
15.545000
-5.918700
-0.065040
3.837400
1.886200
-3.967500
-9.821100
-0.065040
3.837400
9.691100
-9.821100
11.642000
33.105999
29.202999
17.496000
15.545000
29.202999
15.545000
25.301001
29.202999
17.496000
9.691100
15.545000
9.691100
-7.869900
11.642000
5.788600
-7.869900
-13.724000
-7.869900
-13.724000
-13.724000
-3.967500
-11.772000
-15.675000
-7.869900
-19.577000
-23.480000
-0.065040
-0.065040
-2.016300
-3.967500
11.642000
3.837400
-0.065040
1.886200
3.837400
-3.967500
-7.869900
-7.869900
5.788600
3.837400
-3.967500
11.642000
-3.967500
-7.869900
-7.869900
-7.869900
-2.016300
-5.918700
-5.918700
-5.918700
-15.675000
-13.724000
-11.772000
-0.065040
-7.869900
-19.577000
-15.675000
7.739800
15.545000
-7.869900
1.886200
1.886200
-5.918700
-33.236000
-33.236000
-19.577000
-15.675000
-15.675000
-19.577000
-11.772000
-2.016300
9.691100
-5.918700
-7.869900
-13.724000
-21.528000
-13.724000
5.788600
5.788600
-0.065040
-3.967500
-17.625999
5.788600
7.739800
15.545000
19.447001
11.642000
7.739800
17.496000
7.739800
3.837400
9.691100
1.886200
-7.869900
-11.772000
3.837400
-5.918700
5.788600
9.691100
7.739800
-3.967500
-11.772000
-7.869900
-15.675000
-9.821100
-15.675000
-5.918700
23.350000
13.593000
13.593000
7.739800
13.593000
11.642000
5.788600
17.496000
23.350000
13.593000
13.593000
7.739800
9.691100
-5.918700
5.788600
13.593000
-3.967500
-3.967500
-9.821100
-5.918700
3.837400
-5.918700
-7.869900
3.837400
-2.016300
-3.967500
-3.967500
-23.480000
-7.869900
13.593000
13.593000
17.496000
3.837400
3.837400
-19.577000
-3.967500
7.739800
-3.967500
5.788600
-3.967500
-0.065040
-3.967500
-11.772000
-3.967500
-5.918700
-15.675000
-11.772000
-5.918700
-2.016300
3.837400
23.350000
25.301001
7.739800
-5.918700
-9.821100
-5.918700
1.886200
-2.016300
-3.967500
-9.821100
-23.480000
-15.675000
-3.967500
-0.065040
-7.869900
-15.675000
-3.967500
-5.918700
-13.724000
9.691100
11.642000
-3.967500
9.691100
1.886200
-0.065040
-0.065040
-3.967500
1.886200
-7.869900
-9.821100
-17.625999
-11.772000
-5.918700
-13.724000
-15.675000
-11.772000
-7.869900
-21.528000
-2.016300
1.886200
-9.821100
-2.016300
1.886200
7.739800
3.837400
-7.869900
-17.625999
-7.869900
7.739800
19.447001
15.545000
-2.016300
9.691100
-5.918700
-5.918700
11.642000
19.447001
15.545000
5.788600
15.545000
5.788600
15.545000
1.886200
7.739800
19.447001
13.593000
11.642000
5.788600
3.837400
15.545000
1.886200
-13.724000
-15.675000
-0.065040
-2.016300
-13.724000
-0.065040
3.837400
5.788600
-2.016300
-3.967500
11.642000
5.788600
5.788600
11.642000
-3.967500
-7.869900
-17.625999
11.642000
3.837400
-9.821100
-5.918700
-7.869900
3.837400
-9.821100
-15.675000
15.545000
11.642000
9.691100
5.788600
-13.724000
-15.675000
3.837400
-0.065040
-5.918700
-3.967500
-17.625999
-13.724000
-5.918700
-5.918700
-7.869900
-0.065040
-7.869900
-13.724000
3.837400
1.886200
9.691100
9.691100
3.837400
15.545000
9.691100
23.350000
11.642000
3.837400
-0.065040
3.837400
11.642000
7.739800
9.691100
17.496000
5.788600
3.837400
3.837400
3.837400
9.691100
7.739800
15.545000
5.788600
-2.016300
-7.869900
5.788600
19.447001
7.739800
9.691100
9.691100
1.886200
-7.869900
11.642000
11.642000
13.593000
1.886200
3.837400
5.788600
-9.821100
3.837400
-0.065040
-2.016300
5.788600
-5.918700
-11.772000
-5.918700
-0.065040
3.837400
7.739800
3.837400
13.593000
9.691100
-3.967500
-0.065040
15.545000
11.642000
3.837400
-3.967500
1.886200
1.886200
-2.016300
1.886200
11.642000
7.739800
5.788600
1.886200
7.739800
9.691100
1.886200
-5.918700
9.691100
9.691100
-3.967500
1.886200
-3.967500
-11.772000
-3.967500
-11.772000
-41.041000
-29.333000
-29.333000
-31.285000
-17.625999
-31.285000
-27.382000
-17.625999
-19.577000
-17.625999
-23.480000
-13.724000
-11.772000
-7.869900
-0.065040
-3.967500
-2.016300
-0.065040
-11.772000
5.788600
-3.967500
5.788600
-11.772000
-2.016300
11.642000
5.788600
7.739800
15.545000
25.301001
29.202999
9.691100
9.691100
-5.918700
-2.016300
15.545000
11.642000
13.593000
-2.016300
11.642000
9.691100
5.788600
5.788600
3.837400
7.739800
-7.869900
-3.967500
-11.772000
-13.724000
-21.528000
-23.480000
-13.724000
-19.577000
-33.236000
-23.480000
-19.577000
-15.675000
-9.821100
-15.675000
-0.065040
-15.675000
1.886200
5.788600
5.788600
13.593000
-2.016300
-3.967500
-2.016300
-3.967500
-5.918700
11.642000
-0.065040
1.886200
-2.016300
1.886200
1.886200
-5.918700
3.837400
-2.016300
-0.065040
5.788600
15.545000
15.545000
9.691100
7.739800
17.496000
17.496000
5.788600
15.545000
25.301001
29.202999
29.202999
15.545000
25.301001
29.202999
29.202999
21.398001
19.447001
23.350000
17.496000
17.496000
9.691100
13.593000
7.739800
-0.065040
1.886200
5.788600
9.691100
5.788600
9.691100
-2.016300
-7.869900
-3.967500
-2.016300
-7.869900
-3.967500
-2.016300
-23.480000
-7.869900
-11.772000
-15.675000
-15.675000
-19.577000
-7.869900
-3.967500
-21.528000
-25.431000
-9.821100
1.886200
3.837400
-2.016300
-3.967500
-5.918700
9.691100
1.886200
-9.821100
-2.016300
1.886200
1.886200
-2.016300
3.837400
1.886200
-0.065040
-2.016300
-2.016300
-3.967500
13.593000
9.691100
5.788600
13.593000
-0.065040
-0.065040
-0.065040
3.837400
-2.016300
13.593000
-5.918700
-2.016300
13.593000
1.886200
1.886200
-3.967500
-13.724000
3.837400
17.496000
11.642000
5.788600
-0.065040
-0.065040
-7.869900
1.886200
-2.016300
-2.016300
-0.065040
-9.821100
13.593000
13.593000
1.886200
-3.967500
-11.772000
1.886200
-2.016300
5.788600
23.350000
13.593000
13.593000
9.691100
15.545000
13.593000
9.691100
7.739800
5.788600
13.593000
3.837400
3.837400
17.496000
5.788600
-2.016300
15.545000
19.447001
17.496000
11.642000
7.739800
5.788600
-13.724000
-2.016300
-9.821100
-9.821100
-9.821100
-3.967500
-5.918700
-15.675000
-9.821100
-2.016300
-13.724000
-3.967500
-5.918700
3.837400
-2.016300
1.886200
11.642000
15.545000
5.788600
-2.016300
3.837400
5.788600
9.691100
17.496000
9.691100
5.788600
1.886200
-7.869900
7.739800
-9.821100
11.642000
11.642000
-7.869900
-2.016300
-11.772000
-13.724000
-0.065040
-13.724000
-3.967500
-2.016300
-3.967500
-2.016300
3.837400
3.837400
7.739800
5.788600
-2.016300
1.886200
1.886200
7.739800
15.545000
7.739800
3.837400
-2.016300
1.886200
-5.918700
-3.967500
-13.724000
5.788600
3.837400
3.837400
3.837400
-3.967500
9.691100
-5.918700
-7.869900
-5.918700
-0.065040
-13.724000
-7.869900
-2.016300
-0.065040
1.886200
17.496000
13.593000
-0.065040
-9.821100
-0.065040
-7.869900
-2.016300
-13.724000
-5.918700
5.788600
7.739800
7.739800
-0.065040
-17.625999
-15.675000
-3.967500
-5.918700
-13.724000
-5.918700
-9.821100
-2.016300
-5.918700
-2.016300
-7.869900
-7.869900
-2.016300
-23.480000
-13.724000
-19.577000
-15.675000
-2.016300
-7.869900
17.496000
15.545000
-9.821100
-0.065040
-0.065040
-7.869900
3.837400
-0.065040
1.886200
3.837400
21.398001
1.886200
-0.065040
-2.016300
-15.675000
13.593000
7.739800
1.886200
1.886200
-3.967500
-13.724000
-19.577000
-21.528000
5.788600
-0.065040
-2.016300
3.837400
-7.869900
7.739800
11.642000
11.642000
13.593000
31.153999
27.252001
29.202999
13.593000
25.301001
29.202999
7.739800
-7.869900
9.691100
9.691100
-5.918700
-11.772000
-13.724000
1.886200
-21.528000
-13.724000
-21.528000
-9.821100
-19.577000
-9.821100
-3.967500
-2.016300
-9.821100
-0.065040
17.496000
19.447001
7.739800
23.350000
23.350000
9.691100
17.496000
5.788600
-9.821100
-0.065040
-17.625999
-13.724000
-13.724000
-17.625999
-23.480000
-11.772000
-2.016300
-11.772000
-9.821100
-7.869900
1.886200
15.545000
13.593000
15.545000
21.398001
40.910999
25.301001
33.105999
25.301001
19.447001
15.545000
15.545000
13.593000
9.691100
-5.918700
-3.967500
-9.821100
-21.528000
-23.480000
-19.577000
-15.675000
-11.772000
-15.675000
-7.869900
3.837400
5.788600
-0.065040
9.691100
5.788600
1.886200
-5.918700
-3.967500
-7.869900
-5.918700
-5.918700
-15.675000
-11.772000
-2.016300
-9.821100
-13.724000
-21.528000
-23.480000
-33.236000
-25.431000
-13.724000
-3.967500
-9.821100
-2.016300
-3.967500
-7.869900
-11.772000
-7.869900
-0.065040
-3.967500
-17.625999
1.886200
19.447001
21.398001
-0.065040
3.837400
-3.967500
1.886200
3.837400
-3.967500
-3.967500
-11.772000
-11.772000
-13.724000
-3.967500
-0.065040
