5.741600
-3.827800
-11.483000
-1.913900
1.913900
9.569400
-3.827800
-11.483000
0.000000
-9.569400
-9.569400
0.000000
3.827800
7.655500
17.225000
17.225000
17.225000
5.741600
13.397000
13.397000
1.913900
5.741600
7.655500
3.827800
3.827800
-5.741600
3.827800
5.741600
-9.569400
-11.483000
3.827800
11.483000
-1.913900
5.741600
-1.913900
-5.741600
-3.827800
-9.569400
-13.397000
-9.569400
-1.913900
3.827800
-1.913900
-5.741600
-5.741600
-11.483000
-15.311000
-11.483000
-5.741600
5.741600
-1.913900
-3.827800
7.655500
0.000000
1.913900
0.000000
-1.913900
-1.913900
-11.483000
3.827800
1.913900
1.913900
17.225000
5.741600
13.397000
7.655500
-1.913900
13.397000
11.483000
5.741600
0.000000
-9.569400
-9.569400
-1.913900
-7.655500
-3.827800
-17.225000
-13.397000
-11.483000
-7.655500
-7.655500
-5.741600
5.741600
-5.741600
9.569400
5.741600
1.913900
5.741600
-5.741600
-1.913900
-1.913900
5.741600
3.827800
1.913900
-5.741600
5.741600
1.913900
-13.397000
-7.655500
-5.741600
9.569400
13.397000
7.655500
-5.741600
0.000000
9.569400
0.000000
1.913900
1.913900
7.655500
5.741600
0.000000
1.913900
3.827800
15.311000
5.741600
-3.827800
0.000000
-11.483000
-5.741600
0.000000
7.655500
-13.397000
-11.483000
-15.311000
-26.794001
-15.311000
-3.827800
-7.655500
1.913900
-5.741600
0.000000
3.827800
5.741600
19.139000
11.483000
9.569400
13.397000
15.311000
15.311000
13.397000
1.913900
1.913900
1.913900
7.655500
-9.569400
-11.483000
-5.741600
-11.483000
-9.569400
0.000000
11.483000
0.000000
-11.483000
-7.655500
5.741600
3.827800
15.311000
0.000000
-3.827800
11.483000
11.483000
19.139000
5.741600
0.000000
-17.225000
3.827800
21.052999
7.655500
17.225000
5.741600
3.827800
0.000000
-13.397000
5.741600
-1.913900
-11.483000
-7.655500
3.827800
7.655500
-1.913900
-7.655500
-7.655500
-1.913900
-7.655500
-9.569400
-11.483000
-13.397000
-15.311000
3.827800
-1.913900
5.741600
7.655500
1.913900
1.913900
1.913900
-1.913900
9.569400
5.741600
21.052999
15.311000
9.569400
1.913900
-11.483000
-13.397000
0.000000
7.655500
-3.827800
-5.741600
-5.741600
-7.655500
-5.741600
-1.913900
1.913900
-13.397000
-19.139000
-5.741600
-11.483000
-11.483000
-1.913900
-3.827800
11.483000
5.741600
-7.655500
-3.827800
9.569400
7.655500
17.225000
3.827800
3.827800
5.741600
5.741600
17.225000
13.397000
5.741600
15.311000
-5.741600
-3.827800
7.655500
-5.741600
7.655500
0.000000
5.741600
-3.827800
-1.913900
9.569400
7.655500
17.225000
9.569400
0.000000
-9.569400
17.225000
17.225000
0.000000
3.827800
-5.741600
-11.483000
-1.913900
5.741600
-5.741600
-21.052999
-5.741600
-3.827800
-11.483000
-17.225000
-11.483000
-5.741600
-5.741600
-11.483000
-7.655500
3.827800
5.741600
0.000000
9.569400
11.483000
-7.655500
-13.397000
7.655500
15.311000
15.311000
13.397000
19.139000
-1.913900
-7.655500
0.000000
-3.827800
-3.827800
-1.913900
-3.827800
7.655500
0.000000
-1.913900
-5.741600
-3.827800
0.000000
-7.655500
11.483000
11.483000
17.225000
1.913900
-1.913900
-5.741600
3.827800
9.569400
19.139000
3.827800
-22.966999
-26.794001
-5.741600
-1.913900
5.741600
3.827800
0.000000
-3.827800
-1.913900
0.000000
-7.655500
-5.741600
0.000000
5.741600
0.000000
1.913900
11.483000
13.397000
5.741600
5.741600
7.655500
11.483000
3.827800
5.741600
-1.913900
-15.311000
-5.741600
1.913900
-7.655500
-21.052999
-15.311000
-7.655500
-3.827800
-3.827800
0.000000
-1.913900
-17.225000
-1.913900
-7.655500
7.655500
11.483000
3.827800
-11.483000
-15.311000
-9.569400
0.000000
5.741600
1.913900
3.827800
17.225000
-3.827800
-5.741600
-1.913900
-9.569400
-3.827800
-5.741600
-3.827800
3.827800
9.569400
1.913900
3.827800
-3.827800
-1.913900
-1.913900
5.741600
11.483000
13.397000
-1.913900
-9.569400
-11.483000
-3.827800
1.913900
9.569400
-3.827800
-5.741600
-7.655500
0.000000
3.827800
7.655500
11.483000
1.913900
-1.913900
7.655500
13.397000
13.397000
1.913900
0.000000
-1.913900
-5.741600
0.000000
5.741600
9.569400
-3.827800
-1.913900
0.000000
-9.569400
-3.827800
-1.913900
9.569400
1.913900
-7.655500
7.655500
7.655500
7.655500
19.139000
0.000000
1.913900
7.655500
-7.655500
9.569400
1.913900
-7.655500
5.741600
15.311000
11.483000
9.569400
1.913900
-3.827800
-7.655500
0.000000
1.913900
-5.741600
0.000000
5.741600
-3.827800
-7.655500
7.655500
-1.913900
5.741600
13.397000
9.569400
9.569400
-9.569400
-1.913900
1.913900
-1.913900
5.741600
0.000000
-3.827800
-1.913900
0.000000
3.827800
-9.569400
-13.397000
-3.827800
-13.397000
-15.311000
-3.827800
-11.483000
-5.741600
19.139000
1.913900
-5.741600
3.827800
-3.827800
-1.913900
5.741600
1.913900
5.741600
11.483000
9.569400
3.827800
7.655500
-9.569400
-17.225000
-5.741600
-9.569400
-15.311000
-13.397000
1.913900
9.569400
-7.655500
-9.569400
3.827800
-11.483000
-17.225000
-5.741600
-11.483000
-9.569400
3.827800
7.655500
1.913900
0.000000
3.827800
-1.913900
3.827800
7.655500
13.397000
7.655500
5.741600
-5.741600
-11.483000
13.397000
9.569400
5.741600
-9.569400
-19.139000
-15.311000
-15.311000
3.827800
3.827800
1.913900
-9.569400
0.000000
5.741600
5.741600
-9.569400
-7.655500
-9.569400
-9.569400
-13.397000
5.741600
9.569400
5.741600
13.397000
-3.827800
-5.741600
-5.741600
1.913900
21.052999
19.139000
11.483000
-3.827800
3.827800
3.827800
1.913900
-7.655500
3.827800
13.397000
21.052999
7.655500
7.655500
19.139000
11.483000
5.741600
-3.827800
3.827800
-1.913900
-3.827800
-1.913900
-3.827800
-7.655500
0.000000
1.913900
-1.913900
1.913900
-3.827800
-5.741600
-1.913900
-22.966999
0.000000
3.827800
13.397000
9.569400
-3.827800
7.655500
9.569400
3.827800
1.913900
15.311000
7.655500
5.741600
15.311000
11.483000
24.879999
15.311000
19.139000
17.225000
9.569400
3.827800
3.827800
7.655500
-5.741600
-3.827800
0.000000
0.000000
-3.827800
3.827800
5.741600
7.655500
17.225000
-17.225000
-21.052999
-5.741600
-7.655500
0.000000
0.000000
1.913900
13.397000
3.827800
-7.655500
-7.655500
3.827800
11.483000
-7.655500
-11.483000
-9.569400
1.913900
28.708000
-7.655500
-22.966999
-30.622000
-21.052999
9.569400
-3.827800
-11.483000
-1.913900
0.000000
0.000000
0.000000
-5.741600
-21.052999
-7.655500
-3.827800
-9.569400
1.913900
-9.569400
0.000000
1.913900
3.827800
9.569400
7.655500
11.483000
13.397000
1.913900
-3.827800
1.913900
-1.913900
1.913900
-15.311000
-15.311000
-7.655500
1.913900
7.655500
3.827800
-7.655500
-11.483000
-3.827800
13.397000
9.569400
3.827800
-3.827800
-9.569400
-1.913900
7.655500
22.966999
15.311000
1.913900
0.000000
-3.827800
-5.741600
3.827800
17.225000
3.827800
-3.827800
-1.913900
0.000000
0.000000
0.000000
5.741600
-7.655500
-7.655500
-1.913900
1.913900
-1.913900
0.000000
-3.827800
1.913900
1.913900
-5.741600
0.000000
5.741600
7.655500
9.569400
9.569400
9.569400
19.139000
13.397000
30.622000
-1.913900
-13.397000
-7.655500
-13.397000
3.827800
-11.483000
-15.311000
1.913900
0.000000
-7.655500
-5.741600
-11.483000
-3.827800
-5.741600
-9.569400
-7.655500
-17.225000
-1.913900
3.827800
-3.827800
-3.827800
3.827800
-5.741600
5.741600
1.913900
-1.913900
3.827800
1.913900
-1.913900
0.000000
-5.741600
-15.311000
-3.827800
17.225000
11.483000
15.311000
0.000000
-3.827800
3.827800
0.000000
9.569400
13.397000
5.741600
5.741600
15.311000
7.655500
13.397000
13.397000
15.311000
5.741600
1.913900
5.741600
7.655500
19.139000
1.913900
0.000000
1.913900
-11.483000
-1.913900
1.913900
1.913900
0.000000
-11.483000
-11.483000
9.569400
19.139000
17.225000
5.741600
9.569400
-5.741600
-11.483000
-1.913900
-3.827800
-5.741600
-17.225000
-7.655500
-1.913900
-7.655500
1.913900
0.000000
-9.569400
-11.483000
3.827800
9.569400
-1.913900
3.827800
5.741600
15.311000
0.000000
1.913900
3.827800
5.741600
1.913900
3.827800
3.827800
5.741600
7.655500
-3.827800
-7.655500
1.913900
1.913900
-1.913900
-1.913900
-11.483000
-1.913900
-3.827800
-5.741600
1.913900
-9.569400
-7.655500
0.000000
-9.569400
-1.913900
7.655500
-11.483000
-3.827800
9.569400
17.225000
13.397000
3.827800
-3.827800
0.000000
0.000000
0.000000
-5.741600
-7.655500
-7.655500
-3.827800
-5.741600
-1.913900
3.827800
7.655500
0.000000
-3.827800
-9.569400
-17.225000
-11.483000
11.483000
13.397000
0.000000
5.741600
3.827800
-3.827800
7.655500
11.483000
11.483000
9.569400
-3.827800
-13.397000
-15.311000
7.655500
15.311000
-5.741600
-17.225000
-3.827800
7.655500
1.913900
1.913900
-3.827800
-13.397000
-1.913900
9.569400
11.483000
1.913900
-5.741600
1.913900
-7.655500
-7.655500
-5.741600
-5.741600
-9.569400
-5.741600
15.311000
5.741600
13.397000
17.225000
5.741600
-1.913900
3.827800
-5.741600
9.569400
-5.741600
0.000000
17.225000
9.569400
17.225000
19.139000
11.483000
13.397000
5.741600
-3.827800
17.225000
17.225000
13.397000
11.483000
9.569400
9.569400
17.225000
9.569400
17.225000
1.913900
-7.655500
1.913900
11.483000
-5.741600
-7.655500
-5.741600
-19.139000
-11.483000
-5.741600
-9.569400
-9.569400
-7.655500
11.483000
-5.741600
-15.311000
3.827800
3.827800
-3.827800
-5.741600
-1.913900
-3.827800
-13.397000
-13.397000
-13.397000
-5.741600
-11.483000
-5.741600
-11.483000
-9.569400
-7.655500
-21.052999
-13.397000
-7.655500
-11.483000
-11.483000
-11.483000
-5.741600
11.483000
1.913900
-1.913900
7.655500
7.655500
7.655500
17.225000
19.139000
5.741600
-7.655500
-5.741600
1.913900
-5.741600
-3.827800
-3.827800
-5.741600
9.569400
3.827800
-1.913900
-9.569400
-1.913900
-5.741600
-1.913900
-3.827800
9.569400
-1.913900
0.000000
13.397000
9.569400
7.655500
-1.913900
3.827800
5.741600
7.655500
5.741600
9.569400
1.913900
0.000000
13.397000
7.655500
11.483000
3.827800
7.655500
5.741600
1.913900
-1.913900
1.913900
9.569400
11.483000
-1.913900
-1.913900
5.741600
5.741600
7.655500
0.000000
7.655500
7.655500
1.913900
1.913900
-3.827800
9.569400
9.569400
-3.827800
-9.569400
-1.913900
-7.655500
-5.741600
5.741600
-3.827800
-7.655500
3.827800
3.827800
1.913900
-1.913900
-5.741600
0.000000
3.827800
1.913900
7.655500
-3.827800
-1.913900
0.000000
0.000000
-1.913900
5.741600
-5.741600
-7.655500
-3.827800
-7.655500
-5.741600
-3.827800
1.913900
-3.827800
-9.569400
-7.655500
1.913900
-7.655500
0.000000
-3.827800
-13.397000
-1.913900
