1.958900
-5.624000
-5.624000
3.854700
7.646100
5.750400
3.854700
5.750400
17.125000
13.333000
15.229000
15.229000
9.541900
13.333000
24.708000
20.916000
17.125000
11.438000
11.438000
5.750400
3.854700
3.854700
3.854700
0.063190
1.958900
0.063190
5.750400
-1.832500
-7.519700
-7.519700
1.958900
5.750400
-1.832500
-1.832500
-7.519700
-13.207000
-16.997999
-20.790001
-22.686001
-18.893999
-13.207000
-7.519700
-7.519700
-7.519700
-7.519700
-11.311000
-13.207000
-9.415500
-5.624000
1.958900
1.958900
1.958900
7.646100
1.958900
1.958900
1.958900
1.958900
1.958900
-5.624000
5.750400
7.646100
3.854700
9.541900
7.646100
11.438000
5.750400
0.063190
3.854700
3.854700
0.063190
-7.519700
-11.311000
-9.415500
-11.311000
-5.624000
-1.832500
-7.519700
-1.832500
-5.624000
-3.728300
-3.728300
-5.624000
0.063190
-3.728300
7.646100
5.750400
-1.832500
1.958900
0.063190
-1.832500
3.854700
11.438000
9.541900
9.541900
3.854700
7.646100
3.854700
-1.832500
-5.624000
-1.832500
3.854700
7.646100
1.958900
1.958900
7.646100
15.229000
17.125000
13.333000
9.541900
15.229000
11.438000
9.541900
13.333000
11.438000
13.333000
3.854700
-1.832500
0.063190
-1.832500
-3.728300
-5.624000
-3.728300
-20.790001
-20.790001
-18.893999
-24.580999
-18.893999
-9.415500
-11.311000
-5.624000
-1.832500
3.854700
5.750400
7.646100
19.021000
9.541900
7.646100
5.750400
3.854700
5.750400
5.750400
0.063190
1.958900
3.854700
9.541900
0.063190
-3.728300
-3.728300
-5.624000
-3.728300
1.958900
11.438000
3.854700
-11.311000
-9.415500
1.958900
-1.832500
5.750400
3.854700
1.958900
5.750400
9.541900
13.333000
11.438000
7.646100
-3.728300
5.750400
20.916000
13.333000
17.125000
7.646100
1.958900
-1.832500
-7.519700
-1.832500
-1.832500
-7.519700
-5.624000
3.854700
5.750400
3.854700
-7.519700
-11.311000
-9.415500
-15.103000
-15.103000
-18.893999
-20.790001
-20.790001
-9.415500
-5.624000
1.958900
3.854700
5.750400
5.750400
3.854700
3.854700
13.333000
5.750400
17.125000
15.229000
9.541900
5.750400
-5.624000
-11.311000
-3.728300
-1.832500
-5.624000
-3.728300
-11.311000
-18.893999
-16.997999
-11.311000
-11.311000
-18.893999
-16.997999
-5.624000
-5.624000
-7.519700
0.063190
-3.728300
5.750400
15.229000
11.438000
13.333000
17.125000
15.229000
19.021000
11.438000
15.229000
11.438000
3.854700
9.541900
7.646100
3.854700
1.958900
-3.728300
-3.728300
-5.624000
-7.519700
3.854700
1.958900
3.854700
0.063190
0.063190
5.750400
9.541900
20.916000
15.229000
11.438000
1.958900
15.229000
15.229000
5.750400
1.958900
-11.311000
-18.893999
-15.103000
-13.207000
-18.893999
-26.476999
-18.893999
-22.686001
-18.893999
-13.207000
-7.519700
0.063190
3.854700
0.063190
0.063190
5.750400
7.646100
3.854700
7.646100
9.541900
-5.624000
-5.624000
11.438000
15.229000
15.229000
11.438000
3.854700
-5.624000
-11.311000
-13.207000
-13.207000
-11.311000
-5.624000
0.063190
3.854700
0.063190
-3.728300
-9.415500
-3.728300
0.063190
-3.728300
7.646100
5.750400
9.541900
7.646100
5.750400
5.750400
11.438000
11.438000
11.438000
1.958900
-1.832500
-3.728300
5.750400
3.854700
7.646100
1.958900
3.854700
3.854700
0.063190
3.854700
1.958900
0.063190
5.750400
9.541900
9.541900
9.541900
13.333000
13.333000
9.541900
9.541900
13.333000
13.333000
0.063190
-3.728300
-5.624000
-15.103000
-11.311000
-7.519700
-9.415500
-16.997999
-16.997999
-9.415500
-9.415500
-5.624000
-3.728300
-1.832500
-1.832500
1.958900
1.958900
5.750400
9.541900
5.750400
-1.832500
-5.624000
-1.832500
5.750400
5.750400
3.854700
1.958900
3.854700
-3.728300
-5.624000
-9.415500
-11.311000
-3.728300
3.854700
1.958900
3.854700
1.958900
-3.728300
-5.624000
-9.415500
-3.728300
0.063190
3.854700
7.646100
9.541900
3.854700
1.958900
-1.832500
3.854700
13.333000
19.021000
11.438000
3.854700
7.646100
9.541900
7.646100
7.646100
15.229000
11.438000
3.854700
3.854700
1.958900
-1.832500
-5.624000
-7.519700
-7.519700
-13.207000
-11.311000
-3.728300
-3.728300
-9.415500
-5.624000
-1.832500
-9.415500
-9.415500
-7.519700
-1.832500
-5.624000
-11.311000
-9.415500
-3.728300
1.958900
11.438000
3.854700
0.063190
5.750400
-3.728300
0.063190
0.063190
0.063190
11.438000
19.021000
17.125000
13.333000
7.646100
3.854700
5.750400
7.646100
11.438000
5.750400
7.646100
13.333000
5.750400
-1.832500
3.854700
0.063190
1.958900
1.958900
5.750400
3.854700
-9.415500
-5.624000
-3.728300
-3.728300
0.063190
-3.728300
-9.415500
-11.311000
0.063190
1.958900
-7.519700
-11.311000
-9.415500
-11.311000
-11.311000
-3.728300
-9.415500
-3.728300
11.438000
9.541900
7.646100
7.646100
1.958900
3.854700
3.854700
1.958900
5.750400
11.438000
13.333000
7.646100
7.646100
-1.832500
-7.519700
-1.832500
-5.624000
-5.624000
-9.415500
-1.832500
3.854700
-3.728300
-7.519700
-5.624000
-16.997999
-22.686001
-15.103000
-20.790001
-16.997999
-5.624000
0.063190
-1.832500
-3.728300
-5.624000
-1.832500
3.854700
5.750400
13.333000
13.333000
17.125000
5.750400
0.063190
7.646100
9.541900
7.646100
5.750400
7.646100
1.958900
0.063190
3.854700
1.958900
0.063190
-7.519700
-11.311000
-1.832500
-1.832500
-11.311000
-9.415500
-13.207000
-11.311000
-11.311000
3.854700
3.854700
3.854700
9.541900
1.958900
5.750400
0.063190
7.646100
19.021000
17.125000
13.333000
3.854700
11.438000
15.229000
9.541900
3.854700
7.646100
11.438000
19.021000
13.333000
11.438000
11.438000
7.646100
0.063190
-9.415500
-1.832500
-7.519700
-9.415500
-11.311000
-5.624000
-9.415500
-5.624000
-5.624000
-3.728300
0.063190
-3.728300
-3.728300
3.854700
-3.728300
13.333000
19.021000
19.021000
15.229000
5.750400
5.750400
0.063190
0.063190
-1.832500
5.750400
3.854700
1.958900
5.750400
1.958900
5.750400
1.958900
3.854700
1.958900
1.958900
-5.624000
-5.624000
-3.728300
-11.311000
-11.311000
-9.415500
-9.415500
-9.415500
-5.624000
1.958900
3.854700
5.750400
-7.519700
-11.311000
-7.519700
-5.624000
5.750400
5.750400
7.646100
15.229000
13.333000
3.854700
1.958900
7.646100
15.229000
7.646100
13.333000
9.541900
5.750400
17.125000
0.063190
-9.415500
-16.997999
-7.519700
7.646100
3.854700
-3.728300
-7.519700
-7.519700
-3.728300
-3.728300
-9.415500
-18.893999
-5.624000
-1.832500
0.063190
1.958900
-1.832500
0.063190
1.958900
1.958900
3.854700
0.063190
1.958900
7.646100
7.646100
7.646100
7.646100
5.750400
0.063190
-3.728300
-7.519700
-7.519700
-1.832500
1.958900
-1.832500
-9.415500
-7.519700
0.063190
1.958900
-1.832500
-1.832500
-5.624000
-11.311000
-7.519700
0.063190
9.541900
9.541900
0.063190
-1.832500
-9.415500
-7.519700
-1.832500
1.958900
0.063190
-9.415500
-9.415500
-5.624000
-5.624000
-1.832500
-3.728300
-9.415500
-11.311000
-13.207000
-9.415500
-7.519700
-7.519700
-7.519700
1.958900
3.854700
1.958900
3.854700
13.333000
22.812000
28.499001
24.708000
17.125000
19.021000
19.021000
28.499001
17.125000
3.854700
-1.832500
-3.728300
1.958900
-3.728300
-13.207000
-9.415500
-5.624000
-11.311000
-9.415500
-11.311000
-5.624000
-1.832500
-3.728300
-5.624000
-7.519700
1.958900
5.750400
1.958900
7.646100
9.541900
0.063190
5.750400
5.750400
9.541900
5.750400
1.958900
-3.728300
-3.728300
-5.624000
-5.624000
3.854700
9.541900
7.646100
3.854700
-1.832500
-1.832500
5.750400
5.750400
9.541900
15.229000
13.333000
7.646100
15.229000
15.229000
15.229000
11.438000
13.333000
9.541900
9.541900
7.646100
5.750400
9.541900
-3.728300
-3.728300
-3.728300
-9.415500
-7.519700
-5.624000
-3.728300
-3.728300
-11.311000
-9.415500
3.854700
7.646100
9.541900
7.646100
7.646100
1.958900
-3.728300
-7.519700
-5.624000
-5.624000
-9.415500
-5.624000
1.958900
-3.728300
1.958900
3.854700
-5.624000
-5.624000
1.958900
-1.832500
-5.624000
-1.832500
1.958900
9.541900
1.958900
1.958900
0.063190
1.958900
-1.832500
1.958900
1.958900
1.958900
5.750400
3.854700
-3.728300
0.063190
1.958900
1.958900
-1.832500
-7.519700
0.063190
-5.624000
-7.519700
-5.624000
-9.415500
-5.624000
0.063190
-1.832500
1.958900
11.438000
3.854700
7.646100
11.438000
17.125000
13.333000
1.958900
-3.728300
-5.624000
-5.624000
-9.415500
-13.207000
-13.207000
-11.311000
-9.415500
-9.415500
-5.624000
-3.728300
0.063190
-9.415500
-7.519700
-11.311000
-9.415500
-5.624000
1.958900
5.750400
0.063190
3.854700
5.750400
7.646100
15.229000
9.541900
3.854700
3.854700
0.063190
-5.624000
-7.519700
3.854700
11.438000
3.854700
-5.624000
-3.728300
3.854700
1.958900
1.958900
1.958900
-3.728300
3.854700
9.541900
1.958900
-3.728300
-15.103000
-15.103000
-20.790001
-18.893999
-11.311000
-15.103000
-16.997999
-9.415500
7.646100
3.854700
5.750400
9.541900
7.646100
3.854700
1.958900
-3.728300
3.854700
1.958900
11.438000
19.021000
15.229000
22.812000
22.812000
17.125000
19.021000
13.333000
9.541900
19.021000
22.812000
15.229000
13.333000
11.438000
9.541900
19.021000
15.229000
17.125000
9.541900
0.063190
0.063190
13.333000
3.854700
-3.728300
-1.832500
-13.207000
-16.997999
-9.415500
-11.311000
-5.624000
-1.832500
7.646100
1.958900
0.063190
5.750400
1.958900
-5.624000
-9.415500
-7.519700
-9.415500
-13.207000
-13.207000
-13.207000
-9.415500
-13.207000
-13.207000
-20.790001
-18.893999
-11.311000
-13.207000
-7.519700
-5.624000
-3.728300
-9.415500
-9.415500
0.063190
13.333000
5.750400
0.063190
5.750400
1.958900
1.958900
5.750400
7.646100
7.646100
-1.832500
3.854700
5.750400
1.958900
3.854700
1.958900
-1.832500
7.646100
5.750400
3.854700
3.854700
9.541900
3.854700
5.750400
1.958900
5.750400
3.854700
3.854700
5.750400
7.646100
9.541900
5.750400
9.541900
11.438000
11.438000
11.438000
9.541900
3.854700
1.958900
13.333000
9.541900
3.854700
-3.728300
-3.728300
0.063190
-3.728300
-11.311000
-5.624000
-3.728300
-3.728300
-7.519700
-7.519700
0.063190
3.854700
1.958900
1.958900
3.854700
3.854700
0.063190
0.063190
-3.728300
7.646100
7.646100
0.063190
-3.728300
-5.624000
-7.519700
-7.519700
-3.728300
-5.624000
-9.415500
-3.728300
-5.624000
-3.728300
-5.624000
-7.519700
-1.832500
-1.832500
0.063190
11.438000
7.646100
3.854700
5.750400
5.750400
3.854700
1.958900
-1.832500
-9.415500
-9.415500
-7.519700
-15.103000
-11.311000
-11.311000
-15.103000
-11.311000
-9.415500
-5.624000
-7.519700
1.958900
-1.832500
-7.519700
3.854700
