7.709300
7.709300
-1.769400
15.292000
5.813600
13.397000
0.126380
2.022100
11.501000
11.501000
7.709300
7.709300
5.813600
7.709300
15.292000
13.397000
7.709300
7.709300
15.292000
9.605100
0.126380
7.709300
19.084000
7.709300
13.397000
7.709300
5.813600
11.501000
2.022100
2.022100
3.917900
-1.769400
-7.456600
-13.144000
-7.456600
-9.352300
-3.665100
9.605100
-1.769400
-1.769400
2.022100
2.022100
-3.665100
-18.830999
0.126380
0.126380
-9.352300
-3.665100
-3.665100
3.917900
5.813600
2.022100
3.917900
2.022100
3.917900
-5.560800
9.605100
9.605100
2.022100
9.605100
5.813600
5.813600
13.397000
15.292000
9.605100
13.397000
9.605100
9.605100
13.397000
15.292000
13.397000
2.022100
9.605100
2.022100
3.917900
-1.769400
3.917900
3.917900
-15.039000
11.501000
-3.665100
0.126380
5.813600
-1.769400
7.709300
2.022100
-5.560800
3.917900
11.501000
9.605100
2.022100
9.605100
2.022100
5.813600
-3.665100
5.813600
2.022100
-13.144000
-5.560800
2.022100
0.126380
20.979000
0.126380
7.709300
13.397000
0.126380
3.917900
0.126380
-1.769400
-3.665100
3.917900
2.022100
-7.456600
0.126380
-3.665100
-5.560800
-7.456600
-5.560800
-3.665100
-3.665100
0.126380
19.084000
5.813600
-1.769400
-5.560800
7.709300
7.709300
17.188000
13.397000
-1.769400
-5.560800
7.709300
3.917900
3.917900
-9.352300
-13.144000
-1.769400
-5.560800
-1.769400
5.813600
-3.665100
-7.456600
-11.248000
-7.456600
13.397000
2.022100
-3.665100
-7.456600
-11.248000
-1.769400
-7.456600
-5.560800
-1.769400
-18.830999
-16.934999
-5.560800
2.022100
9.605100
-3.665100
-1.769400
2.022100
3.917900
0.126380
5.813600
-3.665100
-13.144000
17.188000
24.771000
11.501000
15.292000
5.813600
2.022100
-1.769400
-3.665100
2.022100
0.126380
-9.352300
-5.560800
-3.665100
-16.934999
-7.456600
-20.726999
-13.144000
-1.769400
-5.560800
-9.352300
5.813600
-1.769400
-9.352300
-3.665100
9.605100
11.501000
11.501000
17.188000
13.397000
0.126380
2.022100
2.022100
7.709300
19.084000
20.979000
13.397000
3.917900
-7.456600
-1.769400
11.501000
0.126380
3.917900
7.709300
-1.769400
-15.039000
-9.352300
-11.248000
-16.934999
-7.456600
-1.769400
-1.769400
5.813600
-1.769400
0.126380
19.084000
13.397000
19.084000
15.292000
11.501000
24.771000
24.771000
19.084000
7.709300
0.126380
7.709300
11.501000
7.709300
9.605100
7.709300
-7.456600
-11.248000
-15.039000
-1.769400
-11.248000
-7.456600
-11.248000
-5.560800
0.126380
-11.248000
-11.248000
-3.665100
5.813600
2.022100
0.126380
2.022100
15.292000
7.709300
5.813600
-9.352300
-7.456600
-5.560800
-1.769400
-7.456600
-1.769400
-3.665100
2.022100
-3.665100
-3.665100
-3.665100
-32.101002
3.917900
5.813600
-5.560800
3.917900
-7.456600
5.813600
-3.665100
3.917900
9.605100
-1.769400
-3.665100
11.501000
11.501000
-1.769400
11.501000
7.709300
-3.665100
-16.934999
-22.622000
-11.248000
-16.934999
-13.144000
-13.144000
-16.934999
-5.560800
7.709300
0.126380
3.917900
-7.456600
-11.248000
5.813600
13.397000
13.397000
-3.665100
-1.769400
-18.830999
-5.560800
11.501000
19.084000
7.709300
-7.456600
0.126380
7.709300
15.292000
0.126380
11.501000
5.813600
-9.352300
-7.456600
-1.769400
-5.560800
3.917900
-5.560800
5.813600
5.813600
-9.352300
-13.144000
-5.560800
-11.248000
-11.248000
-18.830999
13.397000
13.397000
3.917900
20.979000
7.709300
0.126380
9.605100
9.605100
13.397000
5.813600
13.397000
15.292000
5.813600
5.813600
2.022100
7.709300
7.709300
5.813600
2.022100
-3.665100
2.022100
-11.248000
-13.144000
-1.769400
-1.769400
-3.665100
-3.665100
-9.352300
-7.456600
-1.769400
7.709300
5.813600
-5.560800
7.709300
-5.560800
-9.352300
3.917900
0.126380
-1.769400
-7.456600
-1.769400
-5.560800
3.917900
-1.769400
-3.665100
-3.665100
0.126380
0.126380
-5.560800
-5.560800
22.875000
17.188000
5.813600
-3.665100
-7.456600
-1.769400
3.917900
0.126380
3.917900
-1.769400
-7.456600
-13.144000
-1.769400
-5.560800
-9.352300
-1.769400
-15.039000
-5.560800
2.022100
2.022100
3.917900
-3.665100
7.709300
-11.248000
-5.560800
-5.560800
-16.934999
9.605100
-1.769400
-11.248000
-5.560800
-5.560800
0.126380
-9.352300
-1.769400
-5.560800
0.126380
-13.144000
3.917900
11.501000
-9.352300
7.709300
11.501000
13.397000
7.709300
3.917900
-5.560800
-13.144000
5.813600
11.501000
3.917900
2.022100
-9.352300
-11.248000
-1.769400
-3.665100
11.501000
13.397000
5.813600
11.501000
5.813600
-3.665100
-1.769400
13.397000
15.292000
19.084000
15.292000
11.501000
9.605100
7.709300
11.501000
0.126380
2.022100
0.126380
3.917900
-1.769400
-15.039000
-7.456600
-1.769400
0.126380
2.022100
-5.560800
9.605100
-3.665100
5.813600
-1.769400
3.917900
2.022100
13.397000
15.292000
-3.665100
-11.248000
3.917900
-3.665100
-3.665100
-3.665100
-1.769400
0.126380
0.126380
0.126380
-13.144000
-20.726999
-7.456600
-5.560800
-15.039000
-15.039000
-22.622000
-11.248000
-5.560800
-7.456600
-1.769400
0.126380
-18.830999
-7.456600
7.709300
0.126380
9.605100
9.605100
7.709300
11.501000
13.397000
15.292000
3.917900
-7.456600
5.813600
5.813600
0.126380
7.709300
9.605100
5.813600
7.709300
-3.665100
2.022100
3.917900
5.813600
-3.665100
3.917900
-5.560800
-5.560800
-3.665100
7.709300
15.292000
9.605100
2.022100
13.397000
3.917900
-5.560800
9.605100
11.501000
5.813600
7.709300
2.022100
-3.665100
2.022100
-1.769400
-1.769400
11.501000
5.813600
-1.769400
-16.934999
-5.560800
0.126380
3.917900
0.126380
11.501000
15.292000
0.126380
-5.560800
0.126380
3.917900
5.813600
9.605100
0.126380
7.709300
-1.769400
-1.769400
-3.665100
2.022100
2.022100
9.605100
17.188000
11.501000
7.709300
0.126380
2.022100
13.397000
17.188000
0.126380
11.501000
3.917900
-15.039000
2.022100
0.126380
-26.414000
-3.665100
-7.456600
-7.456600
-3.665100
-16.934999
-16.934999
-13.144000
-18.830999
-3.665100
-3.665100
-1.769400
-11.248000
-5.560800
5.813600
-11.248000
0.126380
-3.665100
-11.248000
-1.769400
-9.352300
11.501000
7.709300
0.126380
17.188000
13.397000
11.501000
9.605100
15.292000
17.188000
5.813600
-1.769400
-7.456600
-9.352300
7.709300
0.126380
-5.560800
-18.830999
-3.665100
5.813600
-3.665100
3.917900
9.605100
-3.665100
3.917900
-3.665100
-9.352300
-15.039000
-9.352300
-15.039000
-9.352300
-11.248000
-28.309999
-9.352300
-3.665100
-9.352300
2.022100
0.126380
0.126380
5.813600
0.126380
-13.144000
7.709300
13.397000
-7.456600
-3.665100
-7.456600
-16.934999
-1.769400
5.813600
2.022100
-5.560800
-5.560800
-3.665100
13.397000
7.709300
2.022100
2.022100
5.813600
3.917900
19.084000
20.979000
5.813600
3.917900
13.397000
2.022100
7.709300
11.501000
13.397000
15.292000
15.292000
0.126380
22.875000
15.292000
9.605100
15.292000
9.605100
5.813600
15.292000
7.709300
5.813600
3.917900
-5.560800
2.022100
0.126380
-1.769400
9.605100
2.022100
2.022100
-3.665100
-1.769400
2.022100
0.126380
-3.665100
-1.769400
-3.665100
-5.560800
-5.560800
-16.934999
-11.248000
-9.352300
-16.934999
-3.665100
-3.665100
-11.248000
-5.560800
-9.352300
-3.665100
-5.560800
-3.665100
-16.934999
-5.560800
5.813600
-1.769400
0.126380
-11.248000
-11.248000
-9.352300
-15.039000
-5.560800
3.917900
-5.560800
-7.456600
2.022100
0.126380
5.813600
2.022100
-1.769400
11.501000
-3.665100
5.813600
15.292000
11.501000
11.501000
2.022100
7.709300
11.501000
7.709300
3.917900
11.501000
7.709300
-7.456600
13.397000
19.084000
13.397000
3.917900
5.813600
-1.769400
-9.352300
11.501000
2.022100
3.917900
0.126380
-5.560800
7.709300
9.605100
-1.769400
-7.456600
-11.248000
2.022100
0.126380
7.709300
15.292000
2.022100
0.126380
-3.665100
-5.560800
5.813600
9.605100
-1.769400
2.022100
3.917900
-3.665100
3.917900
3.917900
0.126380
9.605100
5.813600
11.501000
9.605100
-5.560800
2.022100
11.501000
-11.248000
2.022100
3.917900
-7.456600
0.126380
-3.665100
-13.144000
-7.456600
0.126380
-1.769400
-16.934999
0.126380
-1.769400
-3.665100
5.813600
2.022100
3.917900
5.813600
-1.769400
-3.665100
-9.352300
3.917900
9.605100
7.709300
5.813600
3.917900
-3.665100
-11.248000
9.605100
2.022100
-1.769400
2.022100
-3.665100
-3.665100
-9.352300
-5.560800
-3.665100
-11.248000
-11.248000
-1.769400
-9.352300
-11.248000
-3.665100
-5.560800
-3.665100
-1.769400
-1.769400
-7.456600
-1.769400
15.292000
15.292000
7.709300
7.709300
-5.560800
5.813600
7.709300
0.126380
2.022100
9.605100
11.501000
3.917900
-1.769400
-7.456600
15.292000
7.709300
-11.248000
3.917900
0.126380
-7.456600
-3.665100
-3.665100
5.813600
9.605100
5.813600
11.501000
2.022100
-3.665100
-5.560800
-3.665100
-3.665100
-1.769400
0.126380
2.022100
7.709300
13.397000
9.605100
7.709300
-13.144000
5.813600
-15.039000
2.022100
0.126380
-5.560800
-1.769400
-3.665100
2.022100
-15.039000
-5.560800
7.709300
-7.456600
-15.039000
-16.934999
-13.144000
-5.560800
0.126380
11.501000
5.813600
-1.769400
-1.769400
-9.352300
-1.769400
5.813600
5.813600
-7.456600
-1.769400
9.605100
-11.248000
2.022100
5.813600
-9.352300
-7.456600
-7.456600
5.813600
-9.352300
-1.769400
0.126380
-11.248000
-15.039000
-3.665100
7.709300
-5.560800
-7.456600
-1.769400
7.709300
7.709300
9.605100
7.709300
17.188000
13.397000
17.188000
9.605100
9.605100
19.084000
-3.665100
-7.456600
-7.456600
2.022100
-5.560800
-3.665100
-5.560800
7.709300
-3.665100
-1.769400
0.126380
5.813600
2.022100
2.022100
2.022100
-3.665100
-7.456600
3.917900
11.501000
-1.769400
17.188000
15.292000
9.605100
3.917900
13.397000
3.917900
-11.248000
-1.769400
-13.144000
-9.352300
-26.414000
-11.248000
5.813600
-13.144000
-1.769400
-3.665100
-7.456600
-11.248000
3.917900
15.292000
15.292000
24.771000
22.875000
24.771000
15.292000
28.562000
34.250000
22.875000
24.771000
19.084000
13.397000
9.605100
5.813600
-1.769400
-9.352300
-18.830999
-7.456600
-13.144000
-13.144000
3.917900
-5.560800
-1.769400
3.917900
5.813600
2.022100
5.813600
9.605100
9.605100
-7.456600
5.813600
-5.560800
-7.456600
-5.560800
-11.248000
-1.769400
-3.665100
-9.352300
-15.039000
-20.726999
-15.039000
-11.248000
-13.144000
-13.144000
-7.456600
-9.352300
-7.456600
-9.352300
-11.248000
-16.934999
-15.039000
-3.665100
-11.248000
-15.039000
-3.665100
-1.769400
11.501000
-7.456600
-9.352300
3.917900
2.022100
-3.665100
0.126380
-9.352300
-11.248000
-13.144000
-3.665100
-1.769400
0.126380
