12.054000
13.064000
13.064000
11.044000
11.044000
11.044000
12.054000
13.064000
9.023600
8.013500
2.963000
5.993300
11.044000
4.983200
3.973100
13.064000
4.983200
2.963000
9.023600
10.034000
9.023600
8.013500
7.003400
3.973100
5.993300
10.034000
16.094000
14.074000
14.074000
14.074000
7.003400
0.942760
9.023600
16.094000
12.054000
9.023600
8.013500
3.973100
5.993300
12.054000
11.044000
7.003400
8.013500
7.003400
1.952900
-1.077400
7.003400
5.993300
-8.148100
-5.117800
-3.097600
-3.097600
-1.077400
-3.097600
3.973100
4.983200
-1.077400
-3.097600
3.973100
7.003400
9.023600
10.034000
5.993300
8.013500
11.044000
14.074000
15.084000
8.013500
12.054000
12.054000
9.023600
1.952900
10.034000
18.114000
16.094000
14.074000
18.114000
20.135000
20.135000
15.084000
18.114000
14.074000
12.054000
16.094000
17.104000
18.114000
10.034000
9.023600
12.054000
12.054000
11.044000
8.013500
2.963000
7.003400
5.993300
4.983200
3.973100
4.983200
5.993300
5.993300
-1.077400
2.963000
1.952900
8.013500
10.034000
10.034000
9.023600
2.963000
0.942760
3.973100
0.942760
5.993300
10.034000
2.963000
2.963000
4.983200
4.983200
13.064000
11.044000
8.013500
10.034000
5.993300
0.942760
-1.077400
0.942760
2.963000
3.973100
-0.067340
-0.067340
7.003400
4.983200
2.963000
5.993300
2.963000
-2.087500
0.942760
-1.077400
-6.127900
-2.087500
-2.087500
-6.127900
-2.087500
1.952900
1.952900
3.973100
1.952900
3.973100
5.993300
3.973100
-5.117800
-6.127900
1.952900
-0.067340
-8.148100
-1.077400
0.942760
-4.107700
1.952900
4.983200
2.963000
4.983200
5.993300
7.003400
9.023600
9.023600
8.013500
1.952900
9.023600
20.135000
15.084000
14.074000
12.054000
11.044000
7.003400
9.023600
14.074000
14.074000
11.044000
8.013500
9.023600
8.013500
13.064000
16.094000
7.003400
5.993300
9.023600
7.003400
4.983200
5.993300
10.034000
4.983200
12.054000
17.104000
11.044000
5.993300
-0.067340
1.952900
-1.077400
-6.127900
-0.067340
1.952900
1.952900
7.003400
5.993300
4.983200
-0.067340
-1.077400
1.952900
4.983200
2.963000
1.952900
7.003400
1.952900
2.963000
3.973100
3.973100
5.993300
1.952900
0.942760
2.963000
3.973100
7.003400
1.952900
2.963000
1.952900
-1.077400
-0.067340
-8.148100
-6.127900
0.942760
2.963000
3.973100
-1.077400
3.973100
8.013500
9.023600
9.023600
5.993300
5.993300
5.993300
3.973100
4.983200
5.993300
8.013500
-2.087500
5.993300
13.064000
11.044000
14.074000
15.084000
13.064000
3.973100
0.942760
-1.077400
1.952900
3.973100
5.993300
4.983200
4.983200
8.013500
5.993300
5.993300
3.973100
4.983200
0.942760
-0.067340
-0.067340
-2.087500
1.952900
1.952900
-6.127900
-3.097600
-3.097600
1.952900
2.963000
-7.138000
-10.168000
-6.127900
-9.158200
-8.148100
-5.117800
-1.077400
-0.067340
-1.077400
0.942760
-0.067340
-0.067340
3.973100
4.983200
-0.067340
-8.148100
-6.127900
-0.067340
-2.087500
-3.097600
1.952900
0.942760
-2.087500
-2.087500
-2.087500
-0.067340
-4.107700
-7.138000
-5.117800
-3.097600
-3.097600
-2.087500
-2.087500
-4.107700
1.952900
-3.097600
-9.158200
-3.097600
-1.077400
-6.127900
-9.158200
-8.148100
-6.127900
-11.178000
-7.138000
1.952900
-6.127900
-5.117800
1.952900
3.973100
-5.117800
-5.117800
-7.138000
-11.178000
-9.158200
-10.168000
-12.189000
-10.168000
-15.219000
-14.209000
-7.138000
-5.117800
-6.127900
-7.138000
-9.158200
-8.148100
-15.219000
-13.199000
-10.168000
-14.209000
-13.199000
-13.199000
-7.138000
-6.127900
-10.168000
-16.229000
-19.259001
-24.309999
-17.239000
-12.189000
-15.219000
-16.229000
-8.148100
-8.148100
-12.189000
-15.219000
-11.178000
-8.148100
-12.189000
-5.117800
-7.138000
-7.138000
-3.097600
-7.138000
-8.148100
-12.189000
-9.158200
-6.127900
-8.148100
-4.107700
-6.127900
-7.138000
-3.097600
2.963000
10.034000
5.993300
0.942760
10.034000
11.044000
8.013500
14.074000
16.094000
18.114000
10.034000
16.094000
18.114000
12.054000
12.054000
14.074000
14.074000
14.074000
14.074000
15.084000
11.044000
9.023600
15.084000
19.125000
19.125000
19.125000
19.125000
20.135000
20.135000
20.135000
21.145000
17.104000
17.104000
21.145000
22.155001
18.114000
19.125000
18.114000
17.104000
10.034000
15.084000
19.125000
19.125000
21.145000
16.094000
11.044000
8.013500
18.114000
21.145000
17.104000
20.135000
8.013500
7.003400
7.003400
7.003400
9.023600
12.054000
11.044000
10.034000
7.003400
12.054000
14.074000
11.044000
13.064000
9.023600
7.003400
17.104000
17.104000
18.114000
19.125000
22.155001
22.155001
18.114000
18.114000
18.114000
28.215000
33.265999
29.226000
24.174999
14.074000
13.064000
15.084000
15.084000
21.145000
24.174999
28.215000
30.236000
29.226000
23.165001
23.165001
20.135000
8.013500
13.064000
16.094000
15.084000
15.084000
13.064000
14.074000
9.023600
5.993300
11.044000
14.074000
10.034000
7.003400
3.973100
5.993300
2.963000
4.983200
3.973100
-1.077400
3.973100
7.003400
0.942760
-0.067340
-0.067340
-1.077400
-2.087500
-0.067340
3.973100
4.983200
4.983200
1.952900
-3.097600
-4.107700
-11.178000
-8.148100
-5.117800
-6.127900
-4.107700
-6.127900
-16.229000
-25.320000
-17.239000
-12.189000
-12.189000
-14.209000
-20.268999
-15.219000
-27.340000
-22.290001
-17.239000
-18.249001
-22.290001
-22.290001
-21.278999
-21.278999
-26.330000
-14.209000
-2.087500
-4.107700
-12.189000
-13.199000
-14.209000
-16.229000
-25.320000
-18.249001
-12.189000
-13.199000
-13.199000
-13.199000
-9.158200
-12.189000
-16.229000
-21.278999
-18.249001
-16.229000
-17.239000
-17.239000
-19.259001
-28.350000
-26.330000
-15.219000
-11.178000
-10.168000
-9.158200
-8.148100
-8.148100
-11.178000
-17.239000
-26.330000
-16.229000
-10.168000
-15.219000
-14.209000
-18.249001
-15.219000
-16.229000
-15.219000
-16.229000
-21.278999
-23.299999
-23.299999
-24.309999
-25.320000
-22.290001
-22.290001
-21.278999
-21.278999
-18.249001
-22.290001
-28.350000
-17.239000
-13.199000
-15.219000
-16.229000
-19.259001
-19.259001
-14.209000
-18.249001
-16.229000
-11.178000
-12.189000
-16.229000
-20.268999
-14.209000
-13.199000
-13.199000
-13.199000
-14.209000
-16.229000
-13.199000
-10.168000
-8.148100
-4.107700
-3.097600
-8.148100
-15.219000
-12.189000
-9.158200
-14.209000
-12.189000
-9.158200
-4.107700
-1.077400
-1.077400
-7.138000
-3.097600
7.003400
3.973100
4.983200
-0.067340
-3.097600
-0.067340
-0.067340
-7.138000
-8.148100
-7.138000
-6.127900
0.942760
2.963000
-0.067340
0.942760
2.963000
-0.067340
-11.178000
-7.138000
-5.117800
-12.189000
-10.168000
-11.178000
-12.189000
-14.209000
-11.178000
-8.148100
-6.127900
-6.127900
-4.107700
-8.148100
-5.117800
-4.107700
-8.148100
-13.199000
-12.189000
-9.158200
-12.189000
-7.138000
-5.117800
-15.219000
-6.127900
-1.077400
-7.138000
-14.209000
-12.189000
-10.168000
-11.178000
-10.168000
-7.138000
-6.127900
-3.097600
-2.087500
-0.067340
8.013500
3.973100
0.942760
1.952900
-3.097600
1.952900
1.952900
-2.087500
3.973100
12.054000
14.074000
14.074000
13.064000
16.094000
14.074000
7.003400
20.135000
23.165001
15.084000
14.074000
14.074000
10.034000
7.003400
16.094000
26.195000
27.205000
25.184999
23.165001
28.215000
31.246000
32.256001
23.165001
18.114000
20.135000
23.165001
13.064000
19.125000
26.195000
25.184999
21.145000
19.125000
22.155001
27.205000
23.165001
21.145000
23.165001
24.174999
23.165001
22.155001
24.174999
25.184999
23.165001
25.184999
18.114000
23.165001
33.265999
27.205000
21.145000
22.155001
25.184999
25.184999
23.165001
24.174999
25.184999
23.165001
20.135000
18.114000
11.044000
16.094000
16.094000
11.044000
9.023600
10.034000
14.074000
15.084000
9.023600
11.044000
17.104000
17.104000
12.054000
13.064000
9.023600
13.064000
9.023600
4.983200
3.973100
-0.067340
0.942760
9.023600
13.064000
13.064000
13.064000
10.034000
7.003400
2.963000
2.963000
3.973100
4.983200
2.963000
3.973100
0.942760
2.963000
4.983200
4.983200
-0.067340
1.952900
9.023600
8.013500
3.973100
-0.067340
0.942760
-3.097600
-0.067340
7.003400
4.983200
5.993300
5.993300
7.003400
5.993300
-1.077400
-2.087500
3.973100
5.993300
-1.077400
-1.077400
-7.138000
-8.148100
0.942760
1.952900
5.993300
13.064000
10.034000
8.013500
3.973100
2.963000
5.993300
-0.067340
-1.077400
-2.087500
-1.077400
3.973100
1.952900
-1.077400
0.942760
5.993300
3.973100
-5.117800
-9.158200
-7.138000
-3.097600
-2.087500
-6.127900
-3.097600
-0.067340
-3.097600
-3.097600
-0.067340
0.942760
0.942760
-0.067340
-0.067340
-4.107700
-9.158200
-8.148100
-6.127900
-3.097600
-2.087500
1.952900
-1.077400
2.963000
0.942760
2.963000
5.993300
3.973100
-3.097600
-0.067340
1.952900
-2.087500
-5.117800
0.942760
2.963000
7.003400
9.023600
8.013500
5.993300
-0.067340
1.952900
7.003400
5.993300
3.973100
7.003400
7.003400
4.983200
3.973100
-7.138000
-2.087500
2.963000
-4.107700
-5.117800
-5.117800
-0.067340
2.963000
5.993300
5.993300
4.983200
1.952900
-3.097600
-6.127900
-13.199000
-8.148100
-6.127900
-11.178000
-8.148100
-9.158200
-6.127900
-3.097600
-0.067340
-8.148100
-4.107700
-0.067340
-6.127900
-0.067340
-2.087500
-3.097600
-0.067340
-1.077400
3.973100
1.952900
5.993300
12.054000
4.983200
8.013500
5.993300
-1.077400
1.952900
4.983200
4.983200
5.993300
8.013500
10.034000
12.054000
17.104000
14.074000
8.013500
18.114000
21.145000
13.064000
2.963000
-4.107700
-0.067340
0.942760
7.003400
7.003400
-0.067340
1.952900
5.993300
10.034000
7.003400
2.963000
-0.067340
-1.077400
-0.067340
2.963000
0.942760
-1.077400
1.952900
3.973100
-0.067340
5.993300
7.003400
5.993300
9.023600
2.963000
-4.107700
-2.087500
2.963000
1.952900
-0.067340
3.973100
3.973100
1.952900
0.942760
-0.067340
2.963000
0.942760
-2.087500
-3.097600
-1.077400
-3.097600
-0.067340
3.973100
4.983200
5.993300
-3.097600
0.942760
-4.107700
-3.097600
-4.107700
-6.127900
-5.117800
-1.077400
-1.077400
0.942760
-6.127900
-4.107700
-10.168000
-1.077400
-0.067340
-8.148100
-7.138000
-10.168000
-17.239000
-10.168000
-7.138000
-14.209000
-10.168000
-10.168000
-15.219000
-8.148100
-6.127900
-7.138000
-10.168000
-15.219000
-9.158200
-7.138000
-8.148100
-7.138000
-7.138000
-9.158200
-9.158200
-15.219000
-9.158200
-8.148100
-13.199000
-6.127900
-0.067340
-9.158200
-15.219000
-11.178000
-12.189000
-16.229000
-12.189000
-8.148100
-9.158200
-7.138000
-5.117800
-11.178000
-13.199000
-8.148100
-4.107700
-3.097600
-8.148100
-6.127900
-11.178000
-6.127900
