29.061001
29.061001
28.091000
25.177999
25.177999
30.032000
27.120001
24.207001
23.236000
23.236000
23.236000
24.207001
27.120001
26.149000
24.207001
26.149000
24.207001
22.264999
23.236000
23.236000
22.264999
22.264999
23.236000
24.207001
24.207001
26.149000
28.091000
25.177999
26.149000
27.120001
22.264999
22.264999
23.236000
21.294001
20.323999
18.382000
22.264999
21.294001
18.382000
19.353001
19.353001
20.323999
19.353001
16.440001
14.498000
13.528000
12.557000
8.673100
3.818800
3.818800
4.789600
6.731400
7.702300
7.702300
10.615000
12.557000
11.586000
13.528000
13.528000
14.498000
17.410999
18.382000
18.382000
21.294001
21.294001
20.323999
22.264999
21.294001
19.353001
19.353001
18.382000
18.382000
18.382000
16.440001
13.528000
13.528000
14.498000
14.498000
16.440001
17.410999
16.440001
15.469000
12.557000
13.528000
15.469000
12.557000
11.586000
9.644000
5.760500
5.760500
9.644000
10.615000
10.615000
8.673100
9.644000
7.702300
5.760500
6.731400
5.760500
3.818800
4.789600
4.789600
4.789600
6.731400
7.702300
11.586000
11.586000
9.644000
8.673100
5.760500
4.789600
5.760500
6.731400
4.789600
1.877000
-0.064720
4.789600
7.702300
6.731400
2.847900
0.906150
1.877000
-0.064720
-0.064720
-3.948200
-7.831700
-6.860800
-5.890000
-5.890000
-2.006500
0.906150
1.877000
2.847900
-0.064720
-3.948200
-4.919100
-5.890000
-7.831700
-6.860800
-6.860800
-5.890000
-2.977300
-3.948200
-1.035600
0.906150
0.906150
2.847900
3.818800
3.818800
-0.064720
-2.006500
-2.006500
-4.919100
-5.890000
-3.948200
-1.035600
-1.035600
1.877000
2.847900
0.906150
-0.064720
-0.064720
-1.035600
-1.035600
-1.035600
-2.006500
-0.064720
1.877000
1.877000
1.877000
1.877000
1.877000
3.818800
3.818800
4.789600
4.789600
2.847900
-2.006500
-4.919100
-4.919100
-4.919100
-1.035600
1.877000
0.906150
-1.035600
-2.977300
-3.948200
-3.948200
-5.890000
-2.977300
-1.035600
-2.006500
-2.977300
-0.064720
-1.035600
-3.948200
-3.948200
-1.035600
-1.035600
-5.890000
-10.744000
-8.802600
-5.890000
-3.948200
-4.919100
-5.890000
-3.948200
-2.006500
0.906150
3.818800
3.818800
1.877000
-0.064720
-0.064720
-1.035600
-1.035600
-2.006500
-1.035600
0.906150
2.847900
6.731400
9.644000
7.702300
3.818800
0.906150
-2.006500
-4.919100
-9.773500
-10.744000
-6.860800
-1.035600
1.877000
1.877000
1.877000
7.702300
9.644000
6.731400
5.760500
0.906150
-1.035600
-2.006500
-0.064720
-1.035600
-0.064720
2.847900
2.847900
4.789600
9.644000
9.644000
7.702300
4.789600
-1.035600
-2.977300
-0.064720
-0.064720
-0.064720
-0.064720
1.877000
5.760500
3.818800
1.877000
1.877000
0.906150
-1.035600
-3.948200
-3.948200
-3.948200
-6.860800
-3.948200
-2.977300
-4.919100
-3.948200
-3.948200
-3.948200
-3.948200
-9.773500
-13.657000
-13.657000
-12.686000
-12.686000
-13.657000
-10.744000
-7.831700
-5.890000
-1.035600
4.789600
2.847900
0.906150
-1.035600
-3.948200
-6.860800
-8.802600
-6.860800
-5.890000
-2.977300
-3.948200
-3.948200
-4.919100
-6.860800
-6.860800
-6.860800
-5.890000
-7.831700
-9.773500
-8.802600
-8.802600
-8.802600
-8.802600
-7.831700
-4.919100
-3.948200
-3.948200
-2.977300
-3.948200
-5.890000
-5.890000
-5.890000
-5.890000
-5.890000
-4.919100
-1.035600
3.818800
1.877000
2.847900
3.818800
0.906150
-2.977300
-4.919100
-5.890000
-9.773500
-11.715000
-9.773500
-7.831700
-7.831700
-7.831700
-5.890000
-2.977300
-2.977300
-6.860800
-8.802600
-9.773500
-10.744000
-12.686000
-13.657000
-8.802600
-9.773500
-10.744000
-8.802600
-7.831700
-8.802600
-13.657000
-15.599000
-17.540001
-20.452999
-16.570000
-13.657000
-10.744000
-8.802600
-6.860800
-3.948200
-3.948200
-6.860800
-9.773500
-11.715000
-10.744000
-11.715000
-9.773500
-8.802600
-8.802600
-6.860800
-5.890000
-6.860800
-7.831700
-5.890000
-4.919100
-6.860800
-8.802600
-4.919100
-0.064720
3.818800
4.789600
4.789600
4.789600
2.847900
6.731400
8.673100
8.673100
8.673100
9.644000
12.557000
15.469000
13.528000
12.557000
11.586000
11.586000
12.557000
14.498000
16.440001
15.469000
15.469000
13.528000
13.528000
16.440001
17.410999
17.410999
19.353001
23.236000
26.149000
28.091000
28.091000
27.120001
26.149000
25.177999
26.149000
25.177999
26.149000
24.207001
24.207001
22.264999
20.323999
22.264999
26.149000
26.149000
28.091000
28.091000
27.120001
25.177999
25.177999
25.177999
26.149000
23.236000
25.177999
26.149000
25.177999
24.207001
22.264999
19.353001
21.294001
18.382000
15.469000
13.528000
15.469000
19.353001
22.264999
24.207001
25.177999
28.091000
30.032000
30.032000
27.120001
24.207001
25.177999
25.177999
28.091000
31.003000
32.945000
33.916000
31.003000
26.149000
26.149000
28.091000
27.120001
29.061001
31.003000
31.003000
28.091000
29.061001
28.091000
26.149000
23.236000
21.294001
19.353001
21.294001
20.323999
17.410999
18.382000
18.382000
18.382000
18.382000
19.353001
21.294001
19.353001
18.382000
16.440001
16.440001
17.410999
16.440001
16.440001
16.440001
16.440001
14.498000
11.586000
12.557000
11.586000
11.586000
12.557000
14.498000
13.528000
13.528000
16.440001
15.469000
13.528000
11.586000
6.731400
2.847900
2.847900
2.847900
3.818800
2.847900
2.847900
3.818800
2.847900
3.818800
2.847900
-2.006500
-2.006500
-1.035600
-3.948200
-7.831700
-7.831700
-7.831700
-8.802600
-8.802600
-8.802600
-5.890000
-2.977300
0.906150
2.847900
3.818800
-2.006500
-4.919100
-3.948200
-2.006500
-2.977300
-3.948200
-2.977300
-2.006500
-1.035600
0.906150
-2.006500
-4.919100
-6.860800
-7.831700
-9.773500
-12.686000
-13.657000
-12.686000
-14.628000
-15.599000
-12.686000
-8.802600
-6.860800
-4.919100
-5.890000
-9.773500
-13.657000
-14.628000
-13.657000
-15.599000
-15.599000
-14.628000
-14.628000
-15.599000
-13.657000
-15.599000
-18.511000
-19.482000
-20.452999
-24.337000
-27.249001
-25.306999
-24.337000
-22.395000
-22.395000
-20.452999
-18.511000
-18.511000
-22.395000
-24.337000
-26.278000
-29.191000
-31.132999
-32.104000
-33.074001
-34.044998
-32.104000
-29.191000
-26.278000
-22.395000
-24.337000
-25.306999
-25.306999
-25.306999
-25.306999
-26.278000
-26.278000
-24.337000
-22.395000
-23.365999
-20.452999
-16.570000
-13.657000
-12.686000
-13.657000
-16.570000
-20.452999
-23.365999
-25.306999
-25.306999
-22.395000
-18.511000
-16.570000
-16.570000
-14.628000
-11.715000
-10.744000
-9.773500
-12.686000
-16.570000
-20.452999
-21.424000
-18.511000
-17.540001
-18.511000
-19.482000
-17.540001
-13.657000
-9.773500
-10.744000
-11.715000
-14.628000
-17.540001
-19.482000
-25.306999
-28.219999
-27.249001
-26.278000
-25.306999
-23.365999
-20.452999
-19.482000
-20.452999
-20.452999
-19.482000
-18.511000
-20.452999
-21.424000
-21.424000
-23.365999
-25.306999
-22.395000
-21.424000
-24.337000
-20.452999
-14.628000
-12.686000
-13.657000
-14.628000
-16.570000
-17.540001
-18.511000
-21.424000
-20.452999
-17.540001
-9.773500
-6.860800
-7.831700
-4.919100
-2.006500
-2.977300
-6.860800
-9.773500
-11.715000
-11.715000
-11.715000
-11.715000
-10.744000
-6.860800
-1.035600
1.877000
5.760500
8.673100
10.615000
10.615000
7.702300
2.847900
-0.064720
-2.006500
-0.064720
1.877000
0.906150
-0.064720
1.877000
7.702300
13.528000
17.410999
18.382000
16.440001
15.469000
12.557000
10.615000
7.702300
10.615000
11.586000
13.528000
16.440001
19.353001
22.264999
24.207001
27.120001
27.120001
27.120001
30.032000
28.091000
29.061001
30.032000
30.032000
31.974001
34.887001
37.799000
38.770000
39.741001
40.712002
41.682999
39.741001
33.916000
31.974001
31.974001
35.858002
35.858002
33.916000
32.945000
37.799000
39.741001
39.741001
38.770000
36.827999
35.858002
33.916000
31.003000
27.120001
26.149000
28.091000
28.091000
30.032000
33.916000
29.061001
27.120001
27.120001
27.120001
27.120001
25.177999
21.294001
17.410999
13.528000
12.557000
13.528000
14.498000
15.469000
15.469000
13.528000
10.615000
8.673100
6.731400
2.847900
1.877000
1.877000
-0.064720
-1.035600
-0.064720
-1.035600
-2.977300
-2.006500
-2.006500
-1.035600
3.818800
4.789600
1.877000
-2.977300
-3.948200
-2.006500
-2.977300
-2.977300
-2.977300
-2.006500
0.906150
2.847900
5.760500
6.731400
4.789600
-0.064720
-3.948200
-5.890000
-7.831700
-8.802600
-7.831700
-5.890000
-3.948200
-0.064720
1.877000
2.847900
2.847900
3.818800
0.906150
-2.977300
-5.890000
-5.890000
-4.919100
-6.860800
-5.890000
-2.977300
-1.035600
-1.035600
2.847900
2.847900
-0.064720
-3.948200
-6.860800
-7.831700
-5.890000
-7.831700
-7.831700
-5.890000
-3.948200
-2.977300
-2.977300
-2.006500
-1.035600
-0.064720
-2.006500
-5.890000
-7.831700
-8.802600
-9.773500
-7.831700
-3.948200
-2.006500
-2.977300
-2.006500
-0.064720
2.847900
3.818800
-0.064720
-2.977300
-3.948200
-3.948200
-5.890000
-4.919100
-2.006500
-2.006500
-0.064720
1.877000
2.847900
0.906150
0.906150
-0.064720
-1.035600
-1.035600
-3.948200
-4.919100
-2.977300
-3.948200
-3.948200
-3.948200
-4.919100
-3.948200
-6.860800
-8.802600
-5.890000
-1.035600
1.877000
-2.006500
-2.006500
-0.064720
-1.035600
-3.948200
-4.919100
-2.977300
-3.948200
-3.948200
-2.006500
-2.977300
-1.035600
1.877000
1.877000
0.906150
-0.064720
-0.064720
2.847900
4.789600
6.731400
7.702300
6.731400
8.673100
10.615000
12.557000
13.528000
15.469000
14.498000
14.498000
13.528000
10.615000
9.644000
9.644000
10.615000
11.586000
10.615000
10.615000
13.528000
16.440001
18.382000
15.469000
11.586000
12.557000
12.557000
9.644000
4.789600
2.847900
0.906150
-0.064720
-0.064720
-0.064720
0.906150
2.847900
0.906150
2.847900
1.877000
-0.064720
-2.006500
-3.948200
-6.860800
-5.890000
-6.860800
-9.773500
-6.860800
-5.890000
-3.948200
-2.977300
-1.035600
-2.006500
-5.890000
-9.773500
-10.744000
-7.831700
-4.919100
-2.977300
-3.948200
-3.948200
-2.977300
-0.064720
0.906150
-2.977300
-6.860800
-9.773500
-10.744000
-10.744000
-6.860800
-4.919100
-4.919100
-2.006500
-1.035600
-2.006500
-1.035600
-3.948200
-8.802600
-12.686000
-14.628000
-16.570000
-16.570000
-13.657000
-11.715000
-12.686000
-13.657000
-12.686000
-14.628000
-15.599000
-16.570000
-18.511000
-16.570000
-18.511000
-21.424000
-23.365999
-24.337000
-23.365999
-22.395000
-24.337000
-24.337000
-24.337000
-23.365999
-22.395000
-22.395000
-22.395000
-18.511000
-17.540001
-15.599000
-14.628000
-14.628000
-13.657000
-14.628000
-16.570000
-19.482000
-19.482000
-17.540001
-15.599000
-18.511000
-21.424000
-22.395000
-22.395000
-22.395000
-20.452999
-19.482000
-18.511000
-15.599000
-9.773500
-9.773500
-13.657000
-14.628000
-13.657000
-10.744000
-8.802600
-7.831700
-7.831700
-7.831700
-5.890000
