1.977700
-0.893140
-0.893140
-2.807000
-3.764000
-0.893140
4.848500
9.633200
15.375000
19.202999
20.159000
18.246000
12.504000
3.891500
-1.850100
-3.764000
-3.764000
0.063800
4.848500
11.547000
17.289000
19.202999
22.073000
23.987000
23.987000
21.115999
16.332001
11.547000
9.633200
8.676200
10.590000
13.461000
14.418000
14.418000
17.289000
20.159000
24.944000
23.987000
19.202999
15.375000
8.676200
1.020700
-2.807000
0.063800
1.977700
7.719300
14.418000
16.332001
14.418000
15.375000
15.375000
10.590000
8.676200
6.762400
3.891500
1.020700
0.063800
2.934600
5.805400
9.633200
16.332001
17.289000
16.332001
10.590000
3.891500
2.934600
1.020700
0.063800
1.977700
4.848500
3.891500
2.934600
4.848500
8.676200
11.547000
18.246000
23.987000
18.246000
9.633200
3.891500
1.020700
-2.807000
-0.893140
8.676200
20.159000
20.159000
16.332001
11.547000
10.590000
10.590000
7.719300
4.848500
-1.850100
-7.591700
-8.548600
-9.505600
-8.548600
-6.634800
-5.677800
0.063800
8.676200
16.332001
18.246000
16.332001
8.676200
-3.764000
-14.290000
-19.075001
-17.160999
-10.463000
-3.764000
1.977700
5.805400
11.547000
18.246000
15.375000
12.504000
5.805400
-3.764000
-10.463000
-13.333000
-11.419000
-6.634800
1.977700
7.719300
10.590000
12.504000
14.418000
13.461000
11.547000
4.848500
-6.634800
-13.333000
-12.376000
-6.634800
2.934600
9.633200
11.547000
12.504000
13.461000
14.418000
14.418000
12.504000
9.633200
5.805400
-0.893140
-8.548600
-8.548600
-1.850100
6.762400
13.461000
14.418000
14.418000
11.547000
10.590000
2.934600
-5.677800
-6.634800
-3.764000
-3.764000
-0.893140
3.891500
5.805400
10.590000
14.418000
13.461000
11.547000
4.848500
-3.764000
-8.548600
-9.505600
-10.463000
-8.548600
-2.807000
5.805400
15.375000
17.289000
12.504000
12.504000
9.633200
1.977700
-5.677800
-10.463000
-11.419000
-10.463000
-11.419000
-6.634800
2.934600
12.504000
22.073000
23.987000
18.246000
9.633200
3.891500
0.063800
-2.807000
-2.807000
0.063800
2.934600
2.934600
4.848500
6.762400
10.590000
18.246000
23.987000
19.202999
6.762400
-7.591700
-16.204000
-17.160999
-13.333000
1.020700
16.332001
23.987000
21.115999
17.289000
13.461000
6.762400
-5.677800
-18.118000
-25.774000
-32.472000
-36.299999
-26.730000
-6.634800
9.633200
20.159000
23.987000
24.944000
19.202999
8.676200
-1.850100
-7.591700
-12.376000
-16.204000
-16.204000
-11.419000
4.848500
23.030001
29.729000
28.771999
27.815001
22.073000
14.418000
3.891500
-8.548600
-20.989000
-24.816999
-18.118000
-0.893140
16.332001
24.944000
27.815001
27.815001
23.987000
18.246000
9.633200
1.977700
-3.764000
-6.634800
-8.548600
-9.505600
-5.677800
1.977700
12.504000
20.159000
23.030001
14.418000
7.719300
-0.893140
-9.505600
-12.376000
-13.333000
-14.290000
-12.376000
-6.634800
1.977700
12.504000
19.202999
17.289000
13.461000
11.547000
6.762400
0.063800
-1.850100
-2.807000
-3.764000
-0.893140
5.805400
10.590000
12.504000
17.289000
20.159000
17.289000
9.633200
0.063800
-3.764000
-4.720900
-4.720900
-3.764000
-4.720900
-3.764000
3.891500
11.547000
16.332001
17.289000
16.332001
12.504000
4.848500
-0.893140
-0.893140
-1.850100
-2.807000
-4.720900
-3.764000
1.977700
9.633200
10.590000
8.676200
6.762400
1.977700
-2.807000
-4.720900
-1.850100
4.848500
7.719300
5.805400
-0.893140
-4.720900
-4.720900
-0.893140
1.020700
-0.893140
-3.764000
-6.634800
-13.333000
-17.160999
-16.204000
-13.333000
-5.677800
0.063800
0.063800
0.063800
2.934600
5.805400
1.020700
-8.548600
-17.160999
-16.204000
-13.333000
-11.419000
-8.548600
-5.677800
-4.720900
-2.807000
-2.807000
-4.720900
-7.591700
-13.333000
-15.247000
-12.376000
-5.677800
2.934600
10.590000
13.461000
8.676200
1.020700
-7.591700
-17.160999
-20.032000
-20.032000
-19.075001
-17.160999
-6.634800
3.891500
9.633200
9.633200
11.547000
9.633200
4.848500
-3.764000
-11.419000
-15.247000
-18.118000
-15.247000
-5.677800
2.934600
6.762400
5.805400
1.977700
-3.764000
-7.591700
-9.505600
-11.419000
-13.333000
-14.290000
-14.290000
-11.419000
-7.591700
-1.850100
1.977700
0.063800
-3.764000
-9.505600
-14.290000
-14.290000
-11.419000
-8.548600
-4.720900
-0.893140
0.063800
-3.764000
-7.591700
-9.505600
-10.463000
-6.634800
-4.720900
-0.893140
0.063800
-0.893140
-1.850100
1.977700
6.762400
10.590000
8.676200
1.977700
-2.807000
-4.720900
-3.764000
2.934600
10.590000
14.418000
15.375000
12.504000
6.762400
2.934600
-2.807000
-4.720900
-0.893140
4.848500
7.719300
13.461000
21.115999
23.030001
24.944000
23.987000
21.115999
17.289000
17.289000
14.418000
11.547000
8.676200
4.848500
7.719300
16.332001
27.815001
35.470001
33.556999
28.771999
25.900999
23.987000
19.202999
17.289000
16.332001
14.418000
17.289000
22.073000
22.073000
15.375000
13.461000
16.332001
16.332001
14.418000
11.547000
7.719300
7.719300
7.719300
8.676200
5.805400
1.977700
0.063800
-1.850100
-1.850100
1.977700
8.676200
12.504000
14.418000
17.289000
13.461000
4.848500
1.020700
0.063800
-0.893140
-4.720900
-7.591700
-8.548600
-6.634800
-3.764000
1.020700
7.719300
8.676200
7.719300
5.805400
2.934600
5.805400
8.676200
2.934600
-2.807000
-5.677800
-4.720900
-4.720900
-6.634800
-8.548600
-9.505600
-9.505600
-5.677800
-0.893140
7.719300
12.504000
10.590000
4.848500
0.063800
0.063800
1.977700
1.977700
-1.850100
-2.807000
-5.677800
-7.591700
-6.634800
-0.893140
5.805400
10.590000
12.504000
7.719300
2.934600
-4.720900
-10.463000
-7.591700
-5.677800
-5.677800
-6.634800
-6.634800
-1.850100
2.934600
2.934600
-0.893140
-3.764000
-6.634800
-10.463000
-10.463000
-8.548600
-9.505600
-11.419000
-10.463000
-4.720900
3.891500
10.590000
7.719300
1.977700
-6.634800
-13.333000
-17.160999
-18.118000
-20.032000
-21.945999
-20.989000
-14.290000
-6.634800
1.020700
6.762400
8.676200
2.934600
-6.634800
-15.247000
-17.160999
-20.032000
-21.945999
-17.160999
-11.419000
-6.634800
-0.893140
5.805400
8.676200
4.848500
-2.807000
-9.505600
-17.160999
-23.860001
-28.643999
-25.774000
-22.903000
-18.118000
-6.634800
5.805400
18.246000
26.858000
24.944000
12.504000
1.020700
-10.463000
-21.945999
-29.601000
-28.643999
-20.989000
-12.376000
0.063800
7.719300
8.676200
8.676200
8.676200
9.633200
6.762400
-0.893140
-10.463000
-18.118000
-20.989000
-17.160999
-5.677800
8.676200
15.375000
12.504000
7.719300
2.934600
-2.807000
-9.505600
-20.032000
-27.687000
-31.514999
-32.472000
-22.903000
-6.634800
8.676200
17.289000
15.375000
7.719300
0.063800
-5.677800
-14.290000
-25.774000
-33.429001
-34.386002
-33.429001
-28.643999
-20.032000
-7.591700
1.020700
5.805400
5.805400
-2.807000
-10.463000
-18.118000
-27.687000
-34.386002
-37.257000
-35.342999
-25.774000
-10.463000
2.934600
8.676200
11.547000
8.676200
5.805400
0.063800
-6.634800
-20.032000
-31.514999
-34.386002
-33.429001
-29.601000
-20.032000
-3.764000
4.848500
7.719300
5.805400
4.848500
1.977700
-5.677800
-16.204000
-25.774000
-29.601000
-31.514999
-31.514999
-25.774000
-15.247000
-1.850100
8.676200
10.590000
5.805400
1.020700
-3.764000
-8.548600
-11.419000
-13.333000
-15.247000
-12.376000
-2.807000
7.719300
21.115999
26.858000
26.858000
25.900999
23.987000
14.418000
2.934600
-2.807000
-4.720900
-8.548600
-8.548600
-3.764000
4.848500
14.418000
23.030001
25.900999
26.858000
27.815001
26.858000
23.987000
15.375000
5.805400
-3.764000
-10.463000
-13.333000
-7.591700
5.805400
19.202999
28.771999
29.729000
24.944000
20.159000
17.289000
16.332001
18.246000
15.375000
2.934600
-8.548600
-12.376000
-7.591700
2.934600
11.547000
19.202999
19.202999
16.332001
15.375000
12.504000
7.719300
-0.893140
-5.677800
-9.505600
-11.419000
-8.548600
3.891500
21.115999
27.815001
25.900999
24.944000
27.815001
31.643000
28.771999
19.202999
11.547000
4.848500
-2.807000
-5.677800
2.934600
19.202999
30.686001
32.599998
31.643000
31.643000
31.643000
30.686001
24.944000
13.461000
3.891500
-1.850100
1.977700
11.547000
22.073000
31.643000
33.556999
31.643000
31.643000
30.686001
25.900999
18.246000
9.633200
1.977700
1.020700
4.848500
13.461000
20.159000
22.073000
22.073000
24.944000
28.771999
30.686001
27.815001
21.115999
13.461000
6.762400
4.848500
9.633200
15.375000
20.159000
23.030001
27.815001
29.729000
28.771999
26.858000
21.115999
11.547000
0.063800
-5.677800
-6.634800
-3.764000
4.848500
15.375000
21.115999
22.073000
21.115999
18.246000
12.504000
1.977700
-3.764000
-7.591700
-13.333000
-16.204000
-18.118000
-14.290000
-9.505600
-1.850100
4.848500
10.590000
11.547000
7.719300
0.063800
-9.505600
-17.160999
-24.816999
-27.687000
-23.860001
-20.989000
-15.247000
-9.505600
-6.634800
-5.677800
-2.807000
-3.764000
-10.463000
-21.945999
-29.601000
-27.687000
-23.860001
-20.989000
-16.204000
-11.419000
-8.548600
-7.591700
-8.548600
-9.505600
-15.247000
-20.989000
-22.903000
-22.903000
-22.903000
-20.032000
-14.290000
-4.720900
4.848500
6.762400
-2.807000
-9.505600
-13.333000
-16.204000
-18.118000
-16.204000
-14.290000
-14.290000
-17.160999
-17.160999
-15.247000
-13.333000
-12.376000
-12.376000
-8.548600
-3.764000
-0.893140
-1.850100
-3.764000
0.063800
2.934600
1.020700
1.020700
-1.850100
-7.591700
-8.548600
-2.807000
1.977700
4.848500
5.805400
7.719300
10.590000
14.418000
14.418000
12.504000
7.719300
4.848500
0.063800
-3.764000
-5.677800
-5.677800
1.020700
3.891500
2.934600
2.934600
5.805400
7.719300
7.719300
10.590000
9.633200
3.891500
0.063800
-4.720900
-8.548600
-6.634800
-1.850100
4.848500
10.590000
12.504000
9.633200
6.762400
3.891500
0.063800
-3.764000
-6.634800
-7.591700
-6.634800
-3.764000
0.063800
3.891500
6.762400
7.719300
7.719300
5.805400
1.020700
-3.764000
-7.591700
-12.376000
-16.204000
-13.333000
-7.591700
-1.850100
1.977700
5.805400
6.762400
6.762400
5.805400
4.848500
3.891500
1.020700
-2.807000
-1.850100
1.020700
5.805400
11.547000
15.375000
17.289000
15.375000
7.719300
1.020700
-0.893140
-1.850100
-3.764000
-3.764000
-0.893140
4.848500
10.590000
12.504000
10.590000
5.805400
2.934600
-1.850100
-6.634800
-3.764000
-1.850100
0.063800
1.977700
1.020700
-1.850100
-5.677800
-4.720900
-3.764000
-2.807000
1.020700
1.977700
5.805400
5.805400
3.891500
1.020700
-2.807000
-0.893140
3.891500
12.504000
11.547000
5.805400
6.762400
5.805400
3.891500
0.063800
-3.764000
-5.677800
-7.591700
-5.677800
-5.677800
-7.591700
-9.505600
-6.634800
-1.850100
1.020700
2.934600
1.020700
-5.677800
-12.376000
