-0.919540
-3.875200
0.065680
0.065680
1.050900
4.006600
8.932700
12.874000
16.813999
18.785000
17.799999
15.829000
9.917900
3.021300
-1.904800
-1.904800
-1.904800
2.036100
7.947500
12.874000
17.799999
17.799999
17.799999
16.813999
17.799999
15.829000
12.874000
10.903000
10.903000
9.917900
9.917900
12.874000
12.874000
12.874000
14.844000
17.799999
21.740999
22.726000
20.754999
18.785000
12.874000
4.006600
0.065680
0.065680
0.065680
4.991800
11.888000
13.859000
14.844000
17.799999
18.785000
13.859000
9.917900
6.962200
3.021300
-1.904800
-4.860400
-1.904800
2.036100
8.932700
16.813999
17.799999
15.829000
11.888000
5.977000
5.977000
2.036100
-1.904800
-1.904800
-0.919540
-0.919540
0.065680
4.991800
11.888000
15.829000
20.754999
24.695999
17.799999
8.932700
4.006600
-0.919540
-4.860400
-4.860400
6.962200
18.785000
21.740999
18.785000
14.844000
12.874000
10.903000
9.917900
6.962200
0.065680
-6.830900
-10.772000
-11.757000
-10.772000
-8.801300
-5.845600
1.050900
11.888000
16.813999
17.799999
15.829000
8.932700
-2.890000
-14.713000
-23.580000
-23.580000
-16.683001
-7.816100
-0.919540
3.021300
10.903000
19.770000
18.785000
17.799999
11.888000
2.036100
-7.816100
-15.698000
-21.608999
-20.624001
-10.772000
-0.919540
6.962200
11.888000
14.844000
15.829000
14.844000
10.903000
2.036100
-7.816100
-17.667999
-19.639000
-9.786500
2.036100
8.932700
11.888000
13.859000
15.829000
18.785000
15.829000
11.888000
7.947500
1.050900
-10.772000
-17.667999
-15.698000
-6.830900
3.021300
8.932700
9.917900
10.903000
11.888000
6.962200
-0.919540
-2.890000
-4.860400
-13.727000
-16.683001
-10.772000
-5.845600
2.036100
10.903000
13.859000
15.829000
13.859000
5.977000
2.036100
-3.875200
-11.757000
-17.667999
-13.727000
-1.904800
11.888000
18.785000
17.799999
20.754999
22.726000
16.813999
7.947500
0.065680
-5.845600
-11.757000
-17.667999
-11.757000
3.021300
19.770000
33.563000
36.519001
32.577999
24.695999
16.813999
10.903000
2.036100
-5.845600
-9.786500
-8.801300
-3.875200
6.962200
15.829000
22.726000
27.652000
30.608000
25.681000
10.903000
-5.845600
-17.667999
-21.608999
-18.653999
-4.860400
11.888000
23.711000
23.711000
20.754999
16.813999
9.917900
-0.919540
-13.727000
-23.580000
-31.461000
-35.402000
-25.549999
-6.830900
10.903000
22.726000
26.667000
27.652000
21.740999
11.888000
2.036100
-5.845600
-13.727000
-17.667999
-16.683001
-10.772000
5.977000
23.711000
28.636999
26.667000
25.681000
20.754999
13.859000
6.962200
-4.860400
-15.698000
-18.653999
-15.698000
-0.919540
13.859000
20.754999
24.695999
25.681000
22.726000
19.770000
13.859000
8.932700
3.021300
-2.890000
-6.830900
-8.801300
-4.860400
1.050900
10.903000
20.754999
23.711000
14.844000
7.947500
1.050900
-5.845600
-8.801300
-10.772000
-13.727000
-11.757000
-8.801300
-0.919540
9.917900
16.813999
16.813999
12.874000
10.903000
7.947500
2.036100
0.065680
-2.890000
-5.845600
-2.890000
4.991800
8.932700
10.903000
16.813999
20.754999
17.799999
9.917900
0.065680
-4.860400
-6.830900
-6.830900
-3.875200
-1.904800
0.065680
4.991800
8.932700
12.874000
14.844000
13.859000
10.903000
4.991800
0.065680
1.050900
1.050900
0.065680
-2.890000
-1.904800
2.036100
7.947500
7.947500
5.977000
4.006600
1.050900
-1.904800
-0.919540
2.036100
6.962200
6.962200
2.036100
-4.860400
-8.801300
-8.801300
-4.860400
-1.904800
-4.860400
-7.816100
-9.786500
-13.727000
-15.698000
-13.727000
-11.757000
-6.830900
-3.875200
-3.875200
-2.890000
-0.919540
1.050900
-3.875200
-14.713000
-19.639000
-17.667999
-16.683001
-17.667999
-13.727000
-10.772000
-8.801300
-6.830900
-6.830900
-9.786500
-11.757000
-17.667999
-18.653999
-15.698000
-8.801300
-0.919540
4.006600
6.962200
4.006600
-1.904800
-9.786500
-17.667999
-19.639000
-19.639000
-20.624001
-18.653999
-9.786500
0.065680
4.006600
4.991800
7.947500
7.947500
4.991800
-1.904800
-7.816100
-12.742000
-16.683001
-14.713000
-6.830900
1.050900
5.977000
4.991800
2.036100
-2.890000
-5.845600
-4.860400
-4.860400
-5.845600
-7.816100
-9.786500
-9.786500
-10.772000
-8.801300
-5.845600
-4.860400
-5.845600
-8.801300
-10.772000
-8.801300
-6.830900
-4.860400
-3.875200
-1.904800
-3.875200
-7.816100
-10.772000
-11.757000
-10.772000
-5.845600
-2.890000
2.036100
2.036100
-0.919540
-2.890000
0.065680
3.021300
8.932700
7.947500
6.962200
6.962200
5.977000
4.991800
5.977000
7.947500
7.947500
5.977000
4.991800
3.021300
1.050900
-0.919540
0.065680
5.977000
12.874000
15.829000
20.754999
23.711000
20.754999
19.770000
18.785000
17.799999
15.829000
16.813999
15.829000
14.844000
12.874000
8.932700
11.888000
20.754999
30.608000
36.519001
32.577999
24.695999
19.770000
16.813999
13.859000
12.874000
14.844000
15.829000
19.770000
25.681000
23.711000
15.829000
13.859000
15.829000
14.844000
12.874000
10.903000
8.932700
9.917900
11.888000
11.888000
8.932700
4.006600
0.065680
-1.904800
-1.904800
1.050900
7.947500
10.903000
11.888000
11.888000
6.962200
0.065680
-1.904800
-0.919540
-0.919540
0.065680
0.065680
-2.890000
-3.875200
-3.875200
-2.890000
1.050900
2.036100
4.006600
5.977000
6.962200
12.874000
15.829000
8.932700
0.065680
-5.845600
-7.816100
-11.757000
-14.713000
-15.698000
-12.742000
-5.845600
4.006600
9.917900
15.829000
16.813999
11.888000
3.021300
-4.860400
-9.786500
-10.772000
-10.772000
-11.757000
-6.830900
-2.890000
0.065680
4.006600
7.947500
12.874000
14.844000
12.874000
6.962200
-0.919540
-9.786500
-14.713000
-11.757000
-8.801300
-6.830900
-6.830900
-4.860400
2.036100
6.962200
4.991800
-2.890000
-6.830900
-9.786500
-14.713000
-13.727000
-9.786500
-5.845600
-4.860400
-2.890000
1.050900
5.977000
9.917900
6.962200
0.065680
-8.801300
-15.698000
-18.653999
-19.639000
-20.624001
-20.624001
-17.667999
-9.786500
-1.904800
6.962200
11.888000
10.903000
4.006600
-7.816100
-16.683001
-18.653999
-21.608999
-25.549999
-19.639000
-11.757000
-4.860400
1.050900
6.962200
9.917900
4.006600
-4.860400
-11.757000
-19.639000
-26.535000
-30.476000
-26.535000
-21.608999
-18.653999
-12.742000
-1.904800
9.917900
19.770000
19.770000
8.932700
-1.904800
-11.757000
-21.608999
-28.506001
-26.535000
-18.653999
-10.772000
2.036100
10.903000
10.903000
10.903000
11.888000
12.874000
10.903000
4.006600
-5.845600
-13.727000
-16.683001
-11.757000
0.065680
13.859000
19.770000
15.829000
8.932700
4.006600
-0.919540
-5.845600
-14.713000
-20.624001
-24.565001
-25.549999
-18.653999
-5.845600
8.932700
17.799999
15.829000
6.962200
-0.919540
-6.830900
-14.713000
-24.565001
-31.461000
-34.417000
-33.431999
-29.490999
-20.624001
-7.816100
4.991800
10.903000
6.962200
-2.890000
-10.772000
-17.667999
-25.549999
-33.431999
-38.358002
-34.417000
-23.580000
-6.830900
4.991800
9.917900
12.874000
7.947500
4.006600
0.065680
-6.830900
-20.624001
-32.446999
-35.402000
-34.417000
-30.476000
-20.624001
-3.875200
4.991800
8.932700
7.947500
5.977000
3.021300
-2.890000
-12.742000
-21.608999
-26.535000
-29.490999
-30.476000
-27.521000
-17.667999
-5.845600
3.021300
5.977000
3.021300
-0.919540
-3.875200
-4.860400
-5.845600
-6.830900
-9.786500
-10.772000
-6.830900
-2.890000
6.962200
16.813999
24.695999
31.593000
31.593000
20.754999
8.932700
4.991800
2.036100
-3.875200
-5.845600
-4.860400
-2.890000
-0.919540
7.947500
15.829000
24.695999
28.636999
28.636999
26.667000
21.740999
13.859000
4.991800
-4.860400
-11.757000
-12.742000
-6.830900
3.021300
18.785000
30.608000
34.548000
34.548000
31.593000
29.622000
28.636999
22.726000
8.932700
-6.830900
-15.698000
-17.667999
-10.772000
-0.919540
9.917900
15.829000
16.813999
17.799999
15.829000
11.888000
5.977000
1.050900
-2.890000
-7.816100
-10.772000
-7.816100
5.977000
16.813999
21.740999
24.695999
26.667000
29.622000
28.636999
20.754999
13.859000
7.947500
0.065680
-5.845600
-0.919540
10.903000
22.726000
31.593000
34.548000
34.548000
34.548000
31.593000
25.681000
14.844000
5.977000
1.050900
1.050900
5.977000
9.917900
17.799999
22.726000
25.681000
29.622000
30.608000
26.667000
20.754999
12.874000
4.006600
0.065680
0.065680
3.021300
6.962200
10.903000
15.829000
20.754999
26.667000
30.608000
29.622000
25.681000
20.754999
14.844000
8.932700
6.962200
4.991800
6.962200
12.874000
23.711000
31.593000
32.577999
32.577999
29.622000
21.740999
11.888000
3.021300
-3.875200
-8.801300
-5.845600
2.036100
12.874000
21.740999
24.695999
23.711000
19.770000
12.874000
7.947500
3.021300
-5.845600
-13.727000
-22.594000
-25.549999
-22.594000
-12.742000
1.050900
12.874000
18.785000
17.799999
13.859000
4.991800
-4.860400
-16.683001
-24.565001
-25.549999
-25.549999
-22.594000
-17.667999
-12.742000
-5.845600
3.021300
6.962200
4.006600
-6.830900
-15.698000
-20.624001
-25.549999
-30.476000
-31.461000
-27.521000
-18.653999
-9.786500
-2.890000
0.065680
-1.904800
-8.801300
-13.727000
-20.624001
-27.521000
-30.476000
-27.521000
-20.624001
-7.816100
2.036100
1.050900
2.036100
3.021300
-0.919540
-4.860400
-7.816100
-11.757000
-19.639000
-26.535000
-28.506001
-25.549999
-18.653999
-9.786500
-2.890000
5.977000
12.874000
12.874000
7.947500
-0.919540
-4.860400
-5.845600
-10.772000
-8.801300
-6.830900
-4.860400
2.036100
10.903000
16.813999
17.799999
17.799999
14.844000
10.903000
9.917900
5.977000
3.021300
2.036100
3.021300
2.036100
1.050900
1.050900
2.036100
7.947500
8.932700
5.977000
3.021300
2.036100
1.050900
-0.919540
0.065680
-1.904800
-7.816100
-8.801300
-10.772000
-10.772000
-4.860400
1.050900
4.991800
6.962200
6.962200
2.036100
0.065680
-0.919540
-3.875200
-5.845600
-6.830900
-3.875200
-0.919540
0.065680
3.021300
2.036100
0.065680
1.050900
2.036100
1.050900
-0.919540
-3.875200
-3.875200
-7.816100
-10.772000
-7.816100
-4.860400
-0.919540
1.050900
3.021300
4.991800
4.991800
4.991800
4.006600
4.006600
2.036100
0.065680
1.050900
3.021300
6.962200
10.903000
13.859000
12.874000
9.917900
1.050900
-3.875200
-3.875200
-1.904800
-0.919540
0.065680
2.036100
5.977000
9.917900
10.903000
6.962200
2.036100
-0.919540
-3.875200
-6.830900
-3.875200
-1.904800
-0.919540
1.050900
-0.919540
-3.875200
-5.845600
-4.860400
-2.890000
-0.919540
1.050900
0.065680
1.050900
1.050900
-1.904800
-4.860400
-5.845600
-0.919540
5.977000
16.813999
17.799999
10.903000
8.932700
4.006600
-1.904800
-7.816100
-11.757000
-9.786500
-5.845600
0.065680
4.006600
3.021300
0.065680
0.065680
0.065680
-2.890000
-6.830900
-9.786500
-18.653999
-22.594000
