-1.100300
0.841420
7.637500
9.579300
11.521000
11.521000
8.608400
8.608400
10.550000
10.550000
9.579300
11.521000
12.492000
6.666700
3.754000
6.666700
5.695800
5.695800
8.608400
11.521000
13.463000
10.550000
7.637500
8.608400
11.521000
11.521000
12.492000
9.579300
7.637500
7.637500
5.695800
8.608400
10.550000
10.550000
8.608400
5.695800
5.695800
7.637500
6.666700
9.579300
9.579300
10.550000
6.666700
4.724900
3.754000
5.695800
9.579300
7.637500
3.754000
6.666700
6.666700
3.754000
6.666700
8.608400
7.637500
5.695800
0.841420
3.754000
7.637500
8.608400
10.550000
12.492000
8.608400
8.608400
11.521000
12.492000
10.550000
7.637500
5.695800
6.666700
4.724900
5.695800
9.579300
12.492000
14.434000
17.346001
18.316999
15.405000
13.463000
10.550000
7.637500
5.695800
7.637500
14.434000
18.316999
18.316999
16.375000
13.463000
9.579300
8.608400
7.637500
6.666700
3.754000
0.841420
0.841420
0.841420
0.841420
0.841420
1.812300
4.724900
5.695800
5.695800
4.724900
6.666700
8.608400
7.637500
3.754000
-1.100300
-4.012900
-3.042100
-1.100300
1.812300
4.724900
7.637500
10.550000
9.579300
10.550000
9.579300
5.695800
2.783200
-0.129450
-3.042100
-6.925600
-6.925600
-4.983800
-1.100300
2.783200
4.724900
2.783200
5.695800
4.724900
2.783200
0.841420
-4.983800
-8.867300
-7.896400
-6.925600
-5.954700
-4.983800
-4.012900
-2.071200
-0.129450
-3.042100
-4.012900
-4.012900
-5.954700
-10.809000
-10.809000
-10.809000
-11.780000
-11.780000
-8.867300
-8.867300
-7.896400
-5.954700
-4.012900
-3.042100
-1.100300
-2.071200
-6.925600
-5.954700
-2.071200
-0.129450
2.783200
5.695800
8.608400
11.521000
10.550000
8.608400
7.637500
7.637500
4.724900
3.754000
6.666700
10.550000
15.405000
15.405000
13.463000
14.434000
14.434000
11.521000
10.550000
10.550000
9.579300
8.608400
2.783200
1.812300
5.695800
11.521000
17.346001
20.259001
19.288000
15.405000
12.492000
8.608400
5.695800
2.783200
-0.129450
-0.129450
0.841420
4.724900
11.521000
15.405000
15.405000
15.405000
11.521000
6.666700
0.841420
-3.042100
-3.042100
-0.129450
4.724900
5.695800
8.608400
7.637500
6.666700
5.695800
3.754000
1.812300
-1.100300
-4.012900
-4.983800
-9.838200
-6.925600
-3.042100
0.841420
3.754000
1.812300
1.812300
1.812300
-0.129450
-3.042100
-5.954700
-5.954700
-4.983800
-3.042100
-2.071200
3.754000
7.637500
6.666700
3.754000
3.754000
1.812300
0.841420
0.841420
0.841420
0.841420
3.754000
5.695800
7.637500
6.666700
3.754000
4.724900
5.695800
5.695800
8.608400
10.550000
9.579300
6.666700
7.637500
6.666700
4.724900
6.666700
7.637500
10.550000
11.521000
10.550000
10.550000
7.637500
2.783200
0.841420
0.841420
0.841420
-0.129450
-0.129450
-1.100300
1.812300
5.695800
6.666700
5.695800
4.724900
7.637500
7.637500
10.550000
8.608400
5.695800
6.666700
6.666700
9.579300
6.666700
4.724900
11.521000
15.405000
14.434000
11.521000
8.608400
3.754000
1.812300
-0.129450
-0.129450
1.812300
1.812300
1.812300
-0.129450
3.754000
5.695800
3.754000
4.724900
3.754000
3.754000
3.754000
-0.129450
-3.042100
-3.042100
-4.012900
-4.012900
-0.129450
-1.100300
-4.012900
-3.042100
1.812300
3.754000
2.783200
1.812300
2.783200
-0.129450
-3.042100
-5.954700
-7.896400
-5.954700
-4.983800
-6.925600
-12.751000
-14.693000
-9.838200
-7.896400
-6.925600
-5.954700
-7.896400
-8.867300
-8.867300
-9.838200
-8.867300
-5.954700
-1.100300
-3.042100
-4.983800
-7.896400
-9.838200
-9.838200
-11.780000
-11.780000
-12.751000
-12.751000
-10.809000
-11.780000
-9.838200
-8.867300
-11.780000
-13.722000
-11.780000
-7.896400
-7.896400
-7.896400
-3.042100
-1.100300
-1.100300
-4.012900
-6.925600
-9.838200
-12.751000
-14.693000
-14.693000
-9.838200
-5.954700
-7.896400
-11.780000
-5.954700
-0.129450
2.783200
3.754000
2.783200
1.812300
-1.100300
-3.042100
-0.129450
4.724900
13.463000
11.521000
5.695800
4.724900
2.783200
1.812300
0.841420
1.812300
2.783200
4.724900
3.754000
-2.071200
-1.100300
-1.100300
-5.954700
-4.983800
-2.071200
-1.100300
1.812300
3.754000
4.724900
4.724900
-0.129450
-4.983800
-9.838200
-11.780000
-11.780000
-8.867300
-4.012900
3.754000
8.608400
6.666700
4.724900
-4.012900
-9.838200
-12.751000
-11.780000
-8.867300
-8.867300
-5.954700
-4.983800
-2.071200
-6.925600
-11.780000
-13.722000
-11.780000
-12.751000
-9.838200
-4.983800
-8.867300
-9.838200
-4.012900
0.841420
1.812300
3.754000
6.666700
4.724900
1.812300
1.812300
0.841420
3.754000
4.724900
4.724900
9.579300
12.492000
14.434000
16.375000
21.230000
23.172001
24.142000
16.375000
10.550000
9.579300
6.666700
6.666700
7.637500
10.550000
15.405000
22.201000
23.172001
18.316999
12.492000
12.492000
14.434000
15.405000
12.492000
11.521000
11.521000
10.550000
10.550000
9.579300
10.550000
7.637500
2.783200
2.783200
3.754000
6.666700
10.550000
10.550000
6.666700
5.695800
1.812300
-2.071200
-1.100300
2.783200
2.783200
4.724900
11.521000
13.463000
13.463000
9.579300
7.637500
9.579300
3.754000
0.841420
-0.129450
0.841420
3.754000
6.666700
2.783200
0.841420
-6.925600
-9.838200
-8.867300
-6.925600
-4.012900
-4.012900
-4.983800
0.841420
1.812300
-1.100300
-4.012900
-3.042100
-6.925600
-11.780000
-9.838200
-9.838200
-7.896400
-4.983800
-0.129450
3.754000
4.724900
0.841420
-2.071200
-1.100300
-4.012900
-5.954700
-5.954700
-4.012900
-4.012900
-1.100300
-2.071200
-2.071200
-1.100300
1.812300
-0.129450
-0.129450
1.812300
-1.100300
-5.954700
-10.809000
-8.867300
-6.925600
-2.071200
2.783200
7.637500
11.521000
12.492000
11.521000
4.724900
5.695800
3.754000
-2.071200
-3.042100
-1.100300
-0.129450
5.695800
5.695800
1.812300
1.812300
4.724900
-2.071200
-3.042100
-0.129450
-3.042100
-4.983800
-5.954700
-5.954700
-4.983800
-4.983800
-3.042100
-4.983800
-3.042100
-1.100300
3.754000
2.783200
0.841420
-0.129450
-1.100300
-1.100300
-2.071200
-2.071200
-5.954700
-8.867300
-4.012900
-1.100300
-1.100300
-2.071200
-4.012900
-0.129450
0.841420
-3.042100
-4.012900
-6.925600
-8.867300
-8.867300
-6.925600
-4.983800
-2.071200
-1.100300
-2.071200
-4.012900
-4.983800
0.841420
4.724900
4.724900
2.783200
0.841420
2.783200
2.783200
0.841420
3.754000
7.637500
7.637500
7.637500
1.812300
-4.012900
-4.012900
-6.925600
-9.838200
-4.012900
-2.071200
1.812300
0.841420
1.812300
2.783200
1.812300
-2.071200
-9.838200
-16.634001
-14.693000
-9.838200
-10.809000
-14.693000
-16.634001
-15.663000
-13.722000
-9.838200
-4.012900
-1.100300
-4.012900
-6.925600
-9.838200
-10.809000
-12.751000
-19.547001
-20.518000
-20.518000
-18.576000
-11.780000
-11.780000
-11.780000
-10.809000
-8.867300
-8.867300
-11.780000
-13.722000
-12.751000
-16.634001
-15.663000
-18.576000
-17.605000
-15.663000
-12.751000
-5.954700
-3.042100
-2.071200
0.841420
-1.100300
-1.100300
-2.071200
-4.983800
-6.925600
-4.012900
-5.954700
-7.896400
-4.983800
-1.100300
4.724900
3.754000
0.841420
-0.129450
-0.129450
1.812300
3.754000
6.666700
10.550000
13.463000
11.521000
10.550000
13.463000
19.288000
22.201000
23.172001
21.230000
21.230000
19.288000
15.405000
14.434000
14.434000
13.463000
10.550000
8.608400
11.521000
7.637500
11.521000
16.375000
19.288000
17.346001
17.346001
16.375000
15.405000
12.492000
10.550000
10.550000
11.521000
8.608400
7.637500
11.521000
17.346001
22.201000
24.142000
26.084000
24.142000
21.230000
21.230000
17.346001
11.521000
4.724900
-1.100300
0.841420
0.841420
-2.071200
0.841420
5.695800
9.579300
9.579300
7.637500
9.579300
8.608400
7.637500
5.695800
0.841420
-2.071200
1.812300
5.695800
7.637500
8.608400
7.637500
7.637500
12.492000
12.492000
9.579300
6.666700
1.812300
-0.129450
-1.100300
0.841420
4.724900
7.637500
13.463000
12.492000
10.550000
11.521000
8.608400
1.812300
-2.071200
0.841420
1.812300
5.695800
0.841420
-0.129450
4.724900
8.608400
7.637500
6.666700
9.579300
12.492000
7.637500
3.754000
2.783200
1.812300
3.754000
4.724900
8.608400
5.695800
2.783200
4.724900
6.666700
9.579300
13.463000
12.492000
13.463000
14.434000
12.492000
9.579300
10.550000
4.724900
2.783200
7.637500
9.579300
14.434000
14.434000
10.550000
7.637500
7.637500
4.724900
-1.100300
-4.012900
-6.925600
-5.954700
-3.042100
-1.100300
0.841420
5.695800
6.666700
6.666700
2.783200
2.783200
1.812300
0.841420
-1.100300
-4.012900
-5.954700
-4.983800
-0.129450
2.783200
5.695800
8.608400
9.579300
10.550000
5.695800
-0.129450
-2.071200
-4.012900
-3.042100
-5.954700
-5.954700
-4.012900
-0.129450
0.841420
5.695800
5.695800
4.724900
3.754000
-3.042100
-6.925600
-7.896400
-7.896400
-3.042100
-2.071200
-1.100300
-0.129450
0.841420
0.841420
-1.100300
-5.954700
-9.838200
-13.722000
-15.663000
-14.693000
-8.867300
-2.071200
1.812300
4.724900
6.666700
6.666700
-1.100300
-5.954700
-6.925600
-7.896400
-10.809000
-12.751000
-13.722000
-12.751000
-7.896400
-2.071200
1.812300
7.637500
7.637500
4.724900
3.754000
-1.100300
-3.042100
-2.071200
-4.983800
-3.042100
3.754000
4.724900
4.724900
8.608400
11.521000
15.405000
15.405000
10.550000
5.695800
4.724900
2.783200
-1.100300
-3.042100
3.754000
10.550000
8.608400
7.637500
9.579300
11.521000
16.375000
10.550000
3.754000
-0.129450
-4.983800
-4.983800
-3.042100
-0.129450
-4.012900
-4.012900
-4.012900
-4.012900
-0.129450
1.812300
3.754000
3.754000
-1.100300
-4.012900
-4.012900
-3.042100
-3.042100
-0.129450
1.812300
3.754000
4.724900
7.637500
5.695800
0.841420
-4.012900
-1.100300
-2.071200
0.841420
-1.100300
-4.012900
-2.071200
-2.071200
-3.042100
2.783200
0.841420
-1.100300
-2.071200
-2.071200
-1.100300
-0.129450
-1.100300
0.841420
4.724900
1.812300
1.812300
-1.100300
-1.100300
-0.129450
1.812300
1.812300
-3.042100
-4.012900
-1.100300
-1.100300
-2.071200
-3.042100
-1.100300
-1.100300
-0.129450
-0.129450
-3.042100
-1.100300
-3.042100
-4.983800
-2.071200
-3.042100
-5.954700
-4.983800
-0.129450
-4.012900
-5.954700
-4.983800
-4.983800
-5.954700
-6.925600
-4.012900
-4.983800
-5.954700
-5.954700
-6.925600
-7.896400
-9.838200
-6.925600
-9.838200
-8.867300
-4.012900
2.783200
5.695800
1.812300
-1.100300
-4.983800
-9.838200
-7.896400
-8.867300
-6.925600
-3.042100
1.812300
0.841420
-2.071200
-2.071200
-4.012900
-4.983800
-4.983800
-6.925600
-4.983800
-8.867300
-5.954700
