3.056900
0.130080
2.081300
2.081300
1.105700
2.081300
5.008100
7.935000
12.813000
16.715000
17.691000
15.740000
9.886200
1.105700
-5.723600
-5.723600
-1.821100
3.056900
9.886200
15.740000
17.691000
16.715000
18.667000
17.691000
16.715000
14.764000
12.813000
10.862000
9.886200
10.862000
11.837000
16.715000
16.715000
14.764000
15.740000
14.764000
18.667000
18.667000
12.813000
8.910600
5.983700
2.081300
3.056900
5.983700
8.910600
12.813000
17.691000
15.740000
9.886200
8.910600
8.910600
5.983700
5.983700
6.959300
5.008100
6.959300
8.910600
10.862000
12.813000
14.764000
15.740000
11.837000
8.910600
2.081300
-4.748000
-3.772400
0.130080
5.008100
9.886200
14.764000
14.764000
10.862000
7.935000
6.959300
5.983700
9.886200
15.740000
9.886200
1.105700
-1.821100
0.130080
1.105700
4.032500
13.789000
24.520000
24.520000
18.667000
10.862000
5.983700
3.056900
-2.796700
-5.723600
-11.577000
-12.553000
-7.674800
-3.772400
-1.821100
1.105700
1.105700
4.032500
9.886200
14.764000
15.740000
13.789000
5.008100
-8.650400
-19.382000
-19.382000
-13.528000
-5.723600
1.105700
5.983700
10.862000
15.740000
18.667000
11.837000
5.983700
-4.748000
-17.431000
-26.211000
-23.285000
-14.504000
-2.796700
9.886200
16.715000
17.691000
17.691000
14.764000
8.910600
1.105700
-10.602000
-26.211000
-33.041000
-26.211000
-10.602000
5.008100
12.813000
15.740000
13.789000
14.764000
11.837000
6.959300
1.105700
-2.796700
-6.699200
-14.504000
-15.480000
-5.723600
10.862000
22.569000
25.496000
20.618000
13.789000
8.910600
4.032500
-5.723600
-17.431000
-16.455000
-6.699200
3.056900
12.813000
18.667000
18.667000
21.593000
20.618000
12.813000
4.032500
-8.650400
-18.407000
-21.333000
-19.382000
-9.626000
4.032500
16.715000
25.496000
28.423000
21.593000
8.910600
-1.821100
-9.626000
-18.407000
-24.260000
-23.285000
-15.480000
-7.674800
-2.796700
4.032500
7.935000
8.910600
12.813000
10.862000
7.935000
0.130080
-3.772400
-1.821100
0.130080
5.008100
10.862000
14.764000
10.862000
6.959300
4.032500
4.032500
11.837000
17.691000
15.740000
5.008100
-5.723600
-10.602000
-9.626000
-1.821100
9.886200
20.618000
24.520000
18.667000
13.789000
10.862000
5.983700
-4.748000
-19.382000
-30.114000
-35.966999
-36.943001
-22.309000
0.130080
17.691000
25.496000
27.447001
27.447001
20.618000
6.959300
-6.699200
-15.480000
-18.407000
-20.358000
-17.431000
-5.723600
13.789000
31.350000
34.276001
31.350000
29.398001
21.593000
8.910600
-3.772400
-18.407000
-28.163000
-27.187000
-17.431000
5.008100
25.496000
32.325001
34.276001
33.300999
27.447001
16.715000
3.056900
-7.674800
-14.504000
-14.504000
-11.577000
-7.674800
-0.845530
9.886200
19.642000
25.496000
26.472000
15.740000
5.008100
-7.674800
-18.407000
-25.236000
-25.236000
-21.333000
-10.602000
3.056900
13.789000
22.569000
26.472000
21.593000
14.764000
7.935000
1.105700
-5.723600
-7.674800
-6.699200
-4.748000
3.056900
14.764000
21.593000
21.593000
24.520000
25.496000
20.618000
8.910600
-2.796700
-8.650400
-8.650400
-8.650400
-7.674800
-4.748000
3.056900
14.764000
22.569000
24.520000
18.667000
14.764000
9.886200
2.081300
-3.772400
-3.772400
-1.821100
1.105700
2.081300
6.959300
12.813000
17.691000
13.789000
7.935000
4.032500
0.130080
-3.772400
-5.723600
-4.748000
3.056900
9.886200
11.837000
7.935000
5.008100
5.008100
5.983700
4.032500
-0.845530
-3.772400
-6.699200
-12.553000
-13.528000
-9.626000
-4.748000
4.032500
7.935000
7.935000
7.935000
6.959300
5.983700
0.130080
-7.674800
-9.626000
-3.772400
-2.796700
-2.796700
4.032500
3.056900
0.130080
2.081300
1.105700
-5.723600
-10.602000
-12.553000
-11.577000
-5.723600
3.056900
11.837000
15.740000
17.691000
11.837000
2.081300
-9.626000
-20.358000
-24.260000
-24.260000
-20.358000
-13.528000
-0.845530
9.886200
13.789000
12.813000
10.862000
6.959300
-1.821100
-12.553000
-20.358000
-24.260000
-23.285000
-14.504000
-0.845530
6.959300
10.862000
6.959300
0.130080
-7.674800
-13.528000
-17.431000
-20.358000
-24.260000
-24.260000
-22.309000
-12.553000
-2.796700
5.983700
8.910600
6.959300
-0.845530
-10.602000
-17.431000
-21.333000
-23.285000
-20.358000
-13.528000
-3.772400
4.032500
4.032500
2.081300
-1.821100
-3.772400
-3.772400
-6.699200
-4.748000
-2.796700
-2.796700
0.130080
6.959300
9.886200
13.789000
8.910600
0.130080
-8.650400
-11.577000
-8.650400
-0.845530
8.910600
15.740000
18.667000
16.715000
10.862000
1.105700
-7.674800
-10.602000
-6.699200
-2.796700
-0.845530
5.983700
16.715000
23.545000
26.472000
22.569000
17.691000
12.813000
8.910600
2.081300
-1.821100
-0.845530
1.105700
7.935000
17.691000
27.447001
33.300999
33.300999
30.374001
25.496000
20.618000
13.789000
10.862000
10.862000
8.910600
12.813000
20.618000
24.520000
18.667000
15.740000
16.715000
15.740000
12.813000
6.959300
0.130080
-2.796700
-0.845530
0.130080
-0.845530
1.105700
3.056900
4.032500
6.959300
11.837000
15.740000
15.740000
14.764000
14.764000
8.910600
-1.821100
-5.723600
-5.723600
-6.699200
-8.650400
-9.626000
-5.723600
0.130080
5.008100
8.910600
13.789000
11.837000
6.959300
1.105700
-2.796700
-1.821100
2.081300
-1.821100
-3.772400
-2.796700
0.130080
1.105700
-1.821100
-4.748000
-10.602000
-16.455000
-16.455000
-8.650400
4.032500
10.862000
10.862000
5.008100
1.105700
5.008100
7.935000
7.935000
1.105700
-5.723600
-12.553000
-17.431000
-15.480000
-7.674800
1.105700
6.959300
9.886200
8.910600
5.983700
1.105700
-2.796700
-2.796700
-7.674800
-12.553000
-14.504000
-11.577000
-7.674800
-3.772400
-0.845530
0.130080
2.081300
1.105700
-0.845530
-2.796700
-6.699200
-15.480000
-22.309000
-19.382000
-6.699200
5.008100
12.813000
9.886200
5.008100
-0.845530
-5.723600
-9.626000
-13.528000
-18.407000
-25.236000
-28.163000
-20.358000
-8.650400
1.105700
5.983700
5.983700
0.130080
-7.674800
-13.528000
-11.577000
-9.626000
-10.602000
-10.602000
-11.577000
-13.528000
-9.626000
-1.821100
3.056900
1.105700
-3.772400
-9.626000
-13.528000
-17.431000
-18.407000
-14.504000
-14.504000
-8.650400
5.008100
15.740000
21.593000
24.520000
20.618000
8.910600
-4.748000
-18.407000
-29.138000
-34.015999
-30.114000
-17.431000
-3.772400
11.837000
19.642000
14.764000
8.910600
5.008100
1.105700
-3.772400
-10.602000
-18.407000
-25.236000
-26.211000
-19.382000
-7.674800
5.983700
11.837000
10.862000
5.983700
-0.845530
-8.650400
-18.407000
-32.064999
-39.869999
-41.820999
-37.918999
-23.285000
-6.699200
10.862000
19.642000
18.667000
11.837000
4.032500
-4.748000
-15.480000
-29.138000
-36.943001
-38.894001
-34.015999
-26.211000
-12.553000
2.081300
7.935000
10.862000
9.886200
0.130080
-9.626000
-20.358000
-30.114000
-34.992001
-35.966999
-34.015999
-27.187000
-10.602000
4.032500
9.886200
13.789000
13.789000
8.910600
-0.845530
-11.577000
-24.260000
-34.015999
-36.943001
-34.992001
-29.138000
-16.455000
0.130080
9.886200
12.813000
8.910600
6.959300
0.130080
-11.577000
-22.309000
-30.114000
-32.064999
-33.041000
-34.015999
-30.114000
-16.455000
0.130080
13.789000
15.740000
12.813000
5.983700
-4.748000
-13.528000
-20.358000
-23.285000
-24.260000
-18.407000
-1.821100
14.764000
31.350000
37.202999
33.300999
31.350000
26.472000
13.789000
-1.821100
-9.626000
-13.528000
-17.431000
-15.480000
-5.723600
10.862000
28.423000
39.153999
40.130001
38.179001
33.300999
28.423000
23.545000
14.764000
1.105700
-9.626000
-13.528000
-10.602000
1.105700
23.545000
40.130001
45.984001
40.130001
27.447001
17.691000
12.813000
7.935000
6.959300
4.032500
-8.650400
-15.480000
-13.528000
2.081300
21.593000
34.276001
40.130001
35.251999
29.398001
24.520000
15.740000
5.983700
-6.699200
-15.480000
-18.407000
-17.431000
-5.723600
17.691000
38.179001
42.081001
36.228001
30.374001
31.350000
32.325001
22.569000
8.910600
-0.845530
-4.748000
-8.650400
-5.723600
5.983700
25.496000
39.153999
41.105999
38.179001
35.251999
32.325001
28.423000
19.642000
5.983700
-5.723600
-11.577000
-4.748000
10.862000
28.423000
42.081001
45.007999
40.130001
34.276001
30.374001
24.520000
15.740000
5.008100
-1.821100
-0.845530
9.886200
27.447001
40.130001
42.081001
37.202999
32.325001
28.423000
25.496000
21.593000
11.837000
0.130080
-8.650400
-6.699200
7.935000
24.520000
36.228001
38.179001
36.228001
30.374001
25.496000
19.642000
11.837000
-1.821100
-16.455000
-20.358000
-12.553000
1.105700
16.715000
31.350000
35.251999
26.472000
16.715000
7.935000
-0.845530
-12.553000
-21.333000
-24.260000
-25.236000
-19.382000
-11.577000
1.105700
11.837000
15.740000
12.813000
7.935000
1.105700
-9.626000
-22.309000
-33.041000
-36.943001
-37.918999
-33.041000
-21.333000
-9.626000
1.105700
5.983700
4.032500
-2.796700
-7.674800
-15.480000
-27.187000
-37.918999
-39.869999
-31.089001
-19.382000
-7.674800
4.032500
8.910600
6.959300
1.105700
-6.699200
-15.480000
-25.236000
-31.089001
-32.064999
-28.163000
-20.358000
-8.650400
4.032500
15.740000
21.593000
14.764000
-3.772400
-17.431000
-26.211000
-33.041000
-34.992001
-26.211000
-13.528000
-1.821100
3.056900
5.008100
4.032500
0.130080
-8.650400
-17.431000
-19.382000
-17.431000
-13.528000
-12.553000
-6.699200
5.008100
14.764000
18.667000
18.667000
11.837000
-3.772400
-11.577000
-12.553000
-12.553000
-11.577000
-6.699200
2.081300
14.764000
25.496000
29.398001
27.447001
20.618000
10.862000
-0.845530
-8.650400
-12.553000
-12.553000
-7.674800
-2.796700
-0.845530
5.008100
13.789000
18.667000
19.642000
23.545000
20.618000
13.789000
6.959300
-1.821100
-8.650400
-8.650400
-3.772400
2.081300
11.837000
17.691000
17.691000
12.813000
8.910600
4.032500
-2.796700
-8.650400
-12.553000
-12.553000
-8.650400
-3.772400
3.056900
8.910600
11.837000
8.910600
4.032500
-3.772400
-10.602000
-14.504000
-20.358000
-24.260000
-21.333000
-13.528000
-6.699200
-1.821100
2.081300
5.983700
6.959300
3.056900
-0.845530
0.130080
-2.796700
-4.748000
-2.796700
-0.845530
5.008100
12.813000
17.691000
19.642000
18.667000
11.837000
4.032500
0.130080
-0.845530
-2.796700
-3.772400
0.130080
5.983700
10.862000
13.789000
10.862000
5.983700
2.081300
-3.772400
-7.674800
-4.748000
-2.796700
1.105700
4.032500
3.056900
0.130080
-5.723600
-5.723600
-5.723600
-5.723600
-1.821100
2.081300
7.935000
10.862000
8.910600
5.008100
-0.845530
-0.845530
0.130080
3.056900
0.130080
-2.796700
2.081300
5.983700
6.959300
4.032500
0.130080
-3.772400
-9.626000
-11.577000
-14.504000
-16.455000
-18.407000
-16.455000
-7.674800
1.105700
6.959300
6.959300
-0.845530
-8.650400
