5.866700
6.866700
5.866700
3.866700
2.866700
4.866700
4.866700
-0.133330
-1.133300
3.866700
6.866700
11.867000
14.867000
17.867001
17.867001
8.866700
0.866670
-0.133330
0.866670
5.866700
5.866700
3.866700
6.866700
1.866700
-3.133300
-5.133300
-3.133300
-0.133330
-3.133300
-11.133000
-11.133000
-6.133300
-5.133300
-0.133330
3.866700
-0.133330
-4.133300
-3.133300
0.866670
-2.133300
-7.133300
-12.133000
-16.132999
-10.133000
-5.133300
-9.133300
-11.133000
-6.133300
-6.133300
-8.133300
-6.133300
0.866670
1.866700
-2.133300
-7.133300
-11.133000
-12.133000
-11.133000
-6.133300
1.866700
-0.133330
-3.133300
4.866700
5.866700
2.866700
-1.133300
-6.133300
-12.133000
-14.133000
-10.133000
-5.133300
-3.133300
-2.133300
0.866670
2.866700
0.866670
-3.133300
-9.133300
-11.133000
-7.133300
-2.133300
-1.133300
1.866700
2.866700
0.866670
-0.133330
1.866700
2.866700
-2.133300
-5.133300
-1.133300
5.866700
6.866700
6.866700
4.866700
-1.133300
2.866700
8.866700
7.866700
10.867000
10.867000
11.867000
10.867000
6.866700
7.866700
7.866700
14.867000
15.867000
9.866700
9.866700
3.866700
2.866700
2.866700
-0.133330
-2.133300
-1.133300
-1.133300
-3.133300
-3.133300
7.866700
18.867001
27.867001
25.867001
20.867001
16.867001
8.866700
8.866700
11.867000
16.867001
15.867000
8.866700
2.866700
1.866700
5.866700
5.866700
2.866700
0.866670
1.866700
11.867000
20.867001
25.867001
21.867001
11.867000
8.866700
9.866700
8.866700
8.866700
5.866700
4.866700
2.866700
2.866700
2.866700
4.866700
5.866700
1.866700
-1.133300
-0.133330
-4.133300
-6.133300
-10.133000
-12.133000
-7.133300
-1.133300
-0.133330
-1.133300
-3.133300
-4.133300
-8.133300
-10.133000
-12.133000
-6.133300
4.866700
9.866700
6.866700
1.866700
2.866700
-4.133300
-5.133300
1.866700
-0.133330
-7.133300
-2.133300
-0.133330
-3.133300
-3.133300
-2.133300
-0.133330
1.866700
3.866700
7.866700
6.866700
0.866670
2.866700
6.866700
4.866700
-3.133300
-13.133000
-17.132999
-22.132999
-22.132999
-18.132999
-11.133000
-9.133300
-8.133300
-4.133300
-4.133300
-13.133000
-14.133000
-7.133300
-8.133300
-14.133000
-12.133000
-6.133300
-2.133300
-3.133300
-11.133000
-18.132999
-20.132999
-20.132999
-22.132999
-26.132999
-19.132999
-7.133300
-5.133300
-8.133300
-10.133000
-9.133300
-4.133300
1.866700
8.866700
0.866670
-10.133000
-8.133300
-0.133330
1.866700
0.866670
5.866700
11.867000
11.867000
10.867000
11.867000
4.866700
-3.133300
-6.133300
-5.133300
-4.133300
-6.133300
-7.133300
-5.133300
3.866700
13.867000
15.867000
14.867000
13.867000
7.866700
4.866700
5.866700
2.866700
-1.133300
-1.133300
3.866700
3.866700
-3.133300
-11.133000
-11.133000
-11.133000
-8.133300
-6.133300
-9.133300
-13.133000
-17.132999
-16.132999
-11.133000
-6.133300
-5.133300
-11.133000
-25.132999
-38.132999
-32.132999
-25.132999
-20.132999
-15.133000
-6.133300
2.866700
3.866700
-1.133300
-0.133330
0.866670
-4.133300
-10.133000
-11.133000
-10.133000
-8.133300
-5.133300
-10.133000
-9.133300
-4.133300
-6.133300
-7.133300
-11.133000
-22.132999
-28.132999
-21.132999
-11.133000
-6.133300
-2.133300
-4.133300
-1.133300
0.866670
-1.133300
-7.133300
-15.133000
-18.132999
-11.133000
-5.133300
-1.133300
0.866670
-0.133330
0.866670
13.867000
16.867001
18.867001
12.867000
-0.133330
-4.133300
1.866700
0.866670
-2.133300
-5.133300
-2.133300
3.866700
3.866700
1.866700
-1.133300
-16.132999
-30.132999
-22.132999
-12.133000
-7.133300
-8.133300
-5.133300
4.866700
13.867000
12.867000
8.866700
-4.133300
-16.132999
-16.132999
-1.133300
7.866700
10.867000
5.866700
5.866700
11.867000
13.867000
8.866700
2.866700
-6.133300
-17.132999
-18.132999
-5.133300
3.866700
5.866700
10.867000
12.867000
17.867001
19.867001
21.867001
13.867000
-5.133300
-14.133000
-12.133000
-11.133000
-3.133300
6.866700
4.866700
3.866700
5.866700
-3.133300
-9.133300
-12.133000
-16.132999
-16.132999
-14.133000
-10.133000
-5.133300
-0.133330
4.866700
13.867000
20.867001
11.867000
-2.133300
-4.133300
-3.133300
-4.133300
-3.133300
-2.133300
-9.133300
-10.133000
2.866700
15.867000
14.867000
7.866700
5.866700
2.866700
-1.133300
-1.133300
3.866700
11.867000
11.867000
13.867000
17.867001
19.867001
7.866700
-2.133300
0.866670
13.867000
23.867001
23.867001
22.867001
17.867001
18.867001
15.867000
9.866700
7.866700
12.867000
7.866700
4.866700
12.867000
19.867001
20.867001
14.867000
15.867000
20.867001
22.867001
19.867001
16.867001
7.866700
-2.133300
-2.133300
0.866670
0.866670
4.866700
6.866700
11.867000
17.867001
22.867001
22.867001
20.867001
12.867000
10.867000
6.866700
2.866700
0.866670
3.866700
10.867000
15.867000
9.866700
-0.133330
-7.133300
-9.133300
-11.133000
-6.133300
-1.133300
3.866700
8.866700
9.866700
9.866700
6.866700
1.866700
1.866700
0.866670
2.866700
1.866700
-0.133330
2.866700
12.867000
15.867000
16.867001
12.867000
8.866700
4.866700
-2.133300
-2.133300
-0.133330
0.866670
1.866700
6.866700
6.866700
2.866700
-3.133300
-6.133300
-3.133300
-4.133300
-7.133300
-2.133300
-3.133300
-8.133300
-10.133000
-14.133000
-13.133000
-10.133000
-7.133300
-3.133300
-1.133300
-0.133330
-1.133300
-1.133300
-3.133300
-5.133300
-2.133300
2.866700
10.867000
0.866670
-5.133300
2.866700
1.866700
-1.133300
2.866700
6.866700
8.866700
6.866700
3.866700
-5.133300
-12.133000
-14.133000
-7.133300
-1.133300
1.866700
1.866700
-3.133300
-8.133300
-0.133330
-1.133300
-7.133300
-3.133300
-3.133300
0.866670
12.867000
10.867000
14.867000
8.866700
7.866700
18.867001
15.867000
6.866700
-3.133300
-3.133300
-0.133330
5.866700
15.867000
13.867000
4.866700
3.866700
4.866700
8.866700
9.866700
8.866700
8.866700
-1.133300
2.866700
4.866700
2.866700
6.866700
4.866700
2.866700
5.866700
8.866700
13.867000
4.866700
-5.133300
-11.133000
-10.133000
-7.133300
-8.133300
-9.133300
-9.133300
-8.133300
-4.133300
-1.133300
4.866700
4.866700
-3.133300
-9.133300
-7.133300
0.866670
-0.133330
-3.133300
-0.133330
1.866700
5.866700
4.866700
-8.133300
-8.133300
-11.133000
-12.133000
-0.133330
3.866700
1.866700
1.866700
1.866700
-4.133300
-5.133300
1.866700
-4.133300
-10.133000
-12.133000
-19.132999
-9.133300
10.867000
8.866700
-5.133300
-15.133000
-9.133300
3.866700
3.866700
-4.133300
-9.133300
-18.132999
-17.132999
-13.133000
-10.133000
-16.132999
-15.133000
-1.133300
4.866700
7.866700
8.866700
0.866670
-2.133300
-6.133300
-9.133300
-12.133000
-14.133000
-6.133300
2.866700
6.866700
8.866700
11.867000
13.867000
11.867000
8.866700
-2.133300
-6.133300
-7.133300
-2.133300
4.866700
2.866700
2.866700
2.866700
-0.133330
0.866670
-2.133300
-2.133300
-0.133330
1.866700
10.867000
8.866700
1.866700
4.866700
0.866670
0.866670
4.866700
11.867000
11.867000
-3.133300
-9.133300
-9.133300
-7.133300
-9.133300
-13.133000
-9.133300
-6.133300
-4.133300
-4.133300
-11.133000
-10.133000
-3.133300
-10.133000
-18.132999
-17.132999
-8.133300
2.866700
4.866700
-3.133300
-4.133300
-4.133300
-12.133000
-19.132999
-20.132999
-21.132999
-27.132999
-28.132999
-19.132999
-11.133000
-15.133000
-16.132999
-12.133000
-10.133000
-10.133000
-18.132999
-22.132999
-27.132999
-22.132999
-15.133000
-7.133300
-4.133300
-1.133300
2.866700
-5.133300
-17.132999
-12.133000
-5.133300
-1.133300
-12.133000
-16.132999
-11.133000
-4.133300
-0.133330
4.866700
-0.133330
3.866700
14.867000
19.867001
11.867000
5.866700
5.866700
13.867000
17.867001
9.866700
4.866700
11.867000
14.867000
7.866700
-3.133300
-11.133000
-13.133000
-15.133000
-12.133000
-5.133300
0.866670
-7.133300
-16.132999
-14.133000
-5.133300
-6.133300
-14.133000
-16.132999
-24.132999
-22.132999
-13.133000
-11.133000
-10.133000
-2.133300
-0.133330
-2.133300
3.866700
11.867000
5.866700
0.866670
-4.133300
-7.133300
-1.133300
6.866700
12.867000
19.867001
24.867001
28.867001
28.867001
28.867001
27.867001
25.867001
14.867000
4.866700
11.867000
20.867001
23.867001
29.867001
29.867001
25.867001
27.867001
24.867001
20.867001
15.867000
17.867001
21.867001
21.867001
15.867000
6.866700
3.866700
9.866700
14.867000
18.867001
10.867000
-4.133300
-8.133300
1.866700
10.867000
12.867000
8.866700
9.866700
15.867000
23.867001
26.867001
19.867001
11.867000
10.867000
8.866700
8.866700
10.867000
10.867000
11.867000
18.867001
24.867001
27.867001
24.867001
12.867000
7.866700
10.867000
10.867000
4.866700
1.866700
3.866700
6.866700
10.867000
16.867001
17.867001
19.867001
23.867001
27.867001
21.867001
9.866700
7.866700
10.867000
8.866700
0.866670
-8.133300
-7.133300
-0.133330
3.866700
4.866700
1.866700
1.866700
-3.133300
-3.133300
5.866700
11.867000
18.867001
20.867001
17.867001
11.867000
6.866700
7.866700
2.866700
-1.133300
-2.133300
-5.133300
-11.133000
-16.132999
-14.133000
-8.133300
-7.133300
-5.133300
1.866700
-1.133300
-9.133300
-17.132999
-19.132999
-11.133000
0.866670
8.866700
7.866700
2.866700
1.866700
-1.133300
-6.133300
-8.133300
-8.133300
-15.133000
-18.132999
-16.132999
-13.133000
-7.133300
2.866700
8.866700
6.866700
7.866700
9.866700
9.866700
13.867000
12.867000
11.867000
0.866670
-4.133300
-5.133300
-4.133300
4.866700
12.867000
17.867001
21.867001
23.867001
28.867001
31.867001
28.867001
21.867001
19.867001
11.867000
1.866700
-1.133300
-7.133300
-6.133300
-0.133330
4.866700
2.866700
4.866700
3.866700
6.866700
12.867000
12.867000
11.867000
8.866700
7.866700
11.867000
10.867000
6.866700
-0.133330
-3.133300
-0.133330
1.866700
3.866700
2.866700
1.866700
2.866700
2.866700
1.866700
1.866700
3.866700
2.866700
-7.133300
-16.132999
-18.132999
-17.132999
-11.133000
-6.133300
-0.133330
6.866700
8.866700
5.866700
5.866700
9.866700
15.867000
16.867001
2.866700
-3.133300
-1.133300
-1.133300
-0.133330
-3.133300
-14.133000
-20.132999
-16.132999
-9.133300
-10.133000
-11.133000
-9.133300
-1.133300
1.866700
1.866700
5.866700
13.867000
17.867001
14.867000
14.867000
18.867001
21.867001
11.867000
1.866700
-0.133330
-3.133300
-6.133300
-4.133300
-0.133330
1.866700
2.866700
6.866700
13.867000
10.867000
5.866700
-1.133300
-5.133300
-13.133000
-20.132999
-15.133000
-3.133300
0.866670
-6.133300
-9.133300
-6.133300
1.866700
-1.133300
-16.132999
-26.132999
-25.132999
-19.132999
-11.133000
-10.133000
-9.133300
-7.133300
-9.133300
-9.133300
-5.133300
-1.133300
-11.133000
-22.132999
-19.132999
-13.133000
-6.133300
-3.133300
-1.133300
2.866700
3.866700
7.866700
10.867000
8.866700
