7.147800
3.024100
-2.130600
-4.192400
-6.254300
-5.223400
-4.192400
-9.347100
-9.347100
-3.161500
-3.161500
0.962200
7.147800
11.271000
12.302000
3.024100
-4.192400
-2.130600
-3.161500
-0.068730
-0.068730
-1.099700
5.085900
5.085900
3.024100
-3.161500
-3.161500
-1.099700
-6.254300
-10.378000
-7.285200
-1.099700
-0.068730
5.085900
7.147800
3.024100
1.993100
0.962200
-0.068730
-0.068730
-1.099700
-6.254300
-11.409000
-7.285200
-1.099700
0.962200
0.962200
0.962200
-1.099700
-3.161500
3.024100
9.209600
5.085900
-0.068730
-1.099700
-4.192400
-8.316200
-10.378000
-7.285200
-2.130600
-1.099700
-4.192400
-1.099700
-3.161500
-4.192400
-6.254300
-10.378000
-12.440000
-12.440000
-10.378000
-9.347100
-8.316200
-6.254300
-0.068730
5.085900
1.993100
-0.068730
-1.099700
-2.130600
-1.099700
1.993100
3.024100
1.993100
-4.192400
-6.254300
-4.192400
-3.161500
-2.130600
-5.223400
-7.285200
-3.161500
4.055000
3.024100
7.147800
7.147800
-1.099700
1.993100
9.209600
10.241000
11.271000
10.241000
10.241000
10.241000
5.085900
4.055000
5.085900
13.333000
11.271000
1.993100
4.055000
5.085900
10.241000
10.241000
1.993100
-4.192400
-4.192400
-2.130600
-3.161500
-1.099700
4.055000
9.209600
18.488001
14.364000
4.055000
-1.099700
-1.099700
5.085900
4.055000
3.024100
6.116800
4.055000
-2.130600
-3.161500
-0.068730
-3.161500
-3.161500
0.962200
7.147800
17.457001
23.643000
26.735001
25.704000
17.457001
10.241000
7.147800
9.209600
11.271000
11.271000
16.426001
18.488001
16.426001
15.395000
17.457001
16.426001
13.333000
10.241000
8.178700
7.147800
10.241000
9.209600
5.085900
7.147800
13.333000
10.241000
4.055000
0.962200
0.962200
-3.161500
-1.099700
-1.099700
3.024100
8.178700
6.116800
4.055000
-0.068730
-1.099700
-8.316200
-3.161500
9.209600
6.116800
-1.099700
3.024100
3.024100
-2.130600
-3.161500
-1.099700
-2.130600
-1.099700
6.116800
11.271000
11.271000
16.426001
23.643000
27.766001
23.643000
13.333000
7.147800
6.116800
-3.161500
-10.378000
-11.409000
-7.285200
-5.223400
-6.254300
-0.068730
4.055000
-0.068730
-0.068730
4.055000
-0.068730
-6.254300
-3.161500
3.024100
5.085900
-0.068730
-7.285200
-12.440000
-15.533000
-13.471000
-18.625000
-27.903999
-21.718000
-9.347100
-5.223400
-3.161500
-1.099700
-1.099700
3.024100
8.178700
16.426001
9.209600
-1.099700
-4.192400
1.993100
5.085900
8.178700
15.395000
18.488001
14.364000
13.333000
16.426001
8.178700
-4.192400
-10.378000
-5.223400
-6.254300
-10.378000
-4.192400
3.024100
11.271000
21.580999
22.612000
20.549999
19.518999
16.426001
17.457001
15.395000
8.178700
3.024100
5.085900
11.271000
11.271000
4.055000
-3.161500
-6.254300
-8.316200
-7.285200
-6.254300
-7.285200
-11.409000
-10.378000
-8.316200
-7.285200
-6.254300
-6.254300
-11.409000
-21.718000
-33.057999
-26.872999
-21.718000
-16.563999
-9.347100
-4.192400
1.993100
4.055000
1.993100
-2.130600
-8.316200
-11.409000
-9.347100
-4.192400
-6.254300
-11.409000
-12.440000
-12.440000
-9.347100
-5.223400
-7.285200
-12.440000
-20.687000
-28.934999
-32.027000
-27.903999
-23.780001
-19.656000
-16.563999
-15.533000
-9.347100
-6.254300
-8.316200
-12.440000
-18.625000
-20.687000
-15.533000
-7.285200
-3.161500
-2.130600
-3.161500
-4.192400
4.055000
0.962200
-0.068730
-5.223400
-13.471000
-12.440000
-1.099700
-0.068730
-1.099700
-4.192400
-3.161500
1.993100
0.962200
-2.130600
-7.285200
-19.656000
-28.934999
-20.687000
-12.440000
-8.316200
-12.440000
-10.378000
1.993100
14.364000
14.364000
7.147800
-3.161500
-5.223400
0.962200
9.209600
6.116800
5.085900
3.024100
4.055000
11.271000
14.364000
10.241000
3.024100
-4.192400
-6.254300
-3.161500
7.147800
7.147800
4.055000
7.147800
8.178700
11.271000
13.333000
15.395000
12.302000
-3.161500
-8.316200
-8.316200
-9.347100
-3.161500
3.024100
-1.099700
0.962200
4.055000
-5.223400
-10.378000
-8.316200
-9.347100
-9.347100
-9.347100
-11.409000
-7.285200
-4.192400
-3.161500
0.962200
8.178700
3.024100
-5.223400
-10.378000
-7.285200
-3.161500
-1.099700
-0.068730
-6.254300
-4.192400
7.147800
12.302000
6.116800
4.055000
4.055000
0.962200
-5.223400
-4.192400
4.055000
14.364000
15.395000
15.395000
16.426001
16.426001
7.147800
-4.192400
-2.130600
8.178700
12.302000
9.209600
8.178700
4.055000
7.147800
8.178700
6.116800
4.055000
7.147800
7.147800
6.116800
10.241000
13.333000
13.333000
12.302000
13.333000
14.364000
17.457001
13.333000
7.147800
-1.099700
-10.378000
-5.223400
-3.161500
-4.192400
-3.161500
-1.099700
4.055000
9.209600
15.395000
16.426001
18.488001
10.241000
8.178700
8.178700
9.209600
10.241000
11.271000
13.333000
14.364000
12.302000
5.085900
-3.161500
-9.347100
-15.533000
-11.409000
-9.347100
-8.316200
-0.068730
3.024100
1.993100
3.024100
5.085900
9.209600
5.085900
5.085900
3.024100
-3.161500
-1.099700
7.147800
9.209600
9.209600
3.024100
-2.130600
-4.192400
-7.285200
-8.316200
-11.409000
-15.533000
-11.409000
-3.161500
-4.192400
-4.192400
-3.161500
-3.161500
-0.068730
-5.223400
-10.378000
-6.254300
-8.316200
-13.471000
-14.502000
-17.594999
-16.563999
-14.502000
-11.409000
-9.347100
-10.378000
-10.378000
-9.347100
-10.378000
-9.347100
-4.192400
0.962200
-0.068730
1.993100
-6.254300
-8.316200
-1.099700
-2.130600
-0.068730
0.962200
0.962200
1.993100
3.024100
4.055000
-5.223400
-9.347100
-9.347100
-3.161500
4.055000
8.178700
13.333000
8.178700
3.024100
10.241000
7.147800
0.962200
-0.068730
-7.285200
-6.254300
3.024100
0.962200
13.333000
14.364000
13.333000
23.643000
16.426001
6.116800
-4.192400
-5.223400
-3.161500
-2.130600
0.962200
-2.130600
-4.192400
-1.099700
-4.192400
-2.130600
-2.130600
-2.130600
-2.130600
-12.440000
-10.378000
-13.471000
-15.533000
-7.285200
-3.161500
0.962200
4.055000
3.024100
7.147800
-3.161500
-11.409000
-15.533000
-16.563999
-14.502000
-13.471000
-14.502000
-16.563999
-16.563999
-13.471000
-14.502000
-13.471000
-11.409000
-11.409000
-11.409000
-7.285200
1.993100
0.962200
-2.130600
0.962200
1.993100
3.024100
0.962200
-6.254300
-4.192400
-8.316200
-11.409000
0.962200
6.116800
7.147800
7.147800
3.024100
-5.223400
-3.161500
5.085900
0.962200
-5.223400
-2.130600
-2.130600
5.085900
17.457001
11.271000
-1.099700
-5.223400
3.024100
13.333000
7.147800
-2.130600
-1.099700
-7.285200
-11.409000
-12.440000
-8.316200
-10.378000
-13.471000
-0.068730
8.178700
13.333000
11.271000
3.024100
1.993100
-1.099700
-6.254300
-9.347100
-6.254300
1.993100
6.116800
5.085900
7.147800
9.209600
5.085900
-5.223400
-6.254300
-11.409000
-13.471000
-12.440000
-9.347100
-6.254300
-6.254300
-4.192400
0.962200
1.993100
1.993100
-3.161500
-3.161500
-2.130600
-0.068730
7.147800
4.055000
-2.130600
-0.068730
-3.161500
-0.068730
4.055000
5.085900
0.962200
-6.254300
-2.130600
0.962200
-0.068730
-1.099700
-1.099700
1.993100
0.962200
-0.068730
4.055000
0.962200
-1.099700
5.085900
5.085900
1.993100
-0.068730
1.993100
13.333000
11.271000
-1.099700
-2.130600
0.962200
-3.161500
-6.254300
-6.254300
-8.316200
-9.347100
-6.254300
-1.099700
-4.192400
-10.378000
-10.378000
-6.254300
-7.285200
-9.347100
-13.471000
-8.316200
-8.316200
-7.285200
-2.130600
6.116800
7.147800
5.085900
6.116800
3.024100
-0.068730
7.147800
8.178700
6.116800
-1.099700
-2.130600
-3.161500
-5.223400
-5.223400
-1.099700
-4.192400
3.024100
15.395000
17.457001
11.271000
9.209600
11.271000
16.426001
15.395000
6.116800
1.993100
9.209600
13.333000
10.241000
0.962200
-5.223400
-3.161500
-4.192400
-7.285200
-3.161500
-0.068730
-6.254300
-11.409000
-6.254300
-0.068730
-3.161500
-5.223400
-2.130600
-11.409000
-12.440000
-3.161500
-1.099700
-3.161500
3.024100
1.993100
-3.161500
-1.099700
6.116800
4.055000
5.085900
3.024100
-4.192400
-1.099700
3.024100
5.085900
10.241000
13.333000
16.426001
15.395000
17.457001
19.518999
18.488001
11.271000
1.993100
9.209600
15.395000
12.302000
16.426001
17.457001
16.426001
17.457001
19.518999
19.518999
14.364000
15.395000
17.457001
16.426001
11.271000
9.209600
9.209600
11.271000
11.271000
15.395000
12.302000
3.024100
6.116800
15.395000
16.426001
14.364000
9.209600
7.147800
9.209600
11.271000
15.395000
11.271000
3.024100
3.024100
6.116800
8.178700
8.178700
3.024100
4.055000
10.241000
14.364000
13.333000
10.241000
1.993100
-1.099700
4.055000
4.055000
-0.068730
-4.192400
-5.223400
-5.223400
-2.130600
8.178700
11.271000
12.302000
10.241000
10.241000
6.116800
-0.068730
1.993100
1.993100
-0.068730
-3.161500
-8.316200
-10.378000
-5.223400
-4.192400
-5.223400
-7.285200
-6.254300
-7.285200
-5.223400
1.993100
7.147800
14.364000
16.426001
15.395000
11.271000
7.147800
11.271000
7.147800
1.993100
1.993100
-2.130600
-5.223400
-6.254300
-4.192400
-0.068730
3.024100
3.024100
10.241000
6.116800
-1.099700
-10.378000
-16.563999
-11.409000
-1.099700
8.178700
6.116800
4.055000
3.024100
-0.068730
-0.068730
1.993100
-2.130600
-8.316200
-12.440000
-14.502000
-12.440000
-9.347100
-4.192400
-1.099700
-1.099700
4.055000
5.085900
-0.068730
3.024100
7.147800
6.116800
-4.192400
-8.316200
-6.254300
-3.161500
3.024100
9.209600
14.364000
18.488001
17.457001
15.395000
16.426001
17.457001
17.457001
15.395000
10.241000
5.085900
4.055000
1.993100
1.993100
5.085900
10.241000
7.147800
8.178700
6.116800
7.147800
13.333000
11.271000
9.209600
9.209600
10.241000
14.364000
16.426001
14.364000
9.209600
5.085900
9.209600
13.333000
14.364000
12.302000
9.209600
7.147800
5.085900
7.147800
14.364000
15.395000
9.209600
-3.161500
-11.409000
-15.533000
-17.594999
-9.347100
-1.099700
3.024100
6.116800
11.271000
10.241000
13.333000
16.426001
20.549999
20.549999
8.178700
1.993100
0.962200
0.962200
4.055000
0.962200
-9.347100
-15.533000
-10.378000
-5.223400
-7.285200
-8.316200
-5.223400
1.993100
3.024100
4.055000
4.055000
7.147800
11.271000
14.364000
18.488001
17.457001
18.488001
12.302000
6.116800
6.116800
0.962200
-8.316200
-10.378000
-3.161500
5.085900
11.271000
13.333000
16.426001
12.302000
7.147800
0.962200
-5.223400
-8.316200
-11.409000
-7.285200
-0.068730
-2.130600
-7.285200
-4.192400
-4.192400
-1.099700
-0.068730
-6.254300
-9.347100
-6.254300
-8.316200
-7.285200
-5.223400
-4.192400
-7.285200
-12.440000
-6.254300
-0.068730
0.962200
-12.440000
-20.687000
-14.502000
-10.378000
-7.285200
-5.223400
-3.161500
1.993100
1.993100
1.993100
1.993100
6.116800
