6.827700
5.861500
10.692000
21.320000
21.320000
14.557000
11.659000
7.793900
7.793900
11.659000
8.760100
4.895300
5.861500
10.692000
13.591000
10.692000
11.659000
20.354000
18.422001
14.557000
6.827700
2.963000
5.861500
2.963000
-1.868000
-9.597400
-6.698900
3.929100
11.659000
8.760100
7.793900
11.659000
13.591000
21.320000
19.388000
5.861500
-0.901770
0.064410
1.996800
-0.901770
-7.665100
-11.530000
-11.530000
-7.665100
-1.868000
1.996800
1.996800
2.963000
6.827700
-2.834100
-9.597400
-0.901770
2.963000
3.929100
7.793900
4.895300
1.030600
2.963000
7.793900
8.760100
3.929100
0.064410
7.793900
7.793900
2.963000
-1.868000
-2.834100
-0.901770
-6.698900
-11.530000
-9.597400
-11.530000
-13.462000
-6.698900
-5.732700
-4.766500
-3.800300
-7.665100
-6.698900
-5.732700
-7.665100
-4.766500
2.963000
1.030600
-2.834100
1.030600
2.963000
5.861500
6.827700
11.659000
8.760100
1.030600
-5.732700
-0.901770
2.963000
-8.631200
-13.462000
-9.597400
-7.665100
-3.800300
0.064410
3.929100
2.963000
1.030600
6.827700
6.827700
8.760100
12.625000
5.861500
4.895300
1.996800
1.996800
0.064410
-0.901770
-3.800300
-4.766500
-4.766500
-3.800300
1.996800
2.963000
0.064410
6.827700
8.760100
9.726200
10.692000
5.861500
5.861500
3.929100
0.064410
-3.800300
-1.868000
-0.901770
-0.901770
6.827700
10.692000
7.793900
1.996800
-3.800300
0.064410
6.827700
14.557000
15.523000
12.625000
6.827700
5.861500
2.963000
-0.901770
-3.800300
-0.901770
3.929100
4.895300
-2.834100
-6.698900
-6.698900
-8.631200
-12.496000
-3.800300
1.996800
-1.868000
-8.631200
-10.564000
-6.698900
-5.732700
-4.766500
1.996800
-0.901770
-4.766500
-11.530000
-14.428000
-16.361000
-12.496000
-8.631200
-3.800300
0.064410
0.064410
3.929100
3.929100
8.760100
9.726200
1.996800
-7.665100
-10.564000
-9.597400
-7.665100
-4.766500
-7.665100
-4.766500
1.996800
1.996800
2.963000
-0.901770
-4.766500
-5.732700
0.064410
0.064410
-10.564000
-20.225000
-23.124001
-26.023001
-22.158001
-11.530000
-4.766500
-10.564000
-17.327000
-12.496000
-8.631200
-10.564000
-10.564000
-9.597400
-11.530000
-9.597400
-10.564000
-17.327000
-19.259001
-20.225000
-19.259001
-8.631200
-14.428000
-24.090000
-21.191999
-18.292999
-12.496000
-5.732700
-11.530000
-19.259001
-24.090000
-28.921000
-27.955000
-29.886999
-22.158001
-21.191999
-18.292999
-11.530000
-7.665100
-5.732700
1.996800
5.861500
1.030600
-2.834100
-6.698900
-8.631200
-7.665100
-6.698900
-1.868000
1.030600
4.895300
8.760100
3.929100
-6.698900
-7.665100
-5.732700
-5.732700
-3.800300
-4.766500
-2.834100
2.963000
8.760100
10.692000
12.625000
8.760100
-2.834100
-17.327000
-18.292999
-18.292999
-17.327000
-16.361000
-6.698900
0.064410
1.030600
1.030600
-0.901770
-2.834100
-1.868000
3.929100
6.827700
3.929100
-7.665100
-13.462000
-6.698900
-3.800300
-0.901770
1.030600
5.861500
7.793900
0.064410
-7.665100
3.929100
8.760100
-2.834100
-16.361000
-9.597400
-0.901770
4.895300
1.030600
-9.597400
-14.428000
-15.395000
-14.428000
-3.800300
10.692000
7.793900
-3.800300
-11.530000
-6.698900
1.996800
10.692000
8.760100
6.827700
2.963000
-2.834100
-8.631200
-8.631200
-0.901770
2.963000
1.030600
5.861500
4.895300
-3.800300
-7.665100
0.064410
4.895300
9.726200
6.827700
3.929100
4.895300
11.659000
13.591000
11.659000
8.760100
0.064410
-5.732700
-4.766500
1.030600
6.827700
3.929100
-3.800300
1.030600
9.726200
4.895300
0.064410
5.861500
8.760100
6.827700
0.064410
4.895300
1.996800
-6.698900
-11.530000
-6.698900
2.963000
16.490000
10.692000
1.030600
2.963000
1.030600
-3.800300
-5.732700
-5.732700
-2.834100
-4.766500
-5.732700
-0.901770
6.827700
10.692000
10.692000
12.625000
12.625000
15.523000
15.523000
9.726200
5.861500
6.827700
6.827700
12.625000
17.455999
6.827700
6.827700
4.895300
-8.631200
-3.800300
2.963000
1.030600
-0.901770
4.895300
9.726200
8.760100
6.827700
1.996800
1.030600
5.861500
0.064410
-10.564000
-12.496000
-7.665100
1.996800
10.692000
13.591000
4.895300
-2.834100
-8.631200
-5.732700
-2.834100
-4.766500
-4.766500
-1.868000
0.064410
5.861500
4.895300
9.726200
4.895300
0.064410
3.929100
15.523000
15.523000
6.827700
3.929100
10.692000
20.354000
22.287001
22.287001
15.523000
14.557000
10.692000
1.996800
-2.834100
5.861500
2.963000
-3.800300
-0.901770
9.726200
16.490000
14.557000
7.793900
4.895300
4.895300
10.692000
16.490000
15.523000
9.726200
1.030600
-4.766500
0.064410
10.692000
12.625000
3.929100
-3.800300
-4.766500
0.064410
10.692000
6.827700
5.861500
1.996800
1.030600
1.030600
0.064410
0.064410
2.963000
0.064410
-5.732700
-8.631200
-5.732700
-5.732700
-3.800300
-7.665100
-4.766500
4.895300
10.692000
5.861500
-0.901770
-3.800300
-2.834100
1.996800
5.861500
1.996800
-1.868000
-7.665100
-3.800300
1.030600
1.996800
2.963000
5.861500
5.861500
-0.901770
1.030600
2.963000
2.963000
1.030600
2.963000
0.064410
-4.766500
-8.631200
-6.698900
0.064410
1.996800
-0.901770
5.861500
8.760100
1.030600
3.929100
5.861500
8.760100
6.827700
6.827700
8.760100
6.827700
11.659000
10.692000
2.963000
-3.800300
-7.665100
-0.901770
8.760100
17.455999
8.760100
1.996800
6.827700
-2.834100
-3.800300
0.064410
-1.868000
-6.698900
-4.766500
2.963000
10.692000
15.523000
9.726200
9.726200
12.625000
13.591000
13.591000
-2.834100
-15.395000
-1.868000
1.996800
7.793900
19.388000
14.557000
14.557000
20.354000
10.692000
10.692000
4.895300
2.963000
10.692000
6.827700
-0.901770
-1.868000
6.827700
13.591000
15.523000
30.016001
25.184999
9.726200
6.827700
5.861500
4.895300
-0.901770
-1.868000
3.929100
2.963000
15.523000
14.557000
5.861500
4.895300
-1.868000
-3.800300
-2.834100
-4.766500
-4.766500
-6.698900
-4.766500
-3.800300
4.895300
11.659000
4.895300
-1.868000
-4.766500
-0.901770
1.030600
5.861500
5.861500
0.064410
-5.732700
-7.665100
-3.800300
3.929100
1.996800
1.996800
5.861500
-0.901770
-5.732700
-1.868000
-1.868000
6.827700
6.827700
1.996800
-3.800300
-16.361000
-14.428000
-8.631200
-5.732700
-6.698900
-4.766500
-3.800300
-18.292999
-20.225000
-11.530000
-14.428000
-6.698900
12.625000
4.895300
-12.496000
-22.158001
-24.090000
-26.023001
-29.886999
-24.090000
-10.564000
-9.597400
-7.665100
-0.901770
9.726200
2.963000
-3.800300
1.030600
-5.732700
-22.158001
-27.955000
-21.191999
-9.597400
-6.698900
-2.834100
1.030600
-0.901770
3.929100
12.625000
17.455999
12.625000
-0.901770
-0.901770
4.895300
-0.901770
-8.631200
-9.597400
-15.395000
-9.597400
0.064410
-0.901770
-6.698900
-14.428000
-14.428000
-9.597400
-5.732700
-6.698900
-16.361000
-19.259001
-6.698900
-6.698900
-9.597400
-7.665100
-12.496000
-15.395000
-13.462000
-4.766500
-1.868000
-11.530000
-13.462000
-14.428000
-14.428000
-14.428000
-16.361000
-17.327000
-18.292999
-20.225000
-16.361000
-18.292999
-14.428000
-9.597400
-20.225000
-25.056000
-16.361000
-6.698900
-2.834100
-5.732700
-11.530000
-11.530000
-6.698900
-8.631200
-13.462000
-14.428000
-14.428000
-10.564000
-7.665100
-10.564000
-11.530000
-13.462000
-17.327000
-15.395000
-13.462000
-9.597400
-13.462000
-17.327000
-25.056000
-17.327000
-6.698900
-0.901770
-1.868000
-7.665100
-6.698900
-7.665100
-4.766500
-6.698900
-7.665100
0.064410
1.030600
6.827700
10.692000
5.861500
1.030600
8.760100
5.861500
3.929100
6.827700
4.895300
2.963000
1.996800
1.030600
4.895300
4.895300
2.963000
1.996800
6.827700
1.030600
-6.698900
-13.462000
-13.462000
-7.665100
-8.631200
-9.597400
-9.597400
-3.800300
-2.834100
-13.462000
-6.698900
9.726200
5.861500
0.064410
2.963000
-2.834100
-7.665100
-7.665100
-1.868000
7.793900
16.490000
15.523000
7.793900
6.827700
3.929100
-8.631200
-12.496000
-13.462000
-13.462000
-4.766500
7.793900
12.625000
15.523000
15.523000
12.625000
17.455999
18.422001
10.692000
4.895300
1.996800
5.861500
14.557000
25.184999
30.982000
40.644001
39.678001
26.150999
22.287001
21.320000
20.354000
17.455999
19.388000
23.253000
27.118000
20.354000
12.625000
10.692000
8.760100
4.895300
10.692000
15.523000
20.354000
17.455999
19.388000
21.320000
12.625000
11.659000
15.523000
12.625000
9.726200
6.827700
5.861500
1.996800
7.793900
16.490000
16.490000
11.659000
7.793900
6.827700
8.760100
8.760100
15.523000
19.388000
9.726200
3.929100
6.827700
10.692000
11.659000
6.827700
3.929100
6.827700
10.692000
18.422001
17.455999
17.455999
17.455999
19.388000
16.490000
9.726200
12.625000
12.625000
11.659000
10.692000
2.963000
-6.698900
-8.631200
-2.834100
6.827700
11.659000
13.591000
7.793900
7.793900
11.659000
2.963000
1.030600
2.963000
6.827700
6.827700
0.064410
-4.766500
-8.631200
-2.834100
-1.868000
-2.834100
-9.597400
-12.496000
-7.665100
-2.834100
5.861500
16.490000
24.219000
13.591000
0.064410
-5.732700
-9.597400
-5.732700
4.895300
8.760100
4.895300
-3.800300
-2.834100
-5.732700
-7.665100
-2.834100
1.030600
-2.834100
1.030600
5.861500
3.929100
3.929100
9.726200
9.726200
7.793900
11.659000
14.557000
13.591000
17.455999
14.557000
25.184999
18.422001
8.760100
0.064410
-5.732700
-0.901770
0.064410
1.996800
10.692000
12.625000
15.523000
21.320000
26.150999
22.287001
27.118000
27.118000
16.490000
12.625000
4.895300
-0.901770
0.064410
1.030600
-3.800300
2.963000
7.793900
15.523000
25.184999
24.219000
14.557000
8.760100
8.760100
13.591000
13.591000
7.793900
1.996800
1.030600
5.861500
12.625000
20.354000
18.422001
11.659000
5.861500
6.827700
8.760100
12.625000
10.692000
2.963000
-7.665100
-13.462000
-8.631200
-4.766500
-4.766500
-11.530000
-4.766500
4.895300
0.064410
-7.665100
-5.732700
5.861500
19.388000
27.118000
16.490000
10.692000
5.861500
-5.732700
-11.530000
-12.496000
-15.395000
-17.327000
-8.631200
1.996800
0.064410
-2.834100
1.030600
8.760100
6.827700
7.793900
11.659000
24.219000
27.118000
18.422001
14.557000
14.557000
16.490000
5.861500
-2.834100
8.760100
18.422001
6.827700
-0.901770
0.064410
-5.732700
-9.597400
-13.462000
-6.698900
-8.631200
-10.564000
-15.395000
-7.665100
1.996800
3.929100
-2.834100
-10.564000
-19.259001
-27.955000
-28.921000
-26.023001
-21.191999
-18.292999
-20.225000
-17.327000
-15.395000
-16.361000
-15.395000
-15.395000
-17.327000
-23.124001
-24.090000
-20.225000
-22.158001
-15.395000
-15.395000
-24.090000
-17.327000
-16.361000
-19.259001
-21.191999
-21.191999
-14.428000
-10.564000
-15.395000
-14.428000
-13.462000
