8.932700
8.932700
8.932700
14.844000
11.888000
4.991800
4.991800
4.006600
6.962200
11.888000
9.917900
4.991800
4.991800
8.932700
12.874000
11.888000
16.813999
28.636999
19.770000
14.844000
9.917900
-2.890000
-0.919540
2.036100
0.065680
-8.801300
-7.816100
2.036100
10.903000
3.021300
-0.919540
6.962200
12.874000
28.636999
22.726000
3.021300
-5.845600
-3.875200
4.991800
4.991800
-5.845600
-8.801300
-13.727000
-10.772000
-2.890000
1.050900
4.006600
6.962200
6.962200
-3.875200
-15.698000
-8.801300
-4.860400
1.050900
11.888000
1.050900
-4.860400
-0.919540
3.021300
4.991800
2.036100
-1.904800
7.947500
8.932700
2.036100
-3.875200
-4.860400
-0.919540
-3.875200
-8.801300
-5.845600
-5.845600
-8.801300
-4.860400
-5.845600
-3.875200
4.991800
2.036100
-2.890000
-8.801300
-11.757000
-10.772000
0.065680
0.065680
-7.816100
-3.875200
2.036100
3.021300
5.977000
10.903000
10.903000
4.991800
-4.860400
0.065680
2.036100
-12.742000
-14.713000
-9.786500
-3.875200
-0.919540
-1.904800
2.036100
6.962200
3.021300
7.947500
14.844000
12.874000
13.859000
6.962200
3.021300
4.991800
7.947500
1.050900
-1.904800
-2.890000
-1.904800
-2.890000
-0.919540
7.947500
6.962200
-0.919540
6.962200
12.874000
16.813999
14.844000
7.947500
6.962200
5.977000
7.947500
3.021300
2.036100
1.050900
-0.919540
5.977000
16.813999
14.844000
5.977000
-2.890000
-1.904800
4.006600
12.874000
20.754999
17.799999
4.991800
3.021300
3.021300
-1.904800
-3.875200
-5.845600
0.065680
4.991800
-6.830900
-3.875200
-1.904800
-5.845600
-10.772000
-3.875200
2.036100
-11.757000
-19.639000
-12.742000
-3.875200
-0.919540
-1.904800
4.991800
2.036100
-4.860400
-12.742000
-16.683001
-22.594000
-17.667999
-12.742000
-3.875200
4.991800
3.021300
1.050900
4.006600
17.799999
13.859000
1.050900
-14.713000
-11.757000
-6.830900
-2.890000
4.006600
-4.860400
-2.890000
2.036100
-1.904800
3.021300
-0.919540
-9.786500
-13.727000
-4.860400
-0.919540
-9.786500
-18.653999
-20.624001
-19.639000
-13.727000
-3.875200
-4.860400
-18.653999
-23.580000
-13.727000
-8.801300
-6.830900
-3.875200
-6.830900
-9.786500
-13.727000
-10.772000
-19.639000
-25.549999
-26.535000
-21.608999
-8.801300
-13.727000
-24.565001
-17.667999
-17.667999
-15.698000
-5.845600
-11.757000
-22.594000
-26.535000
-28.506001
-27.521000
-26.535000
-16.683001
-22.594000
-27.521000
-15.698000
-6.830900
-5.845600
-4.860400
0.065680
-4.860400
-6.830900
-6.830900
-5.845600
-2.890000
-0.919540
-1.904800
1.050900
6.962200
9.917900
5.977000
-4.860400
-14.713000
-15.698000
-8.801300
-0.919540
0.065680
1.050900
5.977000
12.874000
10.903000
13.859000
8.932700
1.050900
-12.742000
-13.727000
-10.772000
-5.845600
-11.757000
-7.816100
-2.890000
1.050900
0.065680
-2.890000
-1.904800
1.050900
0.065680
0.065680
1.050900
-5.845600
-4.860400
0.065680
-0.919540
-4.860400
-6.830900
1.050900
7.947500
4.991800
-5.845600
4.991800
9.917900
1.050900
-12.742000
-11.757000
-1.904800
5.977000
5.977000
-4.860400
-14.713000
-15.698000
-14.713000
-7.816100
4.991800
8.932700
1.050900
-0.919540
2.036100
3.021300
6.962200
4.006600
3.021300
3.021300
1.050900
-7.816100
-9.786500
-5.845600
0.065680
0.065680
8.932700
9.917900
0.065680
-5.845600
3.021300
6.962200
12.874000
1.050900
-1.904800
6.962200
20.754999
22.726000
16.813999
9.917900
-4.860400
-11.757000
-0.919540
6.962200
11.888000
8.932700
-0.919540
4.006600
14.844000
7.947500
2.036100
10.903000
10.903000
1.050900
-4.860400
3.021300
9.917900
0.065680
-8.801300
-1.904800
3.021300
9.917900
4.006600
0.065680
7.947500
1.050900
-6.830900
-11.757000
-6.830900
-0.919540
-7.816100
-3.875200
8.932700
11.888000
11.888000
8.932700
8.932700
11.888000
14.844000
12.874000
7.947500
4.006600
5.977000
7.947500
15.829000
24.695999
7.947500
9.917900
2.036100
-17.667999
-8.801300
1.050900
-1.904800
-0.919540
4.006600
9.917900
9.917900
7.947500
0.065680
-1.904800
3.021300
-4.860400
-10.772000
-5.845600
-4.860400
4.991800
10.903000
10.903000
3.021300
-2.890000
-7.816100
-0.919540
-2.890000
-8.801300
-7.816100
2.036100
3.021300
5.977000
7.947500
13.859000
4.991800
-4.860400
-3.875200
8.932700
10.903000
9.917900
2.036100
8.932700
20.754999
17.799999
14.844000
8.932700
9.917900
5.977000
-0.919540
-5.845600
2.036100
4.991800
3.021300
6.962200
8.932700
16.813999
13.859000
5.977000
10.903000
5.977000
3.021300
6.962200
10.903000
9.917900
6.962200
4.991800
5.977000
11.888000
11.888000
2.036100
-1.904800
0.065680
1.050900
7.947500
7.947500
6.962200
-2.890000
-0.919540
5.977000
3.021300
-2.890000
0.065680
-1.904800
-5.845600
-7.816100
-5.845600
-3.875200
1.050900
0.065680
6.962200
7.947500
4.991800
1.050900
-4.860400
-5.845600
-3.875200
3.021300
4.006600
-1.904800
4.006600
1.050900
0.065680
4.006600
-0.919540
-0.919540
4.991800
2.036100
-4.860400
2.036100
9.917900
10.903000
9.917900
8.932700
-0.919540
-5.845600
-6.830900
-1.904800
4.006600
3.021300
-2.890000
4.006600
8.932700
4.006600
4.006600
6.962200
7.947500
4.006600
1.050900
4.006600
1.050900
5.977000
11.888000
8.932700
3.021300
-2.890000
4.006600
12.874000
22.726000
5.977000
-6.830900
-2.890000
-1.904800
4.991800
9.917900
2.036100
-5.845600
-3.875200
2.036100
9.917900
12.874000
6.962200
7.947500
10.903000
13.859000
18.785000
-3.875200
-22.594000
-3.875200
1.050900
4.991800
21.740999
12.874000
9.917900
14.844000
10.903000
13.859000
0.065680
-7.816100
4.991800
4.991800
1.050900
-2.890000
6.962200
14.844000
15.829000
29.622000
28.636999
12.874000
4.991800
3.021300
3.021300
4.006600
0.065680
6.962200
7.947500
19.770000
17.799999
7.947500
5.977000
2.036100
1.050900
-2.890000
-5.845600
-3.875200
-6.830900
-13.727000
-15.698000
-2.890000
7.947500
2.036100
-2.890000
-3.875200
0.065680
3.021300
4.991800
8.932700
1.050900
-11.757000
-9.786500
-3.875200
5.977000
8.932700
6.962200
6.962200
-0.919540
-2.890000
2.036100
-3.875200
0.065680
1.050900
5.977000
1.050900
-14.713000
-10.772000
0.065680
3.021300
0.065680
2.036100
0.065680
-20.624001
-27.521000
-20.624001
-21.608999
-11.757000
11.888000
6.962200
-9.786500
-17.667999
-18.653999
-27.521000
-35.402000
-27.521000
-12.742000
-11.757000
-12.742000
-1.904800
17.799999
5.977000
-6.830900
3.021300
-1.904800
-21.608999
-29.490999
-25.549999
-13.727000
-6.830900
-2.890000
1.050900
1.050900
11.888000
19.770000
18.785000
15.829000
2.036100
-0.919540
2.036100
-3.875200
-16.683001
-19.639000
-12.742000
1.050900
13.859000
7.947500
-6.830900
-13.727000
-18.653999
-17.667999
-14.713000
-13.727000
-14.713000
-9.786500
2.036100
2.036100
-0.919540
0.065680
-10.772000
-17.667999
-18.653999
-6.830900
-3.875200
-13.727000
-14.713000
-12.742000
-5.845600
-0.919540
-4.860400
-5.845600
-15.698000
-21.608999
-16.683001
-22.594000
-20.624001
-9.786500
-11.757000
-18.653999
-11.757000
-6.830900
-5.845600
-8.801300
-18.653999
-19.639000
-10.772000
-15.698000
-20.624001
-15.698000
-6.830900
-1.904800
-4.860400
-11.757000
-11.757000
-17.667999
-24.565001
-22.594000
-22.594000
-14.713000
-14.713000
-14.713000
-19.639000
-9.786500
-4.860400
-6.830900
-9.786500
-10.772000
-6.830900
-2.890000
-8.801300
-7.816100
-4.860400
1.050900
0.065680
5.977000
9.917900
3.021300
-2.890000
5.977000
-0.919540
-2.890000
1.050900
-1.904800
4.006600
7.947500
4.991800
4.991800
4.006600
-0.919540
-3.875200
4.006600
-3.875200
-17.667999
-20.624001
-17.667999
-9.786500
-5.845600
-2.890000
1.050900
5.977000
0.065680
-18.653999
-15.698000
-3.875200
-9.786500
-9.786500
-4.860400
-1.904800
-4.860400
-8.801300
-0.919540
15.829000
25.681000
19.770000
11.888000
8.932700
1.050900
-14.713000
-19.639000
-15.698000
-12.742000
-4.860400
1.050900
3.021300
13.859000
14.844000
15.829000
17.799999
7.947500
-0.919540
-5.845600
-4.860400
13.859000
32.577999
38.488998
38.488998
47.355999
36.519001
16.813999
10.903000
12.874000
15.829000
15.829000
20.754999
19.770000
21.740999
20.754999
12.874000
13.859000
11.888000
2.036100
2.036100
9.917900
20.754999
18.785000
24.695999
26.667000
8.932700
5.977000
12.874000
12.874000
10.903000
6.962200
5.977000
5.977000
10.903000
19.770000
25.681000
19.770000
9.917900
3.021300
2.036100
4.991800
16.813999
18.785000
8.932700
8.932700
12.874000
16.813999
13.859000
9.917900
4.991800
9.917900
8.932700
12.874000
17.799999
15.829000
14.844000
22.726000
22.726000
17.799999
22.726000
18.785000
8.932700
4.991800
0.065680
-9.786500
-11.757000
-6.830900
5.977000
12.874000
14.844000
8.932700
6.962200
13.859000
9.917900
9.917900
3.021300
4.006600
7.947500
4.991800
-2.890000
-9.786500
-1.904800
0.065680
0.065680
-10.772000
-15.698000
-4.860400
-1.904800
4.006600
14.844000
16.813999
6.962200
1.050900
-6.830900
-8.801300
-6.830900
3.021300
4.991800
0.065680
-11.757000
-6.830900
-4.860400
-5.845600
1.050900
6.962200
-3.875200
-2.890000
-3.875200
3.021300
4.006600
8.932700
13.859000
14.844000
12.874000
11.888000
7.947500
12.874000
12.874000
25.681000
15.829000
6.962200
-3.875200
-10.772000
-8.801300
-1.904800
3.021300
7.947500
10.903000
15.829000
24.695999
29.622000
16.813999
19.770000
24.695999
19.770000
14.844000
6.962200
3.021300
4.991800
3.021300
-6.830900
-5.845600
-3.875200
9.917900
25.681000
24.695999
16.813999
5.977000
5.977000
16.813999
17.799999
8.932700
1.050900
1.050900
7.947500
10.903000
16.813999
16.813999
9.917900
6.962200
10.903000
10.903000
14.844000
14.844000
3.021300
-9.786500
-11.757000
-9.786500
-2.890000
-2.890000
-11.757000
-4.860400
8.932700
8.932700
-3.875200
-7.816100
-1.904800
8.932700
21.740999
17.799999
16.813999
9.917900
-9.786500
-17.667999
-8.801300
-10.772000
-16.683001
-10.772000
1.050900
2.036100
3.021300
4.991800
6.962200
6.962200
6.962200
11.888000
27.652000
28.636999
20.754999
13.859000
8.932700
12.874000
3.021300
-4.860400
9.917900
16.813999
2.036100
-7.816100
-6.830900
-8.801300
-4.860400
-15.698000
-10.772000
-8.801300
-2.890000
-5.845600
-3.875200
3.021300
4.006600
2.036100
-2.890000
-10.772000
-26.535000
-32.446999
-22.594000
-20.624001
-22.594000
-24.565001
-16.683001
-16.683001
-18.653999
-12.742000
-9.786500
-11.757000
-20.624001
-22.594000
-17.667999
-22.594000
-18.653999
-11.757000
-21.608999
-16.683001
-12.742000
-10.772000
-13.727000
-20.624001
-15.698000
-11.757000
-16.683001
-11.757000
-12.742000
