10.933000
11.933000
-13.067000
2.933300
21.933001
12.933000
10.933000
5.933300
3.933300
9.933300
-6.066700
-14.067000
16.933001
24.933001
4.933300
8.933300
6.933300
23.933001
18.933001
-32.067001
-13.067000
20.933001
17.933001
2.933300
2.933300
-3.066700
-0.066670
-30.066999
-15.067000
5.933300
18.933001
23.933001
16.933001
4.933300
-20.066999
-1.066700
7.933300
1.933300
-12.067000
-5.066700
7.933300
0.933330
-29.066999
-10.067000
9.933300
9.933300
0.933330
-5.066700
-9.066700
-1.066700
-13.067000
-0.066670
9.933300
7.933300
14.933000
6.933300
0.933330
-2.066700
-31.066999
1.933300
12.933000
4.933300
11.933000
1.933300
1.933300
1.933300
-20.066999
-16.066999
-14.067000
-11.067000
2.933300
-3.066700
-23.066999
-19.066999
-14.067000
-10.067000
-2.066700
5.933300
-8.066700
-10.067000
-20.066999
-5.066700
-9.066700
-30.066999
-3.066700
7.933300
-1.066700
8.933300
12.933000
5.933300
0.933330
5.933300
-13.067000
-0.066670
4.933300
2.933300
13.933000
10.933000
4.933300
2.933300
-21.066999
-12.067000
-5.066700
3.933300
21.933001
10.933000
4.933300
9.933300
-10.067000
0.933330
8.933300
15.933000
14.933000
12.933000
-11.067000
-11.067000
-28.066999
-21.066999
14.933000
1.933300
-11.067000
-1.066700
7.933300
8.933300
1.933300
-26.066999
-10.067000
0.933330
-15.067000
-1.066700
-7.066700
-12.067000
-18.066999
-19.066999
6.933300
-0.066670
-26.066999
-12.067000
1.933300
9.933300
5.933300
23.933001
31.933001
15.933000
6.933300
-5.066700
-1.066700
-17.066999
-4.066700
26.933001
15.933000
3.933300
2.933300
-10.067000
-10.067000
-7.066700
0.933330
-0.066670
-8.066700
-5.066700
14.933000
7.933300
4.933300
5.933300
2.933300
-11.067000
-19.066999
8.933300
12.933000
-12.067000
-5.066700
3.933300
6.933300
9.933300
3.933300
0.933330
-3.066700
-20.066999
9.933300
13.933000
-7.066700
-9.066700
-8.066700
-10.067000
-9.066700
-23.066999
-0.066670
-4.066700
-9.066700
5.933300
12.933000
5.933300
-3.066700
0.933330
-9.066700
-33.067001
-21.066999
-5.066700
-12.067000
-11.067000
-19.066999
-8.066700
-1.066700
4.933300
-9.066700
-4.066700
-0.066670
-1.066700
13.933000
-11.067000
-11.067000
7.933300
-10.067000
7.933300
8.933300
-8.066700
-0.066670
-5.066700
3.933300
-2.066700
-22.066999
-26.066999
5.933300
13.933000
-14.067000
-6.066700
2.933300
1.933300
-11.067000
-33.067001
-17.066999
-2.066700
1.933300
-3.066700
-0.066670
13.933000
14.933000
-3.066700
-31.066999
-15.067000
15.933000
-3.066700
-17.066999
-6.066700
6.933300
13.933000
-10.067000
-1.066700
6.933300
2.933300
-0.066670
5.933300
9.933300
9.933300
7.933300
12.933000
-3.066700
-0.066670
4.933300
9.933300
14.933000
-1.066700
6.933300
-0.066670
-9.066700
-32.067001
-19.066999
10.933000
13.933000
1.933300
-0.066670
6.933300
14.933000
0.933330
-25.066999
-18.066999
-7.066700
-13.067000
-16.066999
-14.067000
-7.066700
5.933300
20.933001
-16.066999
-15.067000
6.933300
0.933330
2.933300
-8.066700
-6.066700
-5.066700
0.933330
-16.066999
-8.066700
6.933300
7.933300
7.933300
2.933300
0.933330
16.933001
7.933300
-11.067000
-35.067001
-26.066999
10.933000
26.933001
10.933000
-6.066700
-3.066700
15.933000
-1.066700
-19.066999
0.933330
23.933001
11.933000
-4.066700
12.933000
21.933001
17.933001
5.933300
-7.066700
3.933300
31.933001
10.933000
-12.067000
6.933300
17.933001
16.933001
4.933300
-12.067000
2.933300
18.933001
7.933300
-4.066700
-0.066670
2.933300
-3.066700
-0.066670
9.933300
-10.067000
-7.066700
12.933000
17.933001
14.933000
6.933300
2.933300
13.933000
-30.066999
-33.067001
2.933300
25.933001
17.933001
-5.066700
2.933300
11.933000
22.933001
11.933000
4.933300
-14.067000
-17.066999
0.933330
12.933000
4.933300
5.933300
12.933000
20.933001
13.933000
-8.066700
7.933300
19.933001
3.933300
4.933300
1.933300
18.933001
27.933001
-0.066670
-7.066700
-13.067000
-3.066700
-0.066670
-0.066670
5.933300
14.933000
-8.066700
-15.067000
0.933330
-12.067000
-0.066670
11.933000
2.933300
-1.066700
-7.066700
-9.066700
-16.066999
-3.066700
7.933300
-5.066700
-5.066700
-14.067000
-9.066700
13.933000
9.933300
8.933300
-1.066700
-19.066999
-15.067000
-18.066999
5.933300
18.933001
8.933300
18.933001
2.933300
0.933330
8.933300
6.933300
-9.066700
-11.067000
3.933300
8.933300
17.933001
13.933000
10.933000
3.933300
8.933300
-7.066700
-8.066700
-15.067000
-24.066999
-6.066700
1.933300
7.933300
19.933001
14.933000
-16.066999
-12.067000
19.933001
10.933000
9.933300
-4.066700
-6.066700
-9.066700
-30.066999
-15.067000
-1.066700
-8.066700
-9.066700
-17.066999
-17.066999
15.933000
10.933000
-8.066700
-4.066700
-7.066700
-3.066700
-14.067000
-10.067000
5.933300
7.933300
-9.066700
-3.066700
-7.066700
-19.066999
-13.067000
-33.067001
-21.066999
-1.066700
-9.066700
0.933330
22.933001
-2.066700
-7.066700
1.933300
21.933001
-12.067000
-22.066999
-27.066999
-27.066999
-10.067000
-3.066700
5.933300
4.933300
-4.066700
8.933300
-4.066700
-20.066999
-8.066700
-10.067000
-22.066999
-24.066999
10.933000
22.933001
4.933300
0.933330
2.933300
2.933300
-6.066700
-15.067000
-34.067001
-11.067000
12.933000
9.933300
7.933300
10.933000
6.933300
-29.066999
-7.066700
16.933001
0.933330
-25.066999
-24.066999
-8.066700
5.933300
-2.066700
6.933300
17.933001
4.933300
1.933300
-7.066700
-15.067000
-3.066700
-26.066999
-1.066700
8.933300
4.933300
12.933000
2.933300
14.933000
34.932999
17.933001
-30.066999
-21.066999
-13.067000
-6.066700
9.933300
13.933000
-4.066700
0.933330
19.933001
17.933001
-3.066700
3.933300
15.933000
16.933001
20.933001
-7.066700
-22.066999
-12.067000
-2.066700
-0.066670
16.933001
34.932999
24.933001
3.933300
-1.066700
4.933300
-3.066700
-5.066700
-19.066999
-0.066670
-0.066670
3.933300
6.933300
5.933300
-2.066700
-6.066700
-8.066700
7.933300
-18.066999
-24.066999
-13.067000
-4.066700
5.933300
5.933300
6.933300
10.933000
6.933300
-15.067000
-25.066999
-7.066700
2.933300
-14.067000
-1.066700
-5.066700
-7.066700
-2.066700
9.933300
2.933300
-11.067000
-6.066700
19.933001
2.933300
-5.066700
-3.066700
14.933000
8.933300
-6.066700
-2.066700
-7.066700
11.933000
10.933000
-13.067000
1.933300
-9.066700
1.933300
-1.066700
-10.067000
-22.066999
-0.066670
21.933001
12.933000
5.933300
1.933300
-7.066700
-4.066700
-11.067000
-29.066999
-9.066700
10.933000
11.933000
10.933000
10.933000
9.933300
-4.066700
-10.067000
4.933300
5.933300
6.933300
-19.066999
-13.067000
4.933300
-4.066700
1.933300
-1.066700
-9.066700
1.933300
7.933300
-12.067000
1.933300
14.933000
6.933300
31.933001
19.933001
-4.066700
-6.066700
-7.066700
-17.066999
-6.066700
7.933300
0.933330
3.933300
6.933300
-12.067000
-13.067000
-3.066700
-1.066700
-9.066700
-7.066700
6.933300
10.933000
2.933300
-4.066700
-6.066700
6.933300
17.933001
12.933000
1.933300
-27.066999
-16.066999
8.933300
2.933300
6.933300
-3.066700
-16.066999
-10.067000
3.933300
-20.066999
-11.067000
18.933001
6.933300
-8.066700
-16.066999
-9.066700
10.933000
15.933000
6.933300
-9.066700
-26.066999
4.933300
12.933000
-9.066700
-14.067000
3.933300
5.933300
-3.066700
-4.066700
-21.066999
-8.066700
-2.066700
-4.066700
-0.066670
-5.066700
-18.066999
-25.066999
-22.066999
-4.066700
7.933300
0.933330
-6.066700
13.933000
-1.066700
0.933330
0.933330
0.933330
-11.067000
1.933300
14.933000
16.933001
13.933000
0.933330
0.933330
4.933300
-10.067000
11.933000
24.933001
17.933001
7.933300
5.933300
8.933300
12.933000
2.933300
-1.066700
-13.067000
2.933300
14.933000
-0.066670
-2.066700
-4.066700
5.933300
-6.066700
-7.066700
-7.066700
-19.066999
-2.066700
-0.066670
-4.066700
8.933300
12.933000
10.933000
-19.066999
-16.066999
-21.066999
-10.067000
4.933300
10.933000
2.933300
-2.066700
-5.066700
7.933300
1.933300
-21.066999
-5.066700
-4.066700
-5.066700
2.933300
8.933300
8.933300
6.933300
13.933000
-16.066999
-0.066670
36.932999
28.933001
-1.066700
-4.066700
4.933300
6.933300
7.933300
6.933300
10.933000
-8.066700
3.933300
23.933001
23.933001
28.933001
8.933300
0.933330
-2.066700
12.933000
18.933001
9.933300
-6.066700
-3.066700
4.933300
26.933001
13.933000
10.933000
-2.066700
10.933000
22.933001
3.933300
13.933000
12.933000
3.933300
17.933001
-2.066700
-7.066700
10.933000
15.933000
23.933001
13.933000
-7.066700
-1.066700
3.933300
22.933001
17.933001
-13.067000
-5.066700
15.933000
32.932999
20.933001
10.933000
2.933300
5.933300
8.933300
-7.066700
-10.067000
1.933300
28.933001
30.933001
12.933000
15.933000
17.933001
18.933001
-1.066700
-24.066999
5.933300
16.933001
7.933300
1.933300
-11.067000
-2.066700
10.933000
-3.066700
-4.066700
-0.066670
-1.066700
6.933300
-0.066670
-2.066700
11.933000
3.933300
1.933300
19.933001
10.933000
-13.067000
-1.066700
-6.066700
-21.066999
-23.066999
11.933000
13.933000
14.933000
4.933300
-7.066700
-9.066700
2.933300
2.933300
-25.066999
-19.066999
0.933330
13.933000
-18.066999
5.933300
8.933300
-33.067001
-6.066700
8.933300
-26.066999
-18.066999
4.933300
-1.066700
-0.066670
-3.066700
-27.066999
-36.067001
4.933300
14.933000
-10.067000
-4.066700
-4.066700
21.933001
8.933300
-2.066700
1.933300
12.933000
-5.066700
-16.066999
-2.066700
-12.067000
10.933000
19.933001
8.933300
10.933000
8.933300
3.933300
6.933300
8.933300
-9.066700
-4.066700
-0.066670
-10.067000
-6.066700
-4.066700
4.933300
2.933300
2.933300
-17.066999
10.933000
39.932999
3.933300
-7.066700
-16.066999
5.933300
17.933001
-7.066700
3.933300
16.933001
24.933001
16.933001
-5.066700
-1.066700
22.933001
22.933001
-2.066700
9.933300
39.932999
19.933001
-0.066670
1.933300
-10.067000
-0.066670
-3.066700
-28.066999
-28.066999
14.933000
17.933001
-17.066999
-22.066999
3.933300
29.933001
6.933300
4.933300
21.933001
29.933001
6.933300
-14.067000
-6.066700
24.933001
2.933300
-13.067000
-31.066999
-10.067000
18.933001
4.933300
-6.066700
12.933000
11.933000
13.933000
5.933300
6.933300
0.933330
3.933300
29.933001
35.932999
27.933001
16.933001
20.933001
8.933300
-1.066700
1.933300
-22.066999
-5.066700
12.933000
16.933001
5.933300
11.933000
6.933300
-2.066700
-1.066700
-15.067000
-0.066670
5.933300
6.933300
2.933300
0.933330
-8.066700
-10.067000
-23.066999
-13.067000
8.933300
-10.067000
-18.066999
3.933300
-3.066700
-21.066999
-29.066999
-16.066999
-3.066700
-11.067000
6.933300
-23.066999
-10.067000
-4.066700
-14.067000
-11.067000
-16.066999
-13.067000
-31.066999
-25.066999
-20.066999
6.933300
16.933001
-4.066700
8.933300
