5.788600
8.715400
1.886200
2.861800
10.667000
-2.991900
-4.943100
11.642000
17.496000
15.545000
17.496000
17.496000
6.764200
-0.065040
-2.991900
-2.016300
10.667000
21.398001
13.593000
12.618000
6.764200
-7.869900
-2.991900
9.691100
8.715400
-7.869900
-14.699000
-1.040700
9.691100
8.715400
2.861800
7.739800
9.691100
4.813000
-2.016300
-5.918700
-3.967500
-0.065040
-10.797000
-7.869900
-1.040700
-1.040700
-1.040700
1.886200
10.667000
-5.918700
-19.577000
-9.821100
5.788600
4.813000
-10.797000
-20.552999
-13.724000
-0.065040
10.667000
2.861800
-7.869900
0.910570
2.861800
-6.894300
-5.918700
8.715400
9.691100
-9.821100
-8.845500
3.837400
0.910570
-3.967500
4.813000
1.886200
3.837400
11.642000
4.813000
-9.821100
-0.065040
-2.016300
-11.772000
-5.918700
0.910570
4.813000
-7.869900
-8.845500
-6.894300
-2.016300
9.691100
-1.040700
-8.845500
-6.894300
-2.016300
10.667000
5.788600
-1.040700
0.910570
5.788600
10.667000
-3.967500
-12.748000
-6.894300
-6.894300
-5.918700
-2.016300
-0.065040
-2.016300
-9.821100
-0.065040
-0.065040
7.739800
12.618000
20.423000
19.447001
-8.845500
-9.821100
-4.943100
0.910570
11.642000
4.813000
-2.016300
-1.040700
-1.040700
-8.845500
-4.943100
-7.869900
-7.869900
18.472000
18.472000
6.764200
3.837400
4.813000
2.861800
-5.918700
-12.748000
-2.991900
18.472000
14.569000
10.667000
11.642000
9.691100
6.764200
-7.869900
-11.772000
-15.675000
-6.894300
8.715400
7.739800
15.545000
28.228001
24.325001
6.764200
-13.724000
-19.577000
-9.821100
-22.504000
-32.259998
-16.650000
4.813000
5.788600
1.886200
2.861800
10.667000
-8.845500
-8.845500
4.813000
6.764200
-3.967500
-10.797000
1.886200
3.837400
-2.991900
8.715400
-4.943100
-14.699000
-24.455000
-19.577000
-9.821100
-18.601999
-12.748000
-5.918700
5.788600
15.545000
-0.065040
-11.772000
-2.016300
-4.943100
-10.797000
-4.943100
9.691100
22.374001
18.472000
3.837400
0.910570
5.788600
-3.967500
-20.552999
-24.455000
-16.650000
-2.016300
-11.772000
1.886200
14.569000
8.715400
8.715400
8.715400
-15.675000
-20.552999
3.837400
9.691100
12.618000
26.275999
22.374001
8.715400
2.861800
-1.040700
-9.821100
-10.797000
-11.772000
-13.724000
-6.894300
-5.918700
-2.016300
7.739800
-1.040700
-2.016300
6.764200
5.788600
-15.675000
-25.431000
-14.699000
1.886200
5.788600
1.886200
-6.894300
-16.650000
-23.480000
-17.625999
-2.991900
-2.991900
-1.040700
-4.943100
-5.918700
-2.991900
-2.991900
-9.821100
-7.869900
2.861800
10.667000
7.739800
9.691100
13.593000
4.813000
2.861800
9.691100
-7.869900
-6.894300
-6.894300
-3.967500
6.764200
3.837400
13.593000
24.325001
15.545000
11.642000
-9.821100
-19.577000
-9.821100
-2.991900
0.910570
5.788600
6.764200
15.545000
11.642000
-8.845500
-16.650000
-17.625999
-16.650000
-22.504000
-17.625999
-4.943100
-2.991900
2.861800
12.618000
2.861800
-5.918700
5.788600
10.667000
-18.601999
-26.407000
-0.065040
19.447001
18.472000
14.569000
17.496000
15.545000
4.813000
-14.699000
-24.455000
-17.625999
-1.040700
5.788600
-4.943100
-7.869900
8.715400
4.813000
-2.991900
1.886200
-2.991900
2.861800
4.813000
2.861800
-10.797000
-17.625999
-3.967500
0.910570
-3.967500
-6.894300
-18.601999
-14.699000
5.788600
15.545000
1.886200
-13.724000
-20.552999
-10.797000
2.861800
8.715400
-1.040700
-3.967500
5.788600
11.642000
-6.894300
-6.894300
2.861800
3.837400
8.715400
-4.943100
-11.772000
-3.967500
4.813000
13.593000
13.593000
-3.967500
-9.821100
23.350000
3.837400
-30.309000
-18.601999
-2.991900
13.593000
14.569000
-1.040700
0.910570
11.642000
7.739800
-15.675000
-5.918700
-3.967500
-8.845500
-2.991900
5.788600
-0.065040
-15.675000
-5.918700
12.618000
13.593000
9.691100
-1.040700
6.764200
8.715400
14.569000
4.813000
-5.918700
-3.967500
0.910570
7.739800
16.520000
16.520000
24.325001
6.764200
-16.650000
-19.577000
-1.040700
13.593000
2.861800
-5.918700
-11.772000
-6.894300
10.667000
4.813000
-5.918700
-9.821100
-5.918700
-2.991900
-7.869900
8.715400
4.813000
-11.772000
-15.675000
-7.869900
-0.065040
-0.065040
4.813000
-9.821100
-19.577000
3.837400
11.642000
7.739800
14.569000
3.837400
-14.699000
-5.918700
-3.967500
-2.016300
1.886200
2.861800
4.813000
-3.967500
-2.991900
1.886200
13.593000
15.545000
15.545000
17.496000
9.691100
-5.918700
-15.675000
-29.333000
-18.601999
-5.918700
1.886200
14.569000
29.202999
14.569000
-0.065040
-0.065040
7.739800
14.569000
-2.991900
-19.577000
-24.455000
-7.869900
-1.040700
-4.943100
5.788600
20.423000
10.667000
1.886200
-9.821100
-8.845500
-1.040700
0.910570
-7.869900
-8.845500
-2.991900
-0.065040
4.813000
-5.918700
-12.748000
-13.724000
-11.772000
-3.967500
6.764200
10.667000
3.837400
3.837400
10.667000
4.813000
0.910570
-11.772000
-11.772000
0.910570
16.520000
17.496000
5.788600
-0.065040
-9.821100
-2.016300
-7.869900
-15.675000
-6.894300
4.813000
5.788600
-3.967500
1.886200
-5.918700
-7.869900
-4.943100
-0.065040
18.472000
12.618000
9.691100
-2.991900
0.910570
3.837400
9.691100
6.764200
4.813000
-4.943100
-6.894300
-1.040700
10.667000
12.618000
5.788600
-5.918700
-11.772000
-6.894300
-2.991900
-0.065040
-4.943100
-5.918700
-0.065040
16.520000
7.739800
7.739800
19.447001
-0.065040
-4.943100
9.691100
0.910570
-1.040700
5.788600
-0.065040
-2.991900
2.861800
25.301001
27.252001
7.739800
-2.991900
0.910570
-0.065040
9.691100
15.545000
-10.797000
-22.504000
-6.894300
1.886200
19.447001
25.301001
10.667000
9.691100
17.496000
5.788600
3.837400
6.764200
3.837400
2.861800
-6.894300
-9.821100
-10.797000
-0.065040
4.813000
14.569000
31.153999
39.935001
2.861800
-15.675000
-3.967500
-5.918700
-7.869900
-1.040700
24.325001
10.667000
2.861800
2.861800
-2.016300
16.520000
8.715400
-21.528000
-23.480000
-17.625999
-13.724000
-11.772000
9.691100
1.886200
-2.991900
-0.065040
11.642000
7.739800
-19.577000
-20.552999
-15.675000
-19.577000
-6.894300
9.691100
17.496000
5.788600
18.472000
1.886200
-19.577000
-12.748000
-6.894300
-6.894300
-10.797000
-7.869900
-4.943100
12.618000
2.861800
-17.625999
-6.894300
2.861800
5.788600
-6.894300
-9.821100
-7.869900
8.715400
18.472000
-20.552999
-34.210999
-14.699000
-9.821100
0.910570
13.593000
7.739800
-1.040700
-2.991900
2.861800
-1.040700
-8.845500
-4.943100
2.861800
-7.869900
-23.480000
-11.772000
9.691100
10.667000
17.496000
13.593000
-10.797000
-20.552999
-8.845500
1.886200
0.910570
-5.918700
-11.772000
-9.821100
-2.991900
14.569000
13.593000
15.545000
17.496000
-6.894300
-17.625999
-2.991900
1.886200
0.910570
-2.016300
-2.991900
13.593000
20.423000
-0.065040
-12.748000
-8.845500
-12.748000
0.910570
-3.967500
-18.601999
-22.504000
-1.040700
18.472000
12.618000
-5.918700
0.910570
2.861800
6.764200
-2.991900
-12.748000
-9.821100
-3.967500
5.788600
3.837400
-2.016300
-2.016300
-8.845500
-6.894300
-3.967500
-4.943100
-10.797000
-13.724000
-8.845500
7.739800
-7.869900
-20.552999
-7.869900
0.910570
2.861800
-7.869900
-9.821100
-8.845500
-9.821100
-4.943100
-11.772000
-14.699000
-5.918700
0.910570
1.886200
-4.943100
-1.040700
3.837400
-2.991900
-9.821100
-18.601999
-7.869900
8.715400
-0.065040
-8.845500
3.837400
3.837400
3.837400
-11.772000
-13.724000
5.788600
7.739800
3.837400
1.886200
-2.991900
-1.040700
5.788600
17.496000
8.715400
-1.040700
-1.040700
0.910570
8.715400
8.715400
-2.991900
9.691100
16.520000
5.788600
-4.943100
-3.967500
2.861800
-1.040700
-6.894300
-4.943100
-13.724000
-2.991900
-12.748000
-23.480000
-8.845500
-2.991900
-4.943100
11.642000
9.691100
-9.821100
-20.552999
-9.821100
-1.040700
-3.967500
-2.016300
4.813000
-6.894300
-10.797000
-10.797000
-2.016300
7.739800
7.739800
7.739800
4.813000
16.520000
4.813000
-17.625999
-11.772000
1.886200
7.739800
14.569000
-2.016300
-2.991900
5.788600
-1.040700
5.788600
8.715400
12.618000
8.715400
-3.967500
4.813000
3.837400
18.472000
23.350000
19.447001
27.252001
13.593000
0.910570
-0.065040
9.691100
24.325001
19.447001
15.545000
14.569000
18.472000
29.202999
30.179001
10.667000
11.642000
8.715400
-3.967500
-8.845500
-9.821100
5.788600
30.179001
29.202999
21.398001
-2.991900
-8.845500
-7.869900
-7.869900
6.764200
4.813000
-11.772000
-5.918700
10.667000
26.275999
20.423000
11.642000
-1.040700
-1.040700
-2.016300
7.739800
15.545000
28.228001
15.545000
-3.967500
-10.797000
-3.967500
0.910570
7.739800
10.667000
7.739800
6.764200
-5.918700
-13.724000
-11.772000
-0.065040
13.593000
12.618000
6.764200
-1.040700
5.788600
0.910570
-10.797000
-3.967500
4.813000
-7.869900
-16.650000
-8.845500
6.764200
11.642000
1.886200
-1.040700
-0.065040
16.520000
18.472000
1.886200
-2.991900
2.861800
15.545000
2.861800
-7.869900
0.910570
-0.065040
2.861800
-11.772000
-12.748000
-1.040700
-2.016300
3.837400
-13.724000
-27.382000
-12.748000
1.886200
-3.967500
-9.821100
9.691100
14.569000
17.496000
6.764200
-6.894300
-3.967500
-6.894300
-7.869900
-5.918700
-5.918700
5.788600
-0.065040
-3.967500
5.788600
10.667000
2.861800
12.618000
-3.967500
-15.675000
-6.894300
5.788600
7.739800
8.715400
8.715400
-2.016300
-4.943100
5.788600
11.642000
8.715400
1.886200
5.788600
12.618000
5.788600
5.788600
4.813000
10.667000
15.545000
3.837400
5.788600
5.788600
-3.967500
6.764200
-2.016300
-11.772000
0.910570
5.788600
-5.918700
8.715400
11.642000
7.739800
5.788600
7.739800
4.813000
16.520000
12.618000
0.910570
0.910570
-3.967500
-8.845500
8.715400
1.886200
8.715400
5.788600
15.545000
27.252001
5.788600
-2.991900
6.764200
2.861800
-4.943100
-14.699000
-4.943100
-2.016300
1.886200
8.715400
2.861800
6.764200
6.764200
-1.040700
5.788600
9.691100
6.764200
13.593000
12.618000
15.545000
8.715400
-6.894300
-1.040700
12.618000
8.715400
-10.797000
-8.845500
5.788600
4.813000
3.837400
9.691100
9.691100
3.837400
-2.991900
8.715400
25.301001
26.275999
4.813000
0.910570
7.739800
0.910570
-9.821100
-6.894300
8.715400
12.618000
8.715400
6.764200
3.837400
-5.918700
-7.869900
-20.552999
-16.650000
-23.480000
-21.528000
-9.821100
8.715400
14.569000
9.691100
7.739800
4.813000
-12.748000
-33.236000
-30.309000
-28.358000
-25.431000
-25.431000
-21.528000
-13.724000
-5.918700
7.739800
2.861800
-11.772000
-17.625999
-12.748000
-13.724000
-20.552999
-29.333000
-18.601999
-1.040700
-2.016300
-5.918700
-15.675000
-17.625999
-10.797000
-10.797000
-18.601999
-27.382000
-17.625999
-10.797000
-7.869900
