3.728300
4.992100
10.047000
8.151700
10.047000
4.992100
-1.958900
-3.854700
-3.222700
-3.854700
-5.750400
-8.278000
0.568720
1.832500
2.464500
5.624000
3.096400
-3.222700
-8.278000
-8.910000
-3.222700
4.360200
4.992100
-5.118500
-7.646100
-3.854700
-0.063190
3.096400
12.575000
13.207000
5.624000
-1.327000
-3.222700
3.096400
9.415500
15.103000
4.360200
-3.854700
4.992100
-1.327000
-5.118500
-6.382300
-5.750400
7.519700
5.624000
-0.695100
8.783600
5.624000
1.200600
2.464500
-1.327000
-7.646100
-13.333000
-13.333000
-4.486600
-0.063190
2.464500
7.519700
6.255900
11.311000
10.047000
10.679000
4.992100
3.096400
-5.118500
-11.438000
-15.861000
-15.229000
-12.070000
-13.965000
-12.070000
-12.701000
-6.382300
-1.958900
-0.695100
3.728300
-1.958900
-7.014200
-8.278000
-9.541900
5.624000
1.832500
-5.118500
-3.222700
-0.063190
6.887800
0.568720
-5.118500
-3.222700
-7.646100
-5.750400
-3.854700
1.832500
4.360200
-1.958900
-2.590800
-2.590800
6.255900
1.832500
-0.063190
6.887800
-1.958900
-5.750400
-4.486600
-4.486600
-1.327000
4.360200
7.519700
11.311000
8.783600
2.464500
-3.222700
-2.590800
-5.118500
5.624000
8.783600
13.839000
16.997999
6.887800
4.360200
-1.327000
-2.590800
-2.590800
-2.590800
-1.958900
-3.222700
4.992100
-3.222700
-2.590800
6.887800
8.151700
12.575000
13.839000
16.997999
22.054001
8.783600
2.464500
2.464500
6.255900
11.943000
6.255900
1.832500
-9.541900
-3.854700
6.887800
1.832500
-0.695100
3.728300
4.992100
-2.590800
-5.750400
-5.750400
-7.014200
-5.118500
-2.590800
2.464500
-0.695100
-5.118500
-4.486600
-0.063190
-4.486600
-7.014200
-4.486600
-1.958900
6.887800
13.207000
14.471000
12.575000
6.255900
-1.327000
-3.222700
3.728300
-1.327000
-3.854700
-10.174000
-15.229000
-9.541900
-5.118500
3.096400
8.783600
6.887800
6.887800
2.464500
-0.695100
1.200600
6.255900
5.624000
3.096400
-1.327000
-6.382300
-10.806000
-12.701000
-5.118500
-5.118500
-8.910000
-14.597000
-9.541900
-5.118500
-7.014200
-2.590800
2.464500
-2.590800
-10.806000
-9.541900
-5.118500
1.200600
4.360200
3.728300
-1.958900
6.255900
8.783600
7.519700
-0.063190
-5.118500
-5.750400
-4.486600
3.096400
9.415500
7.519700
0.568720
-7.646100
-3.854700
-3.222700
-3.222700
1.200600
-5.118500
-7.014200
3.096400
6.255900
11.943000
10.047000
4.360200
1.200600
-3.222700
-5.750400
4.992100
4.360200
1.832500
1.832500
6.255900
-5.750400
-8.910000
-7.014200
1.832500
3.096400
3.728300
6.887800
8.151700
5.624000
4.992100
5.624000
10.047000
13.207000
0.568720
-5.118500
-5.750400
-9.541900
-10.806000
-15.861000
-7.646100
1.832500
3.728300
15.735000
16.997999
16.367001
15.735000
13.839000
20.790001
15.735000
2.464500
-1.327000
-7.646100
-6.382300
-7.014200
-8.910000
-5.750400
-12.070000
-18.389000
-17.757000
-17.125000
-13.965000
-20.284000
-23.444000
-13.965000
-4.486600
10.047000
12.575000
16.997999
29.004999
20.790001
10.047000
8.151700
12.575000
10.679000
8.151700
11.311000
11.311000
9.415500
8.151700
5.624000
8.151700
7.519700
-5.118500
-6.382300
-4.486600
-3.222700
-3.222700
-8.910000
-17.125000
-15.861000
-9.541900
-8.910000
-5.118500
1.200600
4.360200
3.728300
0.568720
-1.958900
-11.438000
-10.806000
-15.229000
-23.444000
-19.652000
-19.652000
-17.125000
-7.646100
9.415500
11.311000
4.360200
2.464500
4.360200
8.151700
11.943000
15.735000
17.629999
23.318001
20.158001
9.415500
8.151700
12.575000
17.629999
13.839000
11.943000
9.415500
5.624000
10.047000
8.783600
3.096400
-1.327000
-2.590800
-4.486600
-12.070000
-15.229000
-14.597000
-8.910000
-10.806000
-7.646100
4.360200
3.728300
-1.958900
-5.750400
-1.327000
2.464500
2.464500
2.464500
-7.646100
-20.916000
-19.021000
-10.806000
-8.278000
-8.910000
-8.278000
-8.278000
-5.750400
-2.590800
-4.486600
-2.590800
-5.750400
-7.646100
-8.278000
-10.174000
-10.174000
-9.541900
-2.590800
-7.646100
-13.333000
-16.493000
-11.438000
-3.854700
1.200600
12.575000
5.624000
4.360200
7.519700
6.887800
7.519700
8.783600
11.311000
12.575000
4.992100
-4.486600
-1.958900
2.464500
4.992100
8.783600
6.887800
3.096400
2.464500
1.832500
-7.014200
-5.750400
-2.590800
-7.646100
-6.382300
3.096400
-0.063190
-1.327000
1.200600
-2.590800
-5.118500
-0.695100
2.464500
1.200600
-0.695100
1.832500
1.832500
-2.590800
-3.222700
3.728300
10.679000
15.103000
15.735000
5.624000
-5.118500
-1.958900
6.255900
-0.063190
-3.222700
2.464500
9.415500
6.887800
11.311000
10.679000
9.415500
9.415500
9.415500
5.624000
4.360200
-9.541900
-16.493000
-17.757000
-10.806000
-7.014200
-0.695100
6.887800
4.992100
-5.118500
-13.333000
-8.278000
0.568720
5.624000
5.624000
13.207000
8.151700
4.992100
11.311000
6.255900
10.679000
18.261999
10.679000
1.200600
-0.695100
3.096400
11.311000
13.839000
14.471000
2.464500
-9.541900
-10.174000
-13.965000
-7.646100
6.255900
9.415500
-6.382300
-8.278000
4.992100
10.047000
12.575000
3.096400
-2.590800
-7.646100
-15.861000
-10.174000
-3.854700
-8.910000
-9.541900
-7.014200
8.151700
1.832500
4.360200
4.992100
1.832500
0.568720
-5.750400
-1.958900
3.096400
-2.590800
1.200600
9.415500
7.519700
-2.590800
-5.750400
-5.750400
-8.910000
-7.014200
-5.118500
-2.590800
-6.382300
-9.541900
-3.222700
13.207000
13.207000
4.992100
1.832500
-1.958900
-5.750400
-1.958900
-1.958900
3.728300
2.464500
0.568720
-0.695100
-1.327000
4.360200
12.575000
14.471000
6.887800
1.832500
-1.958900
-5.750400
4.992100
-0.695100
-2.590800
-7.646100
0.568720
0.568720
-0.695100
4.992100
1.832500
-2.590800
-3.854700
-8.278000
-1.327000
-1.958900
-6.382300
-8.910000
-13.333000
-14.597000
-17.125000
-12.701000
2.464500
8.151700
3.728300
7.519700
6.887800
-3.222700
-4.486600
-10.806000
-20.284000
-22.812000
-20.916000
-19.021000
-7.014200
10.047000
18.893999
17.629999
17.629999
16.367001
8.783600
1.832500
-2.590800
-3.854700
-10.806000
-10.174000
-5.750400
-7.014200
-0.695100
1.832500
5.624000
5.624000
4.992100
-0.063190
-1.327000
-0.063190
1.832500
-0.695100
-3.854700
-1.958900
10.679000
8.783600
-2.590800
-2.590800
3.096400
8.151700
8.151700
16.997999
17.629999
12.575000
5.624000
1.832500
3.096400
7.519700
0.568720
-8.910000
-11.438000
-9.541900
-7.014200
-4.486600
-1.958900
-5.750400
-10.806000
-1.327000
3.096400
7.519700
8.151700
10.047000
12.575000
5.624000
4.992100
15.103000
6.887800
0.568720
0.568720
-6.382300
-12.701000
-13.965000
-12.701000
-10.806000
-7.014200
1.200600
3.096400
1.200600
1.200600
3.728300
11.311000
15.103000
5.624000
4.360200
10.679000
6.887800
5.624000
6.887800
6.887800
2.464500
-2.590800
-1.958900
-0.063190
6.255900
-1.958900
-3.854700
3.728300
7.519700
3.096400
0.568720
3.096400
-0.063190
3.728300
1.200600
4.992100
-0.695100
-6.382300
-3.222700
-3.222700
-1.327000
-10.174000
-12.070000
-10.806000
-2.590800
-1.327000
-4.486600
-1.958900
3.096400
8.783600
8.151700
9.415500
13.207000
9.415500
1.832500
-0.063190
-9.541900
-19.021000
-17.757000
-13.965000
-3.222700
1.200600
4.360200
9.415500
6.887800
14.471000
10.679000
3.728300
3.096400
-2.590800
-4.486600
8.151700
3.096400
-3.854700
-5.750400
-7.014200
-5.118500
-7.014200
-1.958900
2.464500
-3.222700
-7.014200
-10.174000
-10.806000
-8.278000
-0.695100
-6.382300
-8.278000
-3.222700
-10.174000
-10.174000
-3.222700
1.200600
6.255900
6.887800
20.158001
16.367001
5.624000
7.519700
8.783600
1.832500
-5.750400
-8.910000
-13.965000
-20.284000
-28.499001
-26.603001
-13.333000
-2.590800
4.992100
9.415500
12.575000
14.471000
8.151700
-1.327000
-6.382300
-7.014200
-16.493000
-22.180000
-14.597000
-3.222700
4.992100
16.367001
9.415500
3.728300
2.464500
0.568720
-3.854700
-7.646100
-2.590800
-3.854700
-9.541900
-3.222700
4.992100
11.311000
12.575000
13.207000
13.839000
8.151700
1.200600
-3.854700
-5.750400
-1.327000
-0.695100
-1.327000
-4.486600
-3.854700
2.464500
3.096400
4.360200
5.624000
9.415500
16.367001
4.992100
3.096400
10.047000
4.360200
-0.695100
-5.118500
-0.695100
-3.222700
-3.854700
1.832500
1.832500
8.783600
5.624000
-0.063190
3.728300
-2.590800
-1.327000
3.728300
-0.063190
5.624000
2.464500
-0.063190
-4.486600
-5.750400
3.096400
8.151700
10.679000
16.367001
6.887800
-3.854700
-12.070000
-16.493000
-14.597000
-8.910000
-10.806000
-13.965000
-8.278000
-1.327000
-0.063190
1.200600
6.255900
4.360200
5.624000
6.887800
5.624000
8.151700
8.783600
-1.958900
-2.590800
-1.327000
-3.222700
3.096400
-1.958900
-6.382300
-5.750400
-2.590800
-1.327000
-5.750400
-9.541900
-7.646100
1.832500
6.887800
4.360200
8.151700
18.261999
20.158001
8.151700
3.728300
-0.063190
-1.958900
-9.541900
-14.597000
-10.174000
-4.486600
7.519700
12.575000
4.992100
-1.958900
2.464500
-8.278000
-13.333000
-9.541900
-11.438000
-11.438000
-13.333000
-7.646100
3.096400
14.471000
14.471000
9.415500
9.415500
4.360200
-0.063190
-1.327000
-7.014200
-7.646100
-1.958900
-0.063190
-3.222700
3.728300
-5.750400
-12.701000
-7.014200
1.832500
1.832500
1.200600
3.096400
0.568720
11.311000
11.311000
12.575000
16.367001
10.679000
7.519700
5.624000
13.839000
11.943000
4.992100
4.992100
3.096400
-6.382300
-10.806000
-10.806000
-11.438000
-11.438000
-3.222700
0.568720
1.832500
8.783600
10.679000
9.415500
3.096400
-7.646100
-12.701000
-7.646100
4.992100
5.624000
0.568720
-4.486600
-4.486600
1.200600
1.832500
1.200600
-3.854700
-6.382300
-7.014200
4.992100
5.624000
-1.327000
-6.382300
-5.118500
-0.063190
-0.063190
4.992100
7.519700
-5.118500
-12.070000
-6.382300
-3.222700
-2.590800
-0.695100
-0.063190
1.832500
-1.327000
4.360200
4.992100
-0.695100
-6.382300
-7.646100
4.360200
9.415500
15.735000
15.103000
8.783600
0.568720
-3.222700
2.464500
5.624000
-0.063190
-5.750400
-14.597000
-19.652000
-10.174000
1.832500
9.415500
12.575000
12.575000
4.360200
2.464500
10.047000
11.943000
4.360200
-1.958900
-5.750400
-5.118500
-8.278000
-12.701000
-11.438000
-0.695100
2.464500
6.887800
16.997999
3.728300
-7.014200
-13.333000
-20.284000
-10.806000
-7.646100
-3.854700
-8.278000
-2.590800
-1.958900
-0.695100
3.096400
7.519700
-0.063190
-4.486600
-4.486600
-2.590800
3.096400
-3.854700
-4.486600
-0.695100
-0.063190
4.360200
5.624000
6.255900
8.783600
11.943000
16.367001
5.624000
-2.590800
-3.222700
-7.014200
-2.590800
3.096400
6.255900
10.679000
