7.600600
9.533000
3.735900
5.668300
6.312400
1.803500
1.803500
1.159400
-0.128820
-5.281800
0.515300
4.380000
0.515300
2.447700
2.447700
-1.417100
-1.417100
-3.993600
-8.502400
-7.214200
-7.214200
-5.281800
-1.417100
2.447700
1.803500
0.515300
1.803500
3.091800
1.803500
-0.772950
5.024200
10.821000
6.956500
5.024200
3.735900
-2.705300
0.515300
-0.772950
-5.281800
-3.349400
-4.637700
-5.925900
-3.993600
-3.349400
3.091800
5.024200
1.803500
6.312400
6.956500
1.159400
-0.772950
-3.349400
-5.925900
-9.790700
-8.502400
-9.146500
-8.502400
-0.772950
5.668300
7.600600
9.533000
11.465000
10.177000
6.312400
5.024200
1.803500
3.735900
2.447700
-0.772950
-0.772950
-4.637700
-2.705300
-1.417100
-3.349400
-5.281800
-7.858300
-7.214200
-9.790700
-7.214200
-2.705300
-2.061200
3.735900
6.312400
6.312400
5.668300
4.380000
8.888900
11.465000
12.754000
13.398000
7.600600
-0.128820
-1.417100
1.159400
1.803500
-0.128820
-4.637700
-7.858300
-3.349400
-2.705300
-8.502400
-4.637700
-0.128820
-3.993600
-11.079000
-9.146500
-2.705300
1.159400
1.803500
3.735900
2.447700
-4.637700
-7.214200
-6.570000
-9.146500
-3.349400
-0.772950
-2.061200
-1.417100
0.515300
0.515300
-3.349400
0.515300
3.091800
1.803500
2.447700
1.803500
1.159400
-0.772950
-2.061200
3.735900
3.735900
7.600600
8.244800
2.447700
1.803500
2.447700
1.159400
2.447700
6.956500
6.312400
2.447700
-2.705300
-7.858300
-7.214200
1.159400
3.735900
3.091800
1.159400
-0.772950
-3.993600
-3.993600
0.515300
0.515300
-2.061200
-2.061200
-2.705300
-1.417100
-2.705300
-5.925900
-0.772950
3.735900
1.159400
1.803500
3.735900
5.024200
5.668300
1.803500
3.091800
5.668300
2.447700
1.159400
1.803500
-2.061200
1.159400
-0.772950
-5.281800
-3.993600
-2.705300
1.159400
4.380000
3.735900
6.312400
5.668300
1.159400
1.159400
4.380000
4.380000
-2.061200
-5.925900
-1.417100
3.091800
0.515300
-3.349400
-2.061200
-0.772950
-4.637700
-0.772950
2.447700
1.803500
1.803500
0.515300
-2.061200
-8.502400
-3.993600
-0.128820
1.803500
2.447700
-0.128820
-0.772950
3.091800
4.380000
6.956500
5.668300
1.803500
2.447700
8.244800
10.177000
6.312400
3.091800
-2.705300
-4.637700
-7.858300
-8.502400
-3.349400
0.515300
-0.772950
-2.061200
2.447700
-0.128820
-7.214200
-2.705300
-3.349400
-7.214200
-7.858300
-11.723000
-7.858300
-3.349400
-3.993600
-0.772950
-0.128820
-2.061200
0.515300
-0.772950
3.735900
6.312400
7.600600
8.244800
6.312400
3.735900
1.159400
-0.772950
-0.128820
3.735900
3.091800
1.159400
-0.772950
-3.993600
-0.772950
-3.993600
-1.417100
5.024200
6.312400
3.091800
4.380000
5.024200
2.447700
-0.128820
0.515300
-2.061200
-3.349400
-4.637700
-8.502400
-13.655000
-12.367000
-11.723000
-11.079000
-11.723000
-9.790700
-4.637700
-5.281800
-3.993600
2.447700
5.024200
7.600600
8.888900
12.754000
15.330000
9.533000
14.042000
14.686000
10.821000
8.244800
13.398000
17.907000
14.686000
9.533000
10.821000
8.244800
2.447700
-5.925900
-7.858300
-7.858300
-11.723000
-11.079000
-5.281800
-5.281800
-5.925900
-9.790700
-14.944000
-16.232000
-7.214200
-0.128820
1.159400
3.091800
3.735900
4.380000
4.380000
2.447700
-0.128820
0.515300
1.159400
-5.925900
-6.570000
-3.993600
0.515300
-2.061200
6.956500
10.821000
5.668300
5.668300
5.668300
3.091800
-1.417100
-2.061200
-3.349400
3.091800
3.735900
0.515300
1.159400
-0.128820
3.091800
3.735900
6.312400
7.600600
9.533000
15.330000
9.533000
4.380000
-0.772950
-5.281800
-4.637700
-9.146500
-7.858300
-3.993600
1.159400
4.380000
0.515300
1.803500
-1.417100
-5.925900
-9.146500
-2.705300
-0.128820
-7.214200
-7.858300
-6.570000
-6.570000
-5.925900
0.515300
2.447700
1.159400
1.159400
-6.570000
-6.570000
-3.993600
-0.772950
-0.128820
-4.637700
-5.925900
-5.281800
-7.214200
-7.214200
-8.502400
-3.349400
-0.772950
-5.925900
-9.790700
-3.993600
-0.772950
-5.281800
-0.772950
1.803500
-2.061200
-0.772950
-0.772950
-0.772950
-2.061200
-2.705300
-0.128820
4.380000
5.668300
6.312400
10.177000
8.888900
10.821000
10.177000
5.024200
1.803500
1.159400
-1.417100
-7.214200
-3.993600
-2.061200
-4.637700
-2.705300
-2.705300
-0.772950
-2.061200
1.803500
2.447700
2.447700
8.888900
8.888900
5.024200
3.735900
1.803500
-0.128820
-0.772950
-1.417100
0.515300
-0.772950
1.803500
3.091800
3.091800
1.159400
3.091800
1.159400
3.735900
5.024200
4.380000
2.447700
1.159400
1.159400
6.312400
2.447700
-2.061200
-9.790700
-9.146500
-7.214200
-5.281800
-2.705300
-3.349400
0.515300
3.735900
-0.128820
1.803500
7.600600
8.888900
7.600600
10.177000
5.024200
-1.417100
5.024200
4.380000
-0.128820
1.159400
-0.772950
-1.417100
0.515300
5.024200
4.380000
5.668300
8.244800
12.110000
17.907000
21.127001
14.042000
1.803500
-5.925900
-13.011000
-13.655000
-13.655000
-10.435000
-9.146500
-5.281800
1.159400
3.735900
5.668300
3.735900
-1.417100
3.091800
3.091800
-3.349400
-2.705300
-0.772950
-2.705300
-5.925900
-5.281800
-8.502400
-9.146500
-3.349400
-3.349400
-5.925900
-5.925900
-3.349400
-3.349400
-0.772950
3.091800
3.735900
1.159400
-2.061200
-2.705300
-3.349400
-3.993600
0.515300
2.447700
1.159400
1.159400
2.447700
3.091800
5.668300
10.821000
6.956500
2.447700
-2.705300
-3.349400
-4.637700
-9.790700
-7.858300
-4.637700
-2.705300
1.803500
1.803500
3.735900
5.024200
5.024200
3.735900
1.803500
2.447700
1.159400
3.091800
3.091800
3.091800
-0.128820
2.447700
7.600600
8.244800
6.312400
-2.705300
-5.281800
-3.349400
-2.061200
1.159400
1.803500
-4.637700
-7.858300
-11.079000
-6.570000
-3.993600
-5.925900
1.159400
5.024200
1.803500
-0.128820
-1.417100
-6.570000
-9.146500
-10.435000
-13.011000
-11.079000
-7.858300
-1.417100
1.803500
5.668300
8.244800
10.177000
6.312400
6.312400
6.956500
2.447700
-2.061200
-2.705300
-1.417100
-4.637700
-0.772950
6.312400
6.312400
4.380000
1.159400
-1.417100
-0.128820
3.735900
1.803500
1.159400
-0.128820
-2.705300
-1.417100
-2.705300
1.159400
6.312400
3.091800
3.735900
5.668300
9.533000
10.821000
17.261999
15.330000
8.244800
5.024200
1.803500
-2.061200
-1.417100
-1.417100
-4.637700
-7.214200
-9.790700
-5.925900
-8.502400
-5.281800
1.803500
-0.772950
0.515300
3.735900
3.091800
2.447700
1.159400
6.312400
6.312400
1.803500
-1.417100
-2.705300
-5.925900
-9.790700
-12.367000
-13.011000
-9.790700
-9.790700
-8.502400
-6.570000
-3.349400
1.159400
4.380000
5.668300
3.735900
-0.128820
4.380000
9.533000
8.244800
9.533000
7.600600
5.668300
2.447700
-2.705300
0.515300
3.091800
-2.061200
-2.705300
2.447700
5.024200
1.803500
1.803500
5.024200
7.600600
4.380000
3.091800
1.159400
2.447700
-1.417100
-0.772950
1.159400
-0.772950
-2.061200
-9.146500
-7.858300
-8.502400
-7.858300
-5.281800
-7.858300
-2.705300
-1.417100
-2.705300
-2.705300
1.159400
3.091800
2.447700
4.380000
2.447700
-3.349400
-5.281800
-1.417100
-0.772950
-3.349400
-2.705300
1.803500
3.091800
0.515300
5.024200
6.956500
8.244800
8.244800
3.735900
0.515300
-0.128820
-3.349400
1.159400
2.447700
-4.637700
-4.637700
1.159400
1.159400
-0.772950
2.447700
2.447700
1.159400
0.515300
-3.993600
-2.061200
-5.281800
-2.705300
-1.417100
-2.705300
-2.705300
-2.061200
-1.417100
-3.349400
0.515300
5.668300
5.668300
6.312400
8.888900
5.668300
9.533000
15.330000
8.244800
1.159400
-7.858300
-15.588000
-17.520000
-16.232000
-11.079000
-3.349400
3.091800
4.380000
2.447700
-1.417100
-3.993600
-4.637700
-3.349400
-7.214200
-8.502400
-5.925900
-7.858300
-4.637700
-1.417100
-3.349400
4.380000
7.600600
1.159400
-2.705300
-5.281800
-4.637700
-9.146500
-5.281800
1.159400
0.515300
-0.128820
-0.772950
1.159400
4.380000
1.159400
3.735900
1.803500
0.515300
-1.417100
-2.061200
1.159400
-1.417100
1.159400
3.091800
-0.772950
2.447700
6.956500
5.024200
2.447700
1.803500
5.668300
8.244800
4.380000
4.380000
1.159400
-2.061200
-7.214200
-5.281800
1.159400
2.447700
3.091800
0.515300
2.447700
4.380000
5.024200
3.091800
2.447700
3.091800
1.803500
-0.772950
-2.061200
-0.772950
-0.128820
0.515300
3.091800
5.024200
5.024200
-2.705300
1.159400
2.447700
-1.417100
-3.349400
-3.349400
-2.705300
-0.128820
-3.993600
-4.637700
1.159400
4.380000
4.380000
4.380000
3.735900
-0.772950
-0.128820
3.735900
1.803500
-2.061200
1.803500
1.159400
-0.772950
1.159400
-0.772950
0.515300
-1.417100
-4.637700
-6.570000
-6.570000
-1.417100
-1.417100
-0.772950
0.515300
-3.349400
-2.061200
3.735900
2.447700
1.159400
5.024200
2.447700
-0.772950
-2.705300
-3.349400
-3.993600
4.380000
14.686000
17.907000
17.907000
12.110000
3.735900
-7.214200
-5.925900
-8.502400
-11.079000
-9.146500
-7.214200
-7.214200
-5.925900
-3.993600
-6.570000
0.515300
5.024200
6.956500
5.668300
-0.128820
-2.705300
-3.349400
-2.705300
-1.417100
1.803500
0.515300
-8.502400
-4.637700
-3.993600
-7.214200
-5.925900
-3.349400
-0.772950
-4.637700
-1.417100
1.159400
6.956500
6.312400
6.312400
6.956500
3.091800
2.447700
1.803500
4.380000
4.380000
1.159400
-0.772950
0.515300
1.803500
0.515300
-0.128820
-0.772950
-3.349400
1.159400
8.244800
10.177000
6.956500
4.380000
1.159400
-3.349400
-4.637700
-3.349400
-4.637700
-0.772950
3.091800
1.803500
3.735900
4.380000
3.735900
-1.417100
1.159400
2.447700
1.159400
-1.417100
-0.128820
-1.417100
-3.349400
-5.925900
-2.705300
2.447700
3.735900
-0.772950
-0.772950
-0.772950
-1.417100
1.159400
2.447700
1.159400
-1.417100
-6.570000
-5.281800
-5.925900
-1.417100
-0.772950
-3.993600
-2.061200
0.515300
7.600600
8.244800
11.465000
11.465000
1.803500
-2.705300
-1.417100
-0.128820
-2.705300
-12.367000
-8.502400
-0.772950
-0.772950
1.803500
5.668300
5.668300
1.803500
1.803500
2.447700
3.735900
4.380000
5.024200
1.803500
-1.417100
-6.570000
-5.281800
-3.993600
-5.925900
-3.349400
5.668300
14.686000
14.686000
15.330000
10.821000
-0.772950
-5.925900
-9.146500
-9.146500
-7.858300
-5.925900
-7.214200
-3.993600
-1.417100
1.803500
-1.417100
-0.772950
-3.349400
-2.705300
0.515300
-3.349400
-5.925900
-7.214200
-5.925900
-2.061200
1.159400
0.515300
-0.772950
3.091800
5.024200
-1.417100
4.380000
5.024200
-2.705300
-3.349400
-2.705300
-0.772950
-2.061200
1.159400
