0.893140
7.591700
-0.063800
5.677800
7.591700
-4.848500
-0.063800
0.893140
-1.977700
-1.977700
-3.891500
-1.020700
0.893140
2.807000
2.807000
3.764000
2.807000
2.807000
0.893140
-2.934600
2.807000
2.807000
-1.977700
-1.020700
-1.977700
-2.934600
-4.848500
-2.934600
6.634800
7.591700
-1.020700
-6.762400
-11.547000
3.764000
1.850100
-4.848500
-6.762400
-6.762400
0.893140
1.850100
0.893140
3.764000
2.807000
1.850100
2.807000
-0.063800
-1.020700
3.764000
0.893140
-7.719300
-6.762400
-4.848500
-9.633200
-6.762400
2.807000
5.677800
6.634800
6.634800
6.634800
4.720900
5.677800
4.720900
10.463000
14.290000
9.505600
3.764000
1.850100
4.720900
3.764000
5.677800
4.720900
4.720900
6.634800
8.548600
6.634800
3.764000
3.764000
1.850100
-4.848500
2.807000
7.591700
1.850100
-0.063800
-0.063800
3.764000
1.850100
1.850100
2.807000
0.893140
-2.934600
-3.891500
-2.934600
-2.934600
3.764000
5.677800
1.850100
-5.805400
-8.676200
-4.848500
-3.891500
-2.934600
-3.891500
0.893140
2.807000
-1.977700
-7.719300
-1.977700
0.893140
0.893140
-3.891500
-6.762400
-6.762400
-6.762400
-2.934600
-2.934600
-5.805400
-2.934600
-1.020700
-0.063800
-0.063800
-1.977700
-5.805400
-1.020700
7.591700
1.850100
-8.676200
-2.934600
-3.891500
-4.848500
-5.805400
-6.762400
-3.891500
-3.891500
-4.848500
-2.934600
2.807000
-1.977700
-2.934600
0.893140
-3.891500
-7.719300
-5.805400
-4.848500
0.893140
2.807000
-1.020700
-2.934600
-0.063800
-1.020700
1.850100
1.850100
-1.977700
-3.891500
2.807000
2.807000
1.850100
3.764000
5.677800
0.893140
-0.063800
7.591700
5.677800
0.893140
0.893140
1.850100
5.677800
0.893140
-1.020700
2.807000
5.677800
3.764000
3.764000
-0.063800
-2.934600
-1.977700
-0.063800
-1.020700
-3.891500
-1.020700
5.677800
5.677800
2.807000
5.677800
9.505600
6.634800
-0.063800
0.893140
3.764000
-0.063800
-1.977700
2.807000
1.850100
-2.934600
-4.848500
-5.805400
0.893140
1.850100
1.850100
5.677800
5.677800
0.893140
-1.020700
1.850100
3.764000
-2.934600
-3.891500
-1.020700
1.850100
0.893140
-0.063800
-0.063800
-0.063800
1.850100
3.764000
3.764000
5.677800
4.720900
-1.977700
-6.762400
-4.848500
-1.020700
-2.934600
-8.676200
-5.805400
-1.977700
-3.891500
-6.762400
-7.719300
-5.805400
0.893140
0.893140
-1.977700
-0.063800
-1.977700
-1.977700
-1.977700
-2.934600
-1.020700
-1.020700
-1.977700
-1.977700
-1.977700
-1.977700
-2.934600
-1.020700
-0.063800
4.720900
9.505600
4.720900
-1.977700
1.850100
9.505600
4.720900
0.893140
4.720900
7.591700
13.333000
10.463000
2.807000
0.893140
0.893140
5.677800
3.764000
-2.934600
0.893140
8.548600
13.333000
-0.063800
-7.719300
-1.977700
-1.020700
-2.934600
-4.848500
-1.977700
-1.020700
-0.063800
-3.891500
-2.934600
-1.977700
-1.977700
-3.891500
-4.848500
-1.977700
-0.063800
-0.063800
-1.020700
-2.934600
-3.891500
-3.891500
-2.934600
-2.934600
-5.805400
-4.848500
-0.063800
-0.063800
0.893140
3.764000
-1.020700
-7.719300
-5.805400
-4.848500
-3.891500
-2.934600
-5.805400
-1.020700
-2.934600
-5.805400
-3.891500
1.850100
9.505600
8.548600
3.764000
-0.063800
0.893140
-2.934600
-6.762400
4.720900
4.720900
6.634800
5.677800
0.893140
6.634800
8.548600
6.634800
2.807000
-2.934600
-8.676200
-1.020700
3.764000
-0.063800
2.807000
8.548600
2.807000
2.807000
1.850100
3.764000
1.850100
1.850100
-1.020700
-1.020700
-0.063800
-3.891500
2.807000
3.764000
-2.934600
-7.719300
-2.934600
-1.020700
-5.805400
-5.805400
-2.934600
1.850100
4.720900
-0.063800
-4.848500
5.677800
4.720900
2.807000
4.720900
-1.020700
1.850100
9.505600
5.677800
3.764000
5.677800
0.893140
-2.934600
-1.020700
-1.020700
-0.063800
3.764000
7.591700
6.634800
-1.020700
0.893140
2.807000
-1.020700
0.893140
3.764000
0.893140
-0.063800
-0.063800
-7.719300
-7.719300
-1.977700
-1.977700
-2.934600
-1.020700
-1.020700
-2.934600
-2.934600
-7.719300
-4.848500
-1.020700
-1.977700
-1.977700
-2.934600
-1.977700
0.893140
-0.063800
1.850100
-1.020700
-4.848500
-1.977700
-1.020700
-1.977700
0.893140
1.850100
1.850100
-2.934600
-2.934600
0.893140
3.764000
-1.020700
0.893140
5.677800
3.764000
2.807000
1.850100
4.720900
-1.977700
-2.934600
-2.934600
2.807000
-0.063800
-7.719300
-2.934600
0.893140
-2.934600
-0.063800
4.720900
8.548600
0.893140
-2.934600
-1.977700
-0.063800
4.720900
3.764000
3.764000
2.807000
3.764000
6.634800
-4.848500
-10.590000
-3.891500
-2.934600
-0.063800
4.720900
4.720900
5.677800
2.807000
3.764000
0.893140
-4.848500
-3.891500
-3.891500
-3.891500
3.764000
4.720900
-1.977700
-2.934600
-1.977700
-2.934600
-2.934600
-1.977700
2.807000
4.720900
1.850100
-1.977700
-2.934600
-1.020700
-2.934600
-1.977700
3.764000
4.720900
0.893140
-0.063800
0.893140
5.677800
1.850100
-1.977700
-1.977700
3.764000
1.850100
0.893140
3.764000
3.764000
5.677800
7.591700
4.720900
6.634800
9.505600
5.677800
-1.977700
-4.848500
-4.848500
-6.762400
0.893140
10.463000
11.419000
10.463000
9.505600
4.720900
0.893140
-3.891500
-1.020700
3.764000
8.548600
13.333000
12.376000
9.505600
3.764000
-0.063800
-1.020700
-1.020700
-3.891500
-4.848500
-7.719300
-7.719300
-10.590000
-10.590000
-4.848500
-5.805400
-1.020700
0.893140
0.893140
0.893140
-4.848500
-10.590000
-11.547000
-15.375000
-17.289000
-13.461000
-9.633200
-4.848500
-1.977700
-1.977700
0.893140
1.850100
-0.063800
-0.063800
0.893140
0.893140
1.850100
10.463000
10.463000
4.720900
2.807000
2.807000
4.720900
6.634800
4.720900
2.807000
1.850100
2.807000
5.677800
6.634800
4.720900
-0.063800
-0.063800
1.850100
3.764000
-0.063800
-4.848500
-6.762400
-8.676200
-6.762400
-7.719300
-12.504000
-13.461000
-12.504000
-11.547000
-9.633200
-7.719300
-10.590000
-7.719300
-5.805400
-7.719300
-8.676200
-11.547000
-13.461000
-8.676200
-1.977700
7.591700
11.419000
13.333000
14.290000
13.333000
8.548600
3.764000
1.850100
2.807000
-0.063800
-0.063800
3.764000
5.677800
1.850100
2.807000
5.677800
4.720900
4.720900
5.677800
2.807000
2.807000
-0.063800
-1.977700
-1.977700
2.807000
5.677800
10.463000
9.505600
6.634800
4.720900
3.764000
-1.020700
-2.934600
-6.762400
-8.676200
-8.676200
-13.461000
-19.202999
-15.375000
-13.461000
-8.676200
0.893140
6.634800
4.720900
-1.020700
-3.891500
-4.848500
-2.934600
-3.891500
-4.848500
-1.977700
5.677800
9.505600
6.634800
8.548600
10.463000
11.419000
12.376000
11.419000
16.204000
15.247000
10.463000
12.376000
8.548600
2.807000
0.893140
6.634800
2.807000
0.893140
-1.020700
1.850100
-0.063800
-2.934600
-5.805400
-8.676200
-5.805400
-6.762400
-10.590000
-3.891500
-0.063800
-3.891500
-6.762400
-2.934600
-2.934600
-2.934600
3.764000
6.634800
10.463000
7.591700
4.720900
4.720900
3.764000
1.850100
2.807000
0.893140
-0.063800
4.720900
8.548600
4.720900
1.850100
-1.020700
-0.063800
-2.934600
-2.934600
-0.063800
1.850100
0.893140
0.893140
-1.977700
-3.891500
-2.934600
-4.848500
-7.719300
-4.848500
-1.977700
-0.063800
-2.934600
-1.977700
-0.063800
0.893140
-0.063800
-3.891500
-3.891500
-1.977700
-2.934600
-3.891500
-1.977700
-1.977700
-1.020700
2.807000
4.720900
3.764000
3.764000
2.807000
3.764000
4.720900
1.850100
2.807000
6.634800
4.720900
3.764000
-1.020700
-1.977700
1.850100
0.893140
0.893140
0.893140
-3.891500
-5.805400
-1.977700
-0.063800
3.764000
3.764000
0.893140
0.893140
-2.934600
-2.934600
-2.934600
1.850100
-0.063800
-6.762400
-3.891500
-1.020700
1.850100
2.807000
-0.063800
-1.977700
-1.020700
-0.063800
-0.063800
1.850100
-0.063800
-3.891500
-0.063800
2.807000
2.807000
0.893140
-3.891500
-1.020700
0.893140
-1.020700
-1.020700
-3.891500
-0.063800
-0.063800
-3.891500
-2.934600
-1.020700
-1.020700
-1.020700
0.893140
1.850100
-1.020700
-3.891500
-2.934600
0.893140
0.893140
4.720900
-0.063800
-1.977700
0.893140
-1.977700
-1.977700
-1.020700
-1.020700
1.850100
2.807000
2.807000
7.591700
5.677800
-1.977700
-4.848500
0.893140
5.677800
-1.020700
-5.805400
-6.762400
-6.762400
-4.848500
-1.020700
-1.020700
-0.063800
-2.934600
-0.063800
2.807000
0.893140
-1.977700
1.850100
-0.063800
-3.891500
-3.891500
1.850100
5.677800
1.850100
-1.020700
0.893140
4.720900
5.677800
1.850100
-0.063800
-0.063800
1.850100
-1.977700
-0.063800
3.764000
5.677800
5.677800
7.591700
6.634800
1.850100
-1.977700
-3.891500
-1.020700
1.850100
1.850100
3.764000
5.677800
2.807000
-0.063800
-1.020700
2.807000
5.677800
1.850100
-1.977700
-2.934600
-2.934600
-0.063800
-1.020700
-0.063800
-0.063800
1.850100
3.764000
-0.063800
-2.934600
-0.063800
3.764000
2.807000
-1.020700
-5.805400
-2.934600
1.850100
2.807000
5.677800
4.720900
-3.891500
-1.977700
-1.977700
-5.805400
-10.590000
-9.633200
-6.762400
-6.762400
-1.977700
0.893140
1.850100
-1.020700
-2.934600
-1.020700
-0.063800
3.764000
1.850100
-0.063800
1.850100
2.807000
1.850100
2.807000
3.764000
6.634800
-0.063800
-2.934600
-1.977700
-1.020700
0.893140
0.893140
3.764000
1.850100
-1.020700
-0.063800
-0.063800
-1.020700
-5.805400
-4.848500
-1.020700
-2.934600
-0.063800
-3.891500
-3.891500
-1.977700
-5.805400
-2.934600
5.677800
4.720900
-1.020700
-2.934600
-4.848500
-5.805400
-5.805400
-2.934600
-3.891500
1.850100
0.893140
-1.020700
1.850100
8.548600
1.850100
-4.848500
-0.063800
2.807000
5.677800
5.677800
3.764000
3.764000
6.634800
10.463000
8.548600
7.591700
3.764000
2.807000
9.505600
4.720900
1.850100
1.850100
-2.934600
-1.977700
0.893140
-0.063800
-3.891500
-2.934600
2.807000
4.720900
0.893140
0.893140
2.807000
3.764000
2.807000
-0.063800
3.764000
4.720900
4.720900
4.720900
4.720900
-1.977700
-3.891500
-1.020700
0.893140
-1.020700
-0.063800
-1.020700
3.764000
2.807000
-2.934600
-4.848500
-2.934600
2.807000
1.850100
-1.020700
0.893140
-1.020700
-3.891500
-1.977700
0.893140
1.850100
-0.063800
0.893140
-0.063800
1.850100
7.591700
3.764000
-1.977700
-1.020700
4.720900
6.634800
6.634800
2.807000
-0.063800
0.893140
-3.891500
-6.762400
-4.848500
0.893140
3.764000
-1.020700
-1.977700
1.850100
0.893140
-3.891500
-6.762400
-5.805400
-0.063800
0.893140
-3.891500
-1.020700
-2.934600
1.850100
5.677800
-0.063800
-2.934600
-1.020700
0.893140
-1.977700
-7.719300
