-1.886200
-0.910570
-0.910570
0.065040
-1.886200
-0.910570
0.065040
-4.813000
-6.764200
-7.739800
-8.715400
-8.715400
-10.667000
-11.642000
-6.764200
-2.861800
2.991900
2.991900
4.943100
6.894300
6.894300
5.918700
2.016300
3.967500
4.943100
4.943100
4.943100
2.991900
1.040700
-3.837400
-2.861800
2.991900
6.894300
6.894300
6.894300
2.016300
0.065040
-4.813000
-6.764200
-5.788600
-5.788600
-7.739800
-1.886200
2.016300
5.918700
4.943100
2.016300
0.065040
-1.886200
-7.739800
-9.691100
-8.715400
-8.715400
-4.813000
-2.861800
-2.861800
2.016300
14.699000
21.528000
25.431000
23.480000
19.577000
17.625999
11.772000
2.991900
-2.861800
-6.764200
-5.788600
-8.715400
-13.593000
-16.520000
-14.569000
-13.593000
-13.593000
-12.618000
-11.642000
-12.618000
-9.691100
-9.691100
-6.764200
-6.764200
-6.764200
-1.886200
1.040700
1.040700
1.040700
1.040700
2.991900
2.991900
6.894300
6.894300
7.869900
7.869900
6.894300
5.918700
4.943100
8.845500
10.797000
6.894300
4.943100
2.991900
4.943100
2.991900
-2.861800
-2.861800
-1.886200
0.065040
2.016300
2.991900
2.991900
4.943100
2.016300
-1.886200
-3.837400
-6.764200
-6.764200
-7.739800
-2.861800
1.040700
-1.886200
-3.837400
-0.910570
-1.886200
0.065040
-1.886200
1.040700
1.040700
0.065040
0.065040
0.065040
0.065040
2.991900
3.967500
1.040700
-2.861800
-12.618000
-23.350000
-28.228001
-24.325001
-16.520000
-10.667000
-1.886200
5.918700
16.650000
24.455000
32.259998
33.236000
29.333000
21.528000
16.650000
4.943100
-2.861800
-6.764200
-5.788600
-6.764200
-9.691100
-9.691100
-6.764200
-2.861800
-1.886200
1.040700
6.894300
7.869900
9.821100
11.772000
9.821100
6.894300
6.894300
7.869900
3.967500
2.016300
1.040700
4.943100
7.869900
8.845500
15.675000
24.455000
30.309000
37.138000
41.041000
43.966999
42.992001
36.162998
32.259998
32.259998
31.285000
28.358000
18.601999
11.772000
2.991900
-6.764200
-16.520000
-22.374001
-27.252001
-33.105999
-36.033001
-42.862000
-46.764000
-45.789001
-49.691002
-50.667000
-48.715000
-44.813000
-40.910999
-31.153999
-24.325001
-19.447001
-8.715400
1.040700
6.894300
15.675000
25.431000
32.259998
37.138000
32.259998
22.504000
6.894300
-8.715400
-19.447001
-29.202999
-39.935001
-43.837002
-47.740002
-47.740002
-37.984001
-28.228001
-12.618000
-0.910570
2.016300
2.991900
5.918700
4.943100
5.918700
5.918700
7.869900
7.869900
6.894300
5.918700
0.065040
0.065040
8.845500
11.772000
10.797000
9.821100
11.772000
9.821100
2.016300
-5.788600
-11.642000
-14.569000
-12.618000
-7.739800
-2.861800
4.943100
11.772000
17.625999
23.480000
22.504000
26.407000
31.285000
25.431000
13.724000
6.894300
0.065040
-2.861800
-4.813000
-5.788600
-7.739800
-8.715400
-7.739800
-2.861800
1.040700
3.967500
15.675000
28.358000
35.187000
43.966999
51.771999
50.797001
49.820999
46.894001
41.041000
33.236000
28.358000
17.625999
10.797000
2.991900
-7.739800
-20.423000
-36.033001
-47.740002
-52.618000
-51.641998
-49.691002
-37.984001
-20.423000
-9.691100
-1.886200
6.894300
16.650000
23.480000
25.431000
23.480000
27.382000
26.407000
22.504000
16.650000
11.772000
3.967500
-5.788600
-19.447001
-26.275999
-27.252001
-25.301001
-29.202999
-31.153999
-28.228001
-26.275999
-25.301001
-24.325001
-23.350000
-22.374001
-12.618000
-2.861800
3.967500
3.967500
3.967500
5.918700
4.943100
2.991900
2.991900
-3.837400
-7.739800
-7.739800
-10.667000
-11.642000
-14.569000
-16.520000
-15.545000
-14.569000
-13.593000
-7.739800
1.040700
5.918700
11.772000
12.748000
14.699000
21.528000
26.407000
28.358000
28.358000
26.407000
23.480000
20.552999
17.625999
13.724000
10.797000
3.967500
-2.861800
-6.764200
-7.739800
-9.691100
-13.593000
-10.667000
-10.667000
-9.691100
-11.642000
-11.642000
-13.593000
-14.569000
-14.569000
-11.642000
-5.788600
1.040700
3.967500
4.943100
-1.886200
-5.788600
-10.667000
-10.667000
-14.569000
-15.545000
-11.642000
-9.691100
-2.861800
2.991900
3.967500
7.869900
12.748000
17.625999
14.699000
15.675000
17.625999
16.650000
19.577000
21.528000
22.504000
21.528000
18.601999
14.699000
5.918700
5.918700
0.065040
-5.788600
-4.813000
-0.910570
2.991900
3.967500
0.065040
0.065040
0.065040
0.065040
-0.910570
-1.886200
-3.837400
-6.764200
-12.618000
-15.545000
-16.520000
-18.472000
-19.447001
-11.642000
-9.691100
-7.739800
0.065040
5.918700
10.797000
13.724000
12.748000
16.650000
16.650000
13.724000
10.797000
10.797000
13.724000
18.601999
18.601999
16.650000
17.625999
19.577000
20.552999
19.577000
11.772000
2.016300
-5.788600
-12.618000
-19.447001
-24.325001
-23.350000
-22.374001
-20.423000
-18.472000
-11.642000
-6.764200
-0.910570
3.967500
2.991900
1.040700
5.918700
8.845500
8.845500
4.943100
-5.788600
-11.642000
-13.593000
-14.569000
-14.569000
-15.545000
-9.691100
-3.837400
-3.837400
-2.861800
-2.861800
-2.861800
-2.861800
2.991900
11.772000
15.675000
14.699000
6.894300
5.918700
7.869900
2.991900
-1.886200
-0.910570
1.040700
-2.861800
-8.715400
-9.691100
-6.764200
-3.837400
-3.837400
-3.837400
-3.837400
-6.764200
-8.715400
-9.691100
-5.788600
-3.837400
-2.861800
6.894300
13.724000
15.675000
14.699000
11.772000
7.869900
2.991900
2.016300
6.894300
13.724000
10.797000
2.991900
-0.910570
-2.861800
-6.764200
-12.618000
-19.447001
-19.447001
-17.496000
-22.374001
-21.398001
-17.496000
-14.569000
-11.642000
-7.739800
-2.861800
2.991900
9.821100
16.650000
19.577000
20.552999
21.528000
14.699000
2.991900
2.016300
-0.910570
-5.788600
-5.788600
-8.715400
-5.788600
-4.813000
-3.837400
2.991900
7.869900
13.724000
18.601999
19.577000
14.699000
10.797000
5.918700
4.943100
6.894300
3.967500
-2.861800
-5.788600
-4.813000
-1.886200
-1.886200
1.040700
8.845500
13.724000
18.601999
25.431000
25.431000
17.625999
10.797000
2.016300
-4.813000
-10.667000
-13.593000
-11.642000
-7.739800
-9.691100
-13.593000
-14.569000
-14.569000
-11.642000
-7.739800
-1.886200
2.016300
5.918700
8.845500
9.821100
5.918700
0.065040
-10.667000
-20.423000
-24.325001
-26.275999
-27.252001
-26.275999
-25.301001
-17.496000
-5.788600
2.016300
8.845500
11.772000
11.772000
8.845500
4.943100
-1.886200
-8.715400
-12.618000
-13.593000
-13.593000
-10.667000
-7.739800
-1.886200
0.065040
1.040700
3.967500
2.991900
2.016300
-0.910570
-4.813000
-4.813000
4.943100
11.772000
16.650000
20.552999
18.601999
14.699000
12.748000
8.845500
2.016300
-0.910570
-0.910570
-0.910570
-0.910570
1.040700
0.065040
0.065040
1.040700
2.016300
4.943100
7.869900
10.797000
14.699000
13.724000
10.797000
11.772000
8.845500
3.967500
-1.886200
-7.739800
-11.642000
-13.593000
-14.569000
-13.593000
-8.715400
-5.788600
-2.861800
-1.886200
2.016300
3.967500
4.943100
4.943100
4.943100
9.821100
7.869900
5.918700
5.918700
4.943100
5.918700
2.991900
-5.788600
-11.642000
-12.618000
-15.545000
-15.545000
-16.520000
-12.618000
-8.715400
0.065040
7.869900
10.797000
17.625999
13.724000
12.748000
12.748000
6.894300
1.040700
-0.910570
-4.813000
-8.715400
-11.642000
-13.593000
-15.545000
-17.496000
-12.618000
-9.691100
-7.739800
-3.837400
2.016300
9.821100
8.845500
6.894300
5.918700
5.918700
6.894300
3.967500
2.991900
7.869900
10.797000
6.894300
1.040700
-7.739800
-10.667000
-11.642000
-7.739800
-8.715400
-10.667000
-8.715400
-4.813000
0.065040
-1.886200
-1.886200
2.016300
0.065040
0.065040
1.040700
2.991900
4.943100
4.943100
2.991900
8.845500
15.675000
23.480000
28.358000
24.455000
20.552999
16.650000
10.797000
2.991900
-5.788600
-12.618000
-12.618000
-8.715400
-6.764200
-5.788600
-4.813000
-5.788600
-3.837400
-5.788600
-5.788600
-2.861800
3.967500
7.869900
6.894300
4.943100
1.040700
-1.886200
-0.910570
-1.886200
-8.715400
-11.642000
-14.569000
-12.618000
-5.788600
0.065040
2.991900
7.869900
11.772000
13.724000
17.625999
19.577000
13.724000
8.845500
6.894300
0.065040
-6.764200
-7.739800
-3.837400
1.040700
7.869900
13.724000
14.699000
13.724000
12.748000
15.675000
16.650000
18.601999
16.650000
14.699000
14.699000
12.748000
10.797000
6.894300
2.991900
2.991900
1.040700
-0.910570
-0.910570
-0.910570
-3.837400
-11.642000
-15.545000
-14.569000
-14.569000
-14.569000
-15.545000
-14.569000
-10.667000
-7.739800
-7.739800
-7.739800
-6.764200
-13.593000
-13.593000
-14.569000
-15.545000
-14.569000
-12.618000
-12.618000
-14.569000
-14.569000
-9.691100
-9.691100
-7.739800
-5.788600
-9.691100
-9.691100
-9.691100
-9.691100
-7.739800
0.065040
-1.886200
-2.861800
-6.764200
-9.691100
-8.715400
-9.691100
-7.739800
-2.861800
4.943100
6.894300
8.845500
12.748000
16.650000
16.650000
16.650000
12.748000
3.967500
-4.813000
-8.715400
-5.788600
-6.764200
-4.813000
-1.886200
-0.910570
2.991900
6.894300
5.918700
6.894300
8.845500
12.748000
18.601999
19.577000
16.650000
12.748000
7.869900
2.016300
-3.837400
-11.642000
-12.618000
-10.667000
-7.739800
-4.813000
-4.813000
-8.715400
-6.764200
-2.861800
2.991900
1.040700
2.016300
5.918700
2.016300
-1.886200
-3.837400
-1.886200
2.016300
2.991900
2.016300
5.918700
9.821100
11.772000
6.894300
5.918700
7.869900
9.821100
12.748000
15.675000
22.504000
20.552999
17.625999
15.675000
8.845500
6.894300
5.918700
3.967500
6.894300
2.016300
-1.886200
-4.813000
-4.813000
-5.788600
-8.715400
-8.715400
-6.764200
-3.837400
1.040700
4.943100
7.869900
6.894300
-0.910570
-7.739800
-13.593000
-16.520000
-16.520000
-13.593000
-10.667000
-9.691100
-11.642000
-14.569000
-14.569000
-11.642000
-8.715400
-6.764200
-2.861800
3.967500
6.894300
8.845500
13.724000
13.724000
11.772000
3.967500
-1.886200
-4.813000
-11.642000
-13.593000
-14.569000
-11.642000
-6.764200
0.065040
8.845500
18.601999
19.577000
16.650000
12.748000
8.845500
2.991900
-2.861800
-9.691100
-12.618000
-11.642000
-10.667000
-7.739800
-5.788600
0.065040
6.894300
7.869900
5.918700
8.845500
8.845500
4.943100
2.016300
-1.886200
-3.837400
-1.886200
-2.861800
-3.837400
-1.886200
5.918700
14.699000
12.748000
3.967500
2.016300
7.869900
9.821100
4.943100
-1.886200
-8.715400
-13.593000
-11.642000
-11.642000
-11.642000
-11.642000
-7.739800
-3.837400
-1.886200
1.040700
5.918700
12.748000
18.601999
22.504000
24.455000
25.431000
22.504000
20.552999
14.699000
9.821100
4.943100
2.991900
0.065040
-4.813000
-3.837400
-3.837400
-7.739800
-7.739800
-5.788600
-5.788600
-3.837400
-5.788600
-6.764200
-8.715400
-9.691100
-5.788600
-5.788600
-7.739800
-12.618000
-14.569000
-16.520000
-24.325001
-25.301001
