2.963000
4.895300
5.861500
6.827700
4.895300
4.895300
2.963000
-2.834100
-5.732700
-6.698900
-8.631200
-9.597400
-9.597400
-9.597400
-5.732700
-6.698900
-2.834100
-1.868000
1.996800
4.895300
6.827700
4.895300
-1.868000
-5.732700
-8.631200
-7.665100
-3.800300
-1.868000
-0.901770
-0.901770
1.030600
7.793900
11.659000
9.726200
7.793900
3.929100
1.996800
-1.868000
-4.766500
-4.766500
-4.766500
-6.698900
-0.901770
1.030600
0.064410
-1.868000
-3.800300
-4.766500
-1.868000
-6.698900
-8.631200
-6.698900
-8.631200
-8.631200
-11.530000
-17.327000
-18.292999
-7.665100
1.030600
6.827700
5.861500
2.963000
4.895300
3.929100
-0.901770
-2.834100
-2.834100
0.064410
0.064410
-2.834100
-3.800300
-1.868000
-2.834100
-0.901770
0.064410
-0.901770
-3.800300
-3.800300
-8.631200
-8.631200
-6.698900
-5.732700
0.064410
3.929100
4.895300
6.827700
8.760100
11.659000
11.659000
14.557000
12.625000
9.726200
8.760100
8.760100
10.692000
13.591000
19.388000
23.253000
22.287001
23.253000
22.287001
22.287001
21.320000
16.490000
16.490000
16.490000
17.455999
18.422001
17.455999
14.557000
12.625000
3.929100
-1.868000
-5.732700
-7.665100
-6.698900
-7.665100
-3.800300
-0.901770
-8.631200
-14.428000
-15.395000
-16.361000
-13.462000
-12.496000
-5.732700
-1.868000
1.030600
3.929100
5.861500
7.793900
10.692000
11.659000
8.760100
5.861500
-2.834100
-13.462000
-23.124001
-24.090000
-21.191999
-18.292999
-12.496000
-6.698900
2.963000
12.625000
22.287001
29.049999
30.016001
27.118000
26.150999
16.490000
5.861500
-3.800300
-8.631200
-10.564000
-12.496000
-12.496000
-9.597400
-4.766500
-2.834100
1.030600
7.793900
8.760100
10.692000
13.591000
12.625000
9.726200
7.793900
5.861500
1.996800
1.030600
-2.834100
-1.868000
-0.901770
-0.901770
3.929100
7.793900
8.760100
9.726200
9.726200
7.793900
4.895300
-2.834100
-7.665100
-5.732700
-4.766500
-5.732700
-14.428000
-18.292999
-23.124001
-29.886999
-36.651001
-40.514999
-42.448002
-41.480999
-36.651001
-38.583000
-41.480999
-38.583000
-37.617001
-34.717999
-30.853001
-28.921000
-26.023001
-17.327000
-9.597400
-8.631200
-2.834100
4.895300
12.625000
25.184999
36.778999
43.542999
49.340000
54.171001
52.237999
42.576000
33.881001
25.184999
16.490000
6.827700
1.030600
-6.698900
-14.428000
-14.428000
-16.361000
-13.462000
-13.462000
-20.225000
-26.023001
-28.921000
-32.785999
-34.717999
-34.717999
-31.820000
-28.921000
-26.023001
-18.292999
-15.395000
-9.597400
4.895300
12.625000
16.490000
22.287001
28.084000
27.118000
19.388000
10.692000
1.030600
-5.732700
-6.698900
-4.766500
-2.834100
-0.901770
-1.868000
0.064410
2.963000
3.929100
12.625000
22.287001
22.287001
17.455999
15.523000
14.557000
16.490000
17.455999
17.455999
17.455999
15.523000
11.659000
6.827700
2.963000
-0.901770
2.963000
7.793900
9.726200
17.455999
22.287001
22.287001
24.219000
26.150999
23.253000
19.388000
17.455999
14.557000
15.523000
13.591000
8.760100
0.064410
-10.564000
-18.292999
-21.191999
-20.225000
-20.225000
-14.428000
-3.800300
-0.901770
0.064410
3.929100
9.726200
11.659000
12.625000
10.692000
13.591000
11.659000
8.760100
2.963000
-2.834100
-8.631200
-14.428000
-23.124001
-26.023001
-24.090000
-20.225000
-22.158001
-22.158001
-19.259001
-16.361000
-15.395000
-16.361000
-18.292999
-20.225000
-12.496000
-5.732700
0.064410
0.064410
3.929100
5.861500
2.963000
-2.834100
-5.732700
-10.564000
-14.428000
-16.361000
-17.327000
-12.496000
-8.631200
-4.766500
1.030600
2.963000
4.895300
7.793900
10.692000
8.760100
8.760100
4.895300
2.963000
6.827700
12.625000
18.422001
21.320000
21.320000
19.388000
20.354000
22.287001
23.253000
23.253000
20.354000
17.455999
17.455999
18.422001
17.455999
12.625000
8.760100
2.963000
-3.800300
-10.564000
-15.395000
-19.259001
-19.259001
-18.292999
-15.395000
-8.631200
-0.901770
3.929100
5.861500
0.064410
-4.766500
-7.665100
-7.665100
-10.564000
-9.597400
-5.732700
-2.834100
1.030600
1.996800
-0.901770
-0.901770
2.963000
7.793900
6.827700
11.659000
16.490000
16.490000
18.422001
20.354000
19.388000
16.490000
15.523000
15.523000
8.760100
9.726200
2.963000
-2.834100
-1.868000
0.064410
2.963000
1.030600
-2.834100
-1.868000
-2.834100
-3.800300
-6.698900
-6.698900
-6.698900
-7.665100
-13.462000
-13.462000
-10.564000
-10.564000
-10.564000
0.064410
4.895300
6.827700
11.659000
14.557000
17.455999
18.422001
13.591000
12.625000
11.659000
6.827700
2.963000
1.996800
3.929100
5.861500
7.793900
8.760100
11.659000
13.591000
13.591000
10.692000
2.963000
-4.766500
-13.462000
-21.191999
-26.989000
-29.886999
-27.955000
-25.056000
-23.124001
-22.158001
-17.327000
-13.462000
-7.665100
-2.834100
-1.868000
-3.800300
-3.800300
-6.698900
-9.597400
-12.496000
-17.327000
-17.327000
-16.361000
-13.462000
-10.564000
-7.665100
0.064410
7.793900
9.726200
11.659000
11.659000
10.692000
7.793900
10.692000
14.557000
12.625000
9.726200
2.963000
1.030600
1.996800
0.064410
-1.868000
-0.901770
0.064410
-2.834100
-7.665100
-9.597400
-11.530000
-13.462000
-15.395000
-15.395000
-14.428000
-11.530000
-5.732700
-1.868000
1.996800
2.963000
3.929100
11.659000
20.354000
24.219000
24.219000
21.320000
15.523000
9.726200
7.793900
7.793900
6.827700
0.064410
-10.564000
-18.292999
-22.158001
-25.056000
-27.955000
-31.820000
-28.921000
-23.124001
-23.124001
-18.292999
-11.530000
-7.665100
-3.800300
0.064410
1.996800
2.963000
4.895300
10.692000
14.557000
16.490000
18.422001
15.523000
5.861500
5.861500
3.929100
0.064410
0.064410
-0.901770
1.996800
2.963000
1.996800
3.929100
5.861500
8.760100
11.659000
12.625000
8.760100
5.861500
3.929100
6.827700
11.659000
12.625000
7.793900
6.827700
11.659000
17.455999
17.455999
17.455999
24.219000
27.118000
24.219000
23.253000
17.455999
6.827700
-2.834100
-8.631200
-9.597400
-7.665100
-3.800300
1.996800
4.895300
2.963000
-0.901770
-4.766500
-9.597400
-9.597400
-7.665100
-0.901770
1.996800
1.030600
1.030600
0.064410
-1.868000
-8.631200
-18.292999
-27.955000
-31.820000
-31.820000
-26.989000
-18.292999
-11.530000
0.064410
9.726200
13.591000
15.523000
11.659000
2.963000
-7.665100
-14.428000
-21.191999
-26.989000
-26.023001
-22.158001
-17.327000
-11.530000
-6.698900
1.030600
5.861500
8.760100
11.659000
12.625000
10.692000
8.760100
5.861500
7.793900
14.557000
17.455999
16.490000
12.625000
5.861500
0.064410
-0.901770
-3.800300
-10.564000
-14.428000
-14.428000
-15.395000
-15.395000
-11.530000
-8.631200
-5.732700
-0.901770
4.895300
11.659000
16.490000
17.455999
19.388000
18.422001
13.591000
9.726200
6.827700
1.030600
-4.766500
-10.564000
-16.361000
-20.225000
-24.090000
-24.090000
-17.327000
-12.496000
-7.665100
-1.868000
2.963000
5.861500
8.760100
8.760100
8.760100
10.692000
4.895300
1.030600
2.963000
1.030600
1.030600
-2.834100
-9.597400
-13.462000
-13.462000
-14.428000
-12.496000
-13.462000
-10.564000
-6.698900
1.030600
7.793900
9.726200
15.523000
13.591000
13.591000
15.523000
14.557000
14.557000
12.625000
6.827700
1.030600
-2.834100
-5.732700
-8.631200
-11.530000
-8.631200
-3.800300
-0.901770
1.030600
5.861500
12.625000
12.625000
10.692000
7.793900
8.760100
11.659000
13.591000
13.591000
17.455999
21.320000
20.354000
16.490000
8.760100
0.064410
-7.665100
-8.631200
-11.530000
-13.462000
-13.462000
-11.530000
-7.665100
-6.698900
-2.834100
1.996800
1.996800
1.996800
1.030600
2.963000
4.895300
1.996800
-1.868000
0.064410
1.996800
5.861500
6.827700
2.963000
2.963000
1.996800
-0.901770
-3.800300
-7.665100
-8.631200
-3.800300
3.929100
8.760100
12.625000
14.557000
12.625000
8.760100
1.996800
-2.834100
-1.868000
1.030600
1.996800
1.030600
1.030600
1.996800
1.030600
2.963000
0.064410
-7.665100
-12.496000
-18.292999
-20.225000
-16.361000
-14.428000
-14.428000
-12.496000
-13.462000
-11.530000
-7.665100
-4.766500
-8.631200
-8.631200
-2.834100
-0.901770
1.030600
3.929100
10.692000
15.523000
20.354000
22.287001
22.287001
21.320000
16.490000
13.591000
9.726200
7.793900
3.929100
1.030600
2.963000
1.996800
1.030600
-0.901770
-2.834100
-1.868000
-2.834100
-3.800300
-1.868000
-1.868000
-0.901770
-6.698900
-10.564000
-9.597400
-9.597400
-9.597400
-9.597400
-9.597400
-7.665100
-4.766500
-4.766500
-5.732700
-9.597400
-18.292999
-19.259001
-19.259001
-15.395000
-6.698900
0.064410
2.963000
1.030600
-0.901770
1.996800
1.030600
1.996800
2.963000
-1.868000
-4.766500
-4.766500
-5.732700
-5.732700
-0.901770
-1.868000
-2.834100
-8.631200
-11.530000
-7.665100
-3.800300
2.963000
11.659000
20.354000
21.320000
18.422001
18.422001
17.455999
13.591000
11.659000
5.861500
-2.834100
-9.597400
-9.597400
-6.698900
-7.665100
-3.800300
1.030600
3.929100
8.760100
9.726200
6.827700
7.793900
8.760100
11.659000
13.591000
10.692000
4.895300
-1.868000
-8.631200
-12.496000
-15.395000
-15.395000
-10.564000
-1.868000
2.963000
4.895300
2.963000
-1.868000
-4.766500
-5.732700
-4.766500
-7.665100
-7.665100
-7.665100
-12.496000
-14.428000
-11.530000
-3.800300
3.929100
9.726200
12.625000
17.455999
20.354000
23.253000
16.490000
11.659000
11.659000
9.726200
8.760100
6.827700
7.793900
1.996800
-0.901770
1.030600
0.064410
1.030600
1.996800
1.996800
5.861500
3.929100
1.030600
-2.834100
-3.800300
-4.766500
-5.732700
-5.732700
-5.732700
-4.766500
-0.901770
1.030600
1.030600
0.064410
-3.800300
-9.597400
-12.496000
-10.564000
-3.800300
2.963000
7.793900
9.726200
6.827700
1.030600
-3.800300
-2.834100
-4.766500
-5.732700
-6.698900
-2.834100
-0.901770
1.030600
5.861500
7.793900
8.760100
3.929100
0.064410
-2.834100
-9.597400
-10.564000
-12.496000
-12.496000
-10.564000
-3.800300
3.929100
13.591000
14.557000
11.659000
9.726200
7.793900
3.929100
-1.868000
-8.631200
-11.530000
-12.496000
-11.530000
-5.732700
1.030600
9.726200
17.455999
22.287001
24.219000
26.150999
23.253000
17.455999
10.692000
3.929100
-1.868000
-4.766500
-4.766500
-4.766500
-3.800300
2.963000
9.726200
8.760100
1.030600
-3.800300
-1.868000
-2.834100
-8.631200
-16.361000
-24.090000
-30.853001
-33.751999
-32.785999
-31.820000
-28.921000
-23.124001
-16.361000
-9.597400
-1.868000
6.827700
14.557000
23.253000
29.049999
30.016001
27.118000
21.320000
16.490000
8.760100
3.929100
3.929100
4.895300
4.895300
0.064410
-0.901770
0.064410
-2.834100
-3.800300
-0.901770
0.064410
0.064410
-1.868000
-2.834100
-5.732700
-7.665100
-9.597400
-13.462000
-16.361000
-18.292999
-16.361000
-9.597400
-10.564000
-7.665100
