0.837360
-1.095000
1.803500
-3.027400
-4.959700
-8.824500
-9.790700
-11.723000
-13.655000
-20.419001
-19.452000
-13.655000
-18.486000
-11.723000
-0.128820
1.803500
4.702100
5.668300
3.735900
4.702100
3.735900
-1.095000
-3.027400
-6.892100
-13.655000
-6.892100
-5.925900
-7.858300
-9.790700
-10.757000
-14.622000
-10.757000
-11.723000
-11.723000
-9.790700
-8.824500
-6.892100
-7.858300
-10.757000
-8.824500
-5.925900
-8.824500
-0.128820
3.735900
1.803500
-1.095000
-3.027400
-6.892100
-2.061200
-4.959700
-12.689000
-8.824500
-8.824500
-9.790700
-11.723000
-13.655000
-6.892100
-2.061200
6.634500
10.499000
-1.095000
-3.027400
3.735900
2.769700
-5.925900
-3.993600
1.803500
5.668300
3.735900
-4.959700
-3.027400
1.803500
-3.027400
-3.993600
-0.128820
-1.095000
-2.061200
-1.095000
-7.858300
-6.892100
-4.959700
-3.027400
-1.095000
-0.128820
3.735900
-1.095000
-1.095000
5.668300
0.837360
-0.128820
-3.993600
-9.790700
-14.622000
-18.486000
-18.486000
-10.757000
2.769700
5.668300
3.735900
11.465000
5.668300
7.600600
9.533000
0.837360
0.837360
-3.993600
-3.993600
-7.858300
-7.858300
-4.959700
-3.993600
-6.892100
-6.892100
-10.757000
-10.757000
-10.757000
-8.824500
-3.027400
1.803500
-3.027400
-9.790700
-9.790700
-7.858300
-6.892100
-0.128820
4.702100
0.837360
-1.095000
-3.993600
-5.925900
-3.027400
4.702100
12.432000
22.093000
24.992001
19.195000
14.364000
10.499000
7.600600
1.803500
0.837360
9.533000
6.634500
-0.128820
1.803500
2.769700
1.803500
-6.892100
-4.959700
2.769700
-3.027400
-7.858300
-3.993600
-3.993600
-4.959700
-12.689000
-7.858300
-0.128820
0.837360
1.803500
4.702100
9.533000
4.702100
4.702100
10.499000
11.465000
10.499000
5.668300
1.803500
-2.061200
-1.095000
-6.892100
-17.520000
-19.452000
-18.486000
-16.554001
-16.554001
-12.689000
-8.824500
-10.757000
-10.757000
-3.993600
-1.095000
4.702100
5.668300
12.432000
11.465000
-0.128820
3.735900
5.668300
2.769700
3.735900
7.600600
7.600600
5.668300
7.600600
7.600600
12.432000
15.330000
12.432000
17.261999
21.127001
27.889999
26.924000
26.924000
31.754999
36.585999
35.619999
28.857000
21.127001
17.261999
13.398000
4.702100
2.769700
6.634500
8.566800
-0.128820
-5.925900
-9.790700
-9.790700
-9.790700
-6.892100
-9.790700
-16.554001
-15.588000
-14.622000
-4.959700
-4.959700
-9.790700
-8.824500
-10.757000
-9.790700
-5.925900
6.634500
13.398000
11.465000
12.432000
5.668300
-1.095000
-2.061200
0.837360
-3.027400
-6.892100
0.837360
0.837360
-12.689000
-22.351000
-29.114000
-37.810001
-38.776001
-31.047001
-20.419001
-12.689000
-1.095000
6.634500
4.702100
7.600600
15.330000
18.229000
19.195000
14.364000
2.769700
-1.095000
-1.095000
-0.128820
2.769700
10.499000
15.330000
9.533000
0.837360
-1.095000
-4.959700
-15.588000
-9.790700
-9.790700
-9.790700
-6.892100
-5.925900
0.837360
3.735900
6.634500
13.398000
10.499000
8.566800
5.668300
12.432000
13.398000
7.600600
-1.095000
-10.757000
-11.723000
-20.419001
-20.419001
-23.316999
-23.316999
-16.554001
-12.689000
-4.959700
4.702100
14.364000
17.261999
14.364000
14.364000
20.160999
11.465000
10.499000
17.261999
16.296000
4.702100
-3.993600
-8.824500
-10.757000
-9.790700
-6.892100
-3.993600
-0.128820
0.837360
0.837360
-3.993600
-1.095000
-0.128820
-3.027400
-4.959700
0.837360
10.499000
7.600600
10.499000
11.465000
11.465000
18.229000
16.296000
17.261999
15.330000
15.330000
13.398000
15.330000
14.364000
14.364000
11.465000
9.533000
13.398000
13.398000
6.634500
-1.095000
-4.959700
-7.858300
-15.588000
-10.757000
-9.790700
-7.858300
-6.892100
-8.824500
-13.655000
-16.554001
-4.959700
-2.061200
1.803500
-0.128820
-3.027400
-9.790700
-10.757000
-7.858300
-5.925900
-1.095000
-2.061200
-3.993600
-4.959700
-5.925900
0.837360
2.769700
-5.925900
-7.858300
1.803500
5.668300
1.803500
2.769700
0.837360
-0.128820
-3.027400
-1.095000
1.803500
-1.095000
-5.925900
-4.959700
-1.095000
-3.027400
-6.892100
-15.588000
-7.858300
2.769700
1.803500
8.566800
15.330000
12.432000
7.600600
4.702100
9.533000
8.566800
5.668300
4.702100
-3.027400
-4.959700
-17.520000
-16.554001
-6.892100
-2.061200
1.803500
-0.128820
-4.959700
-6.892100
1.803500
4.702100
2.769700
1.803500
-7.858300
-15.588000
-13.655000
-11.723000
-16.554001
-17.520000
-14.622000
-9.790700
-7.858300
4.702100
14.364000
18.229000
23.059999
21.127001
17.261999
18.229000
22.093000
20.160999
12.432000
1.803500
0.837360
-11.723000
-13.655000
-10.757000
-14.622000
-8.824500
-0.128820
7.600600
13.398000
11.465000
13.398000
18.229000
16.296000
10.499000
7.600600
1.803500
1.803500
-2.061200
-9.790700
-13.655000
-17.520000
-21.385000
-28.148001
-35.877998
-38.776001
-33.945000
-27.181999
-22.351000
-18.486000
-13.655000
-9.790700
-6.892100
2.769700
6.634500
7.600600
11.465000
11.465000
13.398000
5.668300
-12.689000
-8.824500
8.566800
12.432000
15.330000
16.296000
15.330000
7.600600
4.702100
10.499000
15.330000
14.364000
17.261999
18.229000
15.330000
7.600600
5.668300
9.533000
11.465000
10.499000
9.533000
11.465000
14.364000
16.296000
16.296000
11.465000
3.735900
5.668300
12.432000
9.533000
8.566800
4.702100
-2.061200
-9.790700
-13.655000
-1.095000
7.600600
5.668300
7.600600
7.600600
7.600600
7.600600
3.735900
0.837360
2.769700
0.837360
-1.095000
-7.858300
-6.892100
-9.790700
-11.723000
-10.757000
-6.892100
0.837360
7.600600
14.364000
17.261999
18.229000
14.364000
12.432000
9.533000
-1.095000
-0.128820
-3.993600
-10.757000
-21.385000
-23.316999
-18.486000
-21.385000
-20.419001
-11.723000
-3.993600
2.769700
-0.128820
3.735900
11.465000
9.533000
9.533000
11.465000
7.600600
3.735900
-13.655000
-12.689000
-11.723000
-16.554001
-19.452000
-16.554001
-11.723000
-2.061200
7.600600
10.499000
13.398000
13.398000
10.499000
11.465000
4.702100
2.769700
1.803500
-2.061200
-6.892100
-12.689000
-20.419001
-28.148001
-34.910999
-44.573002
-32.013000
-31.047001
-19.452000
-0.128820
9.533000
11.465000
9.533000
12.432000
11.465000
11.465000
4.702100
4.702100
9.533000
2.769700
-0.128820
-4.959700
-3.993600
-7.858300
-13.655000
-18.486000
-15.588000
-6.892100
1.803500
8.566800
6.634500
8.566800
20.160999
23.059999
20.160999
22.093000
17.261999
7.600600
5.668300
5.668300
1.803500
1.803500
7.600600
9.533000
15.330000
19.195000
19.195000
12.432000
4.702100
2.769700
-1.095000
1.803500
0.837360
-2.061200
1.803500
2.769700
2.769700
1.803500
-0.128820
-1.095000
-0.128820
3.735900
7.600600
4.702100
1.803500
1.803500
-3.027400
-14.622000
-8.824500
-7.858300
-16.554001
-15.588000
-13.655000
-10.757000
-6.892100
-7.858300
-4.959700
9.533000
15.330000
16.296000
13.398000
5.668300
2.769700
0.837360
-3.027400
-3.027400
-1.095000
4.702100
7.600600
13.398000
13.398000
9.533000
5.668300
-3.027400
-8.824500
-12.689000
-14.622000
-12.689000
-12.689000
-15.588000
-4.959700
5.668300
10.499000
10.499000
11.465000
15.330000
8.566800
-0.128820
-4.959700
-3.027400
-5.925900
-13.655000
-16.554001
-16.554001
-15.588000
-13.655000
-11.723000
-9.790700
-5.925900
-0.128820
-2.061200
0.837360
2.769700
-5.925900
-8.824500
-13.655000
-22.351000
-26.216000
-25.250000
-26.216000
-30.080999
-26.216000
-20.419001
-20.419001
-14.622000
-8.824500
-3.993600
0.837360
5.668300
17.261999
24.025999
20.160999
20.160999
20.160999
19.195000
17.261999
9.533000
8.566800
-1.095000
-1.095000
2.769700
-2.061200
-2.061200
-1.095000
6.634500
18.229000
20.160999
15.330000
13.398000
16.296000
15.330000
7.600600
2.769700
-9.790700
-9.790700
-7.858300
-14.622000
-14.622000
-5.925900
-4.959700
4.702100
8.566800
13.398000
17.261999
17.261999
18.229000
15.330000
8.566800
6.634500
1.803500
-2.061200
-6.892100
-13.655000
-14.622000
-15.588000
-13.655000
-2.061200
4.702100
5.668300
5.668300
8.566800
9.533000
13.398000
17.261999
12.432000
6.634500
8.566800
10.499000
7.600600
3.735900
5.668300
1.803500
1.803500
-3.027400
3.735900
8.566800
1.803500
-1.095000
-8.824500
-7.858300
-2.061200
-3.027400
-2.061200
-1.095000
3.735900
5.668300
1.803500
-2.061200
1.803500
4.702100
4.702100
-3.993600
-2.061200
-1.095000
-3.027400
-0.128820
-1.095000
0.837360
0.837360
-1.095000
-3.027400
-3.027400
-0.128820
0.837360
0.837360
2.769700
5.668300
0.837360
-0.128820
-3.027400
-3.027400
0.837360
-2.061200
-10.757000
-4.959700
-2.061200
-8.824500
-5.925900
-3.027400
-1.095000
1.803500
2.769700
-3.027400
-3.993600
-4.959700
-1.095000
-5.925900
-8.824500
-8.824500
-15.588000
-20.419001
-28.148001
-28.148001
-20.419001
-12.689000
-4.959700
6.634500
9.533000
12.432000
15.330000
1.803500
-3.027400
1.803500
-1.095000
-5.925900
-11.723000
-14.622000
-17.520000
-27.181999
-19.452000
-9.790700
-3.993600
5.668300
15.330000
20.160999
21.127001
20.160999
17.261999
8.566800
15.330000
18.229000
7.600600
4.702100
2.769700
2.769700
-1.095000
-3.993600
-2.061200
1.803500
10.499000
17.261999
14.364000
16.296000
15.330000
8.566800
2.769700
1.803500
0.837360
-8.824500
-9.790700
-6.892100
-3.993600
2.769700
9.533000
10.499000
9.533000
13.398000
13.398000
7.600600
5.668300
7.600600
4.702100
4.702100
-4.959700
-16.554001
-25.250000
-24.283001
-25.250000
-30.080999
-34.910999
-24.283001
-7.858300
5.668300
8.566800
15.330000
21.127001
18.229000
18.229000
17.261999
14.364000
0.837360
-2.061200
-5.925900
-14.622000
-24.283001
-30.080999
-29.114000
-26.216000
-16.554001
-10.757000
-11.723000
-15.588000
-12.689000
-7.858300
-0.128820
7.600600
12.432000
24.025999
36.585999
32.721001
32.721001
32.721001
26.924000
21.127001
20.160999
16.296000
11.465000
10.499000
-1.095000
2.769700
7.600600
3.735900
3.735900
5.668300
5.668300
2.769700
-0.128820
-3.993600
-9.790700
-20.419001
-24.283001
-22.351000
-24.283001
-25.250000
-25.250000
-22.351000
-18.486000
-9.790700
-6.892100
-5.925900
-3.027400
1.803500
4.702100
1.803500
-1.095000
-3.993600
4.702100
7.600600
0.837360
5.668300
16.296000
20.160999
18.229000
14.364000
14.364000
14.364000
14.364000
17.261999
12.432000
13.398000
13.398000
6.634500
8.566800
6.634500
5.668300
12.432000
9.533000
9.533000
11.465000
13.398000
13.398000
12.432000
6.634500
12.432000
14.364000
9.533000
9.533000
3.735900
0.837360
0.837360
0.837360
-3.993600
-6.892100
-0.128820
1.803500
-3.993600
-5.925900
-3.993600
-4.959700
-7.858300
-3.993600
-4.959700
-8.824500
-3.993600
5.668300
10.499000
9.533000
0.837360
0.837360
-2.061200
-5.925900
-8.824500
