6.634100
7.609800
5.658500
4.682900
9.561000
8.585400
5.658500
2.731700
0.780490
-0.195120
-0.195120
-3.122000
-6.048800
-7.024400
-4.097600
-4.097600
-4.097600
-2.146300
-0.195120
1.756100
3.707300
2.731700
4.682900
2.731700
1.756100
3.707300
1.756100
3.707300
6.634100
7.609800
6.634100
3.707300
2.731700
6.634100
7.609800
7.609800
6.634100
4.682900
4.682900
1.756100
0.780490
4.682900
8.585400
9.561000
7.609800
5.658500
7.609800
2.731700
0.780490
-0.195120
-1.170700
-0.195120
-3.122000
-2.146300
1.756100
2.731700
1.756100
2.731700
6.634100
6.634100
5.658500
5.658500
5.658500
5.658500
3.707300
3.707300
-0.195120
-1.170700
-0.195120
-5.073200
-9.951200
-8.975600
-6.048800
-3.122000
-2.146300
-3.122000
-5.073200
-8.000000
-8.975600
-6.048800
-2.146300
-2.146300
-4.097600
-6.048800
-9.951200
-12.878000
-9.951200
-8.000000
-3.122000
-2.146300
-3.122000
-3.122000
-5.073200
-4.097600
-2.146300
2.731700
5.658500
2.731700
2.731700
2.731700
1.756100
0.780490
1.756100
1.756100
1.756100
0.780490
4.682900
9.561000
8.585400
6.634100
4.682900
4.682900
4.682900
4.682900
5.658500
5.658500
6.634100
4.682900
5.658500
1.756100
-2.146300
-3.122000
-2.146300
-3.122000
-6.048800
-6.048800
-2.146300
-3.122000
-3.122000
0.780490
-1.170700
-5.073200
-6.048800
-6.048800
-3.122000
-3.122000
-6.048800
-11.902000
-12.878000
-8.000000
-5.073200
-6.048800
-5.073200
-2.146300
1.756100
5.658500
5.658500
3.707300
3.707300
3.707300
2.731700
-3.122000
-5.073200
-4.097600
-3.122000
-2.146300
-1.170700
-2.146300
-2.146300
0.780490
4.682900
3.707300
2.731700
5.658500
8.585400
11.512000
11.512000
5.658500
-4.097600
-8.000000
-4.097600
0.780490
1.756100
-2.146300
-5.073200
-6.048800
-7.024400
-6.048800
-5.073200
-4.097600
-6.048800
-6.048800
0.780490
4.682900
3.707300
5.658500
6.634100
5.658500
5.658500
3.707300
4.682900
6.634100
4.682900
4.682900
3.707300
-0.195120
1.756100
3.707300
4.682900
5.658500
6.634100
5.658500
3.707300
2.731700
1.756100
-1.170700
-1.170700
-1.170700
-0.195120
1.756100
3.707300
3.707300
3.707300
3.707300
6.634100
10.537000
12.488000
9.561000
6.634100
4.682900
3.707300
1.756100
4.682900
6.634100
2.731700
-2.146300
-2.146300
-3.122000
-3.122000
-3.122000
-2.146300
-0.195120
-1.170700
-2.146300
-2.146300
-2.146300
-4.097600
-6.048800
-7.024400
-5.073200
-2.146300
-0.195120
-1.170700
-3.122000
-5.073200
-6.048800
-6.048800
-2.146300
2.731700
5.658500
7.609800
7.609800
6.634100
4.682900
-0.195120
-6.048800
-8.975600
-8.975600
-7.024400
-3.122000
-3.122000
-2.146300
-2.146300
-3.122000
1.756100
8.585400
14.439000
18.341000
20.292999
21.268000
22.243999
26.146000
30.049000
32.000000
31.024000
25.171000
24.195000
24.195000
23.219999
22.243999
20.292999
14.439000
10.537000
1.756100
-7.024400
-13.854000
-17.756001
-18.732000
-21.659000
-24.584999
-24.584999
-21.659000
-17.756001
-13.854000
-11.902000
-8.975600
-8.000000
-8.000000
-7.024400
-9.951200
-12.878000
-13.854000
-17.756001
-18.732000
-18.732000
-16.780001
-18.732000
-14.829000
-10.927000
-10.927000
-11.902000
-10.927000
-6.048800
4.682900
9.561000
9.561000
7.609800
-4.097600
-13.854000
-17.756001
-15.805000
-11.902000
-10.927000
-10.927000
-9.951200
-8.000000
-3.122000
0.780490
-0.195120
-0.195120
2.731700
2.731700
3.707300
4.682900
0.780490
0.780490
-2.146300
-6.048800
-6.048800
-6.048800
-2.146300
3.707300
9.561000
7.609800
4.682900
4.682900
4.682900
1.756100
3.707300
1.756100
-2.146300
-2.146300
-1.170700
-4.097600
-8.000000
-7.024400
-6.048800
-2.146300
3.707300
4.682900
5.658500
8.585400
8.585400
6.634100
5.658500
5.658500
2.731700
-0.195120
-1.170700
-1.170700
0.780490
2.731700
1.756100
-1.170700
-0.195120
2.731700
4.682900
1.756100
-1.170700
-0.195120
0.780490
-0.195120
-3.122000
-3.122000
-5.073200
-2.146300
0.780490
0.780490
0.780490
6.634100
9.561000
6.634100
4.682900
2.731700
3.707300
3.707300
0.780490
-3.122000
-5.073200
-4.097600
0.780490
5.658500
7.609800
8.585400
4.682900
0.780490
-2.146300
-6.048800
-4.097600
-0.195120
3.707300
4.682900
5.658500
5.658500
1.756100
1.756100
-0.195120
-3.122000
-2.146300
-2.146300
-2.146300
-4.097600
-5.073200
-2.146300
-0.195120
4.682900
5.658500
7.609800
10.537000
8.585400
7.609800
11.512000
11.512000
8.585400
5.658500
2.731700
4.682900
6.634100
3.707300
3.707300
2.731700
-0.195120
-1.170700
-2.146300
-4.097600
-8.975600
-8.975600
-2.146300
0.780490
-0.195120
2.731700
4.682900
3.707300
4.682900
4.682900
6.634100
6.634100
2.731700
-1.170700
-6.048800
-9.951200
-10.927000
-9.951200
-9.951200
-10.927000
-5.073200
-8.000000
-10.927000
-8.000000
-8.000000
-5.073200
-2.146300
-2.146300
-3.122000
-1.170700
0.780490
1.756100
-0.195120
-3.122000
-5.073200
-7.024400
-8.975600
-7.024400
-6.048800
-4.097600
-1.170700
2.731700
3.707300
2.731700
1.756100
6.634100
14.439000
20.292999
14.439000
7.609800
2.731700
2.731700
4.682900
4.682900
6.634100
6.634100
3.707300
2.731700
3.707300
5.658500
5.658500
4.682900
5.658500
3.707300
1.756100
0.780490
-0.195120
-2.146300
-1.170700
3.707300
4.682900
5.658500
6.634100
6.634100
2.731700
-2.146300
-4.097600
-5.073200
-8.000000
-8.000000
-6.048800
-7.024400
-6.048800
-4.097600
-5.073200
-3.122000
-5.073200
-6.048800
-4.097600
-3.122000
-2.146300
-0.195120
-2.146300
-8.000000
-7.024400
-6.048800
-6.048800
-5.073200
-1.170700
5.658500
6.634100
5.658500
4.682900
3.707300
2.731700
-1.170700
1.756100
5.658500
3.707300
2.731700
0.780490
1.756100
1.756100
0.780490
0.780490
4.682900
8.585400
6.634100
-0.195120
-0.195120
0.780490
-1.170700
-1.170700
-0.195120
3.707300
1.756100
-2.146300
-2.146300
-5.073200
-8.000000
-6.048800
-2.146300
0.780490
0.780490
0.780490
1.756100
1.756100
2.731700
1.756100
0.780490
2.731700
3.707300
3.707300
3.707300
2.731700
-1.170700
-6.048800
-7.024400
-7.024400
-4.097600
-0.195120
1.756100
-0.195120
1.756100
3.707300
6.634100
12.488000
15.415000
16.389999
10.537000
4.682900
-0.195120
-7.024400
-10.927000
-8.975600
-9.951200
-9.951200
-6.048800
-2.146300
-0.195120
0.780490
2.731700
4.682900
8.585400
17.365999
23.219999
20.292999
8.585400
-2.146300
-2.146300
-3.122000
-3.122000
-2.146300
-3.122000
-2.146300
1.756100
1.756100
1.756100
2.731700
3.707300
0.780490
-0.195120
-0.195120
-3.122000
-4.097600
-5.073200
-7.024400
-10.927000
-12.878000
-11.902000
-12.878000
-15.805000
-16.780001
-9.951200
-3.122000
5.658500
11.512000
13.463000
15.415000
13.463000
7.609800
3.707300
0.780490
-6.048800
-12.878000
-16.780001
-18.732000
-13.854000
-5.073200
0.780490
4.682900
4.682900
4.682900
6.634100
7.609800
8.585400
9.561000
9.561000
10.537000
6.634100
-1.170700
-4.097600
-2.146300
-1.170700
-3.122000
-6.048800
-7.024400
-5.073200
-4.097600
0.780490
-0.195120
-0.195120
1.756100
4.682900
3.707300
-1.170700
-3.122000
-3.122000
-4.097600
-5.073200
-5.073200
-1.170700
5.658500
9.561000
7.609800
2.731700
1.756100
1.756100
3.707300
5.658500
4.682900
1.756100
-2.146300
-5.073200
-6.048800
-8.975600
-8.975600
-8.000000
-5.073200
-2.146300
1.756100
-2.146300
-8.000000
-7.024400
-4.097600
-0.195120
-0.195120
-3.122000
-7.024400
-11.902000
-14.829000
-9.951200
-6.048800
-4.097600
-2.146300
0.780490
0.780490
-2.146300
-2.146300
1.756100
6.634100
9.561000
10.537000
8.585400
6.634100
5.658500
1.756100
0.780490
5.658500
12.488000
11.512000
10.537000
12.488000
13.463000
10.537000
6.634100
6.634100
4.682900
-2.146300
-6.048800
-7.024400
-6.048800
-4.097600
-5.073200
-5.073200
-6.048800
-5.073200
-6.048800
-4.097600
0.780490
-2.146300
-2.146300
-4.097600
-7.024400
-8.975600
-10.927000
-15.805000
-14.829000
-8.975600
-4.097600
-2.146300
0.780490
5.658500
8.585400
10.537000
12.488000
10.537000
8.585400
9.561000
8.585400
4.682900
2.731700
-1.170700
-1.170700
1.756100
2.731700
5.658500
7.609800
6.634100
5.658500
4.682900
0.780490
-3.122000
-2.146300
-0.195120
0.780490
2.731700
-2.146300
-7.024400
-8.975600
-7.024400
-0.195120
5.658500
6.634100
6.634100
6.634100
2.731700
3.707300
6.634100
5.658500
-2.146300
-10.927000
-11.902000
-9.951200
-7.024400
-5.073200
-1.170700
3.707300
9.561000
8.585400
7.609800
3.707300
1.756100
4.682900
8.585400
10.537000
5.658500
2.731700
-2.146300
-8.000000
-7.024400
-2.146300
0.780490
-1.170700
0.780490
2.731700
0.780490
0.780490
-3.122000
-3.122000
-5.073200
-4.097600
5.658500
10.537000
6.634100
4.682900
3.707300
5.658500
8.585400
5.658500
-0.195120
-5.073200
-7.024400
-5.073200
-3.122000
-5.073200
-2.146300
-2.146300
-5.073200
-3.122000
1.756100
4.682900
3.707300
1.756100
2.731700
1.756100
0.780490
-0.195120
-1.170700
2.731700
6.634100
4.682900
1.756100
3.707300
3.707300
0.780490
1.756100
2.731700
0.780490
-0.195120
-0.195120
2.731700
5.658500
5.658500
1.756100
-3.122000
-7.024400
-8.975600
-8.000000
-6.048800
-3.122000
-3.122000
-6.048800
-9.951200
-10.927000
-10.927000
-8.000000
-5.073200
-7.024400
-8.000000
-5.073200
-3.122000
-1.170700
1.756100
3.707300
5.658500
-0.195120
-6.048800
-9.951200
-8.975600
-5.073200
-3.122000
-2.146300
-0.195120
2.731700
6.634100
5.658500
8.585400
14.439000
12.488000
13.463000
11.512000
3.707300
-3.122000
-7.024400
-4.097600
1.756100
4.682900
4.682900
2.731700
3.707300
7.609800
11.512000
13.463000
14.439000
11.512000
6.634100
0.780490
-4.097600
-6.048800
-6.048800
-4.097600
-1.170700
4.682900
9.561000
10.537000
9.561000
8.585400
4.682900
-0.195120
-3.122000
-2.146300
-3.122000
-5.073200
-5.073200
-3.122000
-3.122000
-2.146300
-4.097600
-6.048800
-1.170700
5.658500
9.561000
7.609800
3.707300
-0.195120
-3.122000
-3.122000
-2.146300
-0.195120
-2.146300
-7.024400
-10.927000
-9.951200
-8.975600
-6.048800
-7.024400
-11.902000
-13.854000
-10.927000
-8.000000
-8.975600
-6.048800
0.780490
5.658500
3.707300
-2.146300
-4.097600
-3.122000
-2.146300
-2.146300
-2.146300
-3.122000
-0.195120
4.682900
11.512000
16.389999
20.292999
25.171000
26.146000
22.243999
19.316999
17.365999
17.365999
17.365999
10.537000
0.780490
-6.048800
-7.024400
-9.951200
-13.854000
-12.878000
-8.975600
-5.073200
1.756100
10.537000
13.463000
8.585400
-2.146300
