2.016300
3.967500
2.991900
2.991900
1.040700
2.991900
4.943100
3.967500
7.869900
6.894300
5.918700
8.845500
10.797000
11.772000
10.797000
13.724000
11.772000
7.869900
2.991900
0.065040
0.065040
0.065040
-0.910570
-4.813000
-9.691100
-10.667000
-9.691100
-8.715400
-6.764200
-3.837400
1.040700
-2.861800
-4.813000
-3.837400
-2.861800
-2.861800
-5.788600
-3.837400
-0.910570
-1.886200
-1.886200
-4.813000
-2.861800
-1.886200
-2.861800
2.016300
1.040700
1.040700
2.991900
1.040700
1.040700
1.040700
1.040700
0.065040
-2.861800
-2.861800
-2.861800
-3.837400
-7.739800
-8.715400
-4.813000
-1.886200
-1.886200
-4.813000
-1.886200
0.065040
0.065040
1.040700
0.065040
1.040700
2.991900
2.016300
3.967500
4.943100
3.967500
5.918700
1.040700
-0.910570
0.065040
2.016300
8.845500
9.821100
4.943100
2.016300
2.016300
0.065040
-1.886200
-3.837400
-2.861800
2.016300
4.943100
5.918700
4.943100
2.016300
2.016300
-0.910570
-4.813000
-8.715400
-11.642000
-9.691100
-6.764200
-3.837400
-0.910570
0.065040
2.991900
4.943100
2.991900
2.016300
-1.886200
-6.764200
-7.739800
-1.886200
0.065040
0.065040
2.991900
2.991900
2.016300
1.040700
-1.886200
0.065040
2.016300
6.894300
8.845500
4.943100
2.016300
2.016300
1.040700
1.040700
4.943100
2.991900
0.065040
0.065040
2.991900
4.943100
4.943100
2.016300
0.065040
2.016300
1.040700
-0.910570
-2.861800
-5.788600
-7.739800
-7.739800
-8.715400
-3.837400
0.065040
2.016300
-0.910570
-5.788600
-8.715400
-3.837400
-0.910570
-0.910570
2.016300
4.943100
3.967500
2.016300
1.040700
-0.910570
1.040700
4.943100
8.845500
9.821100
7.869900
6.894300
11.772000
14.699000
14.699000
11.772000
8.845500
5.918700
8.845500
11.772000
11.772000
10.797000
3.967500
-0.910570
-4.813000
-7.739800
-8.715400
-8.715400
-8.715400
-3.837400
-0.910570
-1.886200
0.065040
3.967500
4.943100
3.967500
5.918700
5.918700
2.991900
-0.910570
-0.910570
-4.813000
-8.715400
-11.642000
-9.691100
-10.667000
-15.545000
-22.374001
-23.350000
-18.472000
-12.618000
-9.691100
-6.764200
-5.788600
-5.788600
-6.764200
-5.788600
-0.910570
2.991900
3.967500
2.991900
-0.910570
-1.886200
0.065040
2.991900
1.040700
-2.861800
-1.886200
1.040700
-1.886200
-2.861800
-0.910570
2.016300
3.967500
5.918700
9.821100
13.724000
13.724000
13.724000
12.748000
14.699000
12.748000
9.821100
9.821100
10.797000
7.869900
2.991900
3.967500
2.991900
4.943100
5.918700
5.918700
3.967500
1.040700
1.040700
2.016300
-1.886200
-2.861800
2.016300
7.869900
6.894300
2.016300
-0.910570
-1.886200
-1.886200
-3.837400
-2.861800
-4.813000
-9.691100
-10.667000
-10.667000
-12.618000
-11.642000
-7.739800
-1.886200
0.065040
-0.910570
1.040700
2.016300
4.943100
2.991900
0.065040
-3.837400
-6.764200
-8.715400
-4.813000
-1.886200
0.065040
1.040700
2.016300
2.991900
5.918700
8.845500
4.943100
1.040700
1.040700
1.040700
1.040700
0.065040
-0.910570
1.040700
1.040700
0.065040
-4.813000
-8.715400
-8.715400
-4.813000
-1.886200
1.040700
4.943100
6.894300
7.869900
8.845500
6.894300
2.016300
-2.861800
-9.691100
-10.667000
-7.739800
1.040700
5.918700
2.016300
-0.910570
0.065040
2.016300
2.991900
5.918700
7.869900
5.918700
2.016300
-3.837400
-4.813000
-5.788600
-6.764200
-8.715400
-9.691100
-5.788600
-3.837400
-3.837400
-2.861800
-2.861800
-3.837400
-5.788600
-4.813000
-1.886200
-0.910570
2.991900
6.894300
6.894300
4.943100
3.967500
4.943100
3.967500
1.040700
3.967500
3.967500
0.065040
-2.861800
0.065040
2.991900
1.040700
0.065040
0.065040
-2.861800
-3.837400
-4.813000
-3.837400
-3.837400
-2.861800
-2.861800
-1.886200
-3.837400
-6.764200
-2.861800
0.065040
1.040700
2.016300
2.991900
3.967500
3.967500
0.065040
-1.886200
-0.910570
2.991900
3.967500
1.040700
0.065040
2.016300
0.065040
1.040700
2.016300
2.016300
1.040700
2.991900
3.967500
2.991900
2.991900
2.016300
0.065040
0.065040
-0.910570
1.040700
3.967500
4.943100
3.967500
3.967500
8.845500
8.845500
8.845500
12.748000
10.797000
7.869900
3.967500
1.040700
-1.886200
-7.739800
-8.715400
-5.788600
-1.886200
1.040700
3.967500
2.991900
2.991900
0.065040
-3.837400
-8.715400
-11.642000
-8.715400
-4.813000
-4.813000
-9.691100
-11.642000
-10.667000
-3.837400
1.040700
2.991900
1.040700
3.967500
5.918700
2.991900
2.016300
5.918700
4.943100
4.943100
3.967500
5.918700
3.967500
2.991900
4.943100
6.894300
8.845500
8.845500
8.845500
9.821100
10.797000
8.845500
8.845500
8.845500
6.894300
3.967500
1.040700
1.040700
0.065040
-2.861800
-6.764200
-7.739800
-10.667000
-9.691100
-5.788600
-3.837400
0.065040
2.016300
-1.886200
-2.861800
-1.886200
3.967500
7.869900
5.918700
4.943100
5.918700
6.894300
1.040700
-6.764200
-13.593000
-15.545000
-13.593000
-10.667000
-7.739800
-6.764200
-4.813000
-2.861800
-1.886200
1.040700
0.065040
0.065040
0.065040
-1.886200
-3.837400
-1.886200
1.040700
2.991900
5.918700
4.943100
4.943100
4.943100
7.869900
6.894300
5.918700
5.918700
5.918700
4.943100
2.991900
2.016300
1.040700
2.016300
0.065040
1.040700
1.040700
-0.910570
-1.886200
0.065040
1.040700
1.040700
-0.910570
-2.861800
-3.837400
-3.837400
-1.886200
-1.886200
-1.886200
-4.813000
-6.764200
-6.764200
-6.764200
-7.739800
-7.739800
-3.837400
1.040700
3.967500
3.967500
0.065040
-3.837400
-2.861800
4.943100
9.821100
11.772000
8.845500
2.991900
0.065040
-2.861800
-1.886200
1.040700
1.040700
-1.886200
2.016300
3.967500
1.040700
0.065040
-0.910570
-0.910570
-0.910570
-0.910570
-1.886200
-4.813000
-3.837400
-1.886200
0.065040
-1.886200
-4.813000
-7.739800
-9.691100
-5.788600
-1.886200
0.065040
-0.910570
-1.886200
3.967500
6.894300
9.821100
10.797000
11.772000
8.845500
7.869900
6.894300
3.967500
1.040700
-1.886200
-6.764200
-9.691100
-9.691100
-6.764200
-5.788600
-6.764200
-0.910570
4.943100
10.797000
14.699000
18.601999
18.601999
16.650000
13.724000
7.869900
0.065040
-4.813000
-5.788600
-7.739800
-10.667000
-8.715400
-3.837400
1.040700
4.943100
1.040700
2.016300
3.967500
0.065040
0.065040
2.016300
5.918700
9.821100
9.821100
7.869900
7.869900
9.821100
9.821100
6.894300
2.991900
1.040700
2.991900
3.967500
0.065040
-4.813000
-7.739800
-7.739800
-5.788600
-7.739800
-7.739800
-6.764200
-4.813000
-3.837400
-1.886200
3.967500
11.772000
14.699000
11.772000
7.869900
0.065040
-9.691100
-13.593000
-13.593000
-13.593000
-13.593000
-14.569000
-11.642000
-7.739800
-3.837400
2.016300
1.040700
2.016300
3.967500
5.918700
5.918700
4.943100
3.967500
2.991900
0.065040
-0.910570
-2.861800
-2.861800
-5.788600
-7.739800
-4.813000
-4.813000
-2.861800
-0.910570
1.040700
2.016300
2.991900
5.918700
7.869900
6.894300
2.991900
-3.837400
-6.764200
-6.764200
-5.788600
-9.691100
-11.642000
-12.618000
-9.691100
-8.715400
-7.739800
-6.764200
-2.861800
-0.910570
-1.886200
-3.837400
-3.837400
-0.910570
-1.886200
-3.837400
-2.861800
-0.910570
1.040700
2.016300
2.991900
2.016300
2.991900
2.016300
1.040700
2.016300
6.894300
8.845500
5.918700
1.040700
2.016300
2.991900
2.991900
1.040700
-0.910570
-1.886200
-4.813000
-6.764200
-5.788600
-2.861800
2.016300
2.016300
2.016300
4.943100
2.016300
0.065040
4.943100
6.894300
5.918700
3.967500
2.991900
6.894300
8.845500
4.943100
3.967500
6.894300
4.943100
0.065040
-3.837400
-3.837400
-0.910570
-2.861800
-2.861800
-2.861800
-3.837400
-2.861800
-3.837400
-4.813000
-5.788600
-0.910570
4.943100
5.918700
6.894300
6.894300
7.869900
7.869900
6.894300
7.869900
7.869900
5.918700
2.016300
1.040700
-2.861800
-9.691100
-14.569000
-11.642000
-9.691100
-8.715400
-7.739800
-4.813000
1.040700
1.040700
1.040700
-0.910570
2.016300
4.943100
3.967500
2.016300
-1.886200
-4.813000
-7.739800
-6.764200
-1.886200
2.991900
4.943100
3.967500
2.016300
2.991900
3.967500
4.943100
6.894300
8.845500
7.869900
7.869900
7.869900
3.967500
2.016300
4.943100
6.894300
2.991900
-0.910570
-8.715400
-9.691100
-6.764200
-6.764200
-12.618000
-16.520000
-15.545000
-11.642000
-3.837400
0.065040
2.016300
2.991900
2.991900
0.065040
-3.837400
-3.837400
-4.813000
-4.813000
-3.837400
0.065040
2.991900
2.991900
4.943100
5.918700
8.845500
11.772000
16.650000
19.577000
15.675000
10.797000
3.967500
0.065040
-1.886200
0.065040
1.040700
0.065040
1.040700
0.065040
-1.886200
-1.886200
-0.910570
2.016300
2.991900
-0.910570
-2.861800
-1.886200
1.040700
3.967500
5.918700
4.943100
5.918700
9.821100
7.869900
2.991900
-0.910570
-0.910570
1.040700
3.967500
3.967500
5.918700
4.943100
0.065040
-2.861800
-1.886200
-1.886200
1.040700
3.967500
4.943100
2.991900
2.991900
2.991900
-0.910570
-3.837400
-5.788600
-3.837400
-3.837400
-6.764200
-7.739800
-6.764200
-7.739800
-9.691100
-8.715400
-4.813000
-3.837400
-3.837400
-4.813000
1.040700
5.918700
4.943100
3.967500
5.918700
10.797000
14.699000
11.772000
5.918700
2.016300
-1.886200
-1.886200
-0.910570
-0.910570
-3.837400
-0.910570
1.040700
3.967500
6.894300
6.894300
7.869900
7.869900
9.821100
10.797000
9.821100
10.797000
10.797000
5.918700
-1.886200
-7.739800
-6.764200
-8.715400
-8.715400
-4.813000
-4.813000
-1.886200
0.065040
0.065040
-0.910570
1.040700
2.991900
0.065040
-2.861800
-4.813000
-8.715400
-10.667000
-12.618000
-15.545000
-14.569000
-11.642000
-5.788600
-1.886200
0.065040
3.967500
3.967500
2.016300
0.065040
2.991900
7.869900
7.869900
1.040700
-6.764200
-9.691100
-9.691100
-5.788600
-2.861800
0.065040
1.040700
1.040700
3.967500
7.869900
11.772000
10.797000
9.821100
10.797000
10.797000
5.918700
2.016300
0.065040
0.065040
2.016300
1.040700
2.016300
1.040700
2.016300
-4.813000
-9.691100
-7.739800
-9.691100
-10.667000
-7.739800
-5.788600
-2.861800
-0.910570
2.016300
3.967500
2.991900
1.040700
2.016300
1.040700
-0.910570
2.016300
2.991900
2.016300
1.040700
-2.861800
-6.764200
-2.861800
-0.910570
0.065040
-0.910570
3.967500
4.943100
3.967500
1.040700
-2.861800
-3.837400
-1.886200
-2.861800
-5.788600
-7.739800
-3.837400
2.016300
2.991900
2.016300
1.040700
2.991900
7.869900
7.869900
6.894300
6.894300
7.869900
7.869900
9.821100
8.845500
2.016300
-5.788600
-7.739800
-7.739800
