3.141000
4.423100
1.217900
8.269200
11.474000
4.423100
-31.474001
-7.115400
9.551300
-7.115400
-0.705130
18.525999
18.525999
8.910300
9.551300
14.679000
5.064100
-0.705130
-0.705130
-10.321000
-25.063999
6.987200
17.243999
-7.756400
-2.628200
-1.346200
0.576920
-10.321000
-9.038500
-7.756400
-7.115400
-9.038500
-8.397400
1.217900
-10.962000
14.038000
30.705000
8.910300
3.782100
-1.346200
-4.551300
-3.269200
-19.295000
-6.474400
17.243999
-18.653999
-5.833300
13.397000
6.346200
10.192000
5.064100
-1.987200
-5.833300
-13.526000
-8.397400
-6.474400
-3.910300
6.346200
-17.372000
10.192000
22.372000
3.782100
15.321000
12.115000
10.192000
2.500000
5.064100
10.833000
12.756000
0.576920
-3.910300
-0.705130
-5.833300
-12.244000
-1.987200
-26.346001
-9.038500
6.346200
-1.346200
6.987200
8.910300
-4.551300
-7.115400
-12.885000
-3.910300
-11.603000
-16.731001
-12.885000
1.217900
-5.833300
-9.679500
-3.269200
-9.038500
-0.064100
-7.115400
-1.346200
-5.192300
-8.397400
-6.474400
-32.756001
-31.474001
-1.987200
1.217900
5.705100
0.576920
0.576920
1.859000
7.628200
9.551300
8.269200
5.705100
-3.269200
-19.936001
10.192000
21.090000
11.474000
11.474000
-1.987200
-5.192300
-6.474400
-1.346200
9.551300
8.910300
-5.833300
0.576920
5.705100
6.987200
6.346200
-0.705130
-25.705000
-5.192300
20.448999
5.705100
-2.628200
-10.962000
-10.321000
2.500000
0.576920
0.576920
2.500000
-1.346200
-2.628200
-5.192300
0.576920
-1.346200
1.217900
-14.167000
0.576920
15.962000
17.243999
12.756000
8.910300
1.859000
9.551300
3.782100
-0.064100
5.064100
2.500000
-6.474400
1.217900
4.423100
5.064100
1.859000
-5.833300
-10.321000
-5.833300
-0.064100
-23.141001
2.500000
25.577000
15.321000
21.090000
13.397000
21.090000
14.679000
16.603001
12.115000
21.090000
7.628200
-16.731001
6.346200
19.808001
15.962000
7.628200
8.910300
-2.628200
-0.064100
10.833000
14.679000
17.243999
7.628200
5.064100
-7.115400
11.474000
17.243999
15.962000
17.243999
5.064100
3.782100
5.064100
-1.987200
3.141000
-1.987200
1.859000
21.090000
29.423000
13.397000
21.090000
12.115000
6.987200
-4.551300
-26.987000
-35.320999
-44.294998
-22.500000
2.500000
-6.474400
-4.551300
3.141000
-1.987200
3.782100
12.115000
7.628200
-5.192300
12.115000
12.115000
-2.628200
-30.191999
-5.192300
21.090000
8.910300
2.500000
-3.910300
-13.526000
1.859000
3.141000
-5.192300
-0.705130
-2.628200
-12.885000
9.551300
17.885000
-5.192300
-4.551300
-18.653999
-2.628200
7.628200
8.910300
9.551300
6.346200
6.346200
-0.064100
-1.987200
-9.679500
-36.603001
-9.038500
12.115000
-1.346200
-2.628200
-14.808000
5.064100
-2.628200
-2.628200
4.423100
8.910300
10.833000
1.859000
0.576920
10.833000
21.731001
-0.064100
6.987200
10.833000
7.628200
7.628200
9.551300
5.705100
0.576920
-26.346001
-0.064100
15.962000
19.808001
17.885000
6.987200
-2.628200
1.217900
-2.628200
-3.269200
-6.474400
-10.321000
-7.115400
-3.910300
4.423100
-0.064100
-12.244000
-5.833300
-31.474001
-19.295000
-2.628200
-1.987200
-5.192300
-0.705130
-13.526000
3.141000
8.910300
6.346200
1.859000
8.269200
12.756000
7.628200
3.782100
-5.192300
-7.756400
1.217900
-7.115400
-9.679500
8.269200
12.756000
8.269200
9.551300
12.115000
10.833000
10.192000
9.551300
-0.064100
7.628200
13.397000
7.628200
4.423100
-3.269200
-0.705130
-26.987000
-3.269200
19.167000
12.115000
6.346200
-8.397400
1.859000
6.346200
-8.397400
-0.064100
6.987200
5.705100
-0.705130
-7.756400
-7.756400
-5.833300
-14.167000
-6.474400
-31.474001
-16.731001
1.217900
-5.192300
-8.397400
-10.962000
-16.731001
1.859000
6.987200
5.705100
13.397000
3.141000
1.859000
6.346200
8.910300
-5.192300
-15.449000
5.064100
6.987200
-6.474400
-3.910300
-9.038500
-9.679500
-6.474400
-1.346200
-18.653999
-2.628200
3.782100
-1.346200
3.782100
5.705100
3.141000
-0.064100
-5.192300
-0.705130
6.987200
3.141000
-9.679500
-10.962000
-8.397400
-14.167000
-14.808000
-7.115400
-13.526000
-19.936001
-13.526000
-32.756001
-21.218000
6.346200
6.346200
-4.551300
-5.192300
-0.064100
-6.474400
-1.346200
0.576920
-1.346200
1.217900
-0.064100
-7.756400
-0.705130
1.859000
-21.218000
-10.962000
13.397000
17.885000
14.679000
12.115000
9.551300
10.833000
-3.910300
-3.269200
5.705100
9.551300
8.910300
23.653999
20.448999
14.679000
-14.167000
3.782100
16.603001
12.756000
-0.705130
5.705100
6.346200
4.423100
6.987200
3.782100
7.628200
11.474000
10.833000
12.756000
5.064100
-0.064100
-17.372000
-3.269200
-1.346200
-0.705130
9.551300
-0.705130
5.705100
-0.705130
-7.115400
-7.756400
11.474000
13.397000
4.423100
4.423100
-5.192300
-5.192300
-12.244000
-19.295000
-3.910300
-0.064100
0.576920
-9.038500
-10.962000
-13.526000
-5.833300
-0.705130
-0.064100
4.423100
14.679000
-5.192300
-12.244000
-0.705130
11.474000
2.500000
-0.705130
-4.551300
-11.603000
-16.090000
-19.936001
-18.013000
-10.321000
-14.167000
-8.397400
-5.192300
-6.474400
-0.064100
-6.474400
6.987200
10.833000
5.064100
-7.115400
-8.397400
-1.987200
1.859000
-10.962000
1.859000
10.192000
8.910300
7.628200
-2.628200
-2.628200
4.423100
0.576920
4.423100
12.115000
13.397000
11.474000
10.833000
6.987200
6.987200
1.859000
-0.064100
3.141000
2.500000
4.423100
-9.679500
0.576920
8.910300
5.064100
13.397000
9.551300
1.859000
8.910300
8.910300
11.474000
10.833000
-6.474400
-1.346200
8.269200
2.500000
-0.705130
0.576920
-7.115400
-6.474400
-2.628200
-6.474400
-7.115400
-5.192300
3.782100
11.474000
4.423100
1.859000
-5.833300
-12.244000
-7.756400
-12.885000
-13.526000
-5.192300
-7.756400
-6.474400
4.423100
8.910300
-6.474400
-3.269200
2.500000
-1.987200
-5.833300
-0.064100
1.217900
-2.628200
-2.628200
-9.038500
-9.679500
-9.038500
-11.603000
-10.321000
-1.987200
-0.705130
-6.474400
0.576920
-1.346200
-4.551300
-8.397400
-4.551300
-3.269200
-22.500000
-14.808000
-10.962000
-12.885000
-7.115400
-6.474400
-15.449000
-17.372000
-11.603000
-4.551300
-11.603000
-10.321000
-7.756400
-13.526000
-14.167000
-0.064100
-5.833300
3.141000
12.115000
2.500000
1.859000
1.217900
3.782100
11.474000
5.064100
-8.397400
1.217900
15.321000
6.346200
3.782100
2.500000
-5.192300
-5.833300
2.500000
-0.705130
7.628200
5.064100
-16.731001
-2.628200
1.859000
-2.628200
-1.346200
3.141000
9.551300
7.628200
7.628200
3.141000
-10.321000
-0.705130
7.628200
10.192000
5.064100
10.833000
-3.269200
5.064100
19.808001
15.962000
-0.705130
-4.551300
0.576920
6.346200
1.217900
-1.987200
-14.167000
-6.474400
-5.192300
-6.474400
-8.397400
-8.397400
-4.551300
-4.551300
-0.064100
-2.628200
8.269200
10.192000
6.346200
9.551300
6.987200
-1.346200
3.141000
8.269200
5.705100
8.910300
10.192000
-6.474400
-1.346200
15.321000
10.192000
6.346200
7.628200
8.910300
10.192000
5.705100
-1.987200
6.987200
6.346200
4.423100
12.756000
9.551300
8.910300
7.628200
3.141000
5.064100
-0.705130
-9.038500
-4.551300
-2.628200
-0.705130
-3.910300
-4.551300
-1.346200
1.217900
7.628200
4.423100
1.859000
7.628200
-3.269200
-9.679500
-2.628200
1.217900
-3.269200
9.551300
14.038000
6.987200
-0.064100
-10.321000
-1.346200
-2.628200
3.782100
6.346200
-1.346200
-1.987200
-17.372000
-18.653999
-10.962000
-14.167000
-9.038500
-1.987200
-5.833300
6.987200
10.833000
10.833000
7.628200
-2.628200
7.628200
18.525999
12.756000
11.474000
12.115000
4.423100
0.576920
3.141000
8.269200
2.500000
14.679000
17.243999
6.987200
13.397000
17.885000
10.192000
4.423100
0.576920
-6.474400
-1.987200
5.705100
3.141000
8.269200
0.576920
2.500000
-3.269200
-4.551300
14.679000
14.679000
8.269200
7.628200
7.628200
6.987200
-4.551300
3.141000
13.397000
9.551300
-1.346200
-0.705130
8.910300
11.474000
3.782100
4.423100
13.397000
2.500000
0.576920
10.833000
-5.192300
-11.603000
-7.756400
-14.808000
-5.833300
3.141000
-9.679500
-1.987200
-1.346200
-1.987200
-3.910300
-1.346200
-6.474400
-2.628200
-10.962000
-3.910300
0.576920
-3.910300
-1.987200
-1.987200
-3.269200
-2.628200
-5.192300
-5.833300
-3.910300
-5.192300
-9.679500
1.217900
1.217900
9.551300
7.628200
-6.474400
-1.346200
1.859000
-8.397400
-7.756400
-16.090000
-10.962000
-3.910300
-3.910300
-0.064100
-6.474400
-0.064100
3.782100
-3.269200
-1.346200
5.064100
11.474000
2.500000
8.269200
9.551300
7.628200
8.269200
-4.551300
3.141000
1.217900
0.576920
2.500000
-1.346200
1.859000
-7.115400
-7.756400
-1.346200
-2.628200
-7.115400
0.576920
12.115000
14.038000
8.269200
6.346200
2.500000
3.141000
-0.705130
-0.064100
-7.115400
-16.731001
-14.808000
2.500000
5.064100
-13.526000
-19.936001
-14.808000
-14.808000
-5.192300
-8.397400
-17.372000
-3.269200
12.115000
5.705100
9.551300
14.038000
2.500000
-3.269200
-4.551300
3.141000
-1.987200
-0.705130
-3.269200
-5.833300
3.782100
5.064100
1.859000
8.910300
8.910300
4.423100
-3.910300
-0.705130
-4.551300
-7.115400
-23.141001
-14.808000
-0.705130
-1.346200
-3.910300
-4.551300
-8.397400
-1.346200
-6.474400
-9.038500
-6.474400
-3.910300
-12.244000
-13.526000
-23.782000
-16.090000
-2.628200
-0.064100
5.705100
8.269200
12.115000
-1.346200
5.064100
10.833000
4.423100
1.859000
-1.346200
-1.987200
-0.705130
-9.679500
-16.731001
-11.603000
-1.346200
-0.705130
-0.705130
-17.372000
-5.833300
6.987200
3.141000
8.910300
4.423100
5.064100
9.551300
6.987200
5.064100
12.115000
13.397000
8.269200
1.859000
5.705100
12.756000
3.782100
1.217900
-7.756400
1.859000
13.397000
6.987200
-4.551300
-4.551300
1.217900
-1.346200
-7.115400
-6.474400
-14.167000
-17.372000
-10.321000
-12.244000
-9.038500
-8.397400
-1.987200
7.628200
3.782100
1.859000
3.141000
6.346200
8.269200
10.192000
7.628200
7.628200
1.217900
-12.885000
-10.321000
-8.397400
-7.115400
-9.679500
-9.679500
-12.885000
-10.962000
-6.474400
-4.551300
-4.551300
3.141000
5.705100
5.064100
1.859000
4.423100
7.628200
5.064100
-0.064100
3.782100
10.833000
3.782100
0.576920
-0.064100
-0.064100
-0.064100
3.782100
8.910300
11.474000
12.756000
12.756000
5.064100
-3.269200
2.500000
6.346200
6.987200
7.628200
10.192000
5.064100
-3.269200
-1.987200
1.217900
3.782100
1.859000
-3.269200
-0.705130
-0.705130
6.987200
5.064100
3.141000
10.192000
17.243999
17.885000
7.628200
1.217900
1.217900
1.217900
-3.910300
-12.885000
-12.244000
-3.269200
-0.064100
-4.551300
-0.705130
-5.192300
-9.038500
