-13.592000
-10.356000
5.178000
14.887000
9.061500
11.650000
-7.119700
-7.767000
-14.239000
-22.653999
-7.767000
1.294500
11.650000
23.948000
12.298000
0.647250
-3.883500
-12.945000
-11.003000
2.589000
-4.530700
-5.178000
-0.647250
-10.356000
-5.178000
3.883500
6.472500
5.178000
16.827999
18.122999
16.827999
7.767000
3.236200
-1.941700
0.647250
14.239000
8.414200
5.178000
-3.883500
-17.476000
-21.358999
-7.119700
-1.294500
-6.472500
-1.941700
-12.298000
-3.883500
-6.472500
-7.119700
9.061500
12.298000
-0.647250
-11.003000
-16.827999
-12.298000
-12.298000
-20.712000
-11.003000
7.119700
10.356000
4.530700
2.589000
9.708700
4.530700
1.941700
10.356000
1.941700
3.236200
3.236200
1.294500
3.236200
0.000000
-3.236200
3.236200
0.000000
-7.119700
-11.003000
-3.883500
4.530700
-3.236200
-14.239000
2.589000
7.119700
1.941700
-2.589000
-4.530700
-9.708700
-13.592000
1.294500
4.530700
-6.472500
-11.650000
-11.003000
-5.825200
-1.941700
-9.061500
-18.122999
5.178000
10.356000
-1.941700
-11.650000
-15.534000
-12.298000
-18.770000
-6.472500
6.472500
6.472500
2.589000
4.530700
10.356000
4.530700
-0.647250
-8.414200
-6.472500
4.530700
6.472500
6.472500
-5.825200
-1.941700
-5.178000
-5.825200
-0.647250
5.178000
4.530700
11.003000
3.883500
7.119700
5.825200
-1.294500
6.472500
14.239000
7.119700
1.941700
4.530700
3.883500
0.000000
-11.003000
-3.883500
-2.589000
-5.825200
2.589000
1.941700
-3.236200
-1.294500
-5.825200
5.825200
10.356000
7.767000
4.530700
-7.119700
3.883500
5.178000
-3.236200
1.941700
9.061500
7.767000
11.003000
3.883500
0.647250
-5.825200
-9.061500
5.825200
2.589000
5.178000
5.178000
0.000000
-3.883500
-4.530700
7.767000
10.356000
7.767000
12.945000
14.887000
14.239000
9.061500
24.594999
17.476000
14.239000
18.122999
8.414200
-5.825200
-7.119700
7.119700
5.178000
2.589000
3.236200
2.589000
1.294500
-7.119700
12.945000
19.417000
14.887000
7.767000
1.294500
3.236200
-3.236200
2.589000
20.712000
16.827999
-1.941700
-7.119700
-3.883500
6.472500
12.945000
9.061500
9.061500
19.417000
20.712000
11.003000
-4.530700
-4.530700
0.000000
-1.294500
-5.178000
-15.534000
-16.181000
-7.767000
-9.061500
-8.414200
-7.119700
6.472500
16.827999
12.298000
5.178000
3.883500
-5.825200
-16.181000
-7.767000
-10.356000
-7.767000
3.236200
1.294500
-4.530700
-6.472500
-11.650000
-11.003000
-10.356000
5.825200
7.119700
2.589000
4.530700
5.825200
-1.294500
-5.178000
3.883500
10.356000
1.294500
6.472500
16.181000
7.767000
-1.294500
-5.178000
-3.236200
1.941700
-1.294500
-9.061500
-3.236200
0.000000
-4.530700
-12.945000
-6.472500
-1.941700
2.589000
7.767000
6.472500
6.472500
2.589000
-7.119700
3.883500
7.767000
-5.178000
0.000000
9.061500
12.945000
1.294500
-10.356000
3.236200
11.650000
7.119700
4.530700
14.239000
12.298000
-0.647250
-13.592000
-11.650000
5.825200
7.119700
5.178000
0.647250
-9.061500
-11.003000
-2.589000
3.236200
0.647250
2.589000
-3.236200
-9.708700
-9.708700
-5.825200
-12.945000
4.530700
9.708700
10.356000
-1.294500
-3.883500
-2.589000
0.647250
-1.941700
0.000000
11.003000
10.356000
-1.294500
-6.472500
-7.767000
-8.414200
-7.767000
-5.178000
-0.647250
5.825200
-0.647250
5.825200
11.003000
-2.589000
8.414200
12.945000
-1.294500
5.178000
9.061500
-4.530700
0.647250
7.119700
11.003000
2.589000
4.530700
-0.647250
3.883500
1.941700
-5.178000
0.000000
3.236200
3.236200
-3.236200
1.941700
1.941700
-11.650000
-8.414200
3.883500
-8.414200
-10.356000
-5.825200
-7.767000
-9.061500
-17.476000
-11.003000
-6.472500
0.000000
3.883500
3.236200
9.708700
9.061500
12.945000
9.061500
0.647250
5.825200
2.589000
-9.061500
-9.061500
-1.941700
5.178000
-3.236200
-22.006001
-14.239000
-5.825200
-11.003000
-3.883500
0.000000
-8.414200
-4.530700
-0.647250
4.530700
7.767000
-5.825200
9.708700
11.650000
-2.589000
-2.589000
-11.003000
-9.708700
-3.236200
-10.356000
-5.178000
-0.647250
-5.178000
-11.650000
-11.003000
5.178000
9.061500
-3.883500
-0.647250
7.767000
-1.941700
-11.650000
-1.294500
16.827999
8.414200
-0.647250
7.119700
8.414200
2.589000
-3.236200
-3.883500
3.236200
5.178000
1.941700
7.767000
12.945000
3.236200
-14.887000
-10.356000
-0.647250
-5.825200
5.825200
3.883500
3.236200
5.178000
1.294500
9.708700
5.178000
3.236200
4.530700
-9.708700
-11.650000
-12.298000
-5.825200
2.589000
-1.941700
-0.647250
12.298000
5.178000
-8.414200
-0.647250
5.825200
7.119700
4.530700
-1.294500
-2.589000
-4.530700
-9.708700
-9.708700
-1.294500
-3.236200
8.414200
12.945000
13.592000
6.472500
1.294500
-1.294500
-5.178000
1.294500
1.294500
-0.647250
0.647250
4.530700
2.589000
-7.767000
-10.356000
-11.003000
-7.119700
7.767000
9.061500
0.000000
0.000000
5.178000
3.883500
-1.294500
5.178000
1.941700
1.941700
-1.294500
-15.534000
-18.770000
-16.827999
-8.414200
4.530700
3.236200
7.767000
4.530700
3.883500
-1.941700
-12.945000
7.119700
14.239000
3.236200
3.236200
0.647250
-5.825200
-4.530700
-1.294500
0.647250
-3.883500
3.236200
7.767000
-1.941700
-3.883500
-7.119700
-12.298000
-7.767000
0.000000
12.298000
9.708700
10.356000
13.592000
12.945000
9.061500
-1.941700
0.647250
7.119700
0.000000
-3.236200
-5.825200
1.294500
1.941700
1.941700
-2.589000
4.530700
16.827999
12.298000
3.883500
10.356000
11.003000
1.294500
-11.650000
-11.650000
-5.825200
-1.941700
5.825200
6.472500
-7.119700
-11.650000
-1.941700
5.825200
-3.236200
-1.294500
-1.941700
-1.294500
1.294500
-7.767000
-12.298000
-6.472500
-3.236200
-13.592000
-16.827999
-9.061500
0.647250
4.530700
3.883500
-0.647250
-6.472500
-6.472500
1.294500
6.472500
-0.647250
-1.941700
-1.941700
-3.883500
-3.236200
-8.414200
-12.945000
-20.712000
-3.883500
12.945000
5.178000
6.472500
5.178000
-1.294500
-6.472500
-11.650000
-13.592000
-7.119700
0.000000
-8.414200
-11.003000
-14.887000
-14.887000
-13.592000
-7.767000
-3.236200
1.941700
3.236200
1.294500
-12.298000
-7.767000
1.294500
-1.941700
-2.589000
4.530700
7.767000
5.178000
0.647250
-2.589000
-0.647250
0.647250
-7.119700
-1.294500
13.592000
16.827999
6.472500
-5.825200
-4.530700
-4.530700
-7.119700
-7.119700
-5.178000
7.119700
-3.236200
-8.414200
-2.589000
-8.414200
-5.825200
2.589000
0.647250
3.236200
5.825200
-1.294500
-7.119700
2.589000
3.236200
-3.236200
6.472500
2.589000
5.825200
11.650000
9.061500
9.061500
3.883500
1.294500
-2.589000
-1.294500
7.767000
-8.414200
-12.298000
1.294500
-0.647250
1.941700
-3.236200
-11.003000
-3.236200
3.236200
-11.650000
-7.119700
1.294500
0.000000
0.647250
-2.589000
-4.530700
1.941700
8.414200
7.119700
5.825200
-6.472500
4.530700
13.592000
5.825200
7.767000
7.119700
7.767000
13.592000
14.239000
11.003000
7.767000
-1.294500
0.647250
-10.356000
-5.178000
2.589000
7.767000
9.061500
3.883500
0.000000
-1.941700
0.647250
1.941700
7.119700
4.530700
-6.472500
-5.825200
-1.294500
-5.178000
4.530700
-5.178000
3.883500
9.708700
9.061500
2.589000
-0.647250
-1.294500
-5.178000
-11.650000
-3.883500
8.414200
15.534000
-4.530700
-7.119700
-0.647250
-8.414200
4.530700
10.356000
3.236200
6.472500
1.294500
-0.647250
-8.414200
-29.125999
-12.945000
5.178000
3.883500
3.883500
11.003000
16.181000
11.650000
-1.294500
5.825200
19.417000
11.650000
15.534000
12.945000
0.647250
1.941700
1.941700
-3.883500
-0.647250
10.356000
12.945000
12.298000
9.061500
12.298000
15.534000
7.119700
-0.647250
-5.825200
-9.061500
-5.178000
1.941700
1.941700
9.708700
12.298000
-2.589000
5.178000
10.356000
9.061500
9.061500
0.000000
1.294500
3.883500
0.647250
0.647250
6.472500
4.530700
12.298000
13.592000
8.414200
-4.530700
-9.061500
-9.708700
0.647250
11.650000
11.003000
4.530700
-0.647250
-2.589000
-8.414200
-9.061500
-6.472500
0.000000
5.178000
6.472500
1.941700
-13.592000
-9.708700
-11.003000
2.589000
2.589000
7.119700
5.825200
-1.294500
-2.589000
-11.650000
-18.770000
-8.414200
5.178000
6.472500
5.178000
0.647250
1.294500
-3.883500
-6.472500
7.119700
2.589000
2.589000
12.298000
14.887000
-3.883500
-23.948000
-14.239000
-5.178000
-3.236200
-3.883500
-1.294500
-7.119700
-16.827999
-5.825200
11.650000
5.825200
-1.294500
1.294500
1.941700
-15.534000
0.000000
16.827999
12.945000
3.236200
-5.825200
-5.178000
-3.236200
-4.530700
-5.825200
-3.883500
6.472500
12.298000
7.119700
-5.825200
-9.061500
-1.294500
9.708700
12.298000
9.061500
7.119700
7.119700
5.825200
-2.589000
-1.941700
6.472500
4.530700
5.178000
1.941700
-8.414200
-12.298000
-24.594999
-25.243000
-5.825200
-3.236200
-11.003000
-0.647250
-0.647250
1.294500
-5.825200
-14.239000
-6.472500
11.003000
6.472500
1.941700
3.236200
-1.941700
-6.472500
-5.825200
1.294500
-5.178000
-1.941700
6.472500
10.356000
-3.883500
-9.708700
-12.298000
-3.883500
4.530700
6.472500
3.883500
2.589000
-0.647250
-1.941700
-5.178000
-9.061500
-12.945000
-20.065001
-16.181000
-12.945000
-0.647250
1.941700
-7.767000
-11.003000
-18.770000
-16.827999
-14.887000
-20.712000
-7.767000
12.298000
3.236200
9.708700
17.476000
14.239000
13.592000
8.414200
3.236200
-3.236200
-5.825200
7.119700
11.650000
7.767000
1.941700
-5.825200
-7.119700
-9.061500
-9.061500
-12.298000
-12.298000
-13.592000
-1.294500
11.003000
7.767000
12.298000
7.119700
9.061500
14.239000
9.061500
0.000000
2.589000
16.181000
12.298000
10.356000
11.003000
3.883500
1.294500
-8.414200
-3.236200
-7.119700
-14.239000
2.589000
9.061500
0.000000
-9.708700
-18.770000
-26.537001
-18.122999
-12.298000
-23.948000
-8.414200
3.883500
-1.941700
-1.294500
-3.883500
3.883500
8.414200
9.708700
7.119700
-6.472500
7.119700
14.239000
0.647250
-7.767000
-4.530700
-0.647250
-7.767000
-14.887000
-17.476000
-9.708700
4.530700
1.294500
-9.708700
-3.883500
-1.294500
-5.825200
-0.647250
-1.294500
2.589000
20.065001
22.006001
12.298000
11.003000
6.472500
-5.178000
-6.472500
-7.119700
-4.530700
6.472500
13.592000
12.298000
8.414200
5.825200
0.647250
-3.883500
-12.945000
-12.298000
3.883500
7.119700
6.472500
11.003000
-0.647250
-5.178000
1.941700
-3.883500
2.589000
-5.825200
-15.534000
0.647250
7.767000
0.000000
-3.236200
-5.178000
6.472500
5.825200
3.236200
-3.236200
1.941700
3.883500
-5.178000
-10.356000
-9.061500
-5.178000
-6.472500
-5.825200
-9.708700
0.647250
7.119700
0.000000
