-1.313600
-3.940900
-3.940900
0.000000
3.284100
3.940900
-3.940900
-13.136000
-11.823000
-6.568100
-4.597700
-3.284100
1.313600
8.538600
8.538600
5.254500
1.313600
1.313600
1.970400
-1.313600
0.656810
-3.940900
-3.940900
-3.284100
-0.656810
7.225000
18.391001
19.704000
16.420000
9.852200
11.166000
13.136000
7.225000
4.597700
0.656810
-3.284100
-3.940900
-3.284100
-9.195400
-9.195400
-11.823000
-10.509000
-14.450000
-14.450000
-3.940900
2.627300
7.881800
13.136000
12.479000
7.225000
3.284100
-1.970400
-9.195400
-13.136000
-17.733999
-15.764000
-9.195400
-12.479000
-7.881800
-3.940900
-2.627300
-4.597700
-1.313600
3.284100
4.597700
6.568100
4.597700
1.970400
-1.313600
-2.627300
-1.313600
4.597700
-1.313600
-5.254500
-6.568100
-1.313600
0.656810
0.656810
-0.656810
2.627300
2.627300
7.881800
9.195400
6.568100
3.284100
-1.313600
2.627300
5.911300
1.970400
-6.568100
-8.538600
-7.225000
-5.254500
-4.597700
-2.627300
3.940900
8.538600
3.940900
0.000000
-0.656810
-10.509000
-15.107000
-9.195400
-1.313600
1.970400
3.284100
1.313600
0.656810
0.000000
2.627300
0.000000
-1.313600
1.970400
1.313600
-3.940900
-2.627300
1.313600
-1.970400
-6.568100
-8.538600
-7.881800
-4.597700
-1.313600
-0.656810
-1.313600
-1.313600
4.597700
7.225000
7.225000
9.195400
7.881800
5.254500
2.627300
5.911300
5.911300
2.627300
0.656810
3.940900
1.970400
3.284100
7.881800
5.254500
3.284100
-0.656810
-6.568100
-4.597700
-3.284100
-1.970400
1.313600
-1.313600
-1.970400
-3.940900
-6.568100
-5.911300
-1.313600
-1.970400
-0.656810
0.656810
5.254500
5.911300
6.568100
4.597700
-1.313600
-6.568100
-9.852200
-7.881800
-5.254500
0.656810
1.970400
1.970400
1.970400
6.568100
9.852200
11.823000
11.823000
13.793000
15.107000
15.107000
12.479000
9.195400
6.568100
-4.597700
-9.195400
-7.881800
-3.940900
-4.597700
-3.940900
-1.313600
-0.656810
1.970400
0.000000
-1.313600
0.656810
-0.656810
3.284100
3.940900
1.970400
1.313600
2.627300
2.627300
-0.656810
3.940900
5.254500
3.940900
3.940900
5.254500
12.479000
14.450000
12.479000
6.568100
5.254500
1.970400
-2.627300
-2.627300
-7.225000
-11.166000
-8.538600
-5.911300
-2.627300
0.000000
7.881800
9.852200
11.823000
7.225000
-3.284100
-9.852200
-13.136000
-8.538600
-7.225000
-12.479000
-11.823000
-8.538600
-8.538600
-5.911300
-6.568100
-7.881800
-9.195400
-9.852200
-7.881800
-1.313600
0.000000
-2.627300
-1.313600
-1.970400
3.284100
1.970400
5.254500
10.509000
13.793000
11.823000
9.852200
7.881800
4.597700
0.656810
-3.284100
-9.852200
-5.254500
0.656810
-7.881800
-11.166000
-5.254500
0.656810
-5.254500
-7.881800
-5.254500
0.000000
-0.656810
2.627300
5.254500
2.627300
0.000000
0.000000
3.940900
6.568100
1.313600
-5.911300
-3.284100
1.313600
3.940900
3.284100
6.568100
3.940900
3.284100
-0.656810
-3.284100
-3.940900
-2.627300
-3.284100
-4.597700
-3.284100
3.940900
9.195400
4.597700
1.970400
-0.656810
0.656810
-2.627300
3.284100
1.313600
-0.656810
1.313600
1.313600
4.597700
1.970400
0.656810
0.000000
1.970400
1.970400
5.254500
9.852200
8.538600
-1.313600
-5.254500
-9.852200
-9.195400
-8.538600
-11.166000
-9.852200
-3.284100
0.000000
3.284100
7.881800
7.225000
9.852200
11.166000
5.254500
0.000000
-0.656810
-3.284100
-0.656810
3.940900
12.479000
13.793000
7.881800
6.568100
9.195400
6.568100
-2.627300
-5.911300
-5.911300
-1.313600
-1.313600
1.313600
-1.313600
-7.881800
-9.195400
-6.568100
-9.195400
-9.195400
-6.568100
-5.911300
-8.538600
-11.166000
-6.568100
-5.254500
1.313600
5.254500
8.538600
12.479000
14.450000
11.823000
10.509000
11.823000
9.852200
7.881800
2.627300
-3.284100
-1.970400
1.970400
-2.627300
-7.881800
-11.823000
-6.568100
-6.568100
-5.911300
-10.509000
-7.881800
0.000000
1.970400
5.911300
6.568100
1.313600
0.000000
1.970400
0.656810
1.313600
2.627300
3.284100
-4.597700
-12.479000
-9.195400
-0.656810
3.940900
5.254500
1.970400
5.911300
7.881800
6.568100
5.254500
1.970400
-0.656810
1.970400
9.852200
11.166000
6.568100
1.313600
-0.656810
2.627300
4.597700
2.627300
0.000000
0.000000
1.313600
-1.313600
1.313600
0.656810
-4.597700
-4.597700
-3.940900
-7.225000
-10.509000
-7.881800
-7.225000
-1.313600
5.254500
11.823000
11.823000
8.538600
-5.254500
-9.852200
-6.568100
-6.568100
-11.166000
-11.823000
-9.852200
-7.881800
-1.313600
1.970400
2.627300
3.940900
4.597700
-1.313600
-5.254500
-1.313600
-1.313600
-2.627300
-2.627300
-5.911300
-7.881800
-4.597700
-0.656810
0.656810
4.597700
11.166000
6.568100
3.940900
0.656810
-3.940900
-1.970400
1.970400
-0.656810
0.656810
-1.313600
0.656810
5.911300
0.656810
-5.254500
-5.254500
-1.313600
0.000000
1.970400
7.225000
11.166000
8.538600
3.940900
0.656810
-1.313600
-1.313600
-3.940900
-6.568100
-4.597700
-0.656810
-0.656810
0.656810
4.597700
7.225000
1.970400
0.656810
-1.313600
0.000000
1.970400
3.284100
1.313600
-1.970400
-8.538600
-7.881800
0.656810
7.225000
7.881800
7.881800
8.538600
5.911300
1.313600
-0.656810
0.000000
-4.597700
-1.313600
0.656810
2.627300
5.911300
10.509000
11.166000
7.225000
1.970400
1.970400
6.568100
5.254500
-1.313600
-2.627300
-5.254500
-4.597700
2.627300
6.568100
9.195400
9.195400
8.538600
11.166000
10.509000
5.254500
1.970400
0.656810
-1.970400
-2.627300
-3.940900
-5.911300
-7.881800
-2.627300
-5.254500
-6.568100
-1.313600
4.597700
5.254500
6.568100
6.568100
1.970400
1.970400
-1.970400
-4.597700
-6.568100
-7.225000
-4.597700
-5.254500
-5.254500
1.313600
3.284100
3.284100
0.000000
-2.627300
-5.254500
-4.597700
-1.313600
-3.940900
-7.225000
-8.538600
-9.852200
-7.225000
-3.940900
-5.911300
-5.254500
-6.568100
-5.911300
-0.656810
0.000000
0.000000
-1.970400
-2.627300
-2.627300
-1.313600
-4.597700
-7.881800
-4.597700
-5.911300
-7.225000
0.000000
5.254500
2.627300
-0.656810
3.284100
4.597700
0.656810
-5.254500
-5.911300
1.970400
1.970400
5.911300
1.970400
0.656810
1.970400
-0.656810
-4.597700
0.656810
1.313600
-0.656810
-1.313600
3.284100
4.597700
1.313600
-1.313600
-0.656810
-4.597700
-8.538600
-9.852200
-11.823000
-3.940900
0.000000
1.313600
-3.284100
-4.597700
-0.656810
3.284100
1.970400
2.627300
4.597700
-2.627300
-6.568100
0.000000
7.881800
8.538600
7.881800
5.911300
8.538600
7.225000
7.225000
5.254500
5.254500
4.597700
-1.313600
-5.911300
-5.911300
-5.254500
-7.881800
-5.911300
-9.195400
-8.538600
-5.911300
-3.284100
-2.627300
-0.656810
-2.627300
-0.656810
3.284100
7.225000
6.568100
1.313600
0.000000
-3.284100
-2.627300
-1.313600
-1.970400
-3.284100
1.970400
5.254500
1.970400
0.000000
3.940900
3.284100
7.225000
8.538600
7.881800
7.881800
3.284100
1.313600
-2.627300
-2.627300
-1.970400
3.940900
5.254500
7.881800
9.195400
7.225000
7.225000
4.597700
1.313600
-1.313600
-3.284100
-3.940900
0.656810
2.627300
3.284100
3.284100
6.568100
5.254500
1.970400
-3.940900
-2.627300
-5.254500
-8.538600
-9.195400
-1.970400
0.656810
-1.313600
-0.656810
-3.284100
-3.940900
-3.284100
0.656810
-1.313600
0.656810
1.970400
-0.656810
-1.970400
-3.940900
-8.538600
-11.166000
-9.852200
-3.940900
-0.656810
9.852200
18.391001
21.018000
21.018000
19.048000
16.420000
10.509000
9.852200
5.911300
-3.284100
-5.911300
0.000000
2.627300
0.000000
-0.656810
1.313600
4.597700
3.940900
1.313600
-0.656810
0.656810
-2.627300
-7.881800
-14.450000
-15.107000
-8.538600
-5.911300
-1.313600
3.284100
5.254500
4.597700
3.940900
-1.970400
-6.568100
-5.911300
-5.911300
-2.627300
1.970400
-0.656810
-1.313600
-0.656810
3.284100
3.940900
7.225000
0.000000
-5.254500
-7.881800
-5.254500
0.000000
-0.656810
-1.313600
-1.970400
-1.313600
-3.940900
-2.627300
0.000000
2.627300
1.313600
0.656810
0.000000
-1.970400
-3.940900
-3.284100
1.970400
1.970400
2.627300
2.627300
-3.284100
-6.568100
-6.568100
-5.254500
0.656810
3.284100
3.940900
9.195400
15.107000
15.107000
15.107000
10.509000
9.195400
8.538600
9.195400
11.166000
7.881800
3.284100
-3.940900
-9.852200
-13.793000
-11.166000
-8.538600
-5.911300
-2.627300
-5.254500
-1.313600
3.284100
0.656810
-1.970400
4.597700
5.254500
3.940900
2.627300
1.970400
0.656810
-4.597700
-9.195400
-2.627300
0.000000
-3.284100
-4.597700
-4.597700
0.656810
5.911300
7.225000
7.225000
10.509000
11.823000
10.509000
4.597700
5.254500
7.225000
7.881800
9.852200
4.597700
1.970400
1.313600
-3.284100
-4.597700
-4.597700
-9.852200
-11.823000
-10.509000
-11.823000
-13.793000
-13.136000
-9.195400
-0.656810
0.656810
4.597700
5.911300
-0.656810
-0.656810
1.970400
-0.656810
-3.284100
-1.313600
1.313600
0.656810
3.284100
6.568100
3.284100
2.627300
1.970400
-0.656810
-2.627300
-0.656810
0.000000
-2.627300
-1.970400
-0.656810
-2.627300
-6.568100
-5.911300
-4.597700
-5.911300
-7.881800
-5.911300
-5.911300
-3.940900
-3.284100
-6.568100
-9.852200
-5.254500
-3.940900
-10.509000
-12.479000
-10.509000
-8.538600
-7.881800
-0.656810
3.940900
11.166000
15.764000
16.420000
15.764000
13.793000
9.195400
7.881800
6.568100
-0.656810
-5.911300
-5.911300
-10.509000
-13.793000
-10.509000
-7.225000
-9.195400
-10.509000
-11.166000
-13.793000
-7.225000
-1.313600
2.627300
6.568100
9.852200
9.852200
6.568100
5.254500
4.597700
5.254500
3.940900
3.940900
9.195400
11.166000
7.225000
6.568100
-0.656810
1.313600
5.254500
7.225000
10.509000
5.911300
-1.313600
-1.970400
-1.313600
-10.509000
-16.420000
-15.764000
-16.420000
-16.420000
-11.166000
-9.195400
-5.254500
-3.284100
-3.284100
-0.656810
5.911300
9.195400
7.225000
5.254500
-1.313600
-6.568100
-7.225000
-6.568100
-8.538600
-7.225000
-4.597700
1.313600
1.313600
-1.313600
0.000000
4.597700
8.538600
8.538600
7.225000
12.479000
16.420000
17.077000
15.107000
13.136000
12.479000
7.881800
5.911300
-1.313600
1.313600
4.597700
5.911300
6.568100
6.568100
8.538600
9.852200
9.852200
7.881800
3.940900
-2.627300
-2.627300
0.000000
-0.656810
-1.970400
-5.911300
-11.166000
-9.195400
-5.911300
-3.284100
-4.597700
-6.568100
-7.225000
-7.225000
-5.911300
-7.881800
-7.881800
-1.970400
0.656810
0.000000
-1.313600
-5.254500
-6.568100
-7.225000
-1.970400
-0.656810
-3.940900
-1.313600
2.627300
2.627300
1.970400
1.970400
-3.284100
-7.881800
