-1.269800
-5.714300
-5.079400
-1.904800
1.269800
2.539700
-2.539700
-3.809500
-1.904800
0.634920
3.809500
5.079400
7.619000
6.984100
0.000000
-3.174600
-5.714300
-7.619000
-6.984100
-1.904800
5.714300
7.619000
8.254000
7.619000
4.444400
5.079400
3.809500
-2.539700
-4.444400
-5.079400
-1.904800
3.809500
5.714300
5.714300
2.539700
1.269800
1.904800
0.634920
-3.174600
-5.079400
-6.349200
-3.174600
-3.809500
-5.714300
0.000000
0.000000
2.539700
4.444400
3.174600
6.349200
10.159000
10.794000
9.523800
5.079400
-0.634920
-5.079400
-4.444400
-9.523800
-7.619000
-6.984100
-10.794000
-15.238000
-11.429000
-5.079400
-2.539700
0.634920
1.269800
3.174600
3.809500
3.809500
2.539700
1.269800
-1.269800
-3.809500
-5.079400
-1.269800
-0.634920
-1.904800
-1.269800
2.539700
6.349200
12.063000
10.159000
6.984100
1.269800
0.000000
7.619000
6.349200
1.904800
-0.634920
-3.809500
-4.444400
-6.349200
-5.714300
-7.619000
-6.349200
-2.539700
3.174600
6.349200
5.079400
2.539700
-1.269800
-0.634920
-0.634920
-2.539700
-3.174600
-3.809500
-3.174600
-1.269800
0.000000
-1.269800
-1.904800
-0.634920
2.539700
4.444400
4.444400
5.714300
5.079400
1.904800
2.539700
1.904800
3.809500
3.174600
1.269800
0.000000
-1.904800
-0.634920
0.634920
0.634920
1.269800
2.539700
0.634920
-1.904800
-0.634920
0.000000
-3.809500
-3.809500
1.269800
1.904800
2.539700
2.539700
-0.634920
-1.904800
-2.539700
-4.444400
1.269800
5.714300
11.429000
12.698000
10.159000
9.523800
9.523800
7.619000
6.984100
3.174600
-4.444400
-6.984100
-6.349200
-4.444400
-2.539700
0.634920
-0.634920
-5.714300
-5.079400
-1.269800
0.634920
2.539700
1.269800
3.809500
6.984100
5.079400
5.714300
4.444400
0.000000
-3.174600
-1.269800
0.634920
0.000000
-6.349200
-7.619000
-1.904800
0.000000
1.904800
3.174600
3.174600
0.634920
-1.269800
-0.634920
-4.444400
-5.079400
-4.444400
-5.079400
-0.634920
-1.904800
-5.079400
-6.349200
-6.349200
-5.714300
-3.174600
-1.904800
-1.904800
0.634920
3.174600
3.809500
3.174600
0.000000
1.904800
3.809500
5.079400
1.904800
4.444400
7.619000
9.523800
10.159000
5.714300
10.159000
7.619000
1.269800
0.000000
0.634920
1.269800
3.174600
2.539700
3.174600
3.174600
-0.634920
-3.809500
-2.539700
-2.539700
-5.714300
0.000000
3.809500
3.809500
6.984100
8.254000
5.079400
2.539700
1.904800
1.269800
-0.634920
-0.634920
-3.809500
-6.349200
-6.984100
-0.634920
-0.634920
-1.904800
-1.904800
-2.539700
0.634920
2.539700
1.904800
0.634920
1.904800
1.904800
0.634920
4.444400
5.079400
1.269800
3.174600
6.349200
1.904800
-7.619000
-11.429000
-12.698000
-10.794000
-12.698000
-14.603000
-8.888900
-5.079400
-6.984100
-6.984100
-3.809500
-1.904800
-2.539700
-5.714300
-4.444400
-6.349200
-10.159000
-8.254000
-1.904800
1.269800
0.634920
-1.269800
1.269800
8.254000
10.794000
8.254000
7.619000
5.079400
6.984100
9.523800
8.254000
7.619000
6.349200
6.984100
1.904800
6.349200
6.349200
8.888900
10.159000
4.444400
2.539700
1.904800
-1.269800
-4.444400
-5.714300
-4.444400
-2.539700
-0.634920
-1.269800
-3.809500
-3.174600
-3.809500
-4.444400
-1.904800
-2.539700
-3.809500
-1.904800
-2.539700
-0.634920
1.904800
1.904800
1.904800
2.539700
-0.634920
0.000000
-1.269800
-2.539700
0.000000
0.000000
3.174600
3.809500
0.634920
-0.634920
2.539700
0.000000
-1.904800
-3.174600
-6.349200
-6.349200
-5.079400
-1.904800
-0.634920
-2.539700
-1.904800
0.634920
-0.634920
-3.809500
-2.539700
2.539700
-3.174600
-10.794000
-8.888900
-3.809500
1.269800
4.444400
6.984100
10.159000
6.984100
3.809500
-0.634920
1.904800
1.269800
0.634920
-0.634920
-3.174600
-1.904800
-0.634920
-1.904800
1.904800
5.079400
5.714300
1.904800
0.634920
0.000000
-1.904800
-0.634920
-5.079400
-1.269800
0.000000
-6.349200
-7.619000
-3.809500
2.539700
7.619000
10.159000
9.523800
2.539700
-1.269800
3.174600
9.523800
8.254000
2.539700
-3.809500
-3.809500
-1.904800
-1.269800
-0.634920
-0.634920
-3.174600
1.904800
6.984100
10.794000
6.984100
5.079400
1.269800
2.539700
1.269800
-3.809500
-7.619000
-9.523800
-8.888900
-6.349200
-2.539700
-0.634920
-2.539700
-3.174600
-2.539700
-3.809500
-5.079400
-0.634920
2.539700
2.539700
7.619000
10.159000
5.714300
2.539700
-1.269800
-5.079400
-8.254000
-5.079400
-2.539700
-5.079400
-8.254000
-10.159000
-6.984100
-3.174600
-1.269800
2.539700
2.539700
1.904800
3.809500
5.079400
4.444400
-1.269800
-3.174600
-0.634920
-2.539700
-2.539700
-1.904800
-1.269800
4.444400
8.888900
5.079400
4.444400
2.539700
0.634920
1.904800
3.174600
1.904800
3.174600
-1.269800
-2.539700
1.904800
0.000000
-3.174600
-1.904800
1.904800
6.349200
5.079400
7.619000
7.619000
2.539700
-0.634920
0.000000
-2.539700
-3.809500
-3.174600
-0.634920
0.634920
1.904800
3.174600
4.444400
6.984100
6.984100
1.904800
3.174600
5.079400
1.904800
1.904800
2.539700
1.904800
-0.634920
-3.174600
-3.809500
-1.904800
1.269800
1.269800
4.444400
5.079400
3.174600
0.634920
2.539700
6.349200
1.269800
-0.634920
0.000000
-3.809500
-6.349200
-1.269800
1.269800
-4.444400
-6.984100
-4.444400
-3.174600
0.000000
-1.269800
-0.634920
-1.904800
0.634920
1.904800
3.174600
3.174600
0.634920
0.000000
0.634920
0.000000
-3.174600
-5.079400
-3.174600
-5.079400
-5.714300
-5.714300
-4.444400
-3.809500
-3.809500
-8.888900
-10.794000
-6.349200
1.269800
1.269800
3.809500
4.444400
2.539700
5.079400
9.523800
8.888900
4.444400
1.269800
0.634920
-1.269800
-2.539700
-1.904800
-1.269800
1.904800
2.539700
2.539700
-1.269800
-3.809500
-0.634920
-0.634920
-3.809500
-0.634920
2.539700
6.984100
8.254000
5.714300
3.809500
6.984100
6.984100
6.984100
3.809500
1.269800
-1.269800
-6.349200
-8.888900
-6.349200
-5.079400
-5.079400
0.634920
5.079400
8.254000
12.063000
11.429000
6.984100
5.714300
10.794000
10.159000
10.159000
8.254000
2.539700
1.269800
-3.809500
-6.349200
-8.254000
-5.079400
0.000000
0.000000
-0.634920
1.904800
2.539700
0.634920
-5.714300
-3.809500
1.269800
-4.444400
-6.984100
-3.809500
-6.349200
-2.539700
-0.634920
-2.539700
0.000000
1.904800
3.174600
-0.634920
-3.809500
-1.269800
0.000000
-1.269800
-3.809500
-7.619000
-10.794000
-12.063000
-8.888900
-5.714300
-3.174600
-1.904800
-1.904800
1.269800
1.904800
4.444400
5.714300
3.809500
1.904800
-4.444400
-7.619000
-6.349200
-6.349200
-8.254000
-5.079400
-3.809500
-0.634920
1.904800
1.904800
1.904800
3.809500
4.444400
3.809500
2.539700
0.634920
-0.634920
-3.174600
-3.174600
-4.444400
-3.809500
-1.269800
0.000000
-3.809500
-3.809500
0.634920
-2.539700
-6.349200
-3.809500
-5.714300
-1.904800
5.079400
10.159000
9.523800
6.349200
5.079400
1.269800
0.000000
0.000000
-0.634920
-1.269800
-1.904800
-1.269800
0.634920
5.079400
4.444400
4.444400
2.539700
1.269800
-3.174600
-4.444400
-2.539700
-3.809500
-3.809500
-1.269800
0.634920
0.000000
-1.269800
0.634920
-1.904800
-6.984100
-8.254000
-3.809500
2.539700
4.444400
6.984100
6.984100
6.349200
7.619000
10.794000
9.523800
10.794000
8.888900
6.349200
5.714300
5.079400
3.809500
3.809500
3.809500
3.809500
1.269800
2.539700
5.079400
2.539700
1.904800
3.809500
2.539700
-1.269800
-1.269800
-3.809500
-7.619000
-7.619000
-3.809500
1.269800
5.714300
6.349200
8.888900
9.523800
6.349200
5.714300
3.809500
2.539700
-1.904800
-6.349200
-6.984100
-3.809500
0.634920
1.269800
4.444400
1.904800
1.269800
1.269800
-1.904800
-6.349200
-7.619000
-6.349200
-5.714300
-1.269800
2.539700
-1.904800
-1.904800
-5.079400
-4.444400
-4.444400
-5.714300
-8.888900
-10.794000
-12.063000
-10.794000
-7.619000
-5.079400
1.269800
5.714300
3.809500
0.634920
0.000000
0.000000
-0.634920
0.000000
-4.444400
-5.079400
-1.904800
-3.174600
-6.349200
-2.539700
3.809500
5.714300
8.888900
5.714300
4.444400
5.079400
8.888900
10.794000
9.523800
4.444400
-0.634920
-1.269800
-1.269800
0.000000
0.000000
3.809500
5.714300
8.888900
12.063000
14.603000
12.063000
6.984100
5.079400
4.444400
6.349200
6.349200
-0.634920
-5.079400
-5.079400
-3.809500
-3.809500
-5.079400
-3.174600
1.269800
3.174600
4.444400
6.349200
8.254000
7.619000
3.809500
-3.174600
-6.984100
-6.984100
-5.714300
-3.174600
-2.539700
1.269800
5.079400
0.000000
-4.444400
-3.809500
-2.539700
-3.174600
-3.809500
1.269800
7.619000
9.523800
9.523800
2.539700
1.269800
3.174600
1.904800
-1.904800
-6.349200
-10.794000
-12.063000
-10.794000
-12.063000
-9.523800
-6.984100
-3.809500
1.269800
-1.269800
-0.634920
2.539700
-5.714300
-8.888900
-4.444400
-4.444400
-3.809500
-3.174600
-3.174600
0.634920
3.809500
4.444400
3.174600
3.809500
6.349200
8.254000
8.254000
9.523800
8.254000
8.888900
3.809500
-1.904800
-10.159000
-14.603000
-14.603000
-13.333000
-14.603000
-14.603000
-10.794000
-5.079400
0.000000
4.444400
3.174600
3.174600
9.523800
12.063000
10.159000
5.079400
0.634920
-2.539700
-3.809500
0.634920
1.904800
3.809500
7.619000
7.619000
6.984100
4.444400
1.269800
0.000000
1.269800
-1.269800
-6.349200
-6.984100
-7.619000
-6.349200
-0.634920
7.619000
5.714300
1.269800
-3.174600
-7.619000
-3.809500
-2.539700
-3.809500
-0.634920
0.634920
1.269800
-0.634920
-0.634920
1.269800
3.174600
3.174600
1.269800
2.539700
1.904800
-1.269800
1.904800
1.904800
4.444400
9.523800
7.619000
9.523800
6.984100
0.634920
1.269800
0.000000
-3.809500
-3.174600
-1.904800
-2.539700
-2.539700
-1.904800
0.000000
2.539700
1.269800
1.904800
1.269800
5.079400
6.984100
5.714300
6.984100
1.904800
-2.539700
-5.079400
-5.714300
-6.349200
-3.174600
1.904800
5.079400
6.349200
6.349200
7.619000
8.254000
10.794000
8.254000
8.254000
10.794000
8.254000
5.714300
3.809500
5.714300
6.984100
8.888900
8.888900
3.809500
7.619000
8.254000
4.444400
0.000000
-0.634920
-1.269800
-1.904800
-5.079400
-3.809500
-3.174600
-1.904800
-1.269800
2.539700
1.904800
1.269800
-0.634920
-9.523800
-13.968000
-13.333000
-12.698000
-10.794000
-11.429000
-11.429000
-13.968000
-12.698000
-9.523800
-9.523800
-6.349200
-5.714300
-6.984100
-6.984100
-8.254000
-6.984100
-6.349200
1.904800
6.984100
-3.174600
-5.714300
-0.634920
-2.539700
-1.904800
-2.539700
-6.349200
-7.619000
