8.846200
0.512820
-1.410300
1.153800
-0.128210
-2.692300
-5.256400
-7.179500
-0.769230
-4.615400
-14.231000
-14.872000
-9.743600
-4.615400
-6.538500
-2.692300
0.512820
1.153800
-0.128210
1.153800
5.641000
8.846200
13.974000
10.128000
5.000000
5.641000
8.205100
5.000000
1.153800
0.512820
-2.051300
1.153800
2.435900
3.076900
4.359000
1.794900
3.076900
4.359000
3.076900
3.717900
3.076900
3.717900
0.512820
-2.692300
-3.333300
-6.538500
-7.179500
-7.820500
-8.461500
-5.256400
1.794900
4.359000
7.564100
8.205100
3.717900
5.641000
12.051000
4.359000
1.794900
2.435900
-5.897400
-10.385000
-6.538500
-12.308000
-17.436001
-16.795000
-16.153999
-16.153999
-12.949000
-3.974400
2.435900
8.205100
4.359000
1.153800
4.359000
6.282100
4.359000
2.435900
-2.051300
1.794900
3.076900
12.051000
5.000000
-3.333300
-5.897400
-3.974400
4.359000
5.000000
7.564100
4.359000
3.076900
4.359000
1.153800
1.153800
1.794900
3.717900
6.923100
6.923100
5.000000
7.564100
1.794900
-4.615400
-4.615400
-2.051300
-1.410300
-2.051300
-6.538500
-3.333300
-2.692300
-1.410300
-0.769230
-3.974400
-5.256400
-4.615400
-2.692300
1.153800
8.205100
3.717900
-5.256400
-2.692300
-0.769230
-0.128210
2.435900
-0.769230
-2.692300
-1.410300
3.717900
6.923100
8.205100
1.153800
-0.128210
1.794900
3.076900
4.359000
4.359000
-0.128210
-1.410300
1.153800
-0.128210
1.794900
3.076900
3.076900
2.435900
3.717900
1.794900
2.435900
3.076900
1.153800
1.153800
0.512820
-2.692300
-2.692300
-0.128210
-5.256400
-5.256400
-5.256400
-2.051300
2.435900
1.794900
0.512820
3.076900
5.641000
-0.769230
-2.692300
-0.128210
0.512820
-0.769230
-1.410300
-4.615400
-3.333300
-6.538500
-5.256400
-3.974400
-6.538500
-9.743600
-7.179500
-5.256400
-3.333300
0.512820
5.000000
6.923100
6.282100
5.641000
1.794900
2.435900
-4.615400
-5.897400
-5.897400
-10.385000
-7.179500
-6.538500
-12.308000
-12.308000
-9.102600
-6.538500
-6.538500
-2.051300
4.359000
5.000000
8.846200
2.435900
-2.051300
3.076900
1.794900
1.794900
-1.410300
-0.769230
0.512820
3.717900
-4.615400
-4.615400
6.282100
15.256000
19.743999
14.615000
15.256000
18.462000
12.051000
6.923100
5.641000
5.000000
-1.410300
-3.974400
-1.410300
-6.538500
-7.179500
-2.692300
-5.256400
-5.256400
-3.333300
-3.974400
-4.615400
-3.974400
-0.769230
5.000000
3.076900
-2.692300
-0.128210
-5.256400
-4.615400
-5.897400
-7.820500
-7.179500
-9.102600
-1.410300
-0.128210
-0.128210
3.076900
3.076900
6.923100
13.974000
10.769000
5.000000
3.076900
0.512820
-4.615400
-3.333300
-3.333300
-3.974400
-5.256400
1.794900
1.794900
-5.256400
-5.256400
-3.974400
-2.051300
-2.051300
-2.051300
-0.769230
2.435900
-0.769230
-5.256400
-5.897400
-5.897400
-7.179500
-12.949000
-8.461500
-0.769230
-4.615400
-7.179500
-1.410300
0.512820
5.000000
5.000000
6.282100
9.487200
12.051000
5.000000
-0.128210
-1.410300
1.794900
8.846200
3.717900
0.512820
3.076900
12.051000
8.205100
13.333000
12.051000
7.564100
10.769000
10.769000
6.282100
3.076900
3.076900
-7.179500
-9.743600
-8.461500
-7.820500
-7.179500
-2.692300
-2.051300
1.153800
3.717900
6.282100
6.282100
0.512820
-1.410300
-2.692300
-4.615400
-6.538500
-6.538500
-4.615400
-1.410300
-3.333300
-7.179500
-3.333300
0.512820
1.794900
3.717900
3.076900
5.641000
11.410000
5.641000
4.359000
2.435900
-2.051300
-2.692300
-3.333300
-9.743600
-6.538500
-3.974400
-2.051300
-5.256400
-9.102600
-4.615400
0.512820
-0.769230
2.435900
1.794900
3.076900
-0.769230
-9.743600
-7.820500
-5.256400
-0.128210
2.435900
6.282100
10.128000
5.641000
3.717900
-0.128210
0.512820
4.359000
-0.128210
-1.410300
-1.410300
-3.974400
-2.051300
1.794900
7.564100
6.282100
8.205100
9.487200
6.282100
3.717900
3.076900
2.435900
-2.692300
1.153800
-1.410300
-7.820500
-9.102600
-5.897400
-4.615400
-3.974400
-0.128210
1.794900
1.794900
-0.769230
2.435900
15.256000
17.179001
8.846200
5.641000
5.641000
4.359000
2.435900
-0.769230
-5.256400
-11.026000
-7.820500
-2.051300
7.564100
6.923100
5.000000
4.359000
11.410000
6.923100
-0.769230
-0.128210
0.512820
2.435900
-6.538500
-12.949000
-9.102600
-14.231000
-11.667000
-5.897400
-3.333300
-1.410300
5.641000
-0.128210
-4.615400
3.717900
3.076900
-1.410300
-0.128210
-2.051300
-2.051300
-2.692300
-4.615400
-2.692300
3.076900
-3.333300
-8.461500
-3.974400
-3.333300
-6.538500
-5.897400
-3.333300
-5.256400
-2.051300
-0.769230
-2.051300
0.512820
-2.692300
-5.256400
-2.692300
1.794900
5.000000
2.435900
5.000000
12.692000
5.641000
-2.692300
-5.897400
-6.538500
-4.615400
0.512820
-0.128210
3.717900
1.153800
2.435900
11.410000
7.564100
8.205100
8.846200
5.641000
3.717900
-1.410300
-5.256400
-5.897400
-7.179500
-12.308000
-11.026000
-7.820500
-3.974400
6.282100
10.769000
10.769000
12.051000
13.974000
17.179001
18.462000
11.410000
2.435900
-0.128210
-2.692300
-8.461500
-14.231000
-9.743600
-4.615400
1.153800
-0.128210
2.435900
7.564100
9.487200
10.128000
10.769000
8.846200
5.000000
1.153800
1.794900
5.000000
-4.615400
-10.385000
-13.590000
-14.231000
-13.590000
-5.897400
-2.692300
-0.128210
1.794900
3.717900
9.487200
8.846200
3.076900
5.000000
2.435900
2.435900
6.923100
8.205100
3.076900
-2.692300
-3.974400
-0.769230
-4.615400
-12.949000
-12.308000
-7.820500
-6.538500
-3.333300
-3.974400
-2.692300
-0.128210
8.205100
0.512820
-8.461500
-2.692300
-3.333300
-7.179500
-5.897400
-6.538500
-5.897400
1.153800
5.000000
5.641000
7.564100
4.359000
5.000000
6.282100
3.717900
8.205100
6.282100
2.435900
-0.128210
-7.179500
-10.385000
-9.102600
-2.692300
-5.256400
-9.743600
-3.974400
-1.410300
5.000000
10.769000
10.128000
5.641000
5.641000
4.359000
5.641000
3.717900
-3.974400
-4.615400
-3.974400
-4.615400
-1.410300
0.512820
3.076900
8.205100
8.846200
13.974000
17.179001
15.897000
8.205100
3.717900
11.410000
6.282100
4.359000
3.717900
3.076900
2.435900
-4.615400
-4.615400
-4.615400
-3.974400
0.512820
-4.615400
-9.102600
-6.538500
-3.974400
-1.410300
-1.410300
-1.410300
4.359000
-4.615400
-9.102600
-6.538500
-9.102600
-4.615400
-0.128210
-4.615400
-2.692300
1.153800
6.923100
3.076900
-1.410300
-2.051300
-1.410300
-0.769230
-3.974400
-3.333300
-0.769230
-3.974400
-1.410300
5.641000
4.359000
5.000000
-0.128210
-1.410300
-0.769230
-0.128210
-0.128210
-0.769230
0.512820
-2.692300
-5.897400
-0.769230
3.717900
5.641000
8.846200
0.512820
-0.128210
5.000000
6.282100
3.076900
0.512820
-3.333300
-4.615400
-6.538500
-3.333300
-5.897400
-12.949000
-9.743600
-9.102600
-7.820500
-6.538500
-3.333300
-3.974400
1.153800
4.359000
-3.333300
-3.974400
-2.051300
-1.410300
5.641000
5.000000
2.435900
7.564100
5.641000
0.512820
-0.769230
-1.410300
-3.333300
5.000000
-2.051300
-6.538500
-7.179500
-3.333300
2.435900
1.153800
1.153800
4.359000
3.076900
-2.051300
0.512820
1.794900
-2.051300
-5.256400
-5.897400
-3.974400
-3.974400
-5.256400
-0.769230
-5.256400
-11.026000
-9.102600
-2.692300
2.435900
1.153800
5.641000
5.641000
5.000000
4.359000
3.076900
1.153800
5.000000
5.000000
1.794900
3.076900
7.564100
10.769000
9.487200
10.128000
10.769000
6.923100
9.487200
8.205100
5.641000
5.641000
10.128000
8.205100
3.717900
1.794900
-0.769230
-2.692300
-5.256400
-1.410300
1.153800
3.717900
-0.128210
5.641000
0.512820
-8.461500
-9.743600
-12.949000
-10.385000
-12.949000
-12.949000
-11.667000
-9.743600
-0.769230
0.512820
5.641000
6.923100
3.717900
5.641000
6.923100
-0.128210
-0.769230
2.435900
-2.692300
-3.974400
0.512820
-4.615400
-3.974400
-5.897400
-4.615400
-3.333300
1.153800
-7.820500
-8.461500
-7.179500
-3.333300
1.153800
2.435900
1.794900
-2.051300
-2.692300
1.794900
3.076900
5.000000
6.923100
3.076900
-1.410300
-2.051300
-0.769230
-4.615400
-2.051300
1.153800
-0.128210
-0.128210
3.076900
1.153800
-4.615400
-5.256400
-3.333300
-0.128210
6.923100
5.000000
5.641000
11.410000
8.205100
4.359000
0.512820
-0.769230
-3.333300
-2.692300
1.153800
5.641000
2.435900
-3.974400
-3.974400
-3.974400
0.512820
2.435900
4.359000
3.717900
2.435900
5.641000
1.794900
0.512820
3.717900
8.205100
10.128000
6.282100
2.435900
4.359000
0.512820
-7.179500
-9.743600
-9.743600
-7.820500
-8.461500
-7.820500
-7.179500
1.153800
10.769000
2.435900
3.076900
8.846200
9.487200
8.846200
4.359000
3.717900
0.512820
-6.538500
-2.692300
-10.385000
-12.949000
-12.949000
-12.949000
-4.615400
-2.692300
-2.051300
1.794900
3.076900
6.923100
10.769000
9.487200
8.205100
15.897000
10.128000
3.717900
3.076900
-2.051300
-2.692300
-0.769230
-5.256400
-5.897400
3.076900
3.717900
2.435900
10.769000
12.051000
9.487200
10.769000
12.051000
10.769000
4.359000
1.153800
-3.333300
-5.256400
-7.179500
-8.461500
-8.461500
-9.743600
-4.615400
2.435900
-0.769230
-3.974400
2.435900
4.359000
3.076900
1.153800
-3.333300
-4.615400
3.717900
-0.128210
-7.179500
-6.538500
-7.179500
-7.179500
-7.179500
-3.974400
2.435900
8.205100
12.051000
10.769000
5.000000
-0.128210
-3.333300
-5.897400
-5.897400
-8.461500
-8.461500
-5.897400
-6.538500
-6.538500
-10.385000
-7.179500
-5.897400
-4.615400
-0.769230
-0.769230
-0.769230
1.794900
5.641000
8.846200
8.205100
2.435900
0.512820
-3.333300
-3.974400
-0.128210
2.435900
1.794900
1.794900
3.076900
6.923100
13.974000
9.487200
10.128000
10.769000
5.000000
5.641000
-2.051300
-8.461500
-4.615400
-2.051300
-3.974400
-2.692300
-0.128210
0.512820
-0.769230
-2.692300
-3.333300
-2.692300
-6.538500
-9.102600
-10.385000
-10.385000
-12.308000
-14.231000
-11.667000
-7.820500
-5.897400
-3.333300
1.794900
4.359000
12.051000
14.615000
15.256000
17.179001
19.103001
13.333000
11.410000
8.205100
2.435900
2.435900
3.717900
4.359000
-2.692300
-9.102600
-3.333300
0.512820
5.000000
3.717900
2.435900
5.000000
2.435900
6.282100
5.641000
-0.128210
-0.769230
-0.769230
-3.333300
-0.128210
-1.410300
-4.615400
-3.333300
-0.128210
5.641000
6.923100
-0.128210
-4.615400
-4.615400
-7.179500
-9.743600
-8.461500
-6.538500
-10.385000
-9.102600
-5.256400
-2.051300
-0.128210
0.512820
-0.128210
-4.615400
-4.615400
-9.102600
-9.102600
-5.897400
1.153800
6.923100
4.359000
1.153800
3.076900
1.794900
5.641000
10.769000
1.794900
-2.692300
