3.039700
-0.069090
-1.105400
-0.069090
0.967180
2.003500
0.967180
-3.177900
-5.250400
-3.177900
3.039700
3.039700
-0.069090
-1.105400
-3.177900
-0.069090
-1.105400
-0.069090
-1.105400
-3.177900
-3.177900
-1.105400
-1.105400
0.967180
0.967180
2.003500
0.967180
2.003500
-0.069090
-0.069090
3.039700
7.184800
11.330000
8.221100
7.184800
5.112300
11.330000
10.294000
6.148500
-2.141600
-2.141600
0.967180
4.076000
5.112300
2.003500
-3.177900
-7.323000
-9.395500
-7.323000
-4.214200
-7.323000
-10.432000
-10.432000
-8.359200
-6.286700
-1.105400
-0.069090
-1.105400
4.076000
6.148500
6.148500
4.076000
4.076000
5.112300
6.148500
2.003500
3.039700
5.112300
4.076000
2.003500
3.039700
3.039700
5.112300
6.148500
-0.069090
-5.250400
-4.214200
-2.141600
-2.141600
-0.069090
5.112300
7.184800
11.330000
17.547001
24.801001
28.945999
22.729000
17.547001
8.221100
9.257300
9.257300
6.148500
7.184800
8.221100
8.221100
7.184800
8.221100
11.330000
15.475000
16.511000
17.547001
10.294000
9.257300
12.366000
17.547001
21.693001
22.729000
19.620001
14.439000
14.439000
14.439000
16.511000
16.511000
15.475000
13.402000
13.402000
15.475000
19.620001
18.584000
20.656000
21.693001
20.656000
16.511000
15.475000
14.439000
16.511000
16.511000
14.439000
10.294000
8.221100
15.475000
15.475000
12.366000
9.257300
6.148500
4.076000
8.221100
14.439000
13.402000
10.294000
5.112300
3.039700
7.184800
10.294000
6.148500
0.967180
-3.177900
-1.105400
-0.069090
6.148500
7.184800
8.221100
7.184800
7.184800
7.184800
5.112300
3.039700
6.148500
8.221100
5.112300
-0.069090
-3.177900
-3.177900
-2.141600
-0.069090
-0.069090
-0.069090
0.967180
6.148500
6.148500
7.184800
2.003500
-1.105400
-1.105400
5.112300
7.184800
-1.105400
-8.359200
-8.359200
-6.286700
-7.323000
-3.177900
-0.069090
8.221100
9.257300
3.039700
0.967180
-3.177900
-7.323000
-6.286700
-1.105400
2.003500
2.003500
-1.105400
-2.141600
-3.177900
-2.141600
-2.141600
-0.069090
2.003500
5.112300
11.330000
13.402000
6.148500
-6.286700
-10.432000
-7.323000
-1.105400
-2.141600
-6.286700
-10.432000
-14.577000
-13.541000
-9.395500
-7.323000
-2.141600
-5.250400
-13.541000
-15.613000
-9.395500
-6.286700
-5.250400
-10.432000
-16.649000
-17.686001
-16.649000
-15.613000
-16.649000
-16.649000
-19.757999
-16.649000
-15.613000
-16.649000
-16.649000
-13.541000
-15.613000
-14.577000
-9.395500
-12.504000
-13.541000
-10.432000
-4.214200
-1.105400
-4.214200
-6.286700
-3.177900
-1.105400
2.003500
4.076000
2.003500
-1.105400
-1.105400
2.003500
5.112300
0.967180
-5.250400
-8.359200
-7.323000
-4.214200
-2.141600
-1.105400
-5.250400
-3.177900
2.003500
3.039700
-3.177900
-8.359200
-6.286700
-2.141600
-3.177900
-6.286700
-8.359200
-7.323000
-8.359200
-13.541000
-13.541000
-16.649000
-17.686001
-18.722000
-11.468000
-3.177900
0.967180
-4.214200
-10.432000
-11.468000
-6.286700
3.039700
7.184800
4.076000
-1.105400
-4.214200
-4.214200
0.967180
4.076000
5.112300
-0.069090
-6.286700
-8.359200
-7.323000
-3.177900
-1.105400
0.967180
2.003500
2.003500
2.003500
4.076000
7.184800
5.112300
2.003500
9.257300
12.366000
13.402000
13.402000
9.257300
3.039700
-3.177900
-6.286700
-4.214200
-3.177900
-5.250400
-6.286700
-7.323000
-5.250400
-3.177900
-4.214200
-9.395500
-4.214200
-1.105400
5.112300
9.257300
7.184800
2.003500
4.076000
9.257300
10.294000
5.112300
-1.105400
-3.177900
-7.323000
-9.395500
-8.359200
-7.323000
-9.395500
-11.468000
-13.541000
-8.359200
-1.105400
7.184800
11.330000
15.475000
16.511000
11.330000
10.294000
9.257300
10.294000
11.330000
17.547001
17.547001
14.439000
11.330000
7.184800
7.184800
6.148500
3.039700
-1.105400
-2.141600
-0.069090
6.148500
8.221100
7.184800
3.039700
0.967180
-4.214200
-5.250400
-5.250400
-3.177900
-2.141600
-6.286700
-5.250400
-1.105400
5.112300
9.257300
8.221100
2.003500
-0.069090
4.076000
9.257300
8.221100
5.112300
-0.069090
-1.105400
2.003500
4.076000
5.112300
4.076000
-0.069090
4.076000
11.330000
11.330000
10.294000
4.076000
-0.069090
-4.214200
-7.323000
-9.395500
-9.395500
-11.468000
-8.359200
-8.359200
-4.214200
-1.105400
-4.214200
-5.250400
-0.069090
7.184800
10.294000
8.221100
7.184800
8.221100
6.148500
5.112300
3.039700
4.076000
0.967180
-2.141600
-1.105400
2.003500
-3.177900
-4.214200
-1.105400
-5.250400
-9.395500
-17.686001
-21.830999
-17.686001
-7.323000
-2.141600
-4.214200
-12.504000
-17.686001
-16.649000
-8.359200
-1.105400
-2.141600
-4.214200
-6.286700
-7.323000
-8.359200
-7.323000
-8.359200
-3.177900
-3.177900
-4.214200
-5.250400
-2.141600
-0.069090
6.148500
3.039700
-4.214200
-5.250400
-0.069090
4.076000
6.148500
5.112300
0.967180
2.003500
6.148500
8.221100
7.184800
6.148500
3.039700
5.112300
4.076000
3.039700
4.076000
8.221100
11.330000
9.257300
5.112300
0.967180
2.003500
3.039700
9.257300
13.402000
17.547001
14.439000
14.439000
13.402000
12.366000
11.330000
12.366000
16.511000
14.439000
11.330000
14.439000
17.547001
15.475000
13.402000
9.257300
12.366000
19.620001
21.693001
14.439000
7.184800
-0.069090
5.112300
7.184800
3.039700
-2.141600
-1.105400
-0.069090
-3.177900
-3.177900
-4.214200
-2.141600
-2.141600
-0.069090
0.967180
-0.069090
-2.141600
-1.105400
-3.177900
-3.177900
-2.141600
-3.177900
-4.214200
-2.141600
-4.214200
-6.286700
-7.323000
-8.359200
-11.468000
-14.577000
-9.395500
-7.323000
-7.323000
-4.214200
2.003500
6.148500
11.330000
12.366000
10.294000
9.257300
5.112300
4.076000
2.003500
3.039700
3.039700
2.003500
-4.214200
-5.250400
-4.214200
-1.105400
0.967180
-0.069090
-2.141600
-7.323000
-9.395500
-9.395500
-9.395500
-10.432000
-9.395500
-10.432000
-5.250400
-1.105400
3.039700
2.003500
-0.069090
-10.432000
-20.794001
-18.722000
-12.504000
-7.323000
-3.177900
3.039700
7.184800
8.221100
9.257300
10.294000
6.148500
2.003500
-0.069090
5.112300
6.148500
7.184800
4.076000
-3.177900
-7.323000
-7.323000
-2.141600
2.003500
4.076000
0.967180
-3.177900
-8.359200
-7.323000
-5.250400
-1.105400
-2.141600
-1.105400
-2.141600
-3.177900
-4.214200
-2.141600
0.967180
4.076000
3.039700
-3.177900
-2.141600
-1.105400
4.076000
0.967180
-3.177900
-4.214200
-1.105400
7.184800
6.148500
3.039700
5.112300
9.257300
8.221100
4.076000
2.003500
4.076000
5.112300
4.076000
2.003500
7.184800
9.257300
9.257300
0.967180
-1.105400
0.967180
0.967180
-0.069090
-1.105400
-0.069090
-0.069090
-0.069090
-4.214200
-6.286700
-7.323000
-1.105400
2.003500
7.184800
9.257300
8.221100
4.076000
3.039700
3.039700
2.003500
-1.105400
-0.069090
4.076000
0.967180
-4.214200
-9.395500
-5.250400
-1.105400
2.003500
2.003500
6.148500
7.184800
7.184800
5.112300
5.112300
8.221100
3.039700
-0.069090
0.967180
6.148500
0.967180
-1.105400
-3.177900
-4.214200
-4.214200
-4.214200
-9.395500
-10.432000
-10.432000
-7.323000
-7.323000
-5.250400
2.003500
5.112300
3.039700
4.076000
5.112300
3.039700
3.039700
-0.069090
2.003500
-0.069090
-4.214200
-7.323000
-5.250400
-3.177900
-3.177900
-0.069090
0.967180
-3.177900
-9.395500
-10.432000
-13.541000
-15.613000
-14.577000
-8.359200
-6.286700
-5.250400
-7.323000
-8.359200
-8.359200
-5.250400
-3.177900
-2.141600
-2.141600
-6.286700
-6.286700
-3.177900
-2.141600
-4.214200
-3.177900
-2.141600
0.967180
0.967180
8.221100
9.257300
7.184800
2.003500
-0.069090
0.967180
-0.069090
-1.105400
-2.141600
-2.141600
-1.105400
-2.141600
-5.250400
-5.250400
-4.214200
0.967180
5.112300
9.257300
11.330000
12.366000
16.511000
15.475000
14.439000
11.330000
8.221100
3.039700
0.967180
-2.141600
-1.105400
-1.105400
3.039700
4.076000
7.184800
7.184800
8.221100
8.221100
9.257300
13.402000
7.184800
0.967180
-0.069090
-0.069090
0.967180
2.003500
2.003500
3.039700
-0.069090
-0.069090
-3.177900
-10.432000
-14.577000
-10.432000
-1.105400
-1.105400
-9.395500
-10.432000
-10.432000
-7.323000
-1.105400
-0.069090
0.967180
2.003500
7.184800
6.148500
5.112300
5.112300
9.257300
13.402000
17.547001
16.511000
9.257300
7.184800
11.330000
14.439000
9.257300
7.184800
16.511000
28.945999
32.055000
27.910000
19.620001
13.402000
8.221100
9.257300
13.402000
12.366000
5.112300
-1.105400
-3.177900
-3.177900
2.003500
5.112300
11.330000
14.439000
16.511000
15.475000
13.402000
12.366000
14.439000
17.547001
19.620001
14.439000
10.294000
8.221100
4.076000
4.076000
4.076000
7.184800
7.184800
7.184800
9.257300
11.330000
8.221100
4.076000
3.039700
4.076000
4.076000
7.184800
9.257300
9.257300
7.184800
7.184800
10.294000
15.475000
18.584000
15.475000
15.475000
13.402000
10.294000
10.294000
11.330000
9.257300
12.366000
13.402000
9.257300
4.076000
2.003500
-0.069090
-2.141600
2.003500
3.039700
2.003500
-6.286700
-8.359200
-5.250400
0.967180
5.112300
6.148500
4.076000
6.148500
9.257300
7.184800
6.148500
5.112300
5.112300
4.076000
7.184800
7.184800
8.221100
10.294000
10.294000
9.257300
10.294000
11.330000
11.330000
6.148500
2.003500
2.003500
4.076000
5.112300
0.967180
-4.214200
-9.395500
-9.395500
-9.395500
-5.250400
-1.105400
0.967180
-3.177900
-6.286700
-5.250400
-0.069090
8.221100
13.402000
12.366000
5.112300
-2.141600
-2.141600
3.039700
0.967180
3.039700
3.039700
2.003500
0.967180
0.967180
4.076000
0.967180
0.967180
9.257300
10.294000
5.112300
5.112300
7.184800
8.221100
3.039700
0.967180
0.967180
0.967180
-4.214200
-7.323000
-8.359200
-3.177900
7.184800
14.439000
20.656000
23.764999
22.729000
17.547001
17.547001
16.511000
16.511000
14.439000
11.330000
9.257300
5.112300
-3.177900
-4.214200
-2.141600
-2.141600
-3.177900
-7.323000
-10.432000
-10.432000
-7.323000
-4.214200
0.967180
0.967180
-0.069090
-4.214200
-8.359200
-10.432000
-13.541000
-14.577000
-10.432000
-10.432000
-9.395500
-4.214200
-2.141600
-1.105400
-1.105400
-0.069090
-0.069090
-4.214200
-5.250400
-0.069090
-2.141600
-4.214200
-6.286700
-11.468000
-14.577000
-13.541000
-11.468000
-10.432000
-10.432000
-10.432000
-14.577000
-24.940001
-27.011999
-23.903000
-11.468000
-7.323000
-5.250400
-3.177900
-3.177900
-4.214200
-6.286700
-4.214200
-3.177900
-3.177900
-4.214200
-4.214200
-6.286700
-7.323000
-4.214200
2.003500
2.003500
6.148500
4.076000
-0.069090
-4.214200
-6.286700
-2.141600
-1.105400
-1.105400
-2.141600
-3.177900
-6.286700
-8.359200
-10.432000
