-0.067000
-3.082100
-3.082100
-2.077100
-2.077100
-0.067000
-0.067000
1.943000
2.948100
4.958100
8.978200
9.983200
9.983200
9.983200
5.963100
5.963100
2.948100
2.948100
4.958100
3.953100
1.943000
1.943000
1.943000
4.958100
4.958100
1.943000
2.948100
4.958100
0.938020
-0.067000
-1.072000
2.948100
8.978200
8.978200
7.973200
6.968200
11.993000
9.983200
1.943000
-1.072000
1.943000
4.958100
1.943000
-1.072000
-4.087100
-6.097200
-5.092100
-5.092100
-5.092100
-6.097200
-10.117000
-13.132000
-12.127000
-8.107200
-1.072000
2.948100
0.938020
-5.092100
-5.092100
-3.082100
2.948100
3.953100
2.948100
1.943000
1.943000
-0.067000
0.938020
2.948100
2.948100
5.963100
8.978200
8.978200
8.978200
7.973200
1.943000
-2.077100
-5.092100
-7.102200
-6.097200
-1.072000
3.953100
5.963100
8.978200
16.013000
24.054001
29.079000
26.063999
19.028000
9.983200
4.958100
1.943000
-1.072000
0.938020
1.943000
5.963100
8.978200
6.968200
5.963100
5.963100
9.983200
11.993000
9.983200
7.973200
8.978200
14.003000
20.034000
23.049000
21.039000
19.028000
20.034000
17.018000
17.018000
15.008000
10.988000
7.973200
7.973200
10.988000
11.993000
9.983200
9.983200
12.998000
12.998000
14.003000
14.003000
11.993000
12.998000
12.998000
8.978200
3.953100
1.943000
7.973200
10.988000
7.973200
8.978200
5.963100
3.953100
4.958100
5.963100
5.963100
4.958100
-0.067000
-4.087100
-5.092100
-6.097200
-7.102200
-6.097200
-3.082100
-1.072000
-2.077100
-0.067000
0.938020
3.953100
6.968200
8.978200
7.973200
3.953100
0.938020
-1.072000
-5.092100
-9.112200
-9.112200
-9.112200
-7.102200
-8.107200
-9.112200
-8.107200
-3.082100
-0.067000
3.953100
2.948100
0.938020
-5.092100
-10.117000
-15.142000
-12.127000
-10.117000
-13.132000
-18.157000
-16.146999
-12.127000
-9.112200
-2.077100
6.968200
14.003000
14.003000
5.963100
0.938020
-6.097200
-11.122000
-12.127000
-10.117000
-5.092100
-4.087100
-6.097200
-4.087100
0.938020
4.958100
7.973200
6.968200
3.953100
-0.067000
1.943000
6.968200
2.948100
-3.082100
-4.087100
-4.087100
-0.067000
-2.077100
-6.097200
-6.097200
-5.092100
-0.067000
1.943000
0.938020
3.953100
1.943000
-6.097200
-11.122000
-8.107200
-5.092100
-5.092100
-9.112200
-10.117000
-10.117000
-9.112200
-7.102200
-7.102200
-9.112200
-11.122000
-8.107200
-5.092100
-7.102200
-9.112200
-7.102200
-9.112200
-10.117000
-9.112200
-12.127000
-14.137000
-9.112200
-3.082100
-2.077100
-6.097200
-11.122000
-12.127000
-9.112200
-6.097200
-2.077100
-1.072000
-4.087100
-5.092100
1.943000
7.973200
6.968200
3.953100
-0.067000
-1.072000
-0.067000
2.948100
-0.067000
-6.097200
-5.092100
1.943000
3.953100
0.938020
-3.082100
-1.072000
0.938020
-0.067000
-0.067000
-2.077100
-4.087100
-5.092100
-4.087100
-5.092100
-9.112200
-10.117000
-10.117000
-4.087100
4.958100
11.993000
9.983200
3.953100
-2.077100
-2.077100
2.948100
7.973200
7.973200
3.953100
-0.067000
-1.072000
3.953100
10.988000
8.978200
1.943000
-3.082100
-4.087100
-4.087100
-3.082100
-3.082100
-3.082100
-1.072000
0.938020
2.948100
3.953100
7.973200
7.973200
5.963100
10.988000
12.998000
12.998000
14.003000
12.998000
7.973200
2.948100
-0.067000
0.938020
2.948100
3.953100
0.938020
-4.087100
-8.107200
-5.092100
-3.082100
-5.092100
-5.092100
-4.087100
-2.077100
2.948100
3.953100
1.943000
3.953100
4.958100
1.943000
-2.077100
-8.107200
-12.127000
-14.137000
-15.142000
-12.127000
-11.122000
-11.122000
-14.137000
-17.152000
-16.146999
-14.137000
-4.087100
1.943000
6.968200
8.978200
4.958100
2.948100
0.938020
-1.072000
-2.077100
2.948100
6.968200
7.973200
8.978200
5.963100
4.958100
0.938020
-4.087100
-10.117000
-10.117000
-5.092100
1.943000
4.958100
2.948100
0.938020
-0.067000
-0.067000
1.943000
0.938020
-0.067000
-2.077100
-4.087100
-0.067000
-0.067000
4.958100
10.988000
8.978200
3.953100
0.938020
4.958100
7.973200
6.968200
3.953100
2.948100
2.948100
2.948100
-5.092100
-4.087100
2.948100
4.958100
5.963100
6.968200
3.953100
2.948100
0.938020
-2.077100
-4.087100
-6.097200
-8.107200
-10.117000
-12.127000
-11.122000
-8.107200
-3.082100
-0.067000
-2.077100
-4.087100
-4.087100
1.943000
5.963100
3.953100
0.938020
-0.067000
1.943000
1.943000
0.938020
-1.072000
-2.077100
-3.082100
-4.087100
-0.067000
-0.067000
-1.072000
-0.067000
0.938020
-0.067000
-6.097200
-11.122000
-10.117000
-7.102200
-2.077100
-3.082100
-8.107200
-13.132000
-14.137000
-10.117000
-3.082100
-3.082100
-4.087100
-5.092100
-5.092100
-5.092100
-4.087100
-4.087100
0.938020
2.948100
-1.072000
-3.082100
-2.077100
-1.072000
1.943000
3.953100
0.938020
-1.072000
0.938020
3.953100
4.958100
3.953100
5.963100
7.973200
8.978200
7.973200
8.978200
6.968200
3.953100
2.948100
3.953100
3.953100
3.953100
6.968200
9.983200
6.968200
7.973200
8.978200
7.973200
6.968200
7.973200
11.993000
18.023001
19.028000
14.003000
9.983200
11.993000
14.003000
16.013000
20.034000
19.028000
15.008000
15.008000
12.998000
9.983200
7.973200
6.968200
8.978200
14.003000
14.003000
9.983200
6.968200
7.973200
12.998000
11.993000
5.963100
1.943000
2.948100
2.948100
-0.067000
0.938020
1.943000
0.938020
-1.072000
-3.082100
-2.077100
-1.072000
-0.067000
0.938020
-1.072000
-4.087100
-6.097200
-7.102200
-4.087100
1.943000
1.943000
-2.077100
-6.097200
-5.092100
-4.087100
-5.092100
-5.092100
-5.092100
-6.097200
-7.102200
-3.082100
2.948100
5.963100
6.968200
6.968200
6.968200
4.958100
3.953100
0.938020
-0.067000
1.943000
2.948100
1.943000
1.943000
0.938020
0.938020
1.943000
1.943000
2.948100
0.938020
-3.082100
-3.082100
-3.082100
-1.072000
-0.067000
-3.082100
-3.082100
-3.082100
-0.067000
4.958100
5.963100
-1.072000
-11.122000
-9.112200
-5.092100
-4.087100
-4.087100
-1.072000
2.948100
1.943000
1.943000
1.943000
4.958100
4.958100
1.943000
1.943000
2.948100
4.958100
6.968200
1.943000
-3.082100
-5.092100
1.943000
11.993000
18.023001
15.008000
5.963100
-1.072000
-4.087100
-3.082100
-1.072000
-3.082100
-6.097200
-8.107200
-8.107200
-7.102200
-5.092100
-5.092100
-2.077100
0.938020
-0.067000
-0.067000
0.938020
4.958100
5.963100
-0.067000
-2.077100
-2.077100
3.953100
6.968200
5.963100
3.953100
2.948100
0.938020
-0.067000
0.938020
1.943000
3.953100
3.953100
1.943000
2.948100
4.958100
4.958100
-0.067000
-0.067000
3.953100
2.948100
0.938020
-1.072000
-3.082100
-8.107200
-9.112200
-6.097200
-4.087100
-4.087100
-6.097200
-4.087100
1.943000
7.973200
7.973200
5.963100
3.953100
1.943000
1.943000
-0.067000
-2.077100
-4.087100
-4.087100
-3.082100
-3.082100
-2.077100
0.938020
4.958100
3.953100
3.953100
6.968200
8.978200
6.968200
3.953100
1.943000
-1.072000
-2.077100
-2.077100
-1.072000
-3.082100
-1.072000
1.943000
0.938020
-0.067000
-3.082100
-9.112200
-10.117000
-7.102200
-4.087100
-2.077100
0.938020
6.968200
7.973200
5.963100
8.978200
7.973200
2.948100
3.953100
2.948100
1.943000
1.943000
-0.067000
-2.077100
-2.077100
2.948100
4.958100
6.968200
8.978200
5.963100
1.943000
-5.092100
-9.112200
-10.117000
-6.097200
0.938020
3.953100
3.953100
-0.067000
-3.082100
-3.082100
-4.087100
-5.092100
-2.077100
0.938020
-0.067000
-3.082100
-0.067000
0.938020
0.938020
0.938020
2.948100
4.958100
7.973200
14.003000
15.008000
12.998000
9.983200
9.983200
8.978200
6.968200
3.953100
1.943000
0.938020
-0.067000
0.938020
2.948100
0.938020
-1.072000
-0.067000
2.948100
3.953100
4.958100
3.953100
6.968200
7.973200
8.978200
4.958100
2.948100
2.948100
2.948100
2.948100
-0.067000
-2.077100
1.943000
4.958100
8.978200
8.978200
8.978200
6.968200
5.963100
6.968200
0.938020
-1.072000
0.938020
2.948100
3.953100
3.953100
3.953100
2.948100
-0.067000
-3.082100
-1.072000
-7.102200
-11.122000
-10.117000
-2.077100
-0.067000
-4.087100
-7.102200
-11.122000
-11.122000
-6.097200
-0.067000
1.943000
3.953100
4.958100
4.958100
5.963100
6.968200
8.978200
9.983200
11.993000
10.988000
6.968200
3.953100
3.953100
2.948100
-0.067000
-1.072000
4.958100
16.013000
24.054001
23.049000
19.028000
14.003000
10.988000
9.983200
11.993000
8.978200
3.953100
-2.077100
-3.082100
-5.092100
-4.087100
0.938020
6.968200
8.978200
6.968200
5.963100
2.948100
4.958100
9.983200
11.993000
7.973200
1.943000
-2.077100
-1.072000
-0.067000
0.938020
3.953100
4.958100
4.958100
1.943000
-0.067000
2.948100
3.953100
1.943000
-0.067000
-2.077100
-5.092100
-7.102200
-6.097200
-3.082100
-5.092100
-7.102200
-8.107200
-4.087100
-3.082100
0.938020
3.953100
5.963100
5.963100
4.958100
3.953100
-0.067000
-1.072000
-1.072000
-2.077100
-3.082100
-2.077100
-2.077100
-3.082100
-3.082100
-1.072000
1.943000
-2.077100
-4.087100
-3.082100
-4.087100
-6.097200
-9.112200
-9.112200
-7.102200
-4.087100
-1.072000
-0.067000
0.938020
-3.082100
-4.087100
-1.072000
0.938020
2.948100
4.958100
2.948100
-0.067000
-4.087100
-3.082100
1.943000
2.948100
-0.067000
-5.092100
-7.102200
-9.112200
-12.127000
-13.132000
-14.137000
-14.137000
-16.146999
-15.142000
-11.122000
-9.112200
-7.102200
-4.087100
2.948100
9.983200
18.023001
16.013000
7.973200
3.953100
-0.067000
0.938020
3.953100
3.953100
4.958100
1.943000
-2.077100
-2.077100
-0.067000
2.948100
3.953100
4.958100
10.988000
11.993000
5.963100
4.958100
8.978200
8.978200
5.963100
3.953100
3.953100
2.948100
1.943000
-1.072000
-1.072000
5.963100
11.993000
16.013000
20.034000
20.034000
18.023001
12.998000
11.993000
14.003000
10.988000
9.983200
7.973200
5.963100
3.953100
1.943000
-1.072000
3.953100
6.968200
7.973200
4.958100
1.943000
-0.067000
-1.072000
2.948100
5.963100
5.963100
2.948100
-0.067000
-5.092100
-5.092100
-4.087100
-3.082100
-3.082100
-7.102200
-10.117000
-6.097200
-2.077100
1.943000
-0.067000
-1.072000
-1.072000
-4.087100
-2.077100
-0.067000
-1.072000
0.938020
-0.067000
-4.087100
-5.092100
-4.087100
-4.087100
-6.097200
-8.107200
-7.102200
-10.117000
-14.137000
-13.132000
-10.117000
-5.092100
-6.097200
-8.107200
-7.102200
-5.092100
-1.072000
-2.077100
-3.082100
-3.082100
-1.072000
-3.082100
-4.087100
-6.097200
-7.102200
-1.072000
6.968200
6.968200
6.968200
5.963100
1.943000
-4.087100
-6.097200
-3.082100
-4.087100
-6.097200
-4.087100
-3.082100
-3.082100
-4.087100
-4.087100
