-5.780000
-9.720900
-7.750400
-6.765200
-7.750400
-3.809500
-0.853860
-0.853860
-1.839100
-0.853860
4.072200
6.042700
7.027900
7.027900
2.101800
1.116600
-3.809500
-7.750400
-5.780000
-3.809500
-1.839100
-0.853860
-2.824300
-0.853860
2.101800
0.131360
2.101800
5.057500
3.087000
1.116600
-0.853860
4.072200
12.939000
13.924000
13.924000
9.983600
13.924000
9.983600
5.057500
1.116600
1.116600
3.087000
0.131360
-2.824300
-3.809500
-3.809500
-3.809500
-5.780000
-5.780000
-6.765200
-12.677000
-14.647000
-13.662000
-4.794700
4.072200
8.013100
1.116600
-9.720900
-11.691000
-10.706000
-2.824300
2.101800
2.101800
0.131360
-1.839100
-3.809500
-0.853860
1.116600
4.072200
7.027900
10.969000
10.969000
11.954000
10.969000
5.057500
-3.809500
-11.691000
-14.647000
-12.677000
-4.794700
5.057500
8.013100
10.969000
16.879999
27.718000
36.584999
32.644001
25.747000
13.924000
6.042700
-0.853860
-7.750400
-6.765200
-0.853860
7.027900
11.954000
9.983600
4.072200
-1.839100
-2.824300
0.131360
2.101800
2.101800
2.101800
5.057500
10.969000
15.895000
17.865000
16.879999
16.879999
12.939000
10.969000
8.013100
3.087000
-1.839100
-0.853860
2.101800
6.042700
7.027900
9.983600
11.954000
12.939000
14.910000
15.895000
13.924000
13.924000
13.924000
8.998400
2.101800
-5.780000
-1.839100
0.131360
4.072200
8.998400
8.998400
4.072200
3.087000
6.042700
8.013100
8.013100
3.087000
-2.824300
-6.765200
-9.720900
-12.677000
-9.720900
-6.765200
-3.809500
-4.794700
-4.794700
-0.853860
4.072200
8.998400
12.939000
13.924000
8.998400
3.087000
-1.839100
-8.735600
-15.632000
-16.617001
-14.647000
-9.720900
-9.720900
-9.720900
-6.765200
2.101800
7.027900
9.983600
9.983600
8.998400
1.116600
-5.780000
-9.720900
-5.780000
-5.780000
-9.720900
-13.662000
-13.662000
-9.720900
-5.780000
6.042700
15.895000
21.806000
21.806000
13.924000
8.013100
-0.853860
-3.809500
-1.839100
2.101800
6.042700
7.027900
2.101800
4.072200
9.983600
16.879999
19.836000
16.879999
10.969000
5.057500
5.057500
7.027900
2.101800
-2.824300
-5.780000
-6.765200
-2.824300
-2.824300
-2.824300
2.101800
6.042700
10.969000
10.969000
8.998400
9.983600
6.042700
-3.809500
-9.720900
-7.750400
-5.780000
-5.780000
-8.735600
-9.720900
-5.780000
-2.824300
-1.839100
-2.824300
-3.809500
-6.765200
-4.794700
-6.765200
-10.706000
-10.706000
-7.750400
-9.720900
-10.706000
-10.706000
-15.632000
-16.617001
-11.691000
-5.780000
-5.780000
-12.677000
-18.587999
-21.544001
-18.587999
-12.677000
-9.720900
-6.765200
-6.765200
-5.780000
0.131360
6.042700
7.027900
5.057500
-2.824300
-4.794700
-2.824300
1.116600
0.131360
-4.794700
-6.765200
-2.824300
-0.853860
0.131360
2.101800
6.042700
7.027900
4.072200
4.072200
4.072200
-0.853860
-2.824300
1.116600
4.072200
0.131360
-4.794700
-7.750400
-3.809500
7.027900
20.820999
21.806000
10.969000
-1.839100
-5.780000
0.131360
7.027900
8.013100
2.101800
-5.780000
-10.706000
-2.824300
8.998400
9.983600
3.087000
-2.824300
-4.794700
-6.765200
-7.750400
-8.735600
-7.750400
-5.780000
-1.839100
0.131360
-2.824300
0.131360
0.131360
-0.853860
5.057500
8.013100
8.998400
10.969000
7.027900
-0.853860
-5.780000
-4.794700
-0.853860
3.087000
1.116600
-4.794700
-9.720900
-13.662000
-12.677000
-11.691000
-12.677000
-9.720900
-6.765200
-3.809500
1.116600
0.131360
-1.839100
2.101800
3.087000
2.101800
0.131360
-5.780000
-12.677000
-19.573000
-19.573000
-13.662000
-7.750400
-4.794700
-5.780000
-9.720900
-8.735600
-4.794700
5.057500
8.998400
8.998400
7.027900
0.131360
2.101800
5.057500
5.057500
1.116600
0.131360
3.087000
4.072200
4.072200
5.057500
5.057500
3.087000
-0.853860
-3.809500
-3.809500
-0.853860
6.042700
8.998400
8.998400
8.998400
11.954000
14.910000
16.879999
11.954000
4.072200
-2.824300
-6.765200
-1.839100
1.116600
6.042700
12.939000
9.983600
1.116600
-4.794700
-0.853860
6.042700
8.013100
7.027900
6.042700
6.042700
5.057500
-0.853860
-2.824300
4.072200
7.027900
8.013100
8.013100
4.072200
2.101800
1.116600
-2.824300
-3.809500
-5.780000
-8.735600
-12.677000
-17.603001
-17.603001
-15.632000
-5.780000
1.116600
3.087000
0.131360
-3.809500
-0.853860
3.087000
2.101800
-2.824300
-6.765200
-4.794700
-6.765200
-9.720900
-11.691000
-10.706000
-11.691000
-6.765200
2.101800
3.087000
1.116600
-0.853860
-0.853860
0.131360
-2.824300
-5.780000
-7.750400
-6.765200
-2.824300
-2.824300
-6.765200
-8.735600
-10.706000
-8.735600
-4.794700
-6.765200
-6.765200
-6.765200
-6.765200
-6.765200
-2.824300
-0.853860
4.072200
5.057500
1.116600
-3.809500
-2.824300
-1.839100
3.087000
8.998400
6.042700
4.072200
3.087000
5.057500
5.057500
6.042700
9.983600
13.924000
14.910000
9.983600
4.072200
1.116600
-0.853860
-0.853860
2.101800
7.027900
10.969000
13.924000
13.924000
10.969000
12.939000
16.879999
16.879999
11.954000
10.969000
12.939000
19.836000
18.851000
13.924000
10.969000
15.895000
20.820999
22.791000
26.732000
26.732000
23.777000
21.806000
16.879999
10.969000
8.013100
7.027900
8.998400
14.910000
13.924000
7.027900
5.057500
8.013100
11.954000
10.969000
5.057500
0.131360
-0.853860
-2.824300
-6.765200
-6.765200
-5.780000
-3.809500
-6.765200
-8.735600
-7.750400
-8.735600
-6.765200
-0.853860
0.131360
-4.794700
-10.706000
-14.647000
-8.735600
0.131360
2.101800
-3.809500
-11.691000
-10.706000
-6.765200
-6.765200
-6.765200
-7.750400
-11.691000
-12.677000
-6.765200
-0.853860
2.101800
5.057500
7.027900
6.042700
2.101800
2.101800
-0.853860
-1.839100
1.116600
5.057500
4.072200
5.057500
4.072200
4.072200
5.057500
4.072200
3.087000
1.116600
0.131360
0.131360
1.116600
1.116600
2.101800
-2.824300
-6.765200
-8.735600
-5.780000
4.072200
9.983600
0.131360
-11.691000
-8.735600
-3.809500
-3.809500
-4.794700
0.131360
1.116600
0.131360
0.131360
2.101800
7.027900
4.072200
-2.824300
-0.853860
2.101800
5.057500
7.027900
5.057500
0.131360
-0.853860
4.072200
14.910000
25.747000
23.777000
11.954000
2.101800
-1.839100
1.116600
5.057500
2.101800
-1.839100
-4.794700
-3.809500
1.116600
3.087000
0.131360
-0.853860
2.101800
0.131360
-1.839100
0.131360
7.027900
8.013100
2.101800
-1.839100
-3.809500
4.072200
7.027900
7.027900
2.101800
-0.853860
-4.794700
-3.809500
1.116600
5.057500
5.057500
4.072200
2.101800
3.087000
3.087000
-0.853860
-6.765200
-3.809500
4.072200
7.027900
8.013100
6.042700
0.131360
-8.735600
-10.706000
-5.780000
0.131360
-0.853860
-2.824300
1.116600
7.027900
11.954000
9.983600
8.998400
8.013100
6.042700
3.087000
1.116600
-3.809500
-5.780000
-3.809500
1.116600
1.116600
3.087000
3.087000
5.057500
5.057500
6.042700
8.013100
9.983600
8.998400
6.042700
3.087000
-0.853860
-4.794700
-7.750400
-6.765200
-3.809500
2.101800
5.057500
3.087000
2.101800
0.131360
-4.794700
-5.780000
-5.780000
-2.824300
0.131360
6.042700
10.969000
8.013100
6.042700
8.013100
8.998400
5.057500
6.042700
7.027900
8.013100
8.013100
8.013100
4.072200
1.116600
2.101800
4.072200
8.998400
12.939000
10.969000
5.057500
-2.824300
-7.750400
-7.750400
-2.824300
6.042700
9.983600
8.998400
3.087000
-0.853860
-3.809500
-6.765200
-7.750400
-3.809500
-1.839100
-4.794700
-5.780000
-2.824300
-2.824300
-2.824300
-5.780000
-5.780000
-1.839100
3.087000
8.013100
8.013100
7.027900
6.042700
7.027900
8.998400
6.042700
2.101800
-3.809500
-8.735600
-8.735600
-5.780000
-4.794700
-5.780000
-3.809500
-0.853860
0.131360
-0.853860
-3.809500
-6.765200
-1.839100
3.087000
8.013100
6.042700
5.057500
4.072200
1.116600
-1.839100
-6.765200
-8.735600
-5.780000
-3.809500
2.101800
6.042700
6.042700
2.101800
0.131360
2.101800
-0.853860
-1.839100
1.116600
4.072200
5.057500
5.057500
6.042700
7.027900
5.057500
2.101800
1.116600
-6.765200
-11.691000
-8.735600
3.087000
7.027900
0.131360
-6.765200
-10.706000
-12.677000
-5.780000
3.087000
9.983600
12.939000
11.954000
9.983600
9.983600
8.998400
10.969000
13.924000
14.910000
12.939000
7.027900
4.072200
3.087000
3.087000
-1.839100
-4.794700
0.131360
11.954000
20.820999
22.791000
19.836000
16.879999
16.879999
17.865000
17.865000
12.939000
6.042700
-0.853860
-3.809500
-8.735600
-7.750400
-2.824300
3.087000
5.057500
2.101800
3.087000
3.087000
7.027900
13.924000
15.895000
11.954000
4.072200
-5.780000
-8.735600
-8.735600
-4.794700
1.116600
6.042700
7.027900
2.101800
-1.839100
0.131360
1.116600
-0.853860
-0.853860
-4.794700
-10.706000
-12.677000
-14.647000
-14.647000
-13.662000
-13.662000
-15.632000
-14.647000
-13.662000
-11.691000
-4.794700
1.116600
1.116600
0.131360
-0.853860
-5.780000
-8.735600
-7.750400
-6.765200
-7.750400
-3.809500
0.131360
-0.853860
-0.853860
1.116600
3.087000
0.131360
-1.839100
-1.839100
-2.824300
-4.794700
-7.750400
-5.780000
-0.853860
3.087000
6.042700
8.013100
7.027900
3.087000
0.131360
-2.824300
-4.794700
-3.809500
0.131360
3.087000
0.131360
-3.809500
-6.765200
-3.809500
-1.839100
-0.853860
0.131360
-5.780000
-12.677000
-17.603001
-17.603001
-14.647000
-13.662000
-11.691000
-9.720900
-6.765200
-4.794700
-4.794700
0.131360
9.983600
20.820999
27.718000
24.761999
12.939000
4.072200
1.116600
7.027900
12.939000
12.939000
11.954000
8.013100
2.101800
0.131360
2.101800
6.042700
8.998400
12.939000
17.865000
16.879999
8.013100
7.027900
8.998400
7.027900
4.072200
6.042700
8.013100
6.042700
2.101800
-0.853860
2.101800
8.998400
17.865000
21.806000
25.747000
23.777000
18.851000
10.969000
11.954000
14.910000
12.939000
12.939000
9.983600
8.998400
3.087000
0.131360
0.131360
7.027900
9.983600
10.969000
6.042700
4.072200
4.072200
6.042700
12.939000
17.865000
14.910000
8.013100
6.042700
3.087000
3.087000
5.057500
1.116600
-3.809500
-8.735600
-10.706000
-3.809500
2.101800
5.057500
4.072200
3.087000
2.101800
-0.853860
0.131360
4.072200
7.027900
7.027900
5.057500
-1.839100
-0.853860
3.087000
4.072200
1.116600
-0.853860
-1.839100
-5.780000
-12.677000
-12.677000
-8.735600
-0.853860
-2.824300
-8.735600
-9.720900
-2.824300
8.013100
9.983600
6.042700
1.116600
-1.839100
-6.765200
-10.706000
-13.662000
-12.677000
-5.780000
3.087000
6.042700
8.998400
6.042700
-0.853860
-5.780000
-6.765200
1.116600
1.116600
-3.809500
-4.794700
-4.794700
-2.824300
-2.824300
-2.824300
