-0.825400
0.126980
0.126980
-0.825400
-4.634900
-7.492100
-7.492100
-6.539700
-4.634900
-4.634900
-5.587300
-6.539700
1.079400
1.079400
0.126980
0.126980
-2.730200
-6.539700
-7.492100
-9.396800
-9.396800
-4.634900
-2.730200
0.126980
2.984100
5.841300
2.984100
2.031700
0.126980
-2.730200
-4.634900
-3.682500
-7.492100
-5.587300
-0.825400
1.079400
2.031700
1.079400
-1.777800
-4.634900
-8.444400
-9.396800
-7.492100
-5.587300
-6.539700
-6.539700
-3.682500
-0.825400
0.126980
1.079400
6.793700
7.746000
6.793700
4.888900
4.888900
3.936500
2.031700
4.888900
7.746000
6.793700
2.984100
0.126980
-0.825400
2.031700
3.936500
1.079400
-0.825400
-1.777800
-0.825400
2.031700
2.984100
1.079400
2.984100
6.793700
5.841300
2.031700
1.079400
-2.730200
-5.587300
-3.682500
-3.682500
-4.634900
-2.730200
-1.777800
-1.777800
-3.682500
-3.682500
-1.777800
-4.634900
-6.539700
-2.730200
-0.825400
1.079400
2.984100
4.888900
5.841300
4.888900
4.888900
4.888900
4.888900
1.079400
-5.587300
-11.302000
-11.302000
-7.492100
-7.492100
-6.539700
-2.730200
1.079400
4.888900
7.746000
10.603000
12.508000
12.508000
11.556000
10.603000
10.603000
8.698400
4.888900
2.031700
0.126980
-1.777800
-2.730200
-0.825400
-0.825400
0.126980
1.079400
0.126980
2.031700
6.793700
9.650800
11.556000
11.556000
10.603000
9.650800
8.698400
5.841300
2.031700
0.126980
-3.682500
-8.444400
-14.159000
-16.063000
-16.063000
-13.206000
-14.159000
-12.254000
-10.349000
-10.349000
-8.444400
-7.492100
-4.634900
-1.777800
0.126980
6.793700
9.650800
9.650800
7.746000
4.888900
2.031700
3.936500
4.888900
5.841300
6.793700
5.841300
2.031700
2.031700
6.793700
5.841300
2.031700
2.031700
5.841300
8.698400
9.650800
15.365000
20.127001
19.174999
16.316999
12.508000
6.793700
5.841300
11.556000
13.460000
13.460000
12.508000
7.746000
2.031700
-1.777800
-3.682500
-9.396800
-17.016001
-16.063000
-17.016001
-17.016001
-15.111000
-16.063000
-15.111000
-11.302000
-7.492100
-0.825400
6.793700
5.841300
5.841300
4.888900
2.031700
2.031700
3.936500
2.984100
2.984100
4.888900
6.793700
5.841300
4.888900
4.888900
2.031700
1.079400
2.984100
1.079400
-0.825400
-4.634900
-8.444400
-2.730200
-1.777800
-3.682500
-2.730200
-1.777800
-4.634900
-3.682500
-1.777800
-0.825400
1.079400
1.079400
2.984100
3.936500
2.984100
2.984100
0.126980
1.079400
1.079400
1.079400
3.936500
3.936500
2.984100
2.984100
2.984100
1.079400
0.126980
-2.730200
-3.682500
0.126980
-0.825400
-0.825400
0.126980
-3.682500
-5.587300
-3.682500
-3.682500
-5.587300
-10.349000
-16.063000
-14.159000
-9.396800
-10.349000
-11.302000
-7.492100
-4.634900
-4.634900
-5.587300
-5.587300
-0.825400
2.031700
2.031700
2.031700
-0.825400
-2.730200
-2.730200
-2.730200
-3.682500
-1.777800
2.031700
3.936500
7.746000
5.841300
2.984100
-0.825400
-5.587300
-4.634900
-2.730200
-3.682500
1.079400
5.841300
6.793700
7.746000
7.746000
4.888900
1.079400
-2.730200
-5.587300
-7.492100
-5.587300
-5.587300
-2.730200
-3.682500
-5.587300
-6.539700
-5.587300
0.126980
2.031700
4.888900
5.841300
3.936500
3.936500
2.031700
1.079400
0.126980
2.031700
1.079400
0.126980
-0.825400
-5.587300
-8.444400
-7.492100
-8.444400
-5.587300
-2.730200
-0.825400
2.984100
5.841300
6.793700
9.650800
17.270000
19.174999
13.460000
7.746000
3.936500
0.126980
-0.825400
-6.539700
-10.349000
-10.349000
-8.444400
-5.587300
-6.539700
-11.302000
-15.111000
-17.968000
-21.778000
-16.063000
-12.254000
-12.254000
-11.302000
-9.396800
-5.587300
-0.825400
2.984100
8.698400
12.508000
16.316999
20.127001
20.127001
16.316999
8.698400
-0.825400
-7.492100
-10.349000
-10.349000
-13.206000
-14.159000
-8.444400
-3.682500
0.126980
4.888900
8.698400
10.603000
12.508000
16.316999
13.460000
5.841300
0.126980
-2.730200
-6.539700
-4.634900
0.126980
2.031700
6.793700
10.603000
10.603000
13.460000
15.365000
14.413000
11.556000
5.841300
1.079400
-1.777800
-1.777800
-4.634900
-8.444400
-11.302000
-12.254000
-11.302000
-8.444400
-8.444400
-6.539700
-3.682500
-1.777800
0.126980
2.031700
5.841300
7.746000
4.888900
3.936500
7.746000
5.841300
3.936500
3.936500
1.079400
-2.730200
-3.682500
-0.825400
2.031700
3.936500
2.984100
1.079400
-0.825400
-3.682500
-4.634900
-4.634900
-3.682500
-1.777800
1.079400
3.936500
6.793700
6.793700
6.793700
7.746000
6.793700
7.746000
6.793700
6.793700
7.746000
8.698400
10.603000
9.650800
13.460000
15.365000
15.365000
17.270000
16.316999
13.460000
12.508000
10.603000
9.650800
4.888900
-0.825400
-7.492100
-12.254000
-14.159000
-13.206000
-13.206000
-14.159000
-15.111000
-15.111000
-16.063000
-15.111000
-15.111000
-13.206000
-10.349000
-7.492100
-5.587300
-3.682500
-0.825400
2.031700
1.079400
1.079400
2.031700
6.793700
9.650800
10.603000
11.556000
13.460000
11.556000
10.603000
8.698400
9.650800
7.746000
2.031700
-3.682500
-7.492100
-4.634900
2.984100
5.841300
2.031700
2.031700
2.984100
1.079400
-0.825400
-5.587300
-11.302000
-12.254000
-10.349000
-11.302000
-10.349000
-7.492100
-6.539700
-3.682500
-4.634900
-8.444400
-7.492100
-4.634900
-3.682500
-0.825400
0.126980
1.079400
3.936500
2.984100
1.079400
1.079400
0.126980
0.126980
4.888900
9.650800
11.556000
14.413000
13.460000
11.556000
14.413000
18.222000
18.222000
12.508000
6.793700
2.984100
3.936500
5.841300
1.079400
0.126980
2.031700
2.031700
6.793700
8.698400
10.603000
10.603000
10.603000
10.603000
11.556000
8.698400
4.888900
3.936500
5.841300
2.984100
-0.825400
-4.634900
-5.587300
-2.730200
-3.682500
-8.444400
-16.063000
-21.778000
-23.683001
-24.635000
-25.587000
-26.540001
-25.587000
-24.635000
-23.683001
-21.778000
-17.968000
-12.254000
-9.396800
-9.396800
-6.539700
-1.777800
-0.825400
-0.825400
-3.682500
-4.634900
-0.825400
0.126980
-0.825400
-2.730200
-2.730200
0.126980
1.079400
2.031700
3.936500
4.888900
5.841300
5.841300
7.746000
10.603000
14.413000
15.365000
13.460000
9.650800
8.698400
8.698400
7.746000
9.650800
7.746000
2.984100
0.126980
-4.634900
-6.539700
-5.587300
-2.730200
0.126980
-0.825400
-1.777800
-0.825400
3.936500
8.698400
8.698400
8.698400
5.841300
2.984100
6.793700
9.650800
9.650800
7.746000
4.888900
-1.777800
-3.682500
-1.777800
1.079400
2.031700
-0.825400
0.126980
0.126980
0.126980
2.984100
2.031700
1.079400
2.031700
2.984100
-0.825400
-5.587300
-5.587300
-3.682500
-1.777800
0.126980
-0.825400
-2.730200
-5.587300
-6.539700
-5.587300
-2.730200
-0.825400
0.126980
-1.777800
-6.539700
-8.444400
-4.634900
2.031700
4.888900
3.936500
1.079400
-0.825400
-1.777800
-4.634900
-8.444400
-10.349000
-12.254000
-11.302000
-10.349000
-9.396800
-8.444400
-8.444400
-10.349000
-12.254000
-11.302000
-12.254000
-12.254000
-6.539700
2.031700
6.793700
9.650800
11.556000
13.460000
16.316999
15.365000
11.556000
11.556000
11.556000
8.698400
8.698400
9.650800
7.746000
8.698400
3.936500
1.079400
0.126980
-2.730200
-5.587300
-5.587300
-5.587300
-3.682500
-0.825400
0.126980
-1.777800
-1.777800
-3.682500
-6.539700
-4.634900
-1.777800
0.126980
0.126980
2.031700
2.984100
2.031700
3.936500
7.746000
6.793700
4.888900
3.936500
-0.825400
-2.730200
-2.730200
-2.730200
-2.730200
-1.777800
-2.730200
-0.825400
-0.825400
-3.682500
-1.777800
0.126980
2.031700
3.936500
4.888900
4.888900
2.984100
0.126980
-0.825400
2.031700
1.079400
1.079400
2.031700
2.031700
2.031700
1.079400
2.031700
2.031700
-1.777800
-0.825400
2.031700
2.984100
-2.730200
-5.587300
-3.682500
0.126980
2.984100
2.984100
0.126980
2.031700
1.079400
0.126980
0.126980
1.079400
0.126980
-3.682500
-5.587300
-3.682500
1.079400
5.841300
8.698400
8.698400
11.556000
15.365000
16.316999
16.316999
11.556000
8.698400
7.746000
4.888900
5.841300
2.984100
1.079400
2.984100
3.936500
5.841300
5.841300
2.984100
-0.825400
-2.730200
-3.682500
-1.777800
2.031700
2.984100
1.079400
-0.825400
-2.730200
-2.730200
-1.777800
-1.777800
-2.730200
-2.730200
-2.730200
-1.777800
-1.777800
-0.825400
2.984100
4.888900
6.793700
4.888900
2.031700
-1.777800
-2.730200
-2.730200
-6.539700
-8.444400
-9.396800
-9.396800
-8.444400
-4.634900
-2.730200
-2.730200
-3.682500
-5.587300
-6.539700
-6.539700
-4.634900
-1.777800
-2.730200
-4.634900
-3.682500
-3.682500
-3.682500
0.126980
4.888900
11.556000
16.316999
14.413000
11.556000
14.413000
14.413000
12.508000
12.508000
14.413000
15.365000
16.316999
13.460000
12.508000
9.650800
4.888900
0.126980
-1.777800
-3.682500
-7.492100
-12.254000
-11.302000
-8.444400
-8.444400
-8.444400
-8.444400
-6.539700
-2.730200
-0.825400
-0.825400
0.126980
-1.777800
-4.634900
-6.539700
-7.492100
-7.492100
-11.302000
-13.206000
-14.159000
-13.206000
-10.349000
-7.492100
-4.634900
-1.777800
2.031700
4.888900
5.841300
5.841300
5.841300
3.936500
2.984100
3.936500
2.031700
0.126980
1.079400
5.841300
6.793700
8.698400
7.746000
1.079400
-3.682500
-7.492100
-7.492100
-2.730200
0.126980
2.031700
5.841300
6.793700
8.698400
8.698400
7.746000
7.746000
8.698400
3.936500
-3.682500
-5.587300
-5.587300
-6.539700
-6.539700
-3.682500
-0.825400
1.079400
2.031700
1.079400
-0.825400
-2.730200
-4.634900
-6.539700
-5.587300
-3.682500
-1.777800
1.079400
-0.825400
3.936500
7.746000
4.888900
6.793700
6.793700
4.888900
3.936500
2.984100
2.984100
3.936500
2.031700
1.079400
-1.777800
-1.777800
-0.825400
1.079400
4.888900
2.031700
-2.730200
-4.634900
-3.682500
0.126980
2.984100
0.126980
-0.825400
2.031700
2.984100
3.936500
3.936500
2.031700
1.079400
2.984100
0.126980
0.126980
2.031700
1.079400
-4.634900
-7.492100
-7.492100
-11.302000
-16.063000
-19.872999
-23.683001
-24.635000
-20.825001
-17.016001
-14.159000
-9.396800
-4.634900
-0.825400
2.984100
6.793700
7.746000
10.603000
13.460000
9.650800
9.650800
9.650800
6.793700
5.841300
5.841300
2.031700
-0.825400
3.936500
7.746000
5.841300
4.888900
5.841300
4.888900
4.888900
8.698400
12.508000
9.650800
7.746000
5.841300
2.984100
-0.825400
-5.587300
-7.492100
-9.396800
-13.206000
-14.159000
-8.444400
-3.682500
0.126980
4.888900
7.746000
7.746000
8.698400
9.650800
9.650800
10.603000
9.650800
8.698400
5.841300
0.126980
-2.730200
-2.730200
-2.730200
-2.730200
-2.730200
-4.634900
-4.634900
-0.825400
