13.397000
11.492000
1.968300
15.302000
13.397000
1.968300
7.682500
-9.460300
-7.555600
-5.650800
-7.555600
-9.460300
0.063490
-3.746000
-1.841300
0.063490
0.063490
5.777800
0.063490
0.063490
1.968300
1.968300
0.063490
-7.555600
-11.365000
-15.175000
-13.270000
-7.555600
-13.270000
-11.365000
-3.746000
1.968300
-13.270000
-18.983999
-18.983999
-7.555600
-3.746000
-1.841300
-7.555600
-5.650800
-3.746000
-1.841300
-1.841300
-3.746000
-1.841300
-3.746000
-5.650800
-1.841300
1.968300
-9.460300
-5.650800
-5.650800
-11.365000
-17.079000
-7.555600
-11.365000
-11.365000
-5.650800
-7.555600
-5.650800
0.063490
-7.555600
3.873000
-1.841300
0.063490
5.777800
17.205999
3.873000
1.968300
13.397000
11.492000
19.111000
22.921000
15.302000
15.302000
22.921000
15.302000
15.302000
21.016001
9.587300
5.777800
3.873000
9.587300
7.682500
0.063490
-3.746000
5.777800
7.682500
3.873000
-5.650800
-11.365000
-1.841300
-1.841300
3.873000
11.492000
5.777800
3.873000
3.873000
9.587300
22.921000
15.302000
7.682500
11.492000
11.492000
7.682500
1.968300
0.063490
-1.841300
-7.555600
-15.175000
-22.794001
-15.175000
-11.365000
-15.175000
-11.365000
-18.983999
-9.460300
-9.460300
-5.650800
1.968300
-3.746000
-13.270000
-7.555600
-11.365000
-7.555600
-1.841300
-7.555600
-7.555600
-3.746000
-1.841300
11.492000
13.397000
3.873000
7.682500
5.777800
5.777800
5.777800
1.968300
1.968300
1.968300
15.302000
11.492000
11.492000
11.492000
15.302000
9.587300
9.587300
11.492000
3.873000
7.682500
1.968300
1.968300
3.873000
-5.650800
-9.460300
-1.841300
1.968300
3.873000
1.968300
5.777800
7.682500
9.587300
5.777800
0.063490
1.968300
3.873000
5.777800
-7.555600
5.777800
3.873000
3.873000
5.777800
1.968300
5.777800
-3.746000
-3.746000
-7.555600
-7.555600
-1.841300
-1.841300
1.968300
3.873000
-3.746000
-1.841300
-5.650800
-1.841300
-9.460300
-5.650800
-5.650800
-17.079000
1.968300
-1.841300
0.063490
0.063490
5.777800
9.587300
9.587300
11.492000
5.777800
9.587300
5.777800
11.492000
5.777800
7.682500
9.587300
-5.650800
-7.555600
3.873000
7.682500
3.873000
-1.841300
-5.650800
0.063490
0.063490
-1.841300
-1.841300
-7.555600
-1.841300
-3.746000
-1.841300
1.968300
0.063490
3.873000
9.587300
1.968300
0.063490
-1.841300
1.968300
-3.746000
7.682500
7.682500
-1.841300
-1.841300
-5.650800
-3.746000
7.682500
-5.650800
-3.746000
3.873000
-3.746000
0.063490
0.063490
-1.841300
-1.841300
0.063490
0.063490
7.682500
0.063490
-1.841300
5.777800
1.968300
3.873000
-1.841300
-7.555600
-1.841300
-9.460300
-20.889000
-15.175000
-18.983999
-20.889000
-18.983999
-13.270000
-24.698000
-15.175000
-11.365000
-9.460300
0.063490
13.397000
1.968300
-3.746000
1.968300
1.968300
5.777800
5.777800
9.587300
9.587300
15.302000
22.921000
13.397000
5.777800
-1.841300
-1.841300
0.063490
3.873000
3.873000
7.682500
3.873000
1.968300
-7.555600
-1.841300
-1.841300
0.063490
-1.841300
-11.365000
3.873000
1.968300
3.873000
1.968300
-3.746000
5.777800
1.968300
-1.841300
5.777800
11.492000
17.205999
22.921000
24.825001
17.205999
13.397000
15.302000
19.111000
19.111000
19.111000
15.302000
15.302000
11.492000
7.682500
13.397000
11.492000
7.682500
13.397000
9.587300
3.873000
0.063490
-1.841300
-7.555600
-17.079000
-13.270000
-11.365000
-13.270000
-11.365000
-18.983999
-20.889000
-17.079000
-18.983999
-3.746000
-3.746000
-3.746000
-5.650800
-15.175000
-1.841300
-11.365000
-3.746000
-3.746000
0.063490
0.063490
7.682500
11.492000
15.302000
11.492000
17.205999
28.635000
22.921000
7.682500
11.492000
7.682500
3.873000
3.873000
3.873000
0.063490
-7.555600
3.873000
5.777800
0.063490
-5.650800
3.873000
3.873000
7.682500
9.587300
5.777800
3.873000
11.492000
11.492000
7.682500
7.682500
9.587300
9.587300
0.063490
0.063490
1.968300
3.873000
11.492000
3.873000
0.063490
0.063490
0.063490
7.682500
3.873000
-1.841300
-9.460300
-9.460300
-1.841300
-5.650800
-3.746000
-9.460300
-17.079000
-17.079000
-11.365000
-7.555600
-1.841300
-7.555600
-5.650800
-5.650800
-5.650800
-7.555600
-9.460300
-15.175000
-13.270000
-15.175000
-20.889000
-28.507999
-30.413000
-20.889000
-13.270000
-5.650800
0.063490
-13.270000
-5.650800
0.063490
1.968300
0.063490
3.873000
1.968300
-3.746000
-7.555600
-3.746000
7.682500
9.587300
3.873000
-3.746000
0.063490
13.397000
13.397000
3.873000
3.873000
5.777800
11.492000
21.016001
15.302000
13.397000
17.205999
15.302000
7.682500
15.302000
17.205999
7.682500
1.968300
-5.650800
0.063490
9.587300
9.587300
3.873000
0.063490
-1.841300
7.682500
3.873000
9.587300
-1.841300
-1.841300
5.777800
0.063490
-3.746000
0.063490
-1.841300
1.968300
5.777800
7.682500
-1.841300
0.063490
1.968300
0.063490
-1.841300
5.777800
9.587300
9.587300
0.063490
-3.746000
1.968300
-7.555600
1.968300
1.968300
5.777800
15.302000
5.777800
1.968300
-7.555600
-5.650800
-3.746000
-1.841300
-1.841300
-1.841300
-1.841300
-9.460300
-1.841300
-1.841300
-3.746000
-11.365000
-11.365000
-3.746000
-5.650800
-1.841300
-1.841300
1.968300
1.968300
0.063490
3.873000
7.682500
11.492000
7.682500
5.777800
9.587300
7.682500
9.587300
5.777800
-5.650800
-5.650800
-5.650800
0.063490
-1.841300
-3.746000
3.873000
3.873000
5.777800
7.682500
3.873000
3.873000
3.873000
0.063490
-3.746000
-7.555600
0.063490
-3.746000
-9.460300
-9.460300
-7.555600
-5.650800
1.968300
0.063490
1.968300
-7.555600
-5.650800
0.063490
-7.555600
-3.746000
1.968300
-11.365000
-18.983999
-15.175000
-7.555600
-3.746000
-3.746000
-1.841300
0.063490
0.063490
1.968300
1.968300
1.968300
-3.746000
-1.841300
3.873000
0.063490
1.968300
1.968300
3.873000
7.682500
7.682500
1.968300
5.777800
7.682500
7.682500
3.873000
-1.841300
-3.746000
5.777800
9.587300
3.873000
-3.746000
0.063490
7.682500
1.968300
0.063490
1.968300
11.492000
7.682500
5.777800
1.968300
3.873000
9.587300
9.587300
15.302000
21.016001
11.492000
9.587300
-1.841300
-3.746000
5.777800
0.063490
1.968300
5.777800
5.777800
3.873000
-13.270000
-18.983999
-17.079000
-17.079000
-17.079000
-13.270000
-11.365000
-13.270000
-5.650800
3.873000
-7.555600
-7.555600
-1.841300
-1.841300
7.682500
1.968300
7.682500
9.587300
15.302000
7.682500
-3.746000
1.968300
5.777800
5.777800
0.063490
9.587300
11.492000
5.777800
1.968300
3.873000
1.968300
-1.841300
-1.841300
-5.650800
-5.650800
1.968300
1.968300
5.777800
3.873000
5.777800
17.205999
15.302000
19.111000
9.587300
-1.841300
-5.650800
-11.365000
-20.889000
-22.794001
-15.175000
-13.270000
-15.175000
-13.270000
-7.555600
-11.365000
5.777800
9.587300
15.302000
13.397000
9.587300
21.016001
17.205999
9.587300
11.492000
13.397000
11.492000
1.968300
3.873000
-5.650800
-11.365000
-9.460300
-13.270000
-9.460300
-1.841300
-3.746000
-3.746000
-3.746000
-7.555600
1.968300
7.682500
7.682500
11.492000
9.587300
13.397000
9.587300
13.397000
3.873000
3.873000
1.968300
-3.746000
-3.746000
-13.270000
-7.555600
-9.460300
-9.460300
-1.841300
-3.746000
-9.460300
-11.365000
-11.365000
-11.365000
-3.746000
-5.650800
-11.365000
-7.555600
-9.460300
1.968300
7.682500
11.492000
13.397000
15.302000
17.205999
17.205999
19.111000
26.730000
17.205999
19.111000
22.921000
21.016001
21.016001
17.205999
5.777800
0.063490
-3.746000
1.968300
-5.650800
-20.889000
-11.365000
-9.460300
-13.270000
-11.365000
-15.175000
-18.983999
-22.794001
-15.175000
-7.555600
-7.555600
-5.650800
-7.555600
-7.555600
0.063490
-3.746000
-9.460300
-15.175000
-5.650800
-7.555600
0.063490
0.063490
-3.746000
-1.841300
1.968300
-3.746000
-7.555600
5.777800
13.397000
7.682500
-3.746000
-9.460300
-11.365000
-1.841300
1.968300
15.302000
3.873000
-3.746000
0.063490
-3.746000
-9.460300
-9.460300
-9.460300
-3.746000
1.968300
0.063490
3.873000
5.777800
5.777800
13.397000
17.205999
13.397000
13.397000
15.302000
13.397000
11.492000
17.205999
21.016001
15.302000
15.302000
9.587300
3.873000
1.968300
-3.746000
-1.841300
1.968300
-5.650800
0.063490
1.968300
1.968300
11.492000
3.873000
15.302000
21.016001
19.111000
19.111000
15.302000
11.492000
9.587300
13.397000
11.492000
13.397000
13.397000
13.397000
3.873000
0.063490
9.587300
-1.841300
-7.555600
-5.650800
-3.746000
-9.460300
-11.365000
-1.841300
-15.175000
-5.650800
-5.650800
-15.175000
-13.270000
-15.175000
-7.555600
-9.460300
-20.889000
-18.983999
-13.270000
-24.698000
-22.794001
-18.983999
-17.079000
-18.983999
-20.889000
-20.889000
-15.175000
-3.746000
7.682500
1.968300
0.063490
15.302000
11.492000
15.302000
19.111000
21.016001
21.016001
22.921000
22.921000
15.302000
11.492000
13.397000
11.492000
11.492000
7.682500
11.492000
3.873000
-1.841300
1.968300
0.063490
5.777800
-1.841300
-1.841300
3.873000
0.063490
9.587300
5.777800
-3.746000
1.968300
1.968300
3.873000
1.968300
-3.746000
0.063490
0.063490
-9.460300
-15.175000
-9.460300
-15.175000
-5.650800
-9.460300
-9.460300
-9.460300
-11.365000
-9.460300
-11.365000
-7.555600
0.063490
-1.841300
-1.841300
0.063490
-5.650800
-1.841300
-1.841300
1.968300
-5.650800
-5.650800
-1.841300
-9.460300
-1.841300
-7.555600
-3.746000
-1.841300
-1.841300
0.063490
21.016001
11.492000
1.968300
-1.841300
5.777800
17.205999
11.492000
13.397000
17.205999
17.205999
11.492000
5.777800
7.682500
15.302000
11.492000
13.397000
-1.841300
-3.746000
7.682500
19.111000
-7.555600
-3.746000
-7.555600
-5.650800
9.587300
-11.365000
-3.746000
3.873000
-3.746000
-5.650800
1.968300
-5.650800
1.968300
0.063490
5.777800
5.777800
0.063490
1.968300
-5.650800
-7.555600
-9.460300
-17.079000
-1.841300
-7.555600
-7.555600
5.777800
9.587300
5.777800
5.777800
1.968300
-7.555600
-9.460300
-7.555600
-7.555600
-9.460300
7.682500
15.302000
7.682500
-3.746000
1.968300
3.873000
-1.841300
-11.365000
-17.079000
5.777800
-9.460300
-7.555600
-9.460300
-9.460300
-1.841300
-1.841300
5.777800
0.063490
-3.746000
1.968300
11.492000
7.682500
-1.841300
-3.746000
0.063490
7.682500
5.777800
11.492000
15.302000
7.682500
15.302000
13.397000
9.587300
11.492000
19.111000
26.730000
17.205999
-1.841300
9.587300
5.777800
-5.650800
-15.175000
-13.270000
-13.270000
-5.650800
-9.460300
-7.555600
-3.746000
-1.841300
5.777800
13.397000
19.111000
19.111000
21.016001
19.111000
17.205999
19.111000
15.302000
1.968300
-11.365000
7.682500
