21.398001
17.496000
13.593000
27.252001
11.642000
9.691100
15.545000
7.739800
13.593000
15.545000
7.739800
1.886200
11.642000
13.593000
5.788600
11.642000
11.642000
5.788600
3.837400
7.739800
7.739800
11.642000
1.886200
-7.869900
-13.724000
-2.016300
-9.821100
-9.821100
-11.772000
-13.724000
-11.772000
1.886200
-7.869900
-19.577000
-17.625999
-11.772000
-11.772000
-0.065040
-0.065040
-3.967500
-5.918700
-5.918700
-5.918700
3.837400
-3.967500
-2.016300
-5.918700
-2.016300
-0.065040
-2.016300
-9.821100
-2.016300
-0.065040
-17.625999
-7.869900
-15.675000
-15.675000
-11.772000
-11.772000
-5.918700
1.886200
-5.918700
-11.772000
-11.772000
1.886200
5.788600
11.642000
-3.967500
-3.967500
-0.065040
-5.918700
3.837400
5.788600
5.788600
9.691100
23.350000
19.447001
5.788600
11.642000
9.691100
7.739800
9.691100
5.788600
-2.016300
-15.675000
1.886200
11.642000
7.739800
11.642000
-0.065040
-2.016300
-0.065040
1.886200
3.837400
5.788600
-7.869900
-2.016300
1.886200
-0.065040
1.886200
5.788600
-3.967500
-2.016300
-2.016300
-3.967500
-2.016300
-2.016300
-9.821100
-9.821100
-9.821100
-19.577000
-11.772000
-7.869900
-7.869900
-3.967500
-3.967500
-11.772000
-7.869900
3.837400
11.642000
-2.016300
-7.869900
-2.016300
-9.821100
-5.918700
3.837400
9.691100
3.837400
11.642000
3.837400
9.691100
15.545000
3.837400
9.691100
-0.065040
5.788600
13.593000
9.691100
7.739800
9.691100
13.593000
15.545000
5.788600
9.691100
5.788600
9.691100
9.691100
1.886200
-2.016300
7.739800
5.788600
-2.016300
-3.967500
-7.869900
-7.869900
5.788600
-5.918700
-13.724000
-7.869900
-7.869900
-3.967500
11.642000
3.837400
7.739800
9.691100
-0.065040
9.691100
3.837400
13.593000
13.593000
5.788600
3.837400
-2.016300
1.886200
-9.821100
-7.869900
-5.918700
-7.869900
1.886200
-3.967500
-9.821100
-5.918700
-3.967500
-7.869900
-3.967500
7.739800
-7.869900
-13.724000
-9.821100
-11.772000
-0.065040
-0.065040
3.837400
-0.065040
7.739800
11.642000
1.886200
-0.065040
11.642000
9.691100
3.837400
9.691100
1.886200
5.788600
9.691100
-0.065040
-9.821100
-0.065040
7.739800
5.788600
3.837400
3.837400
1.886200
3.837400
7.739800
-2.016300
-3.967500
15.545000
3.837400
11.642000
3.837400
-3.967500
3.837400
-5.918700
-0.065040
-2.016300
-5.918700
-5.918700
-2.016300
3.837400
-0.065040
-7.869900
-5.918700
-0.065040
1.886200
7.739800
-5.918700
-0.065040
-2.016300
-5.918700
3.837400
7.739800
-3.967500
-5.918700
-2.016300
-13.724000
-2.016300
-0.065040
-11.772000
-9.821100
-11.772000
-7.869900
-0.065040
-5.918700
-0.065040
-5.918700
-11.772000
-9.821100
-13.724000
-13.724000
-3.967500
-9.821100
-11.772000
-5.918700
-0.065040
1.886200
7.739800
7.739800
9.691100
11.642000
5.788600
9.691100
11.642000
9.691100
11.642000
11.642000
19.447001
13.593000
-2.016300
-3.967500
-7.869900
-9.821100
-7.869900
-2.016300
-2.016300
-0.065040
-0.065040
-2.016300
-0.065040
9.691100
-0.065040
-11.772000
1.886200
-2.016300
5.788600
3.837400
3.837400
3.837400
9.691100
3.837400
-0.065040
-3.967500
9.691100
15.545000
9.691100
23.350000
25.301001
9.691100
15.545000
9.691100
1.886200
5.788600
9.691100
19.447001
19.447001
13.593000
7.739800
9.691100
11.642000
7.739800
21.398001
5.788600
-0.065040
1.886200
-2.016300
-5.918700
-7.869900
-2.016300
-2.016300
-0.065040
-2.016300
-5.918700
-7.869900
-5.918700
-3.967500
5.788600
3.837400
9.691100
7.739800
1.886200
7.739800
-2.016300
-7.869900
-5.918700
-3.967500
-2.016300
-7.869900
-5.918700
-2.016300
-11.772000
-13.724000
-2.016300
-7.869900
-13.724000
-17.625999
-23.480000
-25.431000
-23.480000
-25.431000
-21.528000
-19.577000
-9.821100
-0.065040
5.788600
-2.016300
5.788600
5.788600
11.642000
9.691100
9.691100
11.642000
9.691100
19.447001
21.398001
13.593000
17.496000
11.642000
9.691100
9.691100
5.788600
15.545000
21.398001
13.593000
11.642000
11.642000
11.642000
17.496000
7.739800
7.739800
11.642000
7.739800
13.593000
9.691100
-0.065040
3.837400
-3.967500
-9.821100
1.886200
-3.967500
5.788600
-2.016300
-2.016300
3.837400
-5.918700
7.739800
3.837400
-0.065040
1.886200
-7.869900
-7.869900
-3.967500
-17.625999
-13.724000
-5.918700
-11.772000
-3.967500
-2.016300
-2.016300
-7.869900
-5.918700
-11.772000
-15.675000
-17.625999
-13.724000
-15.675000
-11.772000
-3.967500
-0.065040
-2.016300
-11.772000
-0.065040
13.593000
3.837400
-0.065040
-2.016300
-2.016300
1.886200
17.496000
9.691100
9.691100
19.447001
21.398001
7.739800
1.886200
13.593000
-0.065040
-2.016300
3.837400
11.642000
21.398001
19.447001
17.496000
11.642000
7.739800
11.642000
3.837400
17.496000
11.642000
-0.065040
19.447001
13.593000
3.837400
5.788600
3.837400
-0.065040
3.837400
11.642000
5.788600
1.886200
5.788600
5.788600
3.837400
11.642000
17.496000
15.545000
-0.065040
-2.016300
11.642000
1.886200
1.886200
-0.065040
-2.016300
1.886200
-0.065040
-7.869900
-17.625999
-17.625999
-19.577000
-17.625999
-19.577000
-21.528000
-13.724000
-15.675000
-13.724000
-13.724000
-5.918700
-9.821100
-13.724000
-13.724000
-7.869900
-0.065040
-5.918700
-3.967500
-0.065040
-5.918700
-5.918700
1.886200
9.691100
5.788600
-0.065040
3.837400
1.886200
15.545000
7.739800
-0.065040
-5.918700
-7.869900
-7.869900
-7.869900
1.886200
-0.065040
-2.016300
-2.016300
1.886200
-5.918700
-0.065040
-3.967500
-2.016300
3.837400
-0.065040
1.886200
-5.918700
-7.869900
-7.869900
-11.772000
-2.016300
-2.016300
-17.625999
-9.821100
-17.625999
-11.772000
-7.869900
-9.821100
-5.918700
-7.869900
-7.869900
-11.772000
-2.016300
7.739800
-2.016300
-0.065040
3.837400
-5.918700
-2.016300
-3.967500
1.886200
1.886200
-11.772000
-0.065040
3.837400
-0.065040
7.739800
9.691100
15.545000
15.545000
17.496000
7.739800
9.691100
7.739800
5.788600
1.886200
7.739800
3.837400
-0.065040
-2.016300
-0.065040
-0.065040
-2.016300
-2.016300
-0.065040
-2.016300
-3.967500
-5.918700
5.788600
3.837400
-0.065040
1.886200
1.886200
-0.065040
13.593000
21.398001
9.691100
13.593000
3.837400
1.886200
9.691100
7.739800
13.593000
11.642000
-9.821100
-0.065040
15.545000
3.837400
-0.065040
-0.065040
-2.016300
-2.016300
-2.016300
-0.065040
7.739800
7.739800
11.642000
15.545000
5.788600
9.691100
11.642000
7.739800
5.788600
1.886200
3.837400
-7.869900
-17.625999
-2.016300
-0.065040
-3.967500
-5.918700
-0.065040
-2.016300
-3.967500
1.886200
3.837400
3.837400
-0.065040
1.886200
7.739800
9.691100
13.593000
9.691100
5.788600
7.739800
11.642000
17.496000
21.398001
23.350000
19.447001
1.886200
1.886200
-5.918700
-7.869900
-7.869900
-2.016300
-0.065040
-5.918700
-9.821100
-2.016300
-5.918700
5.788600
7.739800
9.691100
5.788600
13.593000
21.398001
19.447001
7.739800
7.739800
11.642000
9.691100
3.837400
1.886200
-5.918700
-3.967500
-9.821100
-11.772000
-13.724000
-9.821100
-3.967500
-5.918700
-9.821100
-15.675000
-5.918700
-2.016300
-2.016300
5.788600
9.691100
3.837400
1.886200
19.447001
7.739800
7.739800
7.739800
3.837400
15.545000
3.837400
-5.918700
-0.065040
3.837400
5.788600
3.837400
-5.918700
-19.577000
-21.528000
-11.772000
-7.869900
-13.724000
-15.675000
-23.480000
-19.577000
-5.918700
-13.724000
-7.869900
-0.065040
1.886200
1.886200
3.837400
3.837400
15.545000
3.837400
7.739800
9.691100
-0.065040
5.788600
1.886200
-2.016300
1.886200
-2.016300
3.837400
-3.967500
-5.918700
-0.065040
-3.967500
-2.016300
-0.065040
-0.065040
-2.016300
-9.821100
-5.918700
-0.065040
-0.065040
7.739800
7.739800
7.739800
5.788600
1.886200
9.691100
-0.065040
1.886200
-2.016300
3.837400
-0.065040
1.886200
1.886200
-2.016300
1.886200
-7.869900
-11.772000
-7.869900
-13.724000
-11.772000
-13.724000
-0.065040
3.837400
5.788600
23.350000
19.447001
17.496000
13.593000
11.642000
5.788600
13.593000
11.642000
11.642000
15.545000
3.837400
7.739800
5.788600
1.886200
7.739800
5.788600
-3.967500
-3.967500
-3.967500
-5.918700
-5.918700
-11.772000
1.886200
1.886200
3.837400
3.837400
-7.869900
-5.918700
-9.821100
-7.869900
-0.065040
-5.918700
-0.065040
1.886200
-0.065040
5.788600
1.886200
5.788600
11.642000
5.788600
13.593000
13.593000
5.788600
1.886200
1.886200
-2.016300
1.886200
-2.016300
-5.918700
-9.821100
-5.918700
1.886200
-0.065040
-5.918700
5.788600
21.398001
13.593000
13.593000
19.447001
13.593000
13.593000
15.545000
13.593000
15.545000
11.642000
13.593000
-0.065040
1.886200
-2.016300
7.739800
9.691100
5.788600
-2.016300
-0.065040
-3.967500
-3.967500
-0.065040
3.837400
-5.918700
9.691100
5.788600
3.837400
7.739800
11.642000
9.691100
9.691100
5.788600
1.886200
5.788600
5.788600
-5.918700
-7.869900
1.886200
1.886200
7.739800
1.886200
-7.869900
-9.821100
-9.821100
-0.065040
-3.967500
-9.821100
-7.869900
-0.065040
-5.918700
-0.065040
7.739800
-0.065040
-3.967500
3.837400
-2.016300
-3.967500
-7.869900
-7.869900
-5.918700
-13.724000
-3.967500
-17.625999
-9.821100
-11.772000
-5.918700
-3.967500
-3.967500
-2.016300
-3.967500
-2.016300
-3.967500
5.788600
-2.016300
-7.869900
1.886200
-0.065040
3.837400
3.837400
-0.065040
-7.869900
-21.528000
-7.869900
5.788600
-3.967500
-11.772000
-13.724000
-11.772000
1.886200
-9.821100
-9.821100
-0.065040
-11.772000
-11.772000
-5.918700
-9.821100
-3.967500
-3.967500
-7.869900
7.739800
11.642000
5.788600
3.837400
-0.065040
-2.016300
17.496000
11.642000
13.593000
1.886200
7.739800
17.496000
3.837400
5.788600
3.837400
1.886200
3.837400
-9.821100
3.837400
1.886200
-2.016300
-5.918700
-0.065040
9.691100
15.545000
13.593000
9.691100
-7.869900
-5.918700
7.739800
-0.065040
-0.065040
-0.065040
-5.918700
5.788600
3.837400
11.642000
5.788600
7.739800
1.886200
-7.869900
11.642000
-2.016300
-11.772000
-5.918700
-11.772000
-11.772000
-5.918700
-13.724000
-11.772000
-3.967500
-15.675000
-13.724000
-17.625999
-29.333000
-25.431000
-23.480000
-17.625999
-11.772000
-3.967500
7.739800
-3.967500
1.886200
21.398001
17.496000
3.837400
1.886200
5.788600
11.642000
21.398001
9.691100
9.691100
13.593000
3.837400
13.593000
3.837400
-0.065040
9.691100
9.691100
7.739800
-3.967500
-3.967500
7.739800
-0.065040
-3.967500
-5.918700
13.593000
-0.065040
-13.724000
-0.065040
-7.869900
5.788600
7.739800
9.691100
9.691100
5.788600
15.545000
13.593000
23.350000
21.398001
21.398001
13.593000
3.837400
7.739800
13.593000
9.691100
5.788600
-3.967500
