-3.948200
-5.890000
-3.948200
3.818800
-1.359200
-2.006500
3.171500
-1.359200
-5.242700
-7.184500
-12.362000
-2.653700
-6.537200
-4.595500
-9.126200
-14.951000
-11.715000
-11.715000
-15.599000
-14.951000
-8.479000
-13.657000
-18.188000
-22.070999
-12.362000
-8.479000
-14.951000
-20.777000
-5.242700
-12.362000
-11.715000
-17.540001
-14.951000
-2.653700
-1.359200
7.055000
14.175000
9.644000
10.291000
9.644000
3.171500
14.175000
4.466000
5.760500
5.760500
7.702300
4.466000
11.586000
14.175000
8.996800
15.469000
21.941999
20.000000
14.822000
21.294001
27.120001
29.061001
39.417000
49.125999
45.243000
43.948002
27.120001
21.294001
3.818800
5.113300
0.582520
3.171500
9.644000
12.880000
18.705999
19.353001
21.294001
13.528000
9.644000
11.586000
1.877000
-5.890000
10.291000
9.644000
15.469000
10.939000
4.466000
5.760500
8.349500
0.582520
7.055000
7.702300
3.818800
6.407800
-0.711970
7.055000
2.524300
2.524300
-1.359200
1.877000
-1.359200
5.113300
10.939000
6.407800
-3.301000
-13.010000
-20.129000
-18.188000
-7.831700
-13.657000
-2.653700
-0.711970
7.702300
8.349500
20.000000
7.055000
9.644000
12.880000
5.113300
8.349500
-0.711970
2.524300
-2.006500
-3.948200
-4.595500
-2.653700
-3.948200
-5.242700
-1.359200
6.407800
-5.890000
1.229800
-1.359200
-3.301000
1.229800
-4.595500
-1.359200
-8.479000
5.113300
8.996800
7.702300
9.644000
17.410999
14.822000
12.233000
11.586000
10.291000
1.229800
-0.064720
-2.653700
2.524300
8.996800
4.466000
1.877000
0.582520
-10.421000
-10.421000
-19.482000
-7.831700
-3.948200
-6.537200
-5.242700
-11.715000
-5.890000
-12.362000
-9.773500
-10.421000
-9.126200
-5.242700
-6.537200
-3.301000
3.171500
3.171500
8.996800
14.175000
7.055000
3.818800
-2.006500
2.524300
-2.653700
-3.301000
-9.126200
-7.831700
-5.242700
-3.301000
4.466000
8.349500
-1.359200
-7.831700
-11.068000
-26.601999
-16.893000
-12.362000
-12.362000
0.582520
8.996800
5.113300
5.760500
10.939000
14.175000
6.407800
8.349500
-3.948200
-10.421000
-5.242700
-3.948200
-1.359200
-9.773500
-9.126200
-14.951000
-16.246000
-7.831700
-8.479000
-14.951000
-16.893000
-14.951000
-9.773500
-6.537200
-5.890000
-5.890000
-13.010000
-5.242700
-5.890000
3.818800
-0.711970
-4.595500
-11.068000
-14.951000
-21.424000
-6.537200
5.113300
-7.831700
-4.595500
-2.653700
-2.006500
1.229800
-1.359200
-9.126200
-2.653700
-1.359200
3.171500
8.996800
11.586000
1.877000
13.528000
13.528000
9.644000
10.291000
2.524300
1.877000
-0.064720
1.229800
9.644000
7.055000
1.877000
6.407800
10.939000
13.528000
12.233000
14.175000
3.818800
9.644000
8.349500
-1.359200
-3.301000
-1.359200
1.877000
-2.653700
-2.006500
-12.362000
-8.479000
-0.711970
-7.184500
-3.948200
4.466000
-2.006500
-3.301000
10.291000
11.586000
14.175000
14.822000
14.822000
10.939000
4.466000
1.877000
-0.711970
-9.773500
1.877000
1.229800
-6.537200
-9.773500
-12.362000
-11.068000
-3.301000
-2.006500
-13.657000
-19.482000
-16.246000
-8.479000
-0.711970
16.764000
7.055000
-1.359200
1.229800
-2.653700
-5.890000
-4.595500
5.113300
3.171500
-5.890000
-3.948200
-11.715000
-2.006500
9.644000
11.586000
3.818800
7.055000
5.113300
4.466000
8.996800
-3.301000
-1.359200
-9.773500
-14.951000
-4.595500
-4.595500
9.644000
12.233000
12.233000
5.760500
5.113300
-6.537200
1.877000
0.582520
6.407800
-5.890000
5.760500
-7.184500
-5.242700
-3.301000
4.466000
0.582520
2.524300
9.644000
7.702300
3.818800
2.524300
-3.301000
-3.948200
11.586000
8.996800
10.939000
5.760500
8.996800
2.524300
-2.006500
4.466000
3.171500
0.582520
-5.890000
-5.890000
-1.359200
-2.006500
-5.242700
3.171500
10.939000
11.586000
7.055000
11.586000
8.349500
7.055000
12.880000
15.469000
8.349500
1.229800
-6.537200
-2.006500
16.764000
20.000000
12.880000
13.528000
15.469000
13.528000
13.528000
14.175000
15.469000
18.705999
10.939000
1.229800
7.055000
1.877000
10.939000
-0.064720
1.229800
-4.595500
3.818800
8.349500
-2.653700
-0.064720
-9.773500
-7.831700
-17.540001
-19.482000
-8.479000
-7.184500
-2.006500
3.818800
7.702300
2.524300
0.582520
3.171500
12.233000
12.880000
16.764000
16.764000
5.760500
-4.595500
-3.948200
-14.304000
-13.010000
-3.948200
4.466000
3.171500
10.939000
11.586000
13.528000
8.349500
11.586000
14.175000
15.469000
14.822000
2.524300
1.229800
-14.304000
-8.479000
-2.653700
-10.421000
-3.948200
-3.301000
-6.537200
-5.890000
-4.595500
6.407800
-3.301000
-3.301000
-11.068000
-11.068000
-8.479000
-13.657000
-13.657000
-13.010000
-13.657000
-16.246000
-13.010000
-16.893000
-9.773500
-9.126200
-15.599000
-7.831700
-11.715000
-10.421000
-9.773500
-2.006500
-5.890000
7.055000
1.877000
-5.242700
-7.831700
-9.773500
-18.188000
-13.010000
-18.834999
-18.188000
-16.246000
-11.068000
-2.653700
-2.653700
0.582520
-6.537200
-1.359200
-8.479000
5.113300
-9.773500
1.229800
4.466000
3.171500
10.291000
6.407800
6.407800
6.407800
-0.064720
1.229800
-4.595500
-11.715000
-9.773500
-6.537200
-5.890000
-7.831700
-8.479000
-9.126200
-5.890000
-5.242700
-6.537200
-5.242700
-17.540001
-13.010000
-18.188000
-5.242700
5.113300
-5.242700
-6.537200
-0.711970
-1.359200
5.113300
7.702300
6.407800
16.117001
14.175000
7.702300
8.996800
8.996800
-2.006500
11.586000
14.822000
21.294001
14.822000
14.822000
3.818800
15.469000
7.702300
7.702300
12.880000
10.291000
6.407800
3.818800
-2.006500
3.171500
10.291000
3.818800
3.171500
-0.711970
-1.359200
-8.479000
-0.064720
-3.301000
1.229800
-2.006500
1.229800
4.466000
1.229800
5.760500
5.113300
-10.421000
-3.948200
-7.184500
-3.301000
4.466000
5.113300
4.466000
-0.064720
1.229800
14.175000
14.822000
0.582520
1.877000
-7.184500
-2.653700
2.524300
-9.126200
-10.421000
-12.362000
-17.540001
-20.129000
-11.068000
-25.306999
-30.485001
-18.188000
-28.544001
-27.249001
-18.834999
-20.129000
-15.599000
-13.010000
-14.951000
-22.070999
-12.362000
-7.184500
-9.773500
10.291000
20.000000
18.705999
20.000000
25.825001
19.353001
16.117001
14.822000
9.644000
7.055000
3.171500
-5.890000
-12.362000
-7.184500
-5.242700
3.818800
-5.890000
2.524300
-3.948200
-2.006500
3.171500
12.880000
22.589001
15.469000
16.764000
14.175000
18.705999
20.000000
15.469000
19.353001
17.410999
25.177999
22.589001
16.117001
16.764000
3.818800
7.702300
-0.711970
-3.301000
-9.773500
2.524300
2.524300
-6.537200
7.055000
3.818800
2.524300
1.229800
-13.657000
-13.010000
-10.421000
-17.540001
-13.010000
-12.362000
-13.010000
5.760500
11.586000
10.939000
3.171500
0.582520
-11.715000
-10.421000
-9.126200
-9.773500
-16.246000
-6.537200
0.582520
9.644000
3.171500
7.702300
3.171500
-4.595500
3.171500
11.586000
-3.948200
3.818800
-0.064720
0.582520
7.055000
3.818800
9.644000
11.586000
10.291000
10.291000
-1.359200
-5.890000
-1.359200
-13.010000
-7.184500
-10.421000
-13.657000
-0.711970
-8.479000
-4.595500
5.113300
-3.301000
-9.126200
-3.948200
-20.777000
-5.890000
-9.773500
-10.421000
-18.834999
-10.421000
-14.951000
-7.831700
-0.711970
3.171500
-0.064720
4.466000
10.939000
8.349500
12.233000
10.939000
3.818800
2.524300
7.055000
3.171500
0.582520
0.582520
-8.479000
-14.304000
-9.126200
-13.657000
-17.540001
-9.126200
-2.006500
5.760500
2.524300
4.466000
3.818800
7.702300
1.229800
8.996800
9.644000
3.171500
10.939000
10.291000
-1.359200
2.524300
2.524300
3.818800
2.524300
-8.479000
-12.362000
-11.715000
1.229800
-11.068000
-2.006500
-4.595500
-2.006500
1.877000
-2.653700
-5.242700
0.582520
-0.711970
-7.831700
-3.301000
-3.948200
-4.595500
-5.890000
-9.126200
-13.010000
4.466000
-2.006500
-7.184500
5.113300
3.818800
-2.653700
0.582520
11.586000
10.291000
8.349500
8.349500
4.466000
11.586000
16.764000
8.996800
7.055000
-0.711970
-9.126200
-3.948200
-2.653700
-4.595500
-3.948200
-2.653700
4.466000
8.349500
19.353001
18.705999
3.171500
8.349500
-0.064720
12.233000
10.291000
7.702300
3.171500
-3.948200
-0.711970
5.760500
1.877000
-0.064720
7.055000
12.880000
8.996800
9.644000
6.407800
-6.537200
-4.595500
-14.951000
-3.301000
-3.301000
0.582520
-0.711970
-2.006500
-7.184500
1.877000
2.524300
4.466000
5.113300
8.996800
8.349500
14.175000
21.941999
20.646999
8.996800
-0.064720
-8.479000
-6.537200
-4.595500
1.229800
-0.064720
-4.595500
-4.595500
1.229800
6.407800
1.877000
-4.595500
-2.653700
-11.068000
-16.246000
-9.773500
-8.479000
-12.362000
-10.421000
-16.246000
-12.362000
-5.242700
-11.068000
-13.010000
-5.890000
-5.890000
-14.304000
-1.359200
-7.831700
-3.948200
-8.479000
-0.064720
-9.773500
1.877000
1.229800
2.524300
4.466000
10.291000
1.877000
-1.359200
6.407800
0.582520
-0.064720
9.644000
18.058001
19.353001
18.705999
18.705999
15.469000
11.586000
10.291000
0.582520
6.407800
17.410999
13.528000
17.410999
12.880000
15.469000
8.996800
10.939000
8.996800
-3.301000
-7.184500
-1.359200
-5.242700
7.702300
-1.359200
-2.006500
3.818800
14.175000
3.818800
4.466000
9.644000
-3.948200
-11.715000
-10.421000
-13.010000
-14.304000
-10.421000
-13.010000
-16.893000
-13.657000
-11.068000
-1.359200
-1.359200
-9.773500
-16.246000
-9.773500
-12.362000
-1.359200
3.171500
-3.301000
6.407800
8.996800
-2.006500
5.113300
1.877000
-0.711970
-2.653700
-2.653700
-4.595500
-14.304000
-20.129000
-24.660000
-26.601999
-15.599000
-3.948200
-2.006500
5.113300
2.524300
6.407800
1.877000
-0.064720
-3.301000
-5.242700
-11.068000
-2.653700
1.229800
3.171500
7.055000
2.524300
-8.479000
3.171500
18.058001
10.939000
14.822000
9.644000
5.760500
6.407800
18.058001
5.113300
-2.006500
-4.595500
-9.126200
-7.831700
-5.242700
-12.362000
-9.773500
-3.948200
-14.951000
-2.653700
5.113300
4.466000
-0.064720
5.760500
5.113300
10.939000
18.058001
16.117001
3.818800
7.702300
3.818800
-1.359200
1.877000
9.644000
12.880000
0.582520
8.996800
7.702300
-2.653700
-3.301000
-0.064720
-12.362000
-12.362000
-14.951000
-6.537200
-5.890000
-5.242700
6.407800
0.582520
-1.359200
-2.653700
-9.773500
-12.362000
-0.064720
1.229800
0.582520
-2.653700
8.996800
1.877000
8.996800
15.469000
1.229800
4.466000
3.171500
9.644000
18.705999
16.764000
13.528000
20.000000
12.233000
18.058001
13.528000
10.291000
3.171500
-8.479000
-9.773500
-14.951000
-10.421000
-3.948200
-0.064720
-2.006500
-9.773500
-7.831700
-5.890000
-6.537200
-3.948200
-8.479000
-0.064720
4.466000
14.175000
22.589001
16.764000
12.880000
14.822000
0.582520
