-0.064720
7.702300
8.996800
8.996800
20.646999
10.291000
14.175000
12.880000
16.764000
12.880000
4.466000
7.702300
10.939000
15.469000
21.294001
19.353001
27.120001
15.469000
12.233000
10.939000
9.644000
-1.359200
-3.948200
-3.948200
-8.479000
-9.126200
-13.010000
-7.831700
-11.068000
-27.896000
-32.426998
-27.249001
-33.074001
-25.955000
-36.958000
-13.657000
-15.599000
-9.126200
-11.715000
-24.013000
-13.010000
-18.188000
-19.482000
-3.301000
-6.537200
-5.242700
1.877000
2.524300
3.171500
1.229800
1.877000
8.349500
10.939000
-17.540001
7.702300
14.175000
12.880000
18.705999
14.822000
11.586000
11.586000
0.582520
-5.890000
-7.184500
-3.948200
-7.184500
-9.773500
2.524300
-4.595500
8.996800
12.880000
14.175000
-11.068000
21.941999
25.825001
9.644000
18.705999
11.586000
16.117001
18.058001
7.702300
-22.718000
-11.068000
7.055000
-18.834999
-2.653700
1.229800
6.407800
1.229800
7.702300
4.466000
12.880000
27.767000
3.818800
7.055000
15.469000
3.171500
10.291000
9.644000
9.644000
-2.006500
12.880000
7.702300
2.524300
14.175000
3.818800
1.229800
26.472000
21.941999
17.410999
13.528000
23.882999
12.233000
15.469000
-11.068000
10.291000
3.171500
-8.479000
-9.773500
-14.304000
-16.246000
-13.657000
-4.595500
-16.893000
-3.301000
0.582520
-8.479000
-2.653700
3.171500
14.822000
-3.948200
-18.834999
12.233000
16.117001
17.410999
19.353001
17.410999
10.939000
16.117001
18.705999
9.644000
21.294001
15.469000
5.760500
13.528000
0.582520
5.113300
-1.359200
1.229800
8.996800
-10.421000
-5.890000
-10.421000
3.171500
-17.540001
3.171500
-2.006500
-10.421000
-7.831700
-6.537200
-11.715000
-5.242700
-20.129000
-8.479000
-0.064720
-9.773500
-7.184500
2.524300
0.582520
-5.242700
-16.246000
-2.653700
-8.479000
-8.479000
-14.951000
-17.540001
-15.599000
-13.657000
-33.074001
-14.304000
-3.301000
0.582520
-11.715000
-14.304000
-17.540001
-13.657000
-24.660000
-19.482000
-11.068000
-16.246000
5.113300
9.644000
5.113300
-3.301000
9.644000
9.644000
20.646999
8.349500
-3.948200
12.233000
4.466000
9.644000
-5.242700
-0.064720
-3.301000
0.582520
-2.653700
-8.479000
-2.006500
-21.424000
-7.831700
-14.951000
-9.126200
5.760500
-11.715000
-33.074001
3.171500
3.818800
-1.359200
-0.711970
0.582520
-2.653700
-14.951000
-26.601999
-5.242700
-0.711970
-5.242700
-0.711970
-5.890000
-2.006500
-13.657000
-18.188000
-1.359200
-2.653700
-2.006500
8.349500
-0.064720
11.586000
14.175000
-0.711970
7.702300
-1.359200
0.582520
-0.064720
1.877000
-7.184500
-5.242700
-16.893000
5.760500
3.171500
-0.064720
8.349500
5.760500
16.117001
13.528000
-11.715000
10.939000
7.702300
1.877000
-11.068000
-2.006500
7.055000
-1.359200
1.877000
-0.711970
1.877000
-2.653700
-7.184500
-7.831700
-0.711970
-13.010000
-0.711970
-4.595500
5.113300
13.528000
12.880000
21.294001
12.233000
-3.301000
10.291000
5.113300
7.702300
3.818800
-5.890000
-2.653700
-3.948200
-18.188000
-16.246000
-20.777000
-14.951000
-19.482000
-28.544001
-22.070999
-7.831700
1.229800
0.582520
3.171500
1.877000
4.466000
1.229800
4.466000
2.524300
-1.359200
-3.301000
-18.188000
1.229800
4.466000
-3.301000
10.939000
23.236000
-11.715000
-3.301000
11.586000
4.466000
10.291000
-0.711970
-2.653700
-13.010000
-3.948200
1.229800
0.582520
5.760500
10.939000
3.818800
3.818800
-9.126200
18.058001
10.291000
-0.064720
2.524300
-8.479000
-9.126200
-15.599000
-4.595500
1.877000
-3.948200
-11.715000
-11.715000
5.760500
-1.359200
-1.359200
6.407800
-5.242700
5.760500
-3.948200
3.171500
4.466000
3.171500
-11.715000
-10.421000
1.229800
1.877000
3.818800
7.702300
-1.359200
1.877000
1.877000
5.113300
5.113300
14.175000
13.528000
-2.006500
25.177999
16.764000
-2.006500
12.233000
12.233000
12.880000
5.113300
10.291000
2.524300
-14.304000
3.171500
5.113300
5.760500
-2.653700
-28.544001
-8.479000
10.291000
2.524300
5.760500
12.233000
4.466000
8.349500
8.996800
10.291000
-7.184500
1.229800
1.877000
-3.301000
-16.246000
0.582520
-15.599000
6.407800
-9.773500
-20.777000
-15.599000
-33.074001
-11.068000
13.528000
8.996800
9.644000
20.646999
-2.653700
12.233000
10.291000
9.644000
23.882999
10.291000
6.407800
-7.184500
-6.537200
2.524300
-2.006500
-1.359200
8.349500
7.702300
4.466000
6.407800
-3.301000
9.644000
8.349500
9.644000
8.996800
2.524300
5.113300
5.113300
-8.479000
-7.831700
-4.595500
-25.306999
-0.064720
0.582520
-27.249001
-10.421000
-16.893000
-20.129000
-24.660000
-5.890000
10.939000
-8.479000
-10.421000
0.582520
3.171500
-1.359200
-16.246000
-1.359200
16.764000
-3.301000
4.466000
7.702300
-1.359200
-12.362000
-22.718000
-5.242700
-0.064720
-11.068000
-3.301000
-1.359200
-1.359200
8.996800
12.880000
1.877000
-2.006500
-1.359200
-3.948200
-6.537200
-1.359200
4.466000
12.233000
8.996800
15.469000
7.055000
-3.948200
-4.595500
6.407800
14.822000
15.469000
10.291000
16.117001
13.528000
5.113300
3.818800
5.113300
5.760500
-1.359200
8.349500
-16.246000
1.877000
-18.188000
-19.482000
-2.653700
-20.129000
-5.242700
-11.068000
-3.948200
5.760500
-5.890000
-4.595500
-14.951000
-17.540001
-17.540001
-7.831700
-5.242700
15.469000
-0.064720
-4.595500
-5.242700
-12.362000
-14.304000
12.880000
18.058001
18.058001
6.407800
7.702300
10.291000
8.996800
8.349500
23.882999
23.882999
25.177999
11.586000
9.644000
-9.773500
6.407800
12.233000
-3.301000
3.171500
-0.711970
2.524300
3.171500
-14.951000
5.113300
8.349500
-0.064720
13.528000
-2.653700
-4.595500
-21.424000
-13.657000
-2.653700
-5.890000
-5.890000
-2.006500
13.528000
-4.595500
17.410999
9.644000
-2.653700
-3.948200
-15.599000
-13.010000
-26.601999
3.171500
-6.537200
-5.890000
-2.006500
-0.711970
7.702300
2.524300
-18.188000
8.349500
20.000000
-10.421000
-8.479000
4.466000
-12.362000
-12.362000
-2.653700
-11.068000
-16.246000
-16.246000
-16.246000
-22.070999
-12.362000
-0.711970
-13.010000
-6.537200
-3.948200
-24.660000
-13.010000
-20.777000
-16.246000
-3.948200
1.877000
8.996800
17.410999
10.291000
12.233000
8.996800
25.177999
-1.359200
2.524300
1.229800
-10.421000
-2.653700
-14.304000
-5.242700
-5.890000
14.822000
7.702300
-1.359200
9.644000
8.996800
-1.359200
5.113300
25.825001
16.764000
3.171500
10.291000
8.349500
5.760500
20.646999
25.177999
24.531000
38.123001
25.177999
15.469000
25.825001
6.407800
10.291000
10.291000
-0.711970
-0.064720
-7.831700
21.294001
-3.948200
1.877000
15.469000
-0.064720
7.702300
2.524300
-8.479000
-9.126200
-36.311001
-12.362000
-7.184500
-12.362000
-0.711970
10.291000
-4.595500
-6.537200
-2.653700
-3.948200
-4.595500
2.524300
-10.421000
4.466000
8.349500
11.586000
16.117001
9.644000
3.171500
-1.359200
10.939000
-0.064720
4.466000
-14.951000
5.113300
4.466000
-4.595500
9.644000
-2.653700
5.113300
14.822000
-18.188000
5.760500
11.586000
2.524300
14.822000
0.582520
-0.064720
1.229800
-0.711970
5.760500
1.229800
5.760500
-0.064720
1.229800
-7.831700
-1.359200
3.171500
-13.657000
-2.006500
-4.595500
-14.304000
-20.777000
-0.711970
1.229800
-5.890000
3.818800
10.291000
4.466000
0.582520
2.524300
11.586000
-9.126200
-10.421000
-10.421000
-11.715000
-14.951000
-31.132999
3.171500
3.818800
-21.424000
-11.068000
-23.365999
-16.246000
-15.599000
-21.424000
3.171500
0.582520
8.349500
13.528000
18.058001
8.996800
5.760500
18.705999
15.469000
1.229800
-0.711970
1.877000
1.229800
-24.013000
1.229800
-5.890000
-11.068000
0.582520
-3.948200
9.644000
-10.421000
1.229800
11.586000
1.229800
7.702300
-7.184500
-0.064720
-6.537200
-2.653700
-18.834999
-16.893000
-12.362000
-18.188000
-9.126200
-20.129000
-2.653700
-5.242700
2.524300
3.171500
0.582520
-0.064720
5.113300
14.822000
27.120001
11.586000
8.996800
-3.301000
5.760500
-0.064720
-0.711970
3.171500
-9.126200
-10.421000
-16.246000
-13.010000
-14.951000
-15.599000
-0.064720
-0.064720
-2.653700
16.764000
4.466000
-12.362000
8.996800
1.877000
-0.711970
-36.311001
3.818800
5.760500
-8.479000
7.702300
4.466000
2.524300
-2.653700
14.175000
10.291000
10.939000
3.171500
2.524300
-22.718000
-16.893000
-13.657000
-21.424000
-22.718000
-18.188000
-5.242700
-9.773500
-9.126200
9.644000
6.407800
11.586000
12.233000
19.353001
21.941999
25.177999
27.120001
23.882999
12.880000
-5.890000
-7.184500
-2.653700
-7.831700
-12.362000
-3.948200
-18.188000
-11.068000
-29.837999
7.055000
-5.890000
-16.246000
-13.657000
-18.834999
-19.482000
-40.194000
-18.188000
-3.948200
-11.715000
-2.653700
-11.715000
-6.537200
-25.955000
-5.890000
3.818800
-11.715000
8.349500
-5.242700
16.117001
-0.711970
1.877000
-2.006500
-14.304000
-4.595500
-3.301000
-10.421000
-0.711970
11.586000
-5.242700
5.760500
4.466000
5.760500
7.055000
33.591999
24.531000
24.531000
34.887001
25.825001
44.595001
31.003000
49.125999
36.181000
24.531000
29.709000
29.061001
34.238998
27.767000
38.123001
18.705999
17.410999
19.353001
12.233000
-2.653700
-0.711970
0.582520
3.171500
-13.010000
-3.301000
10.939000
-13.657000
3.171500
8.349500
1.229800
4.466000
-7.831700
-18.188000
4.466000
1.877000
-6.537200
-0.711970
-9.126200
-14.304000
6.407800
-2.006500
-13.010000
-2.653700
1.229800
-2.006500
10.291000
7.702300
18.058001
5.760500
10.291000
2.524300
13.528000
11.586000
14.175000
-2.006500
5.760500
5.113300
2.524300
-11.715000
-18.188000
-48.608002
-17.540001
-11.715000
-14.304000
-3.301000
3.818800
-9.126200
2.524300
-5.890000
-14.304000
-11.715000
-9.126200
-13.657000
-12.362000
1.229800
5.113300
-2.653700
-4.595500
7.055000
11.586000
8.996800
-10.421000
7.055000
5.760500
5.760500
12.880000
-7.184500
7.055000
2.524300
-14.951000
-14.951000
-38.900002
-12.362000
-11.068000
-4.595500
8.996800
6.407800
5.760500
15.469000
17.410999
15.469000
20.646999
-5.242700
10.939000
22.589001
19.353001
8.349500
10.939000
-3.948200
8.996800
10.939000
8.996800
5.113300
-5.242700
5.760500
2.524300
-9.773500
-9.773500
-2.653700
-6.537200
-6.537200
7.702300
14.822000
18.058001
12.233000
12.233000
1.229800
-0.064720
1.877000
-10.421000
-9.773500
-18.188000
-12.362000
-1.359200
-13.657000
-0.711970
-11.715000
-33.074001
-9.126200
-7.184500
-13.010000
-5.890000
-2.006500
5.760500
-7.831700
-1.359200
-16.246000
2.524300
-3.301000
-12.362000
-12.362000
-13.657000
-21.424000
-18.188000
-12.362000
-31.780001
-9.773500
-11.068000
-13.657000
-17.540001
-13.657000
0.582520
-25.306999
-21.424000
-13.010000
-0.064720
-1.359200
1.877000
15.469000
16.117001
9.644000
11.586000
14.175000
