10.921000
11.556000
9.650800
5.206300
7.746000
10.921000
9.015900
6.476200
9.650800
8.381000
0.761900
-9.396800
-18.285999
-16.381001
-13.206000
-4.952400
0.761900
2.031700
2.666700
3.301600
-0.507940
-4.952400
-8.127000
-7.492100
-6.857100
-9.396800
-10.032000
-11.302000
-13.206000
-20.190001
-22.730000
-25.270000
-22.094999
-21.459999
-18.921000
-5.587300
8.381000
13.460000
12.190000
3.301600
-3.047600
-9.396800
-9.396800
-4.952400
-6.857100
-4.952400
-0.507940
-1.777800
1.396800
2.666700
3.936500
1.396800
0.761900
-1.142900
3.936500
7.111100
7.111100
17.270000
22.349001
23.618999
23.618999
23.618999
21.714001
14.095000
8.381000
3.301600
6.476200
5.206300
2.031700
7.746000
17.270000
14.730000
15.365000
22.349001
22.349001
24.254000
15.365000
17.905001
19.174999
16.000000
8.381000
-2.412700
-8.127000
-4.317500
-0.507940
7.746000
8.381000
4.571400
8.381000
17.905001
19.809999
20.444000
27.429001
21.714001
17.905001
13.460000
9.650800
12.825000
3.301600
-17.016001
-26.540001
-24.635000
-3.682500
5.206300
0.761900
-4.952400
-4.317500
3.301600
9.015900
14.730000
16.635000
23.618999
21.714001
16.000000
16.000000
10.286000
7.746000
2.031700
-3.047600
-5.587300
-2.412700
-0.507940
0.761900
5.841300
5.206300
7.746000
14.730000
14.095000
16.000000
10.286000
-2.412700
-7.492100
-13.206000
-18.921000
-20.190001
-22.094999
-20.825001
-13.841000
-11.302000
-1.142900
5.206300
8.381000
7.111100
2.031700
3.301600
0.126980
-2.412700
-8.761900
-13.206000
-13.206000
-10.032000
-5.587300
-7.492100
-3.682500
3.301600
9.015900
14.095000
12.190000
14.730000
17.270000
11.556000
18.540001
19.174999
12.190000
4.571400
-6.857100
-15.746000
-23.365000
-20.825001
-15.746000
-15.746000
-15.111000
-16.381001
-13.206000
-16.381001
-17.016001
-18.285999
-13.841000
-10.032000
-18.285999
-16.381001
-10.032000
-6.222200
-1.777800
-5.587300
-10.032000
-11.937000
-20.825001
-22.730000
-21.459999
-10.032000
-3.047600
3.936500
16.000000
10.921000
4.571400
5.206300
3.936500
4.571400
6.476200
3.301600
-3.047600
-4.317500
1.396800
0.761900
3.301600
-1.142900
0.126980
8.381000
10.921000
12.190000
7.746000
3.301600
9.650800
10.921000
14.095000
13.460000
3.936500
8.381000
11.556000
14.095000
11.556000
5.206300
1.396800
1.396800
3.936500
0.761900
-2.412700
-3.682500
-6.857100
-0.507940
7.111100
7.746000
10.921000
10.286000
7.111100
2.031700
3.301600
3.301600
-1.777800
-0.507940
-1.142900
0.126980
-3.047600
-4.317500
-1.142900
3.301600
12.825000
5.841300
6.476200
5.841300
6.476200
13.460000
8.381000
0.761900
-3.682500
-6.222200
-10.667000
-20.190001
-24.635000
-23.365000
-17.016001
-16.381001
-15.111000
-7.492100
-1.777800
5.206300
10.921000
7.746000
9.650800
14.095000
16.000000
14.730000
10.286000
3.936500
0.761900
-15.111000
-21.459999
-19.556000
-21.459999
-27.174999
-24.635000
-19.556000
-13.841000
-7.492100
-8.127000
-10.667000
-14.476000
-15.111000
-15.111000
-18.921000
-13.841000
-17.650999
-15.111000
-5.587300
-7.492100
-7.492100
-3.047600
-3.682500
-3.682500
0.761900
8.381000
12.825000
14.730000
12.190000
7.746000
4.571400
4.571400
3.301600
2.666700
1.396800
-4.952400
-4.317500
-4.317500
-2.412700
4.571400
14.095000
18.540001
13.460000
17.905001
18.540001
22.349001
25.524000
19.809999
12.825000
8.381000
6.476200
5.206300
9.015900
4.571400
3.936500
3.301600
-0.507940
-3.047600
3.936500
7.746000
7.111100
5.206300
5.206300
5.206300
6.476200
7.111100
6.476200
15.365000
16.000000
11.556000
12.190000
3.936500
6.476200
4.571400
2.666700
3.301600
2.031700
-0.507940
-3.047600
-4.952400
-10.667000
-8.127000
-2.412700
-0.507940
-2.412700
-1.142900
-0.507940
3.936500
12.825000
16.635000
10.286000
2.031700
0.761900
1.396800
3.936500
9.650800
3.936500
-7.492100
-10.667000
0.126980
10.286000
13.460000
14.095000
14.095000
10.286000
12.190000
7.111100
2.031700
3.301600
-7.492100
-11.937000
-13.841000
-20.190001
-23.365000
-18.921000
-14.476000
-9.396800
-11.937000
-11.937000
-8.127000
-13.206000
-10.667000
-1.777800
7.746000
18.540001
15.365000
8.381000
6.476200
8.381000
12.190000
7.111100
6.476200
5.206300
2.666700
0.126980
-2.412700
-8.761900
-11.937000
-11.302000
-11.937000
-15.111000
-17.650999
-15.111000
-10.667000
-11.302000
-15.746000
-6.222200
3.301600
11.556000
4.571400
-7.492100
-6.222200
-3.682500
-2.412700
-1.777800
-6.222200
-6.857100
-3.682500
-1.142900
1.396800
1.396800
-0.507940
-6.857100
-8.127000
-10.667000
-11.937000
-14.476000
-13.206000
-5.587300
3.301600
10.286000
1.396800
-0.507940
1.396800
5.841300
6.476200
9.650800
14.095000
9.650800
3.936500
5.206300
5.841300
6.476200
12.190000
9.015900
6.476200
13.460000
12.825000
12.190000
5.841300
0.126980
-3.047600
-6.222200
-10.667000
-11.302000
-9.396800
3.301600
21.079000
32.507999
32.507999
29.968000
28.698000
22.349001
17.905001
13.460000
0.761900
-11.302000
-21.459999
-28.444000
-20.825001
-4.952400
8.381000
17.905001
16.000000
23.618999
24.889000
22.983999
23.618999
14.730000
9.650800
3.301600
-8.761900
-25.270000
-37.333000
-31.618999
-28.444000
-18.921000
-19.556000
-29.714001
-29.714001
-20.825001
-11.937000
-6.222200
-1.777800
-1.142900
4.571400
5.206300
-1.142900
-4.317500
-6.222200
-5.587300
-5.587300
-3.682500
0.761900
-0.507940
3.301600
-3.682500
0.126980
2.031700
4.571400
3.301600
-4.952400
-4.317500
-1.777800
1.396800
6.476200
2.666700
-1.142900
-3.047600
-1.142900
-4.317500
-1.777800
-3.682500
-5.587300
4.571400
7.746000
9.650800
16.635000
16.635000
9.650800
0.761900
-1.777800
-3.682500
-9.396800
-4.952400
-3.682500
-8.127000
-11.937000
-6.222200
0.126980
-8.761900
-13.206000
-14.476000
-6.222200
-6.857100
-12.571000
-11.937000
-13.841000
-10.032000
-3.047600
-1.777800
0.761900
-9.396800
-10.032000
-10.032000
-17.016001
-11.937000
-8.761900
-12.571000
-9.396800
-4.952400
-1.777800
0.126980
9.015900
14.730000
11.556000
9.015900
2.666700
3.936500
0.761900
-2.412700
-0.507940
0.126980
-4.317500
-1.142900
-3.682500
-6.222200
-2.412700
-0.507940
1.396800
3.301600
9.015900
12.825000
13.460000
10.286000
7.746000
6.476200
-2.412700
-4.952400
-6.222200
-2.412700
6.476200
2.666700
-1.777800
-0.507940
2.031700
6.476200
16.000000
26.159000
27.429001
28.063000
26.794001
26.794001
27.429001
19.809999
16.635000
9.015900
3.301600
-4.952400
-8.127000
-9.396800
-8.761900
0.761900
1.396800
-1.777800
2.666700
5.206300
5.206300
2.031700
-4.317500
-11.302000
-15.746000
-13.841000
-4.317500
5.841300
14.095000
15.365000
14.730000
13.460000
9.650800
7.111100
2.031700
4.571400
5.206300
-4.952400
-4.317500
-9.396800
-10.667000
-11.302000
-13.206000
-11.302000
-4.317500
-4.317500
-4.317500
-10.032000
-8.127000
-10.667000
-15.746000
-18.921000
-17.650999
-12.571000
-4.952400
5.206300
13.460000
16.635000
13.460000
6.476200
3.936500
2.666700
2.031700
3.301600
-10.032000
-8.761900
3.936500
9.015900
5.841300
2.666700
3.301600
1.396800
2.666700
6.476200
13.460000
17.905001
12.190000
3.301600
0.761900
-4.952400
-6.857100
-4.952400
-9.396800
-9.396800
-9.396800
-10.667000
-13.841000
-14.476000
-13.841000
-15.746000
-14.476000
-10.667000
-11.937000
-17.650999
-22.094999
-15.111000
-4.317500
0.126980
3.936500
9.015900
12.190000
13.460000
13.460000
11.556000
6.476200
5.841300
5.206300
6.476200
7.746000
7.111100
10.286000
12.190000
3.936500
-0.507940
0.126980
-4.317500
-10.032000
-6.857100
-0.507940
5.841300
9.650800
3.301600
7.746000
9.015900
7.746000
14.730000
8.381000
7.746000
6.476200
2.031700
5.206300
8.381000
9.650800
0.761900
10.921000
19.174999
17.905001
17.270000
15.365000
15.365000
12.825000
12.825000
9.015900
0.761900
-3.047600
-9.396800
-8.761900
-5.587300
-6.222200
-3.047600
-5.587300
-5.587300
-2.412700
-1.777800
-4.317500
-2.412700
2.666700
-0.507940
-4.952400
-8.127000
-11.937000
-13.206000
-10.667000
-10.032000
-8.127000
-0.507940
0.126980
-0.507940
0.761900
-0.507940
-4.317500
-11.937000
-14.476000
-17.650999
-9.396800
-1.142900
1.396800
-0.507940
-5.587300
-0.507940
3.301600
12.825000
16.635000
17.905001
11.556000
-0.507940
-4.317500
-3.682500
-0.507940
0.126980
-4.952400
-2.412700
-1.142900
0.126980
-6.857100
-11.937000
-17.650999
-19.556000
-15.111000
-6.857100
-2.412700
-1.142900
-6.857100
-10.032000
-4.952400
-4.952400
-1.777800
-0.507940
-2.412700
-6.222200
-6.222200
-8.761900
-6.857100
0.126980
-3.682500
-3.682500
-4.952400
-12.571000
-4.317500
1.396800
4.571400
9.650800
3.301600
-10.667000
-12.571000
-6.857100
-3.682500
-4.317500
-2.412700
-0.507940
-5.587300
-8.127000
-4.952400
-10.667000
-12.571000
-16.381001
-15.746000
-12.571000
-6.857100
-1.777800
1.396800
-2.412700
-1.777800
-0.507940
4.571400
8.381000
3.936500
7.111100
12.190000
16.000000
19.809999
21.714001
24.254000
19.174999
13.460000
14.095000
12.190000
13.460000
14.730000
14.095000
7.111100
9.650800
12.825000
12.190000
19.174999
21.714001
22.349001
21.079000
12.190000
7.111100
-1.142900
-1.777800
-2.412700
-4.317500
-4.952400
-11.937000
-15.746000
-9.396800
5.206300
11.556000
12.825000
17.905001
26.159000
32.507999
32.507999
35.048000
31.238001
27.429001
15.365000
7.111100
2.666700
2.666700
5.206300
2.031700
5.206300
3.936500
3.936500
-4.952400
-17.016001
-22.094999
-16.381001
-11.937000
-3.047600
3.936500
10.921000
18.540001
17.905001
19.174999
15.365000
7.746000
7.746000
-1.142900
-7.492100
-9.396800
-14.476000
-20.825001
-26.540001
-22.094999
-13.841000
-6.857100
-8.127000
-3.682500
-9.396800
-14.476000
-0.507940
0.126980
-1.142900
0.761900
3.301600
3.936500
0.761900
-6.857100
-11.937000
-18.921000
-18.921000
-13.206000
-1.777800
0.126980
1.396800
1.396800
-4.317500
-8.127000
-11.937000
-7.492100
-5.587300
-6.222200
-8.127000
-20.825001
-25.270000
-23.365000
-15.746000
-6.857100
-1.142900
3.301600
4.571400
9.650800
17.270000
12.190000
-1.142900
-13.206000
-13.841000
-10.667000
-12.571000
-13.206000
-15.746000
-17.650999
-14.476000
-11.302000
-10.032000
-9.396800
-8.761900
-10.667000
-11.302000
-0.507940
8.381000
12.825000
11.556000
4.571400
-2.412700
-8.127000
-3.047600
7.111100
10.286000
10.286000
14.095000
18.540001
11.556000
2.666700
6.476200
7.111100
7.111100
7.111100
0.761900
0.126980
-4.317500
2.031700
3.301600
9.015900
11.556000
9.650800
1.396800
-3.047600
-8.761900
0.761900
12.825000
21.714001
14.730000
10.286000
7.111100
3.301600
4.571400
