12.238000
14.815000
14.815000
11.594000
11.594000
11.594000
10.306000
8.373600
12.238000
11.594000
5.797100
-1.932400
-10.306000
-4.508900
-1.932400
5.797100
10.306000
8.373600
6.441200
5.153000
1.288200
-5.797100
-11.594000
-10.950000
-12.238000
-13.527000
-11.594000
-14.815000
-14.171000
-18.680000
-19.323999
-23.188000
-21.900000
-19.323999
-16.103001
-5.797100
5.153000
8.373600
7.085300
-2.576500
-9.661800
-14.815000
-13.527000
-8.373600
-10.306000
-6.441200
-5.797100
-5.797100
-2.576500
-4.508900
-1.932400
0.644120
3.864700
5.153000
7.729500
11.594000
12.238000
18.035000
22.544001
19.323999
17.391001
14.171000
12.882000
5.153000
-1.288200
-5.797100
-5.153000
-7.085300
-6.441200
1.932400
12.238000
10.950000
12.238000
16.747000
16.747000
18.680000
9.017700
12.882000
14.815000
14.815000
3.220600
-9.017700
-15.459000
-12.238000
-5.153000
6.441200
7.729500
1.932400
3.220600
10.306000
12.882000
14.171000
27.697001
24.476999
21.256001
16.103001
9.661800
10.950000
1.932400
-14.815000
-21.900000
-21.256001
-5.153000
0.644120
-1.932400
-4.508900
-4.508900
4.508900
9.017700
17.391001
18.680000
23.833000
22.544001
18.035000
18.680000
12.238000
8.373600
2.576500
-1.932400
-3.864700
-3.220600
-3.864700
-1.288200
3.864700
3.220600
1.932400
8.373600
9.661800
12.882000
9.661800
0.644120
-2.576500
-9.017700
-10.950000
-11.594000
-14.815000
-14.815000
-9.661800
-7.085300
5.153000
10.306000
13.527000
10.306000
6.441200
5.153000
0.644120
-4.508900
-11.594000
-16.747000
-16.747000
-14.815000
-6.441200
-3.864700
1.932400
8.373600
8.373600
14.171000
13.527000
18.035000
18.680000
9.661800
12.882000
12.238000
4.508900
-1.288200
-9.661800
-12.238000
-16.747000
-12.882000
-9.017700
-8.373600
-6.441200
-9.661800
-7.729500
-12.238000
-16.103001
-21.256001
-17.391001
-12.238000
-15.459000
-12.238000
-9.017700
-7.729500
-3.864700
-9.017700
-12.238000
-11.594000
-22.544001
-24.476999
-20.612000
-9.661800
-1.932400
3.220600
12.882000
11.594000
7.729500
8.373600
7.085300
9.017700
8.373600
0.000000
-8.373600
-9.661800
-1.288200
-2.576500
0.644120
-4.508900
-5.153000
1.288200
2.576500
4.508900
1.288200
-1.932400
5.153000
5.153000
10.950000
10.306000
4.508900
10.950000
10.306000
11.594000
7.085300
-0.644120
-1.932400
1.932400
5.797100
1.288200
0.644120
1.288200
-5.153000
0.000000
9.017700
8.373600
12.238000
14.171000
10.306000
1.288200
2.576500
3.864700
-0.644120
0.644120
0.000000
-1.288200
-7.085300
-9.661800
-5.153000
2.576500
14.815000
9.017700
7.085300
12.238000
14.815000
23.833000
16.103001
9.661800
6.441200
0.644120
-7.729500
-18.035000
-21.256001
-19.323999
-14.171000
-12.882000
-12.238000
-7.085300
-4.508900
-3.864700
1.932400
-0.644120
2.576500
6.441200
9.017700
9.661800
7.085300
5.153000
3.864700
-7.085300
-11.594000
-10.950000
-16.747000
-23.833000
-19.968000
-11.594000
-9.017700
-4.508900
-9.017700
-14.171000
-16.747000
-18.035000
-17.391001
-18.680000
-13.527000
-14.171000
-14.171000
-5.153000
-4.508900
-5.797100
-2.576500
-3.864700
-2.576500
-2.576500
4.508900
9.017700
11.594000
10.950000
4.508900
2.576500
2.576500
-0.644120
-0.644120
-1.288200
-7.085300
-5.153000
-3.220600
1.932400
5.797100
11.594000
11.594000
6.441200
9.017700
8.373600
16.747000
23.833000
17.391001
11.594000
9.017700
7.085300
7.729500
9.017700
4.508900
-0.644120
0.000000
-3.220600
-2.576500
2.576500
0.644120
-0.644120
-0.644120
3.220600
3.864700
3.220600
3.220600
1.932400
9.017700
9.661800
7.085300
12.882000
5.153000
9.661800
4.508900
0.644120
0.644120
0.000000
-4.508900
-7.085300
-5.797100
-5.797100
-5.153000
-1.288200
1.288200
1.932400
9.661800
11.594000
17.391001
21.256001
22.544001
14.171000
9.661800
9.017700
7.729500
7.729500
7.085300
1.288200
-7.085300
-10.950000
-1.288200
9.661800
14.171000
16.103001
15.459000
14.815000
15.459000
12.882000
7.085300
5.153000
-6.441200
-11.594000
-13.527000
-18.680000
-25.764999
-23.833000
-21.900000
-16.103001
-14.171000
-16.103001
-12.882000
-18.680000
-14.171000
-3.864700
7.729500
18.035000
14.815000
10.950000
8.373600
11.594000
19.968000
17.391001
15.459000
11.594000
5.797100
1.288200
-5.153000
-12.882000
-13.527000
-7.729500
-3.220600
-4.508900
-9.017700
-10.950000
-11.594000
-12.238000
-11.594000
-4.508900
5.153000
10.306000
3.220600
-7.085300
-1.932400
0.000000
1.932400
1.932400
-5.153000
-7.085300
-5.797100
-6.441200
-2.576500
-1.932400
-2.576500
-7.729500
-8.373600
-10.306000
-14.171000
-11.594000
-9.661800
-4.508900
1.288200
6.441200
-1.288200
-3.220600
0.000000
3.220600
1.932400
5.797100
12.882000
10.306000
6.441200
5.797100
3.864700
1.932400
11.594000
10.306000
7.729500
10.306000
7.085300
8.373600
5.797100
2.576500
0.000000
-2.576500
-5.797100
-9.017700
-10.950000
-2.576500
5.153000
16.103001
19.968000
25.121000
26.409000
21.900000
18.680000
14.815000
3.864700
-7.085300
-14.815000
-18.035000
-13.527000
-5.153000
2.576500
7.729500
7.085300
8.373600
12.238000
13.527000
15.459000
9.661800
3.220600
-3.220600
-15.459000
-29.629999
-36.070999
-29.629999
-24.476999
-12.238000
-12.882000
-21.900000
-20.612000
-8.373600
-3.220600
-2.576500
-4.508900
-4.508900
3.220600
6.441200
5.153000
3.864700
-1.288200
-1.932400
-1.932400
0.644120
4.508900
3.220600
7.729500
1.288200
7.085300
4.508900
1.932400
1.932400
-7.729500
-14.171000
-14.815000
-8.373600
3.220600
-0.644120
-5.797100
-5.797100
-5.797100
-9.017700
-7.085300
-7.085300
-12.238000
-3.220600
0.644120
2.576500
9.661800
12.238000
8.373600
-1.288200
-3.220600
-6.441200
-15.459000
-16.747000
-15.459000
-18.680000
-20.612000
-11.594000
-0.644120
-9.661800
-14.815000
-12.882000
-3.220600
0.000000
-7.729500
-8.373600
-5.797100
-1.932400
3.864700
1.932400
0.000000
-5.797100
-9.017700
-10.306000
-18.035000
-11.594000
-5.797100
-3.220600
6.441200
12.882000
13.527000
7.729500
9.017700
7.729500
3.220600
2.576500
-0.644120
1.288200
3.864700
1.932400
7.729500
6.441200
1.932400
4.508900
3.220600
3.864700
3.864700
-3.220600
-5.797100
-5.153000
1.288200
8.373600
8.373600
7.729500
2.576500
0.644120
-6.441200
-8.373600
-10.306000
-5.797100
6.441200
6.441200
-0.644120
-1.932400
1.932400
8.373600
19.323999
30.274000
32.206001
30.274000
27.052999
22.544001
23.833000
14.815000
13.527000
7.729500
1.932400
-7.085300
-8.373600
-9.017700
-9.661800
-5.153000
-7.085300
-7.085300
-3.864700
-0.644120
-0.644120
-2.576500
-10.950000
-8.373600
-5.153000
-3.220600
0.000000
3.220600
8.373600
9.661800
9.017700
4.508900
0.644120
1.932400
-1.288200
3.220600
10.306000
1.932400
3.220600
-1.932400
-5.797100
-9.017700
-12.238000
-12.882000
-5.153000
-4.508900
-3.220600
-7.729500
-7.729500
-12.238000
-19.323999
-18.035000
-14.815000
-10.306000
-4.508900
5.153000
13.527000
17.391001
15.459000
8.373600
6.441200
4.508900
2.576500
1.932400
-9.017700
-4.508900
7.729500
9.661800
7.729500
1.932400
1.932400
-0.644120
6.441200
14.171000
20.612000
28.341000
21.900000
7.729500
4.508900
1.288200
-1.288200
0.644120
-3.220600
-5.797100
-10.306000
-10.306000
-14.171000
-12.882000
-12.238000
-15.459000
-16.747000
-12.238000
-9.017700
-12.238000
-14.171000
-7.085300
1.932400
1.932400
3.220600
9.017700
14.815000
18.035000
19.323999
16.747000
13.527000
10.306000
10.306000
9.661800
7.085300
5.797100
9.017700
9.661800
-1.288200
-7.729500
-7.085300
-9.017700
-14.815000
-10.306000
-5.153000
3.220600
7.085300
0.000000
3.864700
1.288200
2.576500
11.594000
1.288200
-1.932400
0.000000
-3.220600
-1.932400
0.644120
9.661800
2.576500
9.017700
15.459000
10.950000
10.950000
10.950000
12.882000
10.306000
7.729500
4.508900
-1.932400
-8.373600
-14.171000
-15.459000
-11.594000
-14.171000
-9.661800
-10.950000
-9.661800
-3.864700
-1.288200
-0.644120
1.932400
5.797100
3.220600
-4.508900
-7.729500
-12.238000
-13.527000
-11.594000
-13.527000
-13.527000
-7.085300
-5.153000
-1.932400
3.864700
6.441200
3.864700
0.644120
0.000000
-5.153000
-1.288200
3.864700
3.220600
-1.932400
-13.527000
-10.306000
-5.797100
8.373600
12.882000
18.035000
14.171000
5.153000
1.932400
-1.288200
1.288200
3.864700
0.644120
3.220600
3.864700
7.085300
1.932400
-3.864700
-7.085300
-9.017700
-5.153000
1.932400
4.508900
5.153000
-1.288200
-3.864700
-1.288200
-4.508900
-1.288200
-0.644120
-1.288200
-4.508900
-9.017700
-12.882000
-10.306000
2.576500
3.220600
5.153000
-0.644120
-7.729500
-1.288200
5.153000
8.373600
13.527000
6.441200
-7.085300
-11.594000
-10.950000
-9.017700
-9.017700
-5.153000
-2.576500
-5.153000
-7.729500
-10.306000
-17.391001
-18.680000
-21.256001
-20.612000
-16.103001
-7.729500
-3.220600
0.644120
1.932400
0.000000
1.932400
3.220600
8.373600
7.085300
9.661800
13.527000
10.306000
12.238000
15.459000
16.103001
14.815000
14.171000
12.882000
8.373600
7.729500
8.373600
4.508900
-0.644120
3.220600
7.729500
7.085300
12.238000
12.238000
9.017700
7.085300
2.576500
1.932400
-1.932400
-2.576500
-3.220600
-1.288200
-1.932400
-7.729500
-14.171000
-13.527000
-3.864700
1.932400
5.153000
11.594000
22.544001
33.493999
36.715000
40.580002
38.646999
36.070999
28.341000
21.900000
19.323999
14.815000
15.459000
7.085300
9.661800
10.950000
7.085300
-1.932400
-14.171000
-21.900000
-15.459000
-9.661800
0.644120
7.085300
9.661800
16.103001
10.950000
9.661800
1.932400
-4.508900
-1.932400
-4.508900
-8.373600
-10.306000
-16.747000
-21.900000
-19.968000
-13.527000
-8.373600
-4.508900
-9.661800
-6.441200
-5.797100
-11.594000
-1.932400
-6.441200
-10.306000
-11.594000
-10.306000
-6.441200
-7.729500
-12.238000
-12.882000
-14.815000
-12.882000
-10.306000
-1.288200
0.000000
-1.288200
3.220600
-0.644120
-4.508900
-9.017700
-6.441200
-2.576500
-0.644120
-0.644120
-14.171000
-19.968000
-17.391001
-10.950000
-4.508900
-0.644120
1.288200
3.220600
5.153000
12.238000
7.729500
0.644120
-8.373600
-9.017700
-5.797100
-12.238000
-13.527000
-12.238000
-11.594000
-6.441200
-5.153000
-7.729500
-4.508900
-7.085300
-5.153000
-9.017700
-1.932400
4.508900
8.373600
9.017700
5.153000
-0.644120
-5.797100
-2.576500
2.576500
2.576500
0.000000
3.220600
7.085300
2.576500
-2.576500
0.000000
-2.576500
-4.508900
-6.441200
-12.238000
-10.950000
-15.459000
-9.661800
-7.085300
-4.508900
-3.220600
-6.441200
-11.594000
-9.017700
-10.306000
0.000000
12.882000
21.256001
14.815000
12.238000
10.306000
7.729500
7.729500
