-8.996800
10.421000
22.070999
23.042000
18.188000
9.449800
2.653700
-5.113300
-7.055000
-11.909000
-9.967600
-6.084100
-1.229800
3.624600
6.537200
3.624600
-2.200600
-7.055000
-5.113300
3.624600
4.595500
-1.229800
-4.142400
-6.084100
2.653700
9.449800
0.711970
-8.996800
-15.793000
-20.646999
-19.676001
-10.939000
-3.171500
5.566300
10.421000
2.653700
-4.142400
-4.142400
-9.967600
-7.055000
2.653700
7.508100
8.479000
10.421000
7.508100
7.508100
2.653700
-0.258900
5.566300
6.537200
7.508100
13.333000
19.159000
11.392000
10.421000
13.333000
3.624600
-4.142400
-5.113300
-10.939000
-12.880000
-8.025900
-12.880000
-9.967600
-1.229800
7.508100
9.449800
6.537200
8.479000
14.304000
21.100000
17.216999
7.508100
-0.258900
-8.025900
-13.851000
-12.880000
-12.880000
-10.939000
-10.939000
-9.967600
-1.229800
2.653700
3.624600
1.682800
-2.200600
-5.113300
-3.171500
5.566300
11.392000
9.449800
-4.142400
-16.764000
-17.735001
-14.822000
-9.967600
-7.055000
-4.142400
-7.055000
-4.142400
-2.200600
-7.055000
-9.967600
-6.084100
-0.258900
8.479000
5.566300
-1.229800
-1.229800
-5.113300
-12.880000
-17.735001
-24.531000
-25.502001
-14.822000
2.653700
9.449800
8.479000
8.479000
3.624600
1.682800
0.711970
6.537200
7.508100
6.537200
7.508100
-0.258900
-4.142400
-8.025900
-11.909000
-2.200600
5.566300
10.421000
10.421000
8.479000
9.449800
5.566300
2.653700
0.711970
1.682800
0.711970
0.711970
4.595500
4.595500
-1.229800
-2.200600
1.682800
7.508100
9.449800
2.653700
-4.142400
-8.025900
-8.996800
-4.142400
-1.229800
-5.113300
-8.996800
-6.084100
-3.171500
-0.258900
0.711970
4.595500
4.595500
7.508100
13.333000
10.421000
7.508100
6.537200
-1.229800
-2.200600
3.624600
1.682800
-8.025900
-10.939000
-14.822000
-14.822000
-8.996800
-4.142400
2.653700
5.566300
1.682800
0.711970
2.653700
8.479000
12.362000
13.333000
8.479000
0.711970
-6.084100
-9.967600
-11.909000
-10.939000
-9.967600
-7.055000
-5.113300
-5.113300
5.566300
11.392000
11.392000
13.333000
17.216999
16.246000
10.421000
4.595500
1.682800
-6.084100
-6.084100
-12.880000
-14.822000
-4.142400
0.711970
2.653700
4.595500
6.537200
1.682800
-0.258900
0.711970
0.711970
5.566300
2.653700
1.682800
4.595500
4.595500
5.566300
4.595500
-0.258900
-6.084100
-7.055000
-7.055000
0.711970
8.479000
10.421000
7.508100
-3.171500
-2.200600
4.595500
7.508100
8.479000
6.537200
0.711970
-5.113300
-0.258900
3.624600
5.566300
7.508100
2.653700
1.682800
2.653700
2.653700
-0.258900
-11.909000
-9.967600
-5.113300
-3.171500
-0.258900
6.537200
4.595500
3.624600
8.479000
8.479000
4.595500
1.682800
-1.229800
-2.200600
-3.171500
-6.084100
-4.142400
4.595500
10.421000
10.421000
9.449800
15.275000
17.216999
13.333000
12.362000
11.392000
3.624600
-1.229800
-3.171500
0.711970
0.711970
-3.171500
-2.200600
-4.142400
-7.055000
-11.909000
-14.822000
-3.171500
4.595500
4.595500
2.653700
-6.084100
-9.967600
-7.055000
-7.055000
-12.880000
-10.939000
-5.113300
-1.229800
-3.171500
-4.142400
-3.171500
-5.113300
-12.880000
-20.646999
-23.559999
-24.531000
-22.589001
-11.909000
5.566300
10.421000
9.449800
11.392000
6.537200
4.595500
-5.113300
-11.909000
-14.822000
-18.705999
-15.793000
-17.735001
-15.793000
-15.793000
-13.851000
-7.055000
3.624600
5.566300
8.479000
13.333000
12.362000
16.246000
13.333000
5.566300
3.624600
3.624600
5.566300
9.449800
4.595500
-2.200600
-0.258900
-2.200600
-5.113300
-5.113300
-5.113300
3.624600
11.392000
3.624600
1.682800
9.449800
12.362000
12.362000
12.362000
8.479000
0.711970
-8.996800
-12.880000
-8.996800
-3.171500
-6.084100
-6.084100
-5.113300
1.682800
3.624600
6.537200
10.421000
10.421000
8.479000
4.595500
0.711970
-4.142400
-13.851000
-15.793000
-8.025900
-1.229800
-5.113300
-5.113300
-1.229800
3.624600
7.508100
15.275000
16.246000
5.566300
3.624600
5.566300
7.508100
4.595500
-2.200600
-6.084100
-6.084100
-0.258900
3.624600
6.537200
7.508100
3.624600
-4.142400
-4.142400
4.595500
8.479000
10.421000
6.537200
4.595500
7.508100
4.595500
8.479000
14.304000
9.449800
4.595500
1.682800
0.711970
-1.229800
2.653700
2.653700
1.682800
1.682800
2.653700
6.537200
5.566300
5.566300
9.449800
2.653700
-6.084100
-11.909000
-17.735001
-18.705999
-14.822000
-8.025900
0.711970
10.421000
20.129000
24.013000
19.159000
8.479000
1.682800
-2.200600
-5.113300
-13.851000
-18.705999
-19.676001
-14.822000
-14.822000
-16.764000
-23.559999
-9.967600
8.479000
14.304000
14.304000
13.333000
15.275000
11.392000
-3.171500
-9.967600
-13.851000
-13.851000
-3.171500
3.624600
1.682800
-7.055000
-9.967600
-11.909000
-8.025900
0.711970
3.624600
2.653700
2.653700
0.711970
4.595500
15.275000
18.188000
6.537200
-5.113300
-10.939000
-12.880000
-12.880000
-9.967600
-7.055000
-0.258900
4.595500
6.537200
1.682800
-2.200600
1.682800
5.566300
6.537200
9.449800
5.566300
-3.171500
-6.084100
-8.025900
-7.055000
-1.229800
7.508100
11.392000
9.449800
5.566300
-8.025900
-15.793000
-12.880000
-3.171500
1.682800
4.595500
4.595500
2.653700
-2.200600
-5.113300
1.682800
7.508100
10.421000
6.537200
-6.084100
-1.229800
-1.229800
-4.142400
-4.142400
-3.171500
-5.113300
-5.113300
-5.113300
-2.200600
-2.200600
-2.200600
2.653700
9.449800
9.449800
5.566300
4.595500
1.682800
-5.113300
3.624600
11.392000
8.479000
1.682800
-7.055000
-10.939000
-14.822000
-12.880000
-3.171500
-2.200600
-0.258900
4.595500
6.537200
7.508100
4.595500
7.508100
3.624600
-5.113300
-7.055000
-6.084100
0.711970
2.653700
0.711970
7.508100
12.362000
11.392000
5.566300
0.711970
6.537200
13.333000
4.595500
-8.996800
-9.967600
-6.084100
-7.055000
-3.171500
-1.229800
-6.084100
-3.171500
-3.171500
-5.113300
-1.229800
2.653700
5.566300
4.595500
5.566300
11.392000
12.362000
15.275000
13.333000
6.537200
2.653700
-0.258900
3.624600
7.508100
2.653700
-6.084100
-10.939000
-6.084100
-3.171500
-2.200600
4.595500
4.595500
-6.084100
-10.939000
-9.967600
2.653700
9.449800
4.595500
1.682800
0.711970
-6.084100
-8.025900
-7.055000
-2.200600
6.537200
6.537200
-0.258900
-4.142400
-0.258900
-4.142400
-9.967600
-5.113300
-1.229800
4.595500
13.333000
19.159000
18.188000
14.304000
9.449800
-0.258900
-3.171500
-2.200600
-7.055000
-11.909000
-11.909000
-11.909000
-11.909000
-3.171500
1.682800
3.624600
6.537200
10.421000
11.392000
3.624600
-5.113300
-5.113300
-6.084100
-10.939000
-5.113300
4.595500
7.508100
3.624600
-1.229800
-2.200600
-3.171500
-5.113300
-2.200600
-3.171500
-10.939000
-10.939000
-17.735001
-22.589001
-21.618000
-15.793000
-9.967600
-0.258900
8.479000
17.216999
23.042000
25.955000
25.955000
17.216999
5.566300
0.711970
-0.258900
-3.171500
-6.084100
-9.967600
-7.055000
2.653700
0.711970
-6.084100
-8.996800
-10.939000
-9.967600
-4.142400
-0.258900
3.624600
-1.229800
-8.996800
-15.793000
-17.735001
-13.851000
-10.939000
-7.055000
-4.142400
-6.084100
-9.967600
-2.200600
10.421000
16.246000
16.246000
12.362000
9.449800
5.566300
2.653700
1.682800
0.711970
-4.142400
-7.055000
-0.258900
9.449800
14.304000
12.362000
8.479000
9.449800
11.392000
10.421000
8.479000
2.653700
-3.171500
-6.084100
-7.055000
-1.229800
2.653700
10.421000
16.246000
24.983999
39.547001
50.227001
44.401001
32.750999
27.896000
21.100000
12.362000
0.711970
-12.880000
-18.705999
-13.851000
-21.618000
-29.385000
-27.443001
-20.646999
-9.967600
2.653700
8.479000
6.537200
5.566300
5.566300
2.653700
-6.084100
-14.822000
-22.589001
-34.238998
-42.006001
-29.385000
-23.559999
-22.589001
-20.646999
-18.705999
-9.967600
-5.113300
-7.055000
-5.113300
-5.113300
-5.113300
-5.113300
-4.142400
-4.142400
-8.996800
-9.967600
-6.084100
-1.229800
-2.200600
-9.967600
-8.996800
-2.200600
0.711970
3.624600
6.537200
10.421000
9.449800
2.653700
-2.200600
-4.142400
1.682800
5.566300
8.479000
9.449800
11.392000
11.392000
10.421000
7.508100
-1.229800
-9.967600
-1.229800
4.595500
2.653700
-1.229800
2.653700
4.595500
6.537200
6.537200
6.537200
8.479000
10.421000
14.304000
12.362000
9.449800
8.479000
-2.200600
-8.025900
1.682800
10.421000
12.362000
13.333000
11.392000
7.508100
4.595500
1.682800
-3.171500
-8.996800
-10.939000
-6.084100
0.711970
4.595500
-0.258900
-0.258900
-3.171500
-9.967600
-10.939000
-9.967600
-3.171500
5.566300
2.653700
2.653700
7.508100
4.595500
4.595500
7.508100
9.449800
12.362000
5.566300
-2.200600
-3.171500
-8.025900
-15.793000
-17.735001
-10.939000
-2.200600
0.711970
5.566300
15.275000
17.216999
8.479000
-4.142400
-10.939000
-6.084100
-7.055000
-2.200600
6.537200
12.362000
7.508100
-1.229800
-4.142400
-5.113300
-3.171500
-1.229800
-3.171500
-4.142400
-9.967600
-8.025900
0.711970
-7.055000
-8.996800
-6.084100
-9.967600
-10.939000
-2.200600
5.566300
1.682800
-5.113300
-3.171500
-2.200600
-1.229800
0.711970
2.653700
4.595500
-0.258900
-5.113300
-1.229800
-1.229800
0.711970
-1.229800
-3.171500
-4.142400
-10.939000
-5.113300
0.711970
4.595500
11.392000
8.479000
1.682800
-7.055000
-8.996800
-8.996800
-5.113300
0.711970
4.595500
5.566300
2.653700
-1.229800
-2.200600
5.566300
11.392000
11.392000
5.566300
6.537200
0.711970
-2.200600
2.653700
10.421000
7.508100
-0.258900
-6.084100
-6.084100
-1.229800
4.595500
12.362000
22.070999
23.042000
17.216999
0.711970
-6.084100
-6.084100
-5.113300
-1.229800
-0.258900
-5.113300
-8.025900
-4.142400
2.653700
5.566300
4.595500
8.479000
7.508100
5.566300
6.537200
3.624600
-2.200600
-8.996800
-7.055000
-2.200600
0.711970
3.624600
4.595500
6.537200
4.595500
-1.229800
-8.025900
-3.171500
5.566300
8.479000
9.449800
12.362000
6.537200
3.624600
5.566300
4.595500
2.653700
-4.142400
4.595500
10.421000
12.362000
14.304000
12.362000
9.449800
3.624600
-1.229800
1.682800
-1.229800
-2.200600
-3.171500
-5.113300
-8.996800
-7.055000
-5.113300
-7.055000
-2.200600
-2.200600
-4.142400
-2.200600
2.653700
9.449800
6.537200
-4.142400
-13.851000
-16.764000
-16.764000
-11.909000
-7.055000
-8.025900
-13.851000
-16.764000
-17.735001
-14.822000
-4.142400
5.566300
7.508100
-2.200600
-14.822000
-18.705999
-13.851000
-12.880000
-8.996800
-9.967600
-8.996800
0.711970
6.537200
14.304000
21.100000
20.129000
10.421000
9.449800
7.508100
0.711970
-3.171500
-9.967600
-12.880000
-11.909000
-8.025900
0.711970
-0.258900
-2.200600
0.711970
1.682800
