9.983200
2.948100
1.943000
6.968200
5.963100
3.953100
9.983200
16.013000
17.018000
17.018000
16.013000
11.993000
5.963100
0.938020
-4.087100
-9.112200
-4.087100
3.953100
9.983200
9.983200
10.988000
12.998000
10.988000
6.968200
-0.067000
-4.087100
1.943000
3.953100
6.968200
12.998000
23.049000
27.069000
22.044001
22.044001
23.049000
15.008000
0.938020
-3.082100
1.943000
2.948100
6.968200
10.988000
15.008000
18.023001
23.049000
23.049000
18.023001
12.998000
5.963100
-2.077100
-6.097200
-7.102200
-7.102200
0.938020
9.983200
18.023001
22.044001
18.023001
5.963100
-0.067000
1.943000
-0.067000
-3.082100
2.948100
5.963100
10.988000
14.003000
10.988000
12.998000
8.978200
2.948100
-5.092100
-7.102200
-0.067000
-2.077100
-7.102200
3.953100
9.983200
4.958100
5.963100
9.983200
12.998000
19.028000
19.028000
12.998000
12.998000
4.958100
7.973200
8.978200
2.948100
-5.092100
-5.092100
1.943000
5.963100
3.953100
-2.077100
0.938020
7.973200
3.953100
6.968200
10.988000
14.003000
16.013000
16.013000
17.018000
11.993000
9.983200
17.018000
21.039000
19.028000
22.044001
25.059000
29.079000
27.069000
18.023001
11.993000
7.973200
11.993000
14.003000
14.003000
17.018000
11.993000
11.993000
11.993000
6.968200
3.953100
-0.067000
5.963100
5.963100
10.988000
16.013000
16.013000
17.018000
10.988000
4.958100
2.948100
-9.112200
-12.127000
-9.112200
-11.122000
-8.107200
-1.072000
0.938020
6.968200
8.978200
6.968200
2.948100
0.938020
-4.087100
-9.112200
-6.097200
-9.112200
-11.122000
-5.092100
-3.082100
-2.077100
-8.107200
-9.112200
-15.142000
-16.146999
-15.142000
-13.132000
-9.112200
-6.097200
-5.092100
-8.107200
-16.146999
-19.162001
-24.188000
-22.177999
-15.142000
-17.152000
-21.173000
-20.167999
-11.122000
0.938020
4.958100
0.938020
-5.092100
-8.107200
-7.102200
-8.107200
-6.097200
-4.087100
-6.097200
-1.072000
3.953100
4.958100
0.938020
-2.077100
-8.107200
-3.082100
-1.072000
-5.092100
-8.107200
-3.082100
4.958100
6.968200
2.948100
-1.072000
-10.117000
-10.117000
-11.122000
-12.127000
-10.117000
-6.097200
-11.122000
-12.127000
-3.082100
1.943000
-5.092100
-8.107200
-3.082100
-8.107200
-10.117000
-1.072000
7.973200
4.958100
3.953100
4.958100
0.938020
-4.087100
-4.087100
2.948100
1.943000
-7.102200
-8.107200
-7.102200
-2.077100
-1.072000
-0.067000
4.958100
1.943000
2.948100
4.958100
8.978200
9.983200
8.978200
10.988000
8.978200
3.953100
7.973200
9.983200
8.978200
7.973200
2.948100
6.968200
17.018000
10.988000
6.968200
11.993000
12.998000
3.953100
5.963100
4.958100
-0.067000
1.943000
3.953100
0.938020
-9.112200
-11.122000
-8.107200
1.943000
7.973200
2.948100
-2.077100
3.953100
10.988000
10.988000
7.973200
9.983200
15.008000
11.993000
9.983200
5.963100
7.973200
5.963100
3.953100
1.943000
0.938020
3.953100
3.953100
7.973200
7.973200
10.988000
11.993000
9.983200
8.978200
6.968200
9.983200
10.988000
5.963100
4.958100
5.963100
9.983200
10.988000
14.003000
11.993000
17.018000
21.039000
11.993000
1.943000
-4.087100
-5.092100
-0.067000
3.953100
7.973200
9.983200
18.023001
25.059000
21.039000
15.008000
6.968200
2.948100
2.948100
1.943000
3.953100
11.993000
10.988000
12.998000
18.023001
15.008000
9.983200
6.968200
7.973200
8.978200
1.943000
3.953100
7.973200
12.998000
14.003000
12.998000
6.968200
4.958100
-2.077100
-12.127000
-16.146999
-19.162001
-8.107200
1.943000
-3.082100
-2.077100
-9.112200
-15.142000
-19.162001
-20.167999
-22.177999
-19.162001
-12.127000
-10.117000
-6.097200
-4.087100
-8.107200
-12.127000
-21.173000
-26.198000
-28.208000
-26.198000
-19.162001
-18.157000
-20.167999
-17.152000
-12.127000
-6.097200
-5.092100
-1.072000
-3.082100
-5.092100
-6.097200
-6.097200
-9.112200
-8.107200
-3.082100
0.938020
2.948100
6.968200
-0.067000
-6.097200
-5.092100
-6.097200
-4.087100
-0.067000
3.953100
0.938020
-7.102200
-8.107200
-7.102200
1.943000
7.973200
7.973200
-0.067000
-4.087100
-5.092100
-6.097200
-6.097200
-9.112200
-11.122000
-19.162001
-22.177999
-21.173000
-18.157000
-16.146999
-12.127000
-10.117000
-9.112200
-6.097200
-1.072000
2.948100
5.963100
7.973200
4.958100
-0.067000
-4.087100
-7.102200
-10.117000
-10.117000
-7.102200
-7.102200
-6.097200
-3.082100
-0.067000
-3.082100
-13.132000
-10.117000
-12.127000
-18.157000
-16.146999
-17.152000
-18.157000
-12.127000
-12.127000
-9.112200
-9.112200
-12.127000
-6.097200
9.983200
18.023001
4.958100
-4.087100
-12.127000
-18.157000
-16.146999
-21.173000
-25.193001
-25.193001
-18.157000
-4.087100
7.973200
16.013000
17.018000
23.049000
26.063999
18.023001
17.018000
18.023001
7.973200
-2.077100
-8.107200
-11.122000
-7.102200
-4.087100
-4.087100
-0.067000
-1.072000
1.943000
0.938020
-2.077100
2.948100
4.958100
5.963100
3.953100
-0.067000
-0.067000
-0.067000
-6.097200
-10.117000
-10.117000
-14.137000
-19.162001
-17.152000
-18.157000
-19.162001
-15.142000
-12.127000
-9.112200
-8.107200
-9.112200
-10.117000
-0.067000
-0.067000
-1.072000
4.958100
8.978200
15.008000
15.008000
14.003000
11.993000
12.998000
12.998000
8.978200
9.983200
18.023001
21.039000
12.998000
15.008000
19.028000
23.049000
18.023001
9.983200
5.963100
1.943000
6.968200
8.978200
8.978200
12.998000
20.034000
25.059000
22.044001
6.968200
3.953100
1.943000
-11.122000
-14.137000
-10.117000
-7.102200
-4.087100
-6.097200
-4.087100
-2.077100
-1.072000
-6.097200
-15.142000
-19.162001
-18.157000
-15.142000
-13.132000
-19.162001
-21.173000
-13.132000
-8.107200
-10.117000
-7.102200
-10.117000
-14.137000
-18.157000
-22.177999
-23.183001
-21.173000
-19.162001
-16.146999
-10.117000
-4.087100
-5.092100
-10.117000
-15.142000
-16.146999
-18.157000
-16.146999
-14.137000
-14.137000
-6.097200
1.943000
12.998000
25.059000
16.013000
4.958100
4.958100
0.938020
-2.077100
-3.082100
-2.077100
3.953100
7.973200
14.003000
22.044001
23.049000
22.044001
20.034000
20.034000
17.018000
7.973200
5.963100
4.958100
1.943000
4.958100
6.968200
5.963100
7.973200
2.948100
-2.077100
-1.072000
0.938020
-2.077100
-4.087100
2.948100
0.938020
-2.077100
-3.082100
-9.112200
-13.132000
-14.137000
-14.137000
-13.132000
-10.117000
-9.112200
-6.097200
-3.082100
-0.067000
0.938020
-0.067000
0.938020
1.943000
1.943000
2.948100
1.943000
4.958100
2.948100
5.963100
9.983200
10.988000
8.978200
2.948100
3.953100
2.948100
3.953100
3.953100
-0.067000
2.948100
6.968200
7.973200
8.978200
6.968200
4.958100
-1.072000
-7.102200
-12.127000
-13.132000
-14.137000
-11.122000
-4.087100
1.943000
4.958100
6.968200
7.973200
7.973200
6.968200
4.958100
0.938020
-1.072000
5.963100
18.023001
21.039000
22.044001
20.034000
14.003000
11.993000
8.978200
6.968200
5.963100
-3.082100
-6.097200
-2.077100
0.938020
1.943000
6.968200
15.008000
20.034000
21.039000
20.034000
21.039000
12.998000
7.973200
8.978200
7.973200
10.988000
19.028000
25.059000
20.034000
14.003000
15.008000
15.008000
11.993000
14.003000
15.008000
6.968200
1.943000
1.943000
-2.077100
-3.082100
-3.082100
0.938020
1.943000
-0.067000
2.948100
0.938020
-1.072000
0.938020
4.958100
1.943000
-6.097200
-12.127000
-10.117000
-9.112200
-13.132000
-14.137000
-14.137000
-13.132000
-7.102200
-2.077100
-0.067000
1.943000
8.978200
10.988000
7.973200
4.958100
-0.067000
-1.072000
0.938020
2.948100
1.943000
0.938020
4.958100
9.983200
9.983200
11.993000
17.018000
16.013000
11.993000
14.003000
16.013000
16.013000
9.983200
6.968200
6.968200
7.973200
9.983200
11.993000
8.978200
9.983200
14.003000
10.988000
4.958100
6.968200
9.983200
12.998000
7.973200
4.958100
7.973200
9.983200
14.003000
14.003000
19.028000
24.054001
14.003000
6.968200
3.953100
7.973200
9.983200
1.943000
-0.067000
1.943000
3.953100
6.968200
5.963100
7.973200
5.963100
5.963100
9.983200
10.988000
4.958100
-0.067000
-2.077100
2.948100
8.978200
16.013000
20.034000
19.028000
15.008000
12.998000
5.963100
-1.072000
-5.092100
2.948100
2.948100
-5.092100
-10.117000
-19.162001
-16.146999
1.943000
-0.067000
0.938020
17.018000
8.978200
2.948100
4.958100
0.938020
-4.087100
-5.092100
-12.127000
-14.137000
-12.127000
-12.127000
-10.117000
-9.112200
-10.117000
-2.077100
3.953100
6.968200
3.953100
4.958100
12.998000
11.993000
12.998000
5.963100
-0.067000
-3.082100
-5.092100
-3.082100
1.943000
7.973200
4.958100
-0.067000
1.943000
5.963100
9.983200
14.003000
12.998000
9.983200
4.958100
7.973200
12.998000
11.993000
6.968200
3.953100
3.953100
6.968200
18.023001
20.034000
19.028000
21.039000
16.013000
10.988000
4.958100
-0.067000
-0.067000
-3.082100
-2.077100
2.948100
9.983200
10.988000
7.973200
2.948100
-2.077100
1.943000
4.958100
-2.077100
-4.087100
-1.072000
2.948100
4.958100
4.958100
6.968200
5.963100
4.958100
3.953100
-3.082100
-4.087100
2.948100
5.963100
1.943000
-1.072000
-4.087100
-8.107200
-8.107200
-8.107200
-18.157000
-21.173000
-15.142000
-14.137000
-10.117000
-10.117000
-10.117000
-13.132000
-19.162001
-19.162001
-8.107200
-3.082100
-11.122000
-13.132000
-12.127000
-13.132000
-15.142000
-19.162001
-18.157000
-14.137000
-10.117000
-5.092100
-6.097200
-7.102200
-7.102200
-1.072000
-2.077100
-4.087100
-2.077100
0.938020
2.948100
-0.067000
1.943000
8.978200
6.968200
2.948100
0.938020
5.963100
0.938020
1.943000
5.963100
3.953100
0.938020
4.958100
0.938020
3.953100
8.978200
7.973200
-6.097200
-2.077100
12.998000
10.988000
6.968200
9.983200
5.963100
12.998000
12.998000
6.968200
-3.082100
-11.122000
-3.082100
-0.067000
-8.107200
-6.097200
-2.077100
0.938020
-0.067000
-6.097200
-9.112200
-14.137000
-15.142000
-16.146999
-13.132000
-7.102200
-3.082100
-0.067000
5.963100
11.993000
15.008000
8.978200
2.948100
1.943000
4.958100
1.943000
-3.082100
1.943000
1.943000
-2.077100
0.938020
-0.067000
3.953100
14.003000
10.988000
4.958100
3.953100
-2.077100
-5.092100
-6.097200
-6.097200
-9.112200
-6.097200
-0.067000
1.943000
3.953100
4.958100
1.943000
0.938020
4.958100
2.948100
-0.067000
4.958100
7.973200
12.998000
16.013000
15.008000
20.034000
18.023001
4.958100
-0.067000
-4.087100
-12.127000
-12.127000
-6.097200
1.943000
5.963100
8.978200
16.013000
14.003000
7.973200
2.948100
1.943000
5.963100
2.948100
-3.082100
-8.107200
-7.102200
-5.092100
-0.067000
10.988000
10.988000
5.963100
1.943000
-0.067000
0.938020
3.953100
-0.067000
-9.112200
-6.097200
-10.117000
