1.015200
-5.076100
-6.091400
-2.030500
1.015200
3.045700
7.106600
11.168000
12.183000
13.198000
11.168000
7.106600
3.045700
0.000000
-1.015200
-3.045700
1.015200
3.045700
8.121800
10.152000
10.152000
12.183000
8.121800
1.015200
-6.091400
-8.121800
-2.030500
1.015200
6.091400
8.121800
12.183000
15.228000
17.259001
20.305000
19.289000
12.183000
1.015200
-1.015200
5.076100
7.106600
8.121800
8.121800
9.137100
12.183000
16.243999
17.259001
18.274000
16.243999
10.152000
4.060900
5.076100
5.076100
2.030500
5.076100
10.152000
15.228000
18.274000
17.259001
8.121800
7.106600
11.168000
12.183000
9.137100
11.168000
16.243999
20.305000
21.320000
16.243999
15.228000
15.228000
13.198000
7.106600
3.045700
9.137100
11.168000
10.152000
17.259001
15.228000
8.121800
8.121800
10.152000
12.183000
18.274000
20.305000
17.259001
17.259001
12.183000
12.183000
11.168000
7.106600
1.015200
0.000000
4.060900
5.076100
5.076100
3.045700
8.121800
14.213000
10.152000
11.168000
11.168000
15.228000
20.305000
22.334999
24.365000
23.350000
25.381001
28.426001
27.410999
22.334999
21.320000
22.334999
25.381001
26.396000
22.334999
18.274000
17.259001
24.365000
26.396000
22.334999
22.334999
17.259001
16.243999
13.198000
7.106600
5.076100
2.030500
7.106600
7.106600
9.137100
12.183000
12.183000
14.213000
9.137100
4.060900
4.060900
-6.091400
-10.152000
-7.106600
-8.121800
-8.121800
-4.060900
-3.045700
0.000000
2.030500
1.015200
-2.030500
-2.030500
-5.076100
-12.183000
-12.183000
-16.243999
-18.274000
-15.228000
-11.168000
-8.121800
-12.183000
-11.168000
-13.198000
-11.168000
-9.137100
-9.137100
-9.137100
-8.121800
-6.091400
-8.121800
-14.213000
-16.243999
-20.305000
-18.274000
-12.183000
-10.152000
-10.152000
-13.198000
-9.137100
0.000000
2.030500
-2.030500
-8.121800
-11.168000
-8.121800
-8.121800
-5.076100
-4.060900
-8.121800
-7.106600
-4.060900
-2.030500
-2.030500
-3.045700
-5.076100
3.045700
6.091400
1.015200
-4.060900
-4.060900
2.030500
3.045700
0.000000
-1.015200
-10.152000
-11.168000
-11.168000
-10.152000
-8.121800
-3.045700
-6.091400
-10.152000
-4.060900
1.015200
-3.045700
-3.045700
2.030500
-3.045700
-8.121800
-5.076100
5.076100
2.030500
0.000000
1.015200
-2.030500
-4.060900
-2.030500
4.060900
3.045700
-3.045700
-3.045700
-3.045700
-1.015200
-1.015200
1.015200
6.091400
2.030500
1.015200
0.000000
3.045700
9.137100
12.183000
13.198000
6.091400
-2.030500
0.000000
0.000000
-1.015200
-1.015200
-4.060900
1.015200
10.152000
7.106600
5.076100
12.183000
14.213000
5.076100
5.076100
3.045700
1.015200
4.060900
6.091400
5.076100
-2.030500
-6.091400
-4.060900
3.045700
8.121800
4.060900
0.000000
1.015200
4.060900
5.076100
6.091400
9.137100
15.228000
13.198000
11.168000
8.121800
8.121800
9.137100
11.168000
12.183000
10.152000
12.183000
12.183000
14.213000
15.228000
16.243999
16.243999
13.198000
14.213000
13.198000
16.243999
18.274000
14.213000
14.213000
12.183000
10.152000
8.121800
11.168000
11.168000
15.228000
16.243999
12.183000
10.152000
7.106600
7.106600
8.121800
7.106600
8.121800
3.045700
5.076100
11.168000
11.168000
7.106600
1.015200
-4.060900
-5.076100
-4.060900
-2.030500
2.030500
-3.045700
0.000000
9.137100
10.152000
8.121800
6.091400
7.106600
11.168000
7.106600
9.137100
9.137100
7.106600
4.060900
2.030500
0.000000
0.000000
-4.060900
-10.152000
-9.137100
-10.152000
-4.060900
3.045700
0.000000
-1.015200
-7.106600
-15.228000
-21.320000
-22.334999
-21.320000
-16.243999
-10.152000
-9.137100
-6.091400
-4.060900
-7.106600
-9.137100
-18.274000
-23.350000
-25.381001
-23.350000
-16.243999
-12.183000
-11.168000
-9.137100
-8.121800
-5.076100
-5.076100
-2.030500
-3.045700
-6.091400
-7.106600
-7.106600
-10.152000
-10.152000
-7.106600
-6.091400
-4.060900
2.030500
1.015200
-3.045700
-4.060900
-4.060900
-3.045700
-2.030500
-2.030500
-7.106600
-12.183000
-14.213000
-17.259001
-12.183000
-4.060900
0.000000
-3.045700
-1.015200
2.030500
3.045700
-1.015200
-7.106600
-12.183000
-21.320000
-25.381001
-25.381001
-21.320000
-17.259001
-14.213000
-15.228000
-13.198000
-11.168000
-8.121800
-6.091400
-4.060900
-1.015200
0.000000
-3.045700
-4.060900
-4.060900
-3.045700
-1.015200
2.030500
0.000000
-2.030500
2.030500
6.091400
4.060900
-6.091400
-4.060900
-4.060900
-10.152000
-10.152000
-9.137100
-10.152000
-9.137100
-12.183000
-7.106600
-7.106600
-11.168000
-10.152000
1.015200
4.060900
-5.076100
-9.137100
-12.183000
-16.243999
-12.183000
-10.152000
-5.076100
-3.045700
-3.045700
-5.076100
-5.076100
-6.091400
-12.183000
-9.137100
-4.060900
-5.076100
1.015200
6.091400
-1.015200
-7.106600
-6.091400
-4.060900
2.030500
2.030500
-1.015200
2.030500
3.045700
6.091400
4.060900
1.015200
6.091400
9.137100
9.137100
6.091400
2.030500
5.076100
5.076100
-1.015200
-3.045700
-1.015200
-4.060900
-8.121800
-6.091400
-8.121800
-10.152000
-7.106600
-8.121800
-7.106600
-4.060900
-1.015200
-1.015200
6.091400
3.045700
-2.030500
0.000000
4.060900
8.121800
6.091400
6.091400
5.076100
8.121800
11.168000
13.198000
17.259001
22.334999
21.320000
13.198000
13.198000
17.259001
20.305000
16.243999
9.137100
7.106600
2.030500
5.076100
5.076100
6.091400
7.106600
10.152000
16.243999
16.243999
6.091400
4.060900
3.045700
-6.091400
-7.106600
-4.060900
-2.030500
0.000000
-4.060900
-7.106600
-9.137100
-7.106600
-7.106600
-12.183000
-17.259001
-18.274000
-16.243999
-12.183000
-13.198000
-16.243999
-12.183000
-12.183000
-16.243999
-15.228000
-16.243999
-18.274000
-19.289000
-21.320000
-20.305000
-12.183000
-7.106600
-6.091400
-6.091400
-7.106600
-11.168000
-15.228000
-17.259001
-14.213000
-12.183000
-8.121800
-1.015200
2.030500
8.121800
9.137100
10.152000
17.259001
9.137100
-1.015200
-3.045700
-7.106600
-6.091400
-4.060900
-4.060900
0.000000
3.045700
7.106600
10.152000
11.168000
12.183000
11.168000
10.152000
10.152000
5.076100
2.030500
2.030500
2.030500
4.060900
5.076100
2.030500
1.015200
-4.060900
-8.121800
-8.121800
-5.076100
-6.091400
-5.076100
1.015200
-3.045700
-7.106600
-5.076100
-6.091400
-8.121800
-10.152000
-10.152000
-9.137100
-5.076100
-4.060900
-3.045700
-3.045700
-1.015200
-2.030500
-4.060900
-2.030500
-3.045700
-2.030500
2.030500
5.076100
7.106600
5.076100
6.091400
8.121800
8.121800
6.091400
1.015200
2.030500
6.091400
10.152000
10.152000
4.060900
4.060900
7.106600
6.091400
5.076100
3.045700
1.015200
-2.030500
-4.060900
-6.091400
-5.076100
-8.121800
-7.106600
-2.030500
0.000000
-1.015200
0.000000
1.015200
1.015200
0.000000
-1.015200
0.000000
-1.015200
4.060900
11.168000
11.168000
10.152000
7.106600
2.030500
3.045700
4.060900
4.060900
3.045700
-2.030500
-3.045700
1.015200
3.045700
0.000000
1.015200
8.121800
12.183000
13.198000
14.213000
18.274000
16.243999
16.243999
15.228000
11.168000
11.168000
16.243999
19.289000
13.198000
7.106600
7.106600
7.106600
9.137100
16.243999
19.289000
12.183000
8.121800
7.106600
1.015200
2.030500
2.030500
5.076100
7.106600
9.137100
15.228000
12.183000
12.183000
14.213000
16.243999
15.228000
9.137100
2.030500
0.000000
-1.015200
-4.060900
-6.091400
-9.137100
-10.152000
-5.076100
1.015200
4.060900
5.076100
10.152000
9.137100
6.091400
5.076100
1.015200
-1.015200
0.000000
4.060900
7.106600
4.060900
8.121800
14.213000
14.213000
13.198000
14.213000
12.183000
11.168000
14.213000
15.228000
15.228000
15.228000
16.243999
16.243999
16.243999
18.274000
19.289000
15.228000
13.198000
13.198000
10.152000
4.060900
4.060900
7.106600
11.168000
9.137100
9.137100
11.168000
11.168000
11.168000
9.137100
11.168000
14.213000
9.137100
6.091400
5.076100
9.137100
11.168000
5.076100
4.060900
5.076100
7.106600
10.152000
9.137100
8.121800
5.076100
7.106600
12.183000
16.243999
13.198000
8.121800
2.030500
4.060900
7.106600
7.106600
9.137100
12.183000
13.198000
11.168000
5.076100
-2.030500
-5.076100
1.015200
2.030500
-8.121800
-13.198000
-21.320000
-19.289000
-3.045700
-6.091400
-9.137100
6.091400
4.060900
1.015200
5.076100
1.015200
-3.045700
-5.076100
-13.198000
-17.259001
-17.259001
-16.243999
-13.198000
-11.168000
-11.168000
-2.030500
7.106600
12.183000
8.121800
6.091400
10.152000
6.091400
7.106600
5.076100
3.045700
1.015200
0.000000
0.000000
3.045700
6.091400
8.121800
10.152000
15.228000
18.274000
19.289000
18.274000
14.213000
11.168000
5.076100
6.091400
9.137100
11.168000
8.121800
8.121800
9.137100
9.137100
15.228000
17.259001
14.213000
14.213000
12.183000
13.198000
11.168000
9.137100
10.152000
11.168000
12.183000
16.243999
23.350000
22.334999
18.274000
11.168000
5.076100
8.121800
13.198000
7.106600
2.030500
1.015200
4.060900
6.091400
6.091400
8.121800
11.168000
10.152000
6.091400
1.015200
-1.015200
3.045700
6.091400
2.030500
0.000000
0.000000
-4.060900
-6.091400
-8.121800
-16.243999
-18.274000
-16.243999
-16.243999
-13.198000
-14.213000
-15.228000
-15.228000
-18.274000
-17.259001
-11.168000
-8.121800
-13.198000
-14.213000
-13.198000
-12.183000
-13.198000
-16.243999
-14.213000
-7.106600
0.000000
3.045700
1.015200
-1.015200
-4.060900
-2.030500
-4.060900
-6.091400
-3.045700
1.015200
2.030500
-3.045700
0.000000
10.152000
11.168000
7.106600
6.091400
9.137100
4.060900
5.076100
6.091400
1.015200
-2.030500
1.015200
-4.060900
-2.030500
5.076100
5.076100
-8.121800
-4.060900
12.183000
9.137100
6.091400
6.091400
-2.030500
0.000000
-1.015200
-6.091400
-11.168000
-16.243999
-11.168000
-8.121800
-14.213000
-14.213000
-14.213000
-14.213000
-14.213000
-17.259001
-20.305000
-22.334999
-20.305000
-16.243999
-15.228000
-10.152000
-6.091400
-1.015200
4.060900
9.137100
10.152000
7.106600
7.106600
6.091400
5.076100
3.045700
3.045700
10.152000
10.152000
7.106600
9.137100
3.045700
2.030500
10.152000
11.168000
11.168000
10.152000
7.106600
6.091400
7.106600
5.076100
-1.015200
-3.045700
2.030500
4.060900
4.060900
2.030500
-1.015200
1.015200
6.091400
3.045700
-3.045700
3.045700
10.152000
13.198000
11.168000
9.137100
13.198000
12.183000
6.091400
5.076100
5.076100
0.000000
2.030500
7.106600
10.152000
9.137100
6.091400
5.076100
-3.045700
-7.106600
-5.076100
-3.045700
-1.015200
-4.060900
-7.106600
-10.152000
-9.137100
-10.152000
-9.137100
-3.045700
-6.091400
-10.152000
-10.152000
-11.168000
-8.121800
1.015200
3.045700
-5.076100
-3.045700
-6.091400
