13.591000
1.996800
-5.732700
-5.732700
-13.462000
-23.124001
-20.225000
-8.631200
6.827700
23.253000
30.982000
26.150999
16.490000
8.760100
-0.901770
-12.496000
-15.395000
-12.496000
-0.901770
8.760100
20.354000
33.881001
34.847000
26.150999
9.726200
-6.698900
-12.496000
-20.225000
-22.158001
-15.395000
2.963000
22.287001
31.948000
33.881001
30.982000
22.287001
6.827700
-5.732700
-15.395000
-28.921000
-32.785999
-20.225000
0.064410
24.219000
41.610001
42.576000
30.982000
17.455999
1.030600
-17.327000
-34.717999
-47.278999
-45.346001
-22.158001
3.929100
26.150999
37.745998
31.948000
13.591000
1.030600
-2.834100
-15.395000
-29.886999
-32.785999
-26.989000
-13.462000
2.963000
6.827700
10.692000
8.760100
3.929100
-4.766500
-4.766500
0.064410
-6.698900
-12.496000
0.064410
13.591000
14.557000
17.455999
24.219000
24.219000
28.084000
25.184999
13.591000
10.692000
3.929100
8.760100
13.591000
12.625000
7.793900
8.760100
16.490000
20.354000
20.354000
10.692000
6.827700
5.861500
-0.901770
1.996800
9.726200
22.287001
28.084000
23.253000
13.591000
-3.800300
-9.597400
-6.698900
-3.800300
0.064410
8.760100
17.455999
28.084000
29.049999
18.422001
8.760100
1.030600
1.030600
2.963000
3.929100
7.793900
10.692000
16.490000
18.422001
13.591000
12.625000
7.793900
5.861500
-0.901770
-0.901770
5.861500
15.523000
26.150999
25.184999
21.320000
18.422001
5.861500
-2.834100
-8.631200
-14.428000
-9.597400
-2.834100
2.963000
12.625000
18.422001
17.455999
11.659000
7.793900
-2.834100
-15.395000
-14.428000
-15.395000
-8.631200
8.760100
22.287001
28.084000
18.422001
6.827700
-14.428000
-27.955000
-29.886999
-26.989000
-15.395000
-6.698900
0.064410
1.996800
-4.766500
-6.698900
-16.361000
-23.124001
-21.191999
-28.921000
-34.717999
-33.751999
-22.158001
-0.901770
9.726200
6.827700
0.064410
-6.698900
-9.597400
-11.530000
-10.564000
-8.631200
-4.766500
2.963000
12.625000
15.523000
11.659000
11.659000
3.929100
0.064410
-2.834100
-5.732700
-1.868000
10.692000
26.150999
30.016001
24.219000
16.490000
2.963000
0.064410
-6.698900
-14.428000
-16.361000
-7.665100
-4.766500
-0.901770
11.659000
19.388000
11.659000
5.861500
4.895300
-9.597400
-18.292999
-11.530000
1.030600
-0.901770
-0.901770
1.030600
0.064410
0.064410
0.064410
-2.834100
-12.496000
-25.056000
-23.124001
-14.428000
-6.698900
1.030600
12.625000
26.150999
25.184999
20.354000
10.692000
-0.901770
-15.395000
-17.327000
-1.868000
10.692000
10.692000
15.523000
16.490000
16.490000
15.523000
6.827700
6.827700
16.490000
9.726200
2.963000
5.861500
8.760100
2.963000
7.793900
6.827700
1.030600
2.963000
6.827700
5.861500
0.064410
-2.834100
-5.732700
0.064410
3.929100
1.030600
1.996800
11.659000
21.320000
21.320000
15.523000
11.659000
8.760100
3.929100
1.996800
1.030600
4.895300
3.929100
-2.834100
-6.698900
-7.665100
-6.698900
-7.665100
-2.834100
1.996800
5.861500
6.827700
6.827700
10.692000
8.760100
4.895300
-0.901770
-6.698900
-3.800300
1.030600
7.793900
18.422001
28.084000
25.184999
26.150999
21.320000
5.861500
-9.597400
-24.090000
-31.820000
-24.090000
-9.597400
9.726200
22.287001
32.915001
35.813000
25.184999
14.557000
1.996800
-12.496000
-17.327000
-18.292999
-15.395000
1.030600
15.523000
29.049999
39.678001
34.847000
27.118000
20.354000
10.692000
3.929100
-6.698900
-11.530000
-12.496000
-1.868000
17.455999
41.610001
50.306000
48.374001
33.881001
8.760100
-4.766500
-18.292999
-22.158001
-30.853001
-45.346001
-32.785999
-14.428000
4.895300
16.490000
24.219000
20.354000
13.591000
1.030600
-20.225000
-39.549000
-51.143002
-54.042000
-41.480999
-31.820000
-23.124001
-17.327000
-17.327000
-14.428000
-14.428000
-14.428000
-13.462000
-15.395000
-22.158001
-27.955000
-20.225000
-10.564000
-10.564000
-15.395000
-16.361000
-16.361000
-8.631200
1.030600
3.929100
1.030600
3.929100
0.064410
-5.732700
-8.631200
-15.395000
-14.428000
-3.800300
5.861500
8.760100
8.760100
1.996800
-7.665100
-4.766500
1.996800
6.827700
3.929100
-0.901770
-5.732700
-6.698900
1.996800
6.827700
13.591000
8.760100
-2.834100
-12.496000
-19.259001
-26.989000
-30.853001
-30.853001
-23.124001
-14.428000
-3.800300
5.861500
12.625000
12.625000
2.963000
-6.698900
-14.428000
-24.090000
-35.683998
-42.448002
-36.651001
-28.921000
-22.158001
-13.462000
-4.766500
-7.665100
-22.158001
-28.921000
-34.717999
-43.414001
-40.514999
-35.683998
-27.955000
-13.462000
-6.698900
-2.834100
-8.631200
-15.395000
-14.428000
1.030600
9.726200
-3.800300
-11.530000
-9.597400
-7.665100
3.929100
3.929100
-0.901770
-2.834100
-2.834100
1.030600
6.827700
14.557000
14.557000
18.422001
17.455999
4.895300
7.793900
17.455999
17.455999
16.490000
5.861500
-11.530000
-20.225000
-23.124001
-16.361000
-3.800300
1.030600
7.793900
5.861500
1.996800
1.030600
-4.766500
-6.698900
-4.766500
-8.631200
-11.530000
-13.462000
-15.395000
-7.665100
3.929100
7.793900
1.996800
1.996800
-3.800300
-7.665100
-5.732700
-4.766500
2.963000
6.827700
5.861500
5.861500
21.320000
24.219000
18.422001
15.523000
14.557000
16.490000
18.422001
24.219000
22.287001
18.422001
16.490000
19.388000
28.084000
34.847000
33.881001
21.320000
18.422001
18.422001
21.320000
22.287001
18.422001
15.523000
5.861500
1.996800
-0.901770
2.963000
11.659000
25.184999
36.778999
37.745998
22.287001
13.591000
2.963000
-21.191999
-29.886999
-23.124001
-17.327000
-9.597400
-3.800300
8.760100
14.557000
15.523000
8.760100
-1.868000
-8.631200
-11.530000
-12.496000
-15.395000
-26.023001
-37.617001
-31.820000
-13.462000
1.030600
12.625000
7.793900
-1.868000
-8.631200
-17.327000
-24.090000
-34.717999
-38.583000
-31.820000
-19.259001
-1.868000
8.760100
6.827700
-0.901770
-6.698900
-14.428000
-22.158001
-26.023001
-33.751999
-35.683998
-26.023001
-1.868000
29.049999
33.881001
23.253000
16.490000
3.929100
-3.800300
-8.631200
-8.631200
-1.868000
3.929100
9.726200
21.320000
28.084000
30.016001
24.219000
18.422001
15.523000
7.793900
1.996800
-3.800300
-2.834100
8.760100
17.455999
20.354000
24.219000
19.388000
11.659000
6.827700
-2.834100
-20.225000
-31.820000
-22.158001
-13.462000
-3.800300
3.929100
1.996800
-1.868000
-6.698900
-8.631200
-14.428000
-14.428000
-22.158001
-26.989000
-17.327000
2.963000
15.523000
21.320000
25.184999
21.320000
16.490000
5.861500
-7.665100
-15.395000
-19.259001
-5.732700
11.659000
22.287001
24.219000
19.388000
11.659000
1.030600
-5.732700
-15.395000
-29.886999
-30.853001
-23.124001
-8.631200
7.793900
19.388000
26.150999
19.388000
8.760100
-1.868000
-6.698900
-19.259001
-36.651001
-38.583000
-26.989000
-6.698900
14.557000
26.150999
30.982000
29.049999
24.219000
13.591000
-2.834100
-8.631200
-4.766500
-6.698900
-0.901770
12.625000
18.422001
21.320000
17.455999
12.625000
7.793900
-7.665100
-24.090000
-30.853001
-26.989000
-16.361000
-0.901770
15.523000
23.253000
22.287001
12.625000
3.929100
-10.564000
-18.292999
-16.361000
-13.462000
-1.868000
13.591000
25.184999
21.320000
11.659000
8.760100
1.996800
-6.698900
-10.564000
-13.462000
-24.090000
-27.955000
-18.292999
-9.597400
-0.901770
10.692000
16.490000
13.591000
9.726200
7.793900
-2.834100
-18.292999
-31.820000
-36.651001
-38.583000
-35.683998
-26.023001
-9.597400
4.895300
13.591000
19.388000
16.490000
8.760100
3.929100
-2.834100
-8.631200
-7.665100
-0.901770
0.064410
0.064410
1.996800
2.963000
6.827700
15.523000
21.320000
21.320000
14.557000
15.523000
17.455999
8.760100
1.030600
1.030600
-1.868000
-8.631200
-1.868000
4.895300
2.963000
-5.732700
-7.665100
-2.834100
1.030600
5.861500
6.827700
1.030600
2.963000
9.726200
11.659000
13.591000
20.354000
18.422001
10.692000
-0.901770
1.030600
8.760100
9.726200
3.929100
-3.800300
6.827700
24.219000
25.184999
24.219000
15.523000
10.692000
8.760100
1.030600
1.996800
0.064410
-3.800300
-5.732700
-9.597400
0.064410
11.659000
21.320000
26.150999
24.219000
12.625000
1.996800
-5.732700
-6.698900
1.996800
15.523000
22.287001
19.388000
17.455999
18.422001
12.625000
7.793900
4.895300
10.692000
6.827700
-6.698900
-12.496000
-17.327000
-8.631200
14.557000
15.523000
17.455999
30.982000
22.287001
17.455999
19.388000
15.523000
11.659000
6.827700
-4.766500
-9.597400
-6.698900
-7.665100
-5.732700
-1.868000
-0.901770
6.827700
8.760100
6.827700
-3.800300
-10.564000
-8.631200
-9.597400
-5.732700
-5.732700
-3.800300
3.929100
7.793900
8.760100
7.793900
4.895300
-5.732700
-16.361000
-17.327000
-14.428000
-7.665100
2.963000
12.625000
20.354000
16.490000
12.625000
8.760100
2.963000
-4.766500
-12.496000
-18.292999
-22.158001
-13.462000
-0.901770
14.557000
30.982000
32.915001
27.118000
14.557000
2.963000
-6.698900
-20.225000
-31.820000
-38.583000
-39.549000
-29.886999
-10.564000
8.760100
20.354000
23.253000
15.523000
-0.901770
-8.631200
-13.462000
-21.191999
-26.989000
-25.056000
-7.665100
6.827700
11.659000
19.388000
18.422001
16.490000
20.354000
22.287001
15.523000
3.929100
-5.732700
-13.462000
-15.395000
-7.665100
-3.800300
5.861500
18.422001
18.422001
15.523000
5.861500
-2.834100
-9.597400
-17.327000
-15.395000
-3.800300
7.793900
12.625000
17.455999
14.557000
5.861500
-0.901770
-8.631200
-6.698900
-3.800300
-2.834100
4.895300
13.591000
16.490000
17.455999
22.287001
8.760100
-9.597400
-16.361000
-18.292999
-11.530000
-4.766500
4.895300
12.625000
13.591000
11.659000
10.692000
10.692000
0.064410
-5.732700
-7.665100
-13.462000
-22.158001
-21.191999
-20.225000
-3.800300
16.490000
27.118000
19.388000
20.354000
23.253000
5.861500
-9.597400
-11.530000
-14.428000
-6.698900
-6.698900
-5.732700
-3.800300
-0.901770
13.591000
24.219000
16.490000
6.827700
-6.698900
-13.462000
-15.395000
-13.462000
-7.665100
-3.800300
-4.766500
-8.631200
-7.665100
-3.800300
-0.901770
-2.834100
-6.698900
-1.868000
6.827700
7.793900
3.929100
-3.800300
-3.800300
-5.732700
-9.597400
-3.800300
-4.766500
-10.564000
-8.631200
-10.564000
-0.901770
19.388000
29.049999
27.118000
18.422001
-0.901770
-12.496000
-17.327000
-18.292999
-18.292999
-15.395000
-3.800300
10.692000
27.118000
33.881001
28.084000
24.219000
18.422001
2.963000
-14.428000
-18.292999
-19.259001
-11.530000
0.064410
12.625000
32.915001
36.778999
21.320000
13.591000
2.963000
-12.496000
-22.158001
-25.056000
-24.090000
-18.292999
-10.564000
9.726200
26.150999
31.948000
29.049999
24.219000
19.388000
6.827700
-4.766500
-14.428000
-15.395000
-10.564000
4.895300
21.320000
30.016001
31.948000
24.219000
10.692000
4.895300
-0.901770
-7.665100
-12.496000
-0.901770
1.996800
