18.785000
7.947500
2.036100
1.050900
-9.786500
-23.580000
-21.608999
-10.772000
4.991800
23.711000
34.548000
30.608000
20.754999
13.859000
4.006600
-10.772000
-18.653999
-18.653999
-9.786500
-0.919540
13.859000
28.636999
30.608000
24.695999
10.903000
-3.875200
-8.801300
-16.683001
-16.683001
-8.801300
8.932700
27.652000
35.534000
35.534000
29.622000
17.799999
2.036100
-8.801300
-12.742000
-18.653999
-16.683001
-6.830900
6.962200
24.695999
38.488998
38.488998
27.652000
13.859000
-2.890000
-23.580000
-41.313999
-51.166000
-41.313999
-10.772000
17.799999
37.504002
45.386002
36.519001
13.859000
-2.890000
-11.757000
-27.521000
-44.269001
-47.224998
-38.358002
-16.683001
6.962200
16.813999
21.740999
16.813999
5.977000
-6.830900
-9.786500
-9.786500
-17.667999
-19.639000
-1.904800
14.844000
15.829000
19.770000
25.681000
23.711000
26.667000
22.726000
10.903000
6.962200
-1.904800
4.991800
11.888000
7.947500
2.036100
5.977000
15.829000
18.785000
15.829000
5.977000
2.036100
4.991800
2.036100
9.917900
18.785000
26.667000
26.667000
19.770000
12.874000
-4.860400
-14.713000
-13.727000
-7.816100
-0.919540
13.859000
27.652000
37.504002
33.563000
20.754999
9.917900
4.006600
0.065680
-3.875200
-5.845600
2.036100
9.917900
21.740999
27.652000
24.695999
21.740999
14.844000
6.962200
-4.860400
-4.860400
3.021300
11.888000
24.695999
27.652000
25.681000
23.711000
8.932700
-0.919540
-7.816100
-13.727000
-8.801300
-2.890000
4.006600
15.829000
25.681000
26.667000
17.799999
9.917900
-1.904800
-13.727000
-13.727000
-16.683001
-9.786500
7.947500
23.711000
31.593000
21.740999
11.888000
-5.845600
-17.667999
-24.565001
-26.535000
-20.624001
-12.742000
-5.845600
-0.919540
-3.875200
-3.875200
-11.757000
-18.653999
-16.683001
-25.549999
-34.417000
-37.373001
-26.535000
-5.845600
4.991800
5.977000
3.021300
-0.919540
-2.890000
-5.845600
-8.801300
-9.786500
-7.816100
-2.890000
6.962200
11.888000
11.888000
13.859000
7.947500
6.962200
1.050900
-4.860400
-2.890000
8.932700
20.754999
24.695999
21.740999
21.740999
12.874000
7.947500
-0.919540
-11.757000
-18.653999
-14.713000
-15.698000
-9.786500
7.947500
17.799999
8.932700
0.065680
-0.919540
-12.742000
-21.608999
-17.667999
-5.845600
-5.845600
-0.919540
4.991800
5.977000
6.962200
5.977000
4.006600
-6.830900
-18.653999
-18.653999
-18.653999
-18.653999
-9.786500
8.932700
30.608000
32.577999
25.681000
14.844000
4.006600
-5.845600
-8.801300
0.065680
5.977000
5.977000
6.962200
8.932700
16.813999
17.799999
11.888000
16.813999
29.622000
19.770000
7.947500
2.036100
-2.890000
-11.757000
-0.919540
8.932700
11.888000
16.813999
19.770000
18.785000
10.903000
4.991800
-6.830900
-9.786500
-8.801300
-8.801300
1.050900
18.785000
30.608000
31.593000
26.667000
22.726000
18.785000
9.917900
3.021300
-0.919540
-2.890000
-9.786500
-14.713000
-10.772000
-3.875200
4.006600
4.991800
6.962200
5.977000
5.977000
2.036100
0.065680
4.991800
4.991800
2.036100
-2.890000
-8.801300
-4.860400
2.036100
9.917900
19.770000
28.636999
24.695999
25.681000
20.754999
2.036100
-17.667999
-34.417000
-45.255001
-35.402000
-12.742000
13.859000
28.636999
38.488998
36.519001
19.770000
6.962200
-3.875200
-17.667999
-25.549999
-26.535000
-18.653999
4.006600
22.726000
40.459999
49.327000
42.430000
30.608000
20.754999
9.917900
0.065680
-16.683001
-28.506001
-28.506001
-11.757000
13.859000
38.488998
43.415001
39.474998
25.681000
4.006600
-9.786500
-22.594000
-25.549999
-30.476000
-44.269001
-37.373001
-29.490999
-16.683001
-5.845600
4.006600
4.991800
1.050900
-3.875200
-16.683001
-25.549999
-31.461000
-35.402000
-30.476000
-27.521000
-27.521000
-29.490999
-33.431999
-30.476000
-26.535000
-18.653999
-8.801300
-3.875200
-3.875200
-9.786500
-7.816100
-6.830900
-11.757000
-19.639000
-24.565001
-26.535000
-17.667999
-2.890000
4.991800
3.021300
4.991800
0.065680
-5.845600
-10.772000
-17.667999
-16.683001
-6.830900
4.991800
11.888000
12.874000
5.977000
-3.875200
-2.890000
1.050900
4.991800
4.991800
1.050900
-5.845600
-8.801300
-0.919540
5.977000
12.874000
7.947500
-2.890000
-8.801300
-11.757000
-17.667999
-22.594000
-28.506001
-30.476000
-25.549999
-15.698000
-1.904800
10.903000
14.844000
7.947500
2.036100
-4.860400
-15.698000
-31.461000
-41.313999
-38.358002
-27.521000
-16.683001
-4.860400
2.036100
-3.875200
-17.667999
-15.698000
-18.653999
-27.521000
-26.535000
-28.506001
-30.476000
-20.624001
-10.772000
0.065680
1.050900
-1.904800
-1.904800
10.903000
17.799999
1.050900
-9.786500
-13.727000
-15.698000
-3.875200
0.065680
-0.919540
0.065680
2.036100
4.006600
6.962200
8.932700
4.991800
6.962200
6.962200
-0.919540
6.962200
19.770000
18.785000
13.859000
3.021300
-11.757000
-21.608999
-25.549999
-20.624001
-5.845600
0.065680
5.977000
1.050900
-6.830900
-9.786500
-11.757000
-8.801300
-3.875200
-0.919540
1.050900
-2.890000
-10.772000
-13.727000
-9.786500
-7.816100
-9.786500
-3.875200
-2.890000
0.065680
5.977000
9.917900
14.844000
13.859000
6.962200
1.050900
11.888000
14.844000
12.874000
13.859000
16.813999
22.726000
28.636999
33.563000
31.593000
26.667000
18.785000
13.859000
16.813999
22.726000
27.652000
20.754999
23.711000
28.636999
32.577999
32.577999
26.667000
18.785000
4.991800
-2.890000
-9.786500
-11.757000
-5.845600
13.859000
34.548000
42.430000
28.636999
19.770000
8.932700
-17.667999
-31.461000
-30.476000
-27.521000
-19.639000
-8.801300
10.903000
23.711000
25.681000
17.799999
4.991800
-6.830900
-15.698000
-18.653999
-21.608999
-31.461000
-39.342999
-27.521000
-5.845600
10.903000
21.740999
13.859000
0.065680
-12.742000
-26.535000
-36.388000
-43.284000
-41.313999
-31.461000
-16.683001
4.006600
16.813999
15.829000
6.962200
-1.904800
-12.742000
-23.580000
-34.417000
-52.151001
-62.002998
-52.151001
-17.667999
23.711000
34.548000
27.652000
25.681000
14.844000
5.977000
-3.875200
-7.816100
-7.816100
-12.742000
-8.801300
7.947500
22.726000
32.577999
33.563000
30.608000
29.622000
22.726000
17.799999
8.932700
-4.860400
-5.845600
3.021300
11.888000
23.711000
22.726000
18.785000
16.813999
10.903000
-4.860400
-18.653999
-18.653999
-18.653999
-12.742000
-2.890000
-0.919540
1.050900
0.065680
-2.890000
-8.801300
-9.786500
-13.727000
-17.667999
-13.727000
2.036100
12.874000
16.813999
20.754999
17.799999
11.888000
2.036100
-8.801300
-13.727000
-19.639000
-8.801300
8.932700
20.754999
24.695999
20.754999
13.859000
3.021300
-5.845600
-19.639000
-38.358002
-40.327999
-29.490999
-10.772000
10.903000
21.740999
24.695999
17.799999
10.903000
4.006600
3.021300
-7.816100
-23.580000
-33.431999
-33.431999
-20.624001
1.050900
17.799999
30.608000
33.563000
30.608000
19.770000
4.006600
-0.919540
0.065680
-4.860400
-0.919540
10.903000
18.785000
23.711000
21.740999
17.799999
9.917900
-10.772000
-28.506001
-32.446999
-24.565001
-11.757000
5.977000
22.726000
26.667000
22.726000
13.859000
4.991800
-9.786500
-20.624001
-20.624001
-18.653999
-5.845600
14.844000
31.593000
32.577999
24.695999
20.754999
10.903000
-4.860400
-12.742000
-16.683001
-26.535000
-29.490999
-21.608999
-16.683001
-5.845600
8.932700
18.785000
19.770000
17.799999
16.813999
4.991800
-11.757000
-26.535000
-30.476000
-29.490999
-28.506001
-24.565001
-12.742000
-0.919540
3.021300
4.991800
4.006600
1.050900
0.065680
-5.845600
-14.713000
-13.727000
-3.875200
-0.919540
-0.919540
4.006600
4.991800
9.917900
17.799999
22.726000
21.740999
12.874000
9.917900
6.962200
0.065680
-2.890000
2.036100
4.006600
0.065680
4.991800
9.917900
6.962200
-1.904800
-4.860400
-2.890000
-0.919540
0.065680
-1.904800
-9.786500
-3.875200
10.903000
18.785000
23.711000
27.652000
21.740999
8.932700
-7.816100
-14.713000
-13.727000
-7.816100
-0.919540
2.036100
19.770000
39.474998
36.519001
29.622000
15.829000
4.991800
-2.890000
-14.713000
-17.667999
-16.683001
-14.713000
-4.860400
2.036100
18.785000
32.577999
36.519001
33.563000
24.695999
7.947500
-5.845600
-15.698000
-18.653999
-13.727000
3.021300
20.754999
27.652000
30.608000
35.534000
31.593000
20.754999
8.932700
4.991800
-6.830900
-24.565001
-27.521000
-24.565001
-6.830900
21.740999
21.740999
19.770000
32.577999
22.726000
12.874000
8.932700
2.036100
-0.919540
-1.904800
-10.772000
-13.727000
-9.786500
-8.801300
-5.845600
-3.875200
-3.875200
5.977000
8.932700
4.991800
-8.801300
-18.653999
-10.772000
-3.875200
7.947500
7.947500
4.991800
4.006600
5.977000
5.977000
4.991800
2.036100
-9.786500
-22.594000
-21.608999
-10.772000
2.036100
14.844000
19.770000
22.726000
17.799999
14.844000
14.844000
9.917900
-4.860400
-18.653999
-28.506001
-31.461000
-17.667999
-1.904800
16.813999
35.534000
38.488998
31.593000
17.799999
4.991800
-5.845600
-21.608999
-32.446999
-36.388000
-32.446999
-23.580000
-12.742000
3.021300
14.844000
23.711000
22.726000
10.903000
4.991800
-2.890000
-12.742000
-20.624001
-21.608999
-9.786500
0.065680
7.947500
19.770000
20.754999
22.726000
28.636999
29.622000
18.785000
3.021300
-5.845600
-10.772000
-9.786500
-7.816100
-12.742000
-8.801300
5.977000
9.917900
12.874000
10.903000
7.947500
2.036100
-8.801300
-12.742000
-9.786500
-3.875200
-1.904800
5.977000
11.888000
10.903000
8.932700
3.021300
1.050900
-4.860400
-9.786500
-3.875200
5.977000
9.917900
8.932700
13.859000
6.962200
-0.919540
-2.890000
-3.875200
1.050900
5.977000
9.917900
10.903000
3.021300
-1.904800
-2.890000
1.050900
-2.890000
-3.875200
0.065680
0.065680
-2.890000
1.050900
-3.875200
-1.904800
4.991800
6.962200
-5.845600
-2.890000
8.932700
4.991800
4.006600
10.903000
11.888000
20.754999
17.799999
4.991800
-11.757000
-23.580000
-13.727000
-0.919540
-1.904800
-0.919540
-2.890000
1.050900
5.977000
5.977000
4.006600
-3.875200
-17.667999
-28.506001
-29.490999
-18.653999
-7.816100
0.065680
5.977000
16.813999
24.695999
17.799999
5.977000
-9.786500
-19.639000
-26.535000
-26.535000
-10.772000
-0.919540
1.050900
6.962200
6.962200
12.874000
26.667000
28.636999
18.785000
4.006600
-16.683001
-22.594000
-20.624001
-15.698000
-9.786500
-0.919540
8.932700
16.813999
21.740999
19.770000
9.917900
6.962200
7.947500
-1.904800
-15.698000
-14.713000
-10.772000
1.050900
13.859000
23.711000
39.474998
36.519001
12.874000
2.036100
-8.801300
-23.580000
-28.506001
-25.549999
-20.624001
-11.757000
1.050900
24.695999
39.474998
38.488998
26.667000
16.813999
13.859000
3.021300
-13.727000
-28.506001
-29.490999
-19.639000
4.006600
28.636999
38.488998
34.548000
22.726000
8.932700
3.021300
-3.875200
-10.772000
-16.683001
-7.816100
-8.801300
