15.776000
7.854800
3.894400
4.884500
-3.036300
-10.957000
-4.026400
6.864700
13.795000
20.726000
24.686001
21.716000
14.785000
7.854800
0.924090
-10.957000
-11.947000
-5.016500
5.874600
10.825000
16.766001
24.686001
23.695999
17.756001
6.864700
-5.016500
-6.996700
-9.967000
-6.996700
2.904300
17.756001
27.657000
28.646999
30.627001
30.627001
19.736000
0.924090
-9.967000
-11.947000
-13.927000
-7.986800
2.904300
14.785000
25.677000
33.597000
33.597000
24.686001
13.795000
1.914200
-13.927000
-25.809000
-30.759001
-22.837999
-1.056100
17.756001
32.606998
37.557999
28.646999
6.864700
-7.986800
-12.937000
-20.858000
-28.778999
-29.768999
-23.827999
-7.986800
8.844900
14.785000
19.736000
15.776000
7.854800
-5.016500
-11.947000
-10.957000
-16.898001
-17.888000
-0.066010
14.785000
13.795000
15.776000
21.716000
21.716000
22.705999
18.746000
10.825000
5.874600
-1.056100
4.884500
9.835000
4.884500
-2.046200
-0.066010
7.854800
11.815000
8.844900
-1.056100
-3.036300
3.894400
5.874600
13.795000
19.736000
23.695999
21.716000
15.776000
10.825000
-4.026400
-12.937000
-8.976900
0.924090
8.844900
19.736000
26.667000
33.597000
30.627001
19.736000
10.825000
3.894400
4.884500
2.904300
0.924090
8.844900
11.815000
18.746000
20.726000
17.756001
14.785000
6.864700
4.884500
-2.046200
1.914200
9.835000
14.785000
19.736000
16.766001
13.795000
11.815000
-3.036300
-10.957000
-14.917000
-18.878000
-11.947000
-2.046200
5.874600
14.785000
18.746000
15.776000
9.835000
3.894400
-5.016500
-12.937000
-9.967000
-10.957000
-6.006600
8.844900
16.766001
16.766001
8.844900
2.904300
-10.957000
-20.858000
-24.818001
-24.818001
-16.898001
-7.986800
-1.056100
-1.056100
-8.976900
-13.927000
-22.837999
-25.809000
-22.837999
-26.799000
-31.749001
-32.738998
-18.878000
1.914200
9.835000
6.864700
-0.066010
-6.006600
-7.986800
-9.967000
-7.986800
-6.006600
-6.006600
-0.066010
6.864700
12.805000
10.825000
6.864700
-1.056100
-0.066010
-2.046200
-4.026400
-4.026400
4.884500
16.766001
19.736000
17.756001
14.785000
3.894400
0.924090
-6.006600
-11.947000
-13.927000
-9.967000
-13.927000
-10.957000
2.904300
10.825000
2.904300
-4.026400
-3.036300
-12.937000
-18.878000
-11.947000
0.924090
5.874600
7.854800
6.864700
2.904300
0.924090
1.914200
3.894400
-2.046200
-12.937000
-11.947000
-9.967000
-5.016500
-0.066010
9.835000
19.736000
17.756001
13.795000
7.854800
3.894400
-0.066010
-2.046200
2.904300
6.864700
5.874600
10.825000
13.795000
15.776000
15.776000
9.835000
12.805000
23.695999
16.766001
7.854800
7.854800
7.854800
0.924090
6.864700
9.835000
6.864700
7.854800
8.844900
6.864700
-1.056100
-4.026400
-6.996700
-3.036300
0.924090
-0.066010
1.914200
13.795000
23.695999
24.686001
19.736000
15.776000
12.805000
6.864700
4.884500
2.904300
3.894400
0.924090
-4.026400
-5.016500
-5.016500
-1.056100
-1.056100
4.884500
7.854800
11.815000
9.835000
4.884500
4.884500
3.894400
3.894400
1.914200
-3.036300
-3.036300
0.924090
7.854800
16.766001
24.686001
21.716000
21.716000
20.726000
3.894400
-14.917000
-28.778999
-34.719002
-25.809000
-7.986800
11.815000
21.716000
31.617001
30.627001
19.736000
8.844900
-4.026400
-12.937000
-14.917000
-14.917000
-7.986800
10.825000
22.705999
33.597000
40.528000
36.568001
28.646999
19.736000
11.815000
4.884500
-12.937000
-21.848000
-16.898001
0.924090
20.726000
33.597000
32.606998
26.667000
12.805000
-4.026400
-17.888000
-31.749001
-30.759001
-24.818001
-25.809000
-17.888000
-14.917000
-13.927000
-11.947000
-6.996700
-7.986800
-8.976900
-9.967000
-13.927000
-14.917000
-15.908000
-19.868000
-20.858000
-24.818001
-26.799000
-27.789000
-28.778999
-26.799000
-25.809000
-24.818001
-17.888000
-9.967000
-5.016500
-6.006600
-2.046200
-2.046200
-6.006600
-11.947000
-13.927000
-16.898001
-12.937000
-4.026400
1.914200
2.904300
8.844900
7.854800
1.914200
-2.046200
-6.996700
-5.016500
2.904300
11.815000
11.815000
4.884500
-1.056100
-5.016500
0.924090
6.864700
10.825000
5.874600
-0.066010
-4.026400
-5.016500
0.924090
3.894400
2.904300
-5.016500
-10.957000
-11.947000
-9.967000
-10.957000
-11.947000
-14.917000
-14.917000
-11.947000
-6.006600
0.924090
7.854800
8.844900
1.914200
-4.026400
-8.976900
-15.908000
-24.818001
-29.768999
-25.809000
-20.858000
-13.927000
-5.016500
-1.056100
-6.996700
-18.878000
-17.888000
-20.858000
-26.799000
-23.827999
-23.827999
-21.848000
-10.957000
-6.996700
-3.036300
-3.036300
-6.006600
-4.026400
10.825000
19.736000
6.864700
-4.026400
-9.967000
-13.927000
-6.996700
-7.986800
-11.947000
-12.937000
-8.976900
-0.066010
10.825000
17.756001
16.766001
20.726000
22.705999
13.795000
13.795000
18.746000
11.815000
3.894400
-4.026400
-11.947000
-12.937000
-10.957000
-6.006600
3.894400
3.894400
6.864700
1.914200
-6.006600
-6.996700
-5.016500
-1.056100
2.904300
2.904300
3.894400
0.924090
-6.996700
-11.947000
-12.937000
-15.908000
-20.858000
-15.908000
-10.957000
-6.006600
0.924090
5.874600
8.844900
6.864700
0.924090
-4.026400
3.894400
5.874600
5.874600
9.835000
15.776000
21.716000
23.695999
25.677000
22.705999
21.716000
16.766001
8.844900
6.864700
14.785000
22.705999
20.726000
26.667000
30.627001
32.606998
27.657000
19.736000
12.805000
0.924090
-5.016500
-6.996700
-4.026400
6.864700
22.705999
37.557999
40.528000
25.677000
15.776000
2.904300
-19.868000
-29.768999
-30.759001
-26.799000
-16.898001
-6.996700
8.844900
18.746000
20.726000
12.805000
-0.066010
-10.957000
-17.888000
-20.858000
-24.818001
-34.719002
-37.689999
-23.827999
-6.006600
2.904300
8.844900
2.904300
-6.006600
-15.908000
-28.778999
-38.680000
-44.619999
-39.669998
-28.778999
-13.927000
1.914200
7.854800
3.894400
-4.026400
-11.947000
-20.858000
-28.778999
-36.700001
-45.611000
-41.650002
-25.809000
-0.066010
25.677000
26.667000
17.756001
15.776000
8.844900
-1.056100
-8.976900
-11.947000
-6.996700
-2.046200
7.854800
21.716000
29.636999
32.606998
30.627001
28.646999
25.677000
16.766001
11.815000
6.864700
-0.066010
1.914200
9.835000
15.776000
21.716000
17.756001
11.815000
8.844900
4.884500
-6.996700
-14.917000
-5.016500
-0.066010
2.904300
4.884500
0.924090
-3.036300
-7.986800
-10.957000
-15.908000
-13.927000
-13.927000
-9.967000
-2.046200
9.835000
16.766001
15.776000
15.776000
12.805000
6.864700
-1.056100
-9.967000
-10.957000
-11.947000
0.924090
14.785000
22.705999
21.716000
13.795000
7.854800
0.924090
-6.006600
-13.927000
-25.809000
-22.837999
-9.967000
4.884500
16.766001
18.746000
16.766001
7.854800
1.914200
-4.026400
-6.996700
-13.927000
-20.858000
-21.848000
-15.908000
-6.996700
6.864700
15.776000
21.716000
22.705999
17.756001
10.825000
1.914200
1.914200
7.854800
9.835000
14.785000
20.726000
20.726000
20.726000
15.776000
11.815000
6.864700
-9.967000
-22.837999
-23.827999
-16.898001
-7.986800
5.874600
19.736000
24.686001
21.716000
15.776000
12.805000
1.914200
-6.006600
-6.996700
-6.996700
0.924090
14.785000
26.667000
23.695999
17.756001
17.756001
13.795000
2.904300
-3.036300
-7.986800
-17.888000
-18.878000
-13.927000
-11.947000
-6.996700
0.924090
11.815000
14.785000
13.795000
13.795000
6.864700
-3.036300
-11.947000
-13.927000
-14.917000
-19.868000
-21.848000
-13.927000
-4.026400
-1.056100
-0.066010
-1.056100
-5.016500
-6.006600
-7.986800
-11.947000
-9.967000
-1.056100
2.904300
1.914200
1.914200
1.914200
3.894400
8.844900
9.835000
6.864700
3.894400
5.874600
7.854800
4.884500
5.874600
13.795000
14.785000
8.844900
8.844900
9.835000
6.864700
-3.036300
-5.016500
-2.046200
1.914200
7.854800
11.815000
8.844900
11.815000
17.756001
16.766001
13.795000
13.795000
10.825000
5.874600
-6.006600
-12.937000
-10.957000
-3.036300
6.864700
13.795000
24.686001
35.577999
30.627001
20.726000
10.825000
4.884500
-1.056100
-9.967000
-12.937000
-9.967000
-4.026400
4.884500
9.835000
17.756001
22.705999
24.686001
24.686001
19.736000
6.864700
-6.996700
-15.908000
-14.917000
-6.006600
9.835000
24.686001
28.646999
24.686001
22.705999
15.776000
6.864700
-1.056100
-1.056100
-6.996700
-17.888000
-18.878000
-18.878000
-8.976900
13.795000
13.795000
13.795000
24.686001
13.795000
4.884500
2.904300
-2.046200
-4.026400
-3.036300
-6.996700
-7.986800
-4.026400
-4.026400
-4.026400
-6.996700
-8.976900
0.924090
4.884500
4.884500
-2.046200
-5.016500
3.894400
6.864700
11.815000
8.844900
2.904300
-0.066010
-2.046200
-1.056100
3.894400
7.854800
0.924090
-8.976900
-8.976900
-0.066010
9.835000
18.746000
19.736000
18.746000
11.815000
10.825000
12.805000
10.825000
1.914200
-6.006600
-10.957000
-8.976900
5.874600
15.776000
22.705999
30.627001
27.657000
19.736000
8.844900
1.914200
-2.046200
-10.957000
-17.888000
-20.858000
-15.908000
-9.967000
-4.026400
3.894400
6.864700
9.835000
8.844900
-1.056100
-5.016500
-6.996700
-8.976900
-7.986800
-6.996700
0.924090
4.884500
8.844900
13.795000
10.825000
10.825000
14.785000
14.785000
7.854800
1.914200
-2.046200
-6.006600
-5.016500
-2.046200
-9.967000
-11.947000
-3.036300
-1.056100
0.924090
-1.056100
-3.036300
-6.996700
-14.917000
-15.908000
-6.996700
-0.066010
-3.036300
-1.056100
-0.066010
-3.036300
-6.006600
-10.957000
-10.957000
-9.967000
-9.967000
-6.006600
-2.046200
-0.066010
1.914200
7.854800
2.904300
-5.016500
-8.976900
-8.976900
-5.016500
-3.036300
2.904300
8.844900
5.874600
-1.056100
-4.026400
-3.036300
-8.976900
-7.986800
-2.046200
-2.046200
-3.036300
-0.066010
-5.016500
-2.046200
4.884500
6.864700
-6.006600
-6.006600
2.904300
-1.056100
-3.036300
2.904300
5.874600
16.766001
18.746000
10.825000
-3.036300
-14.917000
-6.996700
-1.056100
-6.006600
-6.006600
-5.016500
-1.056100
0.924090
0.924090
0.924090
-5.016500
-13.927000
-22.837999
-24.818001
-16.898001
-9.967000
-6.006600
0.924090
10.825000
16.766001
10.825000
1.914200
-6.996700
-10.957000
-15.908000
-18.878000
-8.976900
-5.016500
-7.986800
-2.046200
0.924090
8.844900
23.695999
23.695999
16.766001
8.844900
-6.006600
-14.917000
-17.888000
-16.898001
-13.927000
-6.996700
2.904300
9.835000
14.785000
14.785000
8.844900
5.874600
4.884500
-1.056100
-9.967000
-6.996700
-3.036300
6.864700
17.756001
27.657000
40.528000
38.548000
18.746000
7.854800
-2.046200
-17.888000
-25.809000
-25.809000
-20.858000
-10.957000
2.904300
24.686001
37.557999
37.557999
28.646999
18.746000
15.776000
5.874600
-8.976900
-24.818001
-26.799000
-18.878000
-0.066010
22.705999
30.627001
25.677000
16.766001
8.844900
3.894400
0.924090
-6.996700
-16.898001
-12.937000
-12.937000
