10.988000
1.943000
-8.107200
-13.132000
-13.132000
-19.162001
1.943000
26.063999
21.039000
-6.097200
-13.132000
-3.082100
11.993000
0.938020
-11.122000
-3.082100
10.988000
11.993000
8.978200
-3.082100
8.978200
11.993000
5.963100
5.963100
-3.082100
-14.137000
-11.122000
-3.082100
10.988000
24.054001
9.983200
-12.127000
-3.082100
9.983200
10.988000
14.003000
8.978200
-0.067000
2.948100
11.993000
16.013000
14.003000
0.938020
9.983200
11.993000
9.983200
20.034000
14.003000
-2.077100
-7.102200
-11.122000
-4.087100
-14.137000
-11.122000
0.938020
-1.072000
4.958100
11.993000
3.953100
-2.077100
9.983200
14.003000
15.008000
14.003000
-7.102200
-18.157000
-1.072000
7.973200
31.089001
18.023001
-7.102200
-13.132000
-1.072000
15.008000
15.008000
6.968200
12.998000
0.938020
-11.122000
-3.082100
14.003000
36.113998
22.044001
0.938020
10.988000
18.023001
28.073999
20.034000
9.983200
15.008000
1.943000
1.943000
27.069000
17.018000
8.978200
6.968200
9.983200
23.049000
16.013000
1.943000
-0.067000
2.948100
15.008000
18.023001
21.039000
-2.077100
-5.092100
14.003000
8.978200
11.993000
20.034000
17.018000
10.988000
1.943000
2.948100
18.023001
17.018000
25.059000
4.958100
4.958100
10.988000
16.013000
6.968200
-8.107200
-9.112200
-1.072000
-9.112200
-0.067000
6.968200
16.013000
21.039000
15.008000
22.044001
5.963100
-13.132000
4.958100
1.943000
-3.082100
4.958100
-5.092100
-21.173000
-16.146999
3.953100
18.023001
4.958100
-11.122000
-9.112200
19.028000
9.983200
-24.188000
-18.157000
-13.132000
-19.162001
-10.117000
-9.112200
-6.097200
-13.132000
-8.107200
-7.102200
-6.097200
-3.082100
-11.122000
-7.102200
-0.067000
-11.122000
-8.107200
-4.087100
-24.188000
-35.243000
-32.228001
-27.202999
-15.142000
-12.127000
-14.137000
-7.102200
-0.067000
-10.117000
-12.127000
-12.127000
-23.183001
-21.173000
-8.107200
6.968200
4.958100
-2.077100
-11.122000
-13.132000
-3.082100
-5.092100
3.953100
10.988000
9.983200
-7.102200
-18.157000
-11.122000
5.963100
5.963100
-0.067000
8.978200
1.943000
-3.082100
8.978200
14.003000
-7.102200
-20.167999
-6.097200
3.953100
16.013000
7.973200
1.943000
-10.117000
-3.082100
14.003000
-1.072000
-8.107200
-2.077100
2.948100
1.943000
-10.117000
-21.173000
1.943000
5.963100
-17.152000
-10.117000
3.953100
-5.092100
-13.132000
-12.127000
-7.102200
-6.097200
-6.097200
-8.107200
-14.137000
-12.127000
5.963100
4.958100
-0.067000
-3.082100
-5.092100
-7.102200
10.988000
11.993000
-13.132000
-13.132000
-2.077100
2.948100
7.973200
21.039000
19.028000
7.973200
2.948100
2.948100
-0.067000
1.943000
6.968200
-0.067000
-4.087100
1.943000
5.963100
-3.082100
-17.152000
-12.127000
9.983200
19.028000
19.028000
17.018000
12.998000
17.018000
11.993000
15.008000
28.073999
31.089001
12.998000
14.003000
2.948100
5.963100
5.963100
4.958100
5.963100
2.948100
6.968200
6.968200
9.983200
6.968200
3.953100
10.988000
10.988000
10.988000
4.958100
-0.067000
5.963100
11.993000
12.998000
6.968200
7.973200
18.023001
28.073999
19.028000
12.998000
12.998000
4.958100
14.003000
27.069000
-0.067000
-7.102200
-0.067000
7.973200
6.968200
25.059000
21.039000
-5.092100
-3.082100
-0.067000
2.948100
10.988000
0.938020
6.968200
5.963100
-5.092100
-5.092100
-4.087100
-3.082100
9.983200
20.034000
8.978200
16.013000
4.958100
-0.067000
9.983200
21.039000
9.983200
5.963100
24.054001
36.113998
22.044001
0.938020
-3.082100
-4.087100
12.998000
20.034000
9.983200
4.958100
-11.122000
-15.142000
4.958100
14.003000
-4.087100
-14.137000
-2.077100
7.973200
-6.097200
-15.142000
-9.112200
-0.067000
-4.087100
-25.193001
-27.202999
-13.132000
-15.142000
-24.188000
-14.137000
-17.152000
-18.157000
-8.107200
-22.177999
-22.177999
-0.067000
0.938020
-12.127000
-15.142000
-12.127000
-15.142000
5.963100
-1.072000
0.938020
22.044001
-5.092100
-20.167999
-14.137000
-14.137000
-4.087100
10.988000
-2.077100
-20.167999
-16.146999
-3.082100
-10.117000
-2.077100
8.978200
-8.107200
-11.122000
-2.077100
-8.107200
-5.092100
1.943000
-2.077100
-8.107200
-21.173000
-13.132000
-16.146999
-28.208000
-16.146999
-16.146999
-28.208000
-18.157000
-3.082100
-3.082100
-9.112200
0.938020
-1.072000
-12.127000
-33.233002
-37.252998
-35.243000
-24.188000
-2.077100
1.943000
6.968200
-12.127000
-27.202999
-17.152000
-18.157000
-30.218000
-26.198000
-18.157000
-23.183001
-24.188000
-14.137000
-23.183001
-21.173000
-13.132000
-17.152000
-13.132000
1.943000
-11.122000
-12.127000
0.938020
3.953100
-2.077100
-5.092100
-8.107200
-0.067000
11.993000
-3.082100
-17.152000
-19.162001
-10.117000
0.938020
0.938020
18.023001
25.059000
5.963100
-1.072000
8.978200
5.963100
-2.077100
-9.112200
-13.132000
-14.137000
-10.117000
0.938020
14.003000
9.983200
-7.102200
-7.102200
-5.092100
-3.082100
0.938020
0.938020
-10.117000
-11.122000
-7.102200
1.943000
0.938020
3.953100
3.953100
-5.092100
-13.132000
-5.092100
-1.072000
-4.087100
-14.137000
-4.087100
-8.107200
-8.107200
-9.112200
-7.102200
-5.092100
5.963100
14.003000
12.998000
0.938020
-7.102200
-6.097200
-3.082100
-0.067000
9.983200
19.028000
22.044001
1.943000
4.958100
24.054001
24.054001
3.953100
-3.082100
-3.082100
16.013000
23.049000
15.008000
15.008000
2.948100
11.993000
6.968200
19.028000
12.998000
7.973200
18.023001
25.059000
17.018000
3.953100
14.003000
4.958100
-10.117000
-7.102200
-5.092100
-4.087100
-9.112200
-1.072000
11.993000
4.958100
-3.082100
8.978200
-8.107200
-18.157000
-15.142000
-9.112200
8.978200
-17.152000
-26.198000
-22.177999
-23.183001
-4.087100
-2.077100
-6.097200
-16.146999
-16.146999
-7.102200
7.973200
-1.072000
-31.223000
-19.162001
1.943000
-14.137000
-12.127000
-5.092100
1.943000
10.988000
1.943000
-5.092100
6.968200
15.008000
19.028000
10.988000
-3.082100
-19.162001
-5.092100
15.008000
24.054001
6.968200
8.978200
-0.067000
2.948100
1.943000
14.003000
14.003000
3.953100
2.948100
9.983200
10.988000
15.008000
2.948100
-0.067000
5.963100
9.983200
8.978200
9.983200
12.998000
14.003000
6.968200
-6.097200
-8.107200
-2.077100
-0.067000
0.938020
4.958100
7.973200
-8.107200
-14.137000
-2.077100
-10.117000
-17.152000
-0.067000
-1.072000
-10.117000
-10.117000
-9.112200
-12.127000
-5.092100
-5.092100
-10.117000
16.013000
27.069000
10.988000
-12.127000
-12.127000
0.938020
0.938020
-6.097200
0.938020
17.018000
9.983200
6.968200
6.968200
-3.082100
-9.112200
10.988000
19.028000
15.008000
3.953100
1.943000
14.003000
6.968200
16.013000
10.988000
-11.122000
-26.198000
-17.152000
-2.077100
1.943000
-1.072000
0.938020
3.953100
11.993000
15.008000
-4.087100
-10.117000
1.943000
15.008000
12.998000
16.013000
27.069000
10.988000
-9.112200
-16.146999
-19.162001
-9.112200
2.948100
1.943000
-9.112200
-5.092100
5.963100
7.973200
1.943000
-4.087100
1.943000
-0.067000
1.943000
11.993000
2.948100
-0.067000
7.973200
-1.072000
-6.097200
3.953100
10.988000
20.034000
23.049000
26.063999
15.008000
-12.127000
-16.146999
-6.097200
0.938020
1.943000
-13.132000
-18.157000
-1.072000
-5.092100
-14.137000
-15.142000
-19.162001
-21.173000
-11.122000
1.943000
-1.072000
1.943000
7.973200
-1.072000
-15.142000
-15.142000
-10.117000
-2.077100
-3.082100
-8.107200
8.978200
-3.082100
-21.173000
-8.107200
2.948100
5.963100
5.963100
4.958100
2.948100
2.948100
0.938020
-1.072000
-5.092100
-12.127000
-7.102200
-8.107200
-7.102200
2.948100
17.018000
4.958100
-0.067000
-0.067000
-8.107200
-6.097200
7.973200
26.063999
11.993000
15.008000
12.998000
5.963100
15.008000
23.049000
30.084000
12.998000
-1.072000
1.943000
1.943000
15.008000
16.013000
11.993000
7.973200
5.963100
6.968200
7.973200
8.978200
27.069000
28.073999
9.983200
-1.072000
0.938020
15.008000
18.023001
22.044001
25.059000
20.034000
18.023001
29.079000
1.943000
-15.142000
-5.092100
9.983200
16.013000
12.998000
19.028000
22.044001
23.049000
15.008000
-3.082100
-7.102200
6.968200
17.018000
21.039000
11.993000
19.028000
18.023001
-0.067000
-4.087100
10.988000
17.018000
24.054001
-2.077100
-12.127000
-13.132000
-9.112200
10.988000
5.963100
11.993000
42.144001
18.023001
10.988000
12.998000
2.948100
-2.077100
-5.092100
-10.117000
-0.067000
7.973200
7.973200
-3.082100
-7.102200
-2.077100
10.988000
22.044001
21.039000
7.973200
7.973200
1.943000
-5.092100
12.998000
9.983200
5.963100
4.958100
-3.082100
5.963100
2.948100
-5.092100
6.968200
0.938020
0.938020
5.963100
1.943000
6.968200
4.958100
-2.077100
8.978200
19.028000
10.988000
7.973200
-1.072000
1.943000
17.018000
11.993000
8.978200
5.963100
11.993000
16.013000
5.963100
12.998000
12.998000
1.943000
2.948100
11.993000
1.943000
-7.102200
-8.107200
-2.077100
-1.072000
3.953100
-1.072000
-0.067000
8.978200
-4.087100
-14.137000
-8.107200
-14.137000
-7.102200
5.963100
4.958100
-8.107200
4.958100
-4.087100
-20.167999
-9.112200
5.963100
0.938020
-6.097200
6.968200
10.988000
-0.067000
-5.092100
-2.077100
-12.127000
-6.097200
-6.097200
-1.072000
12.998000
9.983200
-5.092100
-16.146999
-15.142000
-5.092100
2.948100
18.023001
14.003000
9.983200
-4.087100
-9.112200
-3.082100
-7.102200
-12.127000
-7.102200
5.963100
14.003000
1.943000
10.988000
8.978200
-1.072000
-10.117000
-0.067000
-2.077100
-14.137000
-14.137000
-6.097200
7.973200
15.008000
12.998000
4.958100
-0.067000
4.958100
-4.087100
-12.127000
-11.122000
-2.077100
-4.087100
-8.107200
-5.092100
-11.122000
-10.117000
7.973200
-2.077100
2.948100
15.008000
2.948100
-3.082100
-8.107200
-19.162001
-4.087100
11.993000
23.049000
19.028000
10.988000
10.988000
10.988000
14.003000
5.963100
2.948100
4.958100
-3.082100
3.953100
10.988000
-4.087100
-9.112200
6.968200
23.049000
17.018000
5.963100
0.938020
-14.137000
-12.127000
6.968200
12.998000
22.044001
22.044001
-5.092100
-31.223000
-20.167999
9.983200
5.963100
-12.127000
4.958100
8.978200
-18.157000
-16.146999
0.938020
7.973200
4.958100
-0.067000
7.973200
15.008000
-8.107200
-25.193001
-13.132000
-5.092100
5.963100
11.993000
20.034000
20.034000
25.059000
8.978200
-11.122000
-11.122000
-3.082100
9.983200
10.988000
20.034000
15.008000
-1.072000
-2.077100
5.963100
6.968200
-6.097200
-21.173000
-8.107200
-5.092100
11.993000
-13.132000
-30.218000
-15.142000
-4.087100
16.013000
11.993000
-9.112200
-5.092100
7.973200
14.003000
0.938020
0.938020
-6.097200
-8.107200
10.988000
14.003000
14.003000
11.993000
7.973200
4.958100
5.963100
11.993000
33.098999
18.023001
-17.152000
