19.739000
10.915000
7.973900
13.856000
9.934600
-7.712400
-4.771200
6.013100
9.934600
17.778000
23.660000
24.641001
21.698999
13.856000
5.032700
-9.673200
-8.692800
-3.790800
1.111100
4.052300
8.954200
17.778000
15.817000
14.837000
8.954200
-4.771200
-6.732000
-8.692800
-2.810500
4.052300
11.895000
16.797001
17.778000
26.601000
32.484001
21.698999
2.091500
-4.771200
-4.771200
-4.771200
-4.771200
-2.810500
6.013100
13.856000
20.719000
21.698999
19.739000
12.876000
5.032700
-5.751600
-13.595000
-19.476999
-24.379000
-9.673200
6.013100
18.757999
30.523001
28.562000
10.915000
3.071900
5.032700
-7.712400
-23.399000
-29.281000
-30.261000
-16.535999
0.130720
9.934600
18.757999
16.797001
16.797001
3.071900
-10.654000
-7.712400
-17.516001
-20.458000
-2.810500
6.013100
2.091500
11.895000
23.660000
25.621000
24.641001
19.739000
16.797001
6.993500
-4.771200
1.111100
6.993500
2.091500
-5.751600
-2.810500
2.091500
9.934600
9.934600
6.993500
4.052300
6.013100
8.954200
14.837000
18.757999
16.797001
9.934600
8.954200
9.934600
-0.849670
-4.771200
3.071900
10.915000
10.915000
16.797001
22.680000
32.484001
26.601000
10.915000
2.091500
2.091500
12.876000
11.895000
5.032700
9.934600
10.915000
18.757999
14.837000
10.915000
12.876000
6.013100
6.993500
-1.830100
5.032700
14.837000
17.778000
19.739000
15.817000
18.757999
15.817000
-1.830100
-7.712400
-4.771200
-7.712400
-2.810500
3.071900
7.973900
16.797001
19.739000
14.837000
13.856000
11.895000
4.052300
-6.732000
-7.712400
-13.595000
-9.673200
10.915000
17.778000
7.973900
-2.810500
1.111100
-5.751600
-12.614000
-15.556000
-14.575000
-10.654000
-9.673200
-2.810500
-0.849670
-11.634000
-14.575000
-17.516001
-18.497000
-13.595000
-18.497000
-26.340000
-32.222000
-21.438000
-3.790800
1.111100
2.091500
-0.849670
-1.830100
-2.810500
-5.751600
-2.810500
-0.849670
-8.692800
-3.790800
2.091500
15.817000
13.856000
4.052300
-7.712400
-3.790800
-3.790800
-2.810500
-3.790800
3.071900
12.876000
20.719000
23.660000
16.797001
2.091500
2.091500
-3.790800
-10.654000
-12.614000
-7.712400
-10.654000
-7.712400
5.032700
6.993500
-1.830100
-1.830100
5.032700
-7.712400
-15.556000
-7.712400
0.130720
8.954200
6.993500
-0.849670
-0.849670
7.973900
11.895000
10.915000
-1.830100
-12.614000
-13.595000
-15.556000
-7.712400
-4.771200
4.052300
18.757999
17.778000
18.757999
12.876000
10.915000
6.013100
-0.849670
2.091500
6.993500
7.973900
2.091500
6.993500
16.797001
18.757999
17.778000
20.719000
26.601000
13.856000
4.052300
5.032700
6.013100
-3.790800
4.052300
14.837000
15.817000
16.797001
16.797001
11.895000
5.032700
6.013100
-0.849670
5.032700
6.993500
2.091500
1.111100
6.993500
16.797001
21.698999
15.817000
10.915000
7.973900
4.052300
5.032700
-1.830100
-4.771200
-8.692800
-6.732000
-2.810500
-1.830100
2.091500
1.111100
6.993500
11.895000
13.856000
9.934600
2.091500
0.130720
-0.849670
0.130720
1.111100
1.111100
1.111100
2.091500
8.954200
15.817000
24.641001
15.817000
11.895000
11.895000
-3.790800
-19.476999
-26.340000
-31.242001
-22.417999
-4.771200
12.876000
16.797001
25.621000
25.621000
14.837000
6.013100
-5.751600
-6.732000
-3.790800
-6.732000
0.130720
22.680000
29.542000
35.424999
37.386002
32.484001
27.582001
14.837000
5.032700
1.111100
-7.712400
-10.654000
-11.634000
-2.810500
7.973900
16.797001
27.582001
27.582001
12.876000
-6.732000
-16.535999
-24.379000
-25.358999
-29.281000
-41.046001
-36.144001
-29.281000
-17.516001
-4.771200
5.032700
4.052300
-1.830100
-3.790800
-13.595000
-15.556000
-18.497000
-20.458000
-25.358999
-34.182999
-38.105000
-34.182999
-27.320000
-24.379000
-19.476999
-13.595000
-5.751600
1.111100
-3.790800
-12.614000
-15.556000
-17.516001
-14.575000
-15.556000
-17.516001
-19.476999
-13.595000
-5.751600
-3.790800
-3.790800
4.052300
-0.849670
-12.614000
-15.556000
-13.595000
-6.732000
1.111100
10.915000
8.954200
-0.849670
0.130720
-7.712400
-7.712400
1.111100
12.876000
6.013100
-2.810500
-2.810500
-4.771200
-2.810500
2.091500
1.111100
-6.732000
-9.673200
-7.712400
-3.790800
-9.673200
-14.575000
-15.556000
-16.535999
-11.634000
-6.732000
-5.751600
-3.790800
-1.830100
-5.751600
-10.654000
-13.595000
-17.516001
-25.358999
-29.281000
-27.320000
-24.379000
-16.535999
-8.692800
-5.751600
-12.614000
-22.417999
-18.497000
-20.458000
-27.320000
-23.399000
-23.399000
-17.516001
-7.712400
-10.654000
-7.712400
-0.849670
0.130720
-2.810500
6.013100
13.856000
3.071900
-7.712400
-13.595000
-13.595000
-4.771200
-6.732000
-7.712400
-7.712400
-6.732000
1.111100
10.915000
16.797001
9.934600
10.915000
14.837000
6.013100
4.052300
13.856000
8.954200
5.032700
0.130720
-5.751600
-6.732000
-8.692800
-8.692800
-0.849670
0.130720
5.032700
1.111100
-6.732000
-9.673200
-4.771200
2.091500
2.091500
0.130720
2.091500
5.032700
2.091500
-5.751600
-2.810500
0.130720
-5.751600
-2.810500
-0.849670
1.111100
4.052300
6.013100
6.013100
4.052300
-0.849670
-3.790800
7.973900
10.915000
7.973900
8.954200
14.837000
23.660000
21.698999
19.739000
16.797001
19.739000
16.797001
5.032700
3.071900
13.856000
19.739000
17.778000
27.582001
31.503000
34.444000
24.641001
16.797001
10.915000
-5.751600
-7.712400
-3.790800
2.091500
8.954200
17.778000
28.562000
31.503000
23.660000
16.797001
-2.810500
-24.379000
-23.399000
-20.458000
-17.516001
-11.634000
-5.751600
6.993500
14.837000
19.739000
12.876000
-3.790800
-13.595000
-19.476999
-20.458000
-18.497000
-25.358999
-24.379000
-10.654000
1.111100
3.071900
3.071900
-0.849670
-6.732000
-13.595000
-23.399000
-29.281000
-31.242001
-27.320000
-23.399000
-18.497000
-1.830100
8.954200
6.993500
-1.830100
-4.771200
-13.595000
-21.438000
-27.320000
-35.162998
-33.202999
-26.340000
-7.712400
16.797001
15.817000
11.895000
13.856000
7.973900
-0.849670
-5.751600
-7.712400
-6.732000
-11.634000
-10.654000
1.111100
12.876000
25.621000
27.582001
27.582001
24.641001
17.778000
19.739000
15.817000
5.032700
-0.849670
-0.849670
6.993500
19.739000
18.757999
16.797001
13.856000
3.071900
-5.751600
-6.732000
4.052300
-0.849670
-6.732000
-2.810500
-4.771200
-9.673200
-10.654000
-9.673200
-12.614000
-8.692800
-7.712400
-7.712400
-6.732000
-0.849670
4.052300
1.111100
4.052300
3.071900
1.111100
-4.771200
-13.595000
-12.614000
-10.654000
0.130720
10.915000
17.778000
17.778000
8.954200
1.111100
-9.673200
-14.575000
-17.516001
-22.417999
-19.476999
-11.634000
-0.849670
9.934600
12.876000
11.895000
5.032700
0.130720
-4.771200
-2.810500
-8.692800
-17.516001
-24.379000
-26.340000
-20.458000
-7.712400
5.032700
16.797001
18.757999
15.817000
13.856000
10.915000
11.895000
15.817000
11.895000
8.954200
8.954200
8.954200
9.934600
10.915000
14.837000
13.856000
-0.849670
-11.634000
-11.634000
0.130720
8.954200
14.837000
24.641001
27.582001
19.739000
10.915000
7.973900
3.071900
-0.849670
-1.830100
-4.771200
-0.849670
13.856000
25.621000
22.680000
16.797001
21.698999
19.739000
8.954200
0.130720
-7.712400
-22.417999
-25.358999
-17.516001
-12.614000
-2.810500
9.934600
21.698999
21.698999
18.757999
19.739000
12.876000
-0.849670
-8.692800
-11.634000
-13.595000
-18.497000
-24.379000
-14.575000
-3.790800
3.071900
3.071900
2.091500
-0.849670
0.130720
-5.751600
-15.556000
-17.516001
-9.673200
-1.830100
0.130720
1.111100
5.032700
10.915000
19.739000
17.778000
6.013100
0.130720
1.111100
1.111100
-0.849670
3.071900
12.876000
13.856000
8.954200
10.915000
10.915000
7.973900
-1.830100
-3.790800
0.130720
3.071900
6.993500
11.895000
12.876000
16.797001
15.817000
8.954200
4.052300
6.993500
7.973900
4.052300
-3.790800
-14.575000
-14.575000
-4.771200
6.013100
14.837000
27.582001
36.404999
28.562000
13.856000
2.091500
-4.771200
-9.673200
-18.497000
-15.556000
-1.830100
3.071900
7.973900
15.817000
21.698999
24.641001
24.641001
23.660000
17.778000
6.013100
-1.830100
-7.712400
-3.790800
2.091500
9.934600
23.660000
26.601000
20.719000
22.680000
19.739000
10.915000
6.993500
7.973900
2.091500
-10.654000
-11.634000
-15.556000
-7.712400
14.837000
12.876000
10.915000
20.719000
10.915000
2.091500
2.091500
-3.790800
-6.732000
-0.849670
-1.830100
-8.692800
-12.614000
-10.654000
-9.673200
-12.614000
-11.634000
-2.810500
2.091500
2.091500
-0.849670
-2.810500
1.111100
3.071900
8.954200
6.993500
2.091500
3.071900
2.091500
-2.810500
-0.849670
11.895000
6.013100
-9.673200
-9.673200
-1.830100
6.993500
14.837000
11.895000
8.954200
3.071900
4.052300
9.934600
12.876000
6.013100
-4.771200
-15.556000
-16.535999
0.130720
6.993500
15.817000
26.601000
21.698999
14.837000
6.993500
1.111100
-5.751600
-12.614000
-18.497000
-27.320000
-26.340000
-23.399000
-13.595000
0.130720
8.954200
16.797001
14.837000
6.993500
5.032700
6.993500
2.091500
-3.790800
-14.575000
-15.556000
-14.575000
-5.751600
3.071900
3.071900
10.915000
19.739000
25.621000
20.719000
14.837000
7.973900
-4.771200
-6.732000
-5.751600
-14.575000
-12.614000
0.130720
4.052300
8.954200
11.895000
10.915000
1.111100
-8.692800
-10.654000
-1.830100
3.071900
-5.751600
-1.830100
3.071900
5.032700
5.032700
-2.810500
-3.790800
-6.732000
-8.692800
-4.771200
-6.732000
-5.751600
2.091500
8.954200
6.993500
0.130720
-0.849670
2.091500
0.130720
-5.751600
-2.810500
4.052300
4.052300
-3.790800
-6.732000
5.032700
0.130720
2.091500
10.915000
9.934600
7.973900
4.052300
-8.692800
-7.712400
2.091500
7.973900
-9.673200
-12.614000
6.013100
7.973900
9.934600
17.778000
14.837000
17.778000
18.757999
6.993500
-10.654000
-20.458000
-5.751600
2.091500
-0.849670
2.091500
9.934600
10.915000
7.973900
5.032700
-0.849670
-12.614000
-23.399000
-30.261000
-32.222000
-18.497000
-2.810500
3.071900
10.915000
16.797001
15.817000
7.973900
0.130720
-10.654000
-14.575000
-17.516001
-19.476999
-5.751600
-4.771200
-8.692800
0.130720
0.130720
6.993500
25.621000
24.641001
15.817000
6.013100
-7.712400
-11.634000
-15.556000
-12.614000
-5.751600
3.071900
8.954200
10.915000
12.876000
11.895000
6.013100
-0.849670
-0.849670
1.111100
-5.751600
-7.712400
-3.790800
5.032700
7.973900
13.856000
25.621000
25.621000
12.876000
6.013100
-2.810500
-17.516001
-23.399000
-20.458000
-16.535999
-9.673200
3.071900
25.621000
38.366001
38.366001
27.582001
18.757999
16.797001
9.934600
5.032700
-13.595000
-20.458000
-15.556000
-0.849670
20.719000
28.562000
22.680000
15.817000
14.837000
8.954200
8.954200
3.071900
-7.712400
-1.830100
-8.692800
