-3.827800
-7.655500
-7.655500
-5.741600
0.000000
1.913900
4.784700
9.569400
9.569400
2.870800
1.913900
3.827800
5.741600
5.741600
-2.870800
-3.827800
3.827800
2.870800
-0.956940
-3.827800
-7.655500
-11.483000
-9.569400
-7.655500
-6.698600
-4.784700
-7.655500
-10.526000
-9.569400
-9.569400
-4.784700
-8.612400
-13.397000
-11.483000
-8.612400
-0.956940
3.827800
1.913900
5.741600
3.827800
1.913900
-1.913900
-2.870800
1.913900
2.870800
1.913900
6.698600
9.569400
9.569400
13.397000
12.440000
10.526000
9.569400
4.784700
3.827800
3.827800
0.956940
0.956940
1.913900
-0.956940
3.827800
5.741600
2.870800
2.870800
0.956940
-0.956940
2.870800
1.913900
-3.827800
-2.870800
0.956940
-2.870800
-3.827800
-1.913900
-3.827800
-1.913900
0.956940
0.956940
0.000000
-4.784700
-4.784700
-8.612400
-9.569400
-5.741600
-6.698600
0.956940
2.870800
0.000000
2.870800
4.784700
5.741600
7.655500
4.784700
1.913900
0.956940
4.784700
8.612400
13.397000
16.268000
16.268000
7.655500
-1.913900
-1.913900
0.956940
2.870800
2.870800
0.956940
1.913900
1.913900
-2.870800
3.827800
2.870800
-2.870800
-7.655500
-8.612400
-7.655500
-4.784700
-4.784700
-11.483000
-12.440000
-8.612400
-3.827800
-7.655500
-7.655500
-7.655500
-7.655500
-7.655500
-9.569400
-12.440000
-13.397000
-12.440000
-11.483000
-11.483000
-11.483000
-10.526000
-7.655500
-9.569400
-6.698600
-4.784700
-5.741600
-5.741600
-3.827800
1.913900
3.827800
0.956940
2.870800
4.784700
6.698600
5.741600
2.870800
-3.827800
-2.870800
2.870800
3.827800
0.956940
0.956940
4.784700
6.698600
6.698600
1.913900
0.000000
-0.956940
0.000000
4.784700
3.827800
-1.913900
-2.870800
-1.913900
0.956940
5.741600
6.698600
12.440000
14.354000
13.397000
13.397000
8.612400
7.655500
6.698600
2.870800
2.870800
5.741600
2.870800
-3.827800
-6.698600
-0.956940
0.000000
1.913900
4.784700
3.827800
3.827800
8.612400
8.612400
7.655500
6.698600
3.827800
2.870800
1.913900
4.784700
5.741600
10.526000
10.526000
9.569400
13.397000
6.698600
2.870800
4.784700
6.698600
4.784700
6.698600
9.569400
5.741600
0.000000
2.870800
2.870800
-2.870800
-5.741600
-7.655500
-2.870800
-1.913900
-2.870800
-2.870800
0.000000
-0.956940
-6.698600
-5.741600
-0.956940
4.784700
6.698600
2.870800
0.000000
-5.741600
-2.870800
-1.913900
-1.913900
2.870800
0.956940
0.956940
3.827800
5.741600
-1.913900
-8.612400
-3.827800
-1.913900
-8.612400
-2.870800
0.956940
3.827800
4.784700
0.000000
-4.784700
-6.698600
-0.956940
0.000000
0.000000
-0.956940
-2.870800
-0.956940
0.000000
-0.956940
-1.913900
0.000000
7.655500
8.612400
9.569400
6.698600
3.827800
5.741600
8.612400
6.698600
1.913900
1.913900
3.827800
4.784700
2.870800
3.827800
5.741600
7.655500
8.612400
4.784700
4.784700
7.655500
4.784700
2.870800
-0.956940
-5.741600
-9.569400
-8.612400
-5.741600
-3.827800
-0.956940
4.784700
4.784700
0.956940
-3.827800
-8.612400
-8.612400
-7.655500
-3.827800
-2.870800
-0.956940
1.913900
0.956940
0.956940
1.913900
2.870800
7.655500
8.612400
5.741600
5.741600
4.784700
4.784700
4.784700
7.655500
7.655500
3.827800
0.000000
4.784700
1.913900
-3.827800
-0.956940
-2.870800
-7.655500
-8.612400
-11.483000
-9.569400
-2.870800
-0.956940
-2.870800
-1.913900
-2.870800
-4.784700
-6.698600
-8.612400
-8.612400
-5.741600
-4.784700
-4.784700
-4.784700
-3.827800
-1.913900
-0.956940
0.000000
0.000000
-3.827800
-4.784700
-5.741600
-8.612400
-9.569400
-11.483000
-8.612400
-2.870800
-2.870800
-3.827800
-3.827800
-7.655500
-5.741600
-0.956940
-3.827800
-3.827800
-0.956940
1.913900
2.870800
-0.956940
-4.784700
0.956940
4.784700
6.698600
9.569400
11.483000
9.569400
4.784700
6.698600
5.741600
0.000000
-0.956940
3.827800
5.741600
4.784700
6.698600
7.655500
8.612400
5.741600
0.956940
0.000000
3.827800
5.741600
3.827800
3.827800
1.913900
-1.913900
-4.784700
-4.784700
-6.698600
-11.483000
-10.526000
-4.784700
-3.827800
-2.870800
-1.913900
-0.956940
-1.913900
0.000000
0.956940
0.956940
-0.956940
-2.870800
1.913900
3.827800
1.913900
-0.956940
-2.870800
-0.956940
-2.870800
-4.784700
0.000000
6.698600
4.784700
3.827800
0.956940
1.913900
6.698600
0.956940
2.870800
5.741600
2.870800
-5.741600
-5.741600
-2.870800
0.000000
6.698600
12.440000
13.397000
11.483000
12.440000
11.483000
8.612400
8.612400
4.784700
1.913900
1.913900
2.870800
1.913900
0.000000
0.956940
-5.741600
-9.569400
-5.741600
1.913900
-0.956940
-1.913900
0.000000
-4.784700
-6.698600
-5.741600
-3.827800
3.827800
5.741600
-0.956940
-1.913900
-1.913900
-3.827800
-1.913900
-4.784700
-0.956940
3.827800
4.784700
5.741600
0.000000
-3.827800
-1.913900
4.784700
4.784700
5.741600
0.956940
3.827800
2.870800
-5.741600
-8.612400
-6.698600
-5.741600
-0.956940
-0.956940
-4.784700
-5.741600
-4.784700
0.956940
1.913900
0.956940
2.870800
9.569400
4.784700
-2.870800
-4.784700
0.956940
2.870800
-3.827800
-4.784700
-4.784700
-5.741600
-1.913900
0.956940
1.913900
3.827800
4.784700
-0.956940
-2.870800
1.913900
7.655500
7.655500
7.655500
4.784700
3.827800
0.000000
-2.870800
-0.956940
-2.870800
-5.741600
-6.698600
-9.569400
-5.741600
-1.913900
2.870800
5.741600
4.784700
6.698600
0.956940
-9.569400
-10.526000
-3.827800
1.913900
0.956940
-0.956940
-4.784700
-4.784700
-0.956940
2.870800
2.870800
-0.956940
-1.913900
0.956940
4.784700
6.698600
1.913900
-1.913900
0.000000
2.870800
4.784700
3.827800
0.000000
-0.956940
-1.913900
0.000000
2.870800
4.784700
5.741600
6.698600
4.784700
1.913900
3.827800
0.956940
-1.913900
-2.870800
1.913900
6.698600
5.741600
5.741600
10.526000
7.655500
2.870800
0.000000
-7.655500
-6.698600
-0.956940
0.000000
0.000000
-2.870800
-2.870800
-2.870800
-3.827800
-4.784700
0.000000
0.000000
-1.913900
-3.827800
-0.956940
0.000000
-1.913900
-2.870800
-3.827800
-6.698600
-0.956940
2.870800
1.913900
0.956940
0.000000
3.827800
1.913900
0.000000
-0.956940
-0.956940
0.000000
-0.956940
-5.741600
-3.827800
-5.741600
-2.870800
0.000000
0.956940
0.000000
-5.741600
-4.784700
-1.913900
2.870800
4.784700
2.870800
5.741600
7.655500
4.784700
0.956940
0.956940
-6.698600
-5.741600
0.000000
0.000000
2.870800
0.956940
0.956940
0.956940
0.956940
-3.827800
-8.612400
-7.655500
-3.827800
-6.698600
-9.569400
-4.784700
-0.956940
2.870800
4.784700
5.741600
7.655500
3.827800
-1.913900
-0.956940
1.913900
0.000000
-0.956940
0.956940
2.870800
-1.913900
0.000000
2.870800
0.956940
3.827800
5.741600
2.870800
0.956940
2.870800
4.784700
5.741600
7.655500
6.698600
4.784700
1.913900
3.827800
1.913900
0.956940
2.870800
3.827800
3.827800
0.956940
-1.913900
3.827800
8.612400
7.655500
5.741600
4.784700
0.000000
1.913900
0.956940
-1.913900
-6.698600
-6.698600
2.870800
5.741600
3.827800
-2.870800
-1.913900
2.870800
1.913900
1.913900
0.000000
-1.913900
2.870800
4.784700
-1.913900
-7.655500
-10.526000
-8.612400
-3.827800
-6.698600
-7.655500
-8.612400
-6.698600
-4.784700
-1.913900
-4.784700
0.000000
3.827800
0.956940
1.913900
2.870800
-1.913900
-3.827800
1.913900
-2.870800
-3.827800
1.913900
0.956940
1.913900
5.741600
8.612400
4.784700
2.870800
0.956940
0.956940
3.827800
0.956940
0.956940
2.870800
2.870800
-0.956940
-2.870800
-6.698600
-1.913900
3.827800
6.698600
5.741600
4.784700
6.698600
4.784700
3.827800
0.956940
-0.956940
5.741600
7.655500
1.913900
-0.956940
-0.956940
0.956940
-2.870800
-4.784700
-6.698600
1.913900
12.440000
12.440000
8.612400
0.000000
-2.870800
-1.913900
-1.913900
-1.913900
-6.698600
-8.612400
-3.827800
-4.784700
0.956940
1.913900
-1.913900
0.000000
0.956940
-0.956940
1.913900
3.827800
1.913900
2.870800
2.870800
5.741600
2.870800
-0.956940
-2.870800
-3.827800
-4.784700
-4.784700
0.000000
3.827800
2.870800
4.784700
5.741600
5.741600
1.913900
-3.827800
-1.913900
-1.913900
3.827800
4.784700
2.870800
0.000000
-2.870800
-2.870800
-3.827800
-4.784700
-3.827800
-0.956940
0.956940
-2.870800
-3.827800
1.913900
1.913900
-0.956940
-3.827800
-6.698600
-2.870800
0.000000
-4.784700
-3.827800
-3.827800
-3.827800
-2.870800
-6.698600
-5.741600
-3.827800
0.000000
2.870800
2.870800
0.000000
-4.784700
-3.827800
0.000000
0.000000
3.827800
5.741600
5.741600
2.870800
0.956940
-1.913900
0.000000
-0.956940
3.827800
5.741600
0.000000
-1.913900
0.000000
2.870800
6.698600
8.612400
4.784700
3.827800
6.698600
9.569400
5.741600
-3.827800
-2.870800
0.956940
2.870800
4.784700
0.956940
-2.870800
-6.698600
-6.698600
-7.655500
-3.827800
0.000000
0.956940
1.913900
-0.956940
-2.870800
0.000000
1.913900
0.000000
0.000000
0.956940
-1.913900
-6.698600
-4.784700
-6.698600
0.956940
4.784700
1.913900
2.870800
3.827800
6.698600
2.870800
2.870800
-2.870800
-4.784700
0.000000
-2.870800
-2.870800
-3.827800
-1.913900
1.913900
-0.956940
-2.870800
-1.913900
1.913900
2.870800
2.870800
2.870800
3.827800
3.827800
1.913900
-0.956940
6.698600
4.784700
-0.956940
-1.913900
-5.741600
-7.655500
-6.698600
-0.956940
2.870800
0.956940
-5.741600
-5.741600
-3.827800
-2.870800
0.000000
3.827800
1.913900
3.827800
4.784700
4.784700
4.784700
0.956940
-1.913900
0.000000
6.698600
4.784700
2.870800
0.956940
1.913900
2.870800
3.827800
10.526000
4.784700
0.956940
2.870800
4.784700
6.698600
6.698600
4.784700
9.569400
7.655500
2.870800
2.870800
3.827800
4.784700
-0.956940
-6.698600
-2.870800
-4.784700
-5.741600
-2.870800
1.913900
4.784700
2.870800
-3.827800
-4.784700
0.956940
0.956940
-2.870800
-3.827800
-7.655500
-4.784700
-2.870800
-2.870800
-1.913900
-4.784700
-3.827800
0.956940
1.913900
6.698600
1.913900
1.913900
7.655500
4.784700
4.784700
1.913900
-2.870800
-4.784700
-1.913900
2.870800
2.870800
-1.913900
-1.913900
-0.956940
-0.956940
-2.870800
-2.870800
-2.870800
-1.913900
-1.913900
0.956940
2.870800
0.956940
0.000000
-1.913900
2.870800
3.827800
0.956940
-0.956940
0.956940
3.827800
5.741600
4.784700
2.870800
2.870800
0.956940
-1.913900
-5.741600
-9.569400
-5.741600
0.000000
-0.956940
-0.956940
0.956940
-2.870800
-0.956940
0.956940
0.000000
0.000000
-4.784700
-2.870800
