5.813600
3.917900
3.917900
-5.560800
2.022100
-11.248000
-5.560800
13.397000
15.292000
-11.248000
-7.456600
17.188000
7.709300
3.917900
5.813600
-3.665100
2.022100
-11.248000
3.917900
9.605100
17.188000
0.126380
-1.769400
2.022100
-7.456600
-11.248000
9.605100
-1.769400
-5.560800
3.917900
-16.934999
0.126380
-1.769400
-20.726999
9.605100
0.126380
5.813600
9.605100
7.709300
-11.248000
9.605100
0.126380
0.126380
9.605100
9.605100
9.605100
-7.456600
-1.769400
13.397000
5.813600
-5.560800
-24.518000
-5.560800
5.813600
2.022100
-7.456600
-16.934999
-3.665100
0.126380
2.022100
5.813600
9.605100
2.022100
-9.352300
-1.769400
3.917900
-9.352300
-11.248000
0.126380
5.813600
7.709300
-1.769400
-9.352300
5.813600
3.917900
-5.560800
-24.518000
0.126380
-16.934999
11.501000
7.709300
-7.456600
-5.560800
-1.769400
2.022100
-5.560800
-13.144000
-7.456600
-7.456600
2.022100
-3.665100
-3.665100
5.813600
19.084000
7.709300
17.188000
13.397000
7.709300
19.084000
7.709300
-5.560800
15.292000
13.397000
-15.039000
9.605100
-3.665100
17.188000
0.126380
-5.560800
2.022100
2.022100
-3.665100
-9.352300
-7.456600
2.022100
-1.769400
15.292000
2.022100
2.022100
2.022100
-1.769400
-9.352300
3.917900
7.709300
0.126380
3.917900
13.397000
3.917900
0.126380
2.022100
5.813600
2.022100
-11.248000
3.917900
7.709300
2.022100
-3.665100
0.126380
-5.560800
11.501000
9.605100
5.813600
0.126380
-20.726999
9.605100
7.709300
5.813600
7.709300
0.126380
-13.144000
5.813600
3.917900
-9.352300
2.022100
7.709300
0.126380
-33.997002
0.126380
22.875000
9.605100
-7.456600
2.022100
9.605100
2.022100
3.917900
2.022100
9.605100
11.501000
5.813600
5.813600
13.397000
3.917900
19.084000
5.813600
-11.248000
3.917900
3.917900
0.126380
2.022100
-11.248000
-7.456600
-13.144000
-5.560800
-9.352300
-11.248000
-13.144000
-3.665100
-1.769400
-18.830999
-24.518000
2.022100
0.126380
-18.830999
3.917900
7.709300
5.813600
3.917900
-5.560800
15.292000
7.709300
5.813600
5.813600
3.917900
13.397000
0.126380
2.022100
-9.352300
0.126380
-1.769400
7.709300
3.917900
-3.665100
-1.769400
15.292000
5.813600
2.022100
0.126380
5.813600
3.917900
11.501000
2.022100
2.022100
15.292000
13.397000
0.126380
0.126380
-15.039000
2.022100
3.917900
-1.769400
-3.665100
-5.560800
11.501000
-3.665100
11.501000
-1.769400
3.917900
-9.352300
19.084000
19.084000
7.709300
0.126380
-7.456600
9.605100
11.501000
-7.456600
2.022100
-1.769400
-15.039000
7.709300
-1.769400
-9.352300
2.022100
-18.830999
-11.248000
3.917900
-15.039000
5.813600
15.292000
0.126380
-5.560800
-13.144000
2.022100
9.605100
15.292000
-9.352300
7.709300
5.813600
-7.456600
-15.039000
0.126380
-1.769400
-15.039000
-3.665100
5.813600
17.188000
11.501000
2.022100
5.813600
17.188000
2.022100
9.605100
17.188000
7.709300
2.022100
-1.769400
-1.769400
7.709300
-3.665100
11.501000
11.501000
-1.769400
-1.769400
-18.830999
-3.665100
2.022100
-16.934999
-7.456600
7.709300
-5.560800
-11.248000
2.022100
-7.456600
7.709300
2.022100
0.126380
-7.456600
-18.830999
3.917900
11.501000
2.022100
0.126380
-7.456600
-22.622000
-11.248000
-7.456600
5.813600
20.979000
5.813600
11.501000
7.709300
-7.456600
-1.769400
-5.560800
2.022100
-3.665100
2.022100
-9.352300
7.709300
-5.560800
0.126380
-15.039000
-15.039000
13.397000
-1.769400
-5.560800
-13.144000
-7.456600
7.709300
15.292000
13.397000
-7.456600
-15.039000
17.188000
19.084000
11.501000
19.084000
15.292000
9.605100
2.022100
9.605100
3.917900
-11.248000
-1.769400
2.022100
0.126380
2.022100
-5.560800
3.917900
-3.665100
-3.665100
-18.830999
19.084000
11.501000
-3.665100
9.605100
-15.039000
2.022100
15.292000
-9.352300
-16.934999
-20.726999
2.022100
11.501000
-3.665100
-9.352300
0.126380
-1.769400
-22.622000
7.709300
19.084000
13.397000
19.084000
5.813600
5.813600
-3.665100
17.188000
24.771000
19.084000
-5.560800
-1.769400
-5.560800
-15.039000
-5.560800
-1.769400
-18.830999
-18.830999
-7.456600
-7.456600
-13.144000
-26.414000
-15.039000
-11.248000
-16.934999
-9.352300
-3.665100
11.501000
-7.456600
0.126380
11.501000
-3.665100
7.709300
-16.934999
-9.352300
-16.934999
11.501000
19.084000
7.709300
13.397000
3.917900
9.605100
11.501000
13.397000
-3.665100
-11.248000
5.813600
24.771000
-1.769400
3.917900
7.709300
13.397000
-5.560800
2.022100
7.709300
-1.769400
-3.665100
13.397000
-5.560800
-9.352300
5.813600
17.188000
0.126380
-15.039000
3.917900
-1.769400
11.501000
13.397000
-11.248000
-3.665100
2.022100
-5.560800
11.501000
-3.665100
-11.248000
17.188000
17.188000
-5.560800
5.813600
15.292000
5.813600
19.084000
7.709300
0.126380
9.605100
20.979000
3.917900
5.813600
13.397000
-9.352300
2.022100
11.501000
0.126380
-16.934999
9.605100
3.917900
-30.205000
9.605100
5.813600
-5.560800
5.813600
-7.456600
-28.309999
3.917900
-1.769400
9.605100
0.126380
-13.144000
19.084000
13.397000
0.126380
0.126380
-13.144000
-11.248000
0.126380
11.501000
13.397000
3.917900
7.709300
20.979000
3.917900
15.292000
5.813600
-3.665100
9.605100
2.022100
20.979000
13.397000
2.022100
-3.665100
-35.893002
2.022100
11.501000
3.917900
9.605100
-13.144000
-24.518000
-11.248000
11.501000
-11.248000
-16.934999
-18.830999
0.126380
9.605100
7.709300
0.126380
-7.456600
13.397000
19.084000
19.084000
9.605100
-16.934999
-9.352300
30.458000
30.458000
15.292000
34.250000
2.022100
2.022100
3.917900
17.188000
11.501000
-1.769400
5.813600
-16.934999
7.709300
2.022100
-7.456600
3.917900
-9.352300
-11.248000
5.813600
13.397000
5.813600
-11.248000
-13.144000
-1.769400
0.126380
-5.560800
-22.622000
-22.622000
-20.726999
-26.414000
-20.726999
-45.370998
-22.622000
-11.248000
-28.309999
2.022100
-11.248000
-9.352300
7.709300
3.917900
-13.144000
2.022100
9.605100
22.875000
17.188000
-1.769400
22.875000
30.458000
13.397000
7.709300
9.605100
7.709300
9.605100
-1.769400
-5.560800
3.917900
-9.352300
-5.560800
7.709300
-3.665100
-1.769400
11.501000
-18.830999
-15.039000
-1.769400
-3.665100
2.022100
7.709300
-9.352300
-18.830999
17.188000
9.605100
-3.665100
-16.934999
-22.622000
3.917900
13.397000
9.605100
5.813600
-7.456600
-26.414000
-15.039000
-3.665100
-7.456600
-5.560800
2.022100
-11.248000
-15.039000
7.709300
5.813600
2.022100
5.813600
-11.248000
-1.769400
13.397000
5.813600
-3.665100
-20.726999
-18.830999
-1.769400
-13.144000
0.126380
9.605100
-13.144000
-1.769400
-28.309999
-3.665100
11.501000
-1.769400
2.022100
17.188000
7.709300
2.022100
-1.769400
5.813600
9.605100
7.709300
5.813600
19.084000
11.501000
9.605100
9.605100
2.022100
19.084000
7.709300
-5.560800
-11.248000
-3.665100
5.813600
-3.665100
0.126380
-9.352300
-15.039000
-7.456600
-1.769400
13.397000
-13.144000
-5.560800
-15.039000
19.084000
19.084000
-1.769400
2.022100
7.709300
11.501000
3.917900
34.250000
0.126380
-13.144000
-1.769400
2.022100
-3.665100
7.709300
-9.352300
-15.039000
-3.665100
5.813600
13.397000
2.022100
-16.934999
-5.560800
17.188000
9.605100
7.709300
-9.352300
-9.352300
11.501000
3.917900
-3.665100
5.813600
9.605100
-9.352300
-3.665100
7.709300
11.501000
11.501000
-3.665100
-9.352300
13.397000
3.917900
5.813600
11.501000
-11.248000
11.501000
15.292000
-13.144000
11.501000
9.605100
7.709300
5.813600
-7.456600
3.917900
13.397000
5.813600
-1.769400
3.917900
-3.665100
-5.560800
-1.769400
15.292000
2.022100
-3.665100
13.397000
-9.352300
22.875000
26.667000
7.709300
9.605100
3.917900
-3.665100
-13.144000
5.813600
3.917900
-5.560800
-13.144000
-1.769400
-1.769400
-9.352300
-9.352300
-7.456600
0.126380
-5.560800
-11.248000
-16.934999
-15.039000
3.917900
-7.456600
-20.726999
9.605100
13.397000
7.709300
-7.456600
3.917900
15.292000
13.397000
9.605100
-1.769400
3.917900
13.397000
3.917900
-1.769400
-11.248000
7.709300
3.917900
7.709300
-3.665100
13.397000
-1.769400
15.292000
-3.665100
-18.830999
11.501000
11.501000
0.126380
-9.352300
-1.769400
28.562000
24.771000
15.292000
13.397000
7.709300
-13.144000
-5.560800
11.501000
17.188000
11.501000
-18.830999
0.126380
7.709300
-13.144000
-1.769400
-11.248000
3.917900
20.979000
2.022100
9.605100
-5.560800
-3.665100
-15.039000
0.126380
-1.769400
5.813600
-3.665100
-7.456600
-1.769400
-15.039000
2.022100
7.709300
5.813600
-13.144000
-3.665100
-3.665100
0.126380
9.605100
2.022100
2.022100
3.917900
5.813600
-5.560800
5.813600
17.188000
-22.622000
7.709300
0.126380
-3.665100
-5.560800
-7.456600
-1.769400
-5.560800
7.709300
0.126380
-1.769400
0.126380
9.605100
5.813600
9.605100
9.605100
-1.769400
-11.248000
7.709300
13.397000
7.709300
-7.456600
-13.144000
3.917900
-16.934999
-5.560800
3.917900
-3.665100
-9.352300
-11.248000
-13.144000
-16.934999
-18.830999
11.501000
-16.934999
-7.456600
-24.518000
-5.560800
3.917900
13.397000
19.084000
7.709300
0.126380
5.813600
2.022100
-1.769400
7.709300
-9.352300
-9.352300
5.813600
0.126380
-16.934999
0.126380
9.605100
-9.352300
-13.144000
0.126380
-11.248000
11.501000
2.022100
11.501000
3.917900
0.126380
0.126380
20.979000
20.979000
7.709300
28.562000
2.022100
5.813600
24.771000
11.501000
5.813600
-3.665100
-1.769400
11.501000
17.188000
3.917900
-15.039000
5.813600
3.917900
7.709300
2.022100
-20.726999
2.022100
13.397000
13.397000
5.813600
-3.665100
-11.248000
-7.456600
11.501000
7.709300
-7.456600
-22.622000
-7.456600
5.813600
-5.560800
-15.039000
2.022100
-9.352300
-11.248000
-3.665100
-9.352300
-7.456600
-3.665100
-7.456600
-5.560800
2.022100
0.126380
-18.830999
7.709300
11.501000
-9.352300
-16.934999
-5.560800
11.501000
5.813600
5.813600
-11.248000
-11.248000
24.771000
22.875000
-1.769400
-13.144000
7.709300
24.771000
3.917900
15.292000
-13.144000
-18.830999
-5.560800
3.917900
3.917900
7.709300
5.813600
-5.560800
-15.039000
-26.414000
-16.934999
0.126380
3.917900
-20.726999
-11.248000
9.605100
-1.769400
-30.205000
-15.039000
-3.665100
9.605100
17.188000
2.022100
-7.456600
5.813600
-3.665100
11.501000
5.813600
-3.665100
-5.560800
20.979000
24.771000
5.813600
11.501000
19.084000
9.605100
7.709300
0.126380
7.709300
19.084000
-9.352300
2.022100
13.397000
-7.456600
0.126380
11.501000
15.292000
-3.665100
-24.518000
2.022100
9.605100
-9.352300
-7.456600
-15.039000
2.022100
5.813600
-7.456600
-9.352300
-13.144000
0.126380
3.917900
17.188000
