3.921600
7.843100
0.000000
-1.960800
1.960800
-1.960800
-3.921600
-1.960800
5.882400
-3.921600
-7.843100
-5.882400
-23.528999
-17.646999
-7.843100
3.921600
3.921600
0.000000
3.921600
-1.960800
0.000000
-1.960800
1.960800
17.646999
-7.843100
-5.882400
5.882400
-3.921600
-5.882400
7.843100
3.921600
0.000000
-13.725000
-3.921600
-9.803900
0.000000
9.803900
-1.960800
7.843100
19.608000
13.725000
5.882400
5.882400
3.921600
5.882400
7.843100
3.921600
5.882400
-1.960800
0.000000
-1.960800
0.000000
-5.882400
-15.686000
-3.921600
-1.960800
1.960800
0.000000
-3.921600
-15.686000
-1.960800
11.765000
3.921600
-9.803900
-9.803900
5.882400
-3.921600
-7.843100
1.960800
0.000000
5.882400
0.000000
9.803900
5.882400
-1.960800
-7.843100
-5.882400
7.843100
0.000000
-9.803900
-17.646999
-21.569000
-11.765000
1.960800
0.000000
-5.882400
0.000000
3.921600
13.725000
15.686000
7.843100
9.803900
11.765000
0.000000
1.960800
7.843100
3.921600
-3.921600
-1.960800
-3.921600
1.960800
3.921600
-3.921600
-1.960800
3.921600
9.803900
3.921600
9.803900
5.882400
19.608000
19.608000
3.921600
3.921600
3.921600
-3.921600
1.960800
13.725000
-7.843100
-9.803900
3.921600
5.882400
5.882400
9.803900
11.765000
5.882400
5.882400
0.000000
1.960800
1.960800
5.882400
9.803900
-1.960800
-3.921600
-1.960800
-3.921600
1.960800
7.843100
7.843100
-9.803900
-5.882400
0.000000
-5.882400
-5.882400
-7.843100
-5.882400
-13.725000
-1.960800
-9.803900
-11.765000
-9.803900
3.921600
-1.960800
-3.921600
5.882400
3.921600
1.960800
-9.803900
-17.646999
-7.843100
-5.882400
-7.843100
7.843100
0.000000
-13.725000
3.921600
3.921600
-3.921600
3.921600
3.921600
13.725000
11.765000
-1.960800
3.921600
-3.921600
0.000000
7.843100
3.921600
9.803900
3.921600
3.921600
7.843100
7.843100
7.843100
5.882400
5.882400
0.000000
5.882400
11.765000
0.000000
-3.921600
0.000000
1.960800
1.960800
7.843100
-1.960800
-3.921600
1.960800
1.960800
9.803900
11.765000
3.921600
-1.960800
-3.921600
3.921600
-1.960800
-5.882400
-1.960800
-5.882400
-5.882400
-3.921600
0.000000
-3.921600
-7.843100
-3.921600
-3.921600
1.960800
3.921600
7.843100
5.882400
9.803900
-1.960800
-13.725000
5.882400
5.882400
-1.960800
1.960800
3.921600
-1.960800
-1.960800
-1.960800
5.882400
-3.921600
-5.882400
-7.843100
-9.803900
-9.803900
-3.921600
1.960800
7.843100
-13.725000
-9.803900
-3.921600
-7.843100
-1.960800
1.960800
-3.921600
-9.803900
3.921600
-11.765000
-7.843100
-5.882400
-5.882400
-5.882400
-9.803900
1.960800
1.960800
0.000000
3.921600
7.843100
19.608000
13.725000
13.725000
21.569000
13.725000
9.803900
13.725000
13.725000
7.843100
7.843100
11.765000
19.608000
9.803900
7.843100
3.921600
-3.921600
1.960800
-5.882400
-7.843100
3.921600
7.843100
-3.921600
0.000000
1.960800
0.000000
-3.921600
1.960800
-5.882400
1.960800
-5.882400
1.960800
1.960800
-3.921600
5.882400
-11.765000
-5.882400
-3.921600
-1.960800
3.921600
7.843100
1.960800
-11.765000
-1.960800
3.921600
-1.960800
3.921600
0.000000
1.960800
-7.843100
-9.803900
0.000000
-3.921600
3.921600
5.882400
3.921600
13.725000
0.000000
9.803900
5.882400
5.882400
11.765000
13.725000
3.921600
5.882400
7.843100
9.803900
7.843100
5.882400
-1.960800
3.921600
5.882400
7.843100
7.843100
9.803900
9.803900
7.843100
0.000000
-13.725000
-1.960800
-3.921600
-5.882400
-5.882400
-11.765000
-9.803900
-1.960800
-5.882400
-5.882400
-3.921600
-7.843100
-5.882400
-1.960800
-5.882400
-1.960800
-5.882400
-3.921600
1.960800
1.960800
-9.803900
1.960800
-3.921600
-1.960800
0.000000
-3.921600
7.843100
3.921600
-3.921600
0.000000
-19.608000
-19.608000
-7.843100
-7.843100
-3.921600
-1.960800
5.882400
7.843100
13.725000
17.646999
21.569000
23.528999
15.686000
23.528999
13.725000
15.686000
21.569000
19.608000
15.686000
7.843100
13.725000
11.765000
3.921600
7.843100
1.960800
-1.960800
-7.843100
-7.843100
-7.843100
-7.843100
-15.686000
-5.882400
-5.882400
-7.843100
9.803900
1.960800
9.803900
1.960800
3.921600
15.686000
15.686000
5.882400
-9.803900
3.921600
11.765000
-3.921600
-5.882400
-11.765000
-9.803900
-7.843100
1.960800
-3.921600
3.921600
-7.843100
-11.765000
-1.960800
7.843100
-3.921600
3.921600
-5.882400
-5.882400
0.000000
-5.882400
-1.960800
13.725000
7.843100
3.921600
5.882400
1.960800
7.843100
5.882400
3.921600
-1.960800
7.843100
5.882400
1.960800
1.960800
1.960800
-11.765000
-5.882400
-3.921600
-3.921600
-9.803900
0.000000
3.921600
-1.960800
-3.921600
-3.921600
-5.882400
13.725000
0.000000
-9.803900
0.000000
1.960800
-5.882400
-5.882400
-9.803900
-3.921600
9.803900
3.921600
-7.843100
-3.921600
-11.765000
-5.882400
-3.921600
-1.960800
-7.843100
-9.803900
-9.803900
-5.882400
-5.882400
-3.921600
-3.921600
0.000000
-1.960800
-5.882400
13.725000
5.882400
-9.803900
-3.921600
-1.960800
-7.843100
-3.921600
-3.921600
-5.882400
-5.882400
0.000000
-9.803900
5.882400
0.000000
-3.921600
3.921600
9.803900
11.765000
15.686000
25.490000
21.569000
27.451000
31.372999
39.216000
29.412001
15.686000
15.686000
9.803900
7.843100
-3.921600
0.000000
9.803900
-1.960800
-3.921600
-3.921600
-11.765000
-13.725000
-17.646999
-9.803900
-3.921600
-11.765000
-9.803900
0.000000
-7.843100
3.921600
11.765000
1.960800
11.765000
-5.882400
3.921600
3.921600
-1.960800
0.000000
13.725000
13.725000
-5.882400
1.960800
-1.960800
1.960800
0.000000
-3.921600
-9.803900
-1.960800
0.000000
0.000000
-5.882400
-3.921600
3.921600
1.960800
5.882400
-1.960800
0.000000
9.803900
5.882400
0.000000
-3.921600
1.960800
7.843100
-7.843100
-9.803900
0.000000
-3.921600
-17.646999
-3.921600
0.000000
-5.882400
-3.921600
-7.843100
-7.843100
0.000000
-3.921600
-5.882400
0.000000
-3.921600
-1.960800
-1.960800
0.000000
0.000000
-3.921600
-1.960800
-5.882400
1.960800
-3.921600
-7.843100
-1.960800
-3.921600
-1.960800
-9.803900
-7.843100
-3.921600
-7.843100
1.960800
-3.921600
-5.882400
0.000000
0.000000
0.000000
7.843100
0.000000
-5.882400
5.882400
7.843100
9.803900
0.000000
3.921600
11.765000
17.646999
21.569000
27.451000
17.646999
13.725000
21.569000
25.490000
27.451000
23.528999
29.412001
21.569000
21.569000
13.725000
11.765000
17.646999
17.646999
-3.921600
-1.960800
5.882400
-1.960800
1.960800
1.960800
-7.843100
-9.803900
-7.843100
-13.725000
-15.686000
-11.765000
-5.882400
-19.608000
-11.765000
-1.960800
-3.921600
-9.803900
-7.843100
-11.765000
-5.882400
-5.882400
-3.921600
-3.921600
0.000000
-7.843100
-1.960800
-9.803900
-5.882400
-3.921600
-3.921600
7.843100
1.960800
1.960800
-1.960800
-9.803900
-3.921600
-5.882400
-5.882400
3.921600
-1.960800
0.000000
0.000000
9.803900
13.725000
3.921600
3.921600
9.803900
1.960800
3.921600
7.843100
5.882400
-5.882400
5.882400
23.528999
3.921600
1.960800
-1.960800
-7.843100
1.960800
13.725000
15.686000
9.803900
3.921600
9.803900
15.686000
13.725000
5.882400
7.843100
17.646999
13.725000
11.765000
19.608000
5.882400
9.803900
17.646999
13.725000
11.765000
1.960800
5.882400
-3.921600
-5.882400
0.000000
-1.960800
5.882400
-5.882400
1.960800
-5.882400
-7.843100
-3.921600
-7.843100
-7.843100
-7.843100
-7.843100
-15.686000
-7.843100
0.000000
-7.843100
-9.803900
-5.882400
-1.960800
0.000000
-9.803900
-1.960800
5.882400
0.000000
-3.921600
11.765000
9.803900
0.000000
0.000000
1.960800
-3.921600
-7.843100
-5.882400
-11.765000
-9.803900
-13.725000
-19.608000
-5.882400
-15.686000
-3.921600
-7.843100
-15.686000
-1.960800
-13.725000
-9.803900
-7.843100
-5.882400
-1.960800
-5.882400
-3.921600
1.960800
-5.882400
1.960800
-3.921600
-7.843100
5.882400
1.960800
5.882400
-1.960800
-5.882400
-1.960800
-3.921600
-5.882400
-9.803900
3.921600
7.843100
1.960800
9.803900
17.646999
17.646999
13.725000
7.843100
13.725000
13.725000
13.725000
-5.882400
0.000000
-3.921600
0.000000
5.882400
5.882400
3.921600
-1.960800
5.882400
1.960800
9.803900
1.960800
-1.960800
-5.882400
5.882400
13.725000
1.960800
0.000000
5.882400
11.765000
11.765000
3.921600
3.921600
9.803900
5.882400
-3.921600
5.882400
0.000000
5.882400
9.803900
5.882400
11.765000
11.765000
1.960800
11.765000
9.803900
-1.960800
-1.960800
0.000000
-1.960800
-3.921600
-1.960800
-5.882400
-1.960800
1.960800
0.000000
3.921600
5.882400
-5.882400
0.000000
-3.921600
-1.960800
-1.960800
-11.765000
-5.882400
3.921600
11.765000
7.843100
1.960800
1.960800
5.882400
0.000000
-3.921600
0.000000
0.000000
0.000000
0.000000
0.000000
-13.725000
-17.646999
-11.765000
-9.803900
-5.882400
-1.960800
-3.921600
5.882400
11.765000
7.843100
7.843100
7.843100
0.000000
3.921600
11.765000
1.960800
7.843100
13.725000
15.686000
1.960800
-7.843100
-9.803900
-11.765000
-1.960800
0.000000
-1.960800
-3.921600
-17.646999
-15.686000
3.921600
-1.960800
-3.921600
5.882400
1.960800
-1.960800
-5.882400
-1.960800
7.843100
9.803900
-3.921600
-5.882400
0.000000
-11.765000
0.000000
3.921600
7.843100
-3.921600
0.000000
5.882400
7.843100
17.646999
15.686000
3.921600
0.000000
9.803900
7.843100
15.686000
15.686000
-1.960800
1.960800
3.921600
9.803900
7.843100
-3.921600
-3.921600
3.921600
1.960800
9.803900
3.921600
5.882400
9.803900
11.765000
3.921600
-1.960800
-3.921600
7.843100
5.882400
0.000000
-7.843100
-1.960800
1.960800
-1.960800
3.921600
-3.921600
-11.765000
-9.803900
-3.921600
-11.765000
-7.843100
-7.843100
-9.803900
-3.921600
-7.843100
-11.765000
-13.725000
-7.843100
1.960800
-1.960800
-3.921600
-7.843100
-11.765000
-3.921600
-5.882400
-11.765000
-15.686000
-3.921600
-1.960800
-1.960800
-5.882400
0.000000
9.803900
15.686000
15.686000
15.686000
7.843100
7.843100
9.803900
19.608000
9.803900
7.843100
3.921600
3.921600
-1.960800
11.765000
-11.765000
-13.725000
1.960800
-1.960800
3.921600
-1.960800
3.921600
0.000000
-5.882400
3.921600
13.725000
5.882400
0.000000
7.843100
9.803900
9.803900
15.686000
11.765000
-5.882400
-5.882400
1.960800
0.000000
1.960800
-1.960800
3.921600
5.882400
-1.960800
1.960800
-1.960800
3.921600
1.960800
-3.921600
-3.921600
5.882400
-5.882400
-3.921600
7.843100
-13.725000
-15.686000
3.921600
3.921600
1.960800
5.882400
7.843100
7.843100
1.960800
3.921600
-11.765000
-17.646999
-11.765000
-15.686000
