-15.229000
-18.073000
-17.125000
-17.125000
-15.229000
-12.385000
-8.594000
-1.958900
3.728300
8.467600
12.259000
19.841999
26.476999
30.268999
28.372999
27.424999
25.528999
19.841999
13.207000
7.519700
0.884680
-3.854700
-5.750400
-3.854700
2.780400
9.415500
17.945999
22.686001
24.580999
22.686001
18.893999
15.103000
13.207000
11.311000
9.415500
6.571900
1.832500
-0.063190
-2.906800
-6.698300
-9.541900
-12.385000
-15.229000
-16.177000
-16.177000
-15.229000
-15.229000
-14.281000
-14.281000
-12.385000
-7.646100
-1.958900
1.832500
4.676100
9.415500
9.415500
5.624000
0.884680
-2.906800
-5.750400
-6.698300
-10.490000
-12.385000
-14.281000
-17.125000
-16.177000
-15.229000
-14.281000
-16.177000
-16.177000
-17.125000
-16.177000
-17.125000
-19.021000
-19.021000
-19.021000
-17.125000
-14.281000
-16.177000
-19.021000
-18.073000
-18.073000
-16.177000
-12.385000
-5.750400
-1.011100
-0.063190
2.780400
8.467600
7.519700
5.624000
5.624000
3.728300
1.832500
-1.011100
-2.906800
-5.750400
-9.541900
-12.385000
-13.333000
-10.490000
-5.750400
0.884680
8.467600
16.051001
23.632999
25.528999
20.790001
18.893999
18.893999
12.259000
6.571900
3.728300
7.519700
12.259000
17.945999
22.686001
26.476999
26.476999
25.528999
22.686001
20.790001
20.790001
21.738001
21.738001
14.155000
4.676100
-1.958900
-3.854700
-5.750400
-10.490000
-15.229000
-13.333000
-6.698300
-1.011100
2.780400
0.884680
-4.802500
-5.750400
-5.750400
-0.063190
9.415500
16.997999
16.051001
9.415500
6.571900
2.780400
0.884680
1.832500
3.728300
1.832500
2.780400
11.311000
21.738001
29.320999
29.320999
25.528999
19.841999
9.415500
-1.958900
-11.438000
-22.812000
-32.291000
-34.186001
-25.656000
-18.073000
-12.385000
-5.750400
4.676100
20.790001
31.216000
35.956001
31.216000
18.893999
7.519700
-1.958900
-10.490000
-15.229000
-18.073000
-22.812000
-26.603001
-24.708000
-19.968000
-15.229000
-10.490000
-6.698300
-1.958900
0.884680
3.728300
8.467600
12.259000
14.155000
13.207000
9.415500
2.780400
-6.698300
-17.125000
-24.708000
-29.447001
-31.343000
-31.343000
-26.603001
-19.968000
-6.698300
5.624000
13.207000
19.841999
25.528999
25.528999
22.686001
18.893999
11.311000
-0.063190
-13.333000
-19.968000
-19.021000
-15.229000
-10.490000
-7.646100
-5.750400
-6.698300
-7.646100
-9.541900
-9.541900
-9.541900
-9.541900
-6.698300
-5.750400
1.832500
9.415500
13.207000
16.051001
16.051001
16.051001
13.207000
9.415500
1.832500
-5.750400
-11.438000
-11.438000
-10.490000
-11.438000
-6.698300
4.676100
11.311000
12.259000
12.259000
9.415500
4.676100
-0.063190
-1.011100
-2.906800
-2.906800
-2.906800
-0.063190
4.676100
7.519700
9.415500
8.467600
5.624000
2.780400
1.832500
0.884680
-0.063190
-4.802500
-8.594000
-9.541900
-8.594000
-9.541900
-7.646100
0.884680
9.415500
13.207000
11.311000
3.728300
-0.063190
-3.854700
-5.750400
-1.958900
0.884680
2.780400
3.728300
1.832500
0.884680
4.676100
7.519700
7.519700
1.832500
-5.750400
-12.385000
-16.177000
-14.281000
-9.541900
-1.958900
6.571900
12.259000
15.103000
18.893999
18.893999
16.997999
8.467600
-0.063190
-3.854700
-3.854700
-2.906800
-1.011100
1.832500
7.519700
12.259000
17.945999
21.738001
20.790001
17.945999
11.311000
5.624000
0.884680
-0.063190
-2.906800
-5.750400
-2.906800
0.884680
6.571900
13.207000
17.945999
19.841999
13.207000
5.624000
3.728300
1.832500
-1.011100
-4.802500
-7.646100
-7.646100
-2.906800
-0.063190
-0.063190
-1.958900
-2.906800
-2.906800
-1.958900
-4.802500
-9.541900
-12.385000
-13.333000
-12.385000
-14.281000
-16.177000
-11.438000
-10.490000
-10.490000
-9.541900
-8.594000
-6.698300
-10.490000
-15.229000
-17.125000
-13.333000
-6.698300
-3.854700
-1.011100
2.780400
3.728300
0.884680
1.832500
4.676100
4.676100
0.884680
-1.011100
0.884680
4.676100
10.363000
8.467600
0.884680
-0.063190
4.676100
8.467600
6.571900
1.832500
-2.906800
-5.750400
-6.698300
-5.750400
-2.906800
-0.063190
4.676100
5.624000
1.832500
-3.854700
-5.750400
-2.906800
2.780400
6.571900
6.571900
4.676100
-0.063190
-2.906800
-6.698300
-8.594000
-7.646100
-8.594000
-9.541900
-7.646100
-4.802500
-0.063190
5.624000
7.519700
8.467600
8.467600
9.415500
8.467600
8.467600
7.519700
5.624000
2.780400
-0.063190
-1.958900
-1.011100
-1.011100
-1.011100
-2.906800
-5.750400
-6.698300
-6.698300
-6.698300
-5.750400
-4.802500
-1.011100
3.728300
9.415500
14.155000
16.997999
14.155000
9.415500
10.363000
10.363000
3.728300
-3.854700
-9.541900
-12.385000
-13.333000
-10.490000
-5.750400
-2.906800
-2.906800
-2.906800
-3.854700
-3.854700
-2.906800
1.832500
6.571900
11.311000
14.155000
14.155000
11.311000
12.259000
16.997999
19.841999
20.790001
21.738001
20.790001
17.945999
15.103000
10.363000
6.571900
4.676100
-0.063190
-3.854700
-6.698300
-8.594000
-10.490000
-14.281000
-21.864000
-30.395000
-36.082001
-35.133999
-33.238998
-30.395000
-26.603001
-20.916000
-14.281000
-8.594000
-8.594000
-11.438000
-11.438000
-13.333000
-13.333000
-10.490000
-9.541900
-9.541900
-5.750400
0.884680
5.624000
8.467600
12.259000
15.103000
14.155000
11.311000
8.467600
6.571900
1.832500
-1.011100
-2.906800
-1.011100
1.832500
7.519700
13.207000
14.155000
17.945999
24.580999
28.372999
29.320999
26.476999
23.632999
21.738001
20.790001
16.997999
11.311000
11.311000
13.207000
13.207000
8.467600
3.728300
3.728300
4.676100
4.676100
1.832500
-1.011100
-0.063190
1.832500
-0.063190
-4.802500
-9.541900
-13.333000
-17.125000
-19.021000
-18.073000
-15.229000
-12.385000
-9.541900
-7.646100
-9.541900
-12.385000
-16.177000
-19.021000
-21.864000
-20.916000
-16.177000
-8.594000
-1.958900
1.832500
1.832500
1.832500
4.676100
8.467600
7.519700
5.624000
1.832500
-2.906800
-6.698300
-12.385000
-16.177000
-11.438000
-1.011100
5.624000
9.415500
10.363000
5.624000
-1.011100
-4.802500
-5.750400
-5.750400
-3.854700
-1.011100
1.832500
1.832500
-0.063190
-1.958900
-2.906800
-2.906800
-2.906800
-3.854700
1.832500
9.415500
14.155000
14.155000
16.051001
19.841999
16.051001
6.571900
1.832500
-0.063190
-1.011100
-1.958900
-3.854700
-3.854700
1.832500
9.415500
14.155000
18.893999
17.945999
14.155000
9.415500
7.519700
5.624000
5.624000
8.467600
8.467600
6.571900
4.676100
2.780400
-0.063190
-1.011100
-2.906800
-2.906800
-1.011100
-2.906800
-1.958900
2.780400
9.415500
16.997999
20.790001
17.945999
15.103000
15.103000
16.051001
14.155000
10.363000
10.363000
14.155000
16.997999
16.997999
13.207000
7.519700
3.728300
-0.063190
-3.854700
-4.802500
-1.958900
-0.063190
0.884680
-1.011100
-2.906800
-2.906800
-4.802500
-11.438000
-16.177000
-17.125000
-14.281000
-12.385000
-10.490000
-7.646100
-8.594000
-13.333000
-15.229000
-13.333000
-14.281000
-15.229000
-15.229000
-17.125000
-19.968000
-22.812000
-25.656000
-26.603001
-24.708000
-21.864000
-20.916000
-17.125000
-14.281000
-13.333000
-13.333000
-10.490000
-7.646100
-6.698300
-5.750400
-5.750400
-4.802500
-2.906800
0.884680
4.676100
5.624000
2.780400
-0.063190
-1.958900
-1.011100
0.884680
0.884680
-1.958900
-4.802500
-7.646100
-10.490000
-14.281000
-16.177000
-15.229000
-13.333000
-5.750400
-1.011100
1.832500
5.624000
9.415500
10.363000
12.259000
13.207000
11.311000
11.311000
11.311000
13.207000
12.259000
12.259000
12.259000
13.207000
11.311000
7.519700
3.728300
0.884680
-0.063190
-1.011100
-1.011100
-0.063190
1.832500
6.571900
11.311000
15.103000
18.893999
20.790001
19.841999
18.893999
16.997999
14.155000
13.207000
9.415500
2.780400
-1.011100
-2.906800
-2.906800
1.832500
8.467600
13.207000
12.259000
10.363000
11.311000
13.207000
16.051001
17.945999
18.893999
16.997999
12.259000
3.728300
-3.854700
-8.594000
-9.541900
-13.333000
-17.125000
-18.073000
-16.177000
-12.385000
-7.646100
0.884680
2.780400
0.884680
-1.011100
-1.958900
-1.011100
-0.063190
2.780400
4.676100
3.728300
1.832500
-1.011100
-4.802500
-7.646100
-10.490000
-11.438000
-10.490000
-4.802500
3.728300
8.467600
9.415500
8.467600
7.519700
4.676100
-1.958900
-14.281000
-26.603001
-31.343000
-27.551001
-18.073000
-6.698300
1.832500
9.415500
12.259000
11.311000
6.571900
4.676100
3.728300
-0.063190
-4.802500
-8.594000
-10.490000
-9.541900
-5.750400
-1.958900
-0.063190
1.832500
4.676100
5.624000
7.519700
10.363000
12.259000
9.415500
4.676100
-4.802500
-15.229000
-16.177000
-12.385000
-8.594000
-9.541900
-10.490000
-9.541900
-0.063190
10.363000
18.893999
21.738001
21.738001
18.893999
12.259000
4.676100
-0.063190
-4.802500
-6.698300
-8.594000
-9.541900
-5.750400
0.884680
7.519700
13.207000
17.945999
18.893999
17.945999
17.945999
17.945999
15.103000
7.519700
-5.750400
-16.177000
-22.812000
-23.760000
-19.021000
-12.385000
-4.802500
0.884680
7.519700
12.259000
11.311000
3.728300
-2.906800
-5.750400
-5.750400
-4.802500
-1.011100
1.832500
4.676100
7.519700
13.207000
16.997999
13.207000
9.415500
6.571900
5.624000
2.780400
-2.906800
-10.490000
-15.229000
-15.229000
-12.385000
-11.438000
-6.698300
-1.011100
0.884680
2.780400
1.832500
-1.958900
-3.854700
-6.698300
-8.594000
-10.490000
-13.333000
-16.177000
-19.968000
-21.864000
-22.812000
-19.968000
-16.177000
-11.438000
-2.906800
4.676100
14.155000
22.686001
25.528999
22.686001
18.893999
16.997999
13.207000
7.519700
1.832500
-5.750400
-8.594000
-8.594000
-9.541900
-10.490000
-12.385000
-13.333000
-12.385000
-12.385000
-10.490000
-6.698300
-3.854700
-0.063190
6.571900
10.363000
7.519700
1.832500
-3.854700
-1.958900
-1.011100
-1.958900
-5.750400
-9.541900
-6.698300
-1.958900
0.884680
3.728300
6.571900
10.363000
13.207000
12.259000
10.363000
10.363000
10.363000
12.259000
14.155000
15.103000
14.155000
8.467600
3.728300
-0.063190
-6.698300
-10.490000
-11.438000
-8.594000
-4.802500
-3.854700
-1.958900
1.832500
2.780400
4.676100
4.676100
7.519700
11.311000
15.103000
18.893999
22.686001
24.580999
28.372999
32.164001
30.268999
24.580999
16.997999
10.363000
4.676100
0.884680
-1.011100
-0.063190
-1.011100
-5.750400
-9.541900
-8.594000
-6.698300
-1.011100
4.676100
3.728300
-3.854700
-13.333000
-16.177000
-9.541900
-0.063190
8.467600
15.103000
16.997999
16.997999
16.051001
15.103000
12.259000
6.571900
0.884680
-3.854700
-4.802500
-2.906800
-0.063190
3.728300
-1.958900
-9.541900
-10.490000
-10.490000
-11.438000
-13.333000
-16.177000
-17.125000
-19.021000
-19.968000
-18.073000
-17.125000
-18.073000
-18.073000
-13.333000
-8.594000
-10.490000
-15.229000
-19.021000
-21.864000
-29.447001
-37.029999
-42.716999
-43.665001
-42.716999
