-1.095000
-3.027400
-2.061200
-1.095000
-2.061200
-5.925900
-11.723000
-15.588000
-21.385000
-28.148001
-30.080999
-28.148001
-22.351000
-18.486000
-16.554001
-12.689000
-9.790700
-6.892100
-5.925900
-6.892100
-8.824500
-13.655000
-22.351000
-31.047001
-33.945000
-33.945000
-29.114000
-23.316999
-13.655000
-4.959700
-2.061200
-3.027400
-5.925900
-9.790700
-13.655000
-21.385000
-27.181999
-27.181999
-26.216000
-22.351000
-15.588000
-7.858300
-0.128820
5.668300
6.634500
3.735900
1.803500
0.837360
-1.095000
-2.061200
3.735900
9.533000
14.364000
17.261999
16.296000
14.364000
11.465000
11.465000
11.465000
11.465000
13.398000
10.499000
4.702100
-0.128820
-2.061200
1.803500
2.769700
0.837360
1.803500
2.769700
3.735900
0.837360
-3.027400
-2.061200
-0.128820
2.769700
0.837360
-5.925900
-9.790700
-4.959700
1.803500
7.600600
10.499000
9.533000
7.600600
4.702100
7.600600
13.398000
14.364000
11.465000
9.533000
7.600600
0.837360
-3.993600
-10.757000
-19.452000
-26.216000
-26.216000
-17.520000
-8.824500
-1.095000
9.533000
20.160999
24.992001
29.823000
29.823000
25.958000
18.229000
9.533000
0.837360
-11.723000
-18.486000
-13.655000
-3.993600
5.668300
11.465000
11.465000
10.499000
11.465000
10.499000
6.634500
-0.128820
-3.993600
-5.925900
-6.892100
-7.858300
-3.993600
4.702100
14.364000
18.229000
21.127001
16.296000
5.668300
-1.095000
-9.790700
-18.486000
-18.486000
-12.689000
-3.993600
4.702100
10.499000
16.296000
21.127001
19.195000
15.330000
16.296000
18.229000
17.261999
15.330000
8.566800
-1.095000
-12.689000
-25.250000
-33.945000
-37.810001
-36.844002
-31.047001
-19.452000
-6.892100
5.668300
19.195000
28.857000
32.721001
25.958000
14.364000
-0.128820
-12.689000
-18.486000
-18.486000
-10.757000
-0.128820
6.634500
8.566800
6.634500
1.803500
-0.128820
-0.128820
-0.128820
-3.027400
-8.824500
-14.622000
-17.520000
-17.520000
-19.452000
-18.486000
-12.689000
-4.959700
-1.095000
1.803500
1.803500
0.837360
-0.128820
-3.993600
-9.790700
-10.757000
-12.689000
-13.655000
-14.622000
-13.655000
-6.892100
-1.095000
2.769700
1.803500
-1.095000
0.837360
-2.061200
-5.925900
-8.824500
-8.824500
-3.993600
1.803500
5.668300
11.465000
14.364000
13.398000
12.432000
9.533000
6.634500
2.769700
-1.095000
-6.892100
-12.689000
-13.655000
-7.858300
-0.128820
8.566800
16.296000
19.195000
15.330000
7.600600
-0.128820
-5.925900
-8.824500
-9.790700
-8.824500
-7.858300
-6.892100
1.803500
11.465000
17.261999
19.195000
18.229000
13.398000
9.533000
6.634500
3.735900
-0.128820
-3.027400
-5.925900
-3.993600
1.803500
3.735900
2.769700
-1.095000
-1.095000
-3.027400
-4.959700
-5.925900
-7.858300
-6.892100
-4.959700
-3.027400
-1.095000
1.803500
-0.128820
-0.128820
4.702100
9.533000
5.668300
-3.027400
-4.959700
-5.925900
-6.892100
-3.027400
-2.061200
1.803500
2.769700
1.803500
-1.095000
-3.993600
-8.824500
-14.622000
-16.554001
-14.622000
-9.790700
-3.993600
3.735900
8.566800
9.533000
9.533000
7.600600
6.634500
3.735900
2.769700
0.837360
-1.095000
-1.095000
-4.959700
-11.723000
-12.689000
-8.824500
0.837360
7.600600
10.499000
12.432000
10.499000
10.499000
12.432000
15.330000
16.296000
15.330000
10.499000
4.702100
1.803500
1.803500
1.803500
0.837360
0.837360
1.803500
-0.128820
-3.993600
-6.892100
-8.824500
-9.790700
-6.892100
-8.824500
-9.790700
-1.095000
10.499000
22.093000
30.789000
33.688000
31.754999
25.958000
18.229000
7.600600
-5.925900
-15.588000
-17.520000
-11.723000
-3.027400
1.803500
1.803500
-0.128820
-4.959700
-8.824500
-8.824500
-7.858300
-5.925900
-8.824500
-14.622000
-14.622000
-10.757000
-7.858300
-6.892100
-3.993600
-3.993600
1.803500
7.600600
8.566800
4.702100
-0.128820
-5.925900
-13.655000
-14.622000
-9.790700
-2.061200
4.702100
7.600600
12.432000
20.160999
21.127001
15.330000
8.566800
1.803500
-3.027400
-5.925900
-8.824500
-9.790700
-11.723000
-13.655000
-12.689000
-4.959700
1.803500
5.668300
10.499000
7.600600
1.803500
-3.027400
-9.790700
-15.588000
-14.622000
-10.757000
-7.858300
-4.959700
2.769700
7.600600
12.432000
17.261999
20.160999
20.160999
19.195000
15.330000
5.668300
-1.095000
-6.892100
-5.925900
-3.027400
1.803500
3.735900
3.735900
2.769700
4.702100
4.702100
0.837360
-3.027400
-3.993600
-5.925900
-8.824500
-6.892100
-3.993600
-2.061200
-0.128820
-2.061200
-3.027400
-2.061200
-3.027400
-3.993600
-5.925900
-7.858300
-6.892100
-5.925900
-6.892100
-4.959700
-2.061200
1.803500
8.566800
12.432000
11.465000
10.499000
4.702100
-2.061200
-6.892100
-12.689000
-15.588000
-12.689000
-8.824500
-2.061200
6.634500
11.465000
13.398000
12.432000
7.600600
7.600600
11.465000
13.398000
14.364000
9.533000
3.735900
0.837360
-0.128820
0.837360
-1.095000
-0.128820
0.837360
1.803500
4.702100
5.668300
4.702100
2.769700
-2.061200
-6.892100
-10.757000
-16.554001
-16.554001
-11.723000
-6.892100
-0.128820
5.668300
8.566800
12.432000
12.432000
9.533000
8.566800
1.803500
-6.892100
-11.723000
-11.723000
-9.790700
-6.892100
-2.061200
1.803500
1.803500
1.803500
5.668300
11.465000
15.330000
12.432000
10.499000
6.634500
2.769700
-0.128820
-0.128820
-1.095000
0.837360
1.803500
0.837360
-2.061200
-3.993600
-4.959700
-3.027400
-3.027400
-3.993600
-4.959700
-5.925900
-3.993600
-1.095000
1.803500
4.702100
9.533000
7.600600
3.735900
3.735900
1.803500
1.803500
-0.128820
-5.925900
-7.858300
-10.757000
-12.689000
-9.790700
-7.858300
-3.027400
-1.095000
-3.993600
-6.892100
-8.824500
-5.925900
-1.095000
-2.061200
-2.061200
-4.959700
-2.061200
2.769700
3.735900
3.735900
3.735900
0.837360
-0.128820
-1.095000
-3.027400
-4.959700
-8.824500
-15.588000
-18.486000
-18.486000
-14.622000
-7.858300
-4.959700
-2.061200
-1.095000
2.769700
5.668300
6.634500
2.769700
-2.061200
-4.959700
-4.959700
-3.027400
-0.128820
-0.128820
-1.095000
-1.095000
1.803500
6.634500
9.533000
14.364000
23.059999
26.924000
24.025999
18.229000
16.296000
16.296000
11.465000
0.837360
-6.892100
-9.790700
-7.858300
-5.925900
-2.061200
3.735900
10.499000
15.330000
18.229000
18.229000
18.229000
17.261999
13.398000
5.668300
-3.993600
-8.824500
-8.824500
-5.925900
-3.993600
-1.095000
2.769700
3.735900
4.702100
7.600600
9.533000
12.432000
11.465000
0.837360
-11.723000
-17.520000
-22.351000
-23.316999
-17.520000
-10.757000
-1.095000
3.735900
10.499000
14.364000
17.261999
14.364000
13.398000
13.398000
8.566800
6.634500
2.769700
-2.061200
-3.027400
-3.027400
-2.061200
2.769700
7.600600
11.465000
14.364000
14.364000
9.533000
8.566800
8.566800
6.634500
9.533000
12.432000
20.160999
26.924000
28.857000
24.992001
18.229000
10.499000
1.803500
-7.858300
-10.757000
-14.622000
-16.554001
-15.588000
-13.655000
-12.689000
-8.824500
-4.959700
-1.095000
-0.128820
0.837360
-0.128820
-0.128820
-1.095000
-3.993600
-7.858300
-13.655000
-12.689000
-9.790700
-11.723000
-19.452000
-24.283001
-26.216000
-25.250000
-23.316999
-25.250000
-24.283001
-22.351000
-17.520000
-15.588000
-14.622000
-11.723000
-5.925900
-1.095000
-3.027400
-6.892100
-6.892100
-6.892100
-5.925900
-9.790700
-8.824500
-1.095000
1.803500
2.769700
3.735900
4.702100
3.735900
0.837360
-3.027400
-4.959700
-3.027400
-2.061200
0.837360
6.634500
11.465000
12.432000
10.499000
6.634500
5.668300
2.769700
-3.993600
-7.858300
-9.790700
-8.824500
-3.993600
-0.128820
4.702100
5.668300
7.600600
10.499000
9.533000
7.600600
-0.128820
-11.723000
-18.486000
-15.588000
-5.925900
-0.128820
4.702100
13.398000
21.127001
27.889999
31.754999
31.754999
29.823000
24.025999
22.093000
18.229000
11.465000
7.600600
5.668300
5.668300
4.702100
1.803500
0.837360
-4.959700
-12.689000
-16.554001
-16.554001
-13.655000
-10.757000
-7.858300
-7.858300
-7.858300
-9.790700
-11.723000
-13.655000
-16.554001
-13.655000
-7.858300
-2.061200
2.769700
6.634500
9.533000
9.533000
7.600600
1.803500
-3.993600
-5.925900
-7.858300
-7.858300
-5.925900
-0.128820
2.769700
3.735900
6.634500
9.533000
5.668300
1.803500
-1.095000
-6.892100
-7.858300
-8.824500
-8.824500
-5.925900
-4.959700
-10.757000
-15.588000
-24.283001
-25.250000
-21.385000
-14.622000
-8.824500
-3.993600
4.702100
13.398000
22.093000
24.025999
19.195000
22.093000
24.992001
21.127001
18.229000
18.229000
12.432000
6.634500
2.769700
0.837360
4.702100
8.566800
13.398000
18.229000
23.059999
23.059999
15.330000
1.803500
-7.858300
-11.723000
-16.554001
-22.351000
-26.216000
-23.316999
-14.622000
1.803500
14.364000
24.025999
32.721001
35.619999
34.653999
31.754999
25.958000
14.364000
2.769700
-4.959700
-12.689000
-18.486000
-23.316999
-26.216000
-25.250000
-21.385000
-15.588000
-9.790700
-3.993600
-3.027400
1.803500
7.600600
12.432000
12.432000
13.398000
13.398000
7.600600
4.702100
3.735900
-0.128820
-5.925900
-10.757000
-10.757000
-6.892100
-5.925900
-4.959700
-2.061200
-2.061200
-2.061200
-3.993600
-4.959700
-2.061200
2.769700
2.769700
0.837360
-1.095000
-4.959700
-3.993600
-1.095000
-1.095000
-1.095000
-2.061200
-5.925900
-9.790700
-10.757000
-9.790700
-7.858300
-3.993600
1.803500
7.600600
11.465000
15.330000
18.229000
19.195000
13.398000
6.634500
2.769700
-0.128820
-5.925900
-12.689000
-19.452000
-24.283001
-22.351000
-15.588000
-6.892100
-0.128820
4.702100
3.735900
1.803500
-1.095000
-7.858300
-10.757000
-8.824500
-8.824500
-12.689000
-16.554001
-16.554001
-13.655000
-7.858300
-5.925900
-4.959700
-3.027400
-3.993600
-3.993600
-3.993600
-2.061200
-1.095000
0.837360
-1.095000
-2.061200
-1.095000
0.837360
6.634500
10.499000
12.432000
14.364000
18.229000
18.229000
16.296000
14.364000
5.668300
1.803500
0.837360
-2.061200
-4.959700
-8.824500
-9.790700
-6.892100
-3.027400
0.837360
4.702100
10.499000
16.296000
19.195000
16.296000
13.398000
12.432000
10.499000
5.668300
5.668300
5.668300
4.702100
3.735900
3.735900
5.668300
9.533000
6.634500
6.634500
9.533000
8.566800
4.702100
-3.027400
-8.824500
-9.790700
-11.723000
-15.588000
-16.554001
-16.554001
-12.689000
-7.858300
-3.027400
2.769700
3.735900
1.803500
-4.959700
-9.790700
-9.790700
-9.790700
-8.824500
-5.925900
-3.027400
-1.095000
-0.128820
2.769700
5.668300
5.668300
4.702100
4.702100
2.769700
-3.027400
-9.790700
-7.858300
-3.993600
1.803500
6.634500
12.432000
12.432000
8.566800
7.600600
9.533000
8.566800
5.668300
4.702100
2.769700
0.837360
1.803500
0.837360
1.803500
7.600600
13.398000
17.261999
21.127001
18.229000
12.432000
4.702100
-2.061200
-3.993600
