11.447000
9.495900
12.423000
9.495900
3.642300
-1.235800
-8.065000
-8.065000
-5.138200
-12.943000
-14.894000
-8.065000
-3.187000
-0.260160
3.642300
12.423000
12.423000
9.495900
12.423000
11.447000
4.617900
0.715450
0.715450
1.691100
-4.162600
-12.943000
-10.992000
-4.162600
-0.260160
8.520300
11.447000
10.472000
13.398000
13.398000
16.325001
10.472000
3.642300
-1.235800
-7.089400
-9.040700
-10.016000
-11.967000
-10.016000
-10.016000
-10.016000
-10.016000
-2.211400
1.691100
4.617900
1.691100
-0.260160
1.691100
2.666700
0.715450
-1.235800
-7.089400
-9.040700
-10.016000
-10.016000
-10.016000
-9.040700
-2.211400
0.715450
5.593500
1.691100
-0.260160
6.569100
5.593500
2.666700
2.666700
3.642300
6.569100
8.520300
4.617900
0.715450
-0.260160
3.642300
-0.260160
-0.260160
1.691100
-3.187000
-4.162600
1.691100
5.593500
3.642300
-0.260160
2.666700
4.617900
4.617900
6.569100
5.593500
-1.235800
-4.162600
-2.211400
-2.211400
0.715450
-8.065000
-10.016000
0.715450
5.593500
8.520300
6.569100
8.520300
9.495900
11.447000
4.617900
-1.235800
-3.187000
-1.235800
0.715450
0.715450
0.715450
2.666700
1.691100
1.691100
-6.113800
-4.162600
-3.187000
-5.138200
-6.113800
-4.162600
0.715450
0.715450
-0.260160
0.715450
4.617900
10.472000
5.593500
6.569100
12.423000
14.374000
11.447000
10.472000
14.374000
13.398000
7.544700
4.617900
-1.235800
-5.138200
-10.016000
-10.992000
-11.967000
-10.992000
-8.065000
-10.016000
-8.065000
-1.235800
5.593500
7.544700
11.447000
14.374000
16.325001
16.325001
18.275999
15.350000
6.569100
0.715450
5.593500
3.642300
0.715450
-6.113800
-9.040700
-6.113800
-7.089400
-7.089400
-8.065000
-5.138200
0.715450
6.569100
11.447000
13.398000
2.666700
-6.113800
-5.138200
-10.992000
-13.919000
-14.894000
-19.771999
-16.846001
-13.919000
-13.919000
-10.016000
-5.138200
2.666700
7.544700
6.569100
11.447000
15.350000
14.374000
11.447000
6.569100
1.691100
-7.089400
-17.820999
-12.943000
-7.089400
-7.089400
-5.138200
-6.113800
0.715450
-0.260160
1.691100
6.569100
9.495900
10.472000
10.472000
11.447000
11.447000
8.520300
3.642300
1.691100
1.691100
-2.211400
-11.967000
-17.820999
-15.870000
-10.992000
-8.065000
-1.235800
2.666700
6.569100
11.447000
13.398000
5.593500
0.715450
0.715450
0.715450
-0.260160
-7.089400
-7.089400
-6.113800
-9.040700
-6.113800
-4.162600
-8.065000
-3.187000
-0.260160
-0.260160
5.593500
7.544700
12.423000
8.520300
6.569100
4.617900
1.691100
-6.113800
-13.919000
-12.943000
-18.797001
-18.797001
-11.967000
-10.016000
-9.040700
-8.065000
-4.162600
4.617900
6.569100
6.569100
5.593500
7.544700
4.617900
-2.211400
-4.162600
-0.260160
-2.211400
0.715450
2.666700
2.666700
0.715450
-2.211400
2.666700
2.666700
-0.260160
-1.235800
-8.065000
-10.992000
-2.211400
2.666700
-3.187000
-5.138200
-8.065000
-12.943000
-15.870000
-10.016000
-3.187000
3.642300
4.617900
8.520300
15.350000
16.325001
9.495900
8.520300
4.617900
-0.260160
-3.187000
-1.235800
0.715450
0.715450
-2.211400
-1.235800
3.642300
10.472000
12.423000
5.593500
6.569100
7.544700
2.666700
3.642300
8.520300
10.472000
3.642300
-0.260160
2.666700
6.569100
2.666700
4.617900
6.569100
1.691100
-1.235800
2.666700
1.691100
0.715450
0.715450
3.642300
4.617900
0.715450
-1.235800
-4.162600
-2.211400
2.666700
7.544700
7.544700
5.593500
5.593500
3.642300
1.691100
-3.187000
1.691100
9.495900
9.495900
13.398000
7.544700
-0.260160
-8.065000
-10.992000
-10.992000
-4.162600
-6.113800
-7.089400
-1.235800
3.642300
5.593500
1.691100
-1.235800
-4.162600
-10.016000
-12.943000
-17.820999
-17.820999
-15.870000
-10.992000
-3.187000
-0.260160
4.617900
12.423000
16.325001
16.325001
14.374000
13.398000
11.447000
17.301001
14.374000
5.593500
2.666700
-1.235800
-10.016000
-15.870000
-20.747999
-24.650000
-22.698999
-17.820999
-10.992000
-5.138200
1.691100
8.520300
16.325001
18.275999
17.301001
10.472000
-2.211400
-12.943000
-14.894000
-22.698999
-22.698999
-21.724001
-14.894000
-4.162600
3.642300
5.593500
4.617900
8.520300
10.472000
8.520300
-0.260160
-4.162600
-6.113800
-13.919000
-17.820999
-15.870000
-13.919000
-10.992000
-3.187000
-6.113800
-0.260160
15.350000
17.301001
16.325001
18.275999
21.202999
18.275999
4.617900
-5.138200
-9.040700
-17.820999
-17.820999
-17.820999
-11.967000
-2.211400
4.617900
7.544700
8.520300
9.495900
11.447000
13.398000
11.447000
7.544700
3.642300
-2.211400
-6.113800
-1.235800
3.642300
1.691100
1.691100
10.472000
13.398000
11.447000
2.666700
2.666700
1.691100
-1.235800
-9.040700
-11.967000
-3.187000
3.642300
1.691100
-1.235800
1.691100
6.569100
9.495900
9.495900
5.593500
-1.235800
-1.235800
4.617900
3.642300
-5.138200
-10.016000
-9.040700
-10.992000
-13.919000
-11.967000
-5.138200
4.617900
5.593500
-2.211400
0.715450
4.617900
3.642300
-2.211400
-5.138200
-5.138200
-4.162600
1.691100
0.715450
-0.260160
-1.235800
-3.187000
-5.138200
-5.138200
-0.260160
0.715450
-0.260160
4.617900
4.617900
-0.260160
0.715450
2.666700
-2.211400
-0.260160
-2.211400
-9.040700
-10.992000
-10.016000
-10.016000
-8.065000
-6.113800
-5.138200
1.691100
1.691100
-2.211400
-3.187000
-1.235800
7.544700
11.447000
5.593500
3.642300
0.715450
-0.260160
-4.162600
-4.162600
-2.211400
-0.260160
-1.235800
-0.260160
-1.235800
-1.235800
0.715450
6.569100
4.617900
2.666700
1.691100
0.715450
2.666700
-3.187000
-5.138200
-10.016000
-6.113800
-0.260160
0.715450
0.715450
1.691100
4.617900
6.569100
2.666700
5.593500
3.642300
4.617900
7.544700
4.617900
-1.235800
2.666700
0.715450
-6.113800
-5.138200
-0.260160
4.617900
3.642300
5.593500
5.593500
7.544700
7.544700
4.617900
4.617900
3.642300
-1.235800
-5.138200
-9.040700
-12.943000
-7.089400
-5.138200
-2.211400
1.691100
2.666700
4.617900
3.642300
8.520300
9.495900
3.642300
4.617900
3.642300
3.642300
2.666700
-2.211400
-2.211400
-2.211400
-4.162600
-3.187000
0.715450
2.666700
6.569100
5.593500
8.520300
13.398000
15.350000
15.350000
15.350000
7.544700
-0.260160
0.715450
4.617900
4.617900
0.715450
-0.260160
5.593500
5.593500
8.520300
9.495900
5.593500
1.691100
1.691100
1.691100
-0.260160
-1.235800
-1.235800
-2.211400
-3.187000
-3.187000
-1.235800
-0.260160
2.666700
2.666700
1.691100
0.715450
0.715450
-1.235800
-0.260160
-0.260160
-0.260160
-3.187000
-7.089400
-6.113800
1.691100
-0.260160
-2.211400
-6.113800
-12.943000
-14.894000
-10.016000
-8.065000
-9.040700
-5.138200
-0.260160
-2.211400
-1.235800
4.617900
11.447000
4.617900
-10.016000
-11.967000
-11.967000
-17.820999
-14.894000
-9.040700
-7.089400
-8.065000
-6.113800
2.666700
9.495900
12.423000
20.228001
14.374000
9.495900
3.642300
-0.260160
-3.187000
-5.138200
-12.943000
-10.016000
-1.235800
7.544700
16.325001
22.179001
26.080999
19.252001
3.642300
-10.016000
-10.016000
-5.138200
-1.235800
-2.211400
-7.089400
-8.065000
-6.113800
2.666700
10.472000
7.544700
5.593500
9.495900
4.617900
-5.138200
-8.065000
-5.138200
-12.943000
-15.870000
-11.967000
-7.089400
-0.260160
11.447000
12.423000
10.472000
8.520300
6.569100
2.666700
-1.235800
-7.089400
-9.040700
-6.113800
-10.016000
-8.065000
-3.187000
-5.138200
-0.260160
5.593500
8.520300
10.472000
5.593500
0.715450
-3.187000
-3.187000
-3.187000
-4.162600
3.642300
1.691100
-4.162600
-9.040700
-13.919000
-13.919000
-11.967000
-15.870000
-18.797001
-14.894000
-2.211400
5.593500
9.495900
4.617900
2.666700
7.544700
-2.211400
-8.065000
-5.138200
-7.089400
-8.065000
-3.187000
2.666700
2.666700
1.691100
4.617900
9.495900
12.423000
12.423000
7.544700
10.472000
8.520300
3.642300
4.617900
-0.260160
-9.040700
-7.089400
-4.162600
-5.138200
-5.138200
-0.260160
4.617900
8.520300
15.350000
20.228001
13.398000
6.569100
2.666700
-3.187000
-7.089400
-9.040700
-10.016000
-7.089400
-7.089400
-7.089400
-9.040700
-7.089400
-10.016000
-3.187000
6.569100
8.520300
10.472000
12.423000
11.447000
7.544700
-4.162600
-6.113800
-4.162600
-7.089400
-8.065000
-10.992000
-8.065000
-8.065000
-8.065000
-5.138200
-2.211400
2.666700
2.666700
-0.260160
-1.235800
2.666700
1.691100
-2.211400
-4.162600
-5.138200
-1.235800
4.617900
9.495900
8.520300
8.520300
10.472000
16.325001
16.325001
15.350000
10.472000
3.642300
1.691100
-2.211400
-9.040700
-14.894000
-12.943000
-17.820999
-17.820999
-10.016000
-3.187000
4.617900
7.544700
5.593500
4.617900
6.569100
3.642300
0.715450
-0.260160
-6.113800
-7.089400
-6.113800
-9.040700
-9.040700
-5.138200
-8.065000
-6.113800
-0.260160
2.666700
7.544700
8.520300
5.593500
3.642300
4.617900
0.715450
-7.089400
-6.113800
-3.187000
-3.187000
-3.187000
-4.162600
-5.138200
1.691100
7.544700
7.544700
15.350000
20.228001
16.325001
10.472000
6.569100
5.593500
8.520300
3.642300
2.666700
0.715450
-9.040700
-10.992000
-10.016000
0.715450
12.423000
13.398000
11.447000
12.423000
13.398000
18.275999
25.106001
18.275999
8.520300
1.691100
-5.138200
-4.162600
-4.162600
-11.967000
-17.820999
-15.870000
-10.016000
-6.113800
-5.138200
-4.162600
2.666700
3.642300
2.666700
-0.260160
4.617900
5.593500
-1.235800
-4.162600
-4.162600
-8.065000
-3.187000
-7.089400
-12.943000
-12.943000
-10.992000
-3.187000
3.642300
6.569100
6.569100
11.447000
4.617900
-1.235800
-5.138200
-3.187000
2.666700
-0.260160
-6.113800
-7.089400
-7.089400
-6.113800
-3.187000
2.666700
7.544700
9.495900
9.495900
16.325001
17.301001
12.423000
6.569100
0.715450
-8.065000
-8.065000
-8.065000
-7.089400
-3.187000
-1.235800
2.666700
8.520300
12.423000
16.325001
20.228001
15.350000
11.447000
10.472000
1.691100
-4.162600
-6.113800
-5.138200
-4.162600
-3.187000
-5.138200
-10.992000
-14.894000
-8.065000
-1.235800
3.642300
7.544700
2.666700
0.715450
-0.260160
-3.187000
-5.138200
-2.211400
-6.113800
-10.016000
-10.992000
-6.113800
4.617900
4.617900
3.642300
2.666700
-3.187000
-8.065000
-8.065000
-12.943000
-18.797001
-17.820999
-13.919000
-14.894000
-14.894000
-14.894000
-8.065000
4.617900
12.423000
18.275999
20.228001
18.275999
11.447000
7.544700
5.593500
1.691100
4.617900
8.520300
1.691100
-4.162600
-4.162600
-10.016000
-16.846001
-17.820999
-16.846001
-2.211400
4.617900
1.691100
1.691100
-1.235800
-3.187000
-1.235800
-2.211400
-3.187000
-4.162600
-4.162600
-4.162600
-8.065000
-11.967000
-15.870000
-12.943000
-3.187000
-2.211400
1.691100
5.593500
