-4.848500
3.764000
9.505600
7.591700
2.807000
8.548600
10.463000
-5.805400
-1.020700
10.463000
5.677800
0.893140
-0.063800
-4.848500
-4.848500
-5.805400
2.807000
7.591700
-2.934600
-6.762400
2.807000
5.677800
-7.719300
-5.805400
0.893140
8.548600
6.634800
1.850100
-3.891500
3.764000
7.591700
5.677800
4.720900
1.850100
6.634800
-5.805400
-5.805400
0.893140
6.634800
6.634800
1.850100
-1.977700
2.807000
8.548600
7.591700
6.634800
0.893140
-2.934600
-0.063800
4.720900
3.764000
1.850100
-1.977700
-1.977700
-4.848500
-0.063800
2.807000
3.764000
-0.063800
-0.063800
-1.020700
-1.020700
4.720900
-1.977700
-3.891500
0.893140
1.850100
-3.891500
-4.848500
8.548600
12.376000
-3.891500
-5.805400
-3.891500
-1.020700
-1.020700
5.677800
4.720900
-0.063800
-1.977700
-5.805400
5.677800
18.118000
4.720900
0.893140
-2.934600
-2.934600
4.720900
5.677800
4.720900
9.505600
4.720900
-4.848500
-5.805400
0.893140
4.720900
3.764000
-1.977700
-3.891500
-7.719300
-5.805400
-4.848500
1.850100
1.850100
6.634800
9.505600
-1.977700
-3.891500
4.720900
3.764000
-6.762400
-3.891500
-1.020700
-4.848500
-11.547000
-8.676200
-10.590000
-17.289000
-5.805400
6.634800
-6.762400
-3.891500
8.548600
5.677800
-1.020700
-1.977700
-2.934600
7.591700
7.591700
-0.063800
1.850100
-5.805400
-6.762400
-1.020700
-1.977700
2.807000
5.677800
-3.891500
-4.848500
-10.590000
-7.719300
1.850100
-8.676200
-8.676200
-3.891500
-8.676200
-3.891500
-1.020700
-1.977700
0.893140
-1.977700
1.850100
3.764000
-5.805400
-1.977700
1.850100
6.634800
-1.020700
-7.719300
-10.590000
-2.934600
4.720900
1.850100
5.677800
10.463000
2.807000
1.850100
4.720900
13.333000
10.463000
8.548600
5.677800
-0.063800
2.807000
0.893140
0.893140
-0.063800
-1.020700
-1.020700
0.893140
0.893140
1.850100
3.764000
10.463000
0.893140
5.677800
5.677800
5.677800
13.333000
4.720900
1.850100
0.893140
-1.020700
-8.676200
-12.504000
-2.934600
2.807000
-1.977700
-1.020700
0.893140
7.591700
6.634800
3.764000
0.893140
1.850100
4.720900
6.634800
5.677800
-9.633200
-5.805400
-1.977700
0.893140
0.893140
3.764000
-3.891500
-9.633200
-1.020700
1.850100
-1.020700
-0.063800
-1.977700
-5.805400
-0.063800
3.764000
-1.020700
2.807000
-2.934600
-5.805400
10.463000
2.807000
-6.762400
-4.848500
-1.977700
1.850100
-1.020700
-2.934600
0.893140
7.591700
-0.063800
-3.891500
1.850100
5.677800
-1.020700
2.807000
8.548600
6.634800
-1.977700
-5.805400
-1.020700
-3.891500
-0.063800
1.850100
0.893140
1.850100
0.893140
-2.934600
7.591700
13.333000
7.591700
-1.020700
-3.891500
0.893140
-0.063800
3.764000
7.591700
10.463000
11.419000
5.677800
3.764000
-1.977700
-2.934600
0.893140
-3.891500
-4.848500
-8.676200
-5.805400
-5.805400
-2.934600
-1.020700
-2.934600
-1.020700
4.720900
2.807000
-1.020700
-3.891500
-4.848500
-1.977700
-3.891500
2.807000
-4.848500
1.850100
3.764000
-3.891500
-1.020700
0.893140
-7.719300
4.720900
3.764000
-4.848500
-2.934600
2.807000
1.850100
-1.977700
-3.891500
1.850100
0.893140
-2.934600
0.893140
-3.891500
-5.805400
-4.848500
-11.547000
-2.934600
-7.719300
-5.805400
0.893140
0.893140
-2.934600
2.807000
6.634800
-2.934600
2.807000
8.548600
3.764000
12.376000
8.548600
7.591700
6.634800
0.893140
-7.719300
-8.676200
-1.977700
-2.934600
-10.590000
-17.289000
-3.891500
-1.020700
2.807000
0.893140
-2.934600
-1.977700
5.677800
1.850100
-2.934600
-4.848500
-4.848500
1.850100
2.807000
2.807000
0.893140
-1.977700
3.764000
9.505600
11.419000
12.376000
0.893140
2.807000
-0.063800
0.893140
0.893140
-1.977700
-3.891500
-10.590000
-6.762400
-9.633200
-3.891500
3.764000
1.850100
-6.762400
10.463000
17.160999
13.333000
0.893140
-1.020700
1.850100
6.634800
0.893140
1.850100
6.634800
1.850100
-1.977700
-2.934600
2.807000
5.677800
-4.848500
-17.289000
-16.332001
-6.762400
3.764000
-7.719300
-10.590000
-1.977700
-1.977700
-1.020700
-1.020700
2.807000
0.893140
5.677800
1.850100
-1.977700
-2.934600
-10.590000
-4.848500
7.591700
8.548600
6.634800
2.807000
-4.848500
-1.977700
-2.934600
3.764000
4.720900
5.677800
5.677800
10.463000
18.118000
17.160999
5.677800
0.893140
6.634800
2.807000
-0.063800
4.720900
3.764000
-2.934600
-8.676200
-8.676200
-1.020700
7.591700
5.677800
4.720900
3.764000
2.807000
3.764000
3.764000
2.807000
6.634800
13.333000
12.376000
6.634800
1.850100
-1.977700
-0.063800
5.677800
2.807000
0.893140
-1.977700
-3.891500
-1.020700
-11.547000
-2.934600
-2.934600
-3.891500
-4.848500
-4.848500
-3.891500
0.893140
3.764000
4.720900
-1.020700
-2.934600
0.893140
-4.848500
-1.977700
-0.063800
1.850100
7.591700
-1.977700
-1.977700
5.677800
-6.762400
-8.676200
-3.891500
-19.202999
-1.977700
7.591700
-0.063800
-1.977700
-1.020700
-4.848500
3.764000
-1.977700
-2.934600
-3.891500
2.807000
-1.020700
-4.848500
-3.891500
-5.805400
-12.504000
-1.977700
7.591700
-2.934600
-4.848500
-2.934600
-8.676200
-10.590000
-7.719300
-0.063800
7.591700
9.505600
6.634800
6.634800
10.463000
5.677800
8.548600
13.333000
7.591700
15.247000
-1.977700
3.764000
7.591700
1.850100
-1.020700
-1.977700
-6.762400
0.893140
3.764000
-0.063800
-1.977700
-6.762400
-2.934600
6.634800
3.764000
-0.063800
1.850100
-2.934600
2.807000
2.807000
-1.020700
-11.547000
-4.848500
-5.805400
-3.891500
2.807000
-1.020700
2.807000
0.893140
-1.977700
-1.977700
-2.934600
-0.063800
0.893140
4.720900
6.634800
5.677800
8.548600
4.720900
-0.063800
-5.805400
-1.020700
-0.063800
0.893140
-1.977700
-0.063800
-1.020700
-1.020700
0.893140
-1.020700
-1.977700
-5.805400
-13.461000
-4.848500
7.591700
-1.977700
-1.020700
-5.805400
-4.848500
-4.848500
-2.934600
-0.063800
-1.977700
0.893140
1.850100
-0.063800
-1.977700
-2.934600
-10.590000
-9.633200
-0.063800
-1.977700
-3.891500
1.850100
-0.063800
-1.020700
-1.020700
2.807000
8.548600
-3.891500
3.764000
7.591700
-1.020700
1.850100
-1.977700
2.807000
6.634800
1.850100
3.764000
3.764000
7.591700
7.591700
8.548600
10.463000
4.720900
5.677800
13.333000
14.290000
8.548600
2.807000
4.720900
4.720900
-1.020700
-1.977700
-5.805400
0.893140
2.807000
-5.805400
-6.762400
-1.977700
-1.020700
-6.762400
-3.891500
-4.848500
11.419000
15.247000
9.505600
0.893140
-0.063800
-1.020700
-11.547000
-2.934600
-3.891500
-3.891500
-1.020700
-3.891500
-1.020700
5.677800
2.807000
-2.934600
-2.934600
0.893140
-5.805400
-4.848500
-5.805400
-6.762400
-1.977700
1.850100
4.720900
1.850100
-2.934600
-1.977700
4.720900
-0.063800
6.634800
3.764000
-6.762400
-6.762400
1.850100
5.677800
10.463000
-1.020700
2.807000
0.893140
-1.020700
-1.977700
3.764000
1.850100
-1.977700
-0.063800
-2.934600
0.893140
-2.934600
-1.020700
-2.934600
0.893140
-1.020700
-5.805400
-4.848500
3.764000
11.419000
5.677800
1.850100
-3.891500
0.893140
8.548600
4.720900
5.677800
4.720900
2.807000
-2.934600
-9.633200
0.893140
-9.633200
-3.891500
0.893140
-2.934600
-1.977700
-3.891500
-2.934600
-1.977700
2.807000
3.764000
-3.891500
-6.762400
4.720900
3.764000
2.807000
-3.891500
-1.977700
1.850100
-0.063800
0.893140
0.893140
3.764000
3.764000
5.677800
2.807000
-0.063800
-2.934600
-2.934600
-5.805400
-8.676200
1.850100
6.634800
-0.063800
-1.020700
-1.977700
-5.805400
3.764000
-1.020700
-0.063800
12.376000
1.850100
-1.977700
3.764000
6.634800
0.893140
-5.805400
-1.020700
-1.977700
1.850100
-1.020700
-1.020700
3.764000
-2.934600
-5.805400
-0.063800
6.634800
-1.020700
-5.805400
-6.762400
-2.934600
-0.063800
-3.891500
-2.934600
6.634800
3.764000
-6.762400
3.764000
-2.934600
-14.418000
-4.848500
1.850100
-0.063800
8.548600
3.764000
3.764000
4.720900
7.591700
0.893140
-1.977700
-2.934600
5.677800
3.764000
3.764000
4.720900
-1.977700
1.850100
-1.020700
-1.020700
-2.934600
-1.020700
0.893140
3.764000
-0.063800
9.505600
11.419000
5.677800
6.634800
6.634800
9.505600
8.548600
7.591700
1.850100
-0.063800
6.634800
10.463000
-1.977700
-0.063800
7.591700
10.463000
1.850100
-0.063800
-7.719300
-1.020700
0.893140
-1.977700
-12.504000
-3.891500
2.807000
-2.934600
-3.891500
0.893140
-1.020700
-8.676200
-6.762400
-2.934600
4.720900
0.893140
-6.762400
-1.020700
-2.934600
-3.891500
3.764000
-5.805400
-2.934600
-3.891500
-0.063800
9.505600
6.634800
11.419000
14.290000
12.376000
7.591700
4.720900
0.893140
-1.977700
-0.063800
1.850100
-1.977700
-14.418000
-4.848500
-1.020700
0.893140
-1.977700
2.807000
-1.020700
1.850100
1.850100
3.764000
1.850100
7.591700
0.893140
2.807000
4.720900
6.634800
2.807000
2.807000
-5.805400
-8.676200
-1.977700
-6.762400
-10.590000
-1.020700
12.376000
9.505600
13.333000
12.376000
5.677800
-0.063800
-1.977700
-2.934600
-1.020700
-4.848500
-7.719300
-7.719300
-12.504000
-17.289000
-10.590000
-5.805400
-9.633200
-13.461000
-12.504000
-5.805400
-9.633200
-7.719300
-6.762400
-0.063800
0.893140
-1.977700
4.720900
-4.848500
0.893140
-0.063800
-1.977700
3.764000
2.807000
-2.934600
-5.805400
1.850100
4.720900
3.764000
5.677800
2.807000
0.893140
-1.020700
-1.020700
1.850100
0.893140
5.677800
6.634800
4.720900
-0.063800
0.893140
2.807000
-1.020700
-0.063800
-4.848500
-1.977700
3.764000
3.764000
-2.934600
-8.676200
4.720900
9.505600
7.591700
6.634800
11.419000
15.247000
4.720900
-1.020700
-8.676200
-0.063800
-0.063800
-0.063800
1.850100
-0.063800
-1.020700
-3.891500
2.807000
-4.848500
-8.676200
-12.504000
-9.633200
-1.977700
-1.020700
-1.020700
5.677800
8.548600
1.850100
0.893140
-0.063800
-5.805400
6.634800
11.419000
3.764000
5.677800
7.591700
5.677800
7.591700
6.634800
1.850100
7.591700
1.850100
-3.891500
-0.063800
0.893140
2.807000
7.591700
11.419000
5.677800
-1.977700
-3.891500
-1.977700
-7.719300
-6.762400
-3.891500
2.807000
3.764000
3.764000
3.764000
-1.977700
3.764000
-1.977700
-4.848500
4.720900
3.764000
-6.762400
-7.719300
-14.418000
-10.590000
1.850100
8.548600
-0.063800
-6.762400
-1.977700
-1.977700
0.893140
4.720900
2.807000
8.548600
7.591700
1.850100
-1.977700
-0.063800
6.634800
1.850100
-0.063800
0.893140
5.677800
3.764000
-3.891500
-8.676200
-1.977700
-5.805400
-11.547000
-7.719300
-9.633200
-3.891500
-1.020700
1.850100
4.720900
3.764000
3.764000
