-1.841300
2.920600
6.730200
6.730200
4.825400
2.920600
4.825400
12.444000
9.587300
6.730200
6.730200
10.540000
10.540000
7.682500
-1.841300
-4.698400
-2.793700
1.015900
4.825400
5.777800
-1.841300
-5.650800
-4.698400
-1.841300
4.825400
2.920600
-5.650800
-5.650800
-7.555600
-1.841300
-1.841300
-9.460300
-5.650800
1.015900
3.873000
1.968300
1.968300
3.873000
6.730200
11.492000
4.825400
-0.888890
-3.746000
8.634900
20.063000
12.444000
1.015900
-0.888890
1.015900
1.015900
-5.650800
-4.698400
1.968300
4.825400
5.777800
-2.793700
-4.698400
-1.841300
-3.746000
-3.746000
0.063490
3.873000
-0.888890
-4.698400
-5.650800
-2.793700
-0.888890
-1.841300
-1.841300
0.063490
3.873000
2.920600
-0.888890
-2.793700
-7.555600
-9.460300
-8.507900
-8.507900
-5.650800
-5.650800
-1.841300
-2.793700
-4.698400
-0.888890
1.015900
6.730200
8.634900
5.777800
-1.841300
-2.793700
3.873000
5.777800
5.777800
5.777800
3.873000
6.730200
7.682500
1.015900
-2.793700
1.015900
10.540000
4.825400
2.920600
5.777800
2.920600
1.015900
-0.888890
1.968300
6.730200
-0.888890
-8.507900
-12.317000
-9.460300
-3.746000
4.825400
1.015900
-7.555600
-6.603200
-3.746000
-6.603200
-3.746000
0.063490
0.063490
-0.888890
1.015900
1.015900
1.968300
1.015900
3.873000
3.873000
2.920600
4.825400
4.825400
4.825400
4.825400
3.873000
4.825400
6.730200
2.920600
-0.888890
3.873000
3.873000
-1.841300
1.015900
2.920600
4.825400
7.682500
4.825400
1.968300
-1.841300
-5.650800
-4.698400
-0.888890
1.968300
3.873000
1.968300
-6.603200
-6.603200
2.920600
1.968300
1.015900
1.015900
-0.888890
0.063490
-3.746000
-5.650800
-1.841300
1.968300
-3.746000
-9.460300
-9.460300
-10.413000
-4.698400
-2.793700
0.063490
-0.888890
-3.746000
1.015900
-0.888890
-6.603200
-5.650800
-1.841300
0.063490
0.063490
-3.746000
-1.841300
2.920600
5.777800
6.730200
5.777800
5.777800
9.587300
5.777800
-0.888890
-2.793700
-1.841300
1.968300
3.873000
1.968300
-1.841300
-2.793700
1.015900
1.968300
0.063490
-1.841300
1.015900
8.634900
9.587300
1.968300
-5.650800
-9.460300
-5.650800
-1.841300
4.825400
2.920600
3.873000
1.015900
-6.603200
-9.460300
-8.507900
-3.746000
-3.746000
2.920600
6.730200
6.730200
5.777800
1.015900
2.920600
7.682500
5.777800
0.063490
-1.841300
-2.793700
0.063490
2.920600
2.920600
-0.888890
-7.555600
-5.650800
-8.507900
-9.460300
0.063490
6.730200
6.730200
8.634900
5.777800
0.063490
0.063490
-0.888890
-7.555600
-11.365000
-8.507900
-1.841300
1.015900
2.920600
9.587300
11.492000
6.730200
6.730200
1.968300
-4.698400
-6.603200
-13.270000
-17.079000
-7.555600
-0.888890
1.015900
-0.888890
-1.841300
-0.888890
1.015900
-4.698400
-5.650800
-2.793700
4.825400
12.444000
2.920600
-4.698400
-6.603200
-6.603200
-0.888890
0.063490
0.063490
-6.603200
-6.603200
-5.650800
-5.650800
-3.746000
-1.841300
2.920600
8.634900
9.587300
4.825400
2.920600
4.825400
5.777800
4.825400
4.825400
0.063490
-5.650800
-3.746000
1.968300
0.063490
-3.746000
-4.698400
-2.793700
-0.888890
1.015900
2.920600
5.777800
0.063490
2.920600
4.825400
3.873000
4.825400
6.730200
7.682500
7.682500
11.492000
7.682500
1.015900
-1.841300
-3.746000
-3.746000
-10.413000
-11.365000
-9.460300
-4.698400
3.873000
1.968300
-0.888890
2.920600
8.634900
8.634900
7.682500
7.682500
1.968300
0.063490
0.063490
0.063490
-2.793700
-4.698400
-5.650800
-5.650800
-5.650800
-0.888890
5.777800
8.634900
10.540000
15.302000
15.302000
2.920600
-3.746000
-1.841300
0.063490
-2.793700
-5.650800
-4.698400
-4.698400
-3.746000
-5.650800
-8.507900
-6.603200
-2.793700
1.015900
3.873000
5.777800
3.873000
0.063490
-3.746000
-6.603200
-4.698400
-5.650800
-1.841300
4.825400
5.777800
2.920600
1.015900
0.063490
-2.793700
-3.746000
-7.555600
-4.698400
-2.793700
-4.698400
-7.555600
-5.650800
-0.888890
3.873000
1.015900
-6.603200
-1.841300
6.730200
14.349000
14.349000
5.777800
-5.650800
-10.413000
-9.460300
-8.507900
-6.603200
-0.888890
-1.841300
-3.746000
-1.841300
-0.888890
-0.888890
-2.793700
-4.698400
-4.698400
1.015900
4.825400
5.777800
-1.841300
-7.555600
-5.650800
1.015900
8.634900
11.492000
1.015900
-7.555600
-7.555600
-4.698400
-5.650800
-1.841300
2.920600
6.730200
6.730200
2.920600
2.920600
4.825400
1.968300
1.015900
-11.365000
-14.222000
-1.841300
1.015900
1.968300
0.063490
-5.650800
-0.888890
11.492000
21.968000
20.063000
10.540000
0.063490
-3.746000
0.063490
1.015900
-8.507900
-18.032000
-17.079000
-12.317000
-10.413000
-11.365000
-6.603200
1.015900
5.777800
5.777800
3.873000
4.825400
13.397000
11.492000
5.777800
9.587300
5.777800
-2.793700
-10.413000
-13.270000
-8.507900
-9.460300
-16.127001
-16.127001
-11.365000
-3.746000
5.777800
4.825400
4.825400
9.587300
10.540000
9.587300
5.777800
2.920600
-0.888890
-2.793700
-1.841300
-5.650800
-8.507900
-12.317000
-11.365000
-6.603200
-1.841300
2.920600
5.777800
6.730200
9.587300
14.349000
11.492000
3.873000
-0.888890
0.063490
2.920600
1.015900
-2.793700
-6.603200
-7.555600
-4.698400
-6.603200
-5.650800
-2.793700
0.063490
2.920600
2.920600
-0.888890
-5.650800
-7.555600
-2.793700
0.063490
1.015900
3.873000
8.634900
5.777800
-0.888890
1.015900
6.730200
5.777800
3.873000
3.873000
9.587300
16.254000
16.254000
10.540000
5.777800
3.873000
1.968300
1.015900
2.920600
1.968300
2.920600
1.968300
-0.888890
1.968300
3.873000
3.873000
12.444000
14.349000
7.682500
2.920600
1.015900
-1.841300
-3.746000
-8.507900
-9.460300
-5.650800
0.063490
-0.888890
-6.603200
-11.365000
-15.175000
-11.365000
2.920600
14.349000
11.492000
7.682500
6.730200
12.444000
22.921000
21.968000
9.587300
-3.746000
-6.603200
-4.698400
-3.746000
-5.650800
-10.413000
-13.270000
-13.270000
-14.222000
-8.507900
-2.793700
4.825400
13.397000
15.302000
11.492000
9.587300
8.634900
8.634900
4.825400
3.873000
-0.888890
-4.698400
-11.365000
-18.032000
-13.270000
-6.603200
0.063490
-2.793700
-3.746000
0.063490
4.825400
5.777800
4.825400
6.730200
12.444000
14.349000
16.254000
11.492000
0.063490
-5.650800
-6.603200
-7.555600
-6.603200
-7.555600
-11.365000
-8.507900
1.015900
-1.841300
-11.365000
-16.127001
-16.127001
-9.460300
-2.793700
1.015900
1.968300
5.777800
6.730200
-5.650800
-13.270000
-3.746000
8.634900
5.777800
-8.507900
-14.222000
-12.317000
-7.555600
-0.888890
0.063490
-2.793700
-2.793700
-6.603200
-3.746000
0.063490
-3.746000
-5.650800
-5.650800
-4.698400
4.825400
6.730200
0.063490
1.015900
1.968300
4.825400
3.873000
1.968300
-2.793700
-4.698400
-6.603200
-4.698400
-1.841300
-5.650800
-2.793700
6.730200
8.634900
14.349000
9.587300
-0.888890
-2.793700
-5.650800
-5.650800
-7.555600
-9.460300
-10.413000
-9.460300
-3.746000
1.968300
2.920600
3.873000
4.825400
5.777800
4.825400
-2.793700
-11.365000
-15.175000
-14.222000
-15.175000
-14.222000
-16.127001
-12.317000
-9.460300
-5.650800
-0.888890
1.015900
1.968300
1.968300
1.015900
3.873000
8.634900
15.302000
21.968000
27.683001
25.778000
32.444000
40.063000
39.111000
40.063000
32.444000
26.730000
27.683001
27.683001
24.825001
24.825001
21.968000
15.302000
20.063000
20.063000
20.063000
14.349000
9.587300
10.540000
4.825400
-1.841300
-0.888890
0.063490
-6.603200
-9.460300
-6.603200
-3.746000
-4.698400
-8.507900
-6.603200
-3.746000
-3.746000
2.920600
2.920600
4.825400
3.873000
1.015900
0.063490
5.777800
8.634900
7.682500
2.920600
3.873000
6.730200
2.920600
0.063490
2.920600
0.063490
-0.888890
7.682500
3.873000
1.015900
4.825400
3.873000
3.873000
3.873000
-1.841300
-4.698400
-6.603200
-10.413000
-14.222000
-9.460300
-7.555600
-12.317000
-12.317000
-8.507900
-8.507900
-14.222000
-17.079000
-20.889000
-21.841000
-20.889000
-22.794001
-27.556000
-28.507999
-27.556000
-23.746000
-20.889000
-25.650999
-24.698000
-16.127001
-11.365000
-13.270000
-12.317000
-8.507900
-8.507900
-9.460300
-6.603200
-4.698400
-7.555600
-7.555600
-6.603200
0.063490
3.873000
8.634900
5.777800
1.015900
1.968300
9.587300
12.444000
11.492000
10.540000
13.397000
20.063000
31.492001
38.159000
39.111000
33.396999
29.587000
26.730000
20.063000
13.397000
8.634900
7.682500
6.730200
8.634900
4.825400
2.920600
4.825400
6.730200
-0.888890
-8.507900
-12.317000
-13.270000
-11.365000
-16.127001
-18.983999
-15.175000
-16.127001
-18.983999
-20.889000
-18.983999
-7.555600
1.968300
14.349000
10.540000
1.968300
5.777800
10.540000
14.349000
16.254000
12.444000
8.634900
5.777800
-1.841300
-7.555600
-7.555600
-12.317000
-21.841000
-28.507999
-34.222000
-35.174999
-35.174999
-37.078999
-38.032001
-40.889000
-38.032001
-32.317001
-26.603001
-26.603001
-24.698000
-23.746000
-18.032000
-11.365000
-6.603200
-8.507900
-11.365000
-8.507900
-8.507900
-18.983999
-22.794001
-18.983999
-7.555600
-5.650800
-8.507900
-9.460300
-15.175000
-16.127001
-12.317000
-8.507900
3.873000
9.587300
13.397000
10.540000
2.920600
1.968300
-3.746000
-9.460300
-8.507900
-6.603200
-4.698400
-1.841300
3.873000
7.682500
9.587300
14.349000
17.205999
14.349000
14.349000
16.254000
11.492000
10.540000
11.492000
6.730200
-0.888890
-10.413000
-15.175000
-16.127001
-8.507900
-4.698400
-2.793700
3.873000
9.587300
9.587300
10.540000
8.634900
7.682500
11.492000
11.492000
5.777800
7.682500
6.730200
7.682500
5.777800
7.682500
15.302000
20.063000
34.348999
43.873001
44.825001
48.634998
53.396999
53.396999
46.730000
39.111000
37.206001
34.348999
31.492001
28.635000
23.872999
27.683001
29.587000
29.587000
32.444000
32.444000
31.492001
32.444000
29.587000
26.730000
22.921000
17.205999
17.205999
13.397000
6.730200
1.015900
1.968300
1.968300
-4.698400
-9.460300
-8.507900
-7.555600
-14.222000
-15.175000
-9.460300
-8.507900
-10.413000
-10.413000
-16.127001
-18.983999
-19.937000
-22.794001
-25.650999
-27.556000
-24.698000
-20.889000
-18.032000
-16.127001
-19.937000
-16.127001
-11.365000
-10.413000
-6.603200
-0.888890
-2.793700
-7.555600
-6.603200
-7.555600
-11.365000
-7.555600
-7.555600
-8.507900
-13.270000
-12.317000
-1.841300
-5.650800
-7.555600
-5.650800
-10.413000
-12.317000
-18.032000
-22.794001
-17.079000
-18.983999
-27.556000
-34.222000
-37.078999
-35.174999
-30.413000
-32.317001
-27.556000
-23.746000
-22.794001
-18.983999
-14.222000
-13.270000
-13.270000
-15.175000
-19.937000
-17.079000
-9.460300
-5.650800
-10.413000
-13.270000
-7.555600
