-2.912600
1.941700
6.796100
8.737900
7.767000
6.796100
7.767000
13.592000
8.737900
6.796100
10.680000
12.621000
8.737900
3.883500
-1.941700
2.912600
5.825200
6.796100
5.825200
2.912600
-6.796100
-11.650000
-5.825200
2.912600
12.621000
10.680000
0.970870
-3.883500
-8.737900
-3.883500
-0.970870
-2.912600
5.825200
9.708700
3.883500
-8.737900
-10.680000
-2.912600
6.796100
9.708700
-1.941700
-9.708700
-2.912600
16.504999
27.184000
12.621000
-4.854400
-6.796100
-0.970870
5.825200
7.767000
7.767000
-0.970870
-8.737900
-7.767000
-4.854400
5.825200
11.650000
6.796100
6.796100
10.680000
8.737900
-12.621000
-24.271999
-19.417000
-9.708700
-1.941700
-3.883500
-1.941700
4.854400
13.592000
13.592000
7.767000
2.912600
-4.854400
-14.563000
-26.214001
-30.097000
-16.504999
-3.883500
3.883500
-3.883500
-8.737900
-2.912600
0.970870
7.767000
9.708700
8.737900
4.854400
1.941700
4.854400
4.854400
6.796100
9.708700
5.825200
4.854400
7.767000
1.941700
-5.825200
-2.912600
10.680000
11.650000
12.621000
9.708700
0.970870
0.000000
2.912600
4.854400
6.796100
-0.970870
-5.825200
-7.767000
-4.854400
-0.970870
4.854400
0.970870
-5.825200
-2.912600
0.970870
-5.825200
-6.796100
-6.796100
-5.825200
-1.941700
-1.941700
-0.970870
4.854400
7.767000
9.708700
6.796100
-0.970870
-6.796100
-2.912600
6.796100
11.650000
10.680000
10.680000
7.767000
-1.941700
-4.854400
0.970870
2.912600
-0.970870
0.970870
0.000000
-0.970870
0.970870
-0.970870
-6.796100
-15.534000
-12.621000
-2.912600
3.883500
3.883500
3.883500
0.970870
-3.883500
-4.854400
3.883500
1.941700
-1.941700
-3.883500
-1.941700
3.883500
2.912600
1.941700
2.912600
5.825200
2.912600
-0.970870
-5.825200
-16.504999
-19.417000
-16.504999
-6.796100
-0.970870
-3.883500
-3.883500
-4.854400
-3.883500
4.854400
7.767000
9.708700
6.796100
-1.941700
-2.912600
1.941700
4.854400
6.796100
6.796100
6.796100
6.796100
0.970870
-1.941700
-0.970870
0.000000
5.825200
9.708700
8.737900
2.912600
-1.941700
0.000000
3.883500
3.883500
-1.941700
-1.941700
4.854400
3.883500
-3.883500
-7.767000
-6.796100
0.000000
7.767000
10.680000
5.825200
6.796100
2.912600
-6.796100
-13.592000
-15.534000
-12.621000
-9.708700
-0.970870
1.941700
3.883500
7.767000
8.737900
11.650000
11.650000
5.825200
1.941700
4.854400
4.854400
8.737900
9.708700
3.883500
-9.708700
-18.447001
-13.592000
-11.650000
-7.767000
2.912600
7.767000
8.737900
11.650000
7.767000
0.000000
-6.796100
-11.650000
-12.621000
-5.825200
2.912600
9.708700
9.708700
8.737900
11.650000
13.592000
9.708700
8.737900
1.941700
-9.708700
-17.476000
-31.068001
-35.922001
-19.417000
-2.912600
4.854400
6.796100
3.883500
1.941700
4.854400
2.912600
-2.912600
-6.796100
0.970870
15.534000
11.650000
-0.970870
-8.737900
-9.708700
-2.912600
-0.970870
-5.825200
-7.767000
-4.854400
-1.941700
0.970870
-1.941700
-7.767000
-4.854400
5.825200
14.563000
14.563000
9.708700
4.854400
0.000000
-2.912600
-1.941700
0.000000
0.000000
1.941700
1.941700
-4.854400
-5.825200
-3.883500
-2.912600
-4.854400
-1.941700
0.970870
1.941700
-1.941700
1.941700
5.825200
3.883500
0.970870
1.941700
4.854400
7.767000
11.650000
8.737900
3.883500
2.912600
2.912600
2.912600
-1.941700
-2.912600
-4.854400
-0.970870
7.767000
2.912600
-4.854400
-1.941700
6.796100
8.737900
7.767000
9.708700
5.825200
4.854400
0.000000
-3.883500
-8.737900
-7.767000
-2.912600
-1.941700
0.970870
5.825200
6.796100
2.912600
5.825200
17.476000
22.330000
7.767000
0.970870
3.883500
6.796100
-2.912600
-13.592000
-11.650000
-5.825200
0.970870
-3.883500
-12.621000
-9.708700
-3.883500
-0.970870
0.000000
3.883500
6.796100
8.737900
7.767000
-0.970870
-2.912600
0.000000
8.737900
10.680000
2.912600
-7.767000
-13.592000
-9.708700
-3.883500
0.000000
-9.708700
-16.504999
-16.504999
-10.680000
-4.854400
1.941700
5.825200
3.883500
0.970870
-4.854400
1.941700
11.650000
18.447001
15.534000
1.941700
-9.708700
-9.708700
-8.737900
-7.767000
-4.854400
0.970870
-4.854400
-10.680000
-9.708700
-6.796100
-3.883500
1.941700
3.883500
3.883500
3.883500
1.941700
4.854400
1.941700
0.000000
-2.912600
-1.941700
0.970870
0.970870
-5.825200
-9.708700
-5.825200
-3.883500
-5.825200
-2.912600
2.912600
8.737900
9.708700
-0.970870
-3.883500
0.000000
0.000000
5.825200
-4.854400
-15.534000
-8.737900
-3.883500
4.854400
7.767000
0.000000
0.000000
5.825200
13.592000
12.621000
8.737900
5.825200
6.796100
7.767000
4.854400
-9.708700
-26.214001
-26.214001
-16.504999
-7.767000
-2.912600
2.912600
5.825200
6.796100
7.767000
9.708700
8.737900
14.563000
14.563000
10.680000
10.680000
4.854400
-1.941700
-8.737900
-13.592000
-9.708700
-13.592000
-19.417000
-17.476000
-10.680000
-1.941700
6.796100
1.941700
-0.970870
6.796100
11.650000
11.650000
7.767000
4.854400
0.970870
0.000000
1.941700
-0.970870
-5.825200
-12.621000
-17.476000
-15.534000
-7.767000
-0.970870
3.883500
4.854400
9.708700
16.504999
15.534000
3.883500
-7.767000
-7.767000
-0.970870
3.883500
3.883500
0.970870
-1.941700
-2.912600
-7.767000
-8.737900
-10.680000
-12.621000
-10.680000
-6.796100
-8.737900
-11.650000
-6.796100
1.941700
6.796100
9.708700
11.650000
15.534000
12.621000
2.912600
0.000000
4.854400
8.737900
8.737900
7.767000
12.621000
15.534000
14.563000
10.680000
5.825200
2.912600
4.854400
6.796100
6.796100
2.912600
-0.970870
-6.796100
-5.825200
2.912600
7.767000
7.767000
18.447001
24.271999
14.563000
8.737900
7.767000
10.680000
6.796100
-4.854400
-10.680000
-10.680000
-4.854400
-5.825200
-9.708700
-8.737900
-12.621000
-15.534000
-10.680000
-3.883500
-1.941700
3.883500
9.708700
16.504999
25.243000
20.388000
10.680000
4.854400
5.825200
4.854400
0.970870
-4.854400
-10.680000
-11.650000
-13.592000
-17.476000
-8.737900
-1.941700
0.970870
0.970870
1.941700
6.796100
11.650000
13.592000
8.737900
2.912600
5.825200
5.825200
2.912600
-6.796100
-15.534000
-10.680000
-1.941700
5.825200
1.941700
0.970870
0.000000
-5.825200
-7.767000
-2.912600
4.854400
12.621000
12.621000
14.563000
12.621000
1.941700
-2.912600
-1.941700
-0.970870
-0.970870
-9.708700
-24.271999
-20.388000
-5.825200
0.970870
-1.941700
-9.708700
-10.680000
-4.854400
1.941700
1.941700
-1.941700
0.000000
0.000000
-10.680000
-15.534000
-2.912600
10.680000
9.708700
-2.912600
-9.708700
-7.767000
-0.970870
4.854400
0.970870
-1.941700
-0.970870
-7.767000
-8.737900
-6.796100
-10.680000
-8.737900
-3.883500
-1.941700
7.767000
6.796100
-1.941700
0.000000
3.883500
6.796100
5.825200
3.883500
-3.883500
-4.854400
-4.854400
-1.941700
0.970870
-5.825200
-8.737900
0.000000
5.825200
15.534000
15.534000
1.941700
-7.767000
-12.621000
-10.680000
-6.796100
-3.883500
-5.825200
-6.796100
-8.737900
-9.708700
-11.650000
-6.796100
1.941700
8.737900
11.650000
5.825200
-0.970870
-4.854400
-7.767000
-15.534000
-22.330000
-30.097000
-26.214001
-16.504999
-6.796100
0.970870
5.825200
6.796100
6.796100
4.854400
6.796100
10.680000
16.504999
21.358999
26.214001
25.243000
29.125999
35.922001
38.834999
40.777000
30.097000
23.301001
27.184000
30.097000
27.184000
25.243000
21.358999
13.592000
15.534000
12.621000
9.708700
5.825200
2.912600
6.796100
0.970870
-5.825200
-2.912600
0.970870
-1.941700
-0.970870
2.912600
2.912600
-5.825200
-13.592000
-9.708700
-3.883500
-1.941700
3.883500
3.883500
6.796100
6.796100
3.883500
1.941700
6.796100
8.737900
8.737900
7.767000
8.737900
6.796100
0.000000
-4.854400
0.970870
1.941700
0.000000
6.796100
2.912600
1.941700
8.737900
7.767000
4.854400
3.883500
0.000000
0.970870
0.970870
-5.825200
-11.650000
-5.825200
-2.912600
-8.737900
-13.592000
-13.592000
-8.737900
-11.650000
-16.504999
-22.330000
-20.388000
-14.563000
-19.417000
-28.155001
-28.155001
-23.301001
-15.534000
-11.650000
-20.388000
-20.388000
-13.592000
-6.796100
-5.825200
-8.737900
-8.737900
-6.796100
-2.912600
0.970870
-0.970870
-8.737900
-10.680000
-5.825200
5.825200
8.737900
7.767000
1.941700
0.970870
6.796100
14.563000
15.534000
9.708700
5.825200
8.737900
16.504999
26.214001
31.068001
28.155001
23.301001
17.476000
14.563000
11.650000
9.708700
5.825200
1.941700
-2.912600
2.912600
4.854400
7.767000
13.592000
18.447001
7.767000
-6.796100
-14.563000
-15.534000
-12.621000
-13.592000
-11.650000
-5.825200
-6.796100
-8.737900
-13.592000
-16.504999
-11.650000
-4.854400
4.854400
0.970870
-7.767000
-4.854400
-1.941700
5.825200
12.621000
8.737900
2.912600
3.883500
2.912600
3.883500
2.912600
-9.708700
-25.243000
-31.068001
-34.951000
-38.834999
-42.717999
-43.688999
-41.748001
-38.834999
-33.980999
-28.155001
-17.476000
-13.592000
-13.592000
-16.504999
-11.650000
-1.941700
5.825200
0.970870
-9.708700
-17.476000
-18.447001
-22.330000
-21.358999
-14.563000
-3.883500
-0.970870
-2.912600
-5.825200
-13.592000
-13.592000
-7.767000
-0.970870
8.737900
11.650000
13.592000
8.737900
-1.941700
-2.912600
-5.825200
-7.767000
-2.912600
2.912600
9.708700
14.563000
19.417000
21.358999
18.447001
17.476000
14.563000
5.825200
0.000000
-0.970870
-4.854400
-1.941700
2.912600
0.970870
-1.941700
-8.737900
-11.650000
-8.737900
2.912600
9.708700
11.650000
13.592000
15.534000
13.592000
12.621000
10.680000
8.737900
10.680000
10.680000
8.737900
14.563000
14.563000
12.621000
9.708700
11.650000
17.476000
20.388000
29.125999
36.893002
37.863998
38.834999
40.777000
40.777000
35.922001
30.097000
30.097000
29.125999
28.155001
24.271999
18.447001
19.417000
22.330000
23.301001
24.271999
19.417000
18.447001
26.214001
25.243000
16.504999
8.737900
5.825200
8.737900
6.796100
3.883500
0.970870
0.970870
-0.970870
-12.621000
-15.534000
-11.650000
-6.796100
-10.680000
-10.680000
-5.825200
-10.680000
-18.447001
-19.417000
-18.447001
-14.563000
-12.621000
-16.504999
-21.358999
-22.330000
-18.447001
-20.388000
-21.358999
-22.330000
-26.214001
-22.330000
-17.476000
-11.650000
-5.825200
-0.970870
-4.854400
-8.737900
-7.767000
-6.796100
-5.825200
-2.912600
-7.767000
-4.854400
-5.825200
-3.883500
0.000000
-6.796100
-3.883500
0.000000
-3.883500
-7.767000
-15.534000
-19.417000
-11.650000
-12.621000
-23.301001
-29.125999
-28.155001
-26.214001
-23.301001
-25.243000
-17.476000
-10.680000
-9.708700
-10.680000
-8.737900
-8.737900
-5.825200
-7.767000
-14.563000
-13.592000
-6.796100
0.970870
1.941700
4.854400
6.796100
