12.683000
16.584999
17.561001
12.683000
11.707000
12.683000
14.634000
23.415001
18.537001
12.683000
14.634000
18.537001
17.561001
16.584999
6.829300
8.780500
11.707000
15.610000
9.756100
7.804900
5.853700
1.951200
2.926800
5.853700
8.780500
4.878000
2.926800
6.829300
6.829300
4.878000
0.975610
3.902400
9.756100
6.829300
2.926800
-0.975610
4.878000
5.853700
-2.926800
3.902400
4.878000
3.902400
8.780500
11.707000
10.732000
2.926800
-5.853700
0.000000
3.902400
6.829300
3.902400
3.902400
-0.975610
-2.926800
4.878000
1.951200
-5.853700
0.000000
3.902400
0.975610
0.975610
3.902400
0.975610
-5.853700
-2.926800
3.902400
3.902400
-5.853700
-11.707000
-12.683000
-12.683000
-13.659000
-7.804900
-2.926800
-5.853700
-9.756100
-8.780500
-11.707000
-4.878000
3.902400
-0.975610
-9.756100
-15.610000
-7.804900
-1.951200
1.951200
2.926800
0.000000
-5.853700
-5.853700
-1.951200
-2.926800
-2.926800
2.926800
7.804900
7.804900
4.878000
-2.926800
-7.804900
-2.926800
5.853700
-2.926800
-2.926800
2.926800
2.926800
-0.975610
-3.902400
-1.951200
2.926800
0.975610
-7.804900
-6.829300
-6.829300
0.000000
4.878000
-0.975610
-1.951200
-1.951200
-1.951200
0.000000
0.000000
0.975610
-3.902400
-8.780500
-2.926800
1.951200
1.951200
-6.829300
-7.804900
-0.975610
8.780500
6.829300
2.926800
-0.975610
1.951200
0.000000
-1.951200
-0.975610
-2.926800
-0.975610
3.902400
6.829300
8.780500
13.659000
5.853700
4.878000
8.780500
7.804900
6.829300
1.951200
-1.951200
1.951200
4.878000
2.926800
1.951200
2.926800
3.902400
5.853700
10.732000
4.878000
3.902400
2.926800
4.878000
9.756100
6.829300
4.878000
5.853700
10.732000
6.829300
0.975610
-3.902400
-2.926800
2.926800
2.926800
0.000000
2.926800
3.902400
6.829300
4.878000
2.926800
1.951200
1.951200
-0.975610
0.000000
0.000000
1.951200
4.878000
5.853700
8.780500
7.804900
9.756100
8.780500
3.902400
0.000000
0.975610
2.926800
4.878000
1.951200
0.000000
0.975610
5.853700
7.804900
3.902400
4.878000
2.926800
2.926800
6.829300
4.878000
0.000000
0.000000
0.000000
-0.975610
-1.951200
2.926800
1.951200
0.000000
-2.926800
-6.829300
-5.853700
-5.853700
-2.926800
-8.780500
-3.902400
-3.902400
-5.853700
-1.951200
-0.975610
-1.951200
-2.926800
-3.902400
-7.804900
-3.902400
-0.975610
0.000000
0.000000
3.902400
3.902400
5.853700
3.902400
-3.902400
-3.902400
0.975610
-0.975610
-2.926800
-4.878000
-5.853700
-2.926800
-1.951200
-0.975610
1.951200
6.829300
6.829300
8.780500
2.926800
2.926800
3.902400
-1.951200
-2.926800
3.902400
0.975610
-3.902400
-2.926800
-7.804900
-15.610000
-9.756100
3.902400
10.732000
4.878000
-5.853700
-6.829300
-2.926800
0.975610
-1.951200
-1.951200
6.829300
11.707000
4.878000
-0.975610
-1.951200
-3.902400
-0.975610
0.000000
-0.975610
-2.926800
-0.975610
0.000000
0.975610
2.926800
5.853700
-1.951200
-3.902400
-1.951200
-1.951200
-4.878000
2.926800
8.780500
8.780500
9.756100
1.951200
-3.902400
-3.902400
5.853700
2.926800
0.000000
-2.926800
0.000000
0.000000
2.926800
4.878000
3.902400
0.000000
0.000000
-3.902400
-5.853700
2.926800
6.829300
3.902400
0.975610
3.902400
-0.975610
0.000000
0.975610
1.951200
-0.975610
-8.780500
-3.902400
-1.951200
-3.902400
-2.926800
-4.878000
0.000000
3.902400
4.878000
0.000000
0.000000
7.804900
2.926800
2.926800
3.902400
5.853700
-4.878000
-7.804900
-5.853700
-7.804900
-7.804900
-4.878000
-3.902400
-11.707000
-12.683000
-2.926800
5.853700
-0.975610
0.000000
7.804900
13.659000
5.853700
-0.975610
-4.878000
-3.902400
2.926800
-1.951200
-8.780500
-7.804900
-4.878000
-1.951200
1.951200
2.926800
3.902400
3.902400
7.804900
6.829300
7.804900
2.926800
-1.951200
0.975610
3.902400
6.829300
0.975610
-11.707000
-16.584999
-9.756100
-6.829300
0.000000
7.804900
1.951200
-10.732000
-7.804900
-6.829300
-4.878000
3.902400
2.926800
0.975610
0.000000
6.829300
10.732000
4.878000
-2.926800
-1.951200
2.926800
1.951200
-1.951200
3.902400
1.951200
-5.853700
-3.902400
-2.926800
2.926800
7.804900
4.878000
-2.926800
0.000000
6.829300
11.707000
3.902400
4.878000
-0.975610
-6.829300
-7.804900
-1.951200
0.975610
0.975610
-0.975610
0.975610
6.829300
8.780500
1.951200
-5.853700
-1.951200
2.926800
1.951200
-3.902400
-8.780500
-11.707000
-10.732000
-4.878000
5.853700
6.829300
7.804900
2.926800
-2.926800
1.951200
7.804900
8.780500
5.853700
7.804900
2.926800
1.951200
0.000000
-4.878000
-9.756100
-13.659000
-10.732000
-8.780500
-6.829300
0.000000
0.000000
-1.951200
2.926800
4.878000
6.829300
2.926800
1.951200
-2.926800
0.975610
6.829300
5.853700
1.951200
-1.951200
-2.926800
-0.975610
-7.804900
-11.707000
-8.780500
-1.951200
4.878000
13.659000
13.659000
5.853700
5.853700
15.610000
16.584999
7.804900
5.853700
3.902400
-1.951200
-2.926800
-2.926800
-7.804900
-6.829300
-2.926800
0.000000
-0.975610
0.975610
5.853700
2.926800
1.951200
1.951200
3.902400
0.975610
3.902400
8.780500
8.780500
1.951200
-4.878000
-1.951200
1.951200
-1.951200
-9.756100
-5.853700
-6.829300
-7.804900
-4.878000
-3.902400
-5.853700
-5.853700
0.975610
2.926800
-2.926800
4.878000
4.878000
0.975610
1.951200
-11.707000
-11.707000
-2.926800
0.000000
-5.853700
-0.975610
2.926800
5.853700
8.780500
8.780500
7.804900
6.829300
4.878000
0.975610
-7.804900
-10.732000
-10.732000
-14.634000
-13.659000
-14.634000
-12.683000
-10.732000
-2.926800
-1.951200
1.951200
7.804900
12.683000
11.707000
4.878000
-1.951200
0.975610
0.975610
0.000000
-3.902400
-8.780500
-8.780500
-9.756100
-0.975610
5.853700
6.829300
4.878000
10.732000
13.659000
14.634000
17.561001
19.511999
13.659000
8.780500
3.902400
-0.975610
5.853700
7.804900
3.902400
-1.951200
-1.951200
-4.878000
-0.975610
0.000000
-0.975610
6.829300
9.756100
8.780500
10.732000
9.756100
12.683000
11.707000
8.780500
7.804900
5.853700
4.878000
0.000000
1.951200
-0.975610
-1.951200
-6.829300
-9.756100
-4.878000
-0.975610
-3.902400
-3.902400
0.975610
0.000000
0.000000
-1.951200
-6.829300
-12.683000
-12.683000
-3.902400
0.975610
-2.926800
-5.853700
-5.853700
-2.926800
0.975610
-1.951200
0.000000
-1.951200
-3.902400
-5.853700
-6.829300
-9.756100
-8.780500
-7.804900
-4.878000
-5.853700
-4.878000
0.000000
3.902400
0.975610
-1.951200
0.000000
-2.926800
-0.975610
3.902400
-0.975610
-5.853700
-5.853700
-10.732000
-8.780500
-8.780500
-6.829300
-4.878000
-1.951200
-0.975610
8.780500
8.780500
1.951200
5.853700
5.853700
3.902400
0.975610
4.878000
0.000000
0.000000
-8.780500
-8.780500
-6.829300
-3.902400
-1.951200
1.951200
4.878000
9.756100
8.780500
1.951200
3.902400
4.878000
3.902400
0.975610
-0.975610
-3.902400
-4.878000
-2.926800
1.951200
4.878000
5.853700
2.926800
2.926800
3.902400
0.000000
-3.902400
-6.829300
-5.853700
-6.829300
-3.902400
-5.853700
-2.926800
-5.853700
-2.926800
-2.926800
-2.926800
0.975610
5.853700
10.732000
16.584999
22.438999
23.415001
23.415001
24.389999
25.365999
32.195000
34.146000
34.146000
35.122002
29.268000
25.365999
32.195000
36.098000
35.122002
34.146000
28.292999
21.462999
22.438999
20.488001
20.488001
16.584999
11.707000
7.804900
1.951200
-1.951200
5.853700
7.804900
4.878000
4.878000
2.926800
0.000000
-6.829300
-9.756100
-11.707000
-8.780500
-7.804900
-3.902400
-3.902400
5.853700
8.780500
11.707000
11.707000
21.462999
21.462999
18.537001
15.610000
15.610000
13.659000
9.756100
12.683000
14.634000
7.804900
4.878000
16.584999
11.707000
5.853700
6.829300
6.829300
5.853700
1.951200
-5.853700
-2.926800
1.951200
-5.853700
-9.756100
-10.732000
-13.659000
-17.561001
-22.438999
-24.389999
-20.488001
-28.292999
-33.171001
-40.976002
-42.926998
-40.000000
-44.877998
-50.731998
-49.756001
-46.828999
-41.951000
-35.122002
-40.976002
-40.000000
-35.122002
-32.195000
-32.195000
-26.341000
-16.584999
-15.610000
-10.732000
-7.804900
-12.683000
-10.732000
-5.853700
-1.951200
4.878000
1.951200
4.878000
4.878000
4.878000
6.829300
10.732000
13.659000
27.316999
41.951000
62.438999
84.877998
112.199997
123.900002
123.900002
123.900002
123.900002
123.900002
122.930000
96.584999
72.195000
48.779999
31.219999
22.438999
-1.951200
-20.488001
-33.171001
-39.023998
-50.731998
-61.463001
-71.220001
-73.170998
-75.122002
-78.049004
-76.098000
-73.170998
-75.122002
-70.244003
-56.584999
-36.098000
1.951200
38.049000
67.317001
87.805000
109.269997
123.900002
123.900002
123.900002
114.150002
100.489998
80.975998
59.512001
28.292999
0.975610
-24.389999
-52.682999
-75.122002
-85.853996
-100.489998
-114.150002
-123.900002
-123.900002
-123.900002
-123.900002
-123.900002
-123.900002
-123.900002
-123.900002
-120.980003
-121.949997
-114.150002
-99.512001
-85.853996
-81.950996
-82.927002
-82.927002
-79.024002
-77.072998
-71.220001
-63.415001
-57.561001
-51.707001
-49.756001
-44.877998
-44.877998
-39.023998
-38.049000
-35.122002
-25.365999
-21.462999
-14.634000
-12.683000
-14.634000
-13.659000
-20.488001
-26.341000
-19.511999
-10.732000
-4.878000
-4.878000
1.951200
13.659000
25.365999
35.122002
35.122002
23.415001
18.537001
21.462999
22.438999
24.389999
28.292999
29.268000
29.268000
25.365999
22.438999
25.365999
31.219999
36.098000
33.171001
34.146000
36.098000
34.146000
32.195000
33.171001
30.243999
32.195000
33.171001
28.292999
32.195000
35.122002
38.049000
35.122002
38.049000
47.805000
55.610001
65.365997
70.244003
73.170998
75.122002
76.098000
73.170998
66.341003
67.317001
67.317001
66.341003
63.415001
52.682999
42.926998
45.854000
53.659000
51.707001
48.779999
46.828999
40.976002
40.976002
37.073002
32.195000
23.415001
16.584999
20.488001
24.389999
20.488001
11.707000
8.780500
5.853700
-0.975610
0.975610
-2.926800
-5.853700
-16.584999
-16.584999
-16.584999
-21.462999
-24.389999
-21.462999
-27.316999
-25.365999
-25.365999
-31.219999
-37.073002
-42.926998
-36.098000
-28.292999
-22.438999
-25.365999
-25.365999
-16.584999
-8.780500
-8.780500
-8.780500
-3.902400
-11.707000
-13.659000
-10.732000
-9.756100
-10.732000
-6.829300
-11.707000
-4.878000
-6.829300
-10.732000
-4.878000
-12.683000
-17.561001
-16.584999
-29.268000
-30.243999
-30.243999
-40.000000
-41.951000
-50.731998
-57.561001
-56.584999
-53.659000
-57.561001
-53.659000
-54.633999
-46.828999
-40.000000
-37.073002
-33.171001
-26.341000
-29.268000
-33.171001
-30.243999
-28.292999
-26.341000
-18.537001
-8.780500
-13.659000
-9.756100
-6.829300
