-3.955300
6.571000
-2.041500
3.700200
10.399000
-2.041500
6.571000
4.657100
3.700200
3.700200
1.786300
-4.912300
-2.998400
1.786300
7.527900
11.356000
0.829350
-3.955300
0.829350
0.829350
-0.127590
3.700200
2.743200
2.743200
-2.041500
6.571000
9.441800
9.441800
0.829350
-2.041500
-0.127590
-1.084500
7.527900
3.700200
9.441800
0.829350
-1.084500
-7.783100
5.614000
12.313000
-1.084500
0.829350
4.657100
1.786300
1.786300
4.657100
4.657100
3.700200
-0.127590
2.743200
-5.869200
-10.654000
-5.869200
7.527900
11.356000
-1.084500
-6.826200
-2.041500
-2.998400
-2.041500
3.700200
6.571000
-2.041500
-3.955300
-1.084500
-1.084500
1.786300
-3.955300
-15.439000
-7.783100
5.614000
2.743200
-10.654000
1.786300
-5.869200
-8.740000
2.743200
3.700200
-6.826200
-1.084500
-4.912300
-8.740000
-4.912300
0.829350
0.829350
3.700200
2.743200
-2.998400
-5.869200
-3.955300
0.829350
1.786300
-0.127590
0.829350
-0.127590
0.829350
-2.041500
-5.869200
-5.869200
-6.826200
-0.127590
-8.740000
-2.041500
2.743200
-1.084500
2.743200
1.786300
-4.912300
-12.568000
0.829350
16.139999
4.657100
-3.955300
-5.869200
1.786300
8.484800
7.527900
7.527900
-1.084500
-16.396000
4.657100
12.313000
-0.127590
7.527900
0.829350
-1.084500
-1.084500
-4.912300
2.743200
1.786300
9.441800
9.441800
-0.127590
0.829350
8.484800
8.484800
2.743200
-1.084500
-11.611000
-4.912300
-2.998400
-2.041500
10.399000
12.313000
9.441800
-1.084500
2.743200
10.399000
9.441800
-1.084500
-3.955300
-2.041500
5.614000
-9.697000
2.743200
7.527900
2.743200
-1.084500
-1.084500
-6.826200
-2.041500
5.614000
6.571000
6.571000
2.743200
-2.998400
-0.127590
7.527900
6.571000
-8.740000
0.829350
4.657100
6.571000
-4.912300
-4.912300
-5.869200
-1.084500
7.527900
3.700200
-10.654000
-2.041500
0.829350
10.399000
5.614000
-10.654000
-7.783100
-0.127590
5.614000
-0.127590
-2.998400
7.527900
9.441800
7.527900
1.786300
-4.912300
-7.783100
-3.955300
-2.041500
3.700200
5.614000
-7.783100
0.829350
-3.955300
-3.955300
3.700200
-2.041500
6.571000
7.527900
-6.826200
-2.041500
2.743200
9.441800
11.356000
1.786300
-4.912300
0.829350
7.527900
-3.955300
-5.869200
-4.912300
-11.611000
-7.783100
-2.041500
-5.869200
-0.127590
3.700200
2.743200
3.700200
-3.955300
0.829350
3.700200
8.484800
-2.998400
-1.084500
-6.826200
3.700200
10.399000
-0.127590
0.829350
0.829350
4.657100
5.614000
-1.084500
-4.912300
-8.740000
-0.127590
3.700200
-11.611000
-9.697000
7.527900
4.657100
7.527900
11.356000
0.829350
9.441800
-2.998400
-1.084500
-2.998400
0.829350
-11.611000
-13.525000
-2.041500
-0.127590
1.786300
-6.826200
-0.127590
-2.041500
-2.041500
9.441800
2.743200
-4.912300
-8.740000
-5.869200
-1.084500
14.226000
19.011000
3.700200
-2.998400
-1.084500
-4.912300
3.700200
5.614000
-0.127590
-20.223000
-0.127590
9.441800
-0.127590
1.786300
-2.998400
-9.697000
0.829350
6.571000
-8.740000
-0.127590
4.657100
-3.955300
-2.041500
-0.127590
0.829350
6.571000
10.399000
0.829350
-7.783100
1.786300
15.183000
11.356000
-9.697000
1.786300
21.882000
22.839001
9.441800
-19.266001
-11.611000
2.743200
1.786300
-2.998400
-9.697000
2.743200
11.356000
5.614000
3.700200
-4.912300
3.700200
11.356000
1.786300
-4.912300
-11.611000
-12.568000
-10.654000
-6.826200
-13.525000
-24.051001
-14.482000
-2.041500
4.657100
1.786300
-5.869200
2.743200
14.226000
15.183000
7.527900
10.399000
5.614000
-0.127590
-1.084500
-3.955300
-6.826200
-18.309000
-12.568000
-6.826200
-0.127590
1.786300
10.399000
5.614000
19.968000
11.356000
-3.955300
0.829350
-2.041500
5.614000
-6.826200
-10.654000
-19.266001
1.786300
14.226000
-3.955300
-12.568000
2.743200
4.657100
2.743200
12.313000
6.571000
8.484800
8.484800
2.743200
4.657100
11.356000
5.614000
-14.482000
-30.750000
-15.439000
-13.525000
-0.127590
13.270000
7.527900
-8.740000
3.700200
14.226000
12.313000
13.270000
-3.955300
7.527900
11.356000
2.743200
-6.826200
-8.740000
-2.041500
-2.998400
-6.826200
-4.912300
-0.127590
6.571000
-0.127590
-3.955300
-1.084500
-0.127590
7.527900
11.356000
-2.041500
-5.869200
6.571000
10.399000
1.786300
-2.041500
2.743200
2.743200
0.829350
-15.439000
-7.783100
2.743200
-1.084500
-8.740000
-3.955300
-2.041500
5.614000
9.441800
0.829350
10.399000
8.484800
-5.869200
0.829350
-5.869200
-8.740000
-11.611000
-22.136999
-1.084500
5.614000
1.786300
-6.826200
-6.826200
-5.869200
1.786300
10.399000
6.571000
6.571000
-0.127590
1.786300
3.700200
2.743200
-14.482000
-6.826200
12.313000
8.484800
-1.084500
-0.127590
6.571000
9.441800
2.743200
-7.783100
2.743200
0.829350
1.786300
-11.611000
-5.869200
13.270000
7.527900
-6.826200
-12.568000
2.743200
20.924999
13.270000
-3.955300
0.829350
13.270000
13.270000
11.356000
-2.998400
-17.351999
1.786300
8.484800
-2.041500
5.614000
7.527900
1.786300
-7.783100
10.399000
13.270000
3.700200
-16.396000
-9.697000
-0.127590
-9.697000
-16.396000
-18.309000
-4.912300
-0.127590
-3.955300
-0.127590
5.614000
-7.783100
4.657100
19.011000
8.484800
-8.740000
-0.127590
12.313000
-3.955300
-11.611000
-17.351999
-21.180000
-9.697000
-6.826200
-12.568000
-3.955300
5.614000
12.313000
-0.127590
9.441800
18.054001
14.226000
18.054001
1.786300
-26.922001
-18.309000
9.441800
0.829350
-8.740000
-17.351999
-20.223000
-7.783100
7.527900
14.226000
9.441800
-1.084500
1.786300
6.571000
11.356000
15.183000
-5.869200
-5.869200
1.786300
-2.041500
-1.084500
-6.826200
-9.697000
-13.525000
-0.127590
0.829350
7.527900
11.356000
3.700200
5.614000
14.226000
10.399000
9.441800
10.399000
9.441800
8.484800
3.700200
-0.127590
-7.783100
-13.525000
-30.750000
-17.351999
-8.740000
-5.869200
2.743200
-2.041500
12.313000
23.796000
20.924999
16.139999
19.011000
10.399000
7.527900
10.399000
1.786300
-6.826200
-3.955300
-2.041500
-11.611000
-8.740000
-5.869200
-17.351999
-4.912300
9.441800
4.657100
-2.998400
-1.084500
-2.998400
-4.912300
5.614000
6.571000
-0.127590
-7.783100
-16.396000
-3.955300
1.786300
-6.826200
-8.740000
-10.654000
-8.740000
2.743200
10.399000
2.743200
-5.869200
-3.955300
-5.869200
-6.826200
-8.740000
-14.482000
6.571000
17.097000
1.786300
-12.568000
1.786300
17.097000
12.313000
10.399000
-6.826200
-1.084500
13.270000
10.399000
1.786300
-1.084500
-4.912300
-2.041500
-9.697000
8.484800
15.183000
11.356000
14.226000
10.399000
6.571000
10.399000
14.226000
22.839001
19.011000
5.614000
-11.611000
-2.041500
16.139999
13.270000
-0.127590
-10.654000
-14.482000
2.743200
13.270000
12.313000
14.226000
4.657100
13.270000
15.183000
10.399000
-1.084500
-5.869200
-23.094000
-5.869200
9.441800
-0.127590
-9.697000
-10.654000
-9.697000
-3.955300
-0.127590
-2.998400
-2.998400
-6.826200
-4.912300
-8.740000
-15.439000
-13.525000
-12.568000
-10.654000
-4.912300
-8.740000
-11.611000
-0.127590
-0.127590
-4.912300
-9.697000
-7.783100
-2.998400
-7.783100
-5.869200
2.743200
-0.127590
-2.041500
-1.084500
-7.783100
-2.998400
2.743200
2.743200
-1.084500
3.700200
13.270000
13.270000
16.139999
21.882000
23.796000
15.183000
11.356000
8.484800
9.441800
20.924999
23.796000
20.924999
13.270000
19.011000
22.839001
21.882000
10.399000
5.614000
14.226000
4.657100
-4.912300
0.829350
8.484800
7.527900
1.786300
-2.998400
1.786300
9.441800
7.527900
-8.740000
-5.869200
5.614000
7.527900
4.657100
-0.127590
-2.041500
-8.740000
-8.740000
-6.826200
-0.127590
0.829350
3.700200
8.484800
8.484800
3.700200
1.786300
5.614000
10.399000
8.484800
3.700200
0.829350
6.571000
7.527900
-3.955300
0.829350
0.829350
-3.955300
1.786300
10.399000
1.786300
-5.869200
-5.869200
-0.127590
1.786300
-1.084500
-2.998400
-1.084500
-9.697000
-1.084500
-0.127590
-13.525000
-9.697000
-14.482000
-16.396000
-21.180000
-20.223000
-9.697000
-14.482000
-15.439000
-16.396000
-16.396000
-13.525000
-12.568000
-9.697000
-6.826200
-5.869200
-2.041500
-12.568000
-14.482000
-15.439000
-8.740000
-2.998400
-4.912300
-0.127590
-3.955300
-6.826200
-7.783100
-0.127590
-1.084500
4.657100
13.270000
5.614000
2.743200
4.657100
-0.127590
7.527900
15.183000
9.441800
-5.869200
1.786300
14.226000
5.614000
7.527900
23.796000
24.753000
12.313000
13.270000
5.614000
1.786300
-1.084500
7.527900
0.829350
-9.697000
-10.654000
-0.127590
2.743200
-2.041500
-2.998400
-13.525000
-12.568000
-16.396000
-6.826200
10.399000
-2.041500
-11.611000
-17.351999
-17.351999
3.700200
9.441800
1.786300
-8.740000
2.743200
-1.084500
6.571000
18.054001
11.356000
5.614000
10.399000
15.183000
7.527900
-5.869200
-3.955300
-3.955300
-12.568000
-5.869200
-15.439000
-20.223000
-24.051001
-25.007999
-14.482000
-11.611000
-25.007999
-22.136999
-23.094000
-5.869200
3.700200
-13.525000
-19.266001
-14.482000
-4.912300
1.786300
-0.127590
-2.041500
-9.697000
-12.568000
-3.955300
-13.525000
-10.654000
1.786300
-0.127590
-4.912300
-6.826200
-11.611000
-22.136999
-23.094000
-1.084500
0.829350
-1.084500
-6.826200
-14.482000
-3.955300
-6.826200
-10.654000
-4.912300
-2.998400
-8.740000
-1.084500
1.786300
-2.998400
4.657100
-2.998400
-1.084500
0.829350
0.829350
1.786300
-1.084500
-0.127590
5.614000
8.484800
21.882000
17.097000
2.743200
0.829350
17.097000
16.139999
3.700200
16.139999
16.139999
-5.869200
4.657100
21.882000
11.356000
13.270000
10.399000
19.011000
17.097000
17.097000
18.054001
5.614000
6.571000
12.313000
24.753000
20.924999
18.054001
23.796000
13.270000
14.226000
18.054001
17.097000
19.968000
25.709999
22.839001
16.139999
2.743200
19.011000
29.537001
17.097000
13.270000
6.571000
1.786300
-3.955300
4.657100
3.700200
4.657100
-2.041500
6.571000
10.399000
6.571000
8.484800
15.183000
20.924999
8.484800
-9.697000
-10.654000
-14.482000
-8.740000
-5.869200
-12.568000
-20.223000
-19.266001
-14.482000
-7.783100
-18.309000
-10.654000
3.700200
1.786300
-7.783100
-23.094000
-19.266001
-10.654000
-14.482000
-11.611000
-16.396000
-5.869200
-2.998400
-13.525000
-4.912300
-5.869200
-13.525000
-10.654000
-2.998400
5.614000
4.657100
-0.127590
2.743200
3.700200
-6.826200
-6.826200
-9.697000
-7.783100
0.829350
-3.955300
-13.525000
-2.998400
3.700200
-3.955300
-5.869200
-16.396000
-17.351999
-7.783100
-2.998400
-8.740000
-10.654000
-17.351999
-11.611000
-21.180000
-11.611000
0.829350
-6.826200
-11.611000
-9.697000
-1.084500
-8.740000
-9.697000
7.527900
-0.127590
-7.783100
6.571000
0.829350
