18.159000
13.397000
9.587300
6.730200
1.015900
1.015900
-1.841300
-2.793700
-1.841300
-4.698400
-5.650800
-4.698400
-2.793700
-1.841300
-0.888890
-0.888890
-4.698400
-8.507900
-12.317000
-16.127001
-15.175000
-10.413000
-3.746000
5.777800
11.492000
9.587300
7.682500
6.730200
7.682500
6.730200
7.682500
5.777800
1.968300
-0.888890
-2.793700
-8.507900
-8.507900
-0.888890
8.634900
18.159000
25.778000
27.683001
23.872999
24.825001
21.968000
15.302000
11.492000
7.682500
3.873000
1.968300
0.063490
-4.698400
-10.413000
-17.079000
-23.746000
-28.507999
-30.413000
-23.746000
-10.413000
4.825400
12.444000
15.302000
14.349000
15.302000
22.921000
27.683001
27.683001
28.635000
25.778000
14.349000
-3.746000
-20.889000
-32.317001
-34.222000
-28.507999
-21.841000
-18.032000
-10.413000
-0.888890
14.349000
34.348999
43.873001
43.873001
36.254002
24.825001
14.349000
8.634900
1.015900
-10.413000
-22.794001
-32.317001
-36.126999
-34.222000
-29.459999
-24.698000
-16.127001
-6.603200
-0.888890
5.777800
12.444000
15.302000
17.205999
15.302000
7.682500
1.015900
-1.841300
-3.746000
-6.603200
-13.270000
-20.889000
-29.459999
-32.317001
-32.317001
-25.650999
-11.365000
2.920600
13.397000
18.159000
16.254000
13.397000
8.634900
2.920600
-0.888890
-1.841300
-2.793700
-6.603200
-11.365000
-15.175000
-20.889000
-24.698000
-27.556000
-30.413000
-28.507999
-24.698000
-20.889000
-13.270000
-3.746000
2.920600
6.730200
9.587300
7.682500
3.873000
0.063490
-8.507900
-16.127001
-18.032000
-15.175000
-13.270000
-8.507900
-5.650800
-3.746000
-0.888890
2.920600
8.634900
18.159000
28.635000
35.301998
37.206001
40.063000
42.921001
42.921001
38.159000
33.396999
28.635000
22.921000
14.349000
9.587300
6.730200
4.825400
8.634900
14.349000
19.111000
23.872999
25.778000
25.778000
24.825001
17.205999
7.682500
1.015900
-3.746000
-10.413000
-17.079000
-22.794001
-25.650999
-22.794001
-14.222000
-4.698400
1.968300
11.492000
17.205999
14.349000
7.682500
1.015900
-3.746000
-4.698400
-7.555600
-13.270000
-18.032000
-25.650999
-27.556000
-25.650999
-17.079000
-4.698400
8.634900
21.968000
26.730000
24.825001
21.016001
15.302000
5.777800
0.063490
-7.555600
-19.937000
-30.413000
-38.984001
-44.698002
-46.603001
-50.412998
-55.174999
-50.412998
-38.032001
-21.841000
-7.555600
7.682500
25.778000
34.348999
36.254002
36.254002
35.301998
32.444000
24.825001
14.349000
11.492000
11.492000
12.444000
9.587300
1.968300
-4.698400
-8.507900
-13.270000
-16.127001
-15.175000
-3.746000
7.682500
14.349000
19.111000
21.016001
21.968000
19.111000
8.634900
0.063490
-5.650800
-7.555600
-3.746000
0.063490
-2.793700
-11.365000
-19.937000
-21.841000
-15.175000
-5.650800
1.968300
8.634900
5.777800
1.968300
2.920600
4.825400
3.873000
2.920600
1.015900
-2.793700
-7.555600
-9.460300
-13.270000
-19.937000
-24.698000
-21.841000
-18.983999
-15.175000
-11.365000
-6.603200
1.015900
5.777800
6.730200
6.730200
7.682500
4.825400
1.015900
-4.698400
-11.365000
-14.222000
-14.222000
-10.413000
-1.841300
4.825400
6.730200
4.825400
5.777800
8.634900
12.444000
16.254000
16.254000
13.397000
6.730200
1.968300
6.730200
12.444000
4.825400
-5.650800
-14.222000
-19.937000
-18.983999
-13.270000
-5.650800
2.920600
14.349000
21.016001
21.968000
21.016001
17.205999
13.397000
6.730200
1.015900
1.015900
3.873000
6.730200
7.682500
6.730200
4.825400
-0.888890
-5.650800
-6.603200
-9.460300
-12.317000
-17.079000
-22.794001
-24.698000
-21.841000
-11.365000
1.015900
9.587300
16.254000
18.159000
20.063000
19.111000
11.492000
2.920600
-2.793700
-8.507900
-13.270000
-13.270000
-14.222000
-14.222000
-13.270000
-15.175000
-9.460300
0.063490
7.682500
12.444000
9.587300
4.825400
-1.841300
-6.603200
-10.413000
-12.317000
-13.270000
-13.270000
-11.365000
-10.413000
-8.507900
-1.841300
3.873000
5.777800
8.634900
13.397000
17.205999
20.063000
21.016001
16.254000
10.540000
4.825400
-1.841300
-4.698400
-9.460300
-13.270000
-15.175000
-15.175000
-14.222000
-14.222000
-13.270000
-6.603200
1.015900
8.634900
20.063000
28.635000
33.396999
32.444000
22.921000
14.349000
10.540000
5.777800
4.825400
7.682500
6.730200
3.873000
2.920600
-0.888890
-6.603200
-12.317000
-14.222000
-11.365000
-9.460300
-6.603200
-2.793700
1.968300
8.634900
12.444000
12.444000
7.682500
-1.841300
-11.365000
-18.032000
-21.841000
-27.556000
-28.507999
-28.507999
-25.650999
-18.032000
-9.460300
-0.888890
11.492000
21.968000
34.348999
42.921001
42.921001
37.206001
29.587000
21.016001
13.397000
6.730200
-2.793700
-9.460300
-11.365000
-16.127001
-17.079000
-11.365000
-3.746000
-1.841300
-0.888890
0.063490
-0.888890
0.063490
-1.841300
-8.507900
-12.317000
-13.270000
-12.317000
-12.317000
-12.317000
-15.175000
-18.983999
-16.127001
-12.317000
-8.507900
-5.650800
-4.698400
-4.698400
-1.841300
3.873000
4.825400
2.920600
-0.888890
-5.650800
-10.413000
-9.460300
-6.603200
-5.650800
-2.793700
-1.841300
-3.746000
-6.603200
-8.507900
-9.460300
-11.365000
-13.270000
-9.460300
-4.698400
0.063490
5.777800
11.492000
12.444000
9.587300
10.540000
11.492000
7.682500
1.015900
-1.841300
-0.888890
-1.841300
-4.698400
-11.365000
-12.317000
-5.650800
2.920600
9.587300
15.302000
16.254000
13.397000
12.444000
9.587300
5.777800
1.968300
3.873000
8.634900
10.540000
9.587300
10.540000
16.254000
20.063000
20.063000
21.968000
26.730000
26.730000
21.968000
10.540000
0.063490
-3.746000
-2.793700
-3.746000
-7.555600
-9.460300
-12.317000
-14.222000
-13.270000
-12.317000
-11.365000
-10.413000
-8.507900
-1.841300
3.873000
5.777800
-1.841300
-7.555600
-10.413000
-12.317000
-13.270000
-17.079000
-21.841000
-24.698000
-20.889000
-8.507900
3.873000
15.302000
23.872999
31.492001
34.348999
33.396999
32.444000
26.730000
19.111000
9.587300
-0.888890
-12.317000
-21.841000
-25.650999
-18.032000
-9.460300
-2.793700
-1.841300
-2.793700
-3.746000
-3.746000
-1.841300
-0.888890
1.015900
1.015900
-1.841300
-2.793700
-7.555600
-10.413000
-16.127001
-19.937000
-20.889000
-20.889000
-16.127001
-10.413000
-4.698400
0.063490
4.825400
3.873000
2.920600
2.920600
3.873000
7.682500
15.302000
24.825001
25.778000
20.063000
12.444000
4.825400
-0.888890
-4.698400
-4.698400
-4.698400
-5.650800
-8.507900
-12.317000
-9.460300
-3.746000
0.063490
3.873000
4.825400
1.968300
1.015900
-1.841300
-7.555600
-9.460300
-16.127001
-20.889000
-17.079000
-17.079000
-17.079000
-13.270000
-11.365000
-6.603200
1.015900
8.634900
15.302000
19.111000
16.254000
11.492000
4.825400
-1.841300
-4.698400
-10.413000
-15.175000
-16.127001
-18.032000
-22.794001
-22.794001
-18.032000
-7.555600
2.920600
11.492000
20.063000
25.778000
29.587000
32.444000
29.587000
25.778000
21.968000
18.159000
14.349000
12.444000
8.634900
2.920600
-1.841300
-7.555600
-11.365000
-9.460300
-4.698400
2.920600
8.634900
12.444000
13.397000
15.302000
20.063000
21.968000
20.063000
13.397000
3.873000
-4.698400
-9.460300
-14.222000
-10.413000
0.063490
5.777800
7.682500
2.920600
-2.793700
-2.793700
-4.698400
-6.603200
-9.460300
-10.413000
-11.365000
-14.222000
-18.032000
-17.079000
-12.317000
-7.555600
-6.603200
-7.555600
-7.555600
-2.793700
5.777800
14.349000
16.254000
16.254000
9.587300
0.063490
-9.460300
-11.365000
-8.507900
-8.507900
-10.413000
-15.175000
-17.079000
-17.079000
-13.270000
-7.555600
-2.793700
0.063490
-3.746000
-3.746000
3.873000
9.587300
15.302000
16.254000
14.349000
9.587300
-0.888890
-11.365000
-18.032000
-19.937000
-17.079000
-14.222000
-6.603200
0.063490
1.968300
0.063490
1.015900
3.873000
3.873000
1.015900
-3.746000
-10.413000
-19.937000
-29.459999
-30.413000
-24.698000
-14.222000
-2.793700
2.920600
6.730200
13.397000
19.111000
21.016001
21.968000
20.063000
21.016001
21.968000
20.063000
15.302000
10.540000
8.634900
6.730200
5.777800
6.730200
3.873000
2.920600
2.920600
2.920600
6.730200
9.587300
6.730200
3.873000
-1.841300
-7.555600
-7.555600
-5.650800
-2.793700
2.920600
9.587300
15.302000
21.016001
22.921000
21.016001
14.349000
6.730200
-4.698400
-14.222000
-18.983999
-14.222000
-5.650800
-2.793700
-1.841300
-1.841300
0.063490
6.730200
13.397000
20.063000
21.016001
17.205999
12.444000
2.920600
-7.555600
-18.983999
-25.650999
-28.507999
-25.650999
-18.032000
-8.507900
0.063490
5.777800
11.492000
15.302000
17.205999
14.349000
8.634900
-0.888890
-9.460300
-19.937000
-27.556000
-35.174999
-38.032001
-36.126999
-31.365000
-26.603001
-19.937000
-14.222000
-9.460300
-2.793700
1.015900
2.920600
1.968300
1.015900
-0.888890
-6.603200
-9.460300
-10.413000
-10.413000
-9.460300
-8.507900
-7.555600
-2.793700
1.968300
1.015900
-0.888890
-3.746000
-2.793700
1.968300
4.825400
7.682500
10.540000
9.587300
5.777800
6.730200
7.682500
6.730200
4.825400
6.730200
4.825400
-1.841300
-11.365000
-18.983999
-21.841000
-21.841000
-18.032000
-12.317000
-2.793700
5.777800
11.492000
17.205999
21.968000
25.778000
29.587000
26.730000
18.159000
5.777800
-1.841300
-7.555600
-5.650800
4.825400
13.397000
22.921000
24.825001
21.016001
17.205999
11.492000
4.825400
2.920600
3.873000
6.730200
9.587300
9.587300
11.492000
9.587300
5.777800
1.968300
-3.746000
-10.413000
-8.507900
-5.650800
-1.841300
1.015900
4.825400
9.587300
12.444000
13.397000
15.302000
14.349000
13.397000
15.302000
17.205999
16.254000
11.492000
4.825400
-0.888890
-2.793700
-4.698400
-4.698400
-2.793700
-2.793700
-5.650800
-4.698400
-5.650800
-7.555600
-3.746000
3.873000
9.587300
10.540000
14.349000
16.254000
17.205999
20.063000
21.968000
16.254000
6.730200
-0.888890
-4.698400
-7.555600
-10.413000
-13.270000
-15.175000
-17.079000
-17.079000
-13.270000
-10.413000
-7.555600
-3.746000
2.920600
6.730200
3.873000
1.015900
-5.650800
-16.127001
-25.650999
-35.174999
-39.937000
-37.078999
-27.556000
-18.032000
-4.698400
5.777800
8.634900
12.444000
14.349000
12.444000
11.492000
10.540000
5.777800
1.015900
-1.841300
-3.746000
-2.793700
-0.888890
0.063490
-3.746000
-9.460300
-13.270000
-13.270000
-13.270000
-3.746000
6.730200
13.397000
17.205999
19.111000
20.063000
18.159000
12.444000
7.682500
5.777800
2.920600
0.063490
-0.888890
-1.841300
-3.746000
-4.698400
-5.650800
-5.650800
-3.746000
-4.698400
-3.746000
-1.841300
-1.841300
-2.793700
-6.603200
-9.460300
-15.175000
-19.937000
-22.794001
-23.746000
-23.746000
-18.983999
-16.127001
-18.983999
-21.841000
-18.983999
-15.175000
-4.698400
6.730200
11.492000
11.492000
8.634900
6.730200
6.730200
8.634900
12.444000
13.397000
12.444000
10.540000
10.540000
6.730200
