3.671500
-2.125600
0.772950
13.333000
9.468600
4.637700
8.502400
-3.091800
-7.922700
-6.956500
-20.483000
-14.686000
2.705300
3.671500
2.705300
-4.058000
-3.091800
0.772950
-2.125600
-1.159400
0.772950
-3.091800
-11.787000
-3.091800
18.164000
14.300000
-9.855100
-8.888900
5.603900
1.739100
-9.855100
-4.058000
0.772950
-4.058000
-10.821000
-16.618000
-7.922700
4.637700
17.198000
22.028999
23.961000
36.521999
40.386002
32.657001
27.826000
-5.990300
-0.193240
4.637700
-6.956500
-16.618000
-25.313999
-7.922700
-0.193240
-8.888900
-6.956500
12.367000
24.927999
21.063000
27.826000
34.589001
33.623001
23.961000
-3.091800
1.739100
15.266000
17.198000
10.435000
0.772950
-11.787000
-23.382000
-11.787000
-3.091800
-2.125600
2.705300
0.772950
3.671500
-4.058000
-5.990300
-6.956500
-5.024200
11.401000
15.266000
3.671500
-3.091800
-14.686000
-18.551001
2.705300
7.536200
-5.024200
-7.922700
-16.618000
-18.551001
-5.990300
0.772950
-2.125600
-1.159400
-12.754000
-15.652000
-14.686000
-12.754000
-13.720000
-2.125600
15.266000
12.367000
17.198000
8.502400
7.536200
8.502400
9.468600
5.603900
-5.024200
-18.551001
-8.888900
2.705300
2.705300
-3.091800
-10.821000
-23.382000
-15.652000
-14.686000
-8.888900
4.637700
-0.193240
-0.193240
-2.125600
-2.125600
-2.125600
8.502400
9.468600
-5.024200
-20.483000
-26.280001
-26.280001
-33.042999
-19.517000
-5.990300
-12.754000
-7.922700
4.637700
5.603900
0.772950
3.671500
12.367000
19.129999
16.232000
14.300000
22.028999
24.927999
12.367000
3.671500
-1.159400
-5.024200
-19.517000
-21.448999
-20.483000
-6.956500
15.266000
13.333000
17.198000
18.164000
11.401000
14.300000
28.792000
30.725000
16.232000
-0.193240
-7.922700
13.333000
15.266000
4.637700
-6.956500
-2.125600
7.536200
8.502400
6.570000
1.739100
7.536200
7.536200
4.637700
3.671500
-7.922700
-6.956500
-11.787000
2.705300
1.739100
-0.193240
1.739100
-2.125600
-5.024200
0.772950
3.671500
3.671500
-0.193240
-5.990300
-4.058000
1.739100
5.603900
-4.058000
-14.686000
-9.855100
1.739100
1.739100
13.333000
18.164000
17.198000
12.367000
13.333000
1.739100
-7.922700
-0.193240
5.603900
-3.091800
-3.091800
-5.024200
-8.888900
-18.551001
-22.415001
-23.382000
-14.686000
-21.448999
-15.652000
3.671500
4.637700
9.468600
17.198000
18.164000
21.063000
22.995001
18.164000
16.232000
9.468600
3.671500
8.502400
8.502400
4.637700
5.603900
9.468600
3.671500
-3.091800
-5.990300
-5.024200
-6.956500
-7.922700
-3.091800
-2.125600
-5.024200
4.637700
15.266000
8.502400
-4.058000
-8.888900
-21.448999
-16.618000
-6.956500
-5.024200
-8.888900
-8.888900
-11.787000
-4.058000
-0.193240
1.739100
16.232000
14.300000
-10.821000
-11.787000
-9.855100
-0.193240
-8.888900
0.772950
12.367000
4.637700
-5.024200
-3.091800
-5.024200
-4.058000
-10.821000
-21.448999
-18.551001
-16.618000
-15.652000
-10.821000
-8.888900
-10.821000
-18.551001
-12.754000
1.739100
20.097000
26.860001
19.129999
16.232000
7.536200
-10.821000
-25.313999
-12.754000
-8.888900
-19.517000
-28.212999
-22.415001
-24.348000
-16.618000
-5.024200
4.637700
11.401000
12.367000
16.232000
23.961000
31.691000
33.623001
21.063000
13.333000
3.671500
-3.091800
1.739100
5.603900
-5.024200
-12.754000
-6.956500
4.637700
2.705300
6.570000
19.129999
23.961000
19.129999
14.300000
13.333000
2.705300
2.705300
12.367000
5.603900
3.671500
-0.193240
3.671500
8.502400
-2.125600
-8.888900
-12.754000
-3.091800
-0.193240
-7.922700
-8.888900
-6.956500
-4.058000
-5.990300
-4.058000
-12.754000
-10.821000
-4.058000
-5.990300
-5.024200
-2.125600
-4.058000
-2.125600
-4.058000
-13.720000
-16.618000
-14.686000
-2.125600
2.705300
4.637700
8.502400
10.435000
5.603900
-1.159400
-6.956500
-11.787000
-3.091800
2.705300
-1.159400
-5.990300
4.637700
10.435000
6.570000
1.739100
-4.058000
1.739100
-3.091800
6.570000
12.367000
3.671500
6.570000
2.705300
-4.058000
-0.193240
9.468600
11.401000
3.671500
2.705300
-0.193240
-5.990300
-6.956500
-19.517000
-6.956500
21.063000
25.893999
16.232000
11.401000
9.468600
14.300000
11.401000
9.468600
10.435000
3.671500
-1.159400
-0.193240
1.739100
3.671500
3.671500
3.671500
-5.024200
-4.058000
3.671500
-2.125600
-10.821000
-16.618000
-6.956500
-2.125600
-6.956500
-13.720000
-25.313999
-19.517000
-18.551001
-19.517000
-14.686000
-28.212999
-16.618000
2.705300
-6.956500
-6.956500
-0.193240
-2.125600
4.637700
6.570000
6.570000
9.468600
10.435000
12.367000
23.961000
29.757999
22.995001
25.893999
18.164000
6.570000
-0.193240
-4.058000
-4.058000
-2.125600
-9.855100
-5.990300
2.705300
6.570000
10.435000
2.705300
-2.125600
2.705300
2.705300
1.739100
8.502400
1.739100
-1.159400
-2.125600
-2.125600
-6.956500
-8.888900
-13.720000
-10.821000
-3.091800
-2.125600
-3.091800
1.739100
16.232000
21.063000
4.637700
3.671500
2.705300
-1.159400
-3.091800
0.772950
-3.091800
-1.159400
-0.193240
-9.855100
-17.584999
-12.754000
-5.024200
-5.990300
-9.855100
0.772950
17.198000
16.232000
17.198000
17.198000
13.333000
6.570000
2.705300
-0.193240
-5.990300
0.772950
8.502400
2.705300
-1.159400
-4.058000
-7.922700
-11.787000
-1.159400
-1.159400
-1.159400
-5.990300
-16.618000
-19.517000
-23.382000
-22.415001
-27.246000
-13.720000
2.705300
1.739100
3.671500
6.570000
10.435000
7.536200
-1.159400
-5.024200
-4.058000
10.435000
14.300000
19.129999
13.333000
3.671500
3.671500
-3.091800
-0.193240
5.603900
2.705300
0.772950
-0.193240
5.603900
4.637700
-5.990300
0.772950
9.468600
2.705300
2.705300
5.603900
-2.125600
-9.855100
-13.720000
-11.787000
-12.754000
-11.787000
-6.956500
-8.888900
-14.686000
9.468600
22.995001
19.129999
17.198000
12.367000
9.468600
2.705300
1.739100
-3.091800
-4.058000
-5.024200
-15.652000
-20.483000
-4.058000
4.637700
8.502400
13.333000
3.671500
-2.125600
0.772950
-14.686000
-12.754000
-5.024200
-2.125600
-3.091800
-21.448999
-3.091800
18.164000
12.367000
3.671500
-5.024200
-3.091800
4.637700
-1.159400
7.536200
9.468600
1.739100
-1.159400
-3.091800
-0.193240
3.671500
3.671500
8.502400
13.333000
25.893999
25.893999
28.792000
28.792000
26.860001
22.995001
9.468600
9.468600
15.266000
11.401000
-1.159400
-1.159400
1.739100
1.739100
-5.024200
-5.024200
8.502400
3.671500
-2.125600
0.772950
-10.821000
-15.652000
-15.652000
-16.618000
-18.551001
-27.246000
-24.348000
-11.787000
-5.024200
-2.125600
-4.058000
-16.618000
-3.091800
10.435000
0.772950
0.772950
3.671500
0.772950
2.705300
-6.956500
-17.584999
-26.280001
-26.280001
-17.584999
-12.754000
-17.584999
-19.517000
-18.551001
-8.888900
-1.159400
6.570000
2.705300
-5.990300
-5.024200
3.671500
7.536200
2.705300
-5.024200
2.705300
-5.990300
-12.754000
-6.956500
-12.754000
-16.618000
-11.787000
-5.990300
4.637700
5.603900
10.435000
9.468600
14.300000
14.300000
14.300000
15.266000
16.232000
13.333000
6.570000
4.637700
4.637700
8.502400
14.300000
15.266000
20.097000
16.232000
11.401000
8.502400
2.705300
1.739100
-0.193240
4.637700
3.671500
-5.990300
-10.821000
-9.855100
-10.821000
-21.448999
-12.754000
-7.922700
-11.787000
-2.125600
2.705300
3.671500
7.536200
0.772950
14.300000
25.893999
21.063000
13.333000
8.502400
6.570000
4.637700
-0.193240
-2.125600
-6.956500
-5.024200
4.637700
3.671500
-1.159400
9.468600
10.435000
12.367000
12.367000
10.435000
19.129999
24.927999
16.232000
9.468600
7.536200
0.772950
-11.787000
-12.754000
-3.091800
-3.091800
-9.855100
-18.551001
-16.618000
-13.720000
-20.483000
-18.551001
-13.720000
-17.584999
-16.618000
-15.652000
-20.483000
-19.517000
-19.517000
-21.448999
-16.618000
-13.720000
-8.888900
8.502400
14.300000
10.435000
-4.058000
2.705300
19.129999
25.893999
19.129999
22.995001
16.232000
4.637700
-8.888900
-5.024200
-1.159400
-8.888900
-20.483000
-13.720000
-0.193240
4.637700
14.300000
24.927999
23.961000
14.300000
7.536200
20.097000
28.792000
10.435000
-1.159400
-5.024200
-5.024200
-12.754000
-22.415001
-27.246000
-19.517000
-16.618000
-17.584999
-9.855100
-9.855100
-5.024200
7.536200
6.570000
4.637700
8.502400
14.300000
8.502400
2.705300
7.536200
9.468600
8.502400
16.232000
10.435000
4.637700
-4.058000
-7.922700
-2.125600
-3.091800
-5.024200
-3.091800
-3.091800
0.772950
21.063000
29.757999
26.860001
22.028999
13.333000
7.536200
-10.821000
-18.551001
-9.855100
-20.483000
-29.179001
-27.246000
-26.280001
-19.517000
-16.618000
-12.754000
-10.821000
-0.193240
5.603900
-3.091800
-6.956500
-6.956500
-10.821000
-6.956500
-9.855100
-16.618000
-16.618000
-10.821000
-9.855100
-11.787000
3.671500
12.367000
5.603900
0.772950
-1.159400
-3.091800
-3.091800
-0.193240
7.536200
9.468600
5.603900
-2.125600
1.739100
9.468600
19.129999
16.232000
21.063000
19.129999
22.028999
13.333000
-1.159400
-8.888900
-4.058000
2.705300
-2.125600
4.637700
19.129999
19.129999
16.232000
13.333000
10.435000
7.536200
7.536200
7.536200
-1.159400
-9.855100
-7.922700
-0.193240
-0.193240
-2.125600
5.603900
11.401000
16.232000
9.468600
11.401000
35.556000
37.487999
37.487999
36.521999
35.556000
39.419998
29.757999
13.333000
4.637700
-0.193240
-3.091800
-18.551001
-14.686000
-13.720000
-27.246000
-30.145000
-24.348000
-28.212999
-20.483000
-10.821000
-9.855100
-14.686000
-9.855100
-1.159400
-3.091800
-13.720000
-8.888900
-16.618000
-6.956500
13.333000
8.502400
-5.024200
-2.125600
5.603900
4.637700
4.637700
1.739100
4.637700
13.333000
11.401000
-2.125600
4.637700
10.435000
11.401000
15.266000
11.401000
11.401000
11.401000
12.367000
3.671500
0.772950
9.468600
8.502400
6.570000
1.739100
-3.091800
-1.159400
-2.125600
-1.159400
6.570000
1.739100
5.603900
-1.159400
-11.787000
-20.483000
-22.415001
-12.754000
-7.922700
-14.686000
-12.754000
-13.720000
-12.754000
-14.686000
5.603900
12.367000
0.772950
-2.125600
-4.058000
-6.956500
-5.990300
-5.024200
-10.821000
-10.821000
-17.584999
-8.888900
6.570000
8.502400
5.603900
6.570000
4.637700
-6.956500
-7.922700
-2.125600
0.772950
-5.990300
-2.125600
8.502400
16.232000
15.266000
7.536200
-0.193240
-18.551001
-11.787000
0.772950
0.772950
-5.990300
-5.024200
-0.193240
7.536200
-1.159400
8.502400
17.198000
9.468600
4.637700
5.603900
-5.024200
-5.990300
-5.024200
-5.990300
-11.787000
-10.821000
-7.922700
-5.024200
-15.652000
-30.145000
-5.990300
2.705300
-7.922700
-4.058000
-9.855100
-5.990300
-5.990300
-9.855100
-7.922700
-4.058000
-3.091800
-4.058000
-7.922700
-6.956500
-6.956500
-3.091800
0.772950
-5.990300
-3.091800
