27.586000
14.778000
6.896600
14.778000
15.764000
7.881800
2.955700
-6.896600
-15.764000
-7.881800
-9.852200
-11.823000
-11.823000
-13.793000
-6.896600
-11.823000
-14.778000
-1.970400
0.985220
0.000000
-6.896600
-3.940900
7.881800
9.852200
20.690001
11.823000
0.985220
-0.985220
-3.940900
3.940900
3.940900
1.970400
2.955700
-4.926100
-17.733999
-25.615999
-30.542000
-10.837000
7.881800
15.764000
25.615999
36.452999
33.498001
30.542000
23.645000
13.793000
8.867000
8.867000
2.955700
-3.940900
-6.896600
-17.733999
-18.719000
-20.690001
-29.556999
-20.690001
-7.881800
-6.896600
0.000000
6.896600
18.719000
20.690001
7.881800
4.926100
8.867000
8.867000
17.733999
21.674999
6.896600
-5.911300
-12.808000
-11.823000
-14.778000
-12.808000
-10.837000
-11.823000
-6.896600
-8.867000
-6.896600
6.896600
15.764000
17.733999
16.749001
11.823000
9.852200
5.911300
5.911300
2.955700
-5.911300
-6.896600
-3.940900
-6.896600
-7.881800
1.970400
8.867000
10.837000
3.940900
-10.837000
0.000000
8.867000
9.852200
8.867000
8.867000
12.808000
3.940900
-1.970400
-9.852200
-9.852200
-10.837000
-6.896600
-15.764000
-10.837000
0.000000
-1.970400
6.896600
8.867000
3.940900
-7.881800
-1.970400
-5.911300
-15.764000
-9.852200
-3.940900
4.926100
12.808000
12.808000
15.764000
13.793000
11.823000
-0.985220
-11.823000
-15.764000
-23.645000
-13.793000
0.000000
-4.926100
-3.940900
1.970400
6.896600
10.837000
5.911300
-1.970400
-12.808000
-10.837000
-7.881800
-12.808000
-17.733999
-12.808000
-12.808000
-19.704000
-23.645000
-22.660000
-13.793000
-10.837000
-5.911300
10.837000
10.837000
23.645000
40.394001
32.512001
19.704000
9.852200
13.793000
7.881800
-7.881800
-13.793000
-7.881800
0.000000
0.000000
0.000000
-7.881800
-3.940900
17.733999
24.631001
17.733999
7.881800
-4.926100
-12.808000
-10.837000
-12.808000
-19.704000
-16.749001
-11.823000
-15.764000
-9.852200
0.000000
2.955700
7.881800
15.764000
24.631001
22.660000
11.823000
4.926100
4.926100
3.940900
1.970400
-7.881800
-10.837000
-14.778000
-16.749001
-12.808000
-4.926100
14.778000
33.498001
34.483002
38.424000
30.542000
29.556999
17.733999
11.823000
19.704000
6.896600
-8.867000
-7.881800
-19.704000
-27.586000
-28.570999
-33.498001
-34.483002
-22.660000
-3.940900
6.896600
32.512001
53.202000
59.112999
59.112999
50.245998
46.305000
32.512001
19.704000
21.674999
11.823000
7.881800
13.793000
5.911300
1.970400
-0.985220
-2.955700
-4.926100
-5.911300
-7.881800
-14.778000
-5.911300
1.970400
8.867000
11.823000
16.749001
18.719000
11.823000
11.823000
10.837000
-0.985220
-8.867000
-13.793000
-16.749001
-26.601000
-25.615999
-25.615999
-22.660000
-12.808000
-10.837000
-13.793000
-16.749001
-19.704000
-19.704000
-28.570999
-16.749001
-7.881800
-11.823000
-23.645000
-30.542000
-26.601000
-20.690001
-23.645000
-25.615999
-26.601000
-29.556999
-32.512001
-25.615999
-17.733999
-12.808000
-17.733999
-23.645000
-22.660000
-16.749001
-8.867000
-10.837000
-10.837000
-3.940900
-1.970400
-10.837000
-8.867000
-2.955700
0.000000
3.940900
3.940900
-5.911300
-6.896600
0.000000
8.867000
17.733999
16.749001
15.764000
13.793000
10.837000
0.985220
8.867000
17.733999
10.837000
5.911300
3.940900
0.985220
-1.970400
-3.940900
-6.896600
-11.823000
-5.911300
9.852200
10.837000
11.823000
20.690001
11.823000
12.808000
20.690001
15.764000
2.955700
-1.970400
-1.970400
-4.926100
7.881800
9.852200
10.837000
3.940900
-0.985220
0.000000
-9.852200
-2.955700
3.940900
7.881800
17.733999
22.660000
22.660000
21.674999
15.764000
4.926100
10.837000
17.733999
4.926100
0.985220
4.926100
-1.970400
-8.867000
-4.926100
-7.881800
-9.852200
-2.955700
13.793000
21.674999
21.674999
7.881800
1.970400
-0.985220
-17.733999
-32.512001
-21.674999
-10.837000
-13.793000
-14.778000
-17.733999
-5.911300
8.867000
7.881800
7.881800
4.926100
0.985220
1.970400
4.926100
0.000000
-3.940900
-8.867000
-5.911300
-12.808000
-15.764000
-9.852200
-10.837000
-19.704000
-13.793000
-7.881800
-15.764000
-16.749001
-12.808000
-4.926100
5.911300
9.852200
15.764000
24.631001
24.631001
25.615999
23.645000
10.837000
2.955700
5.911300
0.985220
-8.867000
-6.896600
-9.852200
-6.896600
-1.970400
-2.955700
-1.970400
5.911300
14.778000
22.660000
10.837000
18.719000
26.601000
15.764000
1.970400
-2.955700
-1.970400
-7.881800
-15.764000
-26.601000
-38.424000
-27.586000
-12.808000
-17.733999
-12.808000
-0.985220
8.867000
13.793000
28.570999
36.452999
38.424000
40.394001
33.498001
23.645000
21.674999
12.808000
6.896600
3.940900
0.985220
-1.970400
-6.896600
2.955700
11.823000
10.837000
14.778000
18.719000
11.823000
9.852200
10.837000
0.985220
3.940900
-5.911300
-15.764000
-11.823000
-10.837000
-11.823000
-14.778000
-20.690001
-19.704000
-10.837000
1.970400
1.970400
-0.985220
-0.985220
3.940900
6.896600
-0.985220
1.970400
3.940900
-9.852200
-12.808000
-7.881800
-9.852200
-4.926100
-5.911300
-1.970400
0.985220
-3.940900
-8.867000
-11.823000
-15.764000
-17.733999
-6.896600
2.955700
7.881800
11.823000
10.837000
10.837000
17.733999
18.719000
4.926100
-0.985220
-13.793000
-23.645000
-22.660000
-21.674999
-18.719000
-19.704000
-20.690001
-5.911300
2.955700
7.881800
8.867000
5.911300
-5.911300
-5.911300
-5.911300
-7.881800
-14.778000
-8.867000
-2.955700
-8.867000
3.940900
12.808000
11.823000
11.823000
11.823000
7.881800
9.852200
13.793000
6.896600
5.911300
7.881800
2.955700
8.867000
2.955700
-1.970400
3.940900
-8.867000
-8.867000
10.837000
11.823000
0.985220
-10.837000
3.940900
17.733999
11.823000
3.940900
-11.823000
-17.733999
-13.793000
-7.881800
-6.896600
-8.867000
-6.896600
-9.852200
-3.940900
3.940900
15.764000
18.719000
19.704000
21.674999
21.674999
13.793000
14.778000
15.764000
4.926100
1.970400
1.970400
-1.970400
-10.837000
-8.867000
0.985220
10.837000
15.764000
6.896600
2.955700
0.985220
-12.808000
-15.764000
-10.837000
-12.808000
-12.808000
-4.926100
2.955700
3.940900
1.970400
-0.985220
-4.926100
-5.911300
-3.940900
-5.911300
-12.808000
-11.823000
-6.896600
-4.926100
1.970400
8.867000
7.881800
8.867000
10.837000
13.793000
15.764000
13.793000
16.749001
11.823000
2.955700
2.955700
-9.852200
-22.660000
-14.778000
1.970400
4.926100
-1.970400
-1.970400
0.985220
5.911300
8.867000
6.896600
6.896600
7.881800
0.985220
-3.940900
-7.881800
-8.867000
-5.911300
-3.940900
-5.911300
-16.749001
-8.867000
8.867000
3.940900
-9.852200
-6.896600
5.911300
11.823000
8.867000
7.881800
2.955700
0.985220
-7.881800
-7.881800
-11.823000
-14.778000
-13.793000
-18.719000
-19.704000
-16.749001
-13.793000
-7.881800
0.000000
6.896600
7.881800
4.926100
5.911300
0.985220
-2.955700
-0.985220
-6.896600
-5.911300
6.896600
4.926100
-1.970400
-4.926100
-7.881800
-5.911300
7.881800
13.793000
10.837000
9.852200
11.823000
11.823000
8.867000
15.764000
21.674999
18.719000
4.926100
-2.955700
-7.881800
-12.808000
-4.926100
3.940900
6.896600
14.778000
20.690001
26.601000
25.615999
16.749001
8.867000
5.911300
1.970400
-14.778000
-21.674999
-20.690001
-18.719000
-21.674999
-20.690001
-18.719000
-9.852200
0.985220
0.985220
7.881800
19.704000
20.690001
20.690001
14.778000
11.823000
15.764000
12.808000
4.926100
-0.985220
-0.985220
1.970400
-5.911300
-8.867000
-4.926100
0.985220
8.867000
8.867000
7.881800
8.867000
0.985220
0.985220
4.926100
6.896600
6.896600
3.940900
-0.985220
-7.881800
-18.719000
-15.764000
-15.764000
-15.764000
-11.823000
-6.896600
-6.896600
0.985220
-3.940900
-7.881800
-3.940900
-6.896600
-1.970400
0.000000
-7.881800
-15.764000
-29.556999
-36.452999
-31.527000
-23.645000
-22.660000
-17.733999
-6.896600
6.896600
7.881800
7.881800
3.940900
1.970400
8.867000
7.881800
8.867000
12.808000
9.852200
9.852200
9.852200
13.793000
13.793000
12.808000
5.911300
-3.940900
3.940900
3.940900
-2.955700
-3.940900
-3.940900
2.955700
-4.926100
-1.970400
8.867000
0.000000
-6.896600
3.940900
10.837000
5.911300
-3.940900
10.837000
17.733999
9.852200
-0.985220
-5.911300
-2.955700
-2.955700
0.985220
8.867000
7.881800
5.911300
8.867000
11.823000
13.793000
15.764000
12.808000
8.867000
0.985220
13.793000
18.719000
4.926100
-4.926100
-7.881800
-6.896600
-8.867000
-4.926100
-1.970400
-1.970400
7.881800
15.764000
17.733999
10.837000
5.911300
0.000000
-6.896600
-17.733999
-25.615999
-30.542000
-24.631001
-20.690001
-24.631001
-14.778000
-5.911300
0.985220
9.852200
14.778000
12.808000
4.926100
5.911300
7.881800
0.000000
1.970400
-2.955700
-6.896600
2.955700
0.000000
-6.896600
-5.911300
4.926100
2.955700
3.940900
-1.970400
-3.940900
0.000000
0.000000
-5.911300
0.000000
0.985220
0.000000
-3.940900
-3.940900
0.985220
0.985220
9.852200
16.749001
4.926100
3.940900
-4.926100
-14.778000
-22.660000
-18.719000
-13.793000
-5.911300
-12.808000
-7.881800
10.837000
15.764000
11.823000
11.823000
13.793000
12.808000
9.852200
7.881800
-1.970400
5.911300
12.808000
13.793000
14.778000
11.823000
5.911300
6.896600
3.940900
-6.896600
-4.926100
-3.940900
-1.970400
2.955700
3.940900
5.911300
3.940900
10.837000
7.881800
2.955700
-0.985220
-28.570999
-16.749001
-7.881800
-20.690001
-16.749001
-20.690001
-21.674999
-17.733999
-15.764000
-23.645000
-27.586000
-16.749001
-12.808000
-15.764000
-25.615999
-31.527000
-34.483002
-21.674999
-12.808000
-18.719000
-20.690001
-7.881800
0.000000
-4.926100
5.911300
7.881800
8.867000
23.645000
24.631001
24.631001
29.556999
35.467999
41.379002
40.394001
48.276001
53.202000
47.291000
41.379002
30.542000
25.615999
47.291000
54.187000
48.276001
40.394001
24.631001
24.631001
24.631001
20.690001
19.704000
5.911300
-4.926100
-7.881800
-3.940900
-8.867000
-18.719000
-10.837000
-0.985220
1.970400
-3.940900
-5.911300
-3.940900
-5.911300
-9.852200
-3.940900
-6.896600
-6.896600
-5.911300
-11.823000
-13.793000
-11.823000
-1.970400
6.896600
3.940900
9.852200
20.690001
20.690001
16.749001
12.808000
3.940900
-3.940900
-12.808000
-10.837000
-6.896600
-1.970400
-4.926100
-4.926100
0.985220
-3.940900
-7.881800
-3.940900
-9.852200
-14.778000
-17.733999
-16.749001
-10.837000
-9.852200
-6.896600
-9.852200
-8.867000
-9.852200
-9.852200
-8.867000
-6.896600
-14.778000
-11.823000
-7.881800
-6.896600
-12.808000
-14.778000
-26.601000
-41.379002
-36.452999
-27.586000
-27.586000
-25.615999
-26.601000
-20.690001
-7.881800
-3.940900
-1.970400
4.926100
0.985220
-3.940900
-4.926100
-0.985220
-3.940900
-3.940900
-1.970400
-9.852200
-4.926100
-5.911300
-7.881800
0.000000
