4.702100
-2.061200
-7.858300
-9.790700
-11.723000
-9.790700
-5.925900
-2.061200
2.769700
5.668300
7.600600
9.533000
5.668300
-1.095000
-3.027400
-1.095000
0.837360
3.735900
2.769700
3.735900
4.702100
3.735900
-0.128820
-4.959700
-8.824500
-7.858300
-3.993600
-0.128820
6.634500
12.432000
15.330000
16.296000
18.229000
18.229000
17.261999
14.364000
11.465000
7.600600
2.769700
0.837360
-3.027400
-5.925900
-9.790700
-8.824500
-3.993600
2.769700
9.533000
13.398000
16.296000
21.127001
20.160999
17.261999
10.499000
1.803500
-6.892100
-12.689000
-19.452000
-29.114000
-37.810001
-39.742001
-38.776001
-32.013000
-23.316999
-9.790700
4.702100
14.364000
24.025999
29.823000
32.721001
30.789000
23.059999
9.533000
-5.925900
-21.385000
-30.080999
-32.013000
-31.047001
-20.419001
-7.858300
8.566800
27.889999
42.382999
48.180000
44.316002
39.485001
30.789000
16.296000
3.735900
-2.061200
-7.858300
-18.486000
-25.250000
-30.080999
-32.013000
-27.181999
-21.385000
-13.655000
-11.723000
-6.892100
-0.128820
0.837360
0.837360
3.735900
8.566800
14.364000
19.195000
18.229000
14.364000
10.499000
4.702100
-7.858300
-20.419001
-30.080999
-36.844002
-32.979000
-21.385000
-4.959700
10.499000
23.059999
32.721001
39.485001
44.316002
42.382999
32.721001
18.229000
-0.128820
-13.655000
-24.283001
-29.114000
-29.114000
-27.181999
-21.385000
-12.689000
-3.027400
4.702100
8.566800
9.533000
10.499000
13.398000
11.465000
3.735900
-4.959700
-10.757000
-23.316999
-32.979000
-32.013000
-26.216000
-18.486000
-9.790700
-1.095000
3.735900
5.668300
8.566800
10.499000
9.533000
8.566800
4.702100
3.735900
7.600600
10.499000
13.398000
16.296000
20.160999
19.195000
19.195000
14.364000
8.566800
7.600600
5.668300
1.803500
-1.095000
-7.858300
-9.790700
-6.892100
-3.027400
5.668300
7.600600
7.600600
14.364000
19.195000
23.059999
24.025999
20.160999
9.533000
-2.061200
-11.723000
-17.520000
-18.486000
-17.520000
-15.588000
-9.790700
-2.061200
6.634500
11.465000
15.330000
17.261999
17.261999
16.296000
14.364000
13.398000
5.668300
-5.925900
-22.351000
-33.945000
-33.945000
-27.181999
-17.520000
-5.925900
3.735900
5.668300
6.634500
6.634500
2.769700
-0.128820
-3.027400
-2.061200
-2.061200
-8.824500
-17.520000
-26.216000
-31.047001
-28.148001
-20.419001
-11.723000
-1.095000
10.499000
19.195000
24.992001
31.754999
34.653999
33.688000
29.823000
22.093000
12.432000
2.769700
-3.993600
-9.790700
-9.790700
-10.757000
-14.622000
-16.554001
-15.588000
-5.925900
1.803500
8.566800
7.600600
5.668300
3.735900
0.837360
-6.892100
-12.689000
-13.655000
-11.723000
-5.925900
-0.128820
0.837360
-3.993600
-8.824500
-9.790700
-10.757000
-11.723000
-10.757000
-8.824500
-9.790700
-3.027400
5.668300
11.465000
11.465000
12.432000
14.364000
14.364000
13.398000
10.499000
1.803500
-10.757000
-23.316999
-26.216000
-23.316999
-23.316999
-21.385000
-9.790700
2.769700
11.465000
15.330000
18.229000
18.229000
18.229000
14.364000
9.533000
7.600600
-2.061200
-11.723000
-20.419001
-25.250000
-24.283001
-17.520000
-6.892100
1.803500
11.465000
20.160999
30.789000
35.619999
28.857000
17.261999
7.600600
1.803500
-3.027400
-11.723000
-18.486000
-24.283001
-27.181999
-24.283001
-14.622000
-3.027400
9.533000
22.093000
28.857000
27.889999
22.093000
11.465000
3.735900
-3.027400
-4.959700
-2.061200
-3.027400
-2.061200
1.803500
2.769700
3.735900
3.735900
6.634500
11.465000
13.398000
13.398000
9.533000
3.735900
0.837360
-4.959700
-6.892100
-2.061200
0.837360
3.735900
8.566800
12.432000
11.465000
6.634500
5.668300
6.634500
5.668300
2.769700
-3.027400
-7.858300
-8.824500
-10.757000
-11.723000
-17.520000
-15.588000
-8.824500
-7.858300
-8.824500
-7.858300
-7.858300
-8.824500
-8.824500
-9.790700
-12.689000
-17.520000
-22.351000
-22.351000
-18.486000
-13.655000
-8.824500
-3.993600
-0.128820
2.769700
7.600600
10.499000
11.465000
9.533000
6.634500
3.735900
-2.061200
-4.959700
-3.993600
-1.095000
4.702100
8.566800
11.465000
15.330000
19.195000
18.229000
12.432000
9.533000
12.432000
9.533000
4.702100
3.735900
-0.128820
-2.061200
-3.993600
-4.959700
-1.095000
8.566800
19.195000
24.992001
25.958000
23.059999
14.364000
9.533000
5.668300
-2.061200
-6.892100
-7.858300
-7.858300
-3.993600
-0.128820
5.668300
10.499000
19.195000
21.127001
17.261999
18.229000
18.229000
15.330000
9.533000
5.668300
3.735900
1.803500
-2.061200
-3.993600
-4.959700
-3.993600
-0.128820
3.735900
3.735900
0.837360
-1.095000
-1.095000
-4.959700
-7.858300
-11.723000
-15.588000
-22.351000
-31.047001
-33.945000
-33.945000
-28.148001
-26.216000
-22.351000
-21.385000
-20.419001
-14.622000
-8.824500
-7.858300
-8.824500
-9.790700
-10.757000
-9.790700
-3.993600
-3.027400
-5.925900
-5.925900
-3.027400
1.803500
4.702100
8.566800
10.499000
8.566800
9.533000
5.668300
2.769700
-2.061200
-4.959700
-7.858300
-8.824500
-4.959700
-2.061200
-0.128820
0.837360
-1.095000
-1.095000
0.837360
-0.128820
-3.027400
-3.993600
-8.824500
-11.723000
-10.757000
-7.858300
-4.959700
-5.925900
-4.959700
1.803500
9.533000
15.330000
20.160999
19.195000
17.261999
14.364000
12.432000
7.600600
2.769700
0.837360
-0.128820
0.837360
1.803500
1.803500
7.600600
13.398000
18.229000
24.025999
23.059999
23.059999
24.992001
21.127001
15.330000
7.600600
1.803500
-1.095000
-2.061200
-4.959700
-4.959700
-1.095000
1.803500
8.566800
14.364000
13.398000
13.398000
15.330000
12.432000
7.600600
-2.061200
-9.790700
-16.554001
-17.520000
-16.554001
-19.452000
-26.216000
-29.114000
-24.283001
-14.622000
-6.892100
-2.061200
2.769700
5.668300
3.735900
0.837360
-3.993600
-4.959700
-6.892100
-8.824500
-6.892100
-3.993600
2.769700
9.533000
10.499000
12.432000
16.296000
18.229000
19.195000
18.229000
13.398000
4.702100
-3.993600
-9.790700
-11.723000
-7.858300
-0.128820
3.735900
2.769700
5.668300
7.600600
8.566800
5.668300
3.735900
5.668300
7.600600
6.634500
0.837360
-4.959700
-10.757000
-14.622000
-13.655000
-14.622000
-13.655000
-11.723000
-11.723000
-9.790700
-9.790700
-8.824500
-5.925900
-3.993600
-0.128820
6.634500
11.465000
11.465000
9.533000
10.499000
4.702100
-1.095000
-2.061200
-5.925900
-10.757000
-15.588000
-15.588000
-15.588000
-16.554001
-14.622000
-10.757000
-4.959700
1.803500
4.702100
0.837360
-2.061200
-3.027400
-4.959700
-8.824500
-19.452000
-26.216000
-23.316999
-19.452000
-9.790700
2.769700
7.600600
8.566800
11.465000
18.229000
22.093000
23.059999
17.261999
4.702100
-10.757000
-15.588000
-10.757000
-5.925900
0.837360
7.600600
10.499000
8.566800
8.566800
10.499000
11.465000
11.465000
13.398000
15.330000
15.330000
13.398000
12.432000
17.261999
19.195000
18.229000
16.296000
13.398000
9.533000
5.668300
1.803500
1.803500
-0.128820
-2.061200
-4.959700
-9.790700
-11.723000
-10.757000
-11.723000
-7.858300
-0.128820
9.533000
16.296000
19.195000
18.229000
16.296000
14.364000
11.465000
1.803500
-3.027400
-3.993600
-6.892100
-11.723000
-16.554001
-15.588000
-14.622000
-10.757000
-4.959700
-0.128820
5.668300
8.566800
10.499000
12.432000
16.296000
19.195000
15.330000
11.465000
3.735900
-2.061200
-7.858300
-14.622000
-17.520000
-15.588000
-12.689000
-10.757000
-10.757000
-11.723000
-6.892100
-3.993600
-3.993600
-2.061200
-1.095000
-0.128820
-1.095000
-2.061200
-4.959700
-4.959700
-3.993600
-4.959700
-4.959700
-3.993600
-0.128820
5.668300
8.566800
8.566800
3.735900
0.837360
-3.027400
-7.858300
-10.757000
-12.689000
-14.622000
-13.655000
-14.622000
-16.554001
-15.588000
-8.824500
-1.095000
5.668300
4.702100
3.735900
3.735900
-2.061200
-10.757000
-15.588000
-16.554001
-15.588000
-10.757000
-8.824500
-9.790700
-6.892100
3.735900
15.330000
24.992001
28.857000
32.721001
32.721001
25.958000
18.229000
10.499000
1.803500
-7.858300
-16.554001
-19.452000
-16.554001
-4.959700
5.668300
13.398000
20.160999
23.059999
22.093000
19.195000
13.398000
8.566800
5.668300
2.769700
-4.959700
-8.824500
-6.892100
-3.993600
-1.095000
2.769700
6.634500
8.566800
8.566800
8.566800
6.634500
2.769700
-0.128820
-3.027400
-5.925900
-4.959700
-4.959700
-4.959700
-3.027400
1.803500
2.769700
3.735900
2.769700
-3.027400
-8.824500
-13.655000
-20.419001
-23.316999
-18.486000
-12.689000
-2.061200
8.566800
15.330000
17.261999
17.261999
11.465000
4.702100
-2.061200
-5.925900
-4.959700
-3.993600
-2.061200
-0.128820
-1.095000
-3.993600
-6.892100
-6.892100
-11.723000
-13.655000
-12.689000
-15.588000
-14.622000
-9.790700
-3.027400
6.634500
15.330000
18.229000
19.195000
13.398000
8.566800
2.769700
-2.061200
-2.061200
-3.027400
-3.993600
-2.061200
-3.027400
-6.892100
-8.824500
-11.723000
-7.858300
0.837360
7.600600
16.296000
19.195000
18.229000
15.330000
12.432000
6.634500
-1.095000
-6.892100
-12.689000
-17.520000
-18.486000
-16.554001
-12.689000
-10.757000
-5.925900
-4.959700
-2.061200
2.769700
3.735900
1.803500
-2.061200
-4.959700
-3.993600
0.837360
2.769700
3.735900
5.668300
5.668300
3.735900
8.566800
12.432000
14.364000
11.465000
8.566800
5.668300
3.735900
-1.095000
-4.959700
-3.993600
-2.061200
-3.993600
-3.027400
-2.061200
-1.095000
-0.128820
-2.061200
-2.061200
-3.027400
-3.027400
-7.858300
-6.892100
-3.993600
-3.993600
-1.095000
2.769700
7.600600
9.533000
9.533000
11.465000
12.432000
14.364000
12.432000
7.600600
3.735900
0.837360
-1.095000
-1.095000
-2.061200
-3.027400
-0.128820
-0.128820
-3.027400
-3.027400
-4.959700
-6.892100
-7.858300
-7.858300
-8.824500
-9.790700
-4.959700
-0.128820
6.634500
13.398000
19.195000
16.296000
11.465000
8.566800
0.837360
-9.790700
-16.554001
-19.452000
-20.419001
-18.486000
-11.723000
-3.027400
4.702100
10.499000
18.229000
24.025999
22.093000
17.261999
7.600600
-2.061200
-7.858300
-15.588000
-18.486000
-15.588000
-10.757000
-1.095000
9.533000
16.296000
22.093000
26.924000
26.924000
25.958000
22.093000
15.330000
10.499000
6.634500
1.803500
-2.061200
-3.993600
-2.061200
-0.128820
1.803500
6.634500
7.600600
9.533000
7.600600
4.702100
0.837360
-3.993600
-11.723000
-13.655000
-5.925900
2.769700
11.465000
16.296000
17.261999
13.398000
8.566800
1.803500
-5.925900
-12.689000
-18.486000
-17.520000
-20.419001
-19.452000
-18.486000
-16.554001
-13.655000
-13.655000
-14.622000
-17.520000
-19.452000
-17.520000
-15.588000
-9.790700
-4.959700
-3.993600
1.803500
2.769700
-2.061200
-1.095000
-1.095000
-5.925900
-5.925900
-4.959700
-7.858300
-8.824500
-7.858300
-3.993600
1.803500
7.600600
14.364000
17.261999
13.398000
12.432000
9.533000
6.634500
