-2.006500
-3.948200
-2.977300
-3.948200
-5.890000
-7.831700
-4.919100
0.906150
0.906150
-2.006500
-1.035600
-1.035600
0.906150
0.906150
2.847900
5.760500
1.877000
2.847900
2.847900
2.847900
2.847900
-2.006500
-2.006500
-0.064720
-2.977300
-2.977300
0.906150
2.847900
-2.006500
-3.948200
6.731400
11.586000
2.847900
-0.064720
2.847900
5.760500
2.847900
-0.064720
-2.977300
-4.919100
-4.919100
-2.006500
-1.035600
-1.035600
-4.919100
-1.035600
3.818800
0.906150
-0.064720
2.847900
1.877000
-3.948200
-1.035600
1.877000
-1.035600
0.906150
0.906150
1.877000
4.789600
2.847900
1.877000
3.818800
-0.064720
-1.035600
2.847900
7.702300
5.760500
1.877000
3.818800
5.760500
-1.035600
-3.948200
-0.064720
1.877000
3.818800
3.818800
2.847900
-0.064720
2.847900
3.818800
2.847900
3.818800
2.847900
0.906150
-0.064720
1.877000
-3.948200
-1.035600
3.818800
1.877000
-2.006500
-3.948200
-4.919100
-3.948200
-7.831700
-7.831700
-7.831700
-6.860800
-3.948200
1.877000
3.818800
1.877000
1.877000
2.847900
3.818800
0.906150
2.847900
-0.064720
1.877000
7.702300
3.818800
0.906150
3.818800
1.877000
1.877000
2.847900
1.877000
5.760500
5.760500
-0.064720
-0.064720
1.877000
0.906150
-3.948200
-5.890000
-6.860800
-2.006500
-0.064720
-1.035600
0.906150
-0.064720
0.906150
-2.006500
-2.977300
1.877000
2.847900
5.760500
6.731400
7.702300
8.673100
6.731400
8.673100
7.702300
0.906150
-1.035600
3.818800
-0.064720
-2.006500
0.906150
-5.890000
-2.977300
-2.006500
-6.860800
-9.773500
-8.802600
-3.948200
-5.890000
-5.890000
-3.948200
-2.977300
-3.948200
-2.006500
2.847900
1.877000
1.877000
-2.977300
-6.860800
-5.890000
-3.948200
-0.064720
1.877000
2.847900
3.818800
1.877000
0.906150
0.906150
3.818800
-0.064720
-2.006500
-2.006500
-0.064720
-0.064720
-0.064720
-1.035600
-1.035600
0.906150
1.877000
1.877000
2.847900
5.760500
3.818800
4.789600
-0.064720
-2.006500
3.818800
6.731400
3.818800
-4.919100
-5.890000
-1.035600
-2.977300
-10.744000
-7.831700
-4.919100
-3.948200
-2.977300
-5.890000
-1.035600
5.760500
4.789600
2.847900
3.818800
7.702300
11.586000
10.615000
5.760500
6.731400
5.760500
5.760500
0.906150
-2.977300
-1.035600
0.906150
1.877000
-1.035600
-2.006500
-1.035600
-2.977300
-1.035600
2.847900
1.877000
3.818800
4.789600
6.731400
1.877000
0.906150
4.789600
9.644000
5.760500
5.760500
7.702300
5.760500
5.760500
2.847900
-1.035600
-2.006500
1.877000
2.847900
-2.006500
-6.860800
-4.919100
1.877000
2.847900
1.877000
-0.064720
-0.064720
0.906150
-2.006500
-0.064720
2.847900
-2.006500
-2.006500
1.877000
5.760500
5.760500
0.906150
-2.977300
-2.977300
-0.064720
0.906150
-3.948200
-6.860800
-4.919100
0.906150
1.877000
-0.064720
-2.006500
-2.977300
-3.948200
-7.831700
-5.890000
1.877000
6.731400
7.702300
3.818800
4.789600
4.789600
5.760500
5.760500
7.702300
4.789600
-0.064720
1.877000
0.906150
-0.064720
-0.064720
-2.006500
-2.006500
1.877000
-1.035600
-3.948200
-2.977300
-3.948200
-6.860800
-2.977300
-1.035600
-1.035600
0.906150
2.847900
1.877000
6.731400
10.615000
9.644000
7.702300
3.818800
7.702300
7.702300
0.906150
0.906150
3.818800
1.877000
-2.977300
-10.744000
-12.686000
-8.802600
-8.802600
-5.890000
-4.919100
-3.948200
-8.802600
-7.831700
-2.977300
-3.948200
-4.919100
-0.064720
-0.064720
-2.006500
-2.977300
2.847900
2.847900
-2.977300
-2.006500
0.906150
-2.977300
-4.919100
-3.948200
-6.860800
-3.948200
-0.064720
-1.035600
-0.064720
-3.948200
-0.064720
6.731400
6.731400
5.760500
4.789600
6.731400
8.673100
10.615000
8.673100
1.877000
2.847900
7.702300
4.789600
1.877000
-2.006500
-1.035600
2.847900
0.906150
1.877000
6.731400
3.818800
1.877000
3.818800
3.818800
0.906150
-1.035600
3.818800
4.789600
-0.064720
-1.035600
3.818800
8.673100
3.818800
-0.064720
3.818800
0.906150
-2.006500
-1.035600
-1.035600
-2.006500
-6.860800
-5.890000
-2.977300
-5.890000
-2.977300
3.818800
8.673100
7.702300
8.673100
5.760500
-0.064720
-2.977300
1.877000
0.906150
0.906150
0.906150
4.789600
6.731400
4.789600
3.818800
7.702300
6.731400
1.877000
-2.006500
-1.035600
-1.035600
-6.860800
-2.977300
-1.035600
-2.977300
-4.919100
-3.948200
-2.006500
-0.064720
-1.035600
-1.035600
-1.035600
-1.035600
0.906150
-6.860800
-8.802600
-6.860800
-4.919100
-3.948200
-3.948200
-3.948200
-2.977300
1.877000
3.818800
-0.064720
-3.948200
-6.860800
-6.860800
-5.890000
-5.890000
-6.860800
-4.919100
-1.035600
-1.035600
-0.064720
2.847900
2.847900
1.877000
0.906150
0.906150
-0.064720
-0.064720
-3.948200
-3.948200
-2.977300
-2.006500
-2.006500
-4.919100
-2.006500
4.789600
5.760500
5.760500
0.906150
2.847900
-0.064720
-5.890000
-8.802600
-7.831700
-8.802600
-7.831700
-3.948200
-4.919100
-5.890000
-3.948200
1.877000
6.731400
3.818800
-1.035600
-2.006500
1.877000
-1.035600
-2.006500
0.906150
5.760500
7.702300
9.644000
8.673100
7.702300
3.818800
4.789600
4.789600
-0.064720
-1.035600
2.847900
2.847900
1.877000
-0.064720
0.906150
2.847900
-1.035600
1.877000
5.760500
9.644000
6.731400
1.877000
2.847900
6.731400
3.818800
1.877000
-1.035600
0.906150
0.906150
-6.860800
-2.977300
-0.064720
0.906150
6.731400
6.731400
7.702300
8.673100
2.847900
-0.064720
1.877000
5.760500
3.818800
3.818800
5.760500
4.789600
3.818800
4.789600
8.673100
6.731400
4.789600
6.731400
5.760500
-0.064720
-2.977300
-3.948200
-2.977300
-3.948200
-9.773500
-13.657000
-11.715000
-16.570000
-11.715000
-1.035600
1.877000
-1.035600
-5.890000
-2.006500
4.789600
1.877000
-0.064720
0.906150
3.818800
4.789600
-0.064720
-3.948200
-7.831700
-3.948200
-0.064720
0.906150
1.877000
2.847900
4.789600
5.760500
5.760500
1.877000
-1.035600
1.877000
3.818800
0.906150
-2.977300
-2.006500
1.877000
2.847900
1.877000
-4.919100
-2.006500
4.789600
1.877000
1.877000
-4.919100
-4.919100
-2.006500
0.906150
-5.890000
-3.948200
0.906150
2.847900
3.818800
3.818800
6.731400
7.702300
8.673100
10.615000
8.673100
2.847900
0.906150
-1.035600
-4.919100
-1.035600
-2.006500
-2.006500
-0.064720
-3.948200
-4.919100
-5.890000
-0.064720
3.818800
2.847900
2.847900
1.877000
0.906150
-1.035600
-0.064720
-0.064720
-6.860800
-10.744000
-4.919100
0.906150
-1.035600
-3.948200
-4.919100
-2.977300
-1.035600
-3.948200
-2.006500
-1.035600
-4.919100
-9.773500
-10.744000
-8.802600
-6.860800
-6.860800
-2.006500
0.906150
-2.006500
-2.006500
-1.035600
-0.064720
1.877000
5.760500
8.673100
7.702300
5.760500
6.731400
10.615000
9.644000
2.847900
-1.035600
0.906150
-0.064720
-4.919100
-5.890000
-2.977300
-2.006500
-4.919100
-6.860800
-3.948200
3.818800
3.818800
1.877000
4.789600
10.615000
10.615000
4.789600
4.789600
3.818800
-0.064720
-4.919100
-2.977300
-3.948200
-4.919100
-0.064720
1.877000
-2.977300
-5.890000
-2.006500
1.877000
-1.035600
-0.064720
1.877000
7.702300
7.702300
4.789600
5.760500
6.731400
4.789600
3.818800
1.877000
-1.035600
0.906150
5.760500
7.702300
6.731400
2.847900
2.847900
4.789600
0.906150
-3.948200
-2.977300
-3.948200
-6.860800
-10.744000
-10.744000
-3.948200
-0.064720
-0.064720
-3.948200
-2.006500
-2.006500
-5.890000
-5.890000
-3.948200
2.847900
5.760500
4.789600
6.731400
5.760500
4.789600
7.702300
6.731400
-0.064720
-9.773500
-8.802600
-4.919100
-5.890000
-5.890000
-10.744000
-5.890000
-1.035600
-0.064720
1.877000
1.877000
5.760500
7.702300
4.789600
3.818800
2.847900
3.818800
9.644000
11.586000
8.673100
4.789600
3.818800
3.818800
4.789600
5.760500
2.847900
0.906150
1.877000
-0.064720
-2.977300
-8.802600
-12.686000
-6.860800
0.906150
5.760500
7.702300
9.644000
11.586000
10.615000
12.557000
15.469000
12.557000
7.702300
-0.064720
5.760500
8.673100
3.818800
3.818800
0.906150
-2.977300
0.906150
3.818800
-1.035600
-2.006500
-0.064720
-2.006500
-3.948200
-4.919100
-4.919100
-7.831700
-12.686000
-11.715000
-14.628000
-14.628000
-7.831700
-3.948200
0.906150
-2.006500
-1.035600
6.731400
9.644000
3.818800
3.818800
8.673100
1.877000
-7.831700
-9.773500
-5.890000
-3.948200
-4.919100
-9.773500
-6.860800
-1.035600
-1.035600
-3.948200
-0.064720
3.818800
7.702300
3.818800
-0.064720
2.847900
8.673100
4.789600
-1.035600
-5.890000
-3.948200
-1.035600
-3.948200
-4.919100
-9.773500
-7.831700
-4.919100
-5.890000
-7.831700
-3.948200
1.877000
2.847900
2.847900
-0.064720
0.906150
0.906150
1.877000
1.877000
-0.064720
4.789600
5.760500
1.877000
0.906150
5.760500
3.818800
-2.977300
-0.064720
-0.064720
0.906150
-0.064720
-2.977300
-1.035600
2.847900
-0.064720
1.877000
0.906150
2.847900
3.818800
1.877000
-0.064720
-3.948200
-5.890000
-1.035600
2.847900
1.877000
2.847900
2.847900
4.789600
2.847900
-1.035600
1.877000
0.906150
-1.035600
-0.064720
-0.064720
5.760500
5.760500
2.847900
1.877000
-0.064720
6.731400
7.702300
6.731400
3.818800
3.818800
3.818800
0.906150
-2.006500
-4.919100
-2.977300
1.877000
0.906150
-2.977300
-5.890000
0.906150
5.760500
1.877000
0.906150
-2.006500
-0.064720
-1.035600
-3.948200
-1.035600
2.847900
3.818800
4.789600
2.847900
2.847900
2.847900
3.818800
-0.064720
-4.919100
-6.860800
-4.919100
2.847900
7.702300
7.702300
3.818800
-1.035600
3.818800
5.760500
6.731400
3.818800
4.789600
3.818800
0.906150
-1.035600
-0.064720
2.847900
1.877000
-3.948200
-2.977300
0.906150
-1.035600
-6.860800
-9.773500
-6.860800
-2.977300
-1.035600
-0.064720
-1.035600
-3.948200
-4.919100
-1.035600
1.877000
1.877000
-2.977300
-6.860800
-4.919100
-0.064720
-1.035600
-3.948200
-2.977300
-2.006500
-2.006500
-1.035600
-1.035600
-2.006500
0.906150
3.818800
4.789600
3.818800
1.877000
0.906150
-0.064720
-4.919100
-1.035600
0.906150
-2.977300
-3.948200
-2.006500
-0.064720
-3.948200
0.906150
5.760500
1.877000
-1.035600
-2.006500
-2.977300
-2.977300
1.877000
5.760500
4.789600
0.906150
-1.035600
1.877000
-0.064720
-2.977300
-7.831700
-4.919100
1.877000
2.847900
-0.064720
-0.064720
-2.006500
-0.064720
3.818800
4.789600
4.789600
3.818800
3.818800
1.877000
1.877000
2.847900
-0.064720
-0.064720
1.877000
-2.006500
-2.977300
-2.977300
-4.919100
-5.890000
-6.860800
-4.919100
-1.035600
1.877000
1.877000
3.818800
