-10.718000
-7.846900
-3.062200
-0.191390
4.593300
5.550200
6.507200
5.550200
9.378000
10.335000
6.507200
2.679400
-2.105300
-6.890000
-4.019100
-4.976100
-12.632000
-16.459000
-14.545000
-9.760800
-7.846900
-5.933000
-7.846900
-4.976100
-4.019100
-0.191390
3.636400
1.722500
-4.976100
-3.062200
5.550200
6.507200
6.507200
5.550200
2.679400
4.593300
5.550200
-1.148300
-6.890000
-6.890000
-3.062200
0.765550
0.765550
-0.191390
1.722500
2.679400
-0.191390
2.679400
2.679400
-0.191390
-1.148300
-1.148300
0.765550
7.464100
6.507200
5.550200
7.464100
6.507200
4.593300
6.507200
6.507200
4.593300
4.593300
3.636400
6.507200
5.550200
6.507200
7.464100
4.593300
3.636400
6.507200
2.679400
0.765550
4.593300
7.464100
7.464100
2.679400
-2.105300
1.722500
0.765550
1.722500
4.593300
5.550200
0.765550
-3.062200
-1.148300
-2.105300
0.765550
2.679400
1.722500
-3.062200
-4.976100
-2.105300
0.765550
-3.062200
-3.062200
1.722500
3.636400
0.765550
-3.062200
2.679400
4.593300
3.636400
4.593300
2.679400
1.722500
3.636400
2.679400
-2.105300
-2.105300
-2.105300
-6.890000
-5.933000
-0.191390
2.679400
0.765550
-3.062200
-0.191390
-5.933000
-5.933000
-1.148300
-0.191390
-5.933000
-11.675000
-7.846900
-1.148300
-1.148300
-4.019100
-4.019100
1.722500
4.593300
4.593300
1.722500
-1.148300
0.765550
2.679400
4.593300
6.507200
6.507200
2.679400
2.679400
8.421100
9.378000
7.464100
-1.148300
1.722500
7.464100
5.550200
3.636400
2.679400
1.722500
5.550200
6.507200
2.679400
-2.105300
-4.019100
-4.976100
-4.019100
-3.062200
-5.933000
-4.976100
-1.148300
-2.105300
-5.933000
-4.976100
-1.148300
-0.191390
-1.148300
-3.062200
-2.105300
-0.191390
-3.062200
-0.191390
-1.148300
0.765550
1.722500
-1.148300
-2.105300
-4.976100
-5.933000
-4.976100
-1.148300
-1.148300
-2.105300
-3.062200
-3.062200
-3.062200
-4.976100
2.679400
1.722500
0.765550
6.507200
5.550200
5.550200
5.550200
2.679400
5.550200
4.593300
-2.105300
-4.019100
-3.062200
-5.933000
-4.019100
-3.062200
-2.105300
3.636400
-0.191390
-3.062200
0.765550
0.765550
-1.148300
-2.105300
-4.019100
1.722500
4.593300
5.550200
1.722500
1.722500
-1.148300
3.636400
3.636400
0.765550
0.765550
2.679400
2.679400
0.765550
0.765550
4.593300
0.765550
-1.148300
2.679400
-3.062200
-0.191390
4.593300
4.593300
-2.105300
-8.803800
-6.890000
-2.105300
-4.019100
-2.105300
1.722500
-4.019100
-3.062200
-3.062200
-2.105300
-1.148300
-1.148300
-4.019100
-3.062200
-7.846900
-3.062200
7.464100
6.507200
3.636400
-0.191390
-0.191390
-1.148300
1.722500
4.593300
1.722500
3.636400
5.550200
0.765550
-0.191390
2.679400
2.679400
1.722500
0.765550
1.722500
3.636400
0.765550
1.722500
4.593300
2.679400
3.636400
-1.148300
-3.062200
-3.062200
-3.062200
-0.191390
3.636400
4.593300
4.593300
0.765550
-2.105300
-3.062200
-2.105300
-2.105300
-4.019100
-1.148300
-3.062200
-2.105300
-3.062200
-4.976100
-1.148300
2.679400
-0.191390
0.765550
-2.105300
-4.019100
-3.062200
-3.062200
-0.191390
5.550200
9.378000
7.464100
3.636400
4.593300
1.722500
0.765550
8.421100
0.765550
-3.062200
-4.019100
-1.148300
2.679400
1.722500
2.679400
4.593300
2.679400
4.593300
0.765550
3.636400
10.335000
8.421100
1.722500
-4.019100
0.765550
1.722500
4.593300
7.464100
7.464100
2.679400
4.593300
8.421100
12.249000
9.378000
-4.976100
-14.545000
-11.675000
-5.933000
-4.976100
-0.191390
-1.148300
-4.019100
-2.105300
3.636400
-1.148300
-4.976100
2.679400
1.722500
-5.933000
-5.933000
-3.062200
-2.105300
-4.019100
-0.191390
5.550200
2.679400
-1.148300
-4.976100
-4.019100
-2.105300
-1.148300
0.765550
-2.105300
-1.148300
2.679400
-0.191390
0.765550
5.550200
3.636400
0.765550
-1.148300
-1.148300
-4.976100
-4.976100
-1.148300
1.722500
-1.148300
3.636400
3.636400
-0.191390
-3.062200
-4.019100
-5.933000
-6.890000
-5.933000
-6.890000
-2.105300
-4.019100
-5.933000
-4.976100
-1.148300
-1.148300
-1.148300
-0.191390
-1.148300
-4.976100
-4.019100
-3.062200
-4.976100
-4.976100
-9.760800
-1.148300
6.507200
4.593300
2.679400
0.765550
-3.062200
1.722500
4.593300
1.722500
0.765550
2.679400
1.722500
0.765550
0.765550
0.765550
-3.062200
-3.062200
2.679400
3.636400
-1.148300
0.765550
4.593300
0.765550
2.679400
0.765550
0.765550
3.636400
6.507200
8.421100
2.679400
2.679400
1.722500
5.550200
6.507200
3.636400
-2.105300
-1.148300
-2.105300
-0.191390
3.636400
3.636400
2.679400
2.679400
3.636400
-3.062200
-2.105300
1.722500
-1.148300
-1.148300
1.722500
1.722500
-0.191390
-3.062200
3.636400
3.636400
1.722500
-1.148300
-3.062200
-1.148300
-2.105300
3.636400
4.593300
-4.976100
-14.545000
-13.589000
-12.632000
-6.890000
1.722500
7.464100
8.421100
10.335000
11.292000
12.249000
11.292000
10.335000
5.550200
4.593300
7.464100
0.765550
-2.105300
-6.890000
-4.976100
-5.933000
-8.803800
-6.890000
-7.846900
-3.062200
3.636400
6.507200
5.550200
6.507200
6.507200
3.636400
2.679400
1.722500
-3.062200
-0.191390
-3.062200
-6.890000
-9.760800
-12.632000
-17.416000
-12.632000
-3.062200
1.722500
1.722500
0.765550
-2.105300
-1.148300
3.636400
0.765550
1.722500
2.679400
4.593300
6.507200
6.507200
5.550200
1.722500
-4.019100
-3.062200
-0.191390
0.765550
2.679400
3.636400
5.550200
3.636400
0.765550
-0.191390
2.679400
8.421100
13.206000
10.335000
8.421100
7.464100
12.249000
10.335000
-0.191390
0.765550
3.636400
2.679400
0.765550
0.765550
0.765550
-2.105300
-1.148300
-0.191390
-1.148300
-2.105300
-3.062200
-1.148300
-3.062200
-2.105300
-1.148300
-3.062200
-4.976100
-4.976100
-4.019100
-5.933000
-1.148300
3.636400
9.378000
4.593300
2.679400
3.636400
8.421100
9.378000
6.507200
2.679400
2.679400
3.636400
0.765550
-2.105300
-3.062200
-4.019100
-5.933000
-6.890000
-8.803800
-10.718000
-9.760800
-5.933000
-3.062200
-4.976100
-5.933000
-4.976100
-6.890000
-3.062200
2.679400
-0.191390
-4.019100
-4.019100
-3.062200
-4.976100
-6.890000
-4.019100
-2.105300
-5.933000
-7.846900
-7.846900
-5.933000
-3.062200
-0.191390
3.636400
6.507200
8.421100
4.593300
-0.191390
0.765550
10.335000
9.378000
8.421100
8.421100
8.421100
3.636400
-1.148300
0.765550
1.722500
-1.148300
1.722500
3.636400
-0.191390
-1.148300
2.679400
4.593300
2.679400
6.507200
6.507200
4.593300
2.679400
4.593300
5.550200
3.636400
1.722500
-1.148300
0.765550
-1.148300
0.765550
-0.191390
2.679400
5.550200
3.636400
0.765550
6.507200
5.550200
2.679400
5.550200
5.550200
3.636400
1.722500
2.679400
-0.191390
-3.062200
-4.976100
-4.976100
-5.933000
-1.148300
-4.019100
-4.976100
-3.062200
1.722500
-0.191390
-2.105300
-3.062200
-3.062200
-2.105300
-6.890000
-5.933000
-5.933000
-6.890000
-10.718000
-8.803800
-4.976100
-7.846900
-8.803800
-4.976100
-1.148300
3.636400
4.593300
3.636400
3.636400
7.464100
10.335000
12.249000
12.249000
12.249000
16.077000
14.163000
2.679400
-4.976100
-4.019100
-5.933000
-8.803800
-7.846900
-3.062200
2.679400
1.722500
6.507200
10.335000
11.292000
11.292000
12.249000
8.421100
6.507200
0.765550
-4.976100
-11.675000
-9.760800
-8.803800
-4.976100
-9.760800
-13.589000
-14.545000
-12.632000
-4.976100
2.679400
5.550200
4.593300
2.679400
1.722500
4.593300
1.722500
0.765550
-2.105300
-7.846900
-8.803800
-3.062200
-1.148300
-3.062200
-4.976100
-0.191390
8.421100
6.507200
3.636400
4.593300
2.679400
4.593300
5.550200
0.765550
0.765550
-1.148300
-4.019100
-4.976100
-9.760800
-16.459000
-11.675000
-3.062200
0.765550
1.722500
-0.191390
1.722500
2.679400
1.722500
4.593300
8.421100
2.679400
1.722500
0.765550
1.722500
1.722500
-6.890000
-11.675000
-16.459000
-20.287001
-20.287001
-16.459000
-14.545000
-13.589000
-5.933000
-2.105300
2.679400
5.550200
11.292000
20.861000
14.163000
8.421100
8.421100
1.722500
-2.105300
-6.890000
-3.062200
-4.976100
-4.976100
-4.976100
-2.105300
-3.062200
2.679400
8.421100
9.378000
11.292000
10.335000
12.249000
17.033001
17.990000
17.033001
7.464100
5.550200
5.550200
7.464100
4.593300
3.636400
12.249000
6.507200
9.378000
13.206000
11.292000
7.464100
5.550200
4.593300
-0.191390
-4.019100
-3.062200
-4.019100
-8.803800
-8.803800
-10.718000
-13.589000
-12.632000
-4.019100
7.464100
8.421100
1.722500
3.636400
5.550200
6.507200
8.421100
10.335000
10.335000
7.464100
3.636400
1.722500
-4.019100
-4.019100
-0.191390
-1.148300
-1.148300
-1.148300
-1.148300
-0.191390
-0.191390
1.722500
-2.105300
-4.976100
-7.846900
-8.803800
-12.632000
-7.846900
-3.062200
-4.976100
-11.675000
-12.632000
-13.589000
-11.675000
-2.105300
9.378000
8.421100
4.593300
4.593300
6.507200
4.593300
1.722500
1.722500
1.722500
-0.191390
-5.933000
-6.890000
-6.890000
-7.846900
-8.803800
-6.890000
-4.976100
-4.976100
3.636400
8.421100
8.421100
7.464100
11.292000
9.378000
5.550200
4.593300
4.593300
-1.148300
-7.846900
-5.933000
0.765550
-0.191390
-5.933000
-11.675000
-11.675000
-13.589000
-11.675000
-4.976100
-1.148300
1.722500
0.765550
4.593300
6.507200
5.550200
9.378000
11.292000
6.507200
2.679400
0.765550
-3.062200
-7.846900
-9.760800
-7.846900
-9.760800
-8.803800
-6.890000
-7.846900
-9.760800
-4.019100
3.636400
6.507200
8.421100
10.335000
11.292000
10.335000
6.507200
7.464100
4.593300
-1.148300
-1.148300
-2.105300
-3.062200
-3.062200
-2.105300
-3.062200
-4.019100
-6.890000
-4.976100
5.550200
16.077000
18.947001
19.903999
20.861000
17.033001
16.077000
12.249000
8.421100
8.421100
6.507200
-2.105300
-2.105300
-4.976100
-6.890000
-5.933000
-2.105300
-3.062200
-2.105300
-2.105300
0.765550
1.722500
0.765550
0.765550
0.765550
0.765550
4.593300
2.679400
-3.062200
-4.976100
-7.846900
-7.846900
-11.675000
-20.287001
-20.287001
-11.675000
-4.019100
0.765550
3.636400
4.593300
8.421100
8.421100
9.378000
8.421100
4.593300
0.765550
2.679400
-0.191390
-3.062200
-8.803800
-10.718000
-10.718000
-14.545000
-14.545000
-10.718000
-11.675000
-10.718000
-8.803800
-1.148300
8.421100
10.335000
11.292000
9.378000
10.335000
8.421100
2.679400
4.593300
2.679400
-1.148300
-1.148300
-4.976100
-4.019100
-4.019100
-4.019100
-3.062200
-3.062200
2.679400
6.507200
9.378000
10.335000
7.464100
11.292000
11.292000
9.378000
8.421100
3.636400
5.550200
2.679400
-4.019100
