17.115000
14.231000
9.423100
6.538500
-1.153800
-1.153800
-0.192310
5.576900
9.423100
6.538500
12.308000
13.269000
6.538500
5.576900
0.769230
-5.961500
-5.000000
-7.884600
-8.846200
-7.884600
-3.076900
5.576900
4.615400
0.769230
0.769230
5.576900
6.538500
7.500000
9.423100
12.308000
12.308000
12.308000
8.461500
0.769230
-2.115400
-6.923100
-8.846200
-3.076900
1.730800
6.538500
14.231000
14.231000
13.269000
12.308000
11.346000
5.576900
-11.731000
-19.423000
-19.423000
-20.385000
-15.577000
-1.153800
7.500000
13.269000
11.346000
0.769230
0.769230
-3.076900
-2.115400
-1.153800
-1.153800
0.769230
1.730800
-4.038500
-5.961500
-4.038500
-5.961500
-5.961500
-0.192310
0.769230
-0.192310
-5.000000
-4.038500
-5.961500
-5.000000
-5.961500
-7.884600
-3.076900
2.692300
5.576900
10.385000
5.576900
-1.153800
-5.961500
-9.807700
-5.961500
2.692300
3.653800
1.730800
4.615400
6.538500
9.423100
9.423100
6.538500
1.730800
-3.076900
-1.153800
-1.153800
-5.000000
-6.923100
-6.923100
-2.115400
5.576900
6.538500
0.769230
0.769230
6.538500
-0.192310
-7.884600
-2.115400
9.423100
8.461500
9.423100
7.500000
1.730800
-1.153800
-4.038500
-5.961500
-14.615000
-15.577000
-12.692000
-5.000000
-1.153800
-3.076900
-2.115400
0.769230
9.423100
13.269000
12.308000
19.038000
13.269000
4.615400
1.730800
-0.192310
-6.923100
-10.769000
-8.846200
-7.884600
-8.846200
-11.731000
-15.577000
-13.654000
-9.807700
-5.961500
0.769230
6.538500
15.192000
15.192000
14.231000
11.346000
8.461500
4.615400
-0.192310
-4.038500
-4.038500
0.769230
-3.076900
-0.192310
2.692300
-0.192310
-0.192310
-3.076900
-5.961500
-7.884600
-4.038500
2.692300
10.385000
4.615400
-4.038500
-8.846200
-9.807700
-5.961500
-4.038500
0.769230
-3.076900
-5.961500
-10.769000
-12.692000
-5.961500
1.730800
8.461500
5.576900
3.653800
3.653800
6.538500
7.500000
3.653800
-2.115400
-9.807700
-6.923100
-2.115400
4.615400
4.615400
3.653800
7.500000
10.385000
11.346000
9.423100
5.576900
-0.192310
4.615400
6.538500
8.461500
13.269000
9.423100
-2.115400
-6.923100
-5.000000
-8.846200
-8.846200
1.730800
11.346000
16.153999
14.231000
10.385000
10.385000
3.653800
3.653800
4.615400
0.769230
0.769230
3.653800
2.692300
-4.038500
-6.923100
-11.731000
-9.807700
-8.846200
-9.807700
-5.961500
3.653800
12.308000
16.153999
9.423100
1.730800
-3.076900
-6.923100
-4.038500
2.692300
10.385000
9.423100
9.423100
12.308000
10.385000
15.192000
10.385000
3.653800
-3.076900
-3.076900
3.653800
6.538500
8.461500
7.500000
0.769230
-5.961500
-13.654000
-15.577000
-11.731000
-5.961500
-2.115400
6.538500
10.385000
11.346000
12.308000
7.500000
1.730800
-1.153800
-6.923100
-7.884600
-5.961500
-6.923100
0.769230
3.653800
1.730800
0.769230
3.653800
5.576900
4.615400
-2.115400
-2.115400
-4.038500
-4.038500
-5.961500
-8.846200
-8.846200
-7.884600
-8.846200
-7.884600
-0.192310
-0.192310
-9.807700
-9.807700
-10.769000
-10.769000
-12.692000
-10.769000
-5.961500
-2.115400
-3.076900
-5.000000
-7.884600
-10.769000
-8.846200
-7.884600
-7.884600
-7.884600
-7.884600
-6.923100
-8.846200
-8.846200
-4.038500
-5.000000
-10.769000
-7.884600
-7.884600
-7.884600
-6.923100
-2.115400
5.576900
9.423100
7.500000
4.615400
2.692300
7.500000
16.153999
20.962000
25.768999
25.768999
22.885000
11.346000
0.769230
-1.153800
-1.153800
0.769230
1.730800
2.692300
2.692300
2.692300
2.692300
7.500000
10.385000
10.385000
12.308000
13.269000
11.346000
14.231000
11.346000
5.576900
2.692300
2.692300
-0.192310
-5.961500
-0.192310
3.653800
0.769230
-1.153800
-4.038500
-6.923100
-6.923100
0.769230
3.653800
5.576900
8.461500
1.730800
-4.038500
-5.961500
-9.807700
-10.769000
-15.577000
-14.615000
-9.807700
-8.846200
-10.769000
-5.961500
-5.961500
-5.000000
-7.884600
-5.000000
-6.923100
-7.884600
-4.038500
-5.000000
2.692300
9.423100
5.576900
1.730800
-1.153800
-4.038500
-7.884600
-7.884600
-5.961500
-12.692000
-13.654000
-15.577000
-9.807700
2.692300
6.538500
9.423100
10.385000
11.346000
11.346000
5.576900
6.538500
3.653800
-0.192310
1.730800
6.538500
9.423100
14.231000
15.192000
15.192000
15.192000
18.077000
11.346000
7.500000
5.576900
6.538500
4.615400
5.576900
12.308000
17.115000
18.077000
19.038000
12.308000
10.385000
10.385000
10.385000
9.423100
12.308000
15.192000
17.115000
19.038000
15.192000
12.308000
2.692300
-4.038500
-7.884600
-9.807700
-8.846200
-6.923100
-4.038500
8.461500
6.538500
-1.153800
-2.115400
-5.961500
-8.846200
-9.807700
-9.807700
-5.000000
-5.000000
-5.000000
1.730800
4.615400
-0.192310
-5.961500
-8.846200
-18.462000
-19.423000
-14.615000
-10.769000
-5.000000
-5.000000
-1.153800
3.653800
2.692300
0.769230
1.730800
4.615400
7.500000
5.576900
2.692300
1.730800
0.769230
1.730800
4.615400
-2.115400
-5.961500
-7.884600
-9.807700
-5.000000
-0.192310
5.576900
-0.192310
-8.846200
-9.807700
-9.807700
-13.654000
-12.692000
-9.807700
-5.000000
-5.000000
-6.923100
-12.692000
-14.615000
-14.615000
-11.731000
-5.000000
4.615400
13.269000
15.192000
17.115000
12.308000
8.461500
4.615400
-2.115400
-1.153800
6.538500
12.308000
13.269000
8.461500
2.692300
-5.961500
-10.769000
-8.846200
-13.654000
-12.692000
-10.769000
-10.769000
-6.923100
-1.153800
2.692300
0.769230
-8.846200
-12.692000
-19.423000
-23.268999
-17.500000
-11.731000
-6.923100
-8.846200
-9.807700
-8.846200
-8.846200
-9.807700
-10.769000
-5.000000
-1.153800
-0.192310
-0.192310
-4.038500
-2.115400
4.615400
3.653800
4.615400
2.692300
6.538500
13.269000
12.308000
5.576900
-2.115400
-8.846200
-20.385000
-21.346001
-15.577000
-5.000000
5.576900
7.500000
11.346000
11.346000
8.461500
7.500000
7.500000
8.461500
7.500000
12.308000
13.269000
12.308000
15.192000
21.923000
23.846001
20.000000
14.231000
11.346000
4.615400
-5.961500
-12.692000
-14.615000
-11.731000
-10.769000
-11.731000
-14.615000
-11.731000
-0.192310
2.692300
8.461500
10.385000
3.653800
1.730800
5.576900
3.653800
-5.961500
-9.807700
-6.923100
-3.076900
6.538500
7.500000
4.615400
7.500000
11.346000
9.423100
8.461500
1.730800
-4.038500
-1.153800
3.653800
9.423100
19.038000
20.962000
14.231000
7.500000
0.769230
-5.000000
-8.846200
-1.153800
4.615400
2.692300
-2.115400
3.653800
5.576900
3.653800
6.538500
5.576900
8.461500
11.346000
8.461500
4.615400
4.615400
-4.038500
-8.846200
-8.846200
-7.884600
-6.923100
-6.923100
-3.076900
0.769230
4.615400
2.692300
-5.000000
-12.692000
-18.462000
-20.385000
-14.615000
-4.038500
5.576900
9.423100
6.538500
7.500000
0.769230
-5.000000
-4.038500
-10.769000
-11.731000
-6.923100
-1.153800
1.730800
5.576900
6.538500
9.423100
5.576900
-1.153800
-0.192310
-0.192310
1.730800
7.500000
18.077000
28.653999
29.615000
28.653999
25.768999
18.077000
15.192000
11.346000
6.538500
2.692300
-1.153800
-5.961500
-8.846200
-8.846200
-6.923100
-7.884600
-10.769000
-13.654000
-16.538000
-8.846200
-5.000000
-5.961500
-5.961500
-3.076900
1.730800
8.461500
8.461500
7.500000
8.461500
10.385000
12.308000
11.346000
5.576900
6.538500
3.653800
-3.076900
-12.692000
-16.538000
-11.731000
-6.923100
-3.076900
-1.153800
0.769230
-0.192310
-6.923100
-8.846200
-11.731000
-14.615000
-8.846200
-3.076900
0.769230
3.653800
9.423100
8.461500
11.346000
10.385000
5.576900
0.769230
-1.153800
4.615400
10.385000
6.538500
7.500000
5.576900
5.576900
3.653800
-2.115400
-4.038500
-2.115400
-1.153800
-2.115400
-2.115400
1.730800
-2.115400
-7.884600
-9.807700
-16.538000
-10.769000
-13.654000
-17.500000
-11.731000
-9.807700
-10.769000
-10.769000
-8.846200
-2.115400
-3.076900
-5.961500
-8.846200
-8.846200
-5.961500
1.730800
9.423100
12.308000
12.308000
8.461500
2.692300
-2.115400
-2.115400
-2.115400
-0.192310
-0.192310
-4.038500
-0.192310
1.730800
5.576900
7.500000
9.423100
8.461500
10.385000
9.423100
10.385000
8.461500
6.538500
-5.000000
-13.654000
-14.615000
-13.654000
-13.654000
-3.076900
3.653800
3.653800
-0.192310
-2.115400
-3.076900
-7.884600
-7.884600
-3.076900
0.769230
0.769230
3.653800
2.692300
-0.192310
-0.192310
-2.115400
-4.038500
-10.769000
-12.692000
-12.692000
-13.654000
-16.538000
-7.884600
-2.115400
5.576900
14.231000
12.308000
10.385000
1.730800
-1.153800
-1.153800
-1.153800
1.730800
5.576900
8.461500
3.653800
-0.192310
-0.192310
-1.153800
-0.192310
3.653800
4.615400
3.653800
1.730800
2.692300
1.730800
3.653800
5.576900
8.461500
11.346000
14.231000
15.192000
12.308000
6.538500
1.730800
-5.000000
-11.731000
-18.462000
-17.500000
-14.615000
-9.807700
-0.192310
5.576900
6.538500
6.538500
8.461500
4.615400
-2.115400
0.769230
6.538500
10.385000
11.346000
12.308000
14.231000
20.962000
24.808001
23.846001
19.038000
8.461500
-6.923100
-17.500000
-27.115000
-25.191999
-18.462000
-11.731000
-8.846200
-12.692000
-11.731000
-12.692000
-15.577000
-17.500000
-20.385000
-26.153999
-20.385000
-7.884600
-5.000000
-5.000000
-1.153800
1.730800
7.500000
15.192000
21.923000
20.962000
13.269000
4.615400
3.653800
3.653800
2.692300
8.461500
15.192000
18.077000
17.115000
9.423100
-0.192310
-20.385000
-35.769001
-42.500000
-43.462002
-29.038000
-9.807700
5.576900
17.115000
20.962000
24.808001
20.962000
18.077000
15.192000
8.461500
8.461500
7.500000
6.538500
6.538500
0.769230
-5.000000
-9.807700
-11.731000
-13.654000
-21.346001
-27.115000
-21.346001
-11.731000
-7.884600
-5.000000
4.615400
9.423100
8.461500
10.385000
10.385000
9.423100
8.461500
8.461500
5.576900
4.615400
3.653800
5.576900
0.769230
-6.923100
-9.807700
-14.615000
-15.577000
-14.615000
-6.923100
0.769230
4.615400
10.385000
10.385000
7.500000
11.346000
14.231000
16.153999
18.077000
15.192000
16.153999
11.346000
4.615400
0.769230
-1.153800
-3.076900
-4.038500
-4.038500
-4.038500
-5.961500
-3.076900
1.730800
4.615400
7.500000
14.231000
12.308000
8.461500
10.385000
6.538500
-0.192310
-4.038500
-9.807700
-11.731000
-13.654000
-19.423000
-15.577000
-11.731000
-13.654000
-12.692000
-11.731000
-12.692000
-15.577000
-16.538000
-20.385000
-21.346001
-19.423000
-9.807700
6.538500
9.423100
8.461500
11.346000
11.346000
4.615400
-4.038500
-5.000000
-9.807700
-9.807700
-5.961500
0.769230
2.692300
3.653800
0.769230
-3.076900
-3.076900
-1.153800
-0.192310
-1.153800
-1.153800
1.730800
9.423100
7.500000
8.461500
9.423100
4.615400
0.769230
3.653800
9.423100
8.461500
