14.226000
11.356000
3.700200
-9.697000
-2.041500
1.786300
-3.955300
5.614000
6.571000
-8.740000
15.183000
-10.654000
-23.094000
-2.998400
-14.482000
-19.266001
-10.654000
-5.869200
3.700200
1.786300
-0.127590
5.614000
7.527900
13.270000
8.484800
-2.041500
-5.869200
1.786300
4.657100
5.614000
10.399000
2.743200
-2.998400
-7.783100
-3.955300
-2.041500
7.527900
8.484800
4.657100
-2.041500
-2.041500
8.484800
5.614000
-11.611000
-12.568000
-4.912300
5.614000
7.527900
9.441800
6.571000
-2.998400
-2.998400
0.829350
21.882000
14.226000
-3.955300
5.614000
4.657100
-18.309000
-16.396000
-2.041500
2.743200
-6.826200
-1.084500
6.571000
3.700200
-15.439000
-1.084500
-2.041500
-12.568000
2.743200
3.700200
-5.869200
-14.482000
-8.740000
-4.912300
4.657100
22.839001
1.786300
-8.740000
0.829350
3.700200
2.743200
-4.912300
-6.826200
-1.084500
24.753000
-2.041500
-16.396000
-3.955300
7.527900
11.356000
6.571000
20.924999
-0.127590
-25.007999
-10.654000
1.786300
-0.127590
-7.783100
3.700200
12.313000
14.226000
-3.955300
-1.084500
10.399000
20.924999
7.527900
-6.826200
14.226000
20.924999
-2.041500
-8.740000
-1.084500
6.571000
1.786300
2.743200
16.139999
-21.180000
-37.448002
-15.439000
-5.869200
9.441800
17.097000
19.011000
-1.084500
-9.697000
-6.826200
-3.955300
-5.869200
-9.697000
-2.998400
2.743200
12.313000
-0.127590
-14.482000
-4.912300
-2.041500
18.054001
27.624001
-3.955300
-18.309000
-2.041500
10.399000
5.614000
-15.439000
-22.136999
-5.869200
0.829350
-3.955300
-5.869200
-4.912300
-7.783100
12.313000
21.882000
24.753000
-5.869200
-11.611000
-11.611000
-7.783100
6.571000
0.829350
5.614000
-4.912300
-2.041500
-0.127590
7.527900
10.399000
7.527900
-4.912300
-0.127590
5.614000
17.097000
-2.041500
-5.869200
-2.998400
-8.740000
1.786300
5.614000
-7.783100
-2.041500
-2.041500
-16.396000
-5.869200
-3.955300
-9.697000
6.571000
7.527900
-9.697000
3.700200
9.441800
-0.127590
-2.041500
-2.998400
3.700200
15.183000
-0.127590
-5.869200
0.829350
-3.955300
-7.783100
-9.697000
5.614000
11.356000
-8.740000
-13.525000
5.614000
20.924999
12.313000
-1.084500
4.657100
11.356000
5.614000
-9.697000
-14.482000
-6.826200
10.399000
21.882000
2.743200
-4.912300
3.700200
0.829350
-8.740000
-2.041500
7.527900
-14.482000
-17.351999
3.700200
3.700200
-8.740000
-9.697000
1.786300
21.882000
3.700200
-16.396000
-0.127590
9.441800
15.183000
11.356000
14.226000
6.571000
0.829350
-6.826200
-5.869200
12.313000
4.657100
-13.525000
-9.697000
-0.127590
6.571000
0.829350
-6.826200
0.829350
1.786300
0.829350
-4.912300
-3.955300
-2.041500
-2.041500
3.700200
5.614000
-9.697000
-2.998400
10.399000
10.399000
-0.127590
-0.127590
-1.084500
5.614000
8.484800
-3.955300
-14.482000
4.657100
9.441800
-16.396000
-10.654000
-4.912300
7.527900
-0.127590
-8.740000
3.700200
9.441800
3.700200
15.183000
10.399000
17.097000
5.614000
-13.525000
-6.826200
-4.912300
-13.525000
-10.654000
-1.084500
-6.826200
-12.568000
3.700200
1.786300
-9.697000
-8.740000
7.527900
-2.041500
-17.351999
-9.697000
6.571000
0.829350
-2.041500
6.571000
8.484800
-2.041500
-8.740000
-4.912300
11.356000
6.571000
-4.912300
2.743200
10.399000
8.484800
0.829350
5.614000
-1.084500
-0.127590
-3.955300
11.356000
2.743200
-2.998400
-4.912300
-6.826200
8.484800
14.226000
-2.998400
-21.180000
-9.697000
3.700200
3.700200
-4.912300
-3.955300
1.786300
20.924999
12.313000
3.700200
4.657100
0.829350
-0.127590
0.829350
-0.127590
1.786300
3.700200
6.571000
4.657100
12.313000
6.571000
-7.783100
4.657100
1.786300
-8.740000
-12.568000
-4.912300
6.571000
-5.869200
-1.084500
-2.041500
-2.041500
8.484800
-9.697000
-12.568000
-5.869200
-9.697000
-14.482000
-0.127590
3.700200
1.786300
-8.740000
-12.568000
13.270000
2.743200
-11.611000
-7.783100
7.527900
2.743200
-6.826200
-4.912300
-3.955300
6.571000
14.226000
-2.998400
-17.351999
-10.654000
-2.041500
4.657100
11.356000
13.270000
4.657100
7.527900
-2.998400
-8.740000
1.786300
-7.783100
1.786300
12.313000
6.571000
-2.998400
-0.127590
14.226000
12.313000
9.441800
7.527900
10.399000
-4.912300
-2.041500
22.839001
17.097000
-3.955300
0.829350
17.097000
19.968000
-8.740000
-9.697000
7.527900
1.786300
-1.084500
-1.084500
5.614000
8.484800
11.356000
2.743200
-12.568000
-5.869200
4.657100
1.786300
6.571000
19.011000
34.321999
-10.654000
-23.094000
-2.041500
4.657100
0.829350
-8.740000
-9.697000
-3.955300
-5.869200
-3.955300
-12.568000
-1.084500
3.700200
1.786300
-2.998400
-3.955300
6.571000
0.829350
-3.955300
-5.869200
0.829350
-7.783100
-19.266001
-9.697000
-6.826200
-2.998400
7.527900
21.882000
5.614000
2.743200
-2.041500
6.571000
11.356000
1.786300
2.743200
4.657100
9.441800
3.700200
-2.998400
8.484800
6.571000
-1.084500
5.614000
13.270000
-4.912300
-11.611000
-10.654000
-13.525000
-1.084500
-0.127590
-1.084500
-16.396000
-25.007999
-9.697000
3.700200
-5.869200
-3.955300
-1.084500
-2.041500
-2.998400
-7.783100
-4.912300
5.614000
14.226000
5.614000
-18.309000
-20.223000
-5.869200
5.614000
17.097000
-2.998400
-8.740000
-0.127590
1.786300
11.356000
8.484800
4.657100
-0.127590
-6.826200
4.657100
11.356000
15.183000
17.097000
13.270000
3.700200
-0.127590
10.399000
2.743200
-8.740000
-14.482000
-3.955300
-9.697000
-4.912300
-0.127590
-3.955300
6.571000
15.183000
6.571000
18.054001
13.270000
-25.007999
-25.007999
-9.697000
-14.482000
-10.654000
7.527900
3.700200
-6.826200
13.270000
-1.084500
-15.439000
-13.525000
1.786300
5.614000
-7.783100
-2.041500
9.441800
4.657100
5.614000
4.657100
10.399000
12.313000
-2.041500
-7.783100
-1.084500
-4.912300
-0.127590
1.786300
-5.869200
-6.826200
-4.912300
9.441800
2.743200
-4.912300
4.657100
21.882000
26.667000
-1.084500
-10.654000
-2.041500
6.571000
3.700200
-3.955300
-13.525000
-13.525000
-2.998400
11.356000
11.356000
2.743200
0.829350
-4.912300
-9.697000
-4.912300
1.786300
-0.127590
-9.697000
-6.826200
-1.084500
-8.740000
-25.007999
-23.094000
-8.740000
0.829350
7.527900
-2.041500
-3.955300
9.441800
14.226000
9.441800
-2.998400
-1.084500
-0.127590
-1.084500
-3.955300
-2.998400
10.399000
10.399000
0.829350
14.226000
5.614000
6.571000
2.743200
20.924999
19.011000
2.743200
-1.084500
3.700200
9.441800
4.657100
-1.084500
7.527900
11.356000
0.829350
-11.611000
-13.525000
-6.826200
-12.568000
-4.912300
0.829350
1.786300
-1.084500
-7.783100
-3.955300
15.183000
19.968000
1.786300
-5.869200
10.399000
-2.041500
-6.826200
-11.611000
-2.041500
4.657100
-3.955300
2.743200
15.183000
5.614000
-4.912300
-0.127590
2.743200
4.657100
4.657100
-0.127590
-3.955300
-2.041500
-2.041500
-2.041500
2.743200
6.571000
14.226000
10.399000
18.054001
9.441800
4.657100
1.786300
-5.869200
-5.869200
-12.568000
-13.525000
-3.955300
-0.127590
1.786300
3.700200
-1.084500
4.657100
7.527900
-8.740000
-18.309000
-4.912300
-10.654000
-4.912300
-7.783100
-9.697000
19.968000
17.097000
3.700200
-0.127590
-2.041500
0.829350
-5.869200
-9.697000
-6.826200
-2.041500
6.571000
20.924999
3.700200
-10.654000
-3.955300
-3.955300
-6.826200
-9.697000
-2.998400
5.614000
0.829350
-0.127590
-2.998400
-7.783100
-4.912300
4.657100
5.614000
-0.127590
6.571000
10.399000
5.614000
1.786300
8.484800
2.743200
-1.084500
7.527900
7.527900
8.484800
2.743200
2.743200
2.743200
5.614000
6.571000
-2.998400
-2.998400
16.139999
6.571000
-2.041500
-0.127590
9.441800
12.313000
-0.127590
-16.396000
-11.611000
-2.041500
4.657100
-12.568000
-5.869200
1.786300
-2.041500
-2.998400
0.829350
8.484800
-10.654000
-21.180000
-17.351999
-12.568000
-10.654000
-6.826200
-12.568000
1.786300
14.226000
2.743200
-8.740000
-16.396000
-7.783100
-0.127590
-4.912300
3.700200
6.571000
7.527900
-2.998400
-7.783100
-1.084500
-0.127590
7.527900
3.700200
-9.697000
-9.697000
6.571000
-2.998400
-12.568000
-6.826200
9.441800
-2.998400
-9.697000
-4.912300
-1.084500
1.786300
14.226000
3.700200
-0.127590
4.657100
4.657100
8.484800
0.829350
1.786300
7.527900
2.743200
-0.127590
4.657100
1.786300
-12.568000
-15.439000
-5.869200
-1.084500
-2.998400
8.484800
-2.041500
-4.912300
5.614000
10.399000
-0.127590
-2.041500
3.700200
-3.955300
-9.697000
-1.084500
16.139999
17.097000
7.527900
-1.084500
-2.998400
-2.041500
3.700200
-1.084500
-14.482000
-16.396000
-6.826200
-3.955300
-2.998400
-6.826200
-9.697000
-2.041500
6.571000
7.527900
9.441800
3.700200
-0.127590
2.743200
6.571000
8.484800
8.484800
3.700200
1.786300
7.527900
5.614000
8.484800
11.356000
6.571000
8.484800
8.484800
-4.912300
-6.826200
-6.826200
-3.955300
-9.697000
-3.955300
8.484800
2.743200
1.786300
6.571000
-1.084500
1.786300
3.700200
13.270000
9.441800
-5.869200
-10.654000
-14.482000
-15.439000
-8.740000
-1.084500
3.700200
-3.955300
-6.826200
-0.127590
6.571000
12.313000
13.270000
21.882000
-3.955300
-13.525000
-14.482000
-14.482000
-1.084500
-5.869200
-4.912300
-3.955300
-9.697000
2.743200
5.614000
-5.869200
-9.697000
-2.041500
7.527900
19.968000
18.054001
14.226000
6.571000
0.829350
8.484800
11.356000
6.571000
-2.041500
-1.084500
-5.869200
-2.041500
-1.084500
-3.955300
-4.912300
-5.869200
-5.869200
-2.998400
3.700200
7.527900
-4.912300
-14.482000
-4.912300
10.399000
10.399000
-0.127590
1.786300
-0.127590
9.441800
12.313000
3.700200
-0.127590
4.657100
-4.912300
-6.826200
-6.826200
-13.525000
-7.783100
-7.783100
-5.869200
0.829350
-1.084500
-2.041500
2.743200
17.097000
0.829350
-1.084500
-0.127590
-6.826200
0.829350
-0.127590
-3.955300
13.270000
5.614000
2.743200
-5.869200
-1.084500
-0.127590
-2.041500
9.441800
6.571000
4.657100
1.786300
-6.826200
-5.869200
-2.998400
-7.783100
-1.084500
-5.869200
-1.084500
-2.041500
4.657100
-0.127590
2.743200
-0.127590
1.786300
0.829350
-7.783100
-9.697000
-10.654000
-9.697000
-10.654000
-11.611000
-5.869200
-8.740000
-10.654000
-6.826200
-2.998400
4.657100
-2.998400
-1.084500
1.786300
-1.084500
1.786300
1.786300
-2.041500
-2.998400
3.700200
7.527900
21.882000
14.226000
2.743200
4.657100
-10.654000
-6.826200
19.011000
5.614000
3.700200
13.270000
15.183000
7.527900
0.829350
4.657100
9.441800
15.183000
-2.041500
-20.223000
-11.611000
3.700200
5.614000
-6.826200
-12.568000
-6.826200
0.829350
2.743200
-0.127590
-2.041500
-3.955300
8.484800
8.484800
4.657100
3.700200
-4.912300
