0.884680
-0.063190
-2.906800
2.780400
4.676100
6.571900
1.832500
-0.063190
1.832500
-1.958900
-2.906800
-3.854700
-11.438000
-12.385000
-6.698300
1.832500
6.571900
10.363000
14.155000
11.311000
2.780400
-8.594000
-12.385000
-16.177000
-15.229000
-11.438000
-10.490000
-4.802500
-2.906800
-3.854700
4.676100
6.571900
3.728300
2.780400
0.884680
3.728300
6.571900
6.571900
4.676100
2.780400
5.624000
5.624000
-0.063190
-8.594000
-11.438000
-13.333000
-7.646100
-0.063190
2.780400
9.415500
12.259000
20.790001
29.320999
33.112000
28.372999
16.051001
8.467600
-0.063190
-7.646100
-12.385000
-15.229000
-19.021000
-21.864000
-16.177000
-8.594000
-2.906800
2.780400
4.676100
6.571900
7.519700
9.415500
13.207000
8.467600
2.780400
-0.063190
-8.594000
-18.073000
-22.812000
-19.968000
-17.125000
-16.177000
-12.385000
-5.750400
6.571900
15.103000
16.051001
19.841999
17.945999
11.311000
12.259000
15.103000
16.051001
12.259000
7.519700
3.728300
1.832500
-4.802500
-6.698300
-6.698300
-9.541900
-14.281000
-16.177000
-12.385000
-3.854700
7.519700
19.841999
20.790001
12.259000
4.676100
-1.958900
-8.594000
-16.177000
-20.916000
-20.916000
-15.229000
-13.333000
-4.802500
0.884680
3.728300
12.259000
14.155000
16.997999
20.790001
19.841999
16.997999
16.997999
12.259000
-0.063190
-11.438000
-20.916000
-19.968000
-10.490000
-1.011100
7.519700
10.363000
10.363000
8.467600
11.311000
17.945999
14.155000
8.467600
2.780400
-5.750400
-13.333000
-15.229000
-11.438000
-3.854700
4.676100
10.363000
4.676100
-2.906800
-2.906800
-1.958900
-1.958900
-4.802500
-6.698300
-7.646100
-1.958900
2.780400
0.884680
-7.646100
-18.073000
-23.760000
-22.812000
-12.385000
-6.698300
-2.906800
1.832500
-2.906800
-4.802500
-8.594000
-6.698300
-9.541900
-9.541900
-2.906800
-2.906800
-4.802500
-5.750400
-6.698300
-4.802500
-1.011100
-1.958900
-1.011100
-2.906800
-3.854700
-4.802500
-2.906800
2.780400
7.519700
9.415500
14.155000
16.051001
14.155000
10.363000
7.519700
6.571900
-1.958900
-3.854700
-5.750400
-3.854700
4.676100
9.415500
11.311000
15.103000
20.790001
16.051001
3.728300
-2.906800
-4.802500
-8.594000
-11.438000
-12.385000
-8.594000
-8.594000
-9.541900
-3.854700
3.728300
4.676100
2.780400
-0.063190
3.728300
3.728300
-3.854700
-9.541900
-15.229000
-16.177000
-10.490000
-2.906800
-1.958900
-1.011100
0.884680
0.884680
2.780400
0.884680
-2.906800
-2.906800
-0.063190
1.832500
-0.063190
-7.646100
-8.594000
-2.906800
2.780400
-0.063190
-1.011100
-1.011100
1.832500
6.571900
6.571900
10.363000
8.467600
1.832500
1.832500
-1.011100
-2.906800
-2.906800
-1.011100
3.728300
6.571900
2.780400
6.571900
16.997999
20.790001
19.841999
7.519700
-0.063190
-0.063190
-1.011100
1.832500
-1.011100
-1.011100
-3.854700
-8.594000
-10.490000
-5.750400
6.571900
12.259000
16.051001
17.945999
11.311000
2.780400
0.884680
-0.063190
-3.854700
-2.906800
-4.802500
-6.698300
-1.958900
4.676100
6.571900
4.676100
1.832500
-1.011100
-0.063190
4.676100
7.519700
3.728300
3.728300
2.780400
1.832500
4.676100
6.571900
1.832500
-0.063190
1.832500
-1.011100
0.884680
-2.906800
-3.854700
-1.011100
-1.011100
5.624000
3.728300
0.884680
4.676100
4.676100
7.519700
7.519700
3.728300
-1.011100
-10.490000
-6.698300
-1.958900
7.519700
10.363000
5.624000
-4.802500
-10.490000
-9.541900
-3.854700
-1.011100
-0.063190
2.780400
1.832500
0.884680
3.728300
4.676100
2.780400
-1.958900
-6.698300
-6.698300
-4.802500
-5.750400
-7.646100
-6.698300
3.728300
6.571900
8.467600
6.571900
4.676100
6.571900
4.676100
2.780400
0.884680
-7.646100
-4.802500
-3.854700
-2.906800
-5.750400
-2.906800
-0.063190
1.832500
0.884680
5.624000
3.728300
2.780400
5.624000
1.832500
-3.854700
-3.854700
-1.958900
-5.750400
-7.646100
-9.541900
-11.438000
-8.594000
-5.750400
-5.750400
-2.906800
-2.906800
0.884680
4.676100
0.884680
0.884680
-3.854700
-4.802500
-8.594000
-13.333000
-17.125000
-13.333000
-7.646100
-3.854700
-2.906800
-2.906800
0.884680
8.467600
9.415500
10.363000
8.467600
2.780400
6.571900
3.728300
-2.906800
-2.906800
-5.750400
-2.906800
0.884680
-0.063190
2.780400
4.676100
5.624000
9.415500
11.311000
5.624000
1.832500
2.780400
0.884680
-0.063190
-4.802500
-6.698300
-8.594000
-5.750400
-2.906800
-1.011100
-2.906800
-5.750400
-3.854700
-3.854700
-4.802500
1.832500
0.884680
-3.854700
-3.854700
-3.854700
-3.854700
-0.063190
1.832500
2.780400
-1.011100
-4.802500
-1.011100
5.624000
7.519700
2.780400
2.780400
4.676100
1.832500
-0.063190
3.728300
3.728300
-5.750400
-6.698300
-4.802500
-0.063190
-1.011100
1.832500
6.571900
10.363000
11.311000
8.467600
8.467600
11.311000
8.467600
8.467600
7.519700
4.676100
-2.906800
-4.802500
-1.958900
2.780400
9.415500
6.571900
3.728300
5.624000
6.571900
9.415500
7.519700
2.780400
2.780400
2.780400
0.884680
3.728300
3.728300
3.728300
6.571900
8.467600
5.624000
2.780400
-6.698300
-7.646100
-3.854700
4.676100
3.728300
-1.011100
-0.063190
-0.063190
7.519700
9.415500
8.467600
6.571900
9.415500
13.207000
14.155000
9.415500
-1.011100
-5.750400
-6.698300
-13.333000
-12.385000
-11.438000
-15.229000
-17.125000
-19.021000
-18.073000
-10.490000
-1.958900
-3.854700
0.884680
3.728300
5.624000
2.780400
-0.063190
-4.802500
-6.698300
-10.490000
-12.385000
-10.490000
-11.438000
-5.750400
-1.011100
5.624000
11.311000
9.415500
4.676100
0.884680
-1.011100
-0.063190
0.884680
1.832500
3.728300
6.571900
9.415500
6.571900
6.571900
4.676100
8.467600
6.571900
4.676100
8.467600
10.363000
5.624000
1.832500
-1.958900
-3.854700
0.884680
4.676100
0.884680
-1.011100
0.884680
-1.011100
-0.063190
-3.854700
-8.594000
0.884680
2.780400
-4.802500
-7.646100
-9.541900
-6.698300
-1.011100
4.676100
7.519700
-1.011100
-1.011100
3.728300
3.728300
-0.063190
-4.802500
-4.802500
0.884680
1.832500
1.832500
2.780400
2.780400
4.676100
0.884680
-1.011100
1.832500
5.624000
9.415500
11.311000
11.311000
6.571900
-1.011100
-1.011100
3.728300
7.519700
4.676100
4.676100
2.780400
-2.906800
-6.698300
-6.698300
-7.646100
-11.438000
-11.438000
-12.385000
-3.854700
0.884680
-1.958900
-2.906800
5.624000
8.467600
7.519700
2.780400
-3.854700
-10.490000
-11.438000
-15.229000
-12.385000
-8.594000
-10.490000
-9.541900
-6.698300
-0.063190
5.624000
4.676100
3.728300
4.676100
-0.063190
-0.063190
0.884680
1.832500
2.780400
3.728300
-0.063190
-2.906800
-7.646100
-7.646100
-0.063190
2.780400
4.676100
3.728300
-2.906800
-4.802500
-2.906800
-1.011100
1.832500
1.832500
1.832500
5.624000
0.884680
0.884680
-0.063190
-0.063190
-1.011100
-1.011100
-2.906800
-1.011100
-0.063190
-0.063190
-1.011100
-2.906800
-5.750400
-3.854700
-1.958900
-0.063190
0.884680
1.832500
2.780400
1.832500
-4.802500
-10.490000
-7.646100
-4.802500
-2.906800
-5.750400
-4.802500
3.728300
16.997999
18.893999
11.311000
9.415500
2.780400
0.884680
-3.854700
-14.281000
-17.125000
-13.333000
-8.594000
-1.958900
4.676100
6.571900
9.415500
5.624000
2.780400
2.780400
-0.063190
-3.854700
-2.906800
-3.854700
-6.698300
-0.063190
0.884680
-3.854700
-0.063190
4.676100
2.780400
3.728300
5.624000
5.624000
6.571900
7.519700
2.780400
-2.906800
-3.854700
-3.854700
-5.750400
-2.906800
-1.011100
3.728300
4.676100
-0.063190
-4.802500
-5.750400
0.884680
4.676100
2.780400
3.728300
4.676100
3.728300
9.415500
10.363000
9.415500
-1.011100
-4.802500
-6.698300
-9.541900
-6.698300
-0.063190
1.832500
0.884680
0.884680
11.311000
16.051001
15.103000
11.311000
6.571900
10.363000
5.624000
-5.750400
-13.333000
-15.229000
-15.229000
-13.333000
-9.541900
-1.011100
6.571900
16.997999
17.945999
18.893999
18.893999
15.103000
9.415500
4.676100
1.832500
-2.906800
-8.594000
-6.698300
3.728300
1.832500
1.832500
5.624000
6.571900
7.519700
5.624000
-1.011100
0.884680
-0.063190
-3.854700
-5.750400
-6.698300
-3.854700
-2.906800
0.884680
-3.854700
-5.750400
-5.750400
-8.594000
-6.698300
-2.906800
-5.750400
-2.906800
1.832500
0.884680
2.780400
3.728300
8.467600
10.363000
9.415500
7.519700
3.728300
-1.958900
-8.594000
-12.385000
-11.438000
-5.750400
0.884680
0.884680
2.780400
6.571900
9.415500
8.467600
5.624000
3.728300
-0.063190
-1.958900
-4.802500
-2.906800
-5.750400
-5.750400
1.832500
8.467600
9.415500
5.624000
4.676100
0.884680
-0.063190
0.884680
-1.011100
-9.541900
-18.073000
-18.073000
-10.490000
-9.541900
-4.802500
1.832500
5.624000
13.207000
16.051001
10.363000
9.415500
4.676100
1.832500
-1.958900
-4.802500
-6.698300
-6.698300
-8.594000
-11.438000
-6.698300
0.884680
4.676100
1.832500
0.884680
0.884680
4.676100
8.467600
3.728300
-1.011100
1.832500
6.571900
7.519700
7.519700
5.624000
2.780400
-0.063190
-1.011100
-7.646100
-12.385000
-8.594000
0.884680
3.728300
3.728300
2.780400
4.676100
7.519700
5.624000
2.780400
-2.906800
-5.750400
-8.594000
-6.698300
-5.750400
1.832500
-0.063190
-4.802500
-5.750400
2.780400
5.624000
3.728300
4.676100
3.728300
5.624000
8.467600
10.363000
7.519700
7.519700
4.676100
-0.063190
4.676100
6.571900
0.884680
-5.750400
-12.385000
-20.916000
-29.447001
-28.499001
-25.656000
-19.968000
-5.750400
5.624000
14.155000
27.424999
29.320999
21.738001
25.528999
20.790001
10.363000
1.832500
-7.646100
-12.385000
-11.438000
-11.438000
-16.177000
-19.968000
-23.760000
-21.864000
-11.438000
1.832500
5.624000
11.311000
19.841999
24.580999
29.320999
30.268999
24.580999
17.945999
8.467600
-9.541900
-24.708000
-34.186001
-36.082001
-34.186001
-32.291000
-25.656000
-19.021000
-12.385000
-3.854700
-1.958900
-0.063190
14.155000
24.580999
23.632999
22.686001
13.207000
-1.011100
1.832500
4.676100
-3.854700
-11.438000
-13.333000
-16.177000
-18.073000
-19.021000
-12.385000
-3.854700
9.415500
16.051001
24.580999
25.528999
15.103000
6.571900
8.467600
6.571900
-1.011100
-8.594000
-20.916000
-27.551001
-24.708000
-11.438000
-1.958900
2.780400
8.467600
12.259000
14.155000
12.259000
12.259000
9.415500
10.363000
12.259000
10.363000
11.311000
9.415500
1.832500
0.884680
-1.011100
-11.438000
-19.021000
-18.073000
-13.333000
-3.854700
5.624000
5.624000
11.311000
18.893999
21.738001
20.790001
11.311000
1.832500
-6.698300
-16.177000
-21.864000
-20.916000
-17.125000
-15.229000
-9.541900
-7.646100
1.832500
6.571900
9.415500
11.311000
3.728300
-0.063190
