-1.841300
-0.888890
0.063490
6.730200
4.825400
4.825400
3.873000
1.968300
4.825400
2.920600
1.015900
-0.888890
-9.460300
-10.413000
-4.698400
-0.888890
0.063490
1.015900
5.777800
7.682500
5.777800
1.968300
1.968300
-2.793700
-2.793700
1.015900
-0.888890
-2.793700
-5.650800
-6.603200
0.063490
2.920600
1.968300
3.873000
2.920600
1.015900
1.968300
5.777800
7.682500
6.730200
3.873000
-0.888890
-4.698400
-8.507900
-9.460300
-15.175000
-16.127001
-9.460300
-1.841300
10.540000
16.254000
20.063000
20.063000
19.111000
16.254000
13.397000
13.397000
6.730200
-2.793700
-14.222000
-27.556000
-36.126999
-37.078999
-27.556000
-16.127001
-10.413000
-4.698400
2.920600
11.492000
18.159000
24.825001
28.635000
23.872999
15.302000
3.873000
-5.650800
-13.270000
-16.127001
-15.175000
-12.317000
-14.222000
-10.413000
-0.888890
10.540000
19.111000
23.872999
29.587000
27.683001
20.063000
17.205999
17.205999
16.254000
7.682500
-4.698400
-12.317000
-14.222000
-18.032000
-18.983999
-19.937000
-21.841000
-19.937000
-13.270000
-4.698400
1.015900
4.825400
13.397000
21.016001
21.968000
21.016001
16.254000
7.682500
-6.603200
-18.032000
-26.603001
-28.507999
-26.603001
-14.222000
-1.841300
9.587300
20.063000
24.825001
26.730000
28.635000
31.492001
30.540001
22.921000
8.634900
-7.555600
-14.222000
-18.032000
-18.983999
-16.127001
-12.317000
-4.698400
2.920600
9.587300
10.540000
5.777800
3.873000
0.063490
-0.888890
0.063490
-4.698400
-7.555600
-8.507900
-10.413000
-5.650800
1.015900
1.968300
-3.746000
-8.507900
-4.698400
-2.793700
-1.841300
-0.888890
-0.888890
-3.746000
-2.793700
-0.888890
0.063490
-3.746000
-11.365000
-20.889000
-24.698000
-17.079000
-11.365000
-8.507900
-6.603200
-10.413000
-9.460300
-6.603200
-1.841300
-3.746000
-7.555600
-9.460300
-7.555600
-2.793700
2.920600
2.920600
1.015900
0.063490
-0.888890
1.015900
1.968300
1.015900
-2.793700
-4.698400
1.015900
7.682500
8.634900
11.492000
12.444000
11.492000
9.587300
8.634900
9.587300
1.968300
-0.888890
-3.746000
-0.888890
11.492000
18.159000
18.159000
19.111000
18.159000
10.540000
3.873000
-3.746000
-8.507900
-13.270000
-17.079000
-15.175000
-5.650800
1.015900
-1.841300
-1.841300
1.968300
2.920600
3.873000
3.873000
-1.841300
-11.365000
-19.937000
-20.889000
-17.079000
-10.413000
-2.793700
1.968300
-0.888890
-5.650800
-4.698400
-2.793700
1.015900
1.968300
0.063490
-0.888890
-1.841300
-3.746000
-1.841300
0.063490
-0.888890
-2.793700
-2.793700
-1.841300
-0.888890
0.063490
3.873000
8.634900
5.777800
3.873000
0.063490
-2.793700
1.968300
4.825400
3.873000
0.063490
0.063490
2.920600
5.777800
1.015900
2.920600
6.730200
7.682500
12.444000
10.540000
9.587300
6.730200
-1.841300
-1.841300
-2.793700
-1.841300
-1.841300
-5.650800
-8.507900
-7.555600
-0.888890
2.920600
2.920600
4.825400
4.825400
4.825400
9.587300
7.682500
1.015900
-1.841300
-4.698400
-7.555600
-1.841300
1.015900
-0.888890
-1.841300
-5.650800
-3.746000
2.920600
7.682500
5.777800
1.015900
-0.888890
-1.841300
-0.888890
1.015900
1.015900
-3.746000
0.063490
1.015900
-0.888890
0.063490
0.063490
1.015900
3.873000
4.825400
10.540000
10.540000
8.634900
7.682500
2.920600
1.015900
-0.888890
-3.746000
-4.698400
-8.507900
-5.650800
-3.746000
1.015900
-0.888890
-3.746000
-5.650800
-0.888890
1.968300
4.825400
2.920600
0.063490
-1.841300
-3.746000
-6.603200
-6.603200
-5.650800
-5.650800
-4.698400
-2.793700
1.968300
5.777800
1.015900
-4.698400
-6.603200
1.968300
7.682500
8.634900
5.777800
3.873000
5.777800
5.777800
5.777800
3.873000
-2.793700
-1.841300
-3.746000
-4.698400
-4.698400
-2.793700
3.873000
8.634900
5.777800
5.777800
3.873000
6.730200
9.587300
6.730200
2.920600
1.968300
-0.888890
-3.746000
-8.507900
-12.317000
-14.222000
-13.270000
-10.413000
-7.555600
-1.841300
0.063490
0.063490
2.920600
-1.841300
-3.746000
-7.555600
-7.555600
-9.460300
-14.222000
-17.079000
-15.175000
-9.460300
-6.603200
-2.793700
-3.746000
-1.841300
2.920600
2.920600
5.777800
3.873000
-2.793700
1.968300
2.920600
0.063490
2.920600
-0.888890
-1.841300
-0.888890
1.015900
3.873000
3.873000
2.920600
2.920600
6.730200
6.730200
5.777800
7.682500
1.968300
-1.841300
-2.793700
-0.888890
-1.841300
-1.841300
-7.555600
-10.413000
-10.413000
-5.650800
1.968300
1.015900
-2.793700
6.730200
7.682500
3.873000
2.920600
0.063490
0.063490
4.825400
3.873000
3.873000
1.015900
-5.650800
-7.555600
-2.793700
0.063490
2.920600
11.492000
18.159000
15.302000
7.682500
6.730200
5.777800
-0.888890
-3.746000
-1.841300
2.920600
0.063490
-2.793700
-1.841300
-0.888890
1.015900
3.873000
5.777800
7.682500
13.397000
21.016001
21.968000
17.205999
5.777800
-0.888890
-4.698400
-4.698400
0.063490
-6.603200
-14.222000
-11.365000
-7.555600
-2.793700
1.968300
2.920600
2.920600
4.825400
5.777800
6.730200
6.730200
6.730200
11.492000
10.540000
2.920600
0.063490
-8.507900
-11.365000
-7.555600
0.063490
0.063490
-3.746000
-5.650800
-6.603200
1.968300
5.777800
5.777800
7.682500
10.540000
11.492000
11.492000
5.777800
-3.746000
-9.460300
-12.317000
-13.270000
-12.317000
-14.222000
-18.983999
-16.127001
-6.603200
-1.841300
1.015900
3.873000
1.968300
1.968300
2.920600
4.825400
1.968300
1.968300
-0.888890
-0.888890
0.063490
-0.888890
-1.841300
-5.650800
-3.746000
0.063490
1.968300
1.968300
0.063490
-0.888890
-2.793700
-4.698400
-3.746000
-1.841300
0.063490
3.873000
4.825400
7.682500
7.682500
7.682500
3.873000
5.777800
7.682500
6.730200
10.540000
8.634900
1.968300
-1.841300
-4.698400
-0.888890
3.873000
4.825400
1.015900
-0.888890
-1.841300
-1.841300
1.968300
2.920600
-3.746000
-1.841300
-0.888890
-9.460300
-12.317000
-9.460300
-4.698400
0.063490
0.063490
-0.888890
-2.793700
-2.793700
-4.698400
-7.555600
-7.555600
-4.698400
-1.841300
-1.841300
-1.841300
-1.841300
-1.841300
-3.746000
0.063490
0.063490
-2.793700
-3.746000
-2.793700
-1.841300
-0.888890
-0.888890
-3.746000
-7.555600
-3.746000
1.015900
7.682500
10.540000
8.634900
6.730200
6.730200
6.730200
6.730200
1.968300
-4.698400
-5.650800
-3.746000
1.015900
5.777800
2.920600
3.873000
7.682500
9.587300
8.634900
4.825400
0.063490
-5.650800
-10.413000
-14.222000
-13.270000
-9.460300
-8.507900
-8.507900
-8.507900
-3.746000
1.968300
4.825400
6.730200
5.777800
4.825400
8.634900
7.682500
3.873000
2.920600
2.920600
0.063490
-0.888890
-1.841300
0.063490
5.777800
5.777800
4.825400
4.825400
-1.841300
-4.698400
0.063490
1.968300
1.968300
2.920600
4.825400
6.730200
4.825400
7.682500
5.777800
3.873000
1.015900
-3.746000
-7.555600
-8.507900
-9.460300
-7.555600
-5.650800
-6.603200
-7.555600
-4.698400
-3.746000
-0.888890
-2.793700
-3.746000
0.063490
0.063490
-3.746000
-6.603200
-7.555600
-3.746000
-1.841300
-2.793700
-1.841300
3.873000
11.492000
4.825400
-3.746000
-3.746000
-6.603200
-3.746000
-3.746000
-10.413000
-13.270000
-11.365000
-8.507900
-6.603200
-4.698400
-3.746000
1.968300
1.015900
0.063490
3.873000
4.825400
1.968300
-0.888890
-0.888890
-0.888890
1.968300
-1.841300
-8.507900
-3.746000
1.015900
-0.888890
0.063490
1.015900
1.015900
3.873000
3.873000
-0.888890
-3.746000
-1.841300
1.015900
0.063490
-1.841300
-1.841300
1.968300
2.920600
2.920600
1.968300
0.063490
3.873000
8.634900
10.540000
14.349000
13.397000
7.682500
4.825400
3.873000
9.587300
7.682500
1.968300
-4.698400
-11.365000
-15.175000
-14.222000
-11.365000
-10.413000
-8.507900
3.873000
12.444000
16.254000
15.302000
11.492000
19.111000
21.016001
6.730200
-2.793700
-3.746000
-1.841300
-0.888890
1.015900
-0.888890
-3.746000
1.015900
2.920600
4.825400
2.920600
-2.793700
-2.793700
-0.888890
-0.888890
-1.841300
-5.650800
-4.698400
2.920600
4.825400
2.920600
1.968300
1.015900
1.968300
2.920600
0.063490
0.063490
-3.746000
-8.507900
-6.603200
0.063490
3.873000
4.825400
1.968300
-6.603200
-8.507900
-9.460300
-10.413000
-3.746000
6.730200
7.682500
10.540000
12.444000
9.587300
8.634900
8.634900
10.540000
8.634900
2.920600
2.920600
1.968300
-4.698400
-15.175000
-21.841000
-19.937000
-12.317000
-6.603200
-2.793700
5.777800
13.397000
21.016001
21.016001
14.349000
12.444000
9.587300
3.873000
0.063490
-7.555600
-21.841000
-23.746000
-12.317000
1.968300
9.587300
8.634900
4.825400
-0.888890
1.015900
3.873000
4.825400
1.968300
-4.698400
-5.650800
-5.650800
-9.460300
-8.507900
-7.555600
-8.507900
0.063490
4.825400
0.063490
-3.746000
-9.460300
-9.460300
-8.507900
-9.460300
-8.507900
-3.746000
-0.888890
-0.888890
1.015900
4.825400
8.634900
8.634900
8.634900
5.777800
3.873000
-0.888890
-7.555600
-6.603200
1.015900
6.730200
4.825400
2.920600
0.063490
-4.698400
-6.603200
-5.650800
-5.650800
-1.841300
7.682500
18.159000
17.205999
14.349000
9.587300
2.920600
0.063490
-4.698400
-6.603200
-8.507900
-12.317000
-18.983999
-17.079000
-4.698400
12.444000
20.063000
21.968000
20.063000
21.968000
20.063000
14.349000
9.587300
1.968300
-7.555600
-14.222000
-15.175000
-14.222000
-10.413000
-7.555600
-8.507900
-9.460300
-5.650800
-4.698400
-3.746000
0.063490
-0.888890
-3.746000
-0.888890
3.873000
3.873000
5.777800
4.825400
3.873000
12.444000
12.444000
2.920600
2.920600
-0.888890
-11.365000
-19.937000
-26.603001
-22.794001
-15.175000
-15.175000
-18.032000
-15.175000
-7.555600
-0.888890
8.634900
14.349000
12.444000
13.397000
20.063000
25.778000
23.872999
15.302000
7.682500
0.063490
-7.555600
-18.032000
-25.650999
-29.459999
-28.507999
-21.841000
-17.079000
-10.413000
-6.603200
-5.650800
-1.841300
2.920600
10.540000
24.825001
30.540001
23.872999
21.968000
14.349000
3.873000
-2.793700
-13.270000
-26.603001
-32.317001
-30.413000
-29.459999
-24.698000
-16.127001
1.015900
15.302000
25.778000
32.444000
37.206001
37.206001
29.587000
14.349000
4.825400
-4.698400
-17.079000
-19.937000
-27.556000
-33.270000
-32.317001
-23.746000
-16.127001
-9.460300
-0.888890
9.587300
17.205999
21.968000
23.872999
18.159000
15.302000
10.540000
4.825400
6.730200
4.825400
-4.698400
-10.413000
-10.413000
-14.222000
-18.032000
-15.175000
-9.460300
-1.841300
7.682500
7.682500
12.444000
20.063000
21.968000
16.254000
8.634900
3.873000
-0.888890
-9.460300
-19.937000
-19.937000
-14.222000
-7.555600
-2.793700
-4.698400
0.063490
1.968300
2.920600
3.873000
1.968300
1.015900
