0.000000
3.809500
2.857100
6.666700
7.619000
8.571400
4.761900
1.904800
0.000000
-6.666700
-8.571400
-7.619000
-11.429000
-9.523800
-4.761900
2.857100
8.571400
12.381000
11.429000
6.666700
-1.904800
-14.286000
-18.094999
-17.143000
-10.476000
-0.952380
3.809500
7.619000
9.523800
9.523800
13.333000
13.333000
5.714300
0.000000
-8.571400
-14.286000
-17.143000
-14.286000
-8.571400
-3.809500
5.714300
14.286000
17.143000
14.286000
7.619000
0.000000
-2.857100
-1.904800
-5.714300
-2.857100
0.000000
9.523800
19.048000
21.905001
22.857000
17.143000
16.190001
12.381000
5.714300
1.904800
-4.761900
-10.476000
-17.143000
-15.238000
-11.429000
-9.523800
-4.761900
-0.952380
4.761900
8.571400
10.476000
11.429000
7.619000
2.857100
-1.904800
-8.571400
-20.000000
-25.714001
-24.761999
-20.000000
-11.429000
-2.857100
2.857100
9.523800
14.286000
15.238000
16.190001
9.523800
-1.904800
-7.619000
-8.571400
-3.809500
-3.809500
-3.809500
-2.857100
1.904800
5.714300
10.476000
7.619000
4.761900
0.000000
-6.666700
-13.333000
-13.333000
-8.571400
0.952380
5.714300
0.952380
1.904800
6.666700
9.523800
5.714300
2.857100
-0.952380
-6.666700
-14.286000
-11.429000
-4.761900
-0.952380
4.761900
6.666700
11.429000
19.048000
21.905001
19.048000
17.143000
7.619000
-0.952380
-9.523800
-20.952000
-22.857000
-14.286000
-4.761900
2.857100
9.523800
16.190001
19.048000
19.048000
18.094999
11.429000
5.714300
5.714300
3.809500
4.761900
5.714300
7.619000
11.429000
16.190001
14.286000
5.714300
1.904800
0.952380
-1.904800
-2.857100
-1.904800
-2.857100
-4.761900
-2.857100
-2.857100
-7.619000
-10.476000
-17.143000
-21.905001
-19.048000
-12.381000
-8.571400
-4.761900
2.857100
1.904800
-1.904800
-7.619000
-8.571400
-12.381000
-13.333000
-9.523800
-7.619000
-4.761900
5.714300
10.476000
8.571400
9.523800
5.714300
5.714300
1.904800
-2.857100
-3.809500
-5.714300
-0.952380
6.666700
9.523800
12.381000
16.190001
18.094999
14.286000
9.523800
7.619000
-0.952380
-4.761900
-11.429000
-10.476000
-3.809500
0.952380
5.714300
10.476000
13.333000
11.429000
5.714300
0.952380
-3.809500
-9.523800
-15.238000
-17.143000
-14.286000
-10.476000
-10.476000
-8.571400
-3.809500
0.952380
3.809500
4.761900
4.761900
4.761900
0.000000
-0.952380
-4.761900
-9.523800
-6.666700
0.952380
4.761900
7.619000
7.619000
6.666700
3.809500
2.857100
3.809500
2.857100
3.809500
0.952380
1.904800
0.000000
-2.857100
-3.809500
-3.809500
-7.619000
-10.476000
-12.381000
-9.523800
-2.857100
-0.952380
4.761900
8.571400
5.714300
5.714300
2.857100
1.904800
-2.857100
-5.714300
-5.714300
-7.619000
-12.381000
-8.571400
-0.952380
3.809500
5.714300
1.904800
0.952380
4.761900
1.904800
1.904800
0.000000
0.000000
1.904800
-0.952380
-5.714300
-5.714300
0.952380
2.857100
4.761900
6.666700
3.809500
4.761900
9.523800
7.619000
1.904800
-0.952380
-3.809500
-8.571400
-7.619000
-3.809500
0.000000
-1.904800
-5.714300
-7.619000
-6.666700
1.904800
6.666700
7.619000
6.666700
5.714300
2.857100
1.904800
2.857100
-0.952380
-2.857100
-2.857100
-5.714300
-2.857100
-1.904800
0.000000
3.809500
3.809500
5.714300
6.666700
8.571400
10.476000
5.714300
4.761900
4.761900
2.857100
2.857100
-0.952380
4.761900
7.619000
8.571400
8.571400
3.809500
-1.904800
0.000000
1.904800
5.714300
4.761900
-2.857100
-4.761900
-2.857100
-4.761900
-4.761900
-3.809500
-6.666700
-6.666700
-5.714300
-3.809500
-3.809500
-7.619000
-11.429000
-11.429000
-1.904800
0.000000
0.000000
0.000000
-0.952380
1.904800
0.000000
-0.952380
-0.952380
-8.571400
-6.666700
-3.809500
-4.761900
-5.714300
-2.857100
2.857100
7.619000
7.619000
12.381000
9.523800
5.714300
5.714300
2.857100
-1.904800
0.000000
1.904800
0.000000
0.000000
-1.904800
-3.809500
-1.904800
-0.952380
-0.952380
-1.904800
-4.761900
-4.761900
-1.904800
-3.809500
-4.761900
-4.761900
-0.952380
-3.809500
-6.666700
-7.619000
-5.714300
1.904800
4.761900
1.904800
-2.857100
-2.857100
0.952380
0.000000
3.809500
1.904800
-0.952380
6.666700
9.523800
4.761900
5.714300
0.952380
0.952380
8.571400
8.571400
10.476000
11.429000
8.571400
9.523800
13.333000
11.429000
7.619000
8.571400
6.666700
4.761900
1.904800
-1.904800
-5.714300
-2.857100
-2.857100
-2.857100
-4.761900
-6.666700
-3.809500
-3.809500
-7.619000
-0.952380
-1.904800
-6.666700
-7.619000
-6.666700
-3.809500
-1.904800
-1.904800
-5.714300
-8.571400
-13.333000
-17.143000
-11.429000
-6.666700
-8.571400
-6.666700
-1.904800
-0.952380
2.857100
7.619000
6.666700
3.809500
2.857100
3.809500
2.857100
-1.904800
-2.857100
-0.952380
-1.904800
-2.857100
-4.761900
-2.857100
1.904800
6.666700
12.381000
13.333000
11.429000
7.619000
8.571400
6.666700
1.904800
3.809500
3.809500
0.952380
2.857100
2.857100
2.857100
0.952380
1.904800
6.666700
3.809500
0.952380
3.809500
4.761900
7.619000
12.381000
8.571400
0.000000
-1.904800
-6.666700
-5.714300
-2.857100
1.904800
2.857100
1.904800
4.761900
2.857100
7.619000
9.523800
8.571400
8.571400
10.476000
11.429000
13.333000
10.476000
1.904800
-3.809500
-7.619000
-11.429000
-13.333000
-13.333000
-14.286000
-13.333000
-13.333000
-13.333000
-8.571400
-6.666700
-7.619000
-4.761900
-2.857100
-0.952380
-4.761900
-4.761900
-10.476000
-12.381000
-9.523800
-10.476000
-8.571400
-6.666700
-3.809500
-3.809500
2.857100
8.571400
3.809500
-2.857100
-5.714300
-2.857100
0.000000
1.904800
0.952380
-0.952380
0.000000
1.904800
1.904800
5.714300
3.809500
6.666700
8.571400
8.571400
12.381000
13.333000
9.523800
3.809500
-1.904800
-4.761900
-3.809500
0.000000
1.904800
1.904800
0.952380
1.904800
5.714300
6.666700
2.857100
4.761900
4.761900
-0.952380
-4.761900
-2.857100
-3.809500
-2.857100
-1.904800
0.952380
-0.952380
-1.904800
0.952380
2.857100
1.904800
2.857100
3.809500
8.571400
3.809500
-1.904800
-2.857100
-3.809500
-2.857100
-3.809500
-0.952380
5.714300
12.381000
19.048000
21.905001
24.761999
20.000000
7.619000
0.952380
-1.904800
-3.809500
-7.619000
-7.619000
-2.857100
0.000000
2.857100
2.857100
4.761900
4.761900
3.809500
-0.952380
-1.904800
-2.857100
-6.666700
-8.571400
-6.666700
-3.809500
-1.904800
-2.857100
-3.809500
-6.666700
-9.523800
-13.333000
-8.571400
-4.761900
-6.666700
-7.619000
-10.476000
-6.666700
-1.904800
-2.857100
-1.904800
0.000000
0.000000
-0.952380
-0.952380
0.000000
-1.904800
-4.761900
-8.571400
-6.666700
-7.619000
-3.809500
3.809500
6.666700
11.429000
14.286000
10.476000
8.571400
6.666700
6.666700
7.619000
2.857100
-4.761900
-8.571400
-10.476000
-8.571400
-5.714300
-4.761900
-4.761900
-0.952380
1.904800
5.714300
8.571400
6.666700
6.666700
3.809500
1.904800
0.952380
-3.809500
-4.761900
-2.857100
-3.809500
-2.857100
0.952380
-0.952380
-0.952380
1.904800
1.904800
3.809500
0.952380
0.000000
6.666700
16.190001
18.094999
12.381000
11.429000
2.857100
-2.857100
-9.523800
-18.094999
-14.286000
-6.666700
-4.761900
-2.857100
2.857100
7.619000
11.429000
9.523800
4.761900
-2.857100
-6.666700
-13.333000
-11.429000
-5.714300
-5.714300
-3.809500
-4.761900
-4.761900
2.857100
8.571400
4.761900
-0.952380
-6.666700
-12.381000
-15.238000
-14.286000
-11.429000
-5.714300
0.952380
10.476000
15.238000
20.952000
22.857000
18.094999
9.523800
0.952380
-7.619000
-15.238000
-14.286000
-10.476000
-11.429000
-3.809500
6.666700
12.381000
21.905001
25.714001
26.667000
15.238000
5.714300
0.952380
-5.714300
-6.666700
-4.761900
-8.571400
-14.286000
-13.333000
-1.904800
9.523800
16.190001
18.094999
15.238000
18.094999
17.143000
3.809500
-6.666700
-8.571400
-10.476000
-11.429000
-11.429000
-8.571400
-4.761900
0.000000
4.761900
10.476000
11.429000
7.619000
6.666700
4.761900
3.809500
4.761900
4.761900
6.666700
9.523800
7.619000
8.571400
10.476000
7.619000
2.857100
-1.904800
-5.714300
-6.666700
-10.476000
-12.381000
-9.523800
-6.666700
0.952380
4.761900
2.857100
-3.809500
-11.429000
-17.143000
-19.048000
-18.094999
-13.333000
-15.238000
-7.619000
0.952380
4.761900
12.381000
11.429000
12.381000
10.476000
0.000000
-8.571400
-15.238000
-18.094999
-23.809999
-24.761999
-19.048000
-4.761900
9.523800
17.143000
25.714001
30.476000
28.570999
22.857000
8.571400
-4.761900
-12.381000
-18.094999
-20.000000
-17.143000
-18.094999
-14.286000
0.000000
13.333000
21.905001
20.000000
18.094999
13.333000
8.571400
5.714300
-2.857100
-11.429000
-15.238000
-13.333000
-6.666700
-6.666700
-2.857100
2.857100
2.857100
6.666700
9.523800
4.761900
5.714300
1.904800
-0.952380
-1.904800
-0.952380
-1.904800
1.904800
2.857100
0.000000
0.952380
2.857100
3.809500
0.952380
1.904800
3.809500
8.571400
12.381000
12.381000
10.476000
13.333000
15.238000
13.333000
9.523800
4.761900
-0.952380
-8.571400
-15.238000
-21.905001
-24.761999
-18.094999
-10.476000
-4.761900
5.714300
11.429000
15.238000
15.238000
8.571400
-0.952380
-9.523800
-18.094999
-27.618999
-29.524000
-30.476000
-19.048000
-6.666700
1.904800
13.333000
25.714001
26.667000
20.000000
12.381000
5.714300
-1.904800
-8.571400
-11.429000
-14.286000
-13.333000
-8.571400
-9.523800
-4.761900
1.904800
5.714300
6.666700
6.666700
3.809500
-1.904800
-1.904800
-5.714300
-9.523800
-3.809500
2.857100
5.714300
13.333000
15.238000
12.381000
17.143000
14.286000
6.666700
4.761900
-4.761900
-10.476000
-6.666700
-2.857100
-5.714300
-7.619000
-6.666700
-6.666700
-2.857100
0.952380
-0.952380
0.000000
6.666700
12.381000
9.523800
4.761900
3.809500
3.809500
2.857100
-8.571400
-18.094999
-20.952000
-20.000000
-17.143000
-11.429000
-4.761900
-1.904800
2.857100
8.571400
8.571400
5.714300
10.476000
11.429000
5.714300
5.714300
2.857100
-1.904800
2.857100
6.666700
3.809500
1.904800
-1.904800
-6.666700
-8.571400
-11.429000
-7.619000
-5.714300
0.952380
2.857100
11.429000
13.333000
7.619000
1.904800
2.857100
0.000000
-5.714300
-7.619000
-13.333000
-15.238000
-14.286000
-8.571400
-2.857100
0.000000
2.857100
3.809500
1.904800
-1.904800
-0.952380
-1.904800
0.000000
3.809500
6.666700
13.333000
15.238000
4.761900
-0.952380
-1.904800
-8.571400
-14.286000
-14.286000
-12.381000
-4.761900
5.714300
9.523800
13.333000
20.952000
21.905001
15.238000
4.761900
-5.714300
-15.238000
-21.905001
-25.714001
-20.000000
-8.571400
1.904800
8.571400
9.523800
18.094999
20.000000
15.238000
5.714300
-3.809500
-8.571400
