-3.728300
-1.832500
0.063190
8.594000
11.438000
13.333000
8.594000
4.802500
2.906800
-5.624000
-7.519700
-10.363000
-19.841999
-17.945999
-10.363000
1.958900
10.490000
17.125000
19.968000
17.125000
4.802500
-11.311000
-17.945999
-24.580999
-20.790001
-10.363000
-5.624000
3.854700
7.646100
9.541900
16.177000
15.229000
8.594000
1.958900
-4.676100
-10.363000
-13.207000
-13.207000
-9.415500
-4.676100
4.802500
12.385000
14.281000
10.490000
6.698300
-1.832500
-4.676100
-3.728300
-4.676100
-0.884680
1.011100
11.438000
19.968000
25.656000
24.708000
17.125000
13.333000
6.698300
-0.884680
-5.624000
-10.363000
-14.155000
-20.790001
-18.893999
-11.311000
-6.571900
-3.728300
-3.728300
0.063190
3.854700
7.646100
10.490000
6.698300
1.011100
-2.780400
-10.363000
-21.738001
-25.528999
-21.738001
-16.997999
-9.415500
-0.884680
3.854700
13.333000
19.021000
16.177000
18.073000
8.594000
-5.624000
-8.467600
-3.728300
2.906800
4.802500
5.750400
7.646100
11.438000
13.333000
13.333000
9.541900
2.906800
-7.519700
-15.103000
-19.841999
-21.738001
-14.155000
1.011100
9.541900
5.750400
2.906800
2.906800
3.854700
1.958900
-2.780400
-10.363000
-13.207000
-19.841999
-13.207000
-5.624000
-1.832500
6.698300
9.541900
15.229000
22.812000
23.760000
19.021000
14.281000
6.698300
-5.624000
-14.155000
-23.632999
-22.686001
-13.207000
-3.728300
5.750400
10.490000
14.281000
15.229000
16.177000
16.177000
5.750400
-1.832500
-4.676100
-8.467600
-7.519700
-1.832500
2.906800
8.594000
17.125000
21.864000
11.438000
2.906800
1.958900
0.063190
-1.832500
-5.624000
-6.571900
-9.415500
-6.571900
-3.728300
-4.676100
-10.363000
-18.893999
-20.790001
-18.893999
-11.311000
-5.624000
1.011100
8.594000
5.750400
0.063190
-6.571900
-8.467600
-13.207000
-13.207000
-7.519700
-2.780400
1.011100
3.854700
4.802500
6.698300
7.646100
4.802500
3.854700
1.011100
-3.728300
-2.780400
-3.728300
1.958900
9.541900
12.385000
18.073000
19.968000
20.916000
15.229000
11.438000
9.541900
-0.884680
-5.624000
-10.363000
-9.415500
-0.884680
6.698300
12.385000
16.177000
20.916000
14.281000
1.011100
-2.780400
-5.624000
-11.311000
-15.103000
-14.155000
-11.311000
-11.311000
-12.259000
-9.415500
-6.571900
-3.728300
0.063190
2.906800
8.594000
8.594000
1.958900
-3.728300
-9.415500
-15.103000
-11.311000
-5.624000
-4.676100
-2.780400
-0.884680
-1.832500
1.011100
1.958900
1.011100
1.011100
3.854700
4.802500
3.854700
-3.728300
-6.571900
-3.728300
0.063190
-1.832500
-5.624000
-7.519700
-5.624000
2.906800
4.802500
8.594000
7.646100
2.906800
3.854700
1.958900
0.063190
-4.676100
-6.571900
-2.780400
1.011100
-2.780400
-0.884680
8.594000
14.281000
13.333000
6.698300
2.906800
1.958900
-1.832500
-0.884680
-2.780400
-3.728300
-2.780400
-4.676100
-7.519700
-4.676100
4.802500
8.594000
11.438000
13.333000
12.385000
7.646100
4.802500
1.958900
-3.728300
-5.624000
-10.363000
-13.207000
-9.415500
-1.832500
2.906800
0.063190
-2.780400
-4.676100
-4.676100
3.854700
7.646100
5.750400
4.802500
2.906800
1.011100
3.854700
5.750400
1.011100
0.063190
0.063190
-3.728300
-1.832500
-2.780400
-1.832500
1.958900
1.011100
6.698300
7.646100
6.698300
8.594000
7.646100
10.490000
8.594000
3.854700
1.011100
-4.676100
-0.884680
1.958900
6.698300
10.490000
5.750400
-2.780400
-3.728300
-0.884680
3.854700
2.906800
-0.884680
-0.884680
-0.884680
-1.832500
1.011100
1.011100
-2.780400
-5.624000
-5.624000
-5.624000
-6.571900
-13.207000
-16.051001
-12.259000
1.011100
4.802500
5.750400
5.750400
4.802500
6.698300
3.854700
1.958900
0.063190
-9.415500
-8.467600
-7.519700
-6.571900
-4.676100
-1.832500
3.854700
6.698300
7.646100
13.333000
9.541900
4.802500
4.802500
3.854700
-2.780400
-2.780400
-0.884680
-3.728300
-1.832500
-4.676100
-10.363000
-6.571900
-3.728300
-4.676100
-3.728300
-3.728300
-2.780400
1.011100
-0.884680
-0.884680
-4.676100
-5.624000
-7.519700
-9.415500
-11.311000
-10.363000
-4.676100
-0.884680
-0.884680
-2.780400
-1.832500
3.854700
6.698300
10.490000
7.646100
1.958900
8.594000
6.698300
0.063190
-1.832500
-7.519700
-6.571900
0.063190
1.011100
4.802500
9.541900
10.490000
12.385000
16.177000
12.385000
8.594000
7.646100
1.011100
-2.780400
-6.571900
-7.519700
-8.467600
-4.676100
-0.884680
0.063190
-1.832500
-3.728300
0.063190
0.063190
-2.780400
1.011100
-2.780400
-8.467600
-8.467600
-8.467600
-6.571900
-0.884680
1.958900
0.063190
-4.676100
-9.415500
-8.467600
-2.780400
1.011100
-0.884680
0.063190
2.906800
1.011100
2.906800
9.541900
8.594000
-1.832500
-4.676100
-1.832500
1.011100
-1.832500
-1.832500
3.854700
6.698300
5.750400
0.063190
1.011100
6.698300
7.646100
9.541900
7.646100
6.698300
1.958900
2.906800
5.750400
6.698300
9.541900
7.646100
5.750400
7.646100
5.750400
6.698300
3.854700
-1.832500
0.063190
0.063190
1.011100
3.854700
7.646100
9.541900
12.385000
11.438000
3.854700
-1.832500
-9.415500
-11.311000
-7.519700
1.011100
2.906800
0.063190
2.906800
1.958900
7.646100
8.594000
8.594000
7.646100
10.490000
12.385000
11.438000
7.646100
-2.780400
-7.519700
-10.363000
-16.997999
-16.051001
-16.051001
-17.945999
-18.893999
-18.893999
-16.051001
-9.415500
-3.728300
-4.676100
-1.832500
1.011100
1.958900
0.063190
-1.832500
-7.519700
-10.363000
-12.259000
-12.259000
-10.363000
-11.311000
-3.728300
1.958900
9.541900
14.281000
12.385000
6.698300
0.063190
-1.832500
-0.884680
0.063190
0.063190
0.063190
2.906800
4.802500
3.854700
5.750400
5.750400
9.541900
10.490000
8.594000
12.385000
12.385000
7.646100
3.854700
-0.884680
-5.624000
-3.728300
0.063190
-0.884680
-0.884680
1.958900
1.958900
3.854700
2.906800
-1.832500
1.011100
1.011100
-6.571900
-8.467600
-8.467600
-8.467600
-3.728300
1.958900
4.802500
-0.884680
0.063190
3.854700
3.854700
1.958900
0.063190
0.063190
3.854700
1.958900
-1.832500
-0.884680
-1.832500
-1.832500
-4.676100
0.063190
4.802500
11.438000
19.021000
23.760000
25.656000
19.021000
6.698300
1.011100
0.063190
-2.780400
-6.571900
-5.624000
-3.728300
-3.728300
-2.780400
-0.884680
1.958900
0.063190
-2.780400
-6.571900
-3.728300
0.063190
-4.676100
-8.467600
-3.728300
0.063190
1.011100
1.011100
-4.676100
-10.363000
-13.207000
-15.103000
-10.363000
-6.571900
-6.571900
-6.571900
-6.571900
-2.780400
1.958900
2.906800
2.906800
2.906800
-1.832500
-3.728300
-3.728300
-1.832500
-0.884680
-0.884680
-6.571900
-6.571900
-8.467600
-5.624000
2.906800
7.646100
12.385000
11.438000
5.750400
5.750400
4.802500
6.698300
6.698300
3.854700
-1.832500
0.063190
-4.676100
-5.624000
-4.676100
-4.676100
-4.676100
-3.728300
-1.832500
1.958900
5.750400
4.802500
3.854700
0.063190
-1.832500
-2.780400
-2.780400
1.011100
1.011100
-0.884680
-0.884680
0.063190
-3.728300
-6.571900
-4.676100
-4.676100
-2.780400
-4.676100
-2.780400
6.698300
19.968000
21.864000
13.333000
12.385000
3.854700
-2.780400
-12.259000
-25.528999
-23.632999
-13.207000
-6.571900
1.958900
9.541900
11.438000
18.073000
11.438000
2.906800
-0.884680
-7.519700
-11.311000
-10.363000
-8.467600
-8.467600
0.063190
0.063190
-2.780400
2.906800
8.594000
4.802500
1.958900
0.063190
-2.780400
-5.624000
-4.676100
-4.676100
-3.728300
0.063190
5.750400
9.541900
16.177000
17.125000
16.177000
7.646100
-3.728300
-11.311000
-14.155000
-8.467600
-3.728300
-2.780400
1.011100
5.750400
8.594000
19.021000
21.864000
19.021000
5.750400
-1.832500
-4.676100
-10.363000
-10.363000
-7.519700
-6.571900
-8.467600
-6.571900
7.646100
17.125000
21.864000
19.021000
14.281000
15.229000
10.490000
-2.780400
-13.207000
-17.945999
-19.841999
-17.945999
-14.155000
-7.519700
1.011100
13.333000
18.073000
19.021000
19.021000
15.229000
7.646100
2.906800
0.063190
-2.780400
-6.571900
-2.780400
4.802500
1.958900
2.906800
7.646100
9.541900
7.646100
4.802500
-0.884680
1.011100
-2.780400
-8.467600
-8.467600
-7.519700
-4.676100
-3.728300
-0.884680
-7.519700
-14.155000
-16.051001
-16.051001
-12.259000
-9.415500
-12.259000
-6.571900
2.906800
6.698300
11.438000
11.438000
14.281000
12.385000
4.802500
-3.728300
-10.363000
-14.155000
-18.893999
-21.738001
-16.051001
-4.676100
6.698300
14.281000
19.021000
22.812000
22.812000
15.229000
3.854700
-6.571900
-13.207000
-13.207000
-16.997999
-15.103000
-15.103000
-11.311000
3.854700
17.125000
22.812000
18.073000
17.125000
11.438000
4.802500
1.011100
-4.676100
-14.155000
-19.841999
-20.790001
-13.207000
-14.155000
-9.415500
1.958900
5.750400
12.385000
16.177000
12.385000
12.385000
5.750400
1.958900
0.063190
-0.884680
-4.676100
-6.571900
-9.415500
-8.467600
-3.728300
1.011100
1.958900
0.063190
1.011100
3.854700
8.594000
14.281000
10.490000
4.802500
6.698300
11.438000
12.385000
9.541900
4.802500
-2.780400
-10.363000
-15.103000
-22.686001
-26.476999
-15.103000
-2.780400
4.802500
12.385000
17.125000
20.916000
21.864000
17.125000
8.594000
-2.780400
-16.051001
-26.476999
-29.320999
-29.320999
-17.945999
-8.467600
-2.780400
5.750400
18.073000
20.916000
17.125000
15.229000
10.490000
4.802500
1.958900
-1.832500
-6.571900
-6.571900
-5.624000
-8.467600
-1.832500
5.750400
6.698300
5.750400
3.854700
-1.832500
-8.467600
-9.415500
-12.259000
-13.207000
-3.728300
2.906800
6.698300
17.125000
21.864000
17.125000
21.864000
20.916000
12.385000
5.750400
-5.624000
-11.311000
-9.415500
-7.519700
-10.363000
-13.207000
-16.997999
-16.997999
-10.363000
-3.728300
-2.780400
1.011100
12.385000
17.125000
19.021000
17.125000
14.281000
12.385000
8.594000
-5.624000
-18.893999
-26.476999
-26.476999
-24.580999
-22.686001
-15.103000
-10.363000
-5.624000
1.011100
0.063190
-2.780400
6.698300
10.490000
8.594000
13.333000
8.594000
1.011100
6.698300
11.438000
4.802500
-2.780400
-5.624000
-11.311000
-16.051001
-16.051001
-11.311000
-6.571900
2.906800
8.594000
18.073000
22.812000
13.333000
2.906800
4.802500
3.854700
-3.728300
-9.415500
-15.103000
-15.103000
-13.207000
-3.728300
2.906800
5.750400
7.646100
8.594000
7.646100
2.906800
1.011100
-0.884680
1.958900
6.698300
7.646100
13.333000
15.229000
6.698300
2.906800
-1.832500
-11.311000
-18.893999
-20.790001
-18.893999
-6.571900
2.906800
5.750400
11.438000
19.968000
19.968000
17.125000
3.854700
-6.571900
-14.155000
-22.686001
-25.528999
-19.841999
-11.311000
-4.676100
2.906800
3.854700
11.438000
14.281000
12.385000
6.698300
-6.571900
-13.207000
