-0.194170
-2.135900
-2.135900
0.776700
3.689300
8.543700
8.543700
6.601900
7.572800
8.543700
8.543700
9.514600
6.601900
4.660200
4.660200
2.718400
-3.106800
-5.048500
-2.135900
-2.135900
-2.135900
-0.194170
2.718400
3.689300
1.747600
-0.194170
2.718400
1.747600
-3.106800
-6.019400
-6.990300
-7.961200
-9.902900
-9.902900
-10.874000
-9.902900
-11.845000
-10.874000
-4.077700
1.747600
4.660200
5.631100
1.747600
1.747600
0.776700
-3.106800
-6.019400
-8.932000
-8.932000
-7.961200
-7.961200
-6.990300
-8.932000
-7.961200
-4.077700
-1.165000
2.718400
4.660200
2.718400
3.689300
3.689300
3.689300
2.718400
3.689300
3.689300
0.776700
-2.135900
-1.165000
2.718400
4.660200
4.660200
2.718400
2.718400
6.601900
3.689300
2.718400
2.718400
-0.194170
-1.165000
-1.165000
-1.165000
-2.135900
-4.077700
-3.106800
1.747600
6.601900
8.543700
7.572800
2.718400
-3.106800
0.776700
8.543700
6.601900
5.631100
5.631100
5.631100
6.601900
8.543700
8.543700
4.660200
1.747600
0.776700
2.718400
5.631100
6.601900
6.601900
2.718400
-2.135900
-5.048500
-4.077700
-4.077700
-2.135900
0.776700
1.747600
-0.194170
-2.135900
-4.077700
-6.990300
-6.990300
-5.048500
-2.135900
0.776700
3.689300
4.660200
5.631100
5.631100
3.689300
5.631100
3.689300
2.718400
3.689300
4.660200
5.631100
4.660200
0.776700
-4.077700
-8.932000
-8.932000
-7.961200
-7.961200
-8.932000
-6.990300
-3.106800
-3.106800
-1.165000
-1.165000
-3.106800
-6.019400
-4.077700
1.747600
5.631100
2.718400
0.776700
0.776700
1.747600
0.776700
0.776700
1.747600
1.747600
-0.194170
1.747600
1.747600
2.718400
-1.165000
-1.165000
0.776700
0.776700
1.747600
1.747600
-0.194170
-0.194170
2.718400
5.631100
2.718400
3.689300
4.660200
6.601900
6.601900
1.747600
-2.135900
0.776700
-0.194170
-3.106800
-4.077700
-6.019400
-6.990300
-6.019400
-3.106800
-1.165000
-2.135900
-2.135900
-3.106800
-6.019400
-6.019400
-6.990300
-5.048500
-4.077700
-1.165000
3.689300
7.572800
4.660200
3.689300
5.631100
4.660200
3.689300
3.689300
6.601900
8.543700
5.631100
0.776700
-2.135900
-1.165000
-2.135900
-6.019400
-8.932000
-6.990300
-4.077700
-4.077700
-2.135900
0.776700
4.660200
7.572800
9.514600
8.543700
5.631100
4.660200
3.689300
1.747600
-2.135900
-5.048500
-4.077700
-5.048500
-6.019400
-7.961200
-7.961200
-5.048500
-1.165000
1.747600
4.660200
3.689300
4.660200
2.718400
0.776700
-2.135900
-7.961200
-10.874000
-9.902900
-8.932000
-5.048500
-2.135900
0.776700
-0.194170
-1.165000
3.689300
6.601900
7.572800
5.631100
-0.194170
-4.077700
0.776700
1.747600
-2.135900
-5.048500
-3.106800
-2.135900
-2.135900
-0.194170
1.747600
-0.194170
-0.194170
2.718400
6.601900
7.572800
8.543700
8.543700
5.631100
4.660200
4.660200
4.660200
8.543700
5.631100
1.747600
0.776700
-4.077700
-7.961200
-6.019400
-2.135900
-2.135900
-2.135900
-2.135900
-4.077700
-1.165000
-1.165000
-3.106800
-3.106800
-3.106800
-3.106800
-1.165000
-0.194170
2.718400
6.601900
6.601900
4.660200
4.660200
6.601900
7.572800
3.689300
0.776700
2.718400
2.718400
2.718400
6.601900
6.601900
8.543700
5.631100
2.718400
3.689300
3.689300
-0.194170
-3.106800
-4.077700
-3.106800
-3.106800
-2.135900
-4.077700
-4.077700
-4.077700
-3.106800
-3.106800
-2.135900
4.660200
5.631100
10.485000
14.369000
12.427000
8.543700
4.660200
-0.194170
-3.106800
-6.019400
-6.990300
-4.077700
-2.135900
-3.106800
-3.106800
-1.165000
-1.165000
-2.135900
-5.048500
-7.961200
-7.961200
-6.990300
-6.990300
-6.019400
-4.077700
1.747600
6.601900
8.543700
7.572800
6.601900
5.631100
2.718400
1.747600
4.660200
3.689300
2.718400
2.718400
3.689300
1.747600
-4.077700
-7.961200
-6.990300
-4.077700
-1.165000
0.776700
-1.165000
-5.048500
-5.048500
-3.106800
-0.194170
-2.135900
-3.106800
0.776700
3.689300
1.747600
-3.106800
-3.106800
-7.961200
-9.902900
-2.135900
0.776700
1.747600
-2.135900
-2.135900
0.776700
0.776700
-1.165000
-2.135900
-2.135900
-4.077700
-5.048500
-2.135900
0.776700
4.660200
7.572800
6.601900
6.601900
5.631100
3.689300
4.660200
5.631100
3.689300
-6.019400
-11.845000
-9.902900
-5.048500
-1.165000
0.776700
3.689300
3.689300
1.747600
-2.135900
-1.165000
-0.194170
0.776700
-5.048500
-10.874000
-13.786000
-9.902900
-6.019400
-3.106800
-2.135900
0.776700
5.631100
8.543700
10.485000
11.456000
10.485000
3.689300
-0.194170
-3.106800
-5.048500
-5.048500
-5.048500
-6.019400
-6.019400
-2.135900
0.776700
4.660200
5.631100
3.689300
0.776700
1.747600
4.660200
2.718400
1.747600
-2.135900
-2.135900
-0.194170
-1.165000
-2.135900
-1.165000
-1.165000
-1.165000
-1.165000
2.718400
4.660200
3.689300
2.718400
2.718400
3.689300
3.689300
0.776700
0.776700
1.747600
1.747600
-0.194170
-0.194170
3.689300
6.601900
7.572800
3.689300
-0.194170
3.689300
3.689300
1.747600
2.718400
2.718400
0.776700
-2.135900
-6.019400
-6.019400
-4.077700
-2.135900
-2.135900
-4.077700
-4.077700
-0.194170
2.718400
3.689300
5.631100
6.601900
8.543700
7.572800
4.660200
0.776700
-1.165000
-4.077700
-6.990300
-6.019400
-3.106800
-4.077700
-1.165000
1.747600
0.776700
-0.194170
-0.194170
-2.135900
-1.165000
-2.135900
-4.077700
-0.194170
0.776700
-3.106800
-5.048500
-3.106800
-1.165000
-3.106800
-3.106800
-0.194170
0.776700
1.747600
5.631100
9.514600
8.543700
6.601900
9.514600
8.543700
6.601900
4.660200
0.776700
-4.077700
-7.961200
-10.874000
-10.874000
-6.019400
-4.077700
-4.077700
-3.106800
-3.106800
-4.077700
-4.077700
-3.106800
-2.135900
1.747600
5.631100
5.631100
5.631100
7.572800
9.514600
8.543700
6.601900
6.601900
3.689300
4.660200
4.660200
2.718400
4.660200
7.572800
10.485000
13.398000
5.631100
3.689300
6.601900
6.601900
3.689300
-2.135900
-6.990300
-6.990300
-11.845000
-18.641001
-19.612000
-16.698999
-11.845000
-9.902900
-13.786000
-18.641001
-17.670000
-14.757000
-11.845000
-6.990300
-2.135900
-2.135900
0.776700
2.718400
6.601900
8.543700
8.543700
7.572800
6.601900
3.689300
3.689300
2.718400
4.660200
3.689300
1.747600
-3.106800
-3.106800
-0.194170
0.776700
-3.106800
-4.077700
-4.077700
-6.019400
-5.048500
-4.077700
-3.106800
-2.135900
0.776700
-1.165000
-3.106800
-2.135900
-1.165000
2.718400
6.601900
11.456000
16.311001
19.223000
16.311001
8.543700
-0.194170
-0.194170
1.747600
-1.165000
-2.135900
-6.019400
-7.961200
-6.990300
-4.077700
-0.194170
-1.165000
-0.194170
5.631100
10.485000
11.456000
10.485000
7.572800
6.601900
7.572800
7.572800
0.776700
-5.048500
-6.019400
-6.019400
-3.106800
-0.194170
-0.194170
-2.135900
-3.106800
-1.165000
-3.106800
-2.135900
-5.048500
-6.990300
-6.019400
-4.077700
-1.165000
0.776700
0.776700
0.776700
-1.165000
-2.135900
0.776700
1.747600
2.718400
-1.165000
-5.048500
-6.990300
-6.019400
-2.135900
-2.135900
-2.135900
-2.135900
-1.165000
0.776700
3.689300
7.572800
12.427000
15.340000
16.311001
12.427000
8.543700
2.718400
-1.165000
-2.135900
-2.135900
-0.194170
-2.135900
-7.961200
-12.816000
-7.961200
2.718400
9.514600
11.456000
12.427000
10.485000
8.543700
8.543700
5.631100
3.689300
2.718400
-0.194170
-0.194170
0.776700
0.776700
-2.135900
-0.194170
1.747600
1.747600
-0.194170
-0.194170
0.776700
-0.194170
-3.106800
-5.048500
-2.135900
0.776700
-0.194170
-2.135900
-1.165000
0.776700
0.776700
0.776700
3.689300
3.689300
4.660200
5.631100
5.631100
8.543700
7.572800
2.718400
1.747600
-1.165000
-3.106800
-0.194170
1.747600
-0.194170
-3.106800
-3.106800
-1.165000
-1.165000
-1.165000
-5.048500
-6.019400
-3.106800
-1.165000
-3.106800
-6.019400
-6.019400
-4.077700
-0.194170
2.718400
4.660200
2.718400
-1.165000
-1.165000
2.718400
2.718400
-1.165000
-3.106800
-6.019400
-6.990300
-6.990300
-12.816000
-13.786000
-8.932000
-3.106800
-1.165000
-2.135900
-0.194170
0.776700
2.718400
1.747600
-1.165000
1.747600
-0.194170
-1.165000
-6.990300
-7.961200
-7.961200
-8.932000
-7.961200
-2.135900
3.689300
5.631100
6.601900
8.543700
6.601900
3.689300
-0.194170
-3.106800
-5.048500
-9.902900
-8.932000
-6.990300
-7.961200
-6.990300
-2.135900
1.747600
1.747600
1.747600
3.689300
5.631100
6.601900
4.660200
3.689300
4.660200
-0.194170
-2.135900
-0.194170
1.747600
0.776700
-6.990300
-9.902900
-9.902900
-8.932000
-6.990300
-7.961200
-6.990300
-5.048500
-1.165000
4.660200
6.601900
10.485000
8.543700
6.601900
8.543700
4.660200
2.718400
2.718400
2.718400
2.718400
5.631100
3.689300
4.660200
7.572800
8.543700
11.456000
10.485000
11.456000
13.398000
10.485000
11.456000
10.485000
5.631100
0.776700
-4.077700
-6.990300
-7.961200
-6.990300
-5.048500
-4.077700
-4.077700
-4.077700
-4.077700
-2.135900
1.747600
2.718400
4.660200
4.660200
4.660200
8.543700
11.456000
12.427000
8.543700
7.572800
5.631100
0.776700
-6.990300
-12.816000
-14.757000
-15.728000
-13.786000
-9.902900
-6.990300
-4.077700
1.747600
2.718400
3.689300
6.601900
6.601900
5.631100
0.776700
-3.106800
-4.077700
-0.194170
-0.194170
-3.106800
-3.106800
-5.048500
-6.019400
-5.048500
-5.048500
-6.990300
-8.932000
-6.990300
-6.990300
-3.106800
0.776700
-0.194170
-0.194170
4.660200
5.631100
6.601900
8.543700
10.485000
11.456000
8.543700
4.660200
3.689300
1.747600
-0.194170
-3.106800
-7.961200
-8.932000
-7.961200
-6.019400
-2.135900
-1.165000
-0.194170
3.689300
8.543700
9.514600
7.572800
10.485000
10.485000
2.718400
-4.077700
-6.990300
-5.048500
-5.048500
-7.961200
-7.961200
-3.106800
-1.165000
-1.165000
-2.135900
-1.165000
-1.165000
-2.135900
-2.135900
-2.135900
-2.135900
-3.106800
-5.048500
-5.048500
-2.135900
-1.165000
0.776700
0.776700
-2.135900
-1.165000
2.718400
3.689300
0.776700
-1.165000
-1.165000
-3.106800
-2.135900
-1.165000
4.660200
4.660200
1.747600
0.776700
0.776700
2.718400
3.689300
3.689300
1.747600
2.718400
6.601900
8.543700
9.514600
9.514600
11.456000
12.427000
12.427000
11.456000
9.514600
5.631100
3.689300
1.747600
-3.106800
-6.990300
-8.932000
-6.990300
-4.077700
-6.019400
-8.932000
-6.990300
-1.165000
4.660200
6.601900
1.747600
-1.165000
-2.135900
-0.194170
1.747600
0.776700
-4.077700
-6.990300
-6.990300
-4.077700
0.776700
3.689300
4.660200
5.631100
6.601900
6.601900
6.601900
8.543700
11.456000
11.456000
8.543700
