-1.372500
5.163400
-0.718950
-1.372500
9.085000
12.353000
6.470600
7.777800
8.431400
5.163400
8.431400
13.007000
13.660000
3.856200
-0.718950
-4.640500
-4.640500
-2.026100
-0.718950
-1.372500
-0.065360
-1.372500
-3.986900
1.241800
5.163400
-0.718950
-3.986900
-5.947700
2.549000
3.856200
-3.333300
-8.562100
-13.791000
-13.137000
-3.333300
-7.254900
-1.372500
7.124200
6.470600
1.895400
-9.869300
-16.405001
-9.215700
-2.679700
-3.333300
0.588240
-3.333300
-0.065360
2.549000
-0.718950
-0.718950
3.856200
0.588240
-1.372500
11.699000
5.163400
-5.947700
2.549000
9.738600
11.046000
6.470600
6.470600
-3.333300
-13.791000
-7.254900
-0.065360
-7.254900
-6.601300
-3.333300
8.431400
-0.065360
-1.372500
3.856200
4.509800
5.163400
3.202600
5.163400
-0.065360
-7.908500
-1.372500
-0.065360
2.549000
-2.679700
-7.908500
-9.215700
-2.679700
3.856200
3.856200
3.202600
4.509800
13.007000
15.621000
13.007000
7.124200
-2.026100
1.895400
4.509800
5.817000
1.241800
-3.333300
3.856200
-6.601300
-0.065360
11.699000
4.509800
2.549000
0.588240
-5.294100
-5.947700
-0.065360
-7.254900
-7.908500
-3.333300
2.549000
3.856200
-2.679700
-0.718950
-0.065360
5.817000
13.007000
7.124200
-3.986900
-2.679700
-0.065360
2.549000
-0.718950
-4.640500
-1.372500
-5.947700
-7.254900
-5.947700
-6.601300
8.431400
10.392000
6.470600
1.241800
-0.065360
-7.254900
-0.065360
13.007000
7.777800
-0.718950
-3.333300
-8.562100
0.588240
7.777800
7.777800
3.856200
-12.484000
-5.947700
5.163400
5.163400
5.163400
-7.254900
-1.372500
3.856200
5.163400
9.738600
-3.333300
-5.294100
-4.640500
5.817000
18.235001
21.503000
31.306999
31.306999
26.732000
23.464001
14.967000
7.777800
11.699000
16.275000
10.392000
1.241800
-1.372500
-3.333300
-1.372500
1.895400
-6.601300
-7.908500
-9.215700
-4.640500
1.895400
-5.947700
-3.333300
-0.718950
-5.947700
-2.026100
11.046000
13.660000
10.392000
-2.026100
-15.752000
-9.869300
-11.176000
-18.365999
-17.059000
-19.673000
-12.484000
-20.327000
-22.288000
-9.869300
-5.294100
1.895400
2.549000
-2.026100
3.202600
-1.372500
-9.869300
-11.830000
-3.333300
11.699000
11.046000
20.850000
23.464001
21.503000
14.967000
4.509800
-3.333300
-3.333300
1.241800
0.588240
0.588240
0.588240
-2.679700
-10.523000
-9.215700
-3.333300
-5.947700
-9.869300
-7.254900
-3.333300
-12.484000
-13.791000
2.549000
7.124200
-3.333300
-13.137000
-8.562100
-4.640500
-3.986900
1.241800
-4.640500
-5.947700
-0.718950
-0.065360
-5.947700
-19.673000
-16.405001
-5.947700
-0.065360
-11.830000
-12.484000
-3.986900
-6.601300
-0.065360
8.431400
9.738600
13.660000
13.007000
-2.679700
-8.562100
-1.372500
-4.640500
-3.333300
-0.065360
3.202600
-5.947700
-11.830000
-11.830000
-5.294100
1.241800
-7.908500
-0.718950
4.509800
-2.026100
-11.176000
-18.365999
-7.908500
-0.065360
-9.215700
-15.752000
-13.791000
7.124200
10.392000
4.509800
-0.718950
-8.562100
1.895400
9.738600
10.392000
12.353000
-0.065360
-3.333300
-1.372500
11.046000
7.777800
0.588240
5.817000
14.314000
8.431400
6.470600
7.124200
-0.065360
3.202600
14.967000
10.392000
1.895400
1.895400
-2.679700
-5.947700
-4.640500
-0.065360
5.817000
6.470600
1.241800
2.549000
2.549000
5.817000
7.777800
2.549000
3.202600
11.046000
10.392000
6.470600
3.202600
-4.640500
-8.562100
-9.215700
-6.601300
-0.718950
9.738600
7.777800
6.470600
3.856200
-2.026100
12.353000
10.392000
3.202600
1.895400
-4.640500
-11.176000
-7.908500
-2.679700
-3.986900
-0.718950
-0.718950
-1.372500
-0.065360
-1.372500
1.895400
13.007000
10.392000
5.163400
-3.986900
-3.986900
-0.065360
-13.791000
-12.484000
-13.137000
-16.405001
-12.484000
-5.294100
-5.294100
-6.601300
4.509800
3.856200
-3.333300
-3.986900
3.202600
7.124200
-3.333300
-6.601300
-4.640500
-3.333300
-4.640500
-7.254900
-6.601300
-13.791000
-15.752000
-5.947700
-3.333300
2.549000
1.241800
-0.718950
3.202600
5.163400
0.588240
1.895400
5.163400
5.817000
5.817000
0.588240
-0.718950
-14.444000
-11.176000
3.856200
2.549000
4.509800
-3.333300
-9.869300
1.241800
2.549000
-6.601300
-9.215700
-3.986900
-9.215700
-13.791000
-2.026100
-7.254900
-3.333300
-0.718950
-9.215700
-14.444000
-12.484000
-6.601300
1.895400
4.509800
-0.065360
3.856200
1.895400
-5.947700
-6.601300
-2.026100
4.509800
2.549000
0.588240
1.241800
-2.026100
-7.254900
-4.640500
-2.026100
-5.294100
-2.679700
1.895400
1.241800
1.895400
-3.986900
-2.026100
8.431400
11.699000
5.163400
-6.601300
-17.059000
-1.372500
14.314000
11.699000
14.314000
15.621000
1.241800
7.777800
22.809999
28.693001
23.464001
7.777800
1.895400
11.699000
14.967000
16.275000
1.241800
-5.294100
11.046000
11.046000
7.124200
-2.026100
-4.640500
9.738600
7.777800
1.241800
-5.294100
-2.026100
5.163400
7.124200
7.777800
0.588240
-7.908500
-5.294100
-6.601300
-2.026100
5.163400
2.549000
-7.254900
-3.333300
-1.372500
1.241800
4.509800
-3.986900
-5.947700
5.817000
11.699000
8.431400
1.895400
-0.065360
7.124200
3.856200
-4.640500
-0.718950
2.549000
-4.640500
-2.026100
-2.679700
-8.562100
-5.947700
-7.908500
-11.830000
-3.986900
-3.986900
-9.215700
-16.405001
-6.601300
7.124200
2.549000
7.124200
3.856200
-15.098000
-7.908500
4.509800
7.124200
6.470600
-5.947700
-5.294100
7.777800
9.085000
-7.908500
-11.830000
-2.679700
9.085000
10.392000
2.549000
-0.718950
-0.065360
8.431400
9.738600
1.895400
0.588240
-2.026100
-2.026100
10.392000
7.124200
-7.254900
-8.562100
-5.294100
1.895400
-0.718950
-3.986900
-4.640500
-3.333300
7.124200
14.967000
-3.333300
-5.947700
3.856200
-1.372500
-1.372500
-2.679700
-3.333300
9.085000
3.202600
-5.294100
-4.640500
-0.718950
6.470600
5.817000
-2.679700
-2.679700
-0.718950
7.124200
13.007000
9.738600
14.314000
3.856200
3.856200
9.085000
10.392000
5.163400
1.241800
-2.026100
-12.484000
-0.718950
11.699000
5.163400
5.817000
13.007000
5.817000
-4.640500
-9.215700
-9.869300
-11.176000
-0.065360
1.895400
-6.601300
-4.640500
7.124200
6.470600
7.124200
-2.679700
-11.176000
-2.026100
1.895400
4.509800
-1.372500
-11.830000
-17.059000
-17.059000
-15.098000
-2.679700
-1.372500
-2.679700
-9.869300
-15.752000
-3.986900
1.241800
1.241800
2.549000
8.431400
16.275000
16.927999
17.582001
13.660000
7.777800
1.895400
8.431400
9.738600
5.163400
-9.215700
-15.752000
-13.791000
1.241800
7.124200
-0.065360
-5.947700
-3.986900
-11.830000
-7.908500
8.431400
3.856200
11.046000
12.353000
-3.333300
-6.601300
1.241800
8.431400
5.163400
-0.065360
1.895400
-3.986900
0.588240
2.549000
1.895400
1.895400
-3.986900
3.202600
13.660000
7.777800
3.856200
-3.333300
-3.986900
4.509800
4.509800
0.588240
3.856200
9.085000
6.470600
-2.679700
-7.254900
-1.372500
6.470600
3.856200
-6.601300
-5.294100
-4.640500
-5.294100
-3.333300
-12.484000
-17.712000
-8.562100
-4.640500
-2.026100
5.163400
11.046000
13.660000
5.817000
-5.294100
-0.065360
2.549000
1.895400
-0.065360
-22.288000
-17.712000
-9.215700
-7.254900
-5.947700
-13.137000
-7.908500
-6.601300
-2.679700
8.431400
10.392000
10.392000
9.085000
9.085000
19.542000
13.660000
7.777800
7.777800
13.007000
22.157000
31.961000
41.111000
67.254997
76.404999
82.941002
82.941002
82.941002
82.941002
82.941002
82.941002
79.019997
69.216003
61.373001
39.150002
20.850000
1.241800
-16.405001
-9.869300
-15.752000
-36.013000
-47.778000
-58.235001
-54.966999
-49.084999
-49.084999
-60.849998
-68.039001
-61.502998
-61.502998
-58.235001
-62.157001
-62.810001
-44.509998
-38.626999
-43.855999
-40.588001
-39.280998
-46.471001
-41.895000
-48.431000
-51.699001
-37.973999
-31.438000
-16.405001
-26.863001
-36.667000
-34.051998
-26.209000
-22.288000
-30.784000
-30.784000
-26.209000
-27.516001
-26.209000
-21.634001
-11.830000
-5.294100
-4.640500
-11.830000
-3.986900
-2.679700
-7.908500
-9.215700
1.241800
5.817000
-0.718950
4.509800
3.202600
4.509800
6.470600
3.202600
5.163400
1.895400
-4.640500
-5.947700
2.549000
1.895400
-0.718950
14.967000
14.314000
6.470600
7.124200
4.509800
12.353000
28.039000
46.340000
74.444000
82.941002
82.941002
82.941002
82.941002
82.941002
82.941002
82.941002
82.941002
78.365997
60.064999
28.039000
7.777800
5.817000
-17.712000
-35.359001
-30.131001
-32.744999
-39.935001
-40.588001
-39.280998
-36.013000
-45.817001
-58.235001
-57.582001
-56.928001
-56.275002
-54.966999
-60.195999
-59.542000
-54.966999
-53.007000
-56.928001
-53.007000
-53.007000
-51.699001
-38.626999
-34.051998
-31.438000
-28.823999
-37.973999
-33.398998
-21.634001
-22.288000
-28.170000
-23.594999
-23.594999
-13.137000
-6.601300
-8.562100
-13.137000
-25.556000
-22.941000
-2.026100
2.549000
0.588240
-11.830000
-8.562100
5.817000
9.738600
3.856200
-5.947700
-6.601300
-6.601300
-7.254900
-6.601300
0.588240
3.202600
0.588240
-3.986900
-4.640500
8.431400
14.967000
1.241800
1.241800
7.777800
13.007000
9.738600
5.163400
5.163400
3.856200
5.163400
11.699000
5.817000
-3.333300
3.202600
11.699000
11.046000
10.392000
10.392000
7.124200
17.582001
20.195999
22.157000
20.850000
14.314000
16.927999
12.353000
14.967000
17.582001
9.085000
2.549000
-2.026100
-3.986900
2.549000
13.660000
7.777800
-0.718950
1.241800
7.124200
7.777800
13.660000
20.195999
15.621000
4.509800
5.163400
16.275000
7.777800
2.549000
-0.718950
-5.947700
-13.791000
-17.712000
-5.947700
-2.679700
-2.679700
4.509800
1.241800
-1.372500
2.549000
4.509800
3.856200
1.895400
3.856200
10.392000
1.241800
0.588240
-5.947700
-7.908500
-6.601300
-1.372500
9.085000
3.856200
-2.026100
-0.065360
3.202600
13.007000
16.275000
1.241800
-3.986900
15.621000
29.346001
25.424999
22.809999
15.621000
6.470600
-0.718950
3.202600
15.621000
13.660000
13.660000
5.163400
-9.869300
3.856200
20.195999
7.124200
-3.333300
-7.254900
-1.372500
8.431400
8.431400
4.509800
-3.333300
-7.908500
4.509800
4.509800
-2.026100
0.588240
-5.294100
-9.215700
-2.026100
5.163400
12.353000
9.085000
-1.372500
-6.601300
-11.176000
-9.215700
-0.718950
-3.986900
-5.947700
-5.294100
2.549000
5.163400
5.817000
1.241800
3.856200
6.470600
-7.908500
-10.523000
-2.679700
-5.294100
-1.372500
4.509800
-5.294100
-12.484000
-3.333300
-2.679700
0.588240
-1.372500
0.588240
6.470600
13.007000
0.588240
-10.523000
-4.640500
-6.601300
-8.562100
-0.718950
0.588240
-7.254900
-7.908500
-0.718950
-5.947700
-9.869300
-8.562100
-8.562100
1.895400
1.895400
1.241800
8.431400
