-1.980200
-4.620500
-6.600700
8.580900
19.142000
9.901000
3.300300
16.502001
22.441999
15.842000
6.600700
7.260700
7.260700
-5.280500
-13.861000
-10.561000
2.640300
-3.960400
-5.940600
1.320100
-3.300300
-5.280500
3.300300
3.300300
1.980200
7.920800
9.901000
5.280500
-3.300300
-5.940600
-13.861000
-17.162001
-11.881000
-17.162001
-6.600700
-5.940600
-10.561000
-4.620500
4.620500
-1.320100
-20.462000
-15.182000
-2.640300
1.980200
1.320100
1.320100
-6.600700
-3.960400
-1.320100
1.320100
-1.980200
1.320100
6.600700
5.940600
9.901000
7.920800
7.920800
7.260700
8.580900
19.802000
18.482000
10.561000
8.580900
4.620500
-6.600700
-17.162001
-14.521000
-0.660070
3.300300
5.280500
4.620500
4.620500
1.320100
-1.320100
4.620500
1.320100
-1.320100
0.000000
-1.980200
-3.300300
0.660070
-3.960400
-15.182000
-9.901000
-3.960400
-5.940600
0.660070
4.620500
7.260700
9.901000
6.600700
1.980200
9.240900
5.940600
5.280500
11.881000
8.580900
3.300300
3.300300
3.960400
12.541000
8.580900
-4.620500
1.980200
9.901000
9.240900
5.940600
-5.940600
-7.920800
-5.280500
0.000000
0.000000
-7.260700
-1.980200
-1.320100
-0.660070
-6.600700
-15.182000
-7.920800
3.300300
7.260700
2.640300
0.660070
1.980200
-0.660070
1.320100
3.300300
-5.940600
-6.600700
-3.960400
-7.260700
-9.901000
0.000000
-1.320100
1.320100
14.521000
17.822001
-1.980200
-6.600700
8.580900
5.280500
3.300300
-2.640300
-9.901000
-5.280500
0.000000
8.580900
8.580900
-6.600700
-9.240900
0.660070
11.221000
9.901000
-3.960400
-3.960400
7.920800
6.600700
9.240900
1.320100
-7.920800
-11.221000
7.260700
23.101999
15.182000
22.441999
25.743000
20.462000
18.482000
9.240900
7.260700
7.920800
11.881000
13.861000
0.000000
-3.300300
-0.660070
-11.881000
-8.580900
-5.280500
-3.300300
0.000000
-1.320100
1.320100
-1.980200
-3.960400
-1.320100
5.280500
2.640300
1.320100
7.260700
3.300300
-1.320100
-5.280500
-12.541000
-7.260700
-14.521000
-16.502001
-19.142000
-19.142000
-15.842000
-19.802000
-21.782000
-11.221000
0.660070
5.280500
1.980200
3.960400
-7.260700
-16.502001
-3.960400
1.320100
7.260700
12.541000
23.761999
30.363001
15.182000
13.861000
17.162001
13.861000
4.620500
-3.300300
0.000000
0.000000
-0.660070
4.620500
-1.980200
-5.280500
-5.280500
-11.881000
-9.901000
0.000000
-1.980200
-3.300300
-8.580900
1.320100
6.600700
3.300300
-3.960400
-9.901000
-12.541000
-10.561000
-1.320100
-3.300300
-6.600700
-5.940600
-9.901000
-10.561000
-13.201000
-12.541000
-11.221000
-13.201000
-9.901000
-1.980200
-1.980200
-1.320100
4.620500
4.620500
7.260700
13.201000
9.240900
1.320100
-3.300300
-7.260700
-13.861000
-6.600700
-2.640300
-3.960400
-5.940600
-9.901000
-5.280500
-4.620500
0.660070
8.580900
6.600700
-3.960400
-1.320100
-2.640300
-17.822001
-20.462000
-13.861000
-9.240900
-4.620500
-6.600700
-2.640300
-1.980200
5.940600
3.300300
1.320100
5.280500
-0.660070
2.640300
7.260700
2.640300
4.620500
-1.980200
-0.660070
3.300300
4.620500
7.260700
6.600700
-7.260700
-6.600700
9.240900
15.182000
9.901000
8.580900
7.260700
9.901000
7.920800
7.920800
3.960400
-5.280500
-5.280500
-10.561000
-7.260700
-1.320100
-4.620500
1.320100
0.000000
1.320100
-0.660070
0.000000
15.182000
9.901000
3.300300
0.660070
-8.580900
-1.980200
-1.980200
-2.640300
5.280500
0.000000
-5.940600
-3.960400
5.940600
7.260700
13.861000
13.861000
-3.960400
-5.280500
0.660070
-8.580900
-4.620500
0.000000
-5.940600
-5.940600
-3.300300
-0.660070
-3.960400
-1.320100
1.320100
7.920800
3.960400
3.960400
0.660070
-2.640300
-0.660070
-20.462000
-14.521000
-6.600700
-1.320100
-1.980200
-3.960400
-4.620500
-6.600700
5.280500
8.580900
7.920800
11.221000
9.240900
3.960400
0.660070
-0.660070
0.660070
-1.980200
-5.280500
-2.640300
-7.920800
-19.142000
-15.842000
-8.580900
-5.940600
4.620500
9.901000
1.980200
-3.300300
1.980200
5.280500
8.580900
19.802000
16.502001
1.320100
5.280500
1.980200
-6.600700
-5.280500
-9.240900
-17.162001
-5.280500
2.640300
3.960400
6.600700
0.000000
-8.580900
-13.861000
-9.901000
-12.541000
-13.201000
0.000000
0.000000
-2.640300
-2.640300
-5.940600
-9.901000
-18.482000
-12.541000
5.280500
-1.980200
-5.280500
9.901000
-3.300300
-11.881000
-6.600700
-2.640300
-1.320100
1.320100
-4.620500
-3.960400
-0.660070
-9.901000
-9.240900
4.620500
6.600700
3.960400
1.980200
-1.980200
8.580900
5.280500
0.000000
3.300300
7.260700
2.640300
-3.300300
-7.260700
-1.980200
8.580900
9.901000
11.221000
18.482000
13.861000
14.521000
19.142000
23.761999
13.861000
4.620500
8.580900
12.541000
13.861000
11.221000
1.320100
-7.260700
0.000000
3.300300
5.940600
1.980200
-0.660070
1.320100
1.980200
5.280500
5.280500
-0.660070
0.000000
1.980200
0.660070
-9.901000
-5.280500
0.000000
0.000000
-1.320100
-1.980200
-5.280500
-8.580900
-3.960400
-1.320100
-5.280500
-1.980200
7.260700
10.561000
9.240900
4.620500
-1.980200
-2.640300
1.320100
7.920800
3.300300
-2.640300
-0.660070
-9.901000
-7.920800
-5.280500
0.660070
-1.980200
-13.861000
-14.521000
-12.541000
-5.940600
-6.600700
-1.980200
0.000000
-1.320100
-7.260700
-11.881000
11.881000
5.940600
-5.940600
-1.980200
-3.300300
0.000000
6.600700
1.980200
0.000000
3.300300
3.300300
-1.320100
0.000000
-4.620500
1.320100
7.920800
7.920800
7.260700
7.260700
7.920800
5.940600
3.960400
9.901000
7.260700
0.000000
11.221000
10.561000
6.600700
3.960400
2.640300
-2.640300
-9.901000
-1.980200
5.280500
-0.660070
1.320100
8.580900
3.300300
-3.300300
-5.940600
-6.600700
-4.620500
3.300300
-8.580900
-15.842000
-11.221000
-0.660070
7.920800
-0.660070
2.640300
5.280500
3.960400
1.320100
6.600700
11.221000
18.482000
19.142000
20.462000
9.901000
-2.640300
-2.640300
1.320100
-0.660070
2.640300
7.260700
-2.640300
-7.260700
4.620500
8.580900
3.960400
11.221000
7.260700
2.640300
1.320100
-5.280500
-9.240900
-12.541000
-17.162001
-12.541000
-7.920800
-3.960400
-5.280500
-0.660070
-0.660070
-6.600700
-0.660070
5.940600
5.280500
-1.320100
-2.640300
-9.240900
-11.881000
-1.980200
7.260700
-3.960400
-7.260700
-9.901000
-16.502001
-4.620500
3.960400
3.300300
0.660070
5.940600
13.861000
19.142000
22.441999
18.482000
16.502001
7.920800
3.300300
5.280500
3.300300
3.300300
-1.320100
-15.842000
-3.300300
2.640300
-0.660070
-11.881000
-18.482000
-13.201000
-1.980200
4.620500
-1.320100
5.280500
8.580900
-6.600700
0.000000
3.300300
2.640300
7.260700
0.000000
-6.600700
0.660070
8.580900
1.980200
-3.960400
-4.620500
-0.660070
10.561000
10.561000
-1.980200
-8.580900
-15.842000
-7.260700
5.280500
6.600700
-1.320100
-7.260700
1.320100
1.980200
-1.980200
0.660070
9.901000
12.541000
-4.620500
-7.260700
-4.620500
1.980200
1.320100
-7.260700
-10.561000
-18.482000
-17.822001
-12.541000
-13.201000
-1.980200
0.660070
9.240900
9.901000
-0.660070
-5.280500
-1.320100
11.221000
17.162001
6.600700
-1.320100
-3.300300
-3.960400
-1.980200
-1.320100
5.280500
0.000000
-13.201000
-13.861000
1.980200
9.240900
9.240900
9.240900
9.240900
5.280500
7.260700
11.221000
15.842000
21.122000
30.363001
39.604000
61.386002
59.405998
64.685997
83.828003
83.828003
82.508003
64.026001
55.445999
56.105999
57.425999
57.425999
42.243999
26.403000
10.561000
-2.640300
1.320100
1.980200
-4.620500
-21.122000
-35.644001
-37.624001
-33.662998
-34.983002
-40.264000
-48.185001
-50.825001
-52.805000
-49.505001
-50.165001
-53.465000
-40.264000
-35.644001
-42.243999
-39.604000
-32.342999
-33.002998
-36.964001
-44.883999
-48.185001
-31.683001
-34.983002
-25.743000
-24.422001
-23.761999
-18.482000
-17.822001
-23.101999
-24.422001
-28.382999
-25.083000
-21.782000
-18.482000
-9.901000
-6.600700
-5.940600
-8.580900
-9.901000
-2.640300
0.660070
-1.980200
-17.162001
-19.802000
-0.660070
11.221000
5.280500
5.280500
-7.920800
-19.142000
-12.541000
-3.960400
4.620500
1.320100
-5.940600
-3.300300
0.660070
4.620500
11.881000
12.541000
3.300300
-1.320100
-1.980200
7.920800
20.462000
33.662998
54.785000
83.828003
83.828003
83.828003
83.828003
83.828003
83.828003
83.828003
83.828003
73.266998
54.785000
34.983002
3.300300
5.280500
-7.920800
-21.782000
-20.462000
-21.782000
-32.342999
-41.584000
-33.662998
-33.002998
-38.284000
-51.485001
-60.726002
-56.765999
-49.505001
-44.883999
-46.205002
-46.865002
-45.544998
-48.185001
-54.125000
-43.563999
-38.284000
-38.284000
-37.624001
-38.944000
-38.944000
-34.323002
-26.403000
-18.482000
-17.822001
-20.462000
-19.802000
-19.142000
-7.260700
2.640300
-0.660070
-5.280500
-10.561000
-28.382999
-17.822001
4.620500
-0.660070
-1.320100
-7.920800
-9.240900
-0.660070
9.240900
3.960400
-5.280500
-10.561000
-9.240900
-1.320100
-2.640300
3.300300
4.620500
1.320100
2.640300
-10.561000
-7.260700
5.280500
5.280500
9.240900
7.920800
5.940600
9.240900
10.561000
4.620500
2.640300
-1.320100
5.940600
8.580900
-8.580900
-9.901000
-6.600700
7.920800
15.842000
9.901000
6.600700
8.580900
9.240900
10.561000
12.541000
13.861000
5.280500
1.320100
10.561000
11.881000
0.000000
-4.620500
-9.240900
-3.960400
5.940600
17.162001
8.580900
1.320100
6.600700
13.201000
11.221000
18.482000
23.761999
16.502001
4.620500
9.901000
19.142000
13.861000
11.881000
5.940600
-3.960400
-6.600700
-2.640300
-10.561000
-15.182000
-6.600700
-7.260700
-7.260700
3.960400
0.660070
-1.320100
-2.640300
-11.221000
-3.300300
4.620500
-3.300300
-6.600700
-0.660070
-3.300300
-3.960400
11.881000
15.842000
7.920800
2.640300
1.320100
4.620500
10.561000
14.521000
6.600700
7.260700
18.482000
22.441999
27.723000
23.761999
19.802000
19.142000
12.541000
8.580900
12.541000
9.240900
9.901000
7.920800
-0.660070
-1.320100
7.920800
6.600700
-5.940600
3.300300
0.000000
-5.280500
1.980200
7.260700
5.940600
6.600700
0.000000
-5.940600
-3.300300
0.660070
0.000000
-1.320100
-6.600700
-1.980200
13.861000
17.162001
2.640300
-9.901000
-21.782000
-13.201000
7.260700
3.960400
2.640300
-4.620500
-5.280500
-1.320100
2.640300
5.940600
1.320100
-3.960400
-4.620500
-7.920800
-1.320100
-2.640300
-7.920800
5.280500
4.620500
-1.980200
0.660070
-0.660070
0.000000
9.901000
17.822001
7.920800
3.960400
-3.960400
-3.300300
-1.980200
-7.260700
-7.920800
-15.182000
-11.881000
-6.600700
-4.620500
-1.320100
-6.600700
-10.561000
-3.300300
1.320100
3.960400
-2.640300
-10.561000
5.940600
