-15.870000
-11.967000
-4.813000
6.894300
10.146000
0.390240
-5.463400
5.593500
9.495900
8.195100
7.544700
2.991900
4.292700
-0.260160
-6.113800
-4.813000
7.544700
7.544700
8.845500
8.195100
-0.260160
-2.861800
4.292700
1.691100
0.390240
7.544700
4.943100
-1.561000
-8.065000
-9.365900
-8.065000
-15.220000
-17.820999
-18.472000
-6.113800
-1.561000
1.040700
2.341500
4.292700
3.642300
-6.764200
-8.715400
-2.211400
2.991900
2.341500
7.544700
2.991900
-4.813000
-0.910570
4.292700
6.243900
5.593500
2.341500
2.991900
12.098000
10.797000
13.398000
7.544700
2.991900
14.699000
10.797000
-0.260160
1.040700
-6.113800
-11.317000
-12.618000
-13.268000
-7.414600
0.390240
9.495900
6.243900
0.390240
1.691100
6.894300
12.098000
5.593500
-2.211400
-2.861800
1.040700
4.292700
-0.910570
-8.065000
-13.919000
-4.813000
4.292700
1.040700
4.292700
3.642300
1.040700
7.544700
12.748000
6.894300
1.691100
6.894300
9.495900
2.991900
-0.910570
0.390240
6.894300
10.146000
4.292700
-0.910570
-5.463400
1.691100
-0.910570
-8.715400
-2.861800
-4.813000
-11.317000
-12.618000
-13.919000
-11.967000
-0.910570
1.691100
-5.463400
-0.910570
4.943100
2.341500
10.797000
15.350000
8.195100
-1.561000
-2.861800
-0.260160
6.243900
10.146000
4.292700
-8.065000
-13.919000
-11.967000
-11.967000
-1.561000
7.544700
1.691100
-1.561000
-0.260160
6.894300
5.593500
1.691100
2.341500
0.390240
1.040700
1.691100
0.390240
-2.211400
-0.260160
7.544700
6.894300
1.040700
-13.919000
-19.771999
-8.065000
-0.260160
2.341500
-0.910570
1.691100
6.243900
6.894300
4.292700
-4.162600
-8.715400
-1.561000
10.797000
12.748000
12.748000
12.748000
12.748000
16.650000
11.447000
11.447000
9.495900
5.593500
2.341500
-7.414600
-11.317000
-9.365900
-0.910570
4.292700
-8.715400
-11.967000
-4.162600
-6.764200
-8.065000
-6.764200
-4.162600
0.390240
8.195100
6.243900
8.195100
17.951000
19.252001
11.447000
2.341500
-8.715400
-10.016000
-11.967000
-15.220000
-15.870000
-15.220000
-11.317000
-10.016000
-4.162600
6.243900
11.447000
11.447000
12.748000
20.552999
15.350000
-2.211400
-10.016000
0.390240
1.040700
1.691100
8.195100
4.943100
2.991900
4.292700
5.593500
4.943100
-2.861800
-9.365900
-12.618000
-4.813000
1.691100
-4.162600
-10.016000
-11.317000
-8.065000
1.691100
-0.910570
-12.618000
-15.870000
-10.667000
5.593500
14.699000
1.040700
-11.967000
-8.715400
3.642300
5.593500
-7.414600
-13.268000
-4.813000
3.642300
5.593500
-5.463400
-16.520000
-12.618000
-7.414600
-9.365900
-4.162600
-1.561000
-0.910570
5.593500
8.195100
5.593500
2.991900
4.943100
10.797000
14.049000
7.544700
-2.211400
-3.512200
-5.463400
-8.065000
-5.463400
-2.861800
-9.365900
-6.764200
-7.414600
-14.569000
-3.512200
2.341500
2.991900
1.691100
-2.211400
-5.463400
-13.268000
-12.618000
-6.113800
-6.113800
-4.162600
-2.211400
2.341500
6.243900
5.593500
2.341500
7.544700
10.797000
5.593500
10.146000
8.195100
4.292700
5.593500
-0.910570
5.593500
6.243900
2.341500
4.292700
10.797000
8.195100
4.292700
5.593500
7.544700
8.195100
10.797000
2.991900
-2.211400
-0.910570
-6.113800
-4.162600
-8.065000
-10.016000
-6.764200
-2.211400
5.593500
4.292700
7.544700
6.894300
3.642300
10.146000
13.398000
16.650000
7.544700
9.495900
-3.512200
-15.870000
-4.162600
1.040700
-0.260160
1.691100
1.691100
2.991900
4.292700
9.495900
16.650000
23.153999
8.845500
-6.113800
-4.813000
0.390240
1.040700
-5.463400
-13.268000
-9.365900
-2.211400
-2.861800
1.691100
8.195100
10.146000
7.544700
9.495900
1.040700
-8.065000
-10.667000
-4.813000
-0.260160
-10.667000
-11.967000
-17.171000
-19.771999
-18.472000
-7.414600
-0.910570
-2.211400
-1.561000
-3.512200
2.341500
6.243900
-1.561000
-5.463400
-10.016000
-6.113800
-6.113800
-5.463400
-6.113800
-3.512200
-5.463400
-11.317000
-6.113800
-4.162600
-8.065000
-0.910570
2.341500
2.341500
6.894300
6.894300
5.593500
1.691100
4.292700
4.292700
-4.162600
-2.211400
-2.211400
-2.861800
-6.113800
-11.317000
-4.162600
-0.260160
2.341500
3.642300
-5.463400
-14.569000
-12.618000
-4.162600
4.943100
2.341500
-4.813000
-2.211400
-2.211400
-0.260160
-0.910570
-4.162600
-5.463400
-2.861800
1.040700
6.894300
4.292700
-0.260160
6.894300
4.943100
3.642300
1.040700
1.691100
2.991900
3.642300
8.845500
6.243900
-0.910570
-7.414600
-5.463400
-0.910570
1.691100
-0.910570
-4.162600
-7.414600
1.691100
8.845500
2.991900
-2.861800
0.390240
0.390240
-3.512200
-6.113800
-5.463400
-2.861800
5.593500
9.495900
7.544700
6.894300
11.447000
5.593500
7.544700
16.000000
11.447000
6.894300
10.797000
14.049000
12.098000
3.642300
8.845500
9.495900
-0.260160
-0.260160
-1.561000
-0.910570
1.691100
1.040700
1.691100
0.390240
3.642300
2.341500
1.691100
2.991900
-6.113800
-4.813000
-4.162600
-6.113800
-10.667000
-10.667000
-4.162600
-6.764200
0.390240
1.040700
-3.512200
-2.211400
-0.260160
4.943100
8.845500
7.544700
3.642300
2.991900
3.642300
4.292700
5.593500
2.341500
1.040700
-6.764200
-11.967000
-10.016000
-6.113800
-0.910570
-2.861800
-10.016000
-12.618000
-11.967000
-7.414600
-2.861800
-0.910570
0.390240
-0.910570
1.040700
9.495900
6.243900
4.292700
-0.910570
-7.414600
-4.162600
2.341500
-2.861800
-0.260160
2.991900
0.390240
-2.861800
-4.813000
1.691100
10.146000
7.544700
10.146000
11.447000
9.495900
4.292700
-1.561000
2.991900
-0.910570
-2.211400
2.991900
8.845500
3.642300
-2.861800
-2.861800
-4.162600
-8.715400
-6.113800
1.040700
7.544700
6.243900
1.691100
8.195100
9.495900
-1.561000
-7.414600
-5.463400
-2.211400
0.390240
-3.512200
-4.813000
-3.512200
2.991900
3.642300
-8.065000
-4.162600
2.991900
4.943100
8.195100
8.845500
6.243900
6.243900
10.146000
18.601999
10.797000
0.390240
-2.211400
1.691100
-2.211400
-3.512200
-4.162600
-7.414600
-6.113800
-7.414600
-2.211400
-0.260160
3.642300
2.341500
-1.561000
-2.861800
-4.813000
-0.910570
-3.512200
-5.463400
-4.162600
-2.211400
-3.512200
-5.463400
1.040700
4.292700
7.544700
4.943100
-0.260160
2.341500
-1.561000
-7.414600
-9.365900
-6.764200
2.341500
6.243900
1.691100
1.040700
-2.211400
-8.715400
-9.365900
-2.861800
1.040700
8.195100
12.748000
8.195100
8.845500
12.098000
11.447000
12.098000
5.593500
-3.512200
-4.813000
2.991900
-1.561000
-10.667000
-15.870000
-11.317000
-6.113800
-0.260160
2.991900
0.390240
-1.561000
2.991900
8.195100
12.748000
10.146000
4.292700
-2.211400
-4.813000
-3.512200
-4.813000
-7.414600
-4.162600
4.943100
2.991900
-3.512200
-6.764200
-10.667000
-12.618000
0.390240
2.991900
2.341500
0.390240
2.991900
10.146000
5.593500
1.691100
3.642300
-0.260160
-2.211400
2.341500
3.642300
-2.861800
-4.162600
1.691100
8.845500
5.593500
-4.813000
-8.065000
-9.365900
-3.512200
-0.260160
-2.861800
-8.065000
-10.667000
-8.715400
1.691100
13.398000
12.748000
17.951000
19.252001
12.098000
-0.910570
-5.463400
-2.211400
-4.162600
-13.919000
-19.771999
-19.122000
-12.618000
-7.414600
-11.317000
-9.365900
-5.463400
-5.463400
2.341500
13.398000
20.552999
19.252001
17.951000
17.951000
10.146000
1.040700
-5.463400
-5.463400
-2.211400
-4.813000
-6.113800
7.544700
12.748000
17.301001
19.902000
18.601999
16.000000
12.748000
24.455000
25.106001
21.202999
23.153999
16.650000
14.049000
20.552999
12.098000
4.292700
-6.113800
-14.569000
-13.919000
-15.220000
-16.520000
-13.919000
-10.667000
-17.820999
-30.829000
-32.779999
-27.577000
-13.268000
-6.113800
-12.618000
-17.820999
-15.870000
-11.317000
-11.967000
-8.065000
-10.016000
-13.268000
-10.667000
-6.113800
1.040700
-0.910570
1.040700
-2.861800
-9.365900
-8.065000
-9.365900
-15.220000
-16.520000
-20.423000
-21.724001
-14.569000
-7.414600
-6.764200
-3.512200
9.495900
8.195100
0.390240
0.390240
-0.260160
0.390240
-2.861800
-4.162600
1.040700
11.447000
16.000000
13.398000
4.292700
2.341500
3.642300
1.691100
2.341500
3.642300
1.040700
-2.211400
2.991900
2.341500
7.544700
7.544700
2.991900
-4.813000
-8.715400
-2.861800
0.390240
4.292700
15.350000
24.455000
26.407000
30.309000
38.764000
32.259998
23.805000
19.902000
18.601999
10.797000
0.390240
-1.561000
-6.764200
1.691100
1.040700
-11.967000
-11.967000
-1.561000
1.691100
0.390240
10.146000
4.292700
-6.764200
-5.463400
-10.016000
-7.414600
-3.512200
-4.162600
-11.317000
-17.820999
-18.472000
-15.870000
-19.771999
-21.073000
-14.569000
-6.764200
-8.715400
-13.919000
-6.764200
-2.861800
-4.813000
-2.211400
6.243900
-2.861800
-6.764200
0.390240
2.991900
-0.910570
-2.211400
5.593500
-2.861800
-10.667000
-6.764200
1.691100
0.390240
-2.861800
-5.463400
-4.162600
-2.211400
8.845500
6.243900
-2.211400
-4.813000
-10.667000
-10.667000
-4.162600
-6.113800
-6.764200
-2.861800
2.991900
-4.813000
-12.618000
-4.162600
1.691100
7.544700
2.991900
-4.813000
-7.414600
2.341500
4.292700
0.390240
-5.463400
-4.162600
-6.764200
-15.220000
-10.016000
-4.813000
2.341500
4.943100
-2.861800
2.991900
12.748000
11.447000
18.601999
16.650000
13.398000
13.398000
6.894300
3.642300
4.292700
2.991900
-6.113800
-13.268000
-8.715400
-0.260160
10.797000
-2.211400
-10.667000
-2.211400
3.642300
10.146000
12.098000
6.243900
6.243900
8.845500
15.350000
12.098000
4.943100
3.642300
-4.162600
-0.910570
-2.861800
-2.211400
-4.813000
-7.414600
-2.861800
4.292700
7.544700
9.495900
11.447000
7.544700
2.991900
8.195100
2.991900
-2.211400
-6.113800
-8.065000
-2.861800
-6.113800
-6.764200
-4.813000
1.040700
0.390240
-4.813000
-4.813000
-1.561000
2.341500
1.691100
1.040700
-3.512200
1.040700
8.195100
5.593500
2.991900
6.243900
6.243900
1.691100
2.341500
4.292700
2.341500
3.642300
-0.910570
-0.910570
1.691100
6.243900
5.593500
-0.910570
-3.512200
-6.764200
-6.113800
2.991900
3.642300
5.593500
9.495900
4.943100
2.991900
-3.512200
-3.512200
-1.561000
-1.561000
-4.813000
-1.561000
2.991900
8.195100
5.593500
1.040700
-10.667000
-17.820999
-1.561000
4.292700
5.593500
12.748000
6.894300
-0.910570
2.991900
10.146000
15.350000
4.292700
-10.016000
-7.414600
-3.512200
-5.463400
-6.113800
1.040700
-4.162600
-8.065000
-4.813000
-6.113800
-1.561000
11.447000
12.748000
5.593500
8.845500
2.341500
-1.561000
-0.910570
2.991900
-2.861800
-9.365900
-5.463400
-6.764200
-4.162600
5.593500
-3.512200
-12.618000
-10.667000
-7.414600
0.390240
2.991900
3.642300
10.146000
