4.381000
3.746000
4.381000
10.095000
17.714001
17.079000
12.000000
15.810000
6.285700
-0.063490
-1.968300
-7.682500
-7.682500
-7.682500
-2.603200
2.476200
5.650800
-0.063490
-2.603200
0.571430
3.111100
6.285700
11.365000
8.190500
0.571430
-1.968300
-3.238100
-3.873000
-2.603200
1.206300
-0.063490
-7.047600
-7.047600
-8.952400
-3.238100
-3.238100
-1.333300
3.746000
9.460300
6.285700
-4.507900
-1.333300
8.190500
12.635000
12.635000
11.365000
5.650800
1.841300
-3.238100
-5.777800
-0.063490
0.571430
-0.698410
-1.333300
-1.333300
-5.777800
-5.142900
-3.238100
-2.603200
1.206300
-1.333300
3.111100
12.635000
12.635000
7.555600
6.920600
4.381000
2.476200
1.206300
7.555600
4.381000
-1.333300
-0.698410
-1.968300
0.571430
2.476200
-0.698410
0.571430
-0.698410
5.650800
8.190500
4.381000
-0.698410
-1.333300
-1.333300
-1.333300
2.476200
6.920600
5.650800
3.746000
10.730000
6.285700
4.381000
7.555600
5.650800
7.555600
6.920600
8.190500
8.825400
12.635000
15.175000
5.650800
-0.063490
3.746000
-0.698410
-4.507900
-3.238100
-4.507900
-9.587300
-10.857000
-17.841000
-20.381001
-17.205999
-15.937000
-17.841000
-13.397000
-2.603200
-0.063490
3.746000
5.650800
-0.698410
0.571430
-0.698410
-8.952400
-5.777800
-3.873000
-1.968300
-0.063490
-0.063490
4.381000
0.571430
-3.238100
-1.968300
-11.492000
-13.397000
-7.047600
-0.063490
-2.603200
-0.063490
9.460300
5.015900
0.571430
-3.873000
-5.777800
-1.968300
-1.968300
3.746000
3.746000
-1.968300
-3.873000
-3.873000
-1.968300
-0.063490
-1.333300
-3.873000
-1.968300
-1.333300
3.111100
0.571430
1.206300
7.555600
8.190500
11.365000
6.285700
3.746000
1.841300
-3.873000
-1.333300
-4.507900
-0.063490
-0.063490
-1.333300
3.746000
3.746000
5.015900
10.730000
15.810000
19.618999
8.190500
-0.698410
-3.238100
-13.397000
-15.937000
-17.205999
-19.746000
-18.476000
-11.492000
-6.412700
-0.698410
10.730000
18.349001
15.810000
10.095000
9.460300
13.270000
10.730000
9.460300
8.825400
6.285700
-0.698410
-7.047600
-7.047600
-0.698410
6.285700
10.095000
6.285700
7.555600
-0.063490
-8.952400
-14.032000
-5.777800
-7.682500
-10.857000
-3.873000
-6.412700
-5.142900
1.206300
6.285700
7.555600
5.015900
3.746000
3.746000
7.555600
1.206300
-1.333300
-0.063490
-0.063490
1.206300
-0.698410
-3.238100
1.206300
7.555600
6.285700
6.920600
15.810000
12.000000
2.476200
-3.873000
-6.412700
-8.952400
-13.397000
-16.570999
-22.285999
-24.190001
-17.841000
-12.762000
-10.857000
-12.762000
-2.603200
9.460300
17.079000
14.540000
13.270000
16.444000
12.000000
2.476200
-2.603200
-5.142900
0.571430
2.476200
-5.142900
-7.047600
-1.333300
-0.063490
-5.777800
-4.507900
3.111100
4.381000
1.841300
-2.603200
-3.873000
5.650800
0.571430
-6.412700
-8.952400
-9.587300
-6.412700
-6.412700
0.571430
6.920600
4.381000
3.746000
5.015900
11.365000
7.555600
3.111100
1.841300
1.841300
3.111100
1.206300
-1.333300
-5.777800
-10.857000
-6.412700
-7.047600
-0.063490
0.571430
-5.777800
-7.682500
3.111100
0.571430
-3.238100
5.015900
6.285700
7.555600
16.444000
12.000000
8.190500
6.920600
3.746000
5.650800
-1.333300
-3.238100
-1.968300
-7.047600
-4.507900
-3.238100
0.571430
5.015900
10.095000
6.920600
5.015900
11.365000
6.920600
5.650800
-3.238100
-9.587300
-5.777800
-4.507900
-0.698410
1.841300
3.111100
1.841300
0.571430
2.476200
4.381000
12.000000
3.746000
-8.952400
-12.127000
-12.127000
-8.952400
-4.507900
-4.507900
-3.873000
2.476200
7.555600
8.825400
6.920600
8.825400
9.460300
6.285700
-5.777800
-15.937000
-21.016001
-14.667000
-4.507900
-7.682500
-4.507900
-2.603200
-2.603200
-0.063490
6.285700
1.841300
-3.873000
-1.968300
-3.873000
-8.952400
-8.952400
-10.222000
-10.222000
-13.397000
-12.127000
-3.873000
6.285700
7.555600
8.825400
10.730000
9.460300
12.000000
17.079000
8.825400
5.650800
5.015900
5.650800
3.111100
-2.603200
-5.142900
-9.587300
-5.777800
-4.507900
-9.587300
-10.222000
-7.682500
-2.603200
1.206300
6.285700
12.635000
16.444000
13.270000
10.730000
0.571430
-8.952400
-11.492000
-12.127000
-10.857000
-8.952400
-7.682500
-0.698410
1.206300
6.920600
8.825400
2.476200
-0.063490
3.746000
9.460300
16.444000
10.730000
3.111100
10.095000
4.381000
-5.777800
-9.587300
-7.682500
-2.603200
-1.333300
2.476200
5.015900
6.285700
5.015900
3.746000
8.825400
11.365000
13.905000
10.730000
3.111100
10.730000
15.175000
3.746000
-5.142900
-7.682500
-11.492000
-8.317500
-8.317500
-9.587300
-3.873000
0.571430
-0.063490
1.841300
-0.063490
1.841300
4.381000
6.920600
1.206300
-2.603200
1.206300
1.841300
2.476200
1.206300
-4.507900
-5.142900
-2.603200
-3.238100
3.111100
4.381000
1.841300
1.841300
-1.333300
0.571430
2.476200
4.381000
-0.698410
-5.777800
-4.507900
-7.047600
-4.507900
-4.507900
-5.142900
-5.142900
-9.587300
-9.587300
-11.492000
-4.507900
-4.507900
-8.317500
-7.047600
-7.047600
-0.698410
-1.333300
-5.142900
-7.047600
-6.412700
-7.047600
-5.142900
-7.682500
-10.857000
-0.698410
5.015900
0.571430
-8.317500
-11.492000
-14.032000
-13.397000
-6.412700
-2.603200
0.571430
5.650800
6.285700
5.650800
5.015900
0.571430
-0.063490
7.555600
5.650800
-0.063490
-0.698410
4.381000
9.460300
13.905000
6.285700
1.206300
0.571430
1.841300
6.920600
12.635000
15.810000
15.175000
6.920600
1.841300
3.111100
1.841300
-0.063490
-4.507900
-2.603200
-1.333300
-3.238100
-1.333300
5.015900
1.206300
-3.873000
-1.333300
5.650800
10.095000
12.000000
8.825400
3.111100
-0.698410
1.206300
6.285700
1.841300
-1.968300
-1.333300
-4.507900
-9.587300
-8.317500
-10.857000
-10.222000
-11.492000
-5.142900
1.841300
6.285700
20.254000
25.333000
19.618999
18.349001
14.540000
10.730000
9.460300
6.285700
6.285700
-5.777800
-15.937000
-15.937000
-18.476000
-24.190001
-19.111000
-5.777800
1.841300
5.650800
2.476200
1.206300
-3.873000
-2.603200
-1.968300
-3.873000
-4.507900
-3.238100
-4.507900
-7.682500
-9.587300
-15.937000
-14.032000
-6.412700
-6.412700
-1.968300
1.206300
5.650800
8.825400
11.365000
19.618999
19.618999
17.079000
13.905000
10.095000
12.000000
16.444000
12.635000
12.000000
10.730000
5.015900
4.381000
1.206300
-0.698410
6.285700
17.714001
18.983999
17.079000
20.889000
16.444000
18.349001
17.714001
10.095000
6.285700
8.190500
5.015900
-1.333300
-7.682500
-8.952400
-12.762000
-19.746000
-23.556000
-22.285999
-19.111000
-12.127000
-0.698410
1.841300
5.015900
13.270000
12.635000
11.365000
10.095000
5.650800
1.841300
-3.873000
-1.968300
-3.238100
-7.047600
-10.222000
-17.205999
-22.921000
-24.190001
-15.302000
-7.047600
-12.762000
-10.857000
-8.952400
-8.952400
-7.682500
-3.873000
1.841300
4.381000
4.381000
1.841300
-3.873000
-10.857000
-12.762000
-10.857000
-13.397000
-15.302000
-11.492000
-4.507900
3.746000
6.920600
-0.063490
-7.047600
-8.952400
-13.397000
-12.762000
-9.587300
-14.667000
-11.492000
-12.762000
-13.397000
-9.587300
-3.238100
-0.698410
1.206300
-2.603200
-0.063490
2.476200
5.650800
9.460300
9.460300
5.650800
-2.603200
-10.222000
-7.682500
-0.063490
2.476200
1.206300
0.571430
3.746000
2.476200
6.285700
8.190500
11.365000
17.079000
17.714001
18.349001
27.872999
19.618999
9.460300
4.381000
3.111100
2.476200
-3.238100
-0.063490
0.571430
1.841300
12.000000
11.365000
13.905000
19.618999
14.540000
15.810000
11.365000
3.746000
5.650800
8.825400
8.825400
8.190500
9.460300
5.015900
4.381000
8.190500
8.825400
14.540000
10.730000
1.841300
-0.063490
-1.968300
-3.238100
-3.238100
0.571430
-3.238100
-7.682500
-15.937000
-20.381001
-15.302000
-12.127000
-4.507900
-1.968300
0.571430
8.825400
17.079000
13.905000
6.920600
3.111100
-1.968300
-5.142900
-10.222000
-10.222000
-3.873000
5.650800
4.381000
6.920600
8.825400
5.650800
4.381000
-0.063490
-4.507900
-4.507900
-0.698410
1.206300
2.476200
-1.968300
-7.682500
-9.587300
-8.317500
-3.238100
-1.333300
-0.063490
3.111100
5.650800
5.650800
13.270000
8.825400
2.476200
-1.333300
-3.873000
-4.507900
-10.222000
-16.570999
-8.952400
-1.968300
-1.968300
-3.238100
3.111100
4.381000
5.015900
8.190500
8.825400
5.015900
3.111100
-0.698410
-3.238100
10.095000
-1.968300
-18.476000
-21.016001
-23.556000
-26.094999
-26.730000
-12.762000
-3.238100
-3.238100
-1.968300
-1.968300
-1.333300
-4.507900
-0.698410
-1.333300
-4.507900
-7.682500
-6.412700
-4.507900
-0.698410
-1.333300
-2.603200
-2.603200
-7.047600
-2.603200
2.476200
-1.333300
-2.603200
7.555600
5.650800
-0.698410
-0.063490
3.746000
8.190500
10.095000
12.635000
8.825400
1.206300
-0.063490
5.650800
2.476200
1.841300
1.206300
4.381000
8.190500
9.460300
3.746000
-0.698410
0.571430
-1.333300
-8.952400
-7.047600
-5.142900
-8.952400
-12.127000
-13.397000
-8.952400
-5.142900
3.746000
5.015900
5.650800
6.920600
2.476200
-1.968300
0.571430
3.746000
4.381000
1.841300
3.746000
0.571430
-3.873000
2.476200
0.571430
-3.873000
-6.412700
-7.682500
-8.317500
-5.142900
-5.142900
1.841300
2.476200
0.571430
3.746000
1.841300
4.381000
8.825400
10.730000
10.095000
7.555600
8.825400
12.000000
20.889000
12.635000
5.015900
8.190500
5.015900
-3.873000
-11.492000
-12.762000
-8.317500
-5.142900
-5.142900
-3.238100
-8.952400
-2.603200
4.381000
9.460300
10.095000
10.095000
12.000000
10.095000
7.555600
5.015900
-3.873000
-10.222000
-15.937000
-20.381001
-19.111000
-14.032000
-14.032000
-13.397000
-12.762000
-4.507900
5.650800
3.746000
2.476200
5.650800
9.460300
5.650800
5.015900
5.650800
3.111100
1.841300
-0.698410
0.571430
-3.873000
-7.047600
0.571430
-0.063490
-6.412700
-7.682500
-3.873000
1.206300
-0.063490
2.476200
3.111100
4.381000
-0.063490
-2.603200
-0.698410
-0.698410
-2.603200
-5.142900
-3.238100
-2.603200
-2.603200
4.381000
6.285700
4.381000
12.635000
15.175000
6.920600
-1.968300
1.206300
-0.063490
-2.603200
-6.412700
-8.952400
-4.507900
1.206300
-1.968300
-4.507900
-9.587300
-12.762000
1.841300
10.095000
10.095000
8.190500
5.015900
-0.698410
-1.333300
1.841300
5.015900
-1.333300
-7.682500
-6.412700
-6.412700
-5.142900
-1.333300
6.920600
8.825400
5.650800
6.285700
8.825400
10.730000
18.349001
18.349001
7.555600
4.381000
-0.063490
-0.063490
-2.603200
-3.873000
-7.047600
-8.317500
-5.142900
-7.047600
-9.587300
-3.873000
-5.142900
-2.603200
0.571430
-3.238100
5.015900
6.285700
3.111100
6.920600
