8.180400
6.248000
4.959700
8.824500
-3.413800
-4.702100
-9.855100
-11.143000
-10.499000
-4.702100
3.027400
9.468600
8.824500
-1.481500
-13.720000
-15.652000
-3.413800
6.892100
10.113000
7.536200
10.757000
-0.837360
-12.432000
-0.837360
13.977000
4.315600
-7.922700
-6.634500
-7.278600
-10.499000
-6.634500
-6.634500
-0.193240
-31.754999
-8.566800
13.333000
17.841999
-2.125600
3.027400
0.450890
-38.195999
-31.754999
0.450890
13.977000
21.707001
6.892100
-1.481500
-9.210900
-14.364000
-9.210900
13.977000
34.589001
1.095000
-9.210900
8.180400
15.910000
22.995001
19.129999
8.180400
-23.382000
-20.805000
-7.278600
6.248000
24.283001
21.707001
4.315600
3.671500
-15.008000
-7.278600
6.248000
6.248000
14.622000
1.739100
6.892100
1.739100
-2.125600
-13.720000
-2.769700
12.689000
6.248000
8.180400
-4.702100
-5.346200
-25.313999
-23.382000
3.027400
3.027400
8.824500
5.603900
-25.958000
-0.193240
13.977000
8.180400
24.927999
12.689000
-5.346200
-28.535000
-18.872999
2.383300
-2.125600
8.824500
8.180400
-24.025999
-22.738001
-2.125600
20.419001
13.333000
1.739100
0.450890
-21.448999
-13.720000
19.129999
24.927999
19.129999
8.824500
-13.720000
-2.125600
12.045000
11.401000
-17.584999
-28.535000
-16.940001
-5.990300
7.536200
17.198000
-1.481500
-2.125600
7.536200
14.622000
22.995001
19.129999
-5.990300
9.468600
3.027400
4.959700
-0.193240
-2.125600
-25.313999
-23.382000
13.333000
17.841999
11.401000
3.027400
3.671500
-25.313999
-22.738001
5.603900
4.315600
8.824500
-9.210900
-18.872999
4.315600
3.027400
-25.958000
-8.566800
12.045000
-3.413800
-14.364000
-5.990300
2.383300
11.401000
6.892100
-7.922700
8.824500
21.063000
-5.346200
-9.210900
19.775000
13.977000
6.248000
8.824500
7.536200
2.383300
-5.346200
-10.499000
-5.346200
17.198000
12.045000
-0.193240
-15.652000
-17.584999
-11.787000
-5.346200
6.248000
8.180400
4.959700
8.180400
2.383300
4.315600
1.095000
3.671500
12.689000
-1.481500
4.315600
13.977000
-4.702100
-10.499000
-9.210900
1.739100
-15.652000
-2.125600
17.198000
15.910000
10.757000
-12.432000
-12.432000
-5.346200
2.383300
15.910000
15.266000
10.757000
-15.652000
-16.940001
8.824500
-7.278600
-14.364000
-2.769700
2.383300
-0.193240
10.113000
-5.346200
-7.278600
8.180400
-0.837360
-2.125600
6.248000
-1.481500
-3.413800
-9.210900
-33.042999
-7.278600
17.841999
6.892100
5.603900
-11.143000
-24.025999
-9.210900
6.892100
7.536200
-10.499000
-5.346200
4.959700
4.959700
9.468600
-40.772999
-26.601999
23.639000
10.113000
4.959700
12.689000
14.622000
5.603900
-3.413800
-6.634500
-9.210900
-5.990300
4.959700
12.689000
9.468600
14.622000
-4.058000
-18.229000
-2.769700
3.671500
1.095000
7.536200
14.622000
4.959700
-0.837360
3.027400
-13.076000
-16.296000
-11.787000
-0.837360
2.383300
-4.058000
1.095000
1.739100
5.603900
-11.787000
-14.364000
0.450890
6.248000
6.248000
4.959700
3.027400
-4.702100
-11.143000
5.603900
1.739100
5.603900
-11.787000
-11.143000
3.027400
5.603900
9.468600
11.401000
8.824500
-15.008000
2.383300
10.757000
-9.210900
-2.125600
-18.229000
-18.872999
13.977000
13.977000
5.603900
-7.922700
-0.193240
3.671500
-5.346200
12.045000
22.995001
11.401000
-0.193240
2.383300
2.383300
4.959700
12.045000
5.603900
0.450890
10.757000
-14.364000
-9.855100
6.248000
6.892100
-6.634500
-2.125600
2.383300
6.248000
4.315600
-9.855100
4.315600
8.824500
-0.193240
12.689000
1.739100
-9.210900
-16.296000
-9.855100
-3.413800
-2.125600
8.180400
-15.008000
-9.210900
0.450890
3.671500
2.383300
-7.278600
4.959700
10.757000
-8.566800
4.959700
9.468600
-0.193240
-7.922700
-38.841000
-9.210900
8.180400
1.095000
4.959700
-2.769700
-11.143000
-4.058000
9.468600
-4.058000
-4.058000
10.113000
-1.481500
-11.787000
5.603900
10.757000
3.027400
6.892100
4.959700
-2.769700
-20.160999
-5.346200
8.180400
6.892100
-1.481500
0.450890
-0.837360
-5.990300
-13.076000
8.180400
12.689000
5.603900
16.554001
6.892100
-1.481500
-23.382000
-9.855100
16.554001
9.468600
4.959700
-6.634500
1.095000
-6.634500
-2.125600
5.603900
-3.413800
7.536200
-13.720000
-7.922700
14.622000
-5.346200
-9.210900
10.757000
10.757000
-5.346200
-15.008000
-7.922700
6.892100
7.536200
1.739100
-18.872999
-2.769700
12.689000
-1.481500
-0.193240
-5.990300
6.892100
14.622000
1.739100
4.315600
6.892100
8.180400
-5.346200
-13.076000
-13.076000
-21.448999
-4.058000
8.824500
-0.193240
-5.990300
3.671500
9.468600
-1.481500
-11.143000
-21.448999
-1.481500
14.622000
9.468600
-6.634500
-6.634500
-0.193240
6.248000
-25.958000
-36.908001
6.892100
22.351000
5.603900
0.450890
-12.432000
3.671500
7.536200
-0.193240
-14.364000
-7.278600
17.198000
21.707001
21.707001
12.045000
8.180400
10.757000
-10.499000
-11.787000
1.739100
18.486000
21.063000
13.977000
6.248000
-21.448999
-10.499000
9.468600
8.824500
3.671500
-4.702100
1.095000
-0.193240
-5.990300
-7.922700
-4.058000
4.315600
12.045000
8.180400
4.315600
11.401000
-6.634500
-4.058000
5.603900
12.689000
13.333000
-0.837360
-2.769700
0.450890
-8.566800
-8.566800
2.383300
-5.346200
2.383300
-1.481500
-18.872999
-22.738001
-8.566800
-3.413800
4.315600
12.045000
-7.278600
-3.413800
22.351000
13.333000
9.468600
-9.855100
-1.481500
5.603900
4.315600
3.027400
-5.346200
-4.058000
0.450890
-0.193240
-7.922700
-17.584999
-16.940001
4.315600
4.959700
13.977000
15.266000
-6.634500
-11.787000
1.095000
13.333000
-1.481500
-13.720000
3.671500
1.739100
-11.143000
-7.278600
1.095000
-12.432000
-13.076000
4.959700
3.671500
3.027400
9.468600
7.536200
-24.670000
-4.058000
9.468600
-2.769700
6.892100
14.622000
12.045000
2.383300
-24.025999
-11.787000
6.892100
12.689000
22.351000
6.248000
-33.042999
-11.787000
12.689000
4.315600
12.689000
-6.634500
-0.837360
-11.787000
-2.125600
24.283001
17.198000
-10.499000
-15.652000
13.977000
6.248000
9.468600
3.671500
-14.364000
-0.193240
-8.566800
-15.652000
-2.125600
-4.058000
-6.634500
-4.702100
-3.413800
10.113000
-22.738001
-22.093000
17.198000
21.707001
13.977000
8.180400
-1.481500
-9.855100
-31.754999
-3.413800
10.113000
-3.413800
1.739100
-3.413800
-17.584999
3.671500
17.198000
12.689000
2.383300
-20.160999
-9.210900
3.671500
16.554001
8.180400
3.671500
-5.346200
-17.584999
8.824500
13.333000
3.671500
5.603900
2.383300
-7.922700
13.333000
13.977000
5.603900
-22.738001
-11.143000
21.707001
18.486000
7.536200
17.198000
16.554001
15.266000
12.045000
-9.855100
-0.837360
15.910000
-5.346200
-3.413800
-6.634500
-16.296000
15.266000
15.910000
-1.481500
4.315600
10.113000
10.757000
-4.702100
-11.787000
-9.210900
-7.278600
8.180400
8.824500
1.739100
-22.093000
-17.584999
-2.125600
4.315600
6.892100
10.113000
4.959700
-11.143000
1.095000
4.959700
6.892100
-0.193240
-12.432000
1.095000
-12.432000
-10.499000
-4.702100
-0.193240
-0.193240
-9.855100
4.959700
-12.432000
-11.787000
19.775000
35.233002
26.216000
-7.278600
-12.432000
10.113000
6.248000
-2.125600
-17.584999
-25.958000
-4.702100
-5.990300
-7.922700
-5.990300
-15.008000
-18.229000
1.739100
3.671500
2.383300
23.639000
21.707001
13.333000
8.824500
10.113000
5.603900
-7.922700
-22.093000
-21.448999
-6.634500
0.450890
-16.940001
-16.940001
-24.025999
-2.769700
13.977000
15.910000
14.622000
-2.769700
0.450890
27.504000
22.351000
15.266000
15.910000
15.266000
10.113000
-32.398998
-22.738001
1.739100
-9.210900
-26.601999
-28.535000
-34.976002
-9.210900
19.775000
3.027400
-4.702100
-17.584999
-28.535000
-2.769700
19.129999
22.995001
16.554001
-2.125600
-2.769700
-11.143000
-5.990300
5.603900
4.315600
0.450890
-6.634500
-7.278600
8.180400
-22.093000
-5.346200
21.707001
4.315600
-5.990300
-0.193240
3.671500
-7.278600
-24.025999
-18.872999
-2.769700
9.468600
11.401000
8.824500
-13.076000
-4.702100
-2.125600
8.180400
15.910000
-5.346200
-15.008000
2.383300
6.892100
-0.193240
21.707001
13.333000
-6.634500
-5.990300
5.603900
3.671500
10.113000
7.536200
3.671500
-0.837360
-8.566800
1.739100
-10.499000
-9.855100
-2.125600
13.977000
19.129999
3.027400
-27.246000
-17.584999
27.504000
24.927999
-0.193240
-7.278600
-17.584999
-4.058000
17.841999
18.486000
5.603900
4.315600
1.095000
-7.278600
-7.922700
-2.125600
-1.481500
-5.346200
6.248000
12.689000
-30.466999
-12.432000
29.436001
15.910000
6.248000
-0.837360
-15.652000
-6.634500
-5.990300
13.333000
4.959700
-4.702100
9.468600
-5.990300
-11.787000
-12.432000
-10.499000
14.622000
17.198000
10.113000
5.603900
-0.193240
-11.787000
-5.346200
13.977000
7.536200
7.536200
4.315600
-24.670000
-16.296000
1.739100
0.450890
0.450890
-1.481500
-1.481500
11.401000
8.180400
10.113000
7.536200
-4.702100
-0.193240
-4.702100
-23.382000
-23.382000
1.739100
6.892100
-0.837360
8.180400
-4.058000
-41.417000
-20.160999
21.707001
23.639000
16.554001
3.027400
-4.058000
1.095000
-1.481500
-11.787000
-3.413800
13.333000
2.383300
-8.566800
0.450890
8.180400
-11.787000
-17.584999
12.689000
12.689000
8.180400
8.824500
-49.146999
-18.229000
24.283001
31.368999
23.639000
17.198000
3.671500
2.383300
-1.481500
0.450890
12.689000
8.824500
1.095000
1.095000
-18.229000
4.315600
9.468600
-19.517000
3.671500
15.266000
6.248000
1.739100
-9.855100
-21.448999
10.113000
26.860001
17.841999
-9.855100
-15.652000
-19.517000
-22.093000
16.554001
21.063000
-5.346200
-11.787000
-1.481500
30.080999
3.027400
-2.125600
15.266000
1.095000
8.180400
20.419001
12.689000
-2.769700
-36.908001
-14.364000
24.927999
12.689000
3.671500
-15.008000
-15.008000
3.671500
3.671500
-13.076000
-24.025999
3.027400
10.113000
12.689000
4.959700
-33.688000
-11.143000
30.080999
15.910000
-13.720000
1.095000
8.824500
-5.346200
-11.143000
-25.313999
-7.278600
17.198000
3.027400
1.739100
10.113000
-15.652000
-11.787000
4.959700
9.468600
-4.702100
-3.413800
-3.413800
-16.296000
-20.160999
0.450890
10.113000
-26.601999
-27.889999
15.910000
35.877998
17.198000
-15.008000
-42.705002
3.027400
28.792000
8.824500
17.841999
4.315600
-8.566800
-16.940001
-24.670000
16.554001
39.742001
13.333000
-4.058000
-36.264000
-15.008000
21.063000
22.995001
0.450890
-2.125600
-1.481500
-11.787000
6.892100
6.892100
4.959700
6.248000
-5.990300
-5.346200
-6.634500
1.739100
3.671500
-12.432000
1.739100
3.671500
-2.125600
5.603900
-19.517000
-34.332001
1.739100
19.129999
5.603900
0.450890
-16.296000
3.027400
24.927999
-4.702100
1.739100
3.027400
7.536200
18.486000
