3.837400
7.739800
8.715400
10.667000
9.691100
7.739800
3.837400
3.837400
-0.065040
-2.991900
3.837400
5.788600
7.739800
7.739800
5.788600
6.764200
2.861800
-2.016300
-4.943100
-6.894300
-5.918700
-2.991900
-8.845500
-16.650000
-11.772000
-4.943100
-4.943100
-5.918700
-0.065040
2.861800
-1.040700
-6.894300
-4.943100
-2.016300
-5.918700
-8.845500
-11.772000
-8.845500
-0.065040
3.837400
5.788600
10.667000
12.618000
10.667000
14.569000
14.569000
14.569000
11.642000
6.764200
5.788600
1.886200
1.886200
-2.991900
-7.869900
-9.821100
-6.894300
-7.869900
-10.797000
-8.845500
-9.821100
-6.894300
-2.991900
0.910570
-1.040700
3.837400
6.764200
6.764200
8.715400
4.813000
9.691100
12.618000
12.618000
6.764200
10.667000
7.739800
0.910570
3.837400
4.813000
1.886200
-0.065040
-1.040700
-1.040700
-2.991900
-7.869900
-7.869900
-5.918700
-5.918700
-2.991900
2.861800
1.886200
1.886200
3.837400
2.861800
1.886200
0.910570
-1.040700
0.910570
5.788600
3.837400
-0.065040
0.910570
3.837400
4.813000
8.715400
7.739800
4.813000
1.886200
0.910570
0.910570
5.788600
4.813000
1.886200
6.764200
1.886200
4.813000
11.642000
13.593000
12.618000
10.667000
0.910570
-0.065040
8.715400
8.715400
8.715400
8.715400
4.813000
-0.065040
-5.918700
-5.918700
-3.967500
-13.724000
-20.552999
-14.699000
-7.869900
-7.869900
-6.894300
-14.699000
-13.724000
-7.869900
-6.894300
-4.943100
-2.991900
4.813000
3.837400
3.837400
5.788600
9.691100
11.642000
8.715400
7.739800
4.813000
2.861800
7.739800
0.910570
-6.894300
-6.894300
0.910570
3.837400
-6.894300
-10.797000
-8.845500
-2.016300
-2.991900
-10.797000
-7.869900
-6.894300
-5.918700
-2.016300
-3.967500
-2.016300
4.813000
0.910570
-3.967500
-5.918700
-3.967500
-8.845500
-13.724000
-11.772000
-11.772000
-9.821100
-5.918700
-5.918700
-4.943100
-3.967500
-1.040700
-2.991900
-1.040700
-2.991900
-10.797000
-16.650000
-16.650000
-11.772000
-9.821100
-7.869900
-0.065040
1.886200
3.837400
3.837400
6.764200
4.813000
2.861800
9.691100
10.667000
4.813000
0.910570
0.910570
-1.040700
-2.016300
0.910570
0.910570
2.861800
-1.040700
-0.065040
-3.967500
-2.991900
0.910570
-0.065040
-5.918700
-7.869900
-2.016300
3.837400
2.861800
0.910570
0.910570
0.910570
3.837400
6.764200
4.813000
5.788600
9.691100
-1.040700
-1.040700
5.788600
5.788600
6.764200
1.886200
-1.040700
-1.040700
-2.016300
0.910570
2.861800
-0.065040
-1.040700
-1.040700
2.861800
8.715400
6.764200
3.837400
6.764200
11.642000
14.569000
14.569000
14.569000
11.642000
12.618000
10.667000
9.691100
5.788600
7.739800
14.569000
8.715400
0.910570
-1.040700
-1.040700
-1.040700
-2.991900
-6.894300
-2.016300
6.764200
8.715400
6.764200
3.837400
3.837400
2.861800
-2.016300
-2.016300
4.813000
8.715400
9.691100
7.739800
8.715400
11.642000
10.667000
1.886200
-5.918700
-0.065040
6.764200
7.739800
6.764200
6.764200
2.861800
-0.065040
-1.040700
-6.894300
-16.650000
-20.552999
-17.625999
-14.699000
-13.724000
-13.724000
-12.748000
-12.748000
-4.943100
-2.016300
-7.869900
-10.797000
-6.894300
-5.918700
-11.772000
-12.748000
-6.894300
-3.967500
4.813000
10.667000
12.618000
14.569000
13.593000
14.569000
9.691100
10.667000
16.520000
18.472000
19.447001
20.423000
14.569000
12.618000
5.788600
-9.821100
-23.480000
-26.407000
-16.650000
-7.869900
-3.967500
-5.918700
-2.016300
-0.065040
-3.967500
-3.967500
0.910570
4.813000
1.886200
-1.040700
7.739800
9.691100
9.691100
9.691100
9.691100
7.739800
3.837400
7.739800
3.837400
0.910570
-8.845500
-13.724000
-11.772000
-5.918700
-6.894300
-2.991900
-1.040700
-2.016300
-2.991900
-5.918700
-4.943100
-6.894300
-2.991900
0.910570
0.910570
2.861800
13.593000
6.764200
1.886200
3.837400
6.764200
2.861800
-3.967500
-8.845500
-7.869900
-6.894300
-9.821100
-15.675000
-18.601999
-10.797000
-7.869900
-4.943100
-2.991900
-5.918700
-9.821100
-0.065040
-1.040700
-1.040700
-3.967500
-2.991900
-0.065040
-1.040700
-1.040700
-3.967500
0.910570
1.886200
2.861800
3.837400
-0.065040
0.910570
-7.869900
-6.894300
3.837400
7.739800
6.764200
1.886200
3.837400
3.837400
5.788600
-0.065040
-8.845500
-2.016300
4.813000
-0.065040
0.910570
4.813000
9.691100
14.569000
17.496000
10.667000
5.788600
9.691100
14.569000
16.520000
12.618000
15.545000
10.667000
2.861800
5.788600
3.837400
5.788600
2.861800
-2.991900
-3.967500
-2.991900
-6.894300
-13.724000
-14.699000
-10.797000
-11.772000
-13.724000
-11.772000
-11.772000
-14.699000
-7.869900
0.910570
-2.991900
-3.967500
-5.918700
-2.016300
6.764200
6.764200
4.813000
6.764200
3.837400
1.886200
-0.065040
-1.040700
-2.991900
-9.821100
-8.845500
-6.894300
-5.918700
-4.943100
-3.967500
-6.894300
-7.869900
-2.991900
-2.991900
-2.991900
-3.967500
-0.065040
2.861800
-2.991900
-3.967500
-5.918700
-3.967500
-2.991900
-3.967500
-2.991900
-2.991900
-2.016300
-2.016300
-2.016300
-3.967500
-2.991900
1.886200
-2.016300
-1.040700
4.813000
1.886200
-6.894300
-2.016300
-0.065040
0.910570
4.813000
11.642000
7.739800
1.886200
1.886200
5.788600
6.764200
7.739800
4.813000
4.813000
7.739800
3.837400
4.813000
4.813000
3.837400
9.691100
11.642000
5.788600
4.813000
1.886200
-0.065040
1.886200
2.861800
0.910570
0.910570
6.764200
9.691100
9.691100
5.788600
5.788600
0.910570
-4.943100
-7.869900
-2.016300
-10.797000
-16.650000
-12.748000
-9.821100
-7.869900
-7.869900
-8.845500
-8.845500
-7.869900
-8.845500
-7.869900
-7.869900
-5.918700
0.910570
2.861800
3.837400
6.764200
6.764200
11.642000
13.593000
13.593000
6.764200
7.739800
17.496000
24.325001
25.301001
14.569000
7.739800
7.739800
-1.040700
-12.748000
-16.650000
-14.699000
-5.918700
-2.991900
-2.016300
-2.991900
-1.040700
2.861800
7.739800
9.691100
9.691100
13.593000
9.691100
7.739800
5.788600
0.910570
-0.065040
-4.943100
-6.894300
-2.016300
-1.040700
-1.040700
1.886200
1.886200
3.837400
5.788600
15.545000
12.618000
4.813000
7.739800
9.691100
9.691100
4.813000
1.886200
5.788600
-0.065040
-6.894300
-10.797000
-16.650000
-16.650000
-18.601999
-20.552999
-15.675000
-12.748000
-11.772000
-8.845500
-7.869900
-4.943100
-3.967500
-2.016300
-4.943100
-5.918700
-6.894300
-9.821100
-11.772000
-12.748000
-11.772000
-14.699000
-9.821100
-5.918700
-5.918700
-0.065040
-2.991900
-13.724000
-13.724000
-9.821100
-8.845500
-8.845500
-9.821100
-11.772000
-10.797000
-8.845500
-5.918700
-1.040700
2.861800
5.788600
9.691100
9.691100
11.642000
12.618000
14.569000
24.325001
25.301001
15.545000
12.618000
15.545000
22.374001
18.472000
7.739800
6.764200
10.667000
12.618000
9.691100
5.788600
8.715400
11.642000
13.593000
9.691100
2.861800
-0.065040
0.910570
-1.040700
-0.065040
3.837400
3.837400
4.813000
4.813000
1.886200
-3.967500
-6.894300
-5.918700
-1.040700
-2.016300
-2.991900
-9.821100
-15.675000
-13.724000
-12.748000
-12.748000
-8.845500
-5.918700
-3.967500
-1.040700
0.910570
2.861800
0.910570
-0.065040
-2.016300
-1.040700
-0.065040
-4.943100
-5.918700
-0.065040
0.910570
1.886200
2.861800
3.837400
7.739800
4.813000
0.910570
-0.065040
2.861800
10.667000
10.667000
5.788600
0.910570
-0.065040
-0.065040
1.886200
0.910570
-2.016300
-1.040700
0.910570
8.715400
6.764200
-1.040700
-0.065040
4.813000
6.764200
3.837400
-1.040700
-4.943100
-4.943100
-7.869900
-13.724000
-15.675000
-11.772000
-1.040700
2.861800
4.813000
6.764200
9.691100
9.691100
6.764200
4.813000
8.715400
6.764200
-2.016300
-5.918700
-3.967500
-7.869900
-9.821100
-9.821100
-7.869900
-2.016300
2.861800
0.910570
-0.065040
1.886200
-0.065040
2.861800
1.886200
0.910570
-1.040700
0.910570
0.910570
0.910570
-0.065040
3.837400
5.788600
5.788600
-0.065040
-1.040700
3.837400
-1.040700
-3.967500
-3.967500
-1.040700
0.910570
2.861800
-1.040700
-3.967500
-1.040700
2.861800
4.813000
5.788600
5.788600
6.764200
4.813000
7.739800
15.545000
17.496000
15.545000
7.739800
7.739800
9.691100
7.739800
2.861800
-0.065040
-3.967500
-3.967500
-3.967500
-2.991900
-0.065040
-3.967500
-8.845500
-4.943100
-1.040700
1.886200
3.837400
2.861800
5.788600
6.764200
7.739800
6.764200
5.788600
3.837400
-1.040700
-4.943100
-9.821100
-8.845500
-6.894300
-0.065040
2.861800
-3.967500
-9.821100
-8.845500
-5.918700
-2.991900
3.837400
3.837400
9.691100
10.667000
8.715400
11.642000
14.569000
5.788600
-2.016300
0.910570
0.910570
-7.869900
-7.869900
-6.894300
-3.967500
-2.016300
-7.869900
-12.748000
-13.724000
-10.797000
-11.772000
-9.821100
-7.869900
-7.869900
-8.845500
-6.894300
-4.943100
0.910570
1.886200
-0.065040
2.861800
4.813000
1.886200
5.788600
11.642000
18.472000
24.325001
21.398001
14.569000
10.667000
5.788600
1.886200
-2.016300
-0.065040
-0.065040
-3.967500
-3.967500
-4.943100
-6.894300
-8.845500
-11.772000
-9.821100
-6.894300
-5.918700
-3.967500
-11.772000
-11.772000
-6.894300
-7.869900
-3.967500
-2.991900
-1.040700
2.861800
9.691100
9.691100
5.788600
3.837400
4.813000
5.788600
2.861800
-0.065040
-2.016300
-1.040700
1.886200
5.788600
4.813000
-0.065040
-1.040700
-0.065040
-0.065040
-2.991900
-3.967500
-1.040700
-1.040700
-2.016300
-1.040700
-2.016300
-8.845500
-12.748000
-7.869900
-2.991900
-1.040700
-2.991900
2.861800
2.861800
0.910570
0.910570
-1.040700
-4.943100
-6.894300
-2.016300
1.886200
-2.016300
-0.065040
6.764200
3.837400
-2.016300
-10.797000
-18.601999
-13.724000
-7.869900
-3.967500
-4.943100
-6.894300
-7.869900
-4.943100
-5.918700
-5.918700
-4.943100
-1.040700
3.837400
7.739800
13.593000
17.496000
19.447001
11.642000
5.788600
8.715400
1.886200
-3.967500
-1.040700
0.910570
-0.065040
-3.967500
-1.040700
-0.065040
-2.016300
-1.040700
1.886200
-2.016300
-7.869900
-8.845500
-9.821100
-9.821100
-9.821100
-9.821100
-5.918700
-1.040700
-2.991900
-6.894300
-6.894300
-3.967500
-1.040700
3.837400
8.715400
9.691100
7.739800
8.715400
16.520000
20.423000
20.423000
17.496000
11.642000
4.813000
3.837400
-0.065040
-2.991900
-5.918700
-10.797000
-8.845500
-4.943100
-5.918700
-10.797000
-12.748000
-14.699000
-15.675000
-2.991900
8.715400
10.667000
8.715400
4.813000
7.739800
10.667000
13.593000
13.593000
8.715400
3.837400
-0.065040
2.861800
7.739800
2.861800
-2.016300
-0.065040
3.837400
3.837400
1.886200
4.813000
13.593000
15.545000
17.496000
17.496000
13.593000
13.593000
