13.007000
15.621000
12.353000
5.163400
2.549000
-5.294100
0.588240
12.353000
7.124200
3.856200
5.163400
3.856200
1.241800
8.431400
13.660000
5.817000
-7.908500
-3.986900
-9.869300
-7.908500
-3.986900
-3.333300
-1.372500
-3.986900
-7.254900
1.241800
7.124200
12.353000
12.353000
7.124200
13.660000
3.202600
-0.065360
0.588240
3.202600
6.470600
7.124200
-2.026100
-1.372500
3.202600
2.549000
9.085000
11.046000
9.085000
12.353000
9.738600
12.353000
11.046000
5.817000
4.509800
4.509800
-3.333300
-3.986900
-11.176000
-6.601300
2.549000
1.241800
5.817000
9.085000
9.738600
-3.333300
-9.869300
-2.679700
-2.679700
-2.679700
-1.372500
-0.065360
-3.986900
-14.444000
-9.215700
-3.986900
5.163400
4.509800
10.392000
11.699000
0.588240
-0.065360
-0.718950
0.588240
1.895400
-0.718950
3.202600
-7.254900
-11.176000
-5.294100
-1.372500
0.588240
-5.947700
-7.908500
2.549000
7.777800
-3.333300
-3.986900
3.202600
-3.333300
-9.215700
-6.601300
-1.372500
-1.372500
5.163400
-0.065360
-0.718950
-0.718950
0.588240
9.085000
5.163400
1.895400
-1.372500
-0.065360
3.202600
-3.333300
-2.026100
-2.679700
-0.718950
-3.333300
-5.294100
-2.026100
2.549000
6.470600
3.856200
-2.679700
-3.333300
0.588240
1.895400
0.588240
6.470600
8.431400
7.124200
5.163400
-2.026100
-2.679700
-2.679700
-2.679700
-1.372500
-3.333300
6.470600
9.085000
1.241800
-4.640500
-13.791000
-9.869300
1.895400
3.202600
3.856200
-0.065360
3.202600
0.588240
-4.640500
-4.640500
1.895400
2.549000
-2.679700
1.241800
9.085000
1.895400
4.509800
7.124200
-2.679700
-3.333300
-0.065360
7.124200
3.856200
8.431400
7.124200
-2.026100
2.549000
1.895400
-2.026100
-3.333300
-8.562100
-4.640500
-5.294100
-5.947700
-8.562100
-8.562100
-3.333300
-2.026100
6.470600
4.509800
1.241800
4.509800
5.817000
9.085000
4.509800
6.470600
11.046000
12.353000
9.738600
-1.372500
-5.947700
1.241800
6.470600
10.392000
3.856200
-3.986900
1.241800
3.202600
2.549000
-1.372500
-0.065360
2.549000
-3.333300
-2.679700
1.241800
-0.065360
-3.986900
-9.869300
-5.947700
-0.718950
-1.372500
-0.718950
-0.718950
0.588240
0.588240
-4.640500
-5.294100
-2.679700
-5.294100
-5.294100
-1.372500
6.470600
3.856200
-3.986900
0.588240
-0.718950
-5.947700
-1.372500
-3.986900
-9.869300
-3.333300
2.549000
-3.986900
-5.947700
-3.333300
0.588240
-0.718950
0.588240
1.241800
-2.679700
-11.176000
-4.640500
-0.718950
-5.947700
-2.026100
-2.026100
-0.718950
5.163400
7.124200
5.163400
3.202600
-2.679700
5.163400
11.046000
1.241800
-8.562100
-8.562100
-5.947700
-6.601300
-3.333300
-0.065360
-3.986900
-11.830000
-4.640500
5.163400
-1.372500
-2.026100
-7.254900
-1.372500
6.470600
2.549000
3.856200
6.470600
1.241800
1.241800
0.588240
-2.679700
6.470600
13.007000
3.856200
2.549000
6.470600
5.163400
-3.333300
0.588240
9.738600
4.509800
2.549000
1.895400
-0.065360
-5.294100
-5.947700
-0.718950
4.509800
1.241800
-2.026100
2.549000
7.777800
3.856200
6.470600
3.202600
2.549000
1.895400
-0.065360
-1.372500
-2.026100
3.856200
14.314000
10.392000
7.124200
5.163400
1.241800
-5.947700
-4.640500
-0.718950
1.241800
0.588240
3.202600
-6.601300
-7.254900
-2.679700
0.588240
11.046000
1.895400
-3.986900
-0.718950
-9.869300
-12.484000
-2.026100
3.202600
2.549000
2.549000
0.588240
-1.372500
1.241800
5.817000
3.856200
-1.372500
-0.065360
-7.254900
-13.791000
-5.294100
-4.640500
-6.601300
1.241800
-2.026100
-3.333300
-3.986900
-6.601300
-0.718950
-2.026100
-0.065360
-7.254900
-13.137000
-3.333300
3.856200
5.817000
7.124200
1.895400
-5.947700
-0.718950
3.202600
-3.986900
-2.026100
-5.294100
-15.752000
-0.718950
10.392000
0.588240
-6.601300
-0.065360
-2.679700
-9.215700
1.895400
10.392000
7.777800
3.202600
6.470600
6.470600
3.202600
5.163400
-1.372500
-9.869300
-0.718950
1.895400
-5.294100
-4.640500
-1.372500
-4.640500
-3.333300
5.163400
12.353000
5.817000
-2.026100
2.549000
9.738600
1.895400
-0.718950
1.241800
-2.026100
1.241800
-2.026100
-2.679700
2.549000
1.895400
1.241800
-3.986900
-1.372500
6.470600
11.046000
11.046000
7.777800
7.777800
14.967000
9.738600
6.470600
-2.679700
-8.562100
3.856200
9.085000
5.817000
3.856200
-0.065360
-4.640500
6.470600
5.163400
-1.372500
3.856200
3.202600
-4.640500
-2.679700
4.509800
-0.718950
-2.679700
8.431400
-4.640500
-8.562100
1.241800
3.202600
-3.986900
-11.176000
-0.065360
7.777800
1.241800
-5.294100
-13.137000
-21.634001
-9.869300
1.895400
1.241800
3.202600
-0.065360
-0.718950
-7.254900
-8.562100
-3.333300
-5.294100
-1.372500
-5.294100
-3.986900
-4.640500
-0.718950
3.856200
-2.026100
-2.026100
3.856200
3.202600
1.241800
3.202600
-2.026100
-4.640500
7.124200
3.202600
-3.333300
-2.026100
-10.523000
-10.523000
-3.986900
-2.026100
-4.640500
-3.333300
-1.372500
-0.065360
-1.372500
-6.601300
-7.254900
-4.640500
-1.372500
-6.601300
-6.601300
-0.718950
-2.679700
4.509800
8.431400
1.241800
-0.065360
-7.908500
1.241800
15.621000
10.392000
4.509800
-2.679700
-4.640500
-4.640500
-4.640500
4.509800
10.392000
4.509800
7.777800
0.588240
0.588240
-0.718950
-0.718950
3.202600
2.549000
4.509800
1.895400
-4.640500
-0.065360
9.738600
3.856200
0.588240
5.817000
2.549000
1.241800
-4.640500
-3.333300
0.588240
7.777800
9.738600
11.046000
7.124200
-1.372500
4.509800
7.777800
-3.333300
-3.986900
-3.986900
1.895400
6.470600
4.509800
1.241800
1.895400
-1.372500
-6.601300
-3.986900
3.856200
-0.718950
-5.947700
-5.947700
1.241800
2.549000
-2.026100
0.588240
1.895400
3.202600
5.163400
9.738600
4.509800
-0.718950
1.895400
9.738600
9.738600
1.241800
-0.718950
-3.333300
-9.869300
-9.215700
-6.601300
-2.679700
-3.986900
-3.986900
-3.333300
-2.026100
-3.986900
-1.372500
1.241800
-6.601300
-7.908500
-5.294100
-3.333300
0.588240
21.503000
34.575001
52.222000
78.365997
82.941002
82.941002
82.941002
82.941002
82.941002
82.941002
82.941002
82.941002
69.869003
45.686001
28.039000
14.967000
-8.562100
-22.288000
-31.438000
-45.162998
-49.738998
-68.693001
-78.497002
-73.267998
-68.039001
-71.960999
-79.150002
-80.458000
-83.071999
-83.071999
-76.536003
-62.810001
-50.391998
-45.162998
-42.549000
-41.242001
-51.046001
-55.620998
-52.353001
-44.509998
-38.626999
-32.091999
-34.706001
-44.509998
-41.895000
-32.744999
-30.784000
-28.170000
-39.280998
-39.280998
-23.594999
-24.247999
-23.594999
-13.791000
-17.712000
-19.673000
-26.209000
-20.327000
-14.444000
-7.254900
-0.065360
-6.601300
-0.718950
1.241800
-0.718950
8.431400
4.509800
-0.065360
-2.679700
-0.718950
7.124200
5.163400
7.777800
9.738600
12.353000
15.621000
14.967000
11.699000
10.392000
17.582001
18.889000
19.542000
8.431400
-1.372500
1.895400
1.895400
1.241800
-2.026100
3.856200
11.046000
7.124200
12.353000
21.503000
25.424999
21.503000
20.850000
19.542000
12.353000
9.738600
16.275000
15.621000
2.549000
-0.718950
7.777800
14.314000
7.777800
2.549000
-0.065360
-1.372500
9.085000
10.392000
6.470600
9.738600
7.777800
-2.679700
0.588240
13.660000
16.927999
10.392000
3.856200
5.817000
18.889000
13.660000
3.856200
9.738600
13.007000
2.549000
9.085000
13.007000
9.738600
3.202600
1.241800
1.895400
5.163400
8.431400
6.470600
-0.718950
-2.026100
1.895400
-7.254900
-0.718950
2.549000
-3.986900
-0.718950
-4.640500
-2.026100
6.470600
16.275000
15.621000
1.241800
-11.830000
-16.405001
-21.634001
-9.215700
1.895400
3.202600
0.588240
-0.065360
-0.718950
-4.640500
-7.254900
2.549000
3.202600
-0.065360
-2.026100
-0.718950
-2.026100
-3.333300
2.549000
-7.254900
-7.254900
-3.333300
9.738600
16.275000
5.163400
-3.986900
-0.065360
0.588240
6.470600
16.927999
11.699000
4.509800
6.470600
5.817000
3.856200
0.588240
13.007000
32.613998
67.907997
82.941002
82.941002
82.941002
82.941002
82.941002
82.941002
82.941002
82.941002
82.941002
77.058998
39.150002
7.124200
-10.523000
-22.288000
-43.855999
-51.699001
-58.889000
-71.960999
-77.190002
-65.425003
-64.117996
-68.693001
-75.882004
-67.386002
-59.542000
-58.889000
-65.425003
-78.497002
-83.071999
-83.071999
-80.458000
-83.071999
-73.921997
-62.157001
-60.849998
-68.693001
-62.157001
-49.084999
-47.778000
-45.817001
-41.242001
-39.280998
-43.855999
-41.242001
-37.973999
-34.051998
-35.359001
-39.935001
-34.706001
-24.247999
-22.941000
-29.476999
-25.556000
-17.059000
-15.098000
-4.640500
0.588240
5.817000
8.431400
9.738600
2.549000
-9.869300
-3.333300
10.392000
10.392000
10.392000
10.392000
4.509800
0.588240
4.509800
5.163400
4.509800
12.353000
13.007000
11.046000
4.509800
-4.640500
3.856200
11.699000
9.738600
12.353000
7.777800
11.699000
6.470600
1.895400
8.431400
12.353000
11.699000
14.314000
18.889000
18.235001
19.542000
20.195999
20.850000
29.346001
33.922001
34.575001
39.150002
42.417999
48.300999
43.071999
41.764999
29.346001
15.621000
7.124200
-3.333300
-18.365999
-35.359001
-54.313999
-67.386002
-73.921997
-75.228996
-73.921997
-73.267998
-67.386002
-60.195999
-59.542000
-56.275002
-55.620998
-52.353001
-49.084999
-45.162998
-34.706001
-25.556000
-18.365999
-18.365999
-15.098000
-5.294100
1.895400
-1.372500
1.241800
-5.294100
-11.176000
-7.908500
-10.523000
-5.294100
7.777800
10.392000
4.509800
2.549000
4.509800
6.470600
18.235001
43.071999
71.830002
82.941002
82.941002
82.941002
82.941002
82.941002
82.941002
82.941002
82.941002
82.941002
79.019997
70.523003
60.719002
58.757999
39.804001
28.693001
35.229000
34.575001
30.000000
31.961000
26.732000
20.850000
11.046000
7.777800
12.353000
6.470600
1.895400
2.549000
-5.294100
1.241800
-3.333300
-5.947700
-2.026100
-3.333300
-15.752000
-20.327000
-24.902000
-32.744999
-24.902000
-17.059000
-19.673000
-17.059000
-15.098000
-17.712000
-13.137000
-13.137000
-22.941000
-17.712000
-8.562100
-13.137000
-13.791000
-20.980000
-27.516001
-22.288000
-22.941000
-21.634001
-13.137000
-13.791000
-22.941000
-26.863001
-27.516001
-29.476999
-16.405001
-9.869300
-12.484000
-11.176000
-7.908500
-5.947700
-5.947700
-3.986900
-5.947700
-5.294100
13.007000
41.111000
68.561996
82.941002
82.941002
82.941002
82.941002
82.941002
82.941002
82.941002
82.941002
62.026001
36.535999
15.621000
-0.065360
-15.752000
-32.744999
-41.242001
-48.431000
-56.928001
-58.889000
-56.928001
-54.966999
-58.235001
-65.425003
-69.346001
-69.346001
-76.536003
-75.882004
-74.574997
-76.536003
-73.921997
-72.613998
-66.732002
-56.275002
-51.699001
-56.275002
-55.620998
