-2.016300
0.585370
5.788600
1.235800
-6.569100
-11.122000
-5.918700
3.187000
3.837400
5.138200
6.439000
7.089400
-0.065040
-2.666700
4.487800
1.886200
-5.918700
-0.065040
-1.365900
-7.869900
-9.170700
-8.520300
-9.170700
-5.918700
-5.268300
-3.317100
8.390200
19.447001
16.846001
14.244000
15.545000
7.089400
2.536600
-2.666700
-5.918700
-4.617900
-3.967500
-6.569100
-8.520300
-5.918700
-2.016300
3.187000
9.691100
12.943000
8.390200
2.536600
7.089400
8.390200
3.187000
-0.065040
3.837400
-0.715450
-3.317100
-3.317100
-0.065040
1.235800
-5.268300
-4.617900
-1.365900
-0.715450
-3.967500
-3.967500
-5.918700
-4.617900
-2.016300
2.536600
6.439000
-0.065040
-5.268300
-2.666700
-2.666700
-2.016300
-5.918700
3.837400
13.593000
3.187000
3.837400
2.536600
1.235800
0.585370
1.886200
-0.715450
-7.219500
-7.869900
-2.666700
0.585370
-1.365900
-9.170700
-9.170700
3.187000
10.992000
3.187000
1.235800
1.235800
4.487800
11.642000
10.341000
6.439000
1.886200
1.235800
0.585370
4.487800
3.837400
0.585370
-0.715450
-1.365900
2.536600
2.536600
-0.065040
-1.365900
-2.016300
-0.065040
-5.918700
-7.219500
-14.374000
-15.675000
-2.666700
3.837400
7.739800
6.439000
-0.065040
-2.666700
-1.365900
3.837400
5.788600
1.886200
3.187000
8.390200
4.487800
1.886200
1.235800
4.487800
4.487800
5.788600
1.886200
-0.065040
-0.715450
1.886200
-2.016300
-3.967500
-1.365900
0.585370
5.788600
7.739800
-2.016300
-7.219500
-0.715450
-2.016300
-4.617900
-5.918700
-5.268300
-7.219500
-6.569100
5.788600
-1.365900
-3.317100
0.585370
-7.219500
0.585370
5.788600
8.390200
10.992000
9.040700
5.788600
-0.715450
-2.016300
-2.016300
-3.317100
-6.569100
-7.869900
-3.967500
-0.065040
-3.967500
-5.918700
-4.617900
-0.065040
5.788600
2.536600
-3.967500
1.235800
5.788600
10.341000
10.992000
9.040700
5.788600
1.235800
5.138200
6.439000
-0.715450
-5.268300
-4.617900
3.187000
1.235800
-7.219500
-5.268300
0.585370
4.487800
6.439000
2.536600
-2.016300
3.187000
7.089400
-1.365900
-3.967500
-1.365900
-2.016300
-8.520300
-3.317100
-0.065040
-2.666700
-2.666700
-3.317100
-0.065040
7.739800
6.439000
2.536600
4.487800
0.585370
-4.617900
-2.016300
-0.715450
1.235800
0.585370
1.886200
-0.715450
-4.617900
-6.569100
-8.520300
-11.772000
-7.219500
0.585370
-1.365900
-1.365900
-4.617900
-4.617900
-0.065040
1.235800
1.235800
1.235800
-9.170700
-7.219500
0.585370
1.235800
5.138200
1.235800
-0.065040
6.439000
5.138200
1.886200
4.487800
3.837400
1.886200
5.138200
-3.317100
-4.617900
-1.365900
-3.967500
-4.617900
-0.065040
4.487800
-1.365900
-1.365900
2.536600
-2.666700
-0.715450
5.788600
1.886200
2.536600
9.691100
5.788600
3.187000
7.739800
5.788600
4.487800
9.040700
1.886200
-3.967500
1.235800
1.886200
-1.365900
-2.666700
0.585370
1.886200
2.536600
7.089400
6.439000
6.439000
4.487800
4.487800
0.585370
-2.666700
-2.666700
2.536600
6.439000
-1.365900
-2.016300
5.138200
7.089400
3.837400
1.235800
-3.967500
-5.918700
-0.715450
-0.715450
-0.715450
-0.715450
6.439000
7.739800
8.390200
10.992000
1.235800
-8.520300
-7.869900
-2.666700
2.536600
-0.715450
4.487800
2.536600
-5.918700
-2.016300
1.886200
10.341000
4.487800
1.235800
3.187000
-2.666700
0.585370
-0.065040
-5.268300
-4.617900
-1.365900
-2.016300
-8.520300
-5.918700
-2.666700
-9.821100
-7.219500
-0.715450
-0.715450
-5.268300
-4.617900
-7.219500
-6.569100
-3.967500
-3.317100
0.585370
-2.666700
-3.317100
-3.967500
-3.967500
1.235800
-0.715450
-5.918700
-2.666700
2.536600
0.585370
1.235800
-1.365900
-2.666700
-3.967500
-6.569100
-11.122000
-12.423000
-8.520300
-7.219500
-1.365900
3.837400
0.585370
-1.365900
-1.365900
-5.268300
-7.869900
-4.617900
-0.715450
-0.065040
1.235800
3.837400
3.187000
2.536600
1.886200
5.138200
6.439000
7.089400
5.138200
3.187000
-0.065040
0.585370
1.235800
3.837400
10.341000
14.894000
12.943000
9.040700
5.138200
6.439000
2.536600
-2.016300
1.235800
3.187000
3.837400
1.235800
-1.365900
1.886200
-3.317100
-4.617900
-2.016300
3.837400
5.138200
1.235800
2.536600
5.138200
2.536600
3.837400
1.886200
0.585370
7.089400
-2.666700
-3.967500
7.089400
11.642000
7.739800
1.886200
5.788600
16.195000
3.837400
-2.016300
5.138200
5.138200
1.235800
-3.967500
-3.967500
-6.569100
-5.918700
10.341000
7.739800
-2.016300
-1.365900
1.235800
9.691100
8.390200
4.487800
9.040700
10.341000
3.187000
0.585370
-1.365900
-9.170700
-9.821100
-5.268300
-7.219500
-7.219500
-5.918700
-13.073000
-13.073000
-5.918700
-5.918700
-0.065040
-0.065040
-0.065040
-2.016300
-5.268300
-0.715450
-2.016300
-7.219500
-3.967500
1.235800
2.536600
1.235800
-3.967500
-9.821100
1.886200
1.886200
-6.569100
-9.821100
-15.024000
-14.374000
-10.472000
-7.219500
-4.617900
-2.016300
-10.472000
-9.821100
-4.617900
-2.666700
-0.715450
1.886200
2.536600
-7.869900
-7.869900
-0.715450
3.187000
6.439000
5.138200
-0.065040
-0.065040
-5.268300
-0.715450
7.739800
6.439000
1.886200
-4.617900
-5.268300
-2.016300
-1.365900
5.788600
10.341000
2.536600
5.138200
3.837400
1.886200
-2.016300
-6.569100
1.235800
3.837400
1.886200
1.886200
2.536600
1.886200
4.487800
6.439000
10.341000
14.894000
12.293000
9.040700
4.487800
-1.365900
-4.617900
-0.715450
2.536600
3.837400
4.487800
1.235800
1.235800
0.585370
-6.569100
-7.219500
1.235800
6.439000
4.487800
5.788600
5.138200
0.585370
-3.967500
-5.268300
-2.666700
-0.065040
-1.365900
-4.617900
-2.016300
4.487800
7.089400
1.235800
-4.617900
-5.268300
3.837400
14.894000
19.447001
18.146000
12.293000
7.089400
9.691100
6.439000
-3.317100
-2.666700
0.585370
-2.016300
-5.268300
-6.569100
-7.869900
-11.772000
-5.918700
-4.617900
-0.715450
3.187000
2.536600
5.138200
2.536600
-3.317100
-3.317100
-8.520300
-6.569100
5.138200
8.390200
13.593000
17.496000
35.056999
53.918999
59.771999
62.374001
61.073002
52.618000
46.113998
37.007999
29.202999
18.146000
10.992000
7.739800
3.187000
-3.317100
-5.268300
-7.219500
-12.423000
-15.675000
-16.325001
-15.675000
-14.374000
-16.325001
-23.480000
-29.983999
-37.138000
-44.943001
-42.341000
-32.584999
-25.431000
-20.228001
-13.073000
-4.617900
-9.821100
-14.374000
-20.228001
-17.625999
-15.675000
-9.170700
-15.675000
-20.228001
-18.275999
-23.480000
-26.080999
-21.528000
-18.275999
-13.724000
-7.869900
-13.073000
-19.577000
-11.122000
-9.821100
-14.374000
-15.675000
-13.724000
-11.122000
-7.219500
-7.869900
-3.967500
-0.715450
-2.016300
-3.967500
4.487800
0.585370
-5.918700
-7.219500
-2.666700
-0.065040
-3.317100
-0.715450
5.138200
7.739800
6.439000
4.487800
9.691100
16.195000
18.797001
12.293000
8.390200
3.837400
-2.666700
-0.715450
-1.365900
-7.219500
-5.268300
-1.365900
-0.065040
-0.065040
2.536600
8.390200
11.642000
14.894000
21.398001
14.244000
4.487800
5.138200
7.739800
-0.065040
-3.317100
-5.918700
-3.317100
4.487800
4.487800
-2.666700
-1.365900
3.187000
7.089400
3.187000
1.886200
7.089400
4.487800
-0.065040
5.788600
7.739800
3.187000
-2.666700
0.585370
5.138200
5.138200
0.585370
-5.268300
4.487800
9.040700
-0.065040
10.341000
10.992000
3.187000
7.089400
6.439000
0.585370
5.788600
0.585370
-3.317100
-2.016300
-4.617900
0.585370
-1.365900
-3.967500
-5.268300
-3.317100
0.585370
3.837400
8.390200
8.390200
10.992000
1.886200
-7.869900
-13.073000
-15.675000
-12.423000
0.585370
5.788600
1.235800
-3.967500
-3.967500
-4.617900
-2.016300
-2.666700
3.837400
7.739800
10.992000
7.089400
3.187000
5.788600
3.187000
5.788600
9.691100
-0.715450
-4.617900
9.691100
3.837400
-2.016300
2.536600
3.837400
4.487800
5.788600
4.487800
1.235800
6.439000
16.195000
17.496000
14.244000
8.390200
10.992000
16.195000
30.504000
40.259998
46.113998
60.423000
73.431000
70.829002
72.779999
71.480003
59.771999
42.862000
29.202999
19.447001
2.536600
-12.423000
-15.024000
-23.480000
-26.080999
-25.431000
-28.033001
-31.934999
-32.584999
-31.934999
-26.732000
-19.577000
-14.374000
-20.228001
-26.080999
-31.285000
-35.837002
-37.138000
-39.089001
-37.789001
-41.041000
-39.740002
-35.837002
-31.285000
-28.033001
-20.228001
-13.724000
-16.325001
-16.325001
-14.374000
-12.423000
-13.724000
-20.878000
-21.528000
-21.528000
-23.480000
-18.927000
-18.275999
-16.325001
-12.423000
-12.423000
-11.122000
-0.715450
3.837400
1.886200
-2.016300
4.487800
11.642000
14.244000
7.739800
1.235800
1.886200
1.886200
3.187000
0.585370
-2.016300
-4.617900
-5.918700
-2.666700
-9.170700
-5.918700
9.040700
13.593000
9.691100
3.187000
-0.065040
5.138200
5.138200
1.886200
5.138200
4.487800
1.235800
-1.365900
3.187000
10.992000
10.341000
3.187000
2.536600
8.390200
11.642000
11.642000
7.739800
6.439000
12.293000
14.894000
12.293000
16.846001
18.797001
14.894000
10.341000
9.691100
3.837400
-1.365900
-9.170700
-15.675000
-18.275999
-20.228001
-28.683001
-37.789001
-39.089001
-36.487999
-35.837002
-33.886002
-26.732000
-28.683001
-32.584999
-29.983999
-29.333000
-24.780001
-22.179001
-24.780001
-18.275999
-9.170700
-5.918700
-9.170700
-11.772000
-8.520300
-1.365900
-2.666700
-0.065040
-2.666700
-7.869900
-3.967500
-2.016300
-0.065040
1.886200
0.585370
3.837400
1.235800
2.536600
5.788600
9.691100
22.049000
35.707001
42.862000
50.015999
58.472000
70.829002
68.877998
64.975998
60.423000
54.569000
49.366001
46.764000
48.715000
44.162998
37.007999
30.504000
31.805000
33.756001
27.252001
18.146000
19.447001
15.545000
11.642000
9.691100
7.089400
8.390200
1.235800
1.235800
2.536600
0.585370
9.040700
10.341000
5.138200
7.739800
6.439000
-6.569100
-9.821100
-9.821100
-18.275999
-11.122000
-6.569100
-15.675000
-18.927000
-13.073000
-13.724000
-9.170700
-9.170700
-9.821100
-7.219500
-8.520300
-6.569100
2.536600
-2.666700
-6.569100
-6.569100
-11.772000
-14.374000
-9.821100
-10.472000
-15.675000
-20.878000
-29.983999
-31.285000
-13.724000
2.536600
2.536600
1.886200
1.886200
1.235800
-0.715450
0.585370
1.235800
1.235800
5.788600
17.496000
27.252001
40.910999
53.918999
62.374001
67.577003
68.227997
59.122002
53.918999
40.259998
25.301001
16.846001
10.992000
4.487800
-5.918700
-11.122000
-15.675000
-22.829000
-24.129999
-26.732000
-26.080999
-27.382000
-28.033001
-26.732000
-31.934999
-31.934999
-37.789001
-40.389999
-38.438999
-39.089001
-32.584999
-31.285000
-32.584999
-30.634001
-23.480000
-19.577000
-24.780001
