2.640300
8.580900
18.482000
10.561000
-3.960400
-10.561000
-1.980200
11.881000
8.580900
13.201000
11.881000
8.580900
5.940600
-1.320100
3.300300
0.660070
-7.260700
0.000000
3.960400
-1.980200
-7.260700
-11.881000
-9.240900
0.000000
-0.660070
0.000000
11.221000
21.122000
22.441999
13.201000
8.580900
7.260700
5.940600
-1.320100
1.320100
7.260700
1.980200
-7.920800
-8.580900
2.640300
2.640300
9.240900
15.182000
15.182000
3.300300
0.660070
14.521000
9.901000
4.620500
9.240900
7.260700
-5.940600
-14.521000
-5.280500
0.660070
-5.280500
-2.640300
3.960400
8.580900
7.920800
-3.300300
-7.260700
-5.940600
-9.240900
-6.600700
5.940600
8.580900
-2.640300
-5.940600
-9.901000
-15.182000
-3.960400
-2.640300
6.600700
21.122000
11.221000
7.920800
3.300300
-5.280500
-5.940600
0.000000
2.640300
-5.940600
-7.920800
-3.960400
3.960400
-5.940600
-17.822001
-19.142000
0.660070
19.142000
9.240900
7.920800
0.660070
-5.940600
1.320100
4.620500
1.980200
-1.320100
3.960400
0.000000
1.320100
1.980200
-1.320100
8.580900
1.980200
-1.980200
-0.660070
3.300300
3.300300
-5.280500
-2.640300
-3.960400
-11.221000
-15.182000
-9.901000
0.660070
4.620500
8.580900
9.901000
-0.660070
-3.960400
-3.300300
3.960400
-4.620500
-3.300300
11.221000
15.842000
6.600700
-4.620500
0.000000
1.980200
-5.940600
-2.640300
1.320100
7.260700
2.640300
0.000000
-3.300300
-4.620500
-2.640300
-1.980200
3.960400
11.881000
3.300300
-1.320100
0.000000
-3.300300
-6.600700
-10.561000
-1.980200
-1.320100
-3.300300
11.881000
5.940600
-0.660070
-2.640300
-6.600700
4.620500
9.901000
5.940600
11.881000
10.561000
1.980200
-4.620500
1.980200
-0.660070
-5.280500
-3.960400
-5.280500
-1.980200
-10.561000
-13.861000
-3.300300
-7.920800
-2.640300
12.541000
5.280500
-11.221000
-0.660070
10.561000
13.861000
7.920800
0.000000
2.640300
10.561000
10.561000
6.600700
-1.320100
-14.521000
-3.960400
11.881000
11.221000
2.640300
-1.320100
-1.320100
-1.320100
3.300300
3.300300
-0.660070
1.980200
8.580900
5.940600
2.640300
-3.960400
-2.640300
-17.162001
-9.240900
6.600700
1.320100
0.660070
-0.660070
-3.960400
4.620500
3.960400
-1.320100
-2.640300
-5.940600
-1.320100
1.980200
-4.620500
-11.221000
2.640300
8.580900
1.320100
0.000000
-3.960400
-11.881000
-20.462000
-3.300300
7.260700
-1.980200
-2.640300
-5.280500
-5.280500
0.000000
-1.320100
-2.640300
-0.660070
1.320100
4.620500
-0.660070
-2.640300
-1.320100
-7.920800
-3.960400
5.280500
11.881000
11.881000
-1.320100
1.320100
3.960400
1.320100
-2.640300
3.960400
1.980200
-7.260700
-7.260700
-5.940600
-0.660070
-3.300300
-1.980200
3.960400
-1.320100
-3.960400
0.000000
-3.300300
3.300300
8.580900
5.940600
-1.980200
2.640300
10.561000
10.561000
6.600700
-1.980200
-0.660070
6.600700
1.980200
4.620500
7.260700
-3.300300
0.660070
5.280500
4.620500
8.580900
7.260700
5.280500
5.280500
-5.940600
-9.901000
-9.901000
-3.300300
6.600700
1.980200
1.980200
7.260700
2.640300
-1.980200
3.300300
2.640300
-3.960400
-3.960400
4.620500
4.620500
-1.980200
7.260700
13.861000
17.162001
11.881000
-2.640300
-5.280500
-8.580900
-7.920800
3.300300
4.620500
-0.660070
-9.901000
-7.260700
3.960400
3.300300
8.580900
1.980200
-5.940600
5.940600
4.620500
-1.320100
-8.580900
-9.901000
-8.580900
-5.940600
3.300300
0.660070
0.660070
-1.980200
-10.561000
-5.280500
1.320100
-5.940600
-8.580900
-2.640300
-1.980200
-3.300300
-7.260700
-9.240900
0.660070
0.660070
-7.260700
-6.600700
0.000000
2.640300
-6.600700
-10.561000
3.960400
7.260700
1.980200
3.300300
-1.320100
-11.881000
-2.640300
5.280500
-7.260700
-11.221000
-6.600700
-6.600700
-6.600700
-7.260700
3.300300
7.260700
0.660070
-6.600700
-8.580900
-1.980200
0.000000
0.660070
-1.980200
2.640300
6.600700
7.920800
-1.980200
-3.960400
2.640300
5.280500
5.940600
1.320100
0.660070
-3.300300
-14.521000
-0.660070
15.182000
17.162001
10.561000
3.960400
0.660070
-2.640300
-3.960400
0.000000
9.901000
7.260700
1.320100
6.600700
3.300300
-1.320100
-0.660070
4.620500
2.640300
7.260700
4.620500
-3.300300
3.300300
5.940600
1.320100
15.182000
11.881000
6.600700
13.201000
-1.320100
-0.660070
7.920800
1.980200
5.940600
10.561000
13.201000
19.142000
0.660070
-5.940600
1.320100
6.600700
-1.980200
-9.240900
-0.660070
-2.640300
-5.940600
5.940600
3.300300
-8.580900
0.660070
8.580900
6.600700
-5.940600
-9.240900
-3.300300
7.260700
5.940600
-3.300300
-11.881000
-13.201000
-9.240900
-7.260700
-7.260700
-11.221000
-8.580900
-22.441999
-18.482000
1.320100
-5.940600
-3.300300
1.980200
-0.660070
-5.940600
-7.260700
-3.300300
3.300300
-0.660070
3.300300
4.620500
-0.660070
-0.660070
-3.960400
-0.660070
2.640300
2.640300
0.000000
-4.620500
-15.182000
-19.802000
-11.881000
-6.600700
-9.240900
-1.980200
-6.600700
-4.620500
-5.280500
-5.940600
3.960400
6.600700
-4.620500
-10.561000
-2.640300
4.620500
3.960400
5.940600
4.620500
-9.240900
-2.640300
6.600700
5.280500
2.640300
4.620500
1.320100
-3.300300
5.280500
2.640300
-1.320100
7.260700
7.260700
-0.660070
3.300300
0.000000
0.660070
-1.980200
-5.940600
3.960400
1.320100
0.000000
3.960400
-4.620500
2.640300
11.881000
7.920800
4.620500
10.561000
13.861000
11.881000
2.640300
-10.561000
-11.881000
3.300300
11.221000
13.201000
13.201000
5.940600
-2.640300
-3.960400
-1.320100
-1.320100
3.960400
5.940600
-8.580900
-6.600700
5.280500
9.901000
3.960400
-6.600700
-3.960400
-3.960400
-1.980200
-2.640300
-4.620500
2.640300
10.561000
0.660070
-12.541000
-2.640300
13.201000
23.101999
17.822001
5.280500
6.600700
5.940600
3.300300
5.940600
0.660070
1.980200
1.980200
-9.901000
-7.920800
-11.221000
-9.240900
-5.940600
-3.960400
1.980200
1.320100
-5.280500
-6.600700
-5.280500
1.980200
5.940600
2.640300
-12.541000
-12.541000
9.240900
23.101999
35.644001
56.765999
81.848000
83.828003
83.828003
83.828003
83.828003
83.828003
83.828003
82.508003
66.667000
44.223999
30.363001
21.782000
1.320100
-18.482000
-21.782000
-29.042999
-33.002998
-40.264000
-50.825001
-51.485001
-51.485001
-49.505001
-53.465000
-65.347000
-75.248001
-83.167999
-75.907997
-62.706001
-48.845001
-46.865002
-34.983002
-27.063000
-36.964001
-44.223999
-50.825001
-38.944000
-29.042999
-34.323002
-34.983002
-38.284000
-33.002998
-29.702999
-29.702999
-29.042999
-29.042999
-34.983002
-29.702999
-27.063000
-23.761999
-19.142000
-18.482000
-22.441999
-32.342999
-25.083000
-21.122000
-12.541000
-7.920800
-3.300300
-1.320100
0.000000
-3.300300
0.000000
-4.620500
-7.920800
-1.980200
1.980200
-1.320100
1.980200
5.940600
8.580900
13.861000
7.920800
6.600700
16.502001
21.782000
27.063000
21.122000
10.561000
9.240900
3.300300
-1.980200
-8.580900
-5.940600
-3.960400
0.660070
11.221000
14.521000
15.842000
11.221000
6.600700
15.182000
24.422001
20.462000
16.502001
15.842000
11.221000
1.320100
-0.660070
-4.620500
-1.980200
11.881000
13.861000
4.620500
1.320100
3.300300
-1.980200
-3.300300
9.901000
12.541000
5.940600
1.980200
8.580900
5.940600
-0.660070
-5.280500
9.901000
19.802000
11.221000
5.940600
4.620500
11.221000
16.502001
9.901000
9.240900
10.561000
9.901000
1.320100
7.920800
5.940600
9.901000
1.980200
-2.640300
-0.660070
-5.940600
2.640300
6.600700
-3.300300
-9.240900
0.660070
7.920800
3.960400
0.000000
1.320100
15.842000
15.182000
-1.980200
-15.842000
-25.743000
-25.083000
4.620500
14.521000
8.580900
2.640300
-1.980200
-10.561000
-5.280500
-3.960400
-2.640300
7.260700
9.901000
0.000000
-9.240900
-5.280500
0.000000
7.920800
11.221000
-5.940600
-4.620500
14.521000
3.300300
-1.980200
4.620500
5.280500
10.561000
13.201000
7.260700
0.660070
9.240900
17.162001
11.221000
9.901000
7.260700
18.482000
31.023001
59.405998
83.828003
83.828003
83.828003
83.828003
83.828003
83.828003
83.828003
83.828003
83.828003
73.927002
33.662998
7.920800
-5.280500
-13.861000
-30.363001
-40.924000
-50.165001
-63.366001
-69.967003
-68.647003
-66.667000
-50.825001
-49.505001
-52.805000
-63.366001
-73.266998
-76.568001
-79.867996
-75.248001
-73.927002
-72.607002
-75.248001
-76.568001
-70.626999
-66.007004
-61.386002
-54.785000
-49.505001
-44.223999
-36.964001
-44.223999
-44.223999
-40.264000
-45.544998
-44.223999
-39.604000
-34.983002
-41.584000
-38.944000
-29.702999
-29.042999
-25.083000
-26.403000
-13.201000
-12.541000
-9.240900
-0.660070
0.660070
9.901000
15.182000
-3.960400
-6.600700
5.280500
7.260700
1.980200
8.580900
9.240900
-1.980200
-8.580900
-1.320100
1.320100
-3.300300
8.580900
18.482000
9.901000
3.300300
-3.300300
1.320100
4.620500
3.960400
9.240900
15.182000
10.561000
7.920800
11.221000
14.521000
13.861000
3.960400
3.960400
17.822001
27.063000
26.403000
17.822001
20.462000
33.662998
33.662998
36.964001
40.924000
41.584000
42.243999
40.264000
38.944000
25.083000
12.541000
0.660070
-17.822001
-33.662998
-46.205002
-62.706001
-76.568001
-79.867996
-78.547997
-75.907997
-74.586998
-68.647003
-64.685997
-76.568001
-66.007004
-56.105999
-57.425999
-45.544998
-41.584000
-36.304001
-25.083000
-20.462000
-26.403000
-27.063000
-14.521000
-4.620500
-5.280500
-3.300300
-3.300300
-4.620500
-14.521000
-13.201000
-8.580900
0.660070
17.822001
15.182000
9.240900
13.861000
16.502001
25.743000
44.223999
78.547997
83.828003
83.828003
83.828003
83.828003
83.828003
83.828003
83.828003
83.828003
83.828003
83.828003
83.828003
79.867996
66.007004
56.105999
46.205002
42.243999
39.604000
37.624001
34.323002
25.743000
19.142000
15.182000
9.240900
6.600700
-3.960400
2.640300
8.580900
-2.640300
1.320100
-3.300300
-5.940600
0.660070
-5.280500
-22.441999
-21.122000
-21.122000
-34.983002
-26.403000
-15.842000
-23.761999
-35.644001
-22.441999
-11.221000
-9.240900
-16.502001
-25.083000
-21.122000
-17.822001
-19.802000
-21.782000
-21.122000
-19.142000
-21.782000
-25.083000
-29.042999
-21.782000
-21.122000
-25.083000
-34.323002
-40.264000
-40.264000
-17.162001
-1.320100
-5.280500
-5.940600
-5.940600
-6.600700
-6.600700
-6.600700
-6.600700
-1.320100
13.201000
30.363001
54.785000
83.828003
83.828003
83.828003
83.828003
83.828003
83.828003
83.828003
83.828003
66.667000
31.683001
11.221000
3.960400
-11.221000
-15.182000
-24.422001
-40.924000
-50.165001
-56.105999
-58.745998
-66.667000
-62.706001
-54.125000
-64.026001
-69.306999
-73.266998
-79.208000
-78.547997
-81.848000
-75.248001
-62.046001
-58.745998
-61.386002
-54.125000
-48.185001
-54.785000
