-3.316700
0.000000
1.326700
-3.316700
-5.970100
-6.633500
-4.643400
-1.990000
-1.326700
1.990000
4.643400
3.980100
0.663350
0.000000
3.316700
-1.326700
-10.614000
-6.633500
-5.306800
-9.286900
-9.286900
-7.296800
-5.970100
-3.316700
0.663350
10.614000
17.247000
21.891001
18.573999
15.257000
16.584000
9.950200
7.296800
3.980100
1.990000
1.990000
1.326700
-0.663350
-5.970100
-5.306800
1.990000
7.960200
11.940000
11.940000
11.940000
11.277000
11.940000
13.267000
7.960200
-1.326700
0.000000
-2.653400
-4.643400
-7.296800
-8.623500
-9.950200
-12.604000
-4.643400
0.000000
1.990000
-1.990000
-6.633500
-3.316700
-0.663350
-3.980100
-5.970100
-1.990000
-1.326700
0.000000
1.326700
-0.663350
4.643400
3.316700
9.950200
16.584000
7.960200
5.970100
5.970100
4.643400
-1.326700
-4.643400
-1.326700
-2.653400
-5.970100
-6.633500
-1.990000
-2.653400
-8.623500
-11.277000
-3.980100
8.623500
4.643400
1.990000
3.316700
0.000000
3.316700
8.623500
5.970100
0.000000
0.000000
-2.653400
3.980100
5.970100
5.306800
9.286900
8.623500
3.980100
1.326700
3.316700
4.643400
1.326700
0.000000
-7.960200
-9.286900
-9.950200
-5.306800
-1.990000
-2.653400
1.326700
1.990000
-1.990000
-3.980100
-3.316700
4.643400
11.277000
7.960200
5.306800
8.623500
6.633500
3.316700
3.316700
3.980100
-1.990000
-1.990000
2.653400
7.960200
5.306800
1.990000
-5.306800
-10.614000
-5.970100
-0.663350
3.316700
4.643400
-1.326700
-2.653400
-0.663350
-2.653400
-5.306800
-4.643400
0.000000
-1.326700
-1.990000
7.960200
1.326700
-4.643400
-1.990000
-4.643400
-1.326700
1.326700
9.286900
11.940000
9.950200
7.960200
0.663350
-4.643400
-3.980100
-2.653400
-5.306800
-8.623500
-7.296800
-11.277000
-13.267000
-10.614000
-9.950200
-4.643400
5.970100
4.643400
-2.653400
0.000000
5.306800
8.623500
12.604000
13.930000
11.940000
7.296800
9.286900
13.267000
2.653400
-3.980100
-3.316700
7.296800
12.604000
2.653400
-3.980100
-3.316700
0.000000
1.990000
2.653400
-0.663350
1.326700
1.990000
0.663350
3.980100
0.000000
-4.643400
-5.970100
-0.663350
-2.653400
-3.316700
2.653400
-1.326700
-2.653400
2.653400
-0.663350
-2.653400
3.316700
0.000000
-4.643400
-0.663350
1.990000
0.663350
-3.316700
-0.663350
-3.316700
-3.980100
-5.970100
-10.614000
-15.257000
-11.277000
-6.633500
-5.306800
0.000000
-1.990000
-1.990000
3.980100
-1.326700
-4.643400
0.000000
-7.296800
-11.277000
-10.614000
-11.277000
-6.633500
-5.306800
-2.653400
2.653400
2.653400
-0.663350
1.990000
1.326700
-0.663350
2.653400
-1.990000
-0.663350
-0.663350
-9.286900
-12.604000
-7.960200
-1.326700
-1.326700
1.990000
5.970100
3.316700
1.326700
3.980100
4.643400
4.643400
6.633500
9.286900
9.286900
10.614000
9.286900
6.633500
12.604000
8.623500
3.980100
9.286900
7.960200
5.306800
4.643400
7.960200
7.960200
5.970100
6.633500
3.316700
1.990000
1.326700
-0.663350
-5.970100
-5.306800
-3.980100
-0.663350
1.990000
-3.980100
-5.970100
0.000000
-0.663350
-3.316700
-5.970100
-11.277000
-11.940000
-6.633500
-1.990000
1.990000
6.633500
14.594000
13.267000
11.277000
13.930000
6.633500
0.000000
-1.326700
-1.326700
2.653400
0.000000
0.000000
-4.643400
-5.970100
-3.316700
-7.296800
0.663350
-3.316700
-6.633500
0.000000
-3.980100
-3.980100
-3.316700
-3.316700
-2.653400
2.653400
5.970100
1.990000
3.316700
5.306800
0.000000
-1.990000
-1.990000
-3.316700
-5.306800
-1.990000
0.663350
0.663350
0.000000
-3.316700
-3.316700
-4.643400
-5.306800
-4.643400
-9.286900
-7.960200
-3.980100
-6.633500
-3.980100
3.980100
3.316700
-1.326700
-4.643400
-4.643400
-1.326700
0.663350
-3.980100
-5.970100
-3.980100
-5.306800
-0.663350
4.643400
1.326700
-1.990000
-1.990000
-2.653400
-7.296800
-8.623500
-3.316700
0.663350
3.316700
5.306800
2.653400
0.000000
-1.990000
-2.653400
-1.990000
0.000000
1.326700
0.000000
-1.326700
0.000000
-3.316700
0.000000
5.306800
9.950200
7.296800
2.653400
1.326700
6.633500
3.316700
-3.316700
-1.990000
0.000000
6.633500
9.286900
7.296800
7.960200
4.643400
1.326700
-1.326700
4.643400
9.286900
8.623500
9.286900
13.267000
14.594000
15.257000
8.623500
1.990000
4.643400
-0.663350
-1.326700
3.980100
5.970100
4.643400
5.970100
7.960200
11.277000
3.980100
-0.663350
5.970100
7.296800
2.653400
-2.653400
-2.653400
-5.306800
-5.306800
1.990000
-5.306800
-11.940000
-6.633500
-1.990000
0.000000
0.663350
1.326700
1.990000
2.653400
-2.653400
-4.643400
-7.960200
-10.614000
-10.614000
-8.623500
-5.970100
-6.633500
-5.306800
-11.940000
-15.920000
-8.623500
-11.277000
-8.623500
-9.286900
-7.296800
-3.316700
-3.980100
0.000000
5.970100
6.633500
10.614000
15.920000
16.584000
13.930000
9.286900
4.643400
5.306800
-1.990000
-7.960200
-8.623500
-15.257000
-18.573999
-20.563999
-19.237000
-12.604000
-4.643400
-4.643400
-7.960200
-9.950200
-6.633500
0.663350
5.970100
3.980100
-1.990000
0.000000
3.980100
6.633500
8.623500
8.623500
8.623500
9.286900
3.980100
1.326700
6.633500
6.633500
3.316700
-5.306800
-11.940000
-11.277000
-8.623500
-0.663350
5.970100
0.663350
-1.326700
-5.306800
-5.306800
-7.296800
-6.633500
-1.990000
1.326700
2.653400
2.653400
3.316700
7.296800
9.286900
7.960200
9.286900
12.604000
11.277000
9.950200
2.653400
0.000000
2.653400
9.286900
14.594000
15.920000
13.267000
4.643400
3.980100
3.316700
-3.316700
-2.653400
1.326700
3.316700
5.306800
8.623500
3.316700
-2.653400
-4.643400
-3.980100
-0.663350
-1.990000
-6.633500
-7.960200
-3.980100
1.990000
5.970100
1.326700
0.663350
4.643400
9.950200
15.920000
20.563999
19.900000
13.267000
6.633500
8.623500
7.296800
0.000000
-1.326700
-0.663350
-1.990000
-7.296800
-14.594000
-17.247000
-15.920000
-11.277000
-8.623500
-5.970100
-3.980100
-6.633500
-7.296800
-6.633500
-8.623500
-8.623500
-13.267000
-14.594000
-1.990000
-0.663350
3.316700
9.286900
20.563999
35.158001
39.138000
41.791000
44.444000
43.780998
40.464001
31.177000
23.881001
14.594000
13.267000
12.604000
7.296800
5.306800
2.653400
0.000000
-2.653400
-8.623500
-17.247000
-19.237000
-15.920000
-15.257000
-21.891001
-27.197001
-31.177000
-36.484001
-32.504002
-23.881001
-19.900000
-17.910000
-14.594000
-9.286900
-13.267000
-16.584000
-18.573999
-14.594000
-13.267000
-11.940000
-16.584000
-19.237000
-11.940000
-8.623500
-11.277000
-11.940000
-15.920000
-13.930000
-6.633500
-3.980100
-3.316700
1.326700
1.990000
2.653400
-1.326700
-3.980100
-4.643400
-2.653400
1.990000
7.960200
9.950200
7.296800
0.000000
3.980100
-1.326700
-9.950200
-7.296800
-1.990000
-1.990000
-3.980100
0.663350
7.960200
13.930000
13.930000
9.950200
11.940000
12.604000
11.940000
6.633500
3.316700
-5.970100
-15.257000
-15.920000
-12.604000
-11.940000
-12.604000
-7.296800
-0.663350
3.316700
6.633500
12.604000
15.920000
15.920000
20.563999
17.247000
9.950200
7.960200
4.643400
-4.643400
-5.306800
-7.296800
-5.970100
-1.326700
2.653400
0.663350
1.326700
5.306800
8.623500
6.633500
4.643400
9.286900
11.277000
5.970100
3.980100
5.306800
5.970100
1.990000
3.980100
6.633500
6.633500
2.653400
-2.653400
1.990000
5.306800
0.000000
7.296800
11.277000
6.633500
5.306800
2.653400
-1.326700
5.306800
3.316700
0.000000
-3.980100
-7.296800
-3.316700
-4.643400
-3.980100
-5.306800
-5.970100
-0.663350
3.316700
7.960200
9.950200
9.950200
3.980100
-6.633500
-13.930000
-14.594000
-11.940000
-0.663350
1.326700
-1.990000
-1.990000
0.000000
-2.653400
-1.326700
-1.326700
2.653400
4.643400
6.633500
3.316700
-1.326700
0.663350
-0.663350
-2.653400
-3.316700
-2.653400
0.000000
15.920000
15.257000
7.296800
6.633500
9.286900
9.950200
12.604000
15.257000
11.940000
11.277000
13.267000
6.633500
-3.316700
-11.277000
-6.633500
-1.326700
11.940000
18.573999
23.216999
33.831001
38.473999
35.820999
41.127998
41.791000
38.473999
29.851000
17.247000
8.623500
-1.990000
-9.950200
-10.614000
-16.584000
-16.584000
-13.267000
-15.920000
-18.573999
-11.277000
-8.623500
-9.286900
-5.306800
3.316700
0.663350
-7.296800
-15.920000
-29.187000
-33.831001
-35.158001
-33.167000
-35.820999
-32.504002
-24.544001
-21.891001
-21.891001
-15.257000
-7.296800
-4.643400
-4.643400
-7.960200
-8.623500
-9.950200
-15.920000
-19.237000
-17.910000
-15.257000
-14.594000
-12.604000
-11.277000
-11.940000
-12.604000
-11.940000
-3.316700
1.326700
4.643400
4.643400
14.594000
17.910000
18.573999
14.594000
7.296800
5.306800
3.316700
-0.663350
1.326700
0.663350
-7.960200
-15.920000
-13.267000
-11.940000
-8.623500
-1.990000
2.653400
5.970100
2.653400
-2.653400
0.000000
3.980100
5.306800
10.614000
9.286900
3.980100
0.000000
1.990000
7.960200
4.643400
-1.326700
4.643400
9.286900
9.950200
8.623500
3.980100
2.653400
3.980100
3.980100
9.950200
13.930000
12.604000
9.286900
1.990000
0.000000
-1.990000
-5.306800
-12.604000
-17.910000
-21.226999
-21.891001
-25.871000
-32.504002
-35.158001
-34.493999
-31.841000
-26.534000
-17.247000
-17.247000
-22.554001
-17.910000
-17.247000
-15.257000
-12.604000
-11.277000
-5.306800
1.990000
5.970100
4.643400
3.980100
5.970100
8.623500
6.633500
4.643400
-1.326700
-6.633500
-5.970100
-7.296800
-5.970100
2.653400
7.296800
3.980100
0.000000
1.990000
4.643400
9.286900
15.257000
27.197001
39.138000
46.433998
55.721001
57.710999
49.088001
39.138000
33.831001
35.158001
34.493999
31.177000
30.514000
28.524000
29.187000
21.891001
16.584000
16.584000
17.910000
19.237000
21.226999
18.573999
13.930000
9.950200
11.940000
17.910000
11.940000
6.633500
8.623500
7.960200
11.277000
11.940000
11.940000
11.940000
7.296800
-6.633500
-11.940000
-11.940000
-18.573999
-11.940000
-7.296800
-13.267000
-13.267000
-5.306800
-7.960200
-7.960200
-7.960200
-4.643400
0.000000
-1.326700
-0.663350
0.663350
-5.306800
-11.277000
-14.594000
-16.584000
-19.237000
-15.257000
-9.950200
-12.604000
-16.584000
-23.216999
-29.187000
-18.573999
-4.643400
-3.316700
0.663350
6.633500
3.980100
0.000000
-1.990000
-3.980100
-2.653400
1.990000
9.950200
11.277000
18.573999
27.861000
33.831001
37.147999
39.138000
33.167000
29.187000
22.554001
11.940000
4.643400
1.990000
3.980100
3.316700
-1.990000
-6.633500
-11.277000
-12.604000
-11.277000
-3.980100
-2.653400
-1.326700
-2.653400
-13.930000
-16.584000
-23.881001
-28.524000
-26.534000
-31.177000
-27.197001
-23.881001
-22.554001
-21.226999
-19.900000
-17.910000
-21.226999
