-0.063490
-0.698410
-1.968300
2.476200
6.920600
4.381000
-0.063490
-5.142900
-7.047600
-6.412700
-8.317500
-10.857000
-8.317500
5.015900
21.524000
25.333000
16.444000
13.270000
9.460300
3.746000
3.746000
7.555600
12.635000
13.905000
12.635000
13.270000
6.920600
2.476200
-2.603200
-5.142900
-1.333300
-3.873000
-3.873000
-3.238100
-4.507900
-2.603200
0.571430
0.571430
0.571430
4.381000
9.460300
11.365000
12.635000
12.635000
11.365000
1.841300
-5.142900
-3.238100
-2.603200
-5.142900
-1.968300
-3.873000
-8.952400
-14.032000
-11.492000
-7.047600
-8.317500
-2.603200
-1.333300
-0.063490
-1.333300
-2.603200
1.841300
7.555600
8.825400
7.555600
6.285700
-1.333300
-7.047600
-6.412700
-8.317500
-3.873000
-8.317500
-8.952400
-5.142900
-7.682500
-8.317500
-7.047600
-2.603200
-0.063490
0.571430
1.841300
-0.063490
-1.968300
-0.063490
5.650800
2.476200
-3.238100
-5.142900
-1.333300
4.381000
-0.063490
-0.063490
8.825400
13.270000
15.175000
13.270000
5.650800
1.841300
6.285700
1.841300
3.746000
3.111100
-0.698410
-0.063490
-6.412700
-8.952400
-9.587300
-7.047600
-3.873000
-0.063490
8.190500
8.190500
6.920600
-2.603200
-1.968300
4.381000
5.015900
5.650800
1.841300
-3.238100
-2.603200
-4.507900
0.571430
8.825400
6.920600
6.285700
12.000000
8.825400
5.015900
1.206300
-0.063490
-5.777800
-8.952400
-7.682500
-6.412700
-7.047600
-2.603200
-4.507900
-7.047600
0.571430
5.650800
10.095000
13.905000
8.190500
7.555600
11.365000
10.095000
8.825400
8.190500
10.095000
3.111100
1.206300
10.095000
-0.063490
-12.127000
-12.762000
-14.032000
-10.222000
-6.412700
-2.603200
-1.968300
-1.968300
0.571430
-2.603200
-4.507900
-3.873000
-5.142900
-7.682500
-13.397000
-10.857000
-11.492000
-14.032000
-7.682500
-5.777800
-3.238100
4.381000
1.841300
-3.873000
-0.063490
0.571430
-7.682500
-17.205999
-20.381001
-12.762000
-7.047600
-0.698410
7.555600
5.015900
4.381000
6.920600
11.365000
6.285700
-1.968300
-5.142900
-9.587300
-12.127000
-7.047600
-1.333300
1.206300
7.555600
5.650800
5.015900
12.000000
11.365000
9.460300
6.920600
10.095000
9.460300
6.920600
8.190500
3.746000
1.841300
1.206300
-4.507900
-5.142900
-0.063490
-1.968300
-4.507900
-0.063490
3.111100
6.285700
6.920600
10.095000
3.111100
-3.238100
-2.603200
-0.063490
-1.968300
1.841300
4.381000
1.206300
3.111100
-5.142900
-8.317500
-2.603200
-5.142900
-3.238100
2.476200
-3.238100
-1.968300
5.650800
8.190500
9.460300
3.111100
0.571430
2.476200
-0.698410
-7.047600
-5.142900
-3.238100
-3.873000
3.111100
-0.063490
-0.063490
3.111100
-0.698410
-0.698410
4.381000
9.460300
9.460300
15.175000
22.794001
16.444000
5.015900
3.111100
2.476200
1.206300
0.571430
1.206300
3.111100
6.285700
3.746000
1.841300
7.555600
5.015900
1.206300
6.920600
6.285700
2.476200
1.206300
-0.063490
-0.063490
1.206300
3.746000
1.206300
0.571430
2.476200
-0.063490
-4.507900
-1.333300
0.571430
3.111100
3.746000
1.206300
-1.333300
-0.698410
-4.507900
-5.777800
-6.412700
-11.492000
-14.032000
-14.032000
-8.952400
-2.603200
-0.063490
5.650800
3.746000
5.650800
8.825400
-0.698410
-7.682500
-7.047600
-3.238100
3.746000
2.476200
1.841300
-2.603200
-3.238100
-3.238100
-8.952400
3.111100
2.476200
-0.698410
4.381000
-0.063490
1.841300
3.111100
4.381000
6.920600
4.381000
1.206300
-1.333300
1.841300
3.111100
-3.238100
-5.777800
-1.968300
1.206300
-0.063490
1.841300
1.206300
-4.507900
-4.507900
-1.333300
1.841300
-1.333300
-0.698410
2.476200
-1.333300
-0.063490
2.476200
0.571430
-0.698410
3.111100
3.746000
-1.968300
-4.507900
-3.238100
-5.142900
-7.047600
-9.587300
-9.587300
-3.873000
0.571430
6.285700
9.460300
3.111100
-1.333300
-3.238100
-2.603200
-5.777800
-1.968300
5.015900
6.285700
3.746000
0.571430
-4.507900
-5.142900
-5.777800
-6.412700
-3.873000
2.476200
5.015900
1.206300
0.571430
3.111100
-3.873000
-4.507900
-0.698410
3.746000
2.476200
1.206300
3.746000
7.555600
4.381000
-3.238100
-7.682500
-7.682500
-3.873000
-2.603200
-0.698410
-0.063490
-0.698410
3.111100
1.206300
3.746000
5.650800
4.381000
3.111100
4.381000
1.206300
5.015900
1.206300
-6.412700
1.841300
3.746000
6.285700
12.000000
8.190500
3.111100
3.111100
2.476200
8.190500
4.381000
0.571430
3.111100
3.746000
-1.333300
-4.507900
-0.698410
-2.603200
-5.142900
2.476200
-1.333300
-8.952400
-5.142900
-0.698410
-1.333300
-1.333300
2.476200
7.555600
9.460300
3.746000
-0.698410
-5.142900
-6.412700
-7.047600
-9.587300
-8.317500
-9.587300
-5.777800
-10.857000
-14.667000
-6.412700
-5.142900
1.206300
-2.603200
-4.507900
-3.238100
-5.142900
-3.238100
-0.698410
-2.603200
-1.333300
-0.063490
-3.238100
-4.507900
-5.777800
-8.952400
-2.603200
-1.968300
-0.063490
5.650800
3.111100
7.555600
6.920600
-4.507900
-7.682500
-5.142900
-7.682500
-7.047600
-4.507900
-0.063490
6.920600
10.730000
6.285700
-3.238100
-4.507900
-3.238100
-7.682500
-10.857000
-7.682500
-2.603200
5.015900
5.650800
0.571430
0.571430
-3.873000
-7.682500
-10.857000
-4.507900
3.746000
1.841300
2.476200
10.095000
10.095000
10.095000
5.015900
1.206300
-4.507900
-7.047600
-5.142900
-1.333300
-0.063490
-0.698410
-3.238100
-2.603200
1.206300
0.571430
1.841300
1.206300
-1.333300
6.285700
5.650800
0.571430
-7.682500
-8.952400
-1.968300
0.571430
-5.142900
-8.952400
-3.873000
1.841300
3.746000
5.650800
8.190500
10.095000
12.635000
14.540000
8.190500
1.206300
-1.968300
-5.777800
-8.317500
-8.952400
-11.492000
-11.492000
-10.857000
-7.682500
0.571430
3.746000
2.476200
0.571430
1.206300
1.841300
3.746000
4.381000
-5.142900
-11.492000
-7.682500
-5.142900
-3.873000
1.206300
7.555600
9.460300
8.825400
6.920600
4.381000
2.476200
6.285700
9.460300
10.095000
8.190500
4.381000
3.746000
2.476200
-2.603200
-0.063490
-4.507900
-3.238100
9.460300
4.381000
1.206300
-1.333300
0.571430
9.460300
8.825400
6.285700
6.920600
6.285700
8.825400
8.825400
10.730000
6.920600
6.920600
13.270000
8.190500
3.746000
3.111100
3.746000
8.190500
6.285700
3.111100
1.206300
2.476200
6.285700
1.206300
-5.142900
-13.397000
-22.921000
-19.746000
-16.570999
-17.205999
-12.127000
-7.682500
2.476200
4.381000
3.111100
3.746000
6.285700
7.555600
8.190500
3.111100
-2.603200
-1.333300
-3.238100
-8.317500
-6.412700
-4.507900
0.571430
6.920600
5.015900
2.476200
1.841300
-1.968300
-2.603200
-3.873000
1.841300
6.920600
14.540000
15.810000
14.540000
11.365000
3.746000
-5.777800
-6.412700
-12.762000
-12.127000
-3.873000
-0.698410
-1.968300
-1.333300
-1.968300
3.746000
8.190500
4.381000
-3.873000
-4.507900
-2.603200
-1.333300
-1.333300
-1.333300
-5.777800
-14.032000
-12.762000
-10.222000
-8.952400
-7.047600
-1.968300
1.206300
-3.238100
-9.587300
-9.587300
-11.492000
-10.222000
-1.968300
-0.063490
-4.507900
-5.777800
-2.603200
-2.603200
-0.063490
3.746000
7.555600
6.285700
-0.698410
-7.047600
-8.317500
-3.873000
6.920600
10.730000
7.555600
10.730000
10.730000
4.381000
3.111100
4.381000
1.206300
-2.603200
-0.698410
2.476200
1.841300
-1.968300
-3.238100
3.746000
5.015900
-1.333300
3.111100
7.555600
10.730000
10.095000
1.206300
-5.777800
-1.968300
-5.142900
-5.777800
-6.412700
-8.317500
0.571430
-0.698410
-1.968300
-1.333300
1.841300
7.555600
6.285700
4.381000
3.746000
3.746000
0.571430
-8.317500
-12.762000
-9.587300
-7.047600
-0.698410
-7.047600
-16.570999
-14.667000
-4.507900
1.206300
5.015900
1.206300
1.206300
0.571430
-0.063490
-3.873000
-6.412700
-3.238100
-3.238100
-1.333300
-1.333300
-4.507900
-7.682500
4.381000
5.015900
0.571430
-2.603200
-2.603200
-1.968300
-1.968300
0.571430
-4.507900
-6.412700
-0.698410
3.746000
3.746000
-3.873000
-3.238100
-0.698410
6.920600
11.365000
11.365000
13.905000
14.540000
12.635000
18.349001
20.889000
21.524000
18.349001
9.460300
3.111100
-2.603200
-3.238100
1.841300
-2.603200
-3.873000
-1.333300
-1.968300
-5.777800
-8.317500
-12.762000
-12.127000
-6.412700
4.381000
6.285700
1.206300
-1.333300
-7.682500
-8.952400
-9.587300
-2.603200
1.206300
5.650800
11.365000
11.365000
10.730000
8.190500
5.015900
-0.063490
1.841300
3.111100
-0.698410
-3.873000
-4.507900
-0.063490
2.476200
3.746000
-0.063490
1.206300
3.111100
1.206300
-2.603200
-4.507900
4.381000
6.285700
5.015900
-0.063490
5.015900
12.000000
15.810000
10.095000
-0.063490
-3.873000
-6.412700
-7.682500
-3.238100
-3.238100
-7.047600
-10.222000
-5.777800
-5.142900
-3.873000
0.571430
3.111100
-0.063490
-1.968300
-3.238100
-1.333300
0.571430
-2.603200
-0.698410
-7.682500
-17.205999
-17.205999
-8.317500
-0.063490
-2.603200
-5.777800
-0.698410
4.381000
8.190500
6.285700
1.206300
3.746000
12.000000
9.460300
6.285700
8.825400
10.730000
9.460300
1.206300
-0.063490
-1.333300
-3.238100
-4.507900
-4.507900
-5.142900
-5.777800
-8.317500
-13.397000
-19.111000
-24.190001
-23.556000
-19.746000
-13.397000
-10.857000
-8.952400
-1.968300
2.476200
8.190500
12.635000
11.365000
10.095000
6.285700
1.841300
-0.063490
-5.142900
-14.667000
-20.381001
-24.825001
-20.381001
-14.667000
-9.587300
-0.063490
5.650800
8.825400
13.905000
15.810000
14.540000
13.905000
16.444000
15.175000
16.444000
11.365000
5.650800
1.841300
-2.603200
3.111100
4.381000
-0.698410
-0.698410
3.111100
5.650800
10.730000
17.079000
22.794001
22.159000
22.794001
16.444000
11.365000
11.365000
10.730000
6.285700
5.650800
1.841300
-1.333300
2.476200
4.381000
6.920600
5.015900
1.206300
5.015900
8.825400
13.270000
14.540000
11.365000
10.095000
11.365000
7.555600
3.111100
2.476200
-1.968300
5.650800
6.285700
-3.873000
-5.142900
1.841300
-6.412700
-13.397000
-21.650999
-25.459999
-24.825001
-28.635000
-28.000000
-18.476000
-12.127000
-5.777800
-0.698410
3.746000
2.476200
-0.063490
-0.698410
-3.238100
-7.047600
-10.857000
-17.205999
-12.127000
-8.952400
-15.302000
-14.032000
-6.412700
-14.667000
-21.016001
-15.937000
-10.857000
-7.047600
-0.063490
8.825400
12.635000
18.349001
20.254000
16.444000
12.000000
17.714001
17.714001
18.349001
18.349001
10.730000
1.841300
1.841300
9.460300
9.460300
6.285700
0.571430
-5.777800
-4.507900
-6.412700
-5.142900
-3.238100
-4.507900
-3.873000
-5.777800
1.206300
1.841300
-1.968300
-1.968300
-0.063490
7.555600
10.095000
8.825400
7.555600
5.015900
5.650800
1.206300
