-7.492100
-15.111000
-17.650999
-7.492100
-4.952400
-9.396800
2.666700
5.206300
7.111100
1.396800
-5.587300
2.666700
1.396800
5.206300
2.031700
9.650800
9.650800
-4.317500
-8.127000
-7.492100
-7.492100
-4.317500
-6.857100
0.126980
14.730000
15.365000
22.349001
16.000000
24.254000
29.968000
29.968000
22.983999
13.460000
10.286000
8.381000
2.666700
-0.507940
2.031700
7.111100
3.301600
-9.396800
5.841300
5.841300
9.650800
-10.667000
-10.667000
-6.222200
-8.761900
-14.476000
-16.381001
-8.127000
-10.667000
-20.190001
-6.857100
-10.667000
0.126980
1.396800
-6.857100
-8.127000
-8.761900
-3.682500
-11.302000
-6.222200
-0.507940
5.841300
-4.317500
-1.142900
-8.127000
-0.507940
-5.587300
-6.222200
-3.682500
-15.111000
-7.492100
-0.507940
3.936500
2.031700
0.126980
1.396800
5.206300
6.476200
8.381000
-4.317500
-9.396800
-6.857100
-0.507940
-6.222200
5.206300
24.254000
17.905001
7.746000
11.556000
7.111100
-3.047600
-1.142900
-3.047600
4.571400
-2.412700
0.761900
3.936500
-5.587300
0.761900
9.650800
-4.317500
-10.032000
-4.952400
-1.777800
14.095000
12.825000
-3.047600
1.396800
6.476200
0.761900
-11.937000
-18.921000
-18.921000
-19.556000
-23.365000
-22.730000
-33.523998
-29.714001
-22.094999
-10.032000
0.126980
4.571400
7.746000
3.936500
3.936500
1.396800
22.349001
8.381000
12.190000
24.254000
23.618999
31.238001
20.444000
-1.777800
-6.222200
-7.492100
0.761900
-2.412700
0.761900
-13.206000
-11.302000
5.206300
-6.222200
3.301600
5.206300
0.126980
4.571400
1.396800
10.921000
6.476200
11.556000
-1.777800
-1.142900
7.746000
1.396800
7.746000
5.841300
8.381000
6.476200
3.301600
-1.142900
3.301600
1.396800
-4.952400
2.031700
5.206300
4.571400
4.571400
8.381000
14.730000
5.206300
6.476200
2.031700
-3.047600
2.666700
2.666700
13.460000
7.746000
3.301600
-11.302000
-21.459999
-18.921000
-17.650999
-10.032000
-1.142900
-12.571000
1.396800
1.396800
-11.937000
-8.127000
-4.952400
-10.032000
-5.587300
-2.412700
-7.492100
-4.952400
-4.317500
-3.047600
3.936500
-4.317500
-3.047600
-6.222200
-4.317500
10.286000
3.936500
10.921000
-2.412700
0.761900
12.825000
-4.952400
7.746000
-3.047600
-3.047600
16.000000
-10.032000
-6.857100
-6.222200
6.476200
13.460000
1.396800
7.746000
7.111100
0.761900
9.015900
-1.142900
-0.507940
1.396800
2.666700
9.015900
-2.412700
-3.047600
1.396800
-4.952400
-9.396800
-9.396800
-14.476000
-15.746000
-6.222200
3.301600
3.301600
19.809999
4.571400
1.396800
2.031700
15.365000
2.666700
3.301600
-4.317500
-4.952400
0.761900
-7.492100
-11.937000
-10.667000
-8.761900
-18.921000
-11.937000
-5.587300
2.666700
3.936500
11.556000
17.270000
21.079000
8.381000
2.031700
1.396800
5.206300
-5.587300
-14.476000
-13.206000
-12.571000
-5.587300
-8.127000
-8.761900
5.206300
-10.667000
2.031700
-1.142900
-10.667000
-4.952400
0.761900
-0.507940
2.031700
2.666700
-5.587300
7.746000
-1.777800
-3.047600
1.396800
2.031700
3.936500
0.761900
7.111100
-3.682500
7.746000
12.190000
-2.412700
7.111100
8.381000
3.301600
2.666700
-5.587300
-9.396800
5.841300
2.666700
10.286000
11.556000
14.095000
-1.142900
-3.047600
6.476200
2.031700
4.571400
-1.142900
-17.650999
-8.761900
-3.047600
-1.777800
-1.142900
-9.396800
-6.857100
-13.206000
-4.317500
-5.587300
-6.857100
14.730000
26.794001
18.540001
18.540001
25.524000
21.714001
17.270000
14.095000
-1.142900
0.126980
5.841300
-6.857100
-2.412700
-6.222200
-6.857100
0.126980
-5.587300
0.126980
3.936500
13.460000
26.159000
13.460000
7.111100
16.000000
11.556000
14.730000
-7.492100
-7.492100
-22.730000
-32.254002
-17.650999
-27.809999
-21.459999
-4.317500
-15.746000
-7.492100
-11.302000
-10.032000
-4.317500
0.761900
7.746000
10.921000
9.650800
19.809999
18.540001
13.460000
24.254000
21.079000
-1.777800
4.571400
-4.317500
-13.206000
-8.127000
-11.302000
-5.587300
-6.222200
1.396800
-3.047600
-5.587300
-3.047600
-6.222200
0.761900
-7.492100
7.111100
10.921000
17.270000
19.809999
12.825000
14.095000
-0.507940
-8.761900
0.126980
0.126980
-2.412700
-2.412700
-2.412700
-1.777800
0.126980
-3.047600
19.174999
7.746000
-4.317500
0.761900
-2.412700
-6.857100
-11.302000
-22.094999
-16.381001
-11.937000
-6.857100
-13.206000
-6.222200
-11.302000
-2.412700
-2.412700
-6.857100
5.841300
2.031700
10.286000
7.111100
9.015900
14.095000
0.761900
7.111100
-1.142900
-11.302000
-3.682500
-1.777800
-3.682500
-3.047600
-6.857100
-0.507940
7.111100
0.126980
8.381000
7.746000
2.666700
-0.507940
0.761900
-2.412700
-1.142900
-0.507940
-8.761900
-4.952400
-8.761900
-7.492100
-8.761900
0.761900
12.190000
14.095000
5.206300
2.031700
10.286000
12.825000
0.126980
5.841300
11.556000
-15.111000
-6.222200
-15.746000
-14.476000
-6.222200
-1.142900
-1.777800
-13.841000
-6.857100
0.761900
9.650800
3.936500
2.666700
14.730000
7.111100
10.921000
14.095000
13.460000
0.126980
0.761900
-4.317500
8.381000
-0.507940
7.746000
5.206300
2.666700
-3.682500
-6.857100
-8.127000
-8.127000
-0.507940
-13.206000
-6.857100
6.476200
15.365000
7.111100
7.746000
11.556000
10.286000
2.666700
4.571400
1.396800
10.921000
10.921000
-9.396800
-10.032000
-4.952400
-17.016001
-18.285999
-10.667000
-2.412700
1.396800
5.841300
0.126980
0.126980
23.618999
8.381000
11.556000
14.730000
9.650800
-1.777800
2.666700
-11.302000
-8.761900
-4.317500
-3.682500
-11.302000
-17.016001
-13.841000
-8.761900
-3.682500
2.666700
24.254000
3.301600
14.095000
28.698000
17.270000
26.794001
16.635000
-8.127000
-17.016001
-6.857100
-13.841000
-13.206000
-21.459999
-16.381001
-8.761900
-5.587300
-4.952400
-1.777800
-1.142900
0.761900
5.206300
5.841300
7.746000
24.254000
21.079000
22.349001
22.349001
12.825000
8.381000
8.381000
0.761900
-16.381001
-14.476000
-20.190001
-22.094999
-15.111000
-6.222200
5.206300
-0.507940
14.095000
2.666700
0.126980
21.079000
15.365000
16.000000
10.921000
10.286000
8.381000
-3.047600
-2.412700
-17.016001
-18.285999
-11.937000
-18.285999
-24.000000
-17.016001
-13.841000
-8.761900
-3.682500
0.126980
10.921000
16.000000
15.365000
7.746000
13.460000
9.650800
-3.047600
-1.777800
-7.492100
-9.396800
-10.032000
-15.111000
-22.730000
-17.016001
-17.016001
-20.190001
-0.507940
-0.507940
3.936500
12.190000
18.540001
23.618999
16.635000
14.730000
22.349001
21.714001
25.524000
32.507999
3.936500
-1.142900
2.666700
-3.047600
-10.032000
-17.016001
-20.825001
-20.825001
-8.127000
-12.571000
-15.111000
-9.396800
-10.032000
-2.412700
10.286000
1.396800
-8.761900
-6.222200
-0.507940
-4.952400
-4.952400
-6.857100
-8.127000
3.936500
-4.317500
-6.222200
2.666700
1.396800
2.666700
5.206300
0.761900
3.936500
3.301600
7.111100
7.111100
7.746000
2.666700
9.015900
14.730000
15.365000
35.682999
23.618999
26.794001
22.349001
10.286000
19.809999
1.396800
-1.142900
-8.127000
-6.857100
1.396800
-0.507940
3.936500
1.396800
-3.682500
5.206300
5.206300
0.761900
8.381000
7.746000
6.476200
10.921000
8.381000
8.381000
15.365000
17.270000
1.396800
-0.507940
-11.937000
-27.174999
-31.618999
-17.016001
0.126980
-7.492100
-10.667000
5.206300
12.825000
2.031700
1.396800
8.381000
20.444000
19.809999
10.921000
2.666700
1.396800
10.286000
-6.857100
-11.302000
-9.396800
-10.032000
-16.381001
-27.809999
-19.556000
-25.270000
-22.730000
-19.556000
-19.556000
-10.667000
-8.127000
-8.761900
-11.302000
2.666700
-8.127000
-0.507940
3.936500
-2.412700
-6.857100
-8.127000
-0.507940
-7.492100
5.206300
7.111100
-17.650999
-11.302000
-10.667000
-6.222200
-10.032000
-7.492100
-7.492100
-11.937000
-2.412700
-0.507940
-3.682500
5.206300
17.905001
26.159000
3.301600
11.556000
14.095000
-3.682500
-1.777800
-12.571000
-25.270000
-17.016001
3.301600
0.126980
-6.857100
-1.142900
7.746000
12.825000
15.365000
9.650800
19.809999
-8.127000
0.761900
11.556000
10.286000
3.936500
-4.952400
-1.142900
-18.921000
-18.285999
-8.127000
-13.206000
-13.841000
-3.047600
2.031700
7.746000
10.921000
10.921000
10.921000
22.983999
7.746000
5.206300
18.540001
14.730000
8.381000
7.746000
3.936500
1.396800
-8.127000
-0.507940
2.666700
1.396800
9.650800
10.286000
12.190000
2.666700
1.396800
10.286000
-9.396800
10.286000
15.365000
-3.682500
-7.492100
-8.761900
-1.777800
-4.317500
-7.492100
2.666700
7.746000
1.396800
5.206300
12.190000
16.635000
9.015900
10.286000
0.126980
9.650800
5.841300
9.650800
6.476200
2.666700
-7.492100
-3.682500
-6.857100
-8.127000
-5.587300
-8.127000
-2.412700
-0.507940
-3.682500
1.396800
3.301600
0.761900
0.126980
-4.317500
3.936500
-6.857100
-15.746000
-15.746000
-22.730000
-27.174999
-25.905001
-19.556000
-16.381001
-6.857100
3.301600
-1.142900
-1.142900
0.126980
8.381000
24.254000
14.095000
5.841300
5.206300
4.571400
1.396800
16.000000
7.111100
-0.507940
-11.937000
-10.667000
0.126980
-7.492100
-4.952400
-4.317500
-3.047600
4.571400
5.841300
2.666700
0.126980
12.825000
2.031700
18.540001
13.460000
2.031700
4.571400
-2.412700
1.396800
11.556000
18.540001
7.111100
7.111100
10.921000
3.936500
15.365000
-8.127000
-14.476000
-7.492100
-3.682500
3.936500
9.015900
14.730000
7.746000
3.301600
3.301600
2.031700
14.730000
15.365000
21.079000
17.905001
12.190000
1.396800
-0.507940
3.301600
-28.444000
-14.476000
-20.825001
-14.476000
-24.000000
-15.111000
-4.317500
-4.317500
0.761900
-0.507940
14.095000
5.206300
10.286000
5.206300
-6.222200
-3.047600
4.571400
10.286000
-8.761900
-12.571000
-11.937000
-20.825001
-17.016001
-18.285999
-23.365000
-22.094999
-16.381001
-10.667000
-3.682500
11.556000
5.206300
9.650800
13.460000
13.460000
20.444000
11.556000
6.476200
-2.412700
-4.952400
-4.952400
-16.381001
-17.650999
-10.667000
-15.746000
-11.937000
9.650800
-3.682500
0.126980
7.746000
7.746000
18.540001
24.254000
33.143002
33.143002
13.460000
10.921000
-0.507940
-4.952400
-7.492100
-18.921000
-18.285999
-17.650999
-17.016001
-9.396800
-8.761900
-6.222200
1.396800
2.666700
0.761900
0.761900
4.571400
0.126980
3.936500
1.396800
5.206300
-1.142900
6.476200
17.270000
8.381000
11.556000
12.190000
16.000000
22.349001
17.905001
24.889000
23.618999
9.650800
13.460000
5.841300
17.270000
13.460000
7.746000
13.460000
-1.777800
-1.142900
-8.127000
-8.761900
-9.396800
-9.396800
1.396800
-6.222200
-8.761900
-7.492100
-6.857100
-1.777800
2.031700
-4.317500
-2.412700
-11.302000
-6.857100
-4.952400
-18.921000
-23.365000
-13.841000
