-5.853700
-10.407000
-11.057000
-5.853700
-8.455300
-10.407000
3.252000
10.407000
14.959000
11.707000
6.504100
7.804900
2.601600
3.902400
3.902400
7.804900
1.300800
-2.601600
-5.853700
-3.252000
-7.154500
-11.057000
-13.008000
-9.105700
1.951200
8.455300
18.211000
15.610000
18.862000
20.163000
21.462999
23.415001
15.610000
11.057000
8.455300
9.756100
1.300800
2.601600
0.000000
3.252000
-5.203300
5.203300
3.252000
-1.951200
-14.959000
-17.561001
-10.407000
-13.659000
-14.309000
-20.813000
-16.910999
-13.008000
-19.511999
-11.057000
-11.057000
-4.552800
1.951200
-7.804900
-2.601600
-3.902400
-2.601600
-6.504100
-1.951200
1.951200
4.552800
0.650410
-3.902400
-10.407000
-2.601600
-3.252000
-5.853700
-1.951200
-9.756100
-11.057000
-8.455300
5.203300
3.902400
-0.650410
-3.252000
-3.902400
-7.154500
-5.853700
-5.853700
-11.707000
-7.154500
0.650410
-3.252000
7.804900
26.016001
24.065001
18.211000
13.008000
9.105700
-0.650410
-3.902400
-7.804900
-5.203300
-9.105700
-5.203300
-2.601600
-5.203300
-5.853700
-2.601600
0.000000
-1.951200
3.252000
13.659000
18.862000
18.862000
14.309000
15.610000
17.561001
14.309000
-1.300800
-13.008000
-17.561001
-17.561001
-24.065001
-27.316999
-31.870001
-31.219999
-26.667000
-10.407000
-7.154500
-0.650410
1.951200
0.650410
5.203300
0.650410
11.707000
9.105700
14.309000
20.813000
24.715000
29.919001
18.862000
1.951200
-5.203300
-7.804900
-3.252000
-6.504100
-7.154500
-13.008000
-14.959000
0.000000
-2.601600
1.300800
5.853700
6.504100
13.659000
10.407000
11.057000
12.358000
16.910999
9.756100
2.601600
1.951200
-3.902400
7.154500
6.504100
0.000000
2.601600
3.252000
1.951200
2.601600
-4.552800
-12.358000
-5.203300
-3.252000
-0.650410
-0.650410
3.902400
2.601600
5.203300
3.902400
-3.902400
-5.853700
1.951200
11.057000
13.008000
6.504100
3.252000
-11.057000
-16.910999
-12.358000
-15.610000
-5.853700
2.601600
-6.504100
-1.300800
-0.650410
-5.203300
-4.552800
-4.552800
-9.105700
-6.504100
-4.552800
-3.252000
2.601600
10.407000
6.504100
3.252000
-1.300800
3.252000
-2.601600
-3.252000
7.804900
3.252000
-2.601600
-14.959000
-9.105700
1.300800
-9.756100
-3.902400
-6.504100
-5.203300
3.252000
-7.154500
-1.300800
0.000000
9.105700
9.105700
6.504100
17.561001
14.959000
13.008000
16.260000
7.804900
10.407000
15.610000
13.008000
13.008000
1.951200
-0.650410
-8.455300
-9.756100
-14.959000
-13.008000
-12.358000
-13.659000
-13.008000
-3.252000
0.000000
14.309000
9.105700
11.057000
16.260000
14.309000
12.358000
10.407000
5.853700
3.252000
3.252000
-1.951200
-6.504100
-8.455300
-12.358000
-16.910999
-12.358000
-8.455300
0.650410
1.300800
4.552800
12.358000
11.707000
5.853700
3.252000
0.000000
1.300800
-7.154500
-9.105700
-11.057000
-18.211000
-13.659000
-14.309000
-11.057000
-4.552800
-10.407000
-1.951200
-4.552800
-7.154500
-9.105700
-4.552800
-1.951200
5.203300
-0.650410
-1.951200
5.853700
-0.650410
-0.650410
3.252000
-1.951200
0.650410
-2.601600
-3.902400
0.650410
1.300800
-1.300800
-7.804900
-1.300800
-1.951200
5.203300
6.504100
-3.902400
-11.707000
0.000000
4.552800
6.504100
13.008000
14.959000
5.853700
2.601600
7.154500
4.552800
8.455300
2.601600
-9.105700
-3.902400
1.300800
2.601600
1.951200
-8.455300
-12.358000
-11.707000
-3.902400
-4.552800
-7.154500
11.707000
15.610000
16.910999
18.862000
20.163000
20.163000
21.462999
18.862000
8.455300
7.154500
9.105700
2.601600
3.252000
-5.203300
-3.902400
-2.601600
-7.154500
-3.252000
-1.300800
8.455300
10.407000
6.504100
7.154500
6.504100
3.252000
-1.951200
-12.358000
-12.358000
-23.415001
-27.966999
-24.065001
-29.919001
-22.764000
-11.707000
-14.309000
-11.057000
-7.804900
-4.552800
2.601600
4.552800
14.309000
23.415001
20.813000
26.016001
27.966999
23.415001
28.618000
27.966999
7.154500
7.804900
-0.650410
-5.203300
-4.552800
-7.804900
-7.154500
-3.252000
-3.902400
-11.707000
-15.610000
-19.511999
-14.959000
-3.902400
-7.154500
-3.252000
1.951200
11.057000
19.511999
15.610000
14.309000
7.154500
-5.203300
-2.601600
-1.300800
1.951200
1.951200
-2.601600
-1.300800
1.300800
6.504100
13.659000
2.601600
-0.650410
-3.252000
-8.455300
-9.105700
-11.707000
-19.511999
-14.959000
-10.407000
-6.504100
-3.902400
0.000000
-3.252000
-3.252000
-2.601600
-4.552800
4.552800
1.951200
7.154500
1.951200
0.650410
7.804900
-2.601600
-1.951200
-7.804900
-15.610000
-11.057000
-9.756100
-5.853700
-7.804900
-9.756100
-1.300800
2.601600
5.203300
3.252000
15.610000
13.659000
3.902400
11.707000
-0.650410
-0.650410
4.552800
-1.300800
-0.650410
-1.300800
-6.504100
-2.601600
5.203300
9.105700
6.504100
3.252000
3.252000
7.154500
3.902400
-11.707000
-9.756100
-11.707000
-19.511999
-10.407000
-18.211000
-13.659000
-2.601600
-3.902400
-6.504100
-13.008000
-5.853700
1.951200
9.105700
9.756100
7.154500
11.057000
9.105700
9.105700
10.407000
3.252000
-6.504100
-3.252000
1.951200
17.561001
7.804900
14.309000
6.504100
-0.650410
1.300800
1.300800
-1.951200
-11.057000
-4.552800
-11.057000
-0.650410
9.105700
10.407000
5.203300
5.853700
5.853700
9.756100
5.853700
5.203300
11.057000
18.862000
16.260000
3.902400
1.951200
-1.300800
-6.504100
-5.853700
-1.951200
0.650410
1.300800
0.650410
-3.252000
-0.650410
14.309000
12.358000
16.910999
10.407000
9.756100
7.804900
8.455300
1.951200
-0.650410
-2.601600
-9.756100
-17.561001
-19.511999
-17.561001
-12.358000
-4.552800
1.951200
11.707000
5.203300
8.455300
10.407000
9.756100
14.959000
5.853700
-6.504100
-16.260000
-11.057000
-16.910999
-14.959000
-13.008000
-9.105700
-5.203300
-1.951200
-5.853700
-6.504100
-3.252000
4.552800
3.252000
-2.601600
3.252000
13.008000
14.309000
16.260000
12.358000
7.804900
1.951200
1.951200
4.552800
-6.504100
-3.252000
-7.804900
-11.707000
-7.154500
-0.650410
8.455300
9.756100
9.105700
3.252000
-0.650410
2.601600
0.650410
5.203300
-1.300800
-5.853700
-6.504100
-7.804900
-3.902400
-9.756100
-6.504100
0.000000
-5.203300
-11.057000
-5.203300
-3.902400
0.000000
-1.951200
1.300800
8.455300
6.504100
11.707000
1.300800
2.601600
-4.552800
-17.561001
-14.309000
-11.707000
-7.804900
-7.154500
-9.105700
-21.462999
-22.764000
-15.610000
-13.659000
-3.252000
3.252000
7.804900
13.008000
17.561001
20.163000
23.415001
26.016001
31.870001
32.520000
32.520000
32.520000
20.163000
11.057000
9.105700
-1.951200
-7.154500
-13.008000
-13.008000
-13.659000
-5.853700
-17.561001
-18.211000
-13.008000
-11.707000
-4.552800
-1.300800
-11.707000
-7.804900
-4.552800
-3.252000
-2.601600
-3.252000
-7.804900
-11.707000
-3.252000
-1.951200
-5.203300
0.000000
0.650410
-1.300800
1.951200
0.000000
2.601600
3.252000
3.252000
0.000000
-3.252000
-0.650410
1.951200
11.057000
14.959000
22.764000
16.910999
19.511999
19.511999
9.105700
7.154500
1.300800
-4.552800
-10.407000
-7.154500
-5.203300
-5.203300
0.650410
2.601600
4.552800
6.504100
5.853700
4.552800
4.552800
3.902400
7.154500
10.407000
10.407000
7.154500
5.203300
0.650410
-7.154500
-7.154500
-10.407000
-19.511999
-25.365999
-10.407000
0.000000
-2.601600
-1.951200
5.203300
7.804900
1.951200
3.902400
8.455300
22.764000
23.415001
13.008000
5.203300
2.601600
9.105700
-0.650410
-6.504100
-9.105700
-3.902400
-13.008000
-18.211000
-17.561001
-16.260000
-10.407000
-6.504100
-10.407000
-14.959000
-14.309000
-9.105700
-3.252000
0.650410
1.300800
-1.951200
-2.601600
-9.105700
-7.154500
-3.252000
-1.300800
-7.154500
0.000000
-0.650410
-12.358000
-3.252000
-10.407000
-11.057000
-10.407000
-5.853700
-6.504100
-8.455300
-6.504100
-3.902400
-2.601600
6.504100
18.211000
20.813000
5.203300
7.154500
12.358000
2.601600
1.951200
-1.951200
-12.358000
-18.211000
-2.601600
-3.252000
-5.853700
4.552800
9.756100
7.804900
7.804900
5.853700
8.455300
3.902400
8.455300
5.203300
-0.650410
-2.601600
-9.756100
-6.504100
-17.561001
-16.910999
-5.203300
-4.552800
-3.902400
2.601600
3.902400
7.804900
13.008000
13.008000
13.659000
10.407000
5.853700
5.203300
10.407000
9.756100
11.707000
13.008000
6.504100
0.650410
-9.105700
-7.804900
-3.252000
1.951200
6.504100
7.154500
7.154500
0.650410
-3.252000
3.902400
-1.300800
11.057000
8.455300
2.601600
-2.601600
-5.203300
5.203300
1.951200
-4.552800
2.601600
-0.650410
-5.203300
3.902400
8.455300
10.407000
2.601600
0.650410
-1.951200
5.203300
5.853700
4.552800
7.804900
3.902400
-5.853700
-2.601600
-8.455300
-10.407000
-5.853700
-5.853700
-5.203300
2.601600
0.000000
3.902400
7.154500
3.252000
1.300800
-5.203300
3.252000
-9.105700
-15.610000
-11.707000
-18.862000
-24.065001
-20.813000
-14.959000
-11.057000
-7.154500
-3.902400
-0.650410
-1.951200
-0.650410
11.057000
21.462999
11.057000
5.853700
4.552800
-1.951200
-1.300800
6.504100
8.455300
3.252000
-10.407000
-13.008000
-5.203300
-5.853700
3.902400
0.650410
0.650410
7.804900
9.105700
11.057000
1.951200
5.203300
6.504100
16.260000
12.358000
-1.300800
-5.203300
-5.853700
-3.902400
0.650410
5.203300
8.455300
4.552800
-1.300800
-4.552800
5.203300
0.000000
-6.504100
-6.504100
-6.504100
-3.902400
9.756100
16.910999
10.407000
5.853700
6.504100
10.407000
16.910999
16.260000
16.910999
20.163000
16.910999
7.154500
1.300800
-3.902400
-21.462999
-7.804900
-11.707000
-14.959000
-11.057000
-9.105700
4.552800
3.902400
3.902400
0.650410
9.756100
7.154500
11.057000
11.707000
-0.650410
-1.951200
0.000000
1.300800
-10.407000
-13.008000
-16.910999
-24.065001
-26.016001
-26.667000
-26.016001
-23.415001
-22.764000
-18.862000
-11.057000
0.650410
9.105700
10.407000
13.008000
14.309000
14.309000
7.804900
9.756100
6.504100
1.951200
-3.902400
-11.707000
-13.659000
-8.455300
-18.862000
-13.659000
-1.300800
-6.504100
0.000000
7.154500
8.455300
13.659000
22.764000
28.618000
28.618000
13.008000
6.504100
-0.650410
-3.252000
-4.552800
-7.804900
-7.804900
-12.358000
-7.804900
-5.203300
-11.057000
-6.504100
2.601600
3.252000
1.951200
3.902400
3.902400
-4.552800
-5.203300
-4.552800
3.902400
0.000000
5.203300
16.910999
12.358000
16.260000
18.862000
14.309000
20.813000
21.462999
14.309000
16.910999
9.756100
12.358000
5.203300
6.504100
9.756100
7.804900
15.610000
2.601600
-6.504100
-7.154500
-8.455300
-5.203300
-1.951200
-4.552800
-4.552800
-5.203300
-5.853700
-1.951200
0.000000
1.300800
1.300800
2.601600
-1.300800
-4.552800
-8.455300
-11.057000
-14.309000
-9.756100
