-9.017700
-18.035000
-14.815000
-14.815000
-3.220600
-4.508900
10.306000
13.527000
0.644120
1.288200
-4.508900
8.373600
2.576500
10.306000
1.288200
1.288200
3.220600
-12.238000
-14.815000
-19.323999
-12.238000
-14.815000
-17.391001
-11.594000
1.932400
5.153000
14.815000
6.441200
16.103001
19.968000
26.409000
26.409000
6.441200
3.220600
8.373600
4.508900
0.000000
0.644120
3.220600
5.153000
-14.815000
5.797100
19.323999
9.017700
-14.171000
-11.594000
-7.729500
-12.238000
-14.171000
-11.594000
-11.594000
-7.085300
-16.747000
-5.153000
-12.882000
-12.238000
1.288200
-2.576500
-8.373600
-7.729500
-1.288200
-18.035000
-12.238000
-5.797100
4.508900
-7.729500
-7.729500
-7.085300
-1.932400
2.576500
-3.864700
0.000000
-5.153000
-5.797100
-3.864700
7.085300
3.864700
-12.238000
-9.661800
5.797100
1.288200
3.864700
-3.220600
-10.306000
-7.085300
0.644120
-2.576500
2.576500
30.917999
12.238000
16.103001
14.815000
16.103001
1.288200
-1.288200
-1.288200
14.171000
1.288200
7.085300
12.238000
-1.288200
9.661800
19.968000
5.797100
-13.527000
-4.508900
-1.932400
32.206001
18.035000
4.508900
18.035000
11.594000
14.815000
-5.797100
-15.459000
-23.188000
-23.833000
-32.849998
-17.391001
-41.868000
-30.917999
-17.391001
-4.508900
6.441200
8.373600
5.797100
13.527000
12.238000
-1.932400
18.680000
11.594000
18.035000
19.323999
17.391001
19.323999
10.950000
3.864700
-5.153000
-19.968000
-6.441200
-12.238000
-1.932400
-14.815000
-19.968000
-3.864700
-18.035000
-5.153000
-4.508900
-3.864700
-2.576500
-1.288200
3.864700
1.288200
1.932400
-10.306000
1.288200
4.508900
-5.797100
6.441200
9.017700
10.950000
12.238000
4.508900
8.373600
1.288200
-5.797100
-20.612000
-5.797100
-3.220600
-3.864700
-4.508900
8.373600
20.612000
22.544001
9.661800
12.882000
14.815000
14.171000
13.527000
16.103001
9.661800
-0.644120
-12.238000
-19.968000
-12.238000
-12.882000
-7.085300
-9.017700
-21.256001
-12.238000
1.932400
-12.882000
-9.661800
-5.153000
-16.103001
-10.950000
-1.932400
3.220600
-3.220600
7.085300
-1.932400
4.508900
-1.932400
-0.644120
-10.306000
-6.441200
13.527000
5.153000
14.815000
-1.932400
0.000000
4.508900
-9.661800
1.932400
-12.238000
-6.441200
15.459000
-15.459000
-5.153000
-7.085300
16.103001
21.256001
1.932400
13.527000
7.729500
4.508900
14.815000
-6.441200
2.576500
7.729500
1.288200
26.409000
-13.527000
-13.527000
-7.729500
-11.594000
-16.103001
-15.459000
-14.171000
-19.323999
0.644120
10.950000
3.220600
21.900000
4.508900
3.220600
16.747000
16.747000
9.661800
12.882000
7.729500
1.288200
-3.864700
-9.017700
-11.594000
-10.950000
-24.476999
-23.188000
-11.594000
-11.594000
-2.576500
9.017700
0.000000
5.153000
11.594000
5.797100
7.729500
10.306000
4.508900
1.288200
1.288200
12.882000
-7.729500
-0.644120
2.576500
-2.576500
17.391001
-6.441200
3.220600
-8.373600
-11.594000
-6.441200
-1.932400
0.000000
1.932400
14.171000
-2.576500
12.238000
5.153000
0.644120
3.864700
1.932400
10.306000
11.594000
-5.153000
-4.508900
18.680000
12.238000
-1.288200
6.441200
-0.644120
0.000000
-3.864700
-13.527000
-5.153000
-4.508900
-3.220600
6.441200
9.017700
15.459000
5.153000
-5.153000
5.797100
-8.373600
-0.644120
-10.306000
-10.306000
-9.661800
-6.441200
2.576500
-3.220600
-9.017700
-12.882000
-16.747000
6.441200
-1.288200
-12.882000
10.950000
1.932400
2.576500
5.797100
9.661800
10.306000
16.747000
17.391001
-7.729500
-9.661800
-3.864700
-9.017700
-3.220600
-10.950000
-15.459000
-11.594000
-24.476999
-8.373600
-0.644120
16.747000
34.138000
12.238000
6.441200
11.594000
0.644120
10.950000
-3.220600
9.017700
-7.729500
-24.476999
-1.288200
-30.917999
-14.815000
15.459000
-10.950000
-12.882000
-7.729500
-12.882000
-9.661800
3.220600
12.238000
17.391001
24.476999
28.986000
26.409000
14.815000
28.341000
33.493999
0.644120
5.797100
0.000000
-3.220600
5.153000
-3.220600
1.932400
-4.508900
5.153000
-10.950000
-12.882000
-8.373600
-7.729500
-2.576500
-12.238000
-4.508900
5.797100
9.017700
15.459000
22.544001
23.833000
9.017700
5.153000
15.459000
-5.153000
-4.508900
-5.153000
-10.950000
-9.017700
-4.508900
-16.747000
14.815000
-1.288200
-16.103001
-18.035000
-9.661800
-12.238000
-6.441200
-13.527000
-3.864700
2.576500
-11.594000
-5.153000
9.661800
-13.527000
-2.576500
0.644120
-19.323999
11.594000
-1.932400
10.950000
16.747000
17.391001
27.052999
2.576500
8.373600
6.441200
-10.306000
1.288200
0.644120
-6.441200
-5.153000
-16.103001
0.644120
-6.441200
-1.932400
5.153000
12.882000
10.306000
0.644120
-2.576500
-7.085300
-8.373600
-9.661800
-8.373600
-12.238000
-7.085300
-0.644120
-3.864700
1.932400
19.968000
12.882000
15.459000
0.000000
10.950000
14.171000
0.000000
6.441200
9.017700
-3.864700
16.103001
-9.017700
-12.882000
-7.729500
-12.238000
-4.508900
-30.274000
-21.900000
-23.188000
-9.017700
-5.797100
-1.932400
12.238000
14.815000
4.508900
10.306000
18.035000
-5.153000
1.288200
-7.729500
9.661800
-1.932400
7.729500
0.644120
-3.220600
-3.864700
-7.729500
-9.017700
-11.594000
-6.441200
-9.017700
8.373600
11.594000
17.391001
-3.220600
5.153000
7.085300
5.153000
-7.085300
-5.797100
-10.950000
13.527000
0.644120
-16.747000
-12.238000
-9.661800
-6.441200
-9.661800
-0.644120
5.797100
12.882000
21.900000
6.441200
7.085300
29.629999
10.950000
8.373600
-1.288200
6.441200
-10.306000
-3.864700
-14.815000
-7.729500
-4.508900
-9.017700
-12.238000
-11.594000
-9.661800
-8.373600
-7.085300
1.288200
26.409000
-2.576500
15.459000
16.747000
13.527000
23.833000
17.391001
-7.085300
-18.035000
-1.932400
-18.035000
-9.661800
-20.612000
-16.103001
-16.747000
-10.306000
-16.103001
-5.797100
-4.508900
12.238000
7.085300
5.153000
14.171000
17.391001
12.882000
18.035000
22.544001
5.797100
-6.441200
-0.644120
5.797100
-10.306000
0.644120
-2.576500
-18.035000
-10.306000
11.594000
-3.220600
-9.017700
0.644120
-8.373600
-2.576500
20.612000
5.153000
14.815000
15.459000
0.644120
10.306000
0.644120
4.508900
-10.306000
-10.950000
-3.220600
-5.153000
-18.680000
-11.594000
-10.950000
-5.153000
3.220600
1.288200
8.373600
9.661800
20.612000
-5.153000
6.441200
-0.644120
-3.220600
-0.644120
-3.220600
4.508900
4.508900
-4.508900
-11.594000
-2.576500
-12.238000
-27.697001
-7.085300
-4.508900
2.576500
18.680000
22.544001
27.052999
25.764999
21.256001
31.562000
27.697001
27.052999
21.256001
2.576500
0.000000
7.085300
-3.220600
-10.306000
-21.256001
-16.103001
-22.544001
-7.729500
-21.900000
-23.188000
-18.680000
-12.238000
-6.441200
15.459000
8.373600
-4.508900
5.797100
3.220600
2.576500
9.017700
-8.373600
-10.950000
-4.508900
-5.153000
-8.373600
-13.527000
-5.153000
-10.950000
-5.153000
4.508900
-4.508900
-1.288200
-1.288200
5.797100
5.797100
0.644120
-0.644120
7.729500
12.238000
44.444000
14.815000
21.900000
29.629999
10.950000
19.968000
-0.644120
0.644120
-4.508900
-1.932400
0.000000
0.644120
2.576500
0.000000
-6.441200
-3.864700
-3.864700
6.441200
1.932400
-5.153000
-7.729500
7.729500
3.864700
5.153000
15.459000
18.680000
9.017700
21.256001
-15.459000
-35.426998
-31.562000
-19.323999
3.864700
-5.797100
-4.508900
13.527000
26.409000
16.103001
9.017700
18.680000
27.697001
24.476999
6.441200
-3.220600
1.932400
35.426998
-5.153000
-12.882000
-12.882000
-17.391001
-21.256001
-31.562000
-15.459000
-19.323999
-16.747000
-18.680000
-22.544001
-12.238000
-9.017700
-8.373600
-10.306000
2.576500
-7.085300
-3.864700
12.882000
-11.594000
-18.680000
-11.594000
-11.594000
-16.103001
-1.288200
7.085300
-21.900000
-7.729500
-13.527000
-0.644120
5.153000
7.729500
-12.882000
-14.171000
-9.661800
-3.220600
-3.220600
4.508900
20.612000
14.171000
-7.085300
0.000000
14.815000
-1.932400
4.508900
0.644120
-3.864700
1.288200
19.323999
-6.441200
-1.932400
-2.576500
-3.220600
4.508900
10.950000
-1.932400
7.729500
0.644120
8.373600
18.035000
12.882000
5.153000
-7.085300
-3.220600
-8.373600
-16.747000
-14.171000
-11.594000
-16.747000
-8.373600
-9.661800
-8.373600
2.576500
8.373600
7.085300
13.527000
10.950000
11.594000
21.256001
12.238000
7.729500
9.661800
1.288200
5.153000
-11.594000
-7.729500
-2.576500
-2.576500
7.085300
4.508900
4.508900
-2.576500
-7.729500
1.932400
-20.612000
2.576500
7.729500
-10.950000
-17.391001
-9.017700
-3.220600
3.864700
0.000000
12.882000
7.729500
3.864700
17.391001
6.441200
23.188000
10.306000
9.017700
-0.644120
12.238000
10.306000
-1.932400
0.000000
9.017700
-3.864700
14.171000
-1.932400
-7.085300
-5.797100
-4.508900
16.747000
7.085300
0.000000
0.000000
3.220600
-4.508900
-2.576500
-3.864700
10.306000
-21.900000
-20.612000
-8.373600
-18.035000
-21.256001
-12.238000
-3.220600
-8.373600
12.238000
3.864700
0.644120
-1.932400
-1.288200
5.797100
23.833000
12.882000
0.644120
1.288200
-9.661800
-1.288200
23.833000
3.864700
-5.797100
-9.661800
-5.797100
16.103001
12.882000
-5.797100
-7.729500
1.932400
-0.644120
3.220600
-0.644120
-1.932400
7.085300
-4.508900
28.986000
8.373600
-7.085300
2.576500
-1.932400
1.288200
10.950000
14.815000
2.576500
-5.797100
0.000000
-2.576500
25.121000
3.864700
-3.864700
-0.644120
1.932400
-3.220600
6.441200
15.459000
5.153000
-9.661800
-3.864700
4.508900
19.968000
13.527000
20.612000
21.900000
14.815000
7.085300
14.171000
5.797100
-34.783001
-12.882000
-14.171000
-20.612000
-17.391001
-14.815000
-3.220600
-3.864700
9.017700
-1.288200
15.459000
7.085300
4.508900
3.864700
-14.815000
1.288200
7.085300
13.527000
-13.527000
-15.459000
-10.950000
-14.171000
-5.153000
-14.171000
-16.747000
-7.085300
-18.035000
-23.188000
-16.747000
2.576500
0.000000
-7.729500
0.644120
10.306000
15.459000
13.527000
3.864700
-3.864700
6.441200
8.373600
-6.441200
-11.594000
-1.288200
-9.661800
-2.576500
17.391001
0.644120
20.612000
12.238000
11.594000
12.882000
20.612000
23.188000
27.697001
5.153000
5.797100
-9.017700
5.797100
-10.306000
-22.544001
-14.171000
-17.391001
-14.815000
-12.882000
-12.882000
-14.171000
-9.017700
-6.441200
-4.508900
-7.085300
13.527000
-9.017700
16.103001
12.238000
7.085300
12.238000
10.950000
21.256001
12.882000
16.747000
10.306000
12.882000
18.035000
14.171000
19.323999
19.323999
5.153000
10.306000
-3.220600
9.661800
3.864700
9.661800
10.950000
0.000000
0.644120
-2.576500
-16.103001
-16.747000
-7.085300
-11.594000
-17.391001
-18.680000
-8.373600
-24.476999
-16.747000
-5.797100
-14.815000
-7.729500
-19.968000
-9.017700
-8.373600
-7.085300
-13.527000
-7.729500
