-7.260700
-9.240900
-11.221000
-3.960400
-1.320100
-3.300300
11.881000
15.842000
15.842000
11.221000
3.300300
9.240900
1.980200
1.980200
2.640300
7.260700
-1.320100
-2.640300
-7.920800
-9.901000
-12.541000
-15.842000
-16.502001
-10.561000
0.660070
5.940600
9.901000
4.620500
13.201000
17.822001
20.462000
24.422001
16.502001
8.580900
5.940600
9.240900
5.940600
7.260700
0.660070
3.300300
-5.280500
9.240900
11.221000
3.960400
-11.881000
-17.162001
-10.561000
-13.861000
-10.561000
-19.802000
-21.122000
-9.901000
-17.822001
-12.541000
-15.842000
-9.240900
3.300300
-1.980200
2.640300
-5.280500
1.980200
0.000000
-5.280500
-5.280500
-2.640300
-8.580900
-5.940600
-6.600700
-3.300300
-7.260700
-5.940600
-2.640300
-6.600700
-2.640300
-4.620500
0.000000
-1.320100
-7.920800
-13.201000
-9.240900
-10.561000
-3.960400
-3.300300
-10.561000
-4.620500
-0.660070
-5.280500
7.260700
25.083000
19.802000
19.802000
14.521000
15.182000
4.620500
-1.320100
0.660070
1.320100
-5.940600
-3.960400
1.320100
-2.640300
-2.640300
0.660070
1.980200
-3.960400
3.960400
13.201000
26.403000
27.723000
23.101999
27.723000
23.761999
21.122000
4.620500
-8.580900
-15.182000
-17.822001
-26.403000
-29.702999
-35.644001
-30.363001
-24.422001
-9.240900
-4.620500
0.660070
2.640300
5.280500
5.280500
-1.320100
5.280500
4.620500
15.842000
17.162001
17.162001
21.122000
13.861000
4.620500
-1.320100
-11.221000
-7.920800
-13.201000
-5.940600
-8.580900
-17.162001
-11.221000
-11.221000
-5.280500
1.980200
1.980200
6.600700
5.280500
7.920800
8.580900
6.600700
-2.640300
-7.920800
-1.320100
-9.240900
3.300300
4.620500
2.640300
3.960400
3.300300
2.640300
3.960400
-1.320100
-13.861000
-9.901000
-8.580900
-5.940600
-4.620500
5.280500
7.920800
13.861000
11.221000
6.600700
7.260700
12.541000
21.782000
17.162001
9.240900
4.620500
-10.561000
-18.482000
-11.221000
-13.861000
-9.240900
-3.960400
-12.541000
-13.201000
-8.580900
-7.920800
-7.920800
-7.920800
-11.221000
-8.580900
-1.320100
5.940600
7.260700
10.561000
7.260700
7.920800
5.940600
12.541000
6.600700
1.320100
13.861000
3.960400
0.660070
-8.580900
-3.300300
1.980200
-13.201000
-10.561000
-14.521000
-11.881000
-0.660070
-18.482000
-11.881000
-4.620500
3.300300
5.940600
3.960400
12.541000
13.201000
14.521000
18.482000
9.240900
19.142000
27.723000
20.462000
21.122000
-1.320100
-3.960400
-8.580900
-7.920800
-20.462000
-18.482000
-18.482000
-15.182000
-8.580900
0.000000
2.640300
15.842000
9.901000
12.541000
21.782000
19.142000
19.142000
17.162001
15.182000
8.580900
2.640300
-3.300300
-7.920800
-12.541000
-25.743000
-30.363001
-19.802000
-14.521000
-7.260700
-2.640300
-1.980200
9.240900
9.240900
4.620500
6.600700
6.600700
8.580900
5.280500
5.940600
8.580900
-2.640300
-3.300300
-6.600700
-9.901000
-1.320100
-11.221000
-5.280500
-13.201000
-15.182000
-11.881000
-4.620500
3.300300
6.600700
6.600700
8.580900
17.162001
9.901000
0.660070
5.280500
2.640300
6.600700
-1.320100
-7.920800
-5.280500
4.620500
1.980200
-6.600700
-3.300300
-9.240900
-5.940600
-8.580900
-15.182000
-13.861000
1.980200
-1.980200
0.000000
9.901000
14.521000
9.901000
2.640300
5.280500
-5.280500
-1.320100
-1.320100
-5.280500
-1.320100
-3.300300
-2.640300
2.640300
-5.940600
-7.260700
-11.221000
-3.960400
-2.640300
-7.920800
5.280500
0.000000
3.960400
6.600700
6.600700
11.221000
17.822001
18.482000
11.221000
9.240900
5.940600
-0.660070
5.280500
-2.640300
-7.920800
-8.580900
-16.502001
-10.561000
-4.620500
7.920800
11.221000
6.600700
1.980200
3.300300
1.980200
-1.980200
-7.920800
3.960400
-3.300300
-5.940600
-11.221000
-27.723000
-16.502001
-6.600700
-15.182000
-19.802000
-15.182000
-10.561000
3.300300
9.240900
11.881000
25.083000
31.023001
36.964001
37.624001
27.063000
28.382999
31.683001
16.502001
18.482000
6.600700
3.300300
5.940600
1.320100
-1.980200
-5.940600
-10.561000
-27.723000
-25.083000
-20.462000
-17.822001
-15.842000
-19.802000
-9.901000
-1.320100
9.240900
18.482000
22.441999
30.363001
19.802000
9.901000
13.201000
1.980200
2.640300
1.980200
-4.620500
-7.920800
-7.920800
-5.940600
3.960400
-6.600700
-13.201000
-17.162001
-13.201000
-17.162001
-15.182000
-15.842000
-6.600700
-2.640300
-3.300300
-3.300300
3.960400
-1.980200
0.660070
4.620500
-2.640300
11.221000
7.920800
17.822001
13.201000
15.842000
18.482000
5.280500
3.300300
-2.640300
-13.201000
-8.580900
-12.541000
-13.201000
-17.162001
-20.462000
-5.280500
-2.640300
5.280500
4.620500
16.502001
14.521000
2.640300
7.260700
-5.940600
-8.580900
-1.320100
0.660070
-3.960400
-2.640300
-0.660070
-1.980200
3.300300
13.861000
9.901000
7.260700
4.620500
9.240900
5.280500
-9.240900
-5.940600
-9.240900
-12.541000
0.660070
-11.881000
-17.822001
-9.240900
-12.541000
-12.541000
-23.761999
-17.822001
-10.561000
-4.620500
-1.320100
4.620500
13.201000
12.541000
11.881000
12.541000
4.620500
-3.960400
0.660070
1.980200
16.502001
7.260700
17.822001
8.580900
3.300300
4.620500
-1.320100
0.000000
-7.920800
-4.620500
-7.260700
5.940600
10.561000
8.580900
3.300300
2.640300
1.980200
5.940600
-3.960400
-3.300300
-1.980200
11.881000
7.920800
-7.260700
-4.620500
-5.280500
-7.260700
-6.600700
-1.980200
0.000000
0.000000
6.600700
1.320100
-1.980200
11.881000
5.940600
9.901000
3.960400
12.541000
5.280500
4.620500
3.300300
3.300300
3.960400
-6.600700
-15.182000
-16.502001
-11.881000
-7.260700
-5.940600
-1.980200
11.221000
1.320100
9.901000
14.521000
15.842000
18.482000
7.260700
-3.300300
-10.561000
-6.600700
-17.822001
-11.881000
-12.541000
-13.201000
-10.561000
-7.260700
-18.482000
-12.541000
-1.980200
8.580900
5.940600
3.960400
7.920800
16.502001
15.842000
13.861000
17.162001
4.620500
-2.640300
0.660070
4.620500
-4.620500
4.620500
0.660070
-5.940600
-2.640300
5.280500
0.000000
-2.640300
-3.300300
-9.901000
-10.561000
-1.320100
-0.660070
5.280500
3.300300
-2.640300
3.300300
-1.980200
5.940600
-1.980200
0.660070
5.940600
0.000000
-1.980200
-1.320100
-3.960400
-1.320100
0.000000
4.620500
13.861000
8.580900
12.541000
-1.320100
2.640300
-3.300300
-7.920800
-6.600700
-6.600700
0.660070
0.000000
-7.260700
-13.861000
-15.842000
-17.822001
-19.142000
-7.920800
-3.960400
3.300300
13.861000
17.162001
25.743000
27.723000
30.363001
34.323002
35.644001
35.644001
27.063000
15.182000
7.260700
11.881000
5.280500
-1.320100
-9.901000
-10.561000
-12.541000
-7.260700
-22.441999
-19.802000
-16.502001
-15.842000
-7.260700
1.980200
-3.960400
-1.320100
3.300300
-3.300300
-3.960400
-2.640300
-9.240900
-13.861000
-7.920800
-9.901000
-10.561000
-15.842000
-9.240900
-10.561000
-8.580900
-5.280500
-6.600700
-5.940600
-4.620500
-0.660070
-1.320100
-3.960400
-9.901000
1.980200
7.260700
19.802000
7.920800
10.561000
19.142000
13.861000
16.502001
6.600700
-1.320100
-7.920800
-3.960400
-2.640300
-2.640300
4.620500
3.960400
1.980200
-2.640300
-3.960400
2.640300
2.640300
-3.300300
-1.980200
1.980200
6.600700
7.920800
12.541000
11.881000
9.901000
7.260700
-8.580900
-22.441999
-29.702999
-13.201000
1.320100
-2.640300
5.280500
16.502001
25.083000
13.201000
14.521000
21.782000
38.284000
31.023001
19.802000
9.240900
4.620500
15.842000
0.000000
-6.600700
-10.561000
-4.620500
-16.502001
-21.122000
-11.881000
-13.201000
-8.580900
-9.901000
-17.162001
-17.822001
-14.521000
-11.221000
-7.920800
-3.300300
0.000000
1.980200
6.600700
-11.221000
-16.502001
-13.861000
-11.221000
-13.861000
-4.620500
-5.940600
-20.462000
-6.600700
-10.561000
-9.240900
-3.960400
0.000000
-10.561000
-13.201000
-12.541000
-3.960400
-3.300300
1.320100
11.881000
10.561000
-0.660070
3.960400
11.881000
5.940600
9.901000
9.901000
0.000000
-4.620500
5.940600
-1.320100
-7.260700
-8.580900
-4.620500
0.000000
3.300300
-1.320100
3.300300
3.300300
11.221000
6.600700
1.320100
0.660070
-4.620500
0.660070
-11.221000
-15.842000
-8.580900
-8.580900
-10.561000
-5.940600
-5.940600
-0.660070
5.940600
8.580900
9.901000
3.300300
9.901000
11.221000
15.842000
17.162001
14.521000
15.182000
9.901000
6.600700
-1.980200
-5.280500
0.660070
2.640300
2.640300
3.960400
2.640300
-3.960400
-5.940600
1.980200
-7.920800
7.920800
1.980200
-2.640300
-6.600700
-12.541000
5.940600
1.980200
1.980200
10.561000
5.280500
3.960400
7.920800
10.561000
11.221000
5.940600
1.980200
-5.280500
6.600700
3.300300
1.980200
5.940600
4.620500
0.000000
5.940600
-4.620500
-7.260700
-3.960400
-4.620500
-1.980200
5.280500
2.640300
5.940600
10.561000
3.960400
3.300300
-5.280500
-1.980200
-13.861000
-14.521000
-7.920800
-15.182000
-19.802000
-15.182000
-10.561000
-7.920800
-2.640300
-3.960400
-1.320100
-1.980200
5.280500
9.901000
19.802000
9.901000
7.260700
4.620500
-3.960400
-1.980200
6.600700
5.280500
-3.960400
-10.561000
-11.221000
-1.980200
-2.640300
1.980200
-8.580900
-5.940600
0.660070
2.640300
10.561000
-2.640300
4.620500
3.960400
16.502001
12.541000
0.660070
-2.640300
-1.980200
3.300300
0.660070
-1.320100
1.320100
-2.640300
-7.920800
-6.600700
5.940600
7.260700
2.640300
0.660070
0.000000
-1.980200
11.221000
11.881000
1.980200
-1.980200
-0.660070
12.541000
24.422001
24.422001
21.122000
22.441999
20.462000
12.541000
1.980200
-2.640300
-19.802000
-9.240900
-9.901000
-15.842000
-8.580900
-11.881000
2.640300
2.640300
4.620500
0.660070
7.260700
4.620500
10.561000
9.901000
3.960400
5.940600
9.240900
13.201000
-5.940600
-8.580900
-11.881000
-15.182000
-12.541000
-18.482000
-21.782000
-20.462000
-27.063000
-23.101999
-19.802000
-12.541000
-3.960400
-4.620500
1.980200
10.561000
10.561000
9.901000
9.901000
5.280500
9.901000
4.620500
-2.640300
-7.260700
-3.300300
-11.881000
-9.901000
2.640300
-2.640300
7.260700
13.201000
9.901000
11.221000
21.122000
23.101999
23.101999
2.640300
-1.320100
-5.280500
1.320100
-1.980200
-6.600700
-3.300300
-7.260700
-1.320100
-2.640300
-9.901000
-9.901000
-5.940600
-4.620500
-2.640300
-0.660070
3.300300
-5.940600
-3.300300
-1.980200
5.280500
3.300300
7.260700
16.502001
11.881000
13.861000
13.201000
13.861000
18.482000
18.482000
13.201000
13.201000
5.280500
9.901000
3.960400
2.640300
5.940600
5.280500
12.541000
0.660070
-7.260700
-5.280500
-10.561000
-5.940600
-4.620500
-16.502001
-17.822001
-17.162001
-19.142000
-17.162001
-9.901000
-7.260700
-5.940600
-2.640300
-5.280500
-5.280500
-3.960400
-2.640300
-8.580900
-5.280500
