6.412700
-5.650800
-6.920600
-10.095000
-5.015900
-10.095000
-1.206300
-2.476200
-7.555600
-7.555600
-12.635000
-3.111100
-3.746000
1.968300
-2.476200
-0.571430
-1.206300
1.333300
-5.015900
-5.650800
-10.730000
-4.381000
-5.650800
-8.190500
12.762000
11.492000
8.952400
17.205999
20.381001
17.841000
15.302000
12.127000
7.047600
4.507900
0.698410
3.238100
0.063490
-3.111100
-5.015900
1.968300
-6.285700
-1.206300
3.873000
7.047600
-5.015900
-5.650800
-6.920600
-6.920600
-0.571430
-3.746000
-4.381000
-1.206300
-5.015900
0.063490
0.698410
6.412700
5.142900
-12.635000
-5.015900
-8.825400
-9.460300
-16.444000
-22.159000
-8.825400
-8.190500
-17.714001
1.968300
4.507900
1.968300
1.333300
7.682500
10.222000
1.333300
6.412700
1.968300
8.317500
1.333300
4.507900
1.968300
-1.206300
0.063490
-2.476200
2.603200
-7.555600
-14.540000
-9.460300
-7.555600
5.777800
17.205999
11.492000
16.570999
10.222000
14.032000
7.047600
-0.571430
-5.015900
3.238100
7.682500
7.682500
7.682500
3.873000
8.952400
8.317500
6.412700
0.698410
-5.650800
-4.381000
8.317500
3.873000
-1.206300
1.333300
1.968300
1.333300
-6.920600
-17.714001
-12.635000
-13.905000
-12.635000
-15.175000
-20.254000
-14.540000
-18.349001
1.333300
7.682500
15.302000
11.492000
4.507900
9.587300
7.682500
12.127000
1.968300
11.492000
18.476000
16.570999
20.381001
9.587300
-1.841300
0.063490
-8.190500
-1.206300
-2.476200
1.968300
2.603200
-0.571430
2.603200
-6.285700
4.507900
1.333300
-2.476200
1.968300
-12.635000
-9.460300
-6.285700
-5.015900
-4.381000
-6.285700
3.238100
3.238100
13.397000
13.397000
5.142900
13.397000
3.873000
0.698410
10.857000
5.142900
0.063490
3.873000
5.142900
1.968300
5.777800
5.142900
-1.206300
7.047600
3.238100
0.063490
4.507900
1.968300
2.603200
-2.476200
3.873000
0.063490
-5.650800
-13.905000
-13.270000
-18.349001
-10.730000
-6.285700
-7.555600
-6.920600
-3.111100
-2.476200
-4.381000
-3.111100
-11.365000
-5.650800
-1.206300
-1.206300
-3.111100
2.603200
2.603200
-0.571430
-10.095000
-3.111100
-8.825400
-7.555600
-3.746000
8.952400
7.047600
1.968300
11.492000
13.397000
-1.206300
12.762000
4.507900
2.603200
7.047600
-8.190500
-3.746000
-1.841300
7.047600
5.777800
3.873000
16.570999
5.142900
-0.571430
-1.206300
-9.460300
-6.285700
-15.175000
-15.175000
-5.650800
-6.920600
4.507900
0.698410
3.873000
-1.206300
-6.285700
-3.746000
-4.381000
-0.571430
5.777800
10.857000
16.570999
1.968300
-5.650800
-1.206300
-5.650800
-3.111100
-12.635000
-17.079000
-13.905000
-13.270000
-15.175000
-16.444000
-8.825400
-10.095000
-10.095000
-3.746000
-1.841300
1.968300
2.603200
14.032000
19.111000
14.032000
8.317500
6.412700
8.952400
5.142900
-3.746000
-6.285700
-11.365000
-4.381000
4.507900
-0.571430
8.317500
1.968300
-1.206300
8.317500
8.317500
1.333300
-1.841300
8.317500
8.317500
9.587300
10.222000
3.873000
9.587300
1.968300
-0.571430
1.333300
1.968300
7.047600
0.698410
-0.571430
-2.476200
1.333300
-1.206300
-3.111100
5.142900
3.238100
7.047600
3.873000
-1.841300
-5.650800
6.412700
6.412700
0.063490
5.142900
9.587300
-2.476200
-0.571430
1.968300
-3.111100
-5.650800
-19.618999
-18.349001
-12.635000
-4.381000
0.698410
8.952400
-0.571430
-4.381000
-10.095000
-6.920600
0.698410
-2.476200
0.063490
5.777800
10.222000
7.682500
10.222000
5.777800
1.968300
5.777800
4.507900
-3.111100
3.873000
-3.746000
-1.206300
-5.015900
2.603200
3.238100
-3.746000
5.777800
13.397000
15.302000
14.667000
17.205999
15.937000
14.667000
9.587300
11.492000
-1.206300
-3.746000
-8.825400
-18.349001
-14.540000
-17.079000
-20.254000
-19.618999
-1.841300
-3.111100
-12.000000
-8.190500
-5.015900
0.063490
-0.571430
-1.206300
4.507900
10.857000
7.047600
5.777800
5.777800
0.063490
-8.190500
1.968300
-9.460300
-10.095000
-6.285700
-11.365000
-7.555600
-5.015900
-0.571430
1.333300
5.142900
3.238100
8.317500
11.492000
6.412700
7.682500
10.222000
6.412700
12.127000
0.698410
-3.111100
8.317500
-2.476200
3.238100
-5.015900
-3.111100
-1.841300
-15.175000
-3.746000
-6.920600
-12.000000
0.698410
0.063490
1.968300
-2.476200
-3.746000
-10.095000
-10.095000
-13.270000
-3.746000
3.238100
0.698410
0.698410
-1.841300
-3.746000
-6.285700
-2.476200
-4.381000
3.238100
1.968300
5.777800
8.952400
7.682500
14.032000
4.507900
9.587300
0.698410
-1.841300
9.587300
4.507900
9.587300
1.333300
-1.206300
1.968300
5.777800
7.047600
3.873000
8.952400
10.222000
-6.285700
3.873000
-5.650800
-6.285700
-10.095000
-13.270000
-11.365000
-2.476200
0.698410
-5.650800
0.698410
6.412700
8.952400
11.492000
14.032000
17.841000
18.476000
10.857000
12.762000
14.667000
0.698410
1.968300
-4.381000
-5.650800
-3.746000
-1.841300
-5.015900
-6.920600
-3.746000
-5.015900
-3.746000
5.142900
12.127000
12.127000
14.667000
7.682500
14.032000
5.142900
1.333300
0.698410
-8.190500
2.603200
-4.381000
-7.555600
-8.190500
-11.365000
-11.365000
-15.175000
-14.540000
-11.365000
-5.015900
-8.825400
3.873000
7.047600
11.492000
16.570999
13.397000
9.587300
14.032000
1.333300
-1.841300
-1.841300
-1.841300
1.333300
-21.524000
-18.349001
-25.333000
-25.968000
-19.618999
-9.460300
3.873000
1.968300
15.302000
8.952400
8.317500
7.682500
7.047600
8.952400
4.507900
12.762000
-5.015900
-9.460300
-8.190500
-7.555600
-3.746000
-11.365000
-14.540000
-5.650800
-3.746000
-2.476200
3.873000
3.238100
14.667000
12.127000
10.222000
12.127000
17.205999
18.476000
-0.571430
-9.460300
-19.618999
-13.270000
-22.159000
-26.603001
-17.714001
-14.540000
-15.175000
-5.015900
-10.730000
5.142900
3.873000
3.238100
7.682500
10.222000
21.016001
22.921000
21.650999
22.921000
13.397000
14.667000
15.937000
2.603200
-1.206300
-11.365000
-10.730000
-23.429001
-26.603001
-23.429001
-18.983999
-11.365000
-5.015900
-2.476200
4.507900
11.492000
19.746000
22.921000
24.825001
26.094999
13.397000
15.302000
11.492000
-1.841300
-4.381000
-11.365000
-17.079000
-23.429001
-25.333000
-15.810000
-15.175000
-10.730000
-11.365000
5.777800
10.222000
8.952400
23.556000
13.397000
9.587300
19.111000
11.492000
1.333300
4.507900
4.507900
-2.476200
-9.460300
-25.968000
-27.238001
-18.349001
-22.159000
-12.635000
-7.555600
-0.571430
0.063490
6.412700
8.317500
8.317500
4.507900
14.667000
7.047600
13.397000
7.682500
-3.111100
-1.206300
-6.285700
-5.650800
-13.270000
-14.540000
-12.635000
-15.810000
-3.746000
-2.476200
-3.746000
-5.015900
-5.650800
1.333300
4.507900
-1.841300
5.777800
-5.015900
4.507900
-0.571430
-1.206300
4.507900
8.317500
5.777800
2.603200
7.047600
3.238100
5.777800
5.142900
5.777800
-1.841300
0.698410
8.317500
3.873000
1.333300
4.507900
9.587300
15.937000
20.381001
15.937000
25.459999
22.285999
22.285999
21.650999
12.127000
12.127000
8.952400
9.587300
-0.571430
-2.476200
0.698410
-0.571430
5.142900
2.603200
-5.650800
-8.190500
-3.111100
-1.841300
1.968300
0.063490
0.063490
7.047600
3.238100
8.952400
19.111000
14.032000
1.333300
5.777800
-3.111100
-9.460300
-17.079000
-16.444000
-5.650800
-12.635000
-17.714001
-20.889000
-7.555600
-4.381000
-1.206300
0.698410
12.127000
3.873000
0.063490
-1.841300
-2.476200
8.317500
5.777800
-0.571430
-8.190500
-8.825400
-13.905000
-17.714001
-15.175000
-17.714001
-20.889000
-16.444000
-18.349001
-19.618999
-10.095000
-5.650800
-8.190500
-13.270000
-5.650800
-1.206300
7.047600
4.507900
0.063490
-3.111100
-0.571430
-1.841300
1.968300
-3.111100
-15.810000
-1.206300
-6.285700
-8.825400
-8.190500
-4.381000
-8.825400
-10.730000
-3.746000
-1.206300
1.968300
0.698410
11.492000
5.777800
0.063490
0.698410
5.142900
3.238100
-0.571430
-3.111100
-7.555600
-3.746000
7.682500
0.698410
-1.841300
-5.015900
6.412700
4.507900
15.302000
7.682500
6.412700
4.507900
11.492000
12.762000
11.492000
5.777800
3.238100
6.412700
-6.285700
-6.920600
0.063490
3.873000
-5.015900
-1.841300
0.063490
8.952400
13.397000
10.222000
12.127000
11.492000
12.127000
5.777800
3.873000
5.142900
-2.476200
-2.476200
-12.000000
-4.381000
-8.190500
-3.111100
-0.571430
6.412700
10.222000
7.682500
12.762000
3.873000
-3.746000
0.063490
-10.730000
-5.650800
-8.190500
-3.746000
-8.190500
-15.810000
-10.730000
0.063490
-1.841300
0.063490
7.682500
7.682500
15.302000
18.476000
19.746000
8.317500
15.302000
8.952400
4.507900
3.873000
1.333300
-0.571430
-3.746000
-5.015900
-3.746000
-5.650800
-13.270000
-7.555600
-3.111100
-10.095000
-1.206300
-5.650800
-4.381000
-10.095000
3.238100
-5.015900
-5.650800
0.698410
-13.270000
-13.270000
-13.905000
-19.618999
-16.444000
-10.730000
-14.540000
-7.555600
-4.381000
-1.206300
7.682500
-1.841300
-1.206300
8.317500
12.762000
8.317500
9.587300
7.047600
-3.111100
-4.381000
2.603200
6.412700
-4.381000
-9.460300
0.063490
1.968300
1.968300
4.507900
0.698410
-2.476200
-2.476200
0.063490
2.603200
-0.571430
5.777800
2.603200
7.047600
15.937000
8.317500
7.047600
8.317500
14.032000
11.492000
19.746000
21.016001
14.667000
12.762000
10.222000
-0.571430
3.238100
-3.746000
0.698410
5.777800
-5.015900
19.111000
21.016001
5.142900
0.063490
-5.015900
2.603200
5.777800
9.587300
9.587300
5.142900
14.032000
3.873000
-5.650800
-6.920600
-27.872999
-15.810000
-24.698000
-30.413000
-18.983999
-18.349001
-3.746000
-9.460300
1.333300
3.873000
10.857000
8.317500
-3.111100
12.127000
-8.825400
-9.460300
5.777800
-0.571430
-5.015900
-8.825400
-8.190500
-8.825400
-4.381000
-1.206300
-7.555600
-6.285700
-3.111100
-3.111100
1.333300
-1.206300
6.412700
8.317500
7.047600
-1.841300
1.968300
7.047600
5.142900
-1.841300
5.142900
-1.841300
-4.381000
-1.841300
5.142900
-5.015900
1.968300
8.952400
14.032000
12.762000
5.142900
5.777800
21.016001
12.762000
17.841000
17.205999
-6.285700
-7.555600
-12.000000
-17.079000
-16.444000
-24.063000
-17.079000
-19.618999
-18.983999
-7.555600
-8.190500
0.698410
8.317500
-1.206300
1.968300
1.968300
1.968300
7.682500
6.412700
2.603200
9.587300
3.238100
5.142900
12.762000
-1.206300
0.063490
7.047600
6.412700
7.682500
10.857000
4.507900
19.111000
6.412700
3.873000
0.698410
3.238100
11.492000
3.238100
5.142900
8.317500
-1.206300
-6.920600
-12.000000
-4.381000
1.333300
-6.920600
-5.650800
-1.206300
-6.285700
-5.015900
-0.571430
1.333300
-0.571430
0.063490
-4.381000
-6.920600
-6.285700
-5.015900
-13.270000
-3.746000
