7.189500
7.189500
2.614400
4.575200
3.921600
-1.307200
6.535900
6.535900
8.496700
3.268000
5.228800
13.072000
9.150300
10.458000
1.307200
3.921600
1.307200
2.614400
0.000000
9.803900
3.921600
-2.614400
0.653590
0.000000
4.575200
1.307200
7.189500
11.765000
1.307200
0.000000
-0.653590
-2.614400
-0.653590
0.000000
-0.653590
3.921600
0.653590
7.189500
3.268000
7.189500
0.653590
0.653590
0.000000
0.653590
-1.960800
-9.150300
-5.228800
-7.189500
-1.307200
-8.496700
-2.614400
-4.575200
-4.575200
3.921600
1.960800
1.960800
7.189500
-1.960800
6.535900
-0.653590
-5.882400
-0.653590
1.960800
8.496700
11.765000
3.921600
10.458000
1.960800
0.000000
-4.575200
-2.614400
-0.653590
-11.111000
-11.765000
-10.458000
-0.653590
-1.307200
-3.268000
-4.575200
-5.882400
-7.189500
-10.458000
-12.418000
-10.458000
-9.150300
-1.960800
-17.646999
-3.268000
7.189500
4.575200
0.653590
0.653590
3.268000
-0.653590
-5.882400
-11.765000
-12.418000
-11.111000
-5.882400
-6.535900
-7.843100
-3.268000
-6.535900
-5.882400
-7.843100
-5.228800
1.960800
3.268000
4.575200
1.307200
-1.307200
2.614400
7.843100
0.000000
-2.614400
0.653590
-1.960800
3.268000
0.653590
-4.575200
-5.228800
-7.189500
1.307200
-3.921600
3.268000
-1.960800
-9.150300
-0.653590
-6.535900
-0.653590
1.307200
5.882400
11.111000
13.072000
18.301001
15.686000
6.535900
6.535900
4.575200
5.882400
5.228800
5.228800
-2.614400
1.960800
11.111000
5.882400
8.496700
6.535900
10.458000
11.111000
7.843100
5.882400
7.189500
16.340000
16.993000
19.608000
20.261000
11.111000
22.222000
17.646999
5.228800
8.496700
4.575200
-6.535900
-3.268000
-7.189500
-5.882400
-4.575200
-2.614400
-1.307200
-3.268000
1.307200
0.000000
1.960800
5.228800
-3.921600
-6.535900
-1.307200
0.000000
-0.653590
-7.189500
-9.150300
-13.072000
-9.150300
-7.843100
-9.803900
-9.803900
-6.535900
-10.458000
-11.111000
-3.268000
-6.535900
-11.111000
-6.535900
-11.111000
-6.535900
-1.960800
-5.882400
-7.189500
0.000000
-2.614400
-2.614400
-5.882400
-0.653590
-3.921600
-7.843100
0.000000
-1.307200
-2.614400
-11.765000
-3.921600
-1.307200
-1.307200
5.882400
-1.307200
2.614400
0.000000
-11.111000
-0.653590
-0.653590
7.189500
1.960800
-2.614400
7.189500
0.653590
2.614400
13.072000
8.496700
7.189500
7.843100
12.418000
10.458000
7.843100
5.882400
3.268000
3.921600
0.653590
1.307200
-1.960800
-1.960800
0.000000
-0.653590
-3.921600
-2.614400
-5.228800
-2.614400
3.921600
1.960800
3.268000
1.307200
-1.307200
-4.575200
1.960800
3.268000
-2.614400
-0.653590
3.268000
-1.960800
-1.960800
-0.653590
3.268000
-6.535900
-3.268000
1.960800
-3.268000
-4.575200
1.307200
-1.307200
-0.653590
-5.882400
-7.843100
-9.150300
-10.458000
-8.496700
-3.268000
-2.614400
-1.960800
-3.268000
0.653590
-1.307200
0.653590
-1.307200
1.307200
-4.575200
1.307200
-3.268000
-4.575200
1.307200
-1.960800
-3.921600
3.268000
1.960800
0.000000
-0.653590
2.614400
1.307200
-1.307200
5.882400
1.307200
5.228800
4.575200
4.575200
5.882400
3.921600
-2.614400
4.575200
3.268000
7.843100
16.340000
13.072000
6.535900
3.921600
5.882400
7.189500
7.843100
3.268000
-1.960800
-5.882400
1.960800
1.960800
-0.653590
-5.228800
-9.803900
-5.228800
0.653590
7.843100
3.268000
10.458000
11.765000
15.033000
16.993000
15.686000
14.379000
5.882400
-6.535900
-1.307200
-11.765000
-10.458000
-7.843100
-6.535900
-11.765000
-2.614400
11.111000
5.228800
5.228800
7.843100
8.496700
3.921600
3.921600
5.228800
-1.960800
0.000000
-4.575200
-13.725000
-13.725000
-24.837000
-19.608000
-15.033000
-15.033000
-16.340000
-4.575200
1.307200
3.268000
1.307200
-5.882400
-4.575200
-1.960800
6.535900
5.882400
5.882400
3.268000
2.614400
5.882400
7.189500
3.921600
-6.535900
-0.653590
-2.614400
-1.307200
0.000000
1.307200
-9.803900
1.307200
7.843100
-0.653590
2.614400
-3.268000
-1.307200
0.000000
-2.614400
1.307200
-3.268000
0.000000
1.960800
-3.921600
1.307200
-3.268000
-2.614400
-4.575200
-6.535900
0.653590
1.307200
1.307200
1.307200
4.575200
12.418000
5.882400
11.111000
1.307200
5.882400
6.535900
3.268000
-5.228800
-15.686000
-6.535900
-2.614400
-5.228800
-3.268000
-3.268000
-1.960800
1.307200
-0.653590
3.268000
7.843100
5.228800
4.575200
0.000000
-1.307200
5.228800
2.614400
-0.653590
-1.307200
-1.307200
1.307200
1.960800
0.653590
1.960800
-0.653590
-0.653590
-1.307200
-1.307200
-1.307200
2.614400
5.882400
4.575200
11.111000
3.921600
-0.653590
3.921600
-1.960800
-0.653590
0.653590
0.000000
-1.960800
-1.960800
-0.653590
-7.843100
-4.575200
-5.882400
-1.960800
-0.653590
-7.843100
0.000000
1.307200
-2.614400
2.614400
2.614400
1.307200
0.653590
7.189500
9.803900
4.575200
1.960800
5.228800
3.921600
0.000000
-3.268000
0.653590
3.268000
0.653590
2.614400
0.000000
-3.921600
-0.653590
-0.653590
3.268000
-4.575200
-1.307200
-2.614400
-3.921600
-5.228800
-8.496700
-3.921600
-10.458000
-7.189500
-15.033000
-5.882400
-4.575200
-0.653590
-2.614400
-1.307200
2.614400
12.418000
9.803900
5.882400
16.340000
11.765000
10.458000
4.575200
1.960800
-0.653590
-5.228800
-9.803900
-1.960800
2.614400
3.921600
2.614400
3.921600
5.228800
3.921600
4.575200
4.575200
-0.653590
-1.960800
-7.843100
-5.882400
-3.921600
-2.614400
-1.307200
7.843100
5.882400
5.228800
9.150300
6.535900
9.150300
7.843100
5.882400
-4.575200
-2.614400
-7.189500
-7.189500
-3.268000
-3.268000
-0.653590
-10.458000
3.268000
-0.653590
0.000000
8.496700
4.575200
2.614400
4.575200
-0.653590
-3.921600
-0.653590
-3.268000
-5.882400
-3.921600
-3.268000
-1.960800
0.000000
-0.653590
-0.653590
2.614400
-0.653590
1.307200
3.268000
-1.960800
0.000000
-5.228800
-4.575200
-7.843100
-7.843100
0.653590
5.228800
4.575200
6.535900
14.379000
1.960800
1.307200
7.843100
-0.653590
0.653590
-6.535900
-1.960800
-2.614400
-7.843100
0.653590
5.882400
7.189500
1.307200
8.496700
5.228800
11.111000
-1.960800
-0.653590
-3.268000
-12.418000
-3.268000
-9.150300
-3.921600
-5.228800
-11.111000
-9.803900
-5.882400
-5.228800
-7.189500
-5.882400
-14.379000
-13.072000
-7.189500
-11.111000
-3.268000
-0.653590
-3.268000
-3.921600
1.307200
0.653590
3.268000
3.268000
7.189500
7.843100
14.379000
13.072000
9.150300
7.843100
3.268000
0.000000
-0.653590
-4.575200
-6.535900
-9.150300
-1.960800
-1.307200
-1.307200
-3.921600
-4.575200
-1.960800
-1.960800
-6.535900
-4.575200
-7.843100
-2.614400
1.960800
5.882400
6.535900
9.803900
13.725000
13.072000
11.765000
13.072000
14.379000
11.111000
7.189500
5.882400
5.228800
2.614400
1.960800
0.653590
-9.803900
3.268000
5.228800
3.921600
5.882400
-0.653590
0.653590
8.496700
3.268000
-3.921600
-5.882400
0.653590
0.000000
-5.882400
2.614400
-2.614400
-1.307200
3.921600
-1.307200
-3.268000
2.614400
-1.307200
-2.614400
-3.268000
-1.960800
0.653590
1.960800
-6.535900
-3.921600
4.575200
7.843100
1.960800
5.228800
11.111000
10.458000
2.614400
12.418000
11.765000
4.575200
0.653590
4.575200
6.535900
-1.960800
1.960800
-11.765000
-3.921600
-3.268000
-8.496700
-5.228800
-1.307200
1.960800
-8.496700
-5.882400
-10.458000
-5.228800
-8.496700
-11.111000
-5.882400
-9.150300
-9.150300
-0.653590
-5.228800
-3.268000
4.575200
5.228800
2.614400
0.653590
0.000000
1.960800
1.960800
-2.614400
-0.653590
-4.575200
1.960800
-1.960800
9.803900
5.882400
-1.307200
1.307200
-4.575200
-7.189500
-9.803900
-4.575200
-7.189500
-9.150300
-4.575200
-5.882400
5.228800
7.189500
9.803900
15.033000
5.228800
6.535900
5.882400
-0.653590
-2.614400
-5.228800
-13.072000
-3.921600
5.228800
0.000000
-2.614400
7.189500
7.843100
6.535900
7.189500
5.228800
-1.307200
-5.228800
-7.843100
-0.653590
-4.575200
-7.189500
-10.458000
-0.653590
-5.228800
6.535900
9.803900
6.535900
6.535900
1.960800
0.000000
4.575200
6.535900
0.000000
3.268000
-1.960800
-8.496700
-7.843100
-5.228800
-1.307200
1.960800
6.535900
5.228800
3.921600
2.614400
0.653590
-1.307200
1.307200
3.921600
0.653590
-1.307200
-5.882400
-10.458000
-5.882400
-7.843100
2.614400
3.268000
6.535900
6.535900
2.614400
-2.614400
3.268000
1.960800
5.882400
6.535900
9.150300
5.228800
4.575200
2.614400
-4.575200
-7.189500
-6.535900
-3.921600
-5.228800
-3.921600
2.614400
0.000000
-3.268000
1.307200
1.960800
3.921600
7.843100
3.921600
-0.653590
-1.960800
-5.228800
-5.882400
-8.496700
0.653590
-1.960800
-3.268000
11.111000
4.575200
7.843100
8.496700
1.307200
-0.653590
-1.307200
-4.575200
-5.882400
-9.150300
-2.614400
0.000000
-9.150300
-7.189500
-3.921600
-1.307200
-3.921600
-1.307200
5.228800
1.307200
-3.921600
2.614400
1.307200
0.653590
-7.189500
-4.575200
-4.575200
-7.189500
8.496700
-1.960800
-7.189500
-1.307200
-3.268000
0.000000
-3.268000
0.000000
0.000000
1.960800
10.458000
-1.960800
-3.268000
2.614400
1.307200
4.575200
5.228800
11.765000
9.150300
6.535900
2.614400
7.843100
-2.614400
-8.496700
-4.575200
-7.843100
-3.921600
1.307200
4.575200
4.575200
0.653590
3.921600
1.307200
6.535900
15.686000
9.150300
12.418000
11.765000
2.614400
3.921600
3.268000
-5.882400
6.535900
6.535900
-1.960800
-3.921600
-3.921600
4.575200
1.960800
0.000000
-4.575200
3.268000
4.575200
7.189500
13.725000
-3.921600
-0.653590
5.882400
-3.921600
-1.960800
-1.960800
-3.268000
-5.228800
-7.189500
-7.843100
-5.882400
0.653590
-7.189500
-5.882400
-3.921600
-1.960800
-1.960800
-10.458000
2.614400
-1.307200
-3.268000
5.228800
-1.307200
0.000000
-0.653590
-5.228800
-5.882400
-2.614400
4.575200
-1.307200
7.189500
8.496700
-5.228800
-6.535900
-2.614400
-10.458000
0.653590
4.575200
9.150300
9.150300
3.268000
2.614400
5.882400
0.000000
3.921600
2.614400
1.307200
0.000000
-2.614400
1.307200
0.653590
1.960800
4.575200
0.000000
-1.307200
-0.653590
-8.496700
-7.189500
-9.150300
-10.458000
-1.307200
-7.843100
-5.228800
1.307200
-3.921600
1.307200
-1.307200
-1.960800
3.921600
6.535900
1.307200
6.535900
-2.614400
-3.921600
-7.189500
-7.843100
-0.653590
-6.535900
0.653590
0.000000
-2.614400
-3.268000
-6.535900
0.653590
3.268000
-3.921600
-1.307200
0.653590
4.575200
7.189500
6.535900
6.535900
7.843100
6.535900
7.843100
5.228800
3.921600
1.307200
-1.960800
1.960800
