-1.011100
10.363000
23.632999
32.164001
32.164001
25.528999
21.738001
12.259000
0.884680
-5.750400
-16.177000
-21.864000
-15.229000
-1.958900
6.571900
14.155000
15.103000
12.259000
8.467600
-0.063190
-11.438000
-21.864000
-30.395000
-31.343000
-29.447001
-28.499001
-20.916000
-8.594000
3.728300
11.311000
19.841999
21.738001
16.051001
16.051001
18.893999
19.841999
18.893999
15.103000
12.259000
14.155000
16.051001
8.467600
2.780400
0.884680
-1.011100
0.884680
0.884680
2.780400
4.676100
2.780400
2.780400
2.780400
4.676100
10.363000
7.519700
3.728300
0.884680
1.832500
5.624000
2.780400
1.832500
-7.646100
-23.760000
-37.978001
-46.508999
-47.457001
-39.874001
-28.499001
-15.229000
-8.594000
-4.802500
-2.906800
-5.750400
-10.490000
-17.125000
-20.916000
-21.864000
-20.916000
-14.281000
-9.541900
-5.750400
-1.958900
-1.011100
-1.011100
-2.906800
-7.646100
-13.333000
-15.229000
-17.125000
-16.177000
-16.177000
-12.385000
2.780400
20.790001
36.903999
45.433998
45.433998
36.903999
25.528999
15.103000
7.519700
4.676100
1.832500
-0.063190
-1.011100
3.728300
8.467600
9.415500
12.259000
14.155000
14.155000
15.103000
16.051001
19.841999
22.686001
25.528999
19.841999
17.945999
19.841999
17.945999
19.841999
18.893999
13.207000
6.571900
-1.958900
-10.490000
-19.021000
-25.656000
-24.708000
-17.125000
-8.594000
-6.698300
-4.802500
-1.958900
-3.854700
-7.646100
-12.385000
-9.541900
-4.802500
-3.854700
-5.750400
-6.698300
-11.438000
-13.333000
-14.281000
-15.229000
-16.177000
-15.229000
-14.281000
-11.438000
-5.750400
-1.011100
4.676100
8.467600
7.519700
1.832500
-6.698300
-13.333000
-15.229000
-18.073000
-20.916000
-17.125000
-10.490000
-5.750400
-1.958900
-1.011100
-1.958900
-1.011100
2.780400
7.519700
6.571900
5.624000
5.624000
6.571900
5.624000
6.571900
10.363000
13.207000
9.415500
3.728300
-1.958900
-3.854700
-4.802500
-3.854700
0.884680
4.676100
3.728300
0.884680
0.884680
1.832500
1.832500
0.884680
-1.958900
-2.906800
-2.906800
-3.854700
-9.541900
-11.438000
-7.646100
-1.958900
1.832500
1.832500
-1.011100
-1.011100
0.884680
3.728300
1.832500
-1.011100
-4.802500
-7.646100
-8.594000
-9.541900
-6.698300
3.728300
12.259000
18.893999
22.686001
23.632999
21.738001
11.311000
-0.063190
-11.438000
-17.125000
-17.125000
-16.177000
-14.281000
-6.698300
-0.063190
8.467600
16.051001
18.893999
11.311000
0.884680
-2.906800
-2.906800
-1.958900
-1.958900
-6.698300
-16.177000
-20.916000
-25.656000
-27.551001
-19.968000
-7.646100
6.571900
15.103000
16.051001
16.997999
16.997999
17.945999
23.632999
26.476999
26.476999
21.738001
16.051001
9.415500
1.832500
-3.854700
-5.750400
-6.698300
-4.802500
-0.063190
1.832500
0.884680
-1.958900
-3.854700
-6.698300
-9.541900
-7.646100
-5.750400
-5.750400
-4.802500
-1.958900
7.519700
14.155000
15.103000
10.363000
4.676100
3.728300
4.676100
4.676100
-0.063190
-4.802500
-6.698300
-3.854700
1.832500
3.728300
2.780400
0.884680
-1.011100
-2.906800
-2.906800
-2.906800
-1.011100
7.519700
11.311000
6.571900
-0.063190
-5.750400
-5.750400
-5.750400
-3.854700
0.884680
9.415500
15.103000
16.051001
16.997999
16.997999
13.207000
4.676100
-7.646100
-19.021000
-23.760000
-20.916000
-19.021000
-18.073000
-15.229000
-8.594000
-0.063190
10.363000
16.997999
18.893999
20.790001
22.686001
22.686001
17.945999
8.467600
-1.958900
-8.594000
-9.541900
-6.698300
-1.011100
2.780400
0.884680
-4.802500
-9.541900
-7.646100
-6.698300
-8.594000
-9.541900
-9.541900
-8.594000
-7.646100
-8.594000
-5.750400
-4.802500
-2.906800
-0.063190
1.832500
4.676100
6.571900
7.519700
4.676100
4.676100
3.728300
1.832500
1.832500
1.832500
0.884680
7.519700
13.207000
16.051001
14.155000
10.363000
9.415500
9.415500
5.624000
2.780400
4.676100
9.415500
9.415500
7.519700
6.571900
8.467600
11.311000
14.155000
16.051001
17.945999
19.841999
16.997999
12.259000
8.467600
8.467600
2.780400
-0.063190
-1.011100
-1.958900
-2.906800
-8.594000
-8.594000
-1.958900
4.676100
4.676100
-0.063190
-7.646100
-16.177000
-20.916000
-22.812000
-28.499001
-28.499001
-26.603001
-23.760000
-19.968000
-15.229000
-11.438000
-9.541900
-6.698300
-0.063190
1.832500
2.780400
0.884680
-1.958900
-0.063190
-1.011100
-3.854700
-8.594000
-11.438000
-9.541900
-4.802500
-1.958900
0.884680
2.780400
0.884680
2.780400
11.311000
22.686001
30.268999
35.007999
35.007999
33.112000
30.268999
31.216000
29.320999
25.528999
21.738001
16.997999
15.103000
11.311000
8.467600
11.311000
14.155000
12.259000
8.467600
4.676100
0.884680
-3.854700
-9.541900
-11.438000
-12.385000
-7.646100
-2.906800
-0.063190
-1.958900
-0.063190
-0.063190
-0.063190
-3.854700
-5.750400
-5.750400
-1.958900
-0.063190
1.832500
1.832500
-1.011100
-5.750400
-8.594000
-9.541900
-13.333000
-14.281000
-12.385000
-7.646100
-0.063190
2.780400
-1.011100
-4.802500
-7.646100
-9.541900
-11.438000
-12.385000
-11.438000
-7.646100
-8.594000
-13.333000
-11.438000
-12.385000
-16.177000
-16.177000
-15.229000
-9.541900
-1.958900
-0.063190
-0.063190
-0.063190
0.884680
1.832500
3.728300
4.676100
6.571900
10.363000
7.519700
2.780400
-2.906800
-6.698300
-13.333000
-17.125000
-19.021000
-22.812000
-19.021000
-11.438000
-10.490000
-12.385000
-16.177000
-19.021000
-25.656000
-31.343000
-35.133999
-38.925999
-36.082001
-32.291000
-27.551001
-23.760000
-19.968000
-20.916000
-18.073000
-15.229000
-16.177000
-15.229000
-14.281000
-13.333000
-11.438000
-7.646100
-7.646100
-10.490000
-13.333000
-15.229000
-18.073000
-18.073000
-18.073000
-19.968000
-19.021000
-13.333000
-11.438000
-7.646100
0.884680
6.571900
9.415500
4.676100
1.832500
2.780400
2.780400
4.676100
6.571900
-1.958900
-6.698300
-3.854700
-0.063190
3.728300
11.311000
16.051001
22.686001
26.476999
30.268999
22.686001
13.207000
10.363000
3.728300
-2.906800
-4.802500
-0.063190
9.415500
22.686001
33.112000
35.956001
36.903999
42.591000
41.643002
37.852001
35.956001
40.695000
39.747002
28.372999
30.268999
29.320999
32.164001
43.539001
35.007999
23.632999
24.580999
20.790001
16.997999
15.103000
9.415500
4.676100
5.624000
10.363000
15.103000
18.893999
10.363000
16.051001
18.893999
12.259000
2.780400
7.519700
13.207000
-1.011100
-13.333000
-6.698300
-11.438000
-15.229000
-13.333000
-11.438000
-0.063190
6.571900
-1.958900
10.363000
13.207000
10.363000
17.945999
9.415500
3.728300
-0.063190
-9.541900
-17.125000
-27.551001
-30.395000
-25.656000
-19.021000
-15.229000
-9.541900
-2.906800
-1.011100
-1.011100
-2.906800
-1.958900
-1.011100
-1.958900
-0.063190
1.832500
-1.011100
-4.802500
-2.906800
-1.011100
0.884680
-1.011100
-7.646100
-15.229000
-17.125000
-18.073000
-19.968000
-21.864000
-19.021000
-17.125000
-16.177000
-10.490000
0.884680
7.519700
7.519700
0.884680
-6.698300
-9.541900
-5.750400
-1.958900
2.780400
-4.802500
-9.541900
-5.750400
-1.011100
4.676100
5.624000
4.676100
0.884680
-2.906800
-6.698300
-11.438000
-7.646100
-9.541900
-19.021000
-16.177000
-8.594000
-2.906800
-1.958900
0.884680
-5.750400
-10.490000
-5.750400
0.884680
6.571900
13.207000
28.372999
17.945999
7.519700
14.155000
19.841999
20.790001
16.997999
3.728300
-1.958900
-6.698300
-14.281000
-23.760000
-28.499001
-32.291000
-34.186001
-28.499001
-18.073000
-12.385000
-8.594000
-8.594000
-8.594000
-4.802500
-1.958900
5.624000
12.259000
14.155000
15.103000
13.207000
12.259000
14.155000
16.051001
16.051001
13.207000
12.259000
17.945999
20.790001
18.893999
18.893999
18.893999
20.790001
11.311000
2.780400
12.259000
19.841999
24.580999
21.738001
10.363000
4.676100
-6.698300
-13.333000
-16.177000
-18.073000
-14.281000
-6.698300
-1.958900
3.728300
20.790001
10.363000
-6.698300
-2.906800
1.832500
8.467600
9.415500
2.780400
-8.594000
-19.021000
-7.646100
-0.063190
8.467600
3.728300
-5.750400
-9.541900
-3.854700
-0.063190
13.207000
10.363000
0.884680
0.884680
0.884680
6.571900
14.155000
22.686001
19.841999
6.571900
-11.438000
-18.073000
-11.438000
-9.541900
-11.438000
-20.916000
-23.760000
-19.021000
-15.229000
-6.698300
-13.333000
-16.177000
-15.229000
-15.229000
-17.125000
-16.177000
-20.916000
-24.708000
-15.229000
-13.333000
-8.594000
-5.750400
-1.958900
4.676100
11.311000
15.103000
11.311000
6.571900
7.519700
6.571900
-0.063190
-5.750400
-11.438000
-12.385000
-15.229000
-19.968000
-17.125000
-9.541900
-5.750400
0.884680
4.676100
8.467600
15.103000
16.051001
12.259000
5.624000
-4.802500
-13.333000
-17.125000
-17.125000
-14.281000
-10.490000
-8.594000
-10.490000
-9.541900
-5.750400
-1.958900
2.780400
4.676100
2.780400
-2.906800
-7.646100
-9.541900
-10.490000
-8.594000
-7.646100
-6.698300
-3.854700
0.884680
7.519700
10.363000
14.155000
17.945999
29.320999
29.320999
23.632999
25.528999
25.528999
24.580999
21.738001
17.945999
20.790001
21.738001
20.790001
27.424999
29.320999
29.320999
25.528999
23.632999
21.738001
21.738001
19.841999
17.945999
16.051001
11.311000
7.519700
3.728300
0.884680
-0.063190
-3.854700
-2.906800
-1.011100
5.624000
13.207000
17.945999
22.686001
26.476999
26.476999
26.476999
26.476999
26.476999
17.945999
10.363000
7.519700
-1.011100
-10.490000
-15.229000
-19.021000
-19.021000
-18.073000
-21.864000
-13.333000
-4.802500
-3.854700
-3.854700
-5.750400
-6.698300
-7.646100
-9.541900
-11.438000
-14.281000
-15.229000
-10.490000
-3.854700
-16.177000
-27.551001
-26.603001
-30.395000
-33.238998
-31.343000
-33.238998
-35.133999
-32.291000
-29.447001
-23.760000
-14.281000
-9.541900
-18.073000
-26.603001
-26.603001
-27.551001
-25.656000
-23.760000
-18.073000
-13.333000
-3.854700
-1.958900
2.780400
5.624000
5.624000
10.363000
10.363000
4.676100
1.832500
-1.011100
7.519700
0.884680
-10.490000
-6.698300
-3.854700
-5.750400
-6.698300
-4.802500
1.832500
3.728300
6.571900
9.415500
8.467600
7.519700
10.363000
6.571900
5.624000
5.624000
5.624000
5.624000
6.571900
10.363000
11.311000
15.103000
16.051001
15.103000
12.259000
8.467600
2.780400
-1.011100
-4.802500
-11.438000
-19.021000
-22.812000
-19.021000
-14.281000
-1.958900
14.155000
20.790001
27.424999
31.216000
33.112000
31.216000
33.112000
29.320999
19.841999
7.519700
-4.802500
-11.438000
-14.281000
-14.281000
-10.490000
-5.750400
-2.906800
0.884680
1.832500
-0.063190
0.884680
4.676100
10.363000
12.259000
12.259000
15.103000
19.841999
19.841999
18.893999
22.686001
24.580999
26.476999
26.476999
23.632999
18.893999
14.155000
12.259000
9.415500
10.363000
10.363000
4.676100
2.780400
0.884680
-4.802500
-8.594000
-8.594000
-5.750400
-1.011100
-0.063190
-1.011100
