-1.841300
21.016001
40.063000
44.825001
41.015999
32.444000
17.205999
3.873000
-6.603200
-14.222000
-18.983999
-18.983999
-11.365000
1.015900
9.587300
12.444000
12.444000
6.730200
-3.746000
-11.365000
-18.032000
-19.937000
-17.079000
-13.270000
-5.650800
1.015900
9.587300
12.444000
10.540000
3.873000
-4.698400
-8.507900
-10.413000
-11.365000
-7.555600
-5.650800
-3.746000
-1.841300
0.063490
3.873000
11.492000
13.397000
11.492000
10.540000
9.587300
16.254000
20.063000
21.968000
21.968000
18.159000
15.302000
15.302000
16.254000
19.111000
21.968000
24.825001
19.111000
9.587300
5.777800
2.920600
4.825400
4.825400
1.015900
-0.888890
2.920600
5.777800
7.682500
6.730200
4.825400
-1.841300
-11.365000
-22.794001
-30.413000
-33.270000
-35.174999
-34.222000
-29.459999
-22.794001
-12.317000
-2.793700
1.968300
-2.793700
-12.317000
-13.270000
-18.032000
-26.603001
-35.174999
-38.032001
-35.174999
-25.650999
-19.937000
-18.983999
-14.222000
-6.603200
7.682500
21.968000
29.587000
28.635000
18.159000
5.777800
1.968300
2.920600
1.968300
1.968300
4.825400
5.777800
6.730200
-0.888890
-9.460300
-16.127001
-20.889000
-17.079000
-7.555600
5.777800
13.397000
14.349000
11.492000
6.730200
1.968300
0.063490
2.920600
1.968300
-1.841300
-8.507900
-18.983999
-24.698000
-24.698000
-19.937000
-11.365000
-1.841300
7.682500
14.349000
16.254000
16.254000
12.444000
5.777800
0.063490
-1.841300
-2.793700
-6.603200
-9.460300
-14.222000
-16.127001
-13.270000
-7.555600
-2.793700
-0.888890
2.920600
6.730200
9.587300
11.492000
9.587300
9.587300
12.444000
8.634900
0.063490
-11.365000
-19.937000
-21.841000
-21.841000
-21.841000
-15.175000
-1.841300
9.587300
17.205999
20.063000
20.063000
19.111000
18.159000
16.254000
7.682500
-1.841300
-10.413000
-14.222000
-13.270000
-10.413000
-0.888890
8.634900
11.492000
10.540000
8.634900
6.730200
2.920600
-0.888890
-5.650800
-6.603200
-5.650800
-4.698400
-4.698400
-3.746000
1.968300
2.920600
-0.888890
-3.746000
-1.841300
1.015900
-3.746000
-5.650800
-8.507900
-11.365000
-13.270000
-14.222000
-12.317000
-6.603200
-0.888890
3.873000
1.015900
-7.555600
-15.175000
-19.937000
-19.937000
-18.983999
-15.175000
-7.555600
4.825400
17.205999
25.778000
29.587000
27.683001
17.205999
1.015900
-12.317000
-19.937000
-22.794001
-23.746000
-24.698000
-23.746000
-17.079000
-4.698400
10.540000
21.016001
29.587000
32.444000
26.730000
14.349000
1.015900
-10.413000
-18.983999
-27.556000
-30.413000
-30.413000
-24.698000
-12.317000
3.873000
21.968000
32.444000
30.540001
25.778000
21.968000
16.254000
12.444000
7.682500
4.825400
0.063490
-6.603200
-8.507900
-9.460300
-7.555600
-4.698400
-2.793700
1.968300
8.634900
10.540000
5.777800
1.968300
-0.888890
-1.841300
-0.888890
0.063490
0.063490
-2.793700
-2.793700
1.015900
5.777800
9.587300
10.540000
7.682500
5.777800
9.587300
15.302000
17.205999
15.302000
13.397000
9.587300
9.587300
14.349000
14.349000
9.587300
5.777800
0.063490
-3.746000
-7.555600
-11.365000
-11.365000
-8.507900
-10.413000
-14.222000
-14.222000
-12.317000
-7.555600
-4.698400
-2.793700
1.015900
8.634900
15.302000
18.159000
20.063000
21.968000
20.063000
11.492000
0.063490
-11.365000
-18.983999
-19.937000
-19.937000
-18.983999
-12.317000
1.968300
13.397000
20.063000
22.921000
21.016001
14.349000
6.730200
2.920600
0.063490
-7.555600
-16.127001
-20.889000
-20.889000
-19.937000
-17.079000
-15.175000
-17.079000
-20.889000
-24.698000
-28.507999
-29.459999
-27.556000
-24.698000
-23.746000
-20.889000
-17.079000
-12.317000
-5.650800
-3.746000
-4.698400
-3.746000
-5.650800
-7.555600
-6.603200
-2.793700
-3.746000
-3.746000
-0.888890
1.015900
3.873000
7.682500
9.587300
15.302000
21.968000
22.921000
19.111000
10.540000
5.777800
5.777800
5.777800
1.968300
1.015900
4.825400
6.730200
5.777800
8.634900
12.444000
13.397000
12.444000
12.444000
11.492000
10.540000
8.634900
8.634900
9.587300
9.587300
7.682500
6.730200
8.634900
12.444000
14.349000
13.397000
13.397000
12.444000
10.540000
8.634900
5.777800
2.920600
2.920600
6.730200
10.540000
7.682500
8.634900
8.634900
5.777800
4.825400
1.015900
-6.603200
-11.365000
-11.365000
-9.460300
-9.460300
-11.365000
-17.079000
-19.937000
-14.222000
-5.650800
0.063490
2.920600
1.968300
1.015900
1.968300
1.015900
1.015900
1.968300
2.920600
7.682500
13.397000
15.302000
17.205999
20.063000
25.778000
30.540001
32.444000
31.492001
24.825001
15.302000
9.587300
9.587300
12.444000
13.397000
11.492000
8.634900
7.682500
4.825400
1.968300
-0.888890
-5.650800
-8.507900
-7.555600
-7.555600
-5.650800
-3.746000
-2.793700
-2.793700
1.968300
9.587300
10.540000
8.634900
5.777800
4.825400
3.873000
1.015900
2.920600
4.825400
4.825400
2.920600
-1.841300
-8.507900
-16.127001
-23.746000
-24.698000
-20.889000
-17.079000
-11.365000
-6.603200
-9.460300
-16.127001
-23.746000
-29.459999
-32.317001
-31.365000
-31.365000
-30.413000
-33.270000
-36.126999
-34.222000
-31.365000
-31.365000
-31.365000
-27.556000
-20.889000
-13.270000
-10.413000
-9.460300
-4.698400
0.063490
3.873000
3.873000
1.015900
0.063490
0.063490
0.063490
1.015900
1.015900
-0.888890
-4.698400
-10.413000
-15.175000
-17.079000
-17.079000
-12.317000
-6.603200
-5.650800
-9.460300
-10.413000
-11.365000
-9.460300
-6.603200
-7.555600
-11.365000
-17.079000
-19.937000
-19.937000
-15.175000
-9.460300
-3.746000
1.968300
4.825400
3.873000
2.920600
3.873000
2.920600
0.063490
-5.650800
-9.460300
-12.317000
-18.032000
-20.889000
-15.175000
-5.650800
-1.841300
1.968300
5.777800
10.540000
11.492000
10.540000
9.587300
6.730200
5.777800
11.492000
21.016001
24.825001
24.825001
22.921000
13.397000
7.682500
15.302000
24.825001
29.587000
31.492001
30.540001
31.492001
29.587000
31.492001
21.968000
6.730200
0.063490
-2.793700
-3.746000
0.063490
10.540000
21.016001
21.016001
15.302000
12.444000
14.349000
13.397000
9.587300
1.015900
-6.603200
-2.793700
7.682500
12.444000
13.397000
15.302000
18.159000
21.016001
21.016001
20.063000
14.349000
7.682500
-2.793700
-5.650800
-0.888890
-2.793700
-4.698400
-5.650800
1.015900
11.492000
10.540000
6.730200
4.825400
-8.507900
-15.175000
-13.270000
-10.413000
-4.698400
-4.698400
-3.746000
1.015900
3.873000
6.730200
1.968300
6.730200
5.777800
-0.888890
1.015900
1.968300
-0.888890
-10.413000
-16.127001
-17.079000
-21.841000
-28.507999
-31.365000
-32.317001
-25.650999
-16.127001
-4.698400
2.920600
6.730200
10.540000
6.730200
-1.841300
-9.460300
-6.603200
0.063490
5.777800
6.730200
4.825400
3.873000
5.777800
6.730200
1.015900
-2.793700
-4.698400
-4.698400
-6.603200
-6.603200
-9.460300
-17.079000
-25.650999
-29.459999
-26.603001
-17.079000
-2.793700
12.444000
20.063000
18.159000
15.302000
14.349000
13.397000
12.444000
8.634900
2.920600
-4.698400
-9.460300
-16.127001
-22.794001
-22.794001
-13.270000
-5.650800
-0.888890
0.063490
3.873000
2.920600
1.015900
1.015900
-4.698400
-4.698400
-2.793700
0.063490
-1.841300
-7.555600
-10.413000
-12.317000
-9.460300
-3.746000
1.015900
10.540000
20.063000
13.397000
2.920600
2.920600
4.825400
9.587300
17.205999
14.349000
10.540000
3.873000
-2.793700
-11.365000
-12.317000
-11.365000
-9.460300
-5.650800
-1.841300
-0.888890
-1.841300
-5.650800
-10.413000
-13.270000
-18.983999
-20.889000
-20.889000
-19.937000
-17.079000
-14.222000
-8.507900
1.968300
12.444000
20.063000
23.872999
21.968000
13.397000
4.825400
-1.841300
0.063490
3.873000
4.825400
4.825400
0.063490
1.968300
7.682500
6.730200
6.730200
6.730200
6.730200
8.634900
10.540000
9.587300
9.587300
8.634900
3.873000
1.968300
2.920600
2.920600
-7.555600
-16.127001
-12.317000
-8.507900
-3.746000
1.015900
8.634900
12.444000
-0.888890
-13.270000
-16.127001
-17.079000
-16.127001
-21.841000
-13.270000
-18.032000
-21.841000
-5.650800
-4.698400
-3.746000
-2.793700
-10.413000
-10.413000
-8.507900
-7.555600
-5.650800
-12.317000
-13.270000
-8.507900
-6.603200
-3.746000
0.063490
4.825400
5.777800
2.920600
1.968300
3.873000
1.015900
-1.841300
-2.793700
-2.793700
-1.841300
1.015900
3.873000
8.634900
14.349000
12.444000
10.540000
8.634900
10.540000
12.444000
13.397000
12.444000
9.587300
11.492000
15.302000
17.205999
15.302000
9.587300
3.873000
1.968300
1.015900
-4.698400
-0.888890
8.634900
13.397000
16.254000
13.397000
8.634900
7.682500
10.540000
8.634900
6.730200
1.968300
-4.698400
-8.507900
-6.603200
-2.793700
-2.793700
-1.841300
-0.888890
1.015900
2.920600
2.920600
4.825400
2.920600
0.063490
1.015900
2.920600
7.682500
14.349000
19.111000
18.159000
15.302000
12.444000
9.587300
4.825400
1.968300
1.968300
1.968300
-0.888890
-2.793700
-4.698400
-1.841300
6.730200
12.444000
17.205999
19.111000
21.968000
21.016001
19.111000
17.205999
14.349000
14.349000
12.444000
4.825400
-1.841300
-2.793700
-3.746000
-2.793700
3.873000
9.587300
7.682500
6.730200
4.825400
1.015900
-9.460300
-15.175000
-16.127001
-16.127001
-16.127001
-15.175000
-12.317000
-4.698400
-0.888890
0.063490
1.015900
1.968300
3.873000
5.777800
1.968300
-4.698400
-11.365000
-13.270000
-12.317000
-10.413000
-6.603200
-4.698400
0.063490
3.873000
3.873000
0.063490
-4.698400
-4.698400
-6.603200
-6.603200
-8.507900
-8.507900
-6.603200
-4.698400
-1.841300
-6.603200
-12.317000
-14.222000
-16.127001
-18.032000
-20.889000
-24.698000
-28.507999
-24.698000
-18.983999
-14.222000
-13.270000
-10.413000
-11.365000
-15.175000
-13.270000
-9.460300
-6.603200
-6.603200
-4.698400
-1.841300
1.015900
-1.841300
-4.698400
-4.698400
-3.746000
1.015900
1.015900
-1.841300
-3.746000
-6.603200
-0.888890
0.063490
-5.650800
-4.698400
-1.841300
0.063490
1.015900
-0.888890
-0.888890
-2.793700
0.063490
8.634900
12.444000
12.444000
11.492000
4.825400
4.825400
6.730200
1.968300
-3.746000
-4.698400
-4.698400
-6.603200
-2.793700
1.968300
2.920600
2.920600
2.920600
5.777800
11.492000
13.397000
13.397000
7.682500
1.968300
1.968300
0.063490
1.968300
5.777800
7.682500
13.397000
18.159000
21.968000
19.111000
16.254000
8.634900
-2.793700
-15.175000
-24.698000
-21.841000
-18.032000
-11.365000
-2.793700
1.015900
4.825400
5.777800
7.682500
8.634900
8.634900
13.397000
17.205999
17.205999
13.397000
9.587300
9.587300
5.777800
2.920600
6.730200
14.349000
24.825001
31.492001
28.635000
19.111000
16.254000
19.111000
21.016001
26.730000
28.635000
26.730000
25.778000
23.872999
18.159000
10.540000
8.634900
2.920600
-1.841300
-3.746000
-2.793700
