15.534000
29.125999
35.922001
36.893002
36.893002
32.039001
23.301001
14.563000
-1.941700
-19.417000
-34.951000
-37.863998
-26.214001
-6.796100
11.650000
20.388000
17.476000
8.737900
-0.970870
-9.708700
-16.504999
-23.301001
-28.155001
-27.184000
-19.417000
-9.708700
2.912600
7.767000
7.767000
5.825200
6.796100
6.796100
0.000000
1.941700
11.650000
19.417000
21.358999
19.417000
14.563000
12.621000
14.563000
10.680000
4.854400
3.883500
1.941700
5.825200
12.621000
17.476000
17.476000
9.708700
-0.970870
-0.970870
4.854400
10.680000
10.680000
8.737900
-1.941700
-8.737900
-3.883500
-1.941700
0.970870
-0.970870
-9.708700
-20.388000
-27.184000
-29.125999
-26.214001
-19.417000
-14.563000
-14.563000
-17.476000
-21.358999
-21.358999
-20.388000
-25.243000
-28.155001
-33.980999
-38.834999
-32.039001
-21.358999
-13.592000
-8.737900
-8.737900
-8.737900
-14.563000
-22.330000
-31.068001
-35.922001
-31.068001
-22.330000
-15.534000
-5.825200
6.796100
15.534000
31.068001
43.688999
45.631001
40.777000
30.097000
14.563000
-0.970870
-6.796100
-2.912600
4.854400
10.680000
16.504999
22.330000
22.330000
18.447001
15.534000
10.680000
7.767000
15.534000
28.155001
33.980999
35.922001
32.039001
23.301001
16.504999
15.534000
16.504999
14.563000
11.650000
5.825200
-3.883500
-12.621000
-20.388000
-24.271999
-20.388000
-13.592000
-9.708700
-9.708700
-10.680000
-9.708700
-9.708700
-11.650000
-14.563000
-7.767000
-1.941700
-1.941700
-1.941700
-7.767000
-18.447001
-20.388000
-16.504999
-15.534000
-18.447001
-18.447001
-18.447001
-14.563000
-5.825200
0.000000
5.825200
13.592000
13.592000
0.970870
-13.592000
-21.358999
-19.417000
-15.534000
-16.504999
-13.592000
-3.883500
0.970870
3.883500
5.825200
7.767000
7.767000
9.708700
8.737900
0.970870
-3.883500
-1.941700
1.941700
5.825200
10.680000
18.447001
22.330000
18.447001
10.680000
6.796100
4.854400
0.000000
-2.912600
-2.912600
0.970870
2.912600
2.912600
4.854400
8.737900
14.563000
13.592000
5.825200
-0.970870
-3.883500
-6.796100
-14.563000
-16.504999
-11.650000
-7.767000
-7.767000
-7.767000
-4.854400
-1.941700
1.941700
4.854400
-0.970870
-8.737900
-13.592000
-15.534000
-12.621000
-6.796100
-0.970870
8.737900
22.330000
34.951000
37.863998
35.922001
30.097000
13.592000
-4.854400
-16.504999
-22.330000
-23.301001
-23.301001
-21.358999
-19.417000
-11.650000
0.000000
12.621000
22.330000
22.330000
18.447001
11.650000
0.000000
-12.621000
-18.447001
-20.388000
-26.214001
-28.155001
-28.155001
-28.155001
-18.447001
-2.912600
10.680000
16.504999
15.534000
13.592000
10.680000
9.708700
13.592000
15.534000
16.504999
15.534000
13.592000
11.650000
6.796100
1.941700
-3.883500
-10.680000
-10.680000
-6.796100
-5.825200
-9.708700
-13.592000
-15.534000
-17.476000
-13.592000
-8.737900
-5.825200
-3.883500
-0.970870
1.941700
8.737900
16.504999
14.563000
6.796100
0.970870
4.854400
11.650000
15.534000
12.621000
7.767000
3.883500
6.796100
14.563000
18.447001
13.592000
6.796100
-1.941700
-6.796100
-9.708700
-8.737900
-5.825200
0.000000
1.941700
0.000000
-3.883500
-4.854400
-1.941700
-1.941700
0.970870
6.796100
12.621000
17.476000
20.388000
23.301001
27.184000
27.184000
17.476000
1.941700
-14.563000
-25.243000
-27.184000
-27.184000
-28.155001
-19.417000
-3.883500
10.680000
19.417000
24.271999
22.330000
14.563000
9.708700
9.708700
7.767000
0.970870
-6.796100
-10.680000
-9.708700
-5.825200
0.970870
3.883500
0.000000
-6.796100
-12.621000
-15.534000
-15.534000
-16.504999
-17.476000
-20.388000
-19.417000
-16.504999
-14.563000
-10.680000
-5.825200
-2.912600
-2.912600
-1.941700
0.000000
0.970870
2.912600
0.970870
0.000000
3.883500
5.825200
7.767000
8.737900
11.650000
20.388000
27.184000
29.125999
23.301001
10.680000
5.825200
5.825200
5.825200
7.767000
9.708700
12.621000
14.563000
11.650000
12.621000
17.476000
19.417000
17.476000
15.534000
12.621000
9.708700
6.796100
5.825200
3.883500
2.912600
0.000000
-3.883500
-2.912600
0.970870
2.912600
-0.970870
-7.767000
-9.708700
-7.767000
-8.737900
-10.680000
-14.563000
-13.592000
-11.650000
-10.680000
-15.534000
-19.417000
-18.447001
-18.447001
-19.417000
-19.417000
-20.388000
-20.388000
-14.563000
-6.796100
-2.912600
-4.854400
-8.737900
-6.796100
0.000000
6.796100
10.680000
10.680000
4.854400
2.912600
6.796100
13.592000
18.447001
20.388000
20.388000
23.301001
26.214001
27.184000
25.243000
24.271999
25.243000
27.184000
29.125999
33.009998
32.039001
26.214001
20.388000
18.447001
21.358999
20.388000
20.388000
19.417000
18.447001
14.563000
8.737900
2.912600
-2.912600
-7.767000
-10.680000
-14.563000
-14.563000
-10.680000
-6.796100
-6.796100
-3.883500
1.941700
0.970870
-4.854400
-8.737900
-5.825200
-1.941700
0.970870
2.912600
2.912600
4.854400
5.825200
0.970870
-5.825200
-11.650000
-19.417000
-21.358999
-20.388000
-16.504999
-6.796100
-0.970870
-5.825200
-10.680000
-14.563000
-17.476000
-22.330000
-24.271999
-22.330000
-19.417000
-23.301001
-30.097000
-31.068001
-29.125999
-29.125999
-28.155001
-23.301001
-13.592000
-3.883500
1.941700
6.796100
10.680000
15.534000
18.447001
17.476000
17.476000
19.417000
19.417000
18.447001
17.476000
13.592000
3.883500
-9.708700
-19.417000
-23.301001
-25.243000
-22.330000
-19.417000
-17.476000
-19.417000
-23.301001
-24.271999
-26.214001
-31.068001
-34.951000
-41.748001
-46.602001
-43.688999
-38.834999
-32.039001
-22.330000
-16.504999
-17.476000
-20.388000
-23.301001
-24.271999
-25.243000
-26.214001
-25.243000
-19.417000
-18.447001
-22.330000
-22.330000
-21.358999
-22.330000
-18.447001
-15.534000
-18.447001
-18.447001
-16.504999
-13.592000
-6.796100
1.941700
5.825200
8.737900
12.621000
13.592000
13.592000
10.680000
7.767000
7.767000
0.000000
-8.737900
-8.737900
-4.854400
1.941700
9.708700
14.563000
21.358999
29.125999
35.922001
29.125999
16.504999
8.737900
3.883500
-0.970870
1.941700
10.680000
19.417000
25.243000
28.155001
31.068001
37.863998
40.777000
39.806000
36.893002
33.980999
38.834999
44.660000
43.688999
42.717999
40.777000
40.777000
43.688999
41.748001
40.777000
38.834999
33.009998
25.243000
19.417000
15.534000
10.680000
7.767000
8.737900
15.534000
23.301001
23.301001
25.243000
21.358999
9.708700
2.912600
8.737900
12.621000
7.767000
2.912600
2.912600
3.883500
4.854400
4.854400
0.970870
6.796100
7.767000
2.912600
4.854400
2.912600
-1.941700
-6.796100
-14.563000
-16.504999
-18.447001
-26.214001
-31.068001
-34.951000
-32.039001
-24.271999
-16.504999
-10.680000
-6.796100
-1.941700
-3.883500
-9.708700
-12.621000
-5.825200
0.000000
1.941700
3.883500
2.912600
-0.970870
-0.970870
-0.970870
-1.941700
-1.941700
-1.941700
-5.825200
-10.680000
-11.650000
-13.592000
-17.476000
-21.358999
-22.330000
-20.388000
-17.476000
-9.708700
1.941700
6.796100
3.883500
-3.883500
-9.708700
-11.650000
-8.737900
-6.796100
-5.825200
-5.825200
-5.825200
-3.883500
-4.854400
-5.825200
-2.912600
-1.941700
-3.883500
-6.796100
-6.796100
-5.825200
-1.941700
-1.941700
-9.708700
-8.737900
-3.883500
0.000000
-0.970870
-4.854400
-8.737900
-8.737900
-3.883500
1.941700
7.767000
14.563000
22.330000
18.447001
9.708700
8.737900
12.621000
14.563000
13.592000
4.854400
-1.941700
-10.680000
-15.534000
-22.330000
-24.271999
-22.330000
-18.447001
-12.621000
-5.825200
-2.912600
-3.883500
-9.708700
-14.563000
-17.476000
-20.388000
-15.534000
-9.708700
-5.825200
-0.970870
1.941700
4.854400
9.708700
16.504999
22.330000
24.271999
23.301001
20.388000
13.592000
8.737900
10.680000
14.563000
16.504999
15.534000
12.621000
14.563000
15.534000
19.417000
19.417000
10.680000
2.912600
-3.883500
-5.825200
-4.854400
-1.941700
0.000000
0.970870
1.941700
5.825200
12.621000
5.825200
-4.854400
-4.854400
-3.883500
-1.941700
-0.970870
1.941700
4.854400
0.970870
0.000000
0.970870
2.912600
0.000000
-5.825200
-8.737900
-8.737900
-4.854400
4.854400
6.796100
6.796100
4.854400
-0.970870
-0.970870
1.941700
2.912600
0.000000
-10.680000
-22.330000
-24.271999
-20.388000
-19.417000
-19.417000
-15.534000
-11.650000
-7.767000
-6.796100
-2.912600
-2.912600
-3.883500
-5.825200
-7.767000
-10.680000
-10.680000
-10.680000
-11.650000
-8.737900
-6.796100
-3.883500
-1.941700
3.883500
9.708700
13.592000
14.563000
7.767000
4.854400
8.737900
11.650000
3.883500
-6.796100
-14.563000
-16.504999
-15.534000
-15.534000
-8.737900
0.000000
5.825200
11.650000
11.650000
6.796100
6.796100
7.767000
7.767000
6.796100
0.970870
-5.825200
-8.737900
-8.737900
-5.825200
-4.854400
-2.912600
-3.883500
-4.854400
-4.854400
-2.912600
0.970870
1.941700
1.941700
1.941700
1.941700
5.825200
9.708700
13.592000
12.621000
8.737900
5.825200
3.883500
0.970870
-1.941700
2.912600
10.680000
12.621000
9.708700
7.767000
9.708700
13.592000
22.330000
27.184000
25.243000
26.214001
24.271999
22.330000
26.214001
26.214001
24.271999
25.243000
21.358999
15.534000
13.592000
11.650000
8.737900
10.680000
12.621000
9.708700
7.767000
4.854400
1.941700
-4.854400
-6.796100
-4.854400
0.000000
1.941700
1.941700
1.941700
5.825200
5.825200
8.737900
15.534000
20.388000
20.388000
18.447001
13.592000
5.825200
-2.912600
-10.680000
-16.504999
-18.447001
-17.476000
-17.476000
-10.680000
-6.796100
-5.825200
-4.854400
-7.767000
-6.796100
-5.825200
-6.796100
-9.708700
-11.650000
-12.621000
-12.621000
-9.708700
-12.621000
-18.447001
-21.358999
-22.330000
-24.271999
-25.243000
-30.097000
-31.068001
-28.155001
-23.301001
-20.388000
-19.417000
-15.534000
-16.504999
-22.330000
-21.358999
-20.388000
-19.417000
-20.388000
-16.504999
-13.592000
-10.680000
-9.708700
-8.737900
-3.883500
3.883500
10.680000
12.621000
11.650000
9.708700
8.737900
12.621000
8.737900
0.000000
-1.941700
-1.941700
-1.941700
-2.912600
-3.883500
-0.970870
-0.970870
0.970870
7.767000
11.650000
13.592000
15.534000
11.650000
8.737900
8.737900
4.854400
-0.970870
-1.941700
0.000000
1.941700
6.796100
7.767000
1.941700
-4.854400
-6.796100
-2.912600
0.970870
1.941700
-1.941700
-13.592000
-22.330000
-23.301001
-18.447001
-5.825200
9.708700
19.417000
28.155001
33.009998
35.922001
34.951000
33.980999
24.271999
8.737900
-9.708700
-28.155001
-34.951000
-31.068001
-22.330000
-10.680000
-0.970870
3.883500
7.767000
10.680000
8.737900
7.767000
15.534000
23.301001
21.358999
16.504999
12.621000
11.650000
11.650000
11.650000
16.504999
25.243000
33.009998
38.834999
36.893002
31.068001
26.214001
26.214001
29.125999
32.039001
32.039001
29.125999
27.184000
25.243000
21.358999
12.621000
7.767000
2.912600
0.970870
1.941700
1.941700
