-1.913900
-11.483000
-11.483000
-0.956940
5.741600
3.827800
0.956940
3.827800
1.913900
-2.870800
-10.526000
-14.354000
-14.354000
-15.311000
-20.096001
-23.923000
-19.139000
-11.483000
-6.698600
-0.956940
4.784700
4.784700
2.870800
0.956940
0.000000
0.000000
0.956940
1.913900
3.827800
10.526000
18.181999
26.794001
29.665001
29.665001
25.837000
22.010000
21.052999
22.010000
16.268000
9.569400
3.827800
-0.956940
-1.913900
-0.956940
-2.870800
-3.827800
-4.784700
-1.913900
0.956940
-2.870800
-7.655500
-7.655500
-6.698600
-7.655500
-10.526000
-8.612400
-15.311000
-24.879999
-29.665001
-30.622000
-24.879999
-22.010000
-23.923000
-26.794001
-27.750999
-24.879999
-22.010000
-18.181999
-18.181999
-20.096001
-19.139000
-17.225000
-12.440000
-7.655500
-5.741600
-7.655500
-10.526000
-15.311000
-19.139000
-17.225000
-13.397000
-8.612400
-7.655500
-8.612400
-8.612400
-8.612400
-11.483000
-9.569400
-8.612400
-6.698600
-1.913900
7.655500
19.139000
27.750999
36.363998
42.105000
42.105000
40.191002
34.450001
24.879999
15.311000
9.569400
7.655500
10.526000
12.440000
10.526000
9.569400
10.526000
12.440000
13.397000
14.354000
17.225000
22.966999
29.665001
33.493000
34.450001
31.579000
27.750999
22.010000
21.052999
20.096001
16.268000
12.440000
8.612400
2.870800
-0.956940
-2.870800
-6.698600
-8.612400
-8.612400
-10.526000
-15.311000
-20.096001
-24.879999
-27.750999
-26.794001
-23.923000
-16.268000
-6.698600
4.784700
12.440000
11.483000
4.784700
0.000000
-5.741600
-10.526000
-13.397000
-17.225000
-20.096001
-16.268000
-10.526000
-6.698600
-0.956940
8.612400
16.268000
16.268000
13.397000
4.784700
0.000000
-5.741600
-12.440000
-15.311000
-13.397000
-10.526000
-8.612400
-7.655500
-6.698600
-8.612400
-8.612400
-11.483000
-18.181999
-22.010000
-20.096001
-16.268000
-10.526000
-4.784700
0.000000
4.784700
3.827800
-1.913900
-6.698600
-5.741600
-5.741600
-4.784700
-3.827800
1.913900
7.655500
7.655500
7.655500
6.698600
6.698600
3.827800
-0.956940
-4.784700
-8.612400
-12.440000
-18.181999
-17.225000
-10.526000
-5.741600
-0.956940
0.956940
-1.913900
-4.784700
-7.655500
-9.569400
-14.354000
-17.225000
-15.311000
-8.612400
-0.956940
7.655500
13.397000
17.225000
15.311000
18.181999
17.225000
13.397000
6.698600
-3.827800
-13.397000
-18.181999
-13.397000
-4.784700
2.870800
9.569400
17.225000
22.966999
24.879999
23.923000
22.010000
13.397000
4.784700
0.000000
-7.655500
-12.440000
-11.483000
-9.569400
-7.655500
-1.913900
2.870800
5.741600
11.483000
17.225000
15.311000
16.268000
21.052999
17.225000
6.698600
3.827800
0.956940
-5.741600
-1.913900
1.913900
-2.870800
0.000000
2.870800
0.956940
-4.784700
-11.483000
-13.397000
-17.225000
-23.923000
-28.708000
-29.665001
-25.837000
-18.181999
-6.698600
1.913900
7.655500
12.440000
14.354000
16.268000
16.268000
10.526000
4.784700
-4.784700
-5.741600
-0.956940
3.827800
7.655500
10.526000
9.569400
8.612400
9.569400
12.440000
13.397000
11.483000
10.526000
10.526000
6.698600
2.870800
2.870800
0.956940
0.956940
-3.827800
-3.827800
-2.870800
-6.698600
-7.655500
-8.612400
-5.741600
-5.741600
-6.698600
-4.784700
-4.784700
0.956940
6.698600
12.440000
15.311000
14.354000
6.698600
-3.827800
-17.225000
-21.052999
-22.010000
-20.096001
-13.397000
-3.827800
8.612400
19.139000
25.837000
30.622000
32.535999
33.493000
33.493000
29.665001
22.966999
19.139000
15.311000
12.440000
13.397000
13.397000
9.569400
4.784700
-0.956940
-3.827800
-6.698600
-10.526000
-17.225000
-20.096001
-15.311000
-8.612400
-4.784700
-2.870800
-2.870800
-3.827800
-6.698600
-6.698600
-9.569400
-9.569400
-7.655500
-6.698600
-7.655500
-7.655500
-11.483000
-8.612400
-4.784700
-2.870800
4.784700
10.526000
13.397000
10.526000
6.698600
2.870800
0.000000
-1.913900
-2.870800
-2.870800
-4.784700
-2.870800
2.870800
8.612400
12.440000
8.612400
5.741600
2.870800
-0.956940
0.000000
0.000000
-1.913900
-2.870800
-2.870800
-4.784700
-5.741600
-5.741600
-5.741600
-3.827800
-2.870800
-2.870800
-4.784700
-4.784700
-6.698600
-10.526000
-11.483000
-13.397000
-7.655500
-2.870800
-4.784700
-11.483000
-9.569400
-8.612400
-15.311000
-15.311000
-11.483000
-7.655500
2.870800
9.569400
14.354000
16.268000
10.526000
6.698600
6.698600
2.870800
0.956940
-0.956940
-0.956940
3.827800
11.483000
17.225000
22.966999
31.579000
41.147999
44.976002
42.105000
35.407001
27.750999
21.052999
13.397000
6.698600
0.956940
0.956940
1.913900
2.870800
2.870800
2.870800
2.870800
1.913900
4.784700
4.784700
3.827800
-3.827800
-11.483000
-16.268000
-19.139000
-21.052999
-19.139000
-15.311000
-10.526000
-6.698600
-3.827800
-2.870800
-4.784700
-8.612400
-13.397000
-20.096001
-24.879999
-22.966999
-17.225000
-14.354000
-9.569400
-5.741600
0.000000
1.913900
0.000000
-2.870800
-6.698600
-11.483000
-12.440000
-13.397000
-17.225000
-17.225000
-17.225000
-16.268000
-15.311000
-11.483000
-10.526000
-9.569400
-6.698600
-2.870800
0.000000
1.913900
1.913900
0.000000
-0.956940
0.000000
-0.956940
2.870800
9.569400
19.139000
25.837000
28.708000
31.579000
32.535999
28.708000
24.879999
19.139000
14.354000
13.397000
9.569400
4.784700
0.956940
-2.870800
-3.827800
-1.913900
-1.913900
-0.956940
1.913900
2.870800
0.956940
-2.870800
-6.698600
-10.526000
-16.268000
-23.923000
-27.750999
-30.622000
-31.579000
-28.708000
-24.879999
-18.181999
-11.483000
-9.569400
-9.569400
-11.483000
-14.354000
-17.225000
-21.052999
-23.923000
-27.750999
-30.622000
-32.535999
-31.579000
-28.708000
-25.837000
-24.879999
-21.052999
-17.225000
-21.052999
-23.923000
-27.750999
-29.665001
-26.794001
-23.923000
-23.923000
-22.966999
-19.139000
-15.311000
-7.655500
-1.913900
0.000000
1.913900
0.956940
-0.956940
-0.956940
-5.741600
-8.612400
-6.698600
-6.698600
-3.827800
1.913900
9.569400
14.354000
17.225000
20.096001
18.181999
15.311000
13.397000
11.483000
13.397000
13.397000
10.526000
9.569400
12.440000
21.052999
29.665001
34.450001
33.493000
34.450001
37.320999
32.535999
28.708000
26.794001
20.096001
19.139000
16.268000
14.354000
14.354000
14.354000
13.397000
13.397000
14.354000
15.311000
16.268000
17.225000
20.096001
22.010000
18.181999
18.181999
15.311000
4.784700
-2.870800
-2.870800
0.000000
1.913900
1.913900
4.784700
7.655500
12.440000
18.181999
20.096001
26.794001
31.579000
31.579000
30.622000
30.622000
26.794001
19.139000
10.526000
5.741600
3.827800
-1.913900
-9.569400
-17.225000
-22.966999
-33.493000
-42.105000
-48.804001
-52.632000
-44.976002
-33.493000
-21.052999
-8.612400
4.784700
16.268000
21.052999
22.010000
21.052999
15.311000
2.870800
-10.526000
-17.225000
-16.268000
-14.354000
-4.784700
1.913900
6.698600
10.526000
10.526000
8.612400
4.784700
1.913900
-2.870800
-13.397000
-20.096001
-22.010000
-23.923000
-21.052999
-14.354000
-6.698600
0.956940
5.741600
12.440000
18.181999
22.966999
22.966999
16.268000
6.698600
2.870800
-5.741600
-15.311000
-23.923000
-31.579000
-37.320999
-37.320999
-34.450001
-33.493000
-28.708000
-22.966999
-17.225000
-12.440000
-6.698600
-4.784700
-0.956940
4.784700
12.440000
20.096001
24.879999
29.665001
27.750999
21.052999
14.354000
8.612400
4.784700
-1.913900
-7.655500
-12.440000
-15.311000
-14.354000
-19.139000
-23.923000
-27.750999
-30.622000
-27.750999
-23.923000
-27.750999
-31.579000
-31.579000
-31.579000
-27.750999
-22.966999
-13.397000
-3.827800
0.000000
2.870800
4.784700
4.784700
7.655500
12.440000
13.397000
14.354000
11.483000
5.741600
5.741600
6.698600
6.698600
4.784700
0.000000
-0.956940
-0.956940
0.956940
0.956940
3.827800
6.698600
3.827800
-0.956940
-4.784700
-3.827800
-1.913900
0.956940
2.870800
7.655500
12.440000
16.268000
19.139000
17.225000
12.440000
9.569400
8.612400
10.526000
11.483000
11.483000
14.354000
19.139000
23.923000
26.794001
30.622000
26.794001
21.052999
15.311000
12.440000
9.569400
13.397000
13.397000
12.440000
10.526000
7.655500
7.655500
6.698600
3.827800
1.913900
-1.913900
-5.741600
-8.612400
-8.612400
-4.784700
-1.913900
1.913900
5.741600
6.698600
6.698600
7.655500
6.698600
1.913900
-4.784700
-10.526000
-15.311000
-17.225000
-16.268000
-15.311000
-11.483000
-5.741600
3.827800
9.569400
13.397000
14.354000
10.526000
5.741600
-0.956940
-8.612400
-10.526000
-16.268000
-24.879999
-29.665001
-28.708000
-22.966999
-16.268000
-12.440000
-3.827800
1.913900
0.000000
-3.827800
-11.483000
-22.010000
-25.837000
-25.837000
-24.879999
-18.181999
-9.569400
0.000000
6.698600
12.440000
16.268000
16.268000
15.311000
10.526000
5.741600
3.827800
-0.956940
-3.827800
-4.784700
-8.612400
-13.397000
-16.268000
-14.354000
-14.354000
-15.311000
-15.311000
-13.397000
-8.612400
-5.741600
-3.827800
-5.741600
-8.612400
-3.827800
0.956940
-0.956940
-1.913900
-2.870800
-1.913900
-4.784700
-9.569400
-9.569400
-1.913900
2.870800
3.827800
1.913900
4.784700
9.569400
12.440000
8.612400
4.784700
5.741600
4.784700
5.741600
8.612400
12.440000
16.268000
18.181999
17.225000
15.311000
8.612400
0.956940
0.000000
0.956940
-1.913900
-3.827800
-3.827800
0.956940
3.827800
9.569400
20.096001
28.708000
35.407001
38.278000
36.363998
32.535999
25.837000
20.096001
11.483000
2.870800
0.000000
-0.956940
0.000000
4.784700
12.440000
18.181999
17.225000
17.225000
22.010000
22.010000
18.181999
12.440000
10.526000
6.698600
0.956940
-4.784700
-8.612400
-11.483000
-11.483000
-15.311000
-16.268000
-22.010000
-25.837000
-27.750999
-19.139000
-9.569400
-7.655500
-4.784700
-3.827800
-5.741600
-6.698600
-10.526000
-11.483000
-11.483000
-9.569400
-8.612400
-7.655500
-7.655500
-8.612400
-6.698600
-6.698600
-4.784700
-3.827800
-2.870800
-0.956940
1.913900
7.655500
9.569400
6.698600
5.741600
4.784700
0.000000
-10.526000
-17.225000
-20.096001
-16.268000
-11.483000
-7.655500
-6.698600
-5.741600
-1.913900
2.870800
6.698600
8.612400
6.698600
6.698600
9.569400
11.483000
10.526000
12.440000
13.397000
7.655500
0.000000
-2.870800
-2.870800
-3.827800
-5.741600
-7.655500
-10.526000
-14.354000
-17.225000
-17.225000
-7.655500
2.870800
6.698600
11.483000
15.311000
20.096001
19.139000
16.268000
12.440000
4.784700
-2.870800
-12.440000
-18.181999
-17.225000
-16.268000
-9.569400
0.000000
2.870800
5.741600
5.741600
3.827800
0.956940
-1.913900
-6.698600
-15.311000
-20.096001
-18.181999
-11.483000
-2.870800
5.741600
15.311000
20.096001
24.879999
27.750999
27.750999
23.923000
18.181999
14.354000
9.569400
6.698600
4.784700
4.784700
6.698600
7.655500
5.741600
6.698600
8.612400
8.612400
6.698600
6.698600
8.612400
