20.191999
30.768999
39.423000
37.500000
35.577000
31.731001
25.962000
19.231001
8.653800
-2.884600
-12.500000
-16.346001
-9.615400
0.961540
4.807700
4.807700
3.846200
-0.961540
-2.884600
-0.961540
-1.923100
-1.923100
0.961540
4.807700
8.653800
14.423000
24.038000
22.115000
12.500000
7.692300
4.807700
4.807700
6.730800
9.615400
9.615400
9.615400
8.653800
7.692300
0.961540
-2.884600
0.000000
1.923100
5.769200
8.653800
8.653800
9.615400
10.577000
12.500000
10.577000
5.769200
-0.961540
-5.769200
-6.730800
-7.692300
-10.577000
-10.577000
-17.308001
-25.962000
-27.885000
-21.153999
-7.692300
0.000000
0.961540
0.000000
0.961540
1.923100
-1.923100
-7.692300
-15.385000
-23.077000
-30.768999
-35.577000
-34.615002
-30.768999
-27.885000
-24.038000
-21.153999
-21.153999
-18.268999
-12.500000
-6.730800
-6.730800
-10.577000
-11.538000
-15.385000
-22.115000
-25.962000
-26.923000
-28.846001
-27.885000
-25.000000
-22.115000
-14.423000
-10.577000
-1.923100
11.538000
22.115000
25.962000
28.846001
25.962000
22.115000
19.231001
14.423000
9.615400
10.577000
10.577000
10.577000
7.692300
2.884600
1.923100
0.961540
1.923100
9.615400
19.231001
21.153999
19.231001
18.268999
16.346001
10.577000
6.730800
7.692300
5.769200
3.846200
-1.923100
-12.500000
-17.308001
-20.191999
-23.077000
-21.153999
-16.346001
-11.538000
-7.692300
-4.807700
-2.884600
-1.923100
-2.884600
-4.807700
-4.807700
-3.846200
-3.846200
-3.846200
-9.615400
-15.385000
-14.423000
-7.692300
-1.923100
0.961540
5.769200
9.615400
12.500000
17.308001
17.308001
19.231001
27.885000
31.731001
25.962000
14.423000
0.000000
-7.692300
-11.538000
-14.423000
-11.538000
-2.884600
3.846200
8.653800
12.500000
15.385000
15.385000
13.462000
9.615400
1.923100
-5.769200
-10.577000
-12.500000
-17.308001
-19.231001
-13.462000
-6.730800
-1.923100
-0.961540
0.000000
2.884600
4.807700
5.769200
7.692300
10.577000
8.653800
1.923100
-1.923100
-3.846200
-2.884600
-3.846200
-8.653800
-12.500000
-11.538000
-6.730800
-5.769200
-4.807700
-3.846200
-6.730800
-9.615400
-6.730800
-4.807700
-3.846200
-4.807700
-13.462000
-26.923000
-37.500000
-37.500000
-29.808001
-20.191999
-13.462000
-7.692300
1.923100
12.500000
23.077000
25.000000
19.231001
8.653800
-5.769200
-17.308001
-21.153999
-15.385000
-4.807700
4.807700
14.423000
20.191999
25.962000
32.692001
42.307999
49.037998
46.153999
38.462002
28.846001
15.385000
0.000000
-16.346001
-29.808001
-38.462002
-40.384998
-32.692001
-19.231001
-2.884600
16.346001
28.846001
32.692001
26.923000
20.191999
12.500000
5.769200
0.000000
-6.730800
-11.538000
-13.462000
-15.385000
-14.423000
-11.538000
-9.615400
-7.692300
-9.615400
-8.653800
-3.846200
-0.961540
0.961540
2.884600
5.769200
9.615400
11.538000
9.615400
7.692300
6.730800
6.730800
8.653800
11.538000
15.385000
14.423000
9.615400
4.807700
4.807700
7.692300
9.615400
9.615400
9.615400
8.653800
10.577000
16.346001
18.268999
16.346001
13.462000
9.615400
3.846200
-2.884600
-6.730800
-8.653800
-8.653800
-14.423000
-21.153999
-28.846001
-31.731001
-25.962000
-19.231001
-10.577000
-1.923100
4.807700
11.538000
16.346001
18.268999
18.268999
16.346001
11.538000
0.961540
-14.423000
-27.885000
-31.731001
-29.808001
-21.153999
-5.769200
14.423000
28.846001
35.577000
36.537998
31.731001
23.077000
16.346001
13.462000
12.500000
8.653800
2.884600
-0.961540
-6.730800
-10.577000
-10.577000
-7.692300
-7.692300
-13.462000
-22.115000
-28.846001
-32.692001
-35.577000
-36.537998
-35.577000
-30.768999
-21.153999
-11.538000
-2.884600
0.961540
0.000000
-0.961540
-1.923100
-3.846200
-3.846200
-6.730800
-9.615400
-10.577000
-5.769200
1.923100
8.653800
12.500000
15.385000
21.153999
26.923000
27.885000
23.077000
12.500000
2.884600
0.961540
-1.923100
-6.730800
-8.653800
-3.846200
1.923100
6.730800
13.462000
18.268999
22.115000
20.191999
16.346001
11.538000
5.769200
-0.961540
-1.923100
-1.923100
-1.923100
-2.884600
-1.923100
1.923100
8.653800
13.462000
14.423000
12.500000
9.615400
7.692300
5.769200
4.807700
5.769200
9.615400
15.385000
19.231001
19.231001
18.268999
15.385000
10.577000
0.961540
-9.615400
-15.385000
-15.385000
-10.577000
-2.884600
2.884600
2.884600
-3.846200
-7.692300
-7.692300
-2.884600
2.884600
5.769200
6.730800
7.692300
13.462000
21.153999
26.923000
32.692001
37.500000
37.500000
34.615002
28.846001
25.000000
22.115000
19.231001
16.346001
9.615400
4.807700
-0.961540
-5.769200
-10.577000
-11.538000
-10.577000
-8.653800
-4.807700
-3.846200
-5.769200
-7.692300
-10.577000
-13.462000
-18.268999
-23.077000
-23.077000
-22.115000
-20.191999
-19.231001
-19.231001
-19.231001
-17.308001
-14.423000
-14.423000
-17.308001
-17.308001
-13.462000
-9.615400
-5.769200
-1.923100
0.000000
-2.884600
-3.846200
-5.769200
-7.692300
-12.500000
-14.423000
-9.615400
-4.807700
-2.884600
-1.923100
-4.807700
-9.615400
-14.423000
-17.308001
-19.231001
-21.153999
-19.231001
-16.346001
-13.462000
-12.500000
-13.462000
-14.423000
-12.500000
-13.462000
-12.500000
-6.730800
0.961540
12.500000
21.153999
27.885000
32.692001
37.500000
40.384998
41.346001
36.537998
32.692001
31.731001
29.808001
27.885000
25.000000
17.308001
8.653800
2.884600
-0.961540
-2.884600
-3.846200
-3.846200
-3.846200
-3.846200
-8.653800
-12.500000
-15.385000
-19.231001
-24.038000
-28.846001
-29.808001
-31.731001
-32.692001
-28.846001
-23.077000
-17.308001
-10.577000
-3.846200
-2.884600
-6.730800
-11.538000
-17.308001
-21.153999
-26.923000
-30.768999
-29.808001
-26.923000
-25.962000
-25.962000
-22.115000
-16.346001
-15.385000
-15.385000
-14.423000
-11.538000
-8.653800
-9.615400
-15.385000
-17.308001
-11.538000
-2.884600
8.653800
15.385000
11.538000
6.730800
0.000000
-3.846200
-0.961540
-1.923100
-1.923100
4.807700
9.615400
14.423000
21.153999
31.731001
35.577000
34.615002
29.808001
24.038000
19.231001
19.231001
20.191999
21.153999
15.385000
11.538000
12.500000
20.191999
25.962000
31.731001
34.615002
30.768999
31.731001
35.577000
31.731001
25.000000
18.268999
11.538000
10.577000
12.500000
20.191999
25.962000
24.038000
17.308001
12.500000
11.538000
6.730800
5.769200
8.653800
11.538000
9.615400
0.961540
-5.769200
-11.538000
-18.268999
-23.077000
-22.115000
-15.385000
-8.653800
-0.961540
5.769200
12.500000
11.538000
5.769200
-3.846200
-0.961540
4.807700
7.692300
12.500000
14.423000
13.462000
10.577000
9.615400
4.807700
-4.807700
-14.423000
-23.077000
-32.692001
-41.346001
-50.000000
-53.846001
-53.846001
-48.077000
-35.577000
-21.153999
-7.692300
0.000000
7.692300
12.500000
13.462000
11.538000
3.846200
-5.769200
-13.462000
-19.231001
-25.000000
-22.115000
-11.538000
0.000000
8.653800
17.308001
20.191999
14.423000
2.884600
-10.577000
-18.268999
-21.153999
-20.191999
-16.346001
-11.538000
-2.884600
7.692300
17.308001
25.962000
30.768999
30.768999
27.885000
23.077000
15.385000
5.769200
-8.653800
-21.153999
-25.000000
-25.000000
-24.038000
-26.923000
-25.962000
-23.077000
-18.268999
-10.577000
-7.692300
-2.884600
0.961540
4.807700
4.807700
1.923100
0.000000
0.961540
9.615400
19.231001
26.923000
32.692001
35.577000
26.923000
12.500000
1.923100
-4.807700
-4.807700
3.846200
7.692300
7.692300
1.923100
-5.769200
-14.423000
-21.153999
-24.038000
-24.038000
-20.191999
-16.346001
-19.231001
-22.115000
-25.962000
-25.962000
-22.115000
-19.231001
-14.423000
-8.653800
-3.846200
1.923100
4.807700
4.807700
6.730800
11.538000
15.385000
14.423000
8.653800
-1.923100
-10.577000
-12.500000
-5.769200
0.000000
2.884600
5.769200
2.884600
0.961540
0.000000
0.961540
4.807700
5.769200
1.923100
-0.961540
3.846200
9.615400
14.423000
15.385000
12.500000
7.692300
2.884600
-0.961540
-6.730800
-15.385000
-20.191999
-21.153999
-12.500000
-1.923100
9.615400
18.268999
18.268999
15.385000
14.423000
14.423000
10.577000
3.846200
0.961540
-3.846200
-8.653800
-4.807700
-7.692300
-9.615400
-7.692300
-7.692300
-4.807700
-1.923100
-0.961540
3.846200
4.807700
0.000000
-3.846200
-8.653800
-8.653800
-4.807700
1.923100
6.730800
7.692300
9.615400
10.577000
10.577000
8.653800
5.769200
3.846200
0.961540
0.961540
1.923100
2.884600
5.769200
5.769200
6.730800
8.653800
10.577000
14.423000
16.346001
16.346001
14.423000
12.500000
10.577000
8.653800
4.807700
1.923100
0.961540
-0.961540
-3.846200
-8.653800
-4.807700
1.923100
3.846200
2.884600
-3.846200
-11.538000
-11.538000
-4.807700
3.846200
11.538000
13.462000
10.577000
8.653800
10.577000
11.538000
10.577000
10.577000
8.653800
2.884600
-5.769200
-13.462000
-16.346001
-21.153999
-23.077000
-20.191999
-15.385000
-8.653800
0.000000
9.615400
14.423000
16.346001
15.385000
10.577000
2.884600
-4.807700
-4.807700
-0.961540
3.846200
3.846200
1.923100
0.000000
-1.923100
-7.692300
-10.577000
-6.730800
0.961540
6.730800
8.653800
9.615400
10.577000
13.462000
15.385000
13.462000
9.615400
9.615400
8.653800
8.653800
10.577000
11.538000
8.653800
4.807700
0.961540
-6.730800
-18.268999
-24.038000
-25.000000
-21.153999
-18.268999
-13.462000
-6.730800
1.923100
5.769200
10.577000
12.500000
16.346001
24.038000
27.885000
22.115000
9.615400
-1.923100
-9.615400
-12.500000
-10.577000
-2.884600
5.769200
16.346001
23.077000
26.923000
30.768999
27.885000
22.115000
16.346001
6.730800
-3.846200
-7.692300
-7.692300
-8.653800
-5.769200
-4.807700
-5.769200
-7.692300
-9.615400
-15.385000
-20.191999
-25.962000
-30.768999
-31.731001
-30.768999
-25.962000
-24.038000
-20.191999
-17.308001
-19.231001
-20.191999
-19.231001
-17.308001
-15.385000
-10.577000
-6.730800
-5.769200
-5.769200
-7.692300
-12.500000
-14.423000
-14.423000
-13.462000
-9.615400
-4.807700
-1.923100
5.769200
7.692300
6.730800
7.692300
7.692300
5.769200
0.961540
-5.769200
-12.500000
-15.385000
-9.615400
0.961540
6.730800
9.615400
11.538000
11.538000
15.385000
18.268999
14.423000
9.615400
8.653800
9.615400
9.615400
12.500000
9.615400
1.923100
-3.846200
-6.730800
-6.730800
-1.923100
2.884600
6.730800
4.807700
0.000000
-2.884600
-5.769200
-1.923100
2.884600
4.807700
7.692300
10.577000
13.462000
12.500000
10.577000
4.807700
-2.884600
-12.500000
-21.153999
-24.038000
-21.153999
-17.308001
-9.615400
-1.923100
1.923100
5.769200
5.769200
4.807700
0.961540
-0.961540
-2.884600
-7.692300
-9.615400
-9.615400
-8.653800
-6.730800
-2.884600
4.807700
14.423000
22.115000
26.923000
27.885000
25.000000
23.077000
24.038000
26.923000
31.731001
32.692001
31.731001
31.731001
29.808001
25.000000
22.115000
19.231001
14.423000
8.653800
4.807700
3.846200
