-3.955300
-2.998400
0.829350
8.484800
16.139999
16.139999
3.700200
2.743200
11.356000
17.097000
10.399000
5.614000
6.571000
2.743200
-5.869200
-0.127590
-0.127590
-2.998400
-2.041500
-3.955300
-6.826200
-1.084500
0.829350
-3.955300
-2.998400
5.614000
10.399000
10.399000
2.743200
0.829350
-1.084500
-2.041500
-2.041500
-0.127590
-1.084500
-0.127590
-7.783100
-5.869200
0.829350
-2.998400
-5.869200
-2.998400
-1.084500
1.786300
4.657100
1.786300
-0.127590
2.743200
0.829350
-2.041500
-2.998400
1.786300
5.614000
2.743200
-0.127590
0.829350
6.571000
15.183000
5.614000
0.829350
5.614000
7.527900
6.571000
0.829350
1.786300
3.700200
7.527900
10.399000
1.786300
-2.041500
-7.783100
-5.869200
-3.955300
-3.955300
-2.998400
2.743200
-1.084500
-2.041500
1.786300
-0.127590
0.829350
7.527900
5.614000
-0.127590
-2.041500
-4.912300
1.786300
-1.084500
-9.697000
-10.654000
-13.525000
-12.568000
-13.525000
-7.783100
-0.127590
3.700200
0.829350
5.614000
6.571000
0.829350
-0.127590
7.527900
15.183000
12.313000
3.700200
2.743200
5.614000
9.441800
5.614000
-6.826200
-13.525000
-15.439000
-13.525000
-10.654000
-8.740000
-1.084500
-2.998400
-4.912300
1.786300
2.743200
9.441800
7.527900
1.786300
1.786300
-3.955300
-8.740000
-3.955300
-3.955300
-4.912300
-2.998400
-2.041500
-3.955300
-4.912300
-7.783100
-6.826200
-1.084500
-1.084500
2.743200
0.829350
-3.955300
-2.998400
-1.084500
-0.127590
-0.127590
-2.041500
-0.127590
-0.127590
-0.127590
-1.084500
-2.998400
-3.955300
2.743200
6.571000
0.829350
-2.998400
-3.955300
-5.869200
-10.654000
-6.826200
0.829350
6.571000
11.356000
-0.127590
1.786300
4.657100
7.527900
5.614000
0.829350
4.657100
5.614000
-0.127590
-8.740000
-7.783100
-12.568000
-17.351999
-11.611000
-0.127590
7.527900
4.657100
7.527900
9.441800
3.700200
-0.127590
4.657100
11.356000
13.270000
12.313000
3.700200
0.829350
5.614000
0.829350
-6.826200
0.829350
-1.084500
-6.826200
-2.041500
3.700200
3.700200
1.786300
-2.041500
5.614000
4.657100
8.484800
4.657100
-0.127590
-2.998400
-2.998400
-5.869200
-6.826200
-8.740000
-8.740000
-0.127590
-2.041500
-6.826200
-8.740000
-9.697000
-3.955300
-2.041500
-2.998400
5.614000
6.571000
8.484800
5.614000
5.614000
9.441800
8.484800
5.614000
9.441800
9.441800
8.484800
7.527900
1.786300
-2.041500
-2.998400
3.700200
9.441800
6.571000
0.829350
0.829350
3.700200
0.829350
-0.127590
2.743200
-1.084500
-3.955300
-0.127590
0.829350
5.614000
8.484800
4.657100
2.743200
-1.084500
0.829350
3.700200
-1.084500
-3.955300
-5.869200
-5.869200
0.829350
0.829350
0.829350
-0.127590
-8.740000
-9.697000
-3.955300
-2.998400
5.614000
7.527900
1.786300
2.743200
2.743200
7.527900
0.829350
-2.998400
2.743200
2.743200
-0.127590
-2.998400
-3.955300
2.743200
8.484800
2.743200
-2.998400
-1.084500
-2.041500
-7.783100
-2.998400
-1.084500
0.829350
-2.041500
-5.869200
-4.912300
-5.869200
0.829350
3.700200
2.743200
5.614000
2.743200
-4.912300
-3.955300
0.829350
-2.041500
-3.955300
-2.041500
-8.740000
-6.826200
-0.127590
2.743200
7.527900
11.356000
14.226000
16.139999
5.614000
1.786300
6.571000
7.527900
5.614000
4.657100
3.700200
-1.084500
4.657100
11.356000
8.484800
9.441800
3.700200
6.571000
10.399000
12.313000
15.183000
3.700200
-0.127590
2.743200
5.614000
-1.084500
-1.084500
9.441800
13.270000
18.054001
15.183000
13.270000
4.657100
-3.955300
-6.826200
-5.869200
-6.826200
-10.654000
-4.912300
4.657100
2.743200
0.829350
0.829350
-6.826200
-22.136999
-23.094000
-12.568000
-13.525000
-10.654000
1.786300
-1.084500
-11.611000
-10.654000
-8.740000
-4.912300
-2.041500
-9.697000
-15.439000
-18.309000
-5.869200
-3.955300
-4.912300
-2.998400
-12.568000
-11.611000
-10.654000
-8.740000
-8.740000
-5.869200
-3.955300
-7.783100
-7.783100
-1.084500
3.700200
0.829350
-2.998400
6.571000
19.968000
17.097000
4.657100
-5.869200
-3.955300
6.571000
11.356000
6.571000
-2.041500
-8.740000
-6.826200
3.700200
3.700200
1.786300
7.527900
5.614000
4.657100
9.441800
17.097000
17.097000
16.139999
13.270000
16.139999
19.968000
12.313000
5.614000
9.441800
11.356000
3.700200
-4.912300
-5.869200
-0.127590
5.614000
11.356000
14.226000
7.527900
1.786300
-0.127590
11.356000
16.139999
16.139999
12.313000
4.657100
-0.127590
-0.127590
1.786300
-0.127590
0.829350
-2.998400
-7.783100
-6.826200
-10.654000
-13.525000
-17.351999
-18.309000
-21.180000
-19.266001
-17.351999
-23.094000
-24.051001
-20.223000
-20.223000
-19.266001
-16.396000
-11.611000
-7.783100
-0.127590
1.786300
1.786300
4.657100
4.657100
6.571000
3.700200
1.786300
5.614000
1.786300
-1.084500
-2.041500
-11.611000
-16.396000
-14.482000
-10.654000
-12.568000
-19.266001
-12.568000
-1.084500
-2.998400
-2.998400
-7.783100
-8.740000
-8.740000
-5.869200
-0.127590
0.829350
6.571000
6.571000
5.614000
5.614000
5.614000
9.441800
9.441800
9.441800
5.614000
-1.084500
2.743200
-1.084500
-2.041500
0.829350
-1.084500
2.743200
6.571000
6.571000
6.571000
8.484800
4.657100
-0.127590
-0.127590
-4.912300
-7.783100
-5.869200
-4.912300
-0.127590
7.527900
12.313000
8.484800
3.700200
6.571000
10.399000
2.743200
-3.955300
-2.041500
-6.826200
-10.654000
-7.783100
-4.912300
2.743200
3.700200
3.700200
-2.998400
-4.912300
2.743200
6.571000
8.484800
12.313000
14.226000
19.011000
11.356000
9.441800
13.270000
7.527900
6.571000
3.700200
-1.084500
-0.127590
-2.041500
-2.998400
-1.084500
2.743200
7.527900
-0.127590
-0.127590
7.527900
6.571000
8.484800
11.356000
12.313000
4.657100
3.700200
1.786300
1.786300
-1.084500
2.743200
0.829350
0.829350
4.657100
-2.998400
-3.955300
-2.041500
-6.826200
-2.998400
5.614000
4.657100
-3.955300
-8.740000
-6.826200
-3.955300
-1.084500
-0.127590
-5.869200
-6.826200
-0.127590
-2.041500
-4.912300
1.786300
4.657100
8.484800
15.183000
9.441800
1.786300
-5.869200
-1.084500
-0.127590
5.614000
3.700200
-5.869200
-2.998400
1.786300
-3.955300
-7.783100
-4.912300
0.829350
2.743200
1.786300
1.786300
-1.084500
-1.084500
9.441800
13.270000
7.527900
-1.084500
-10.654000
-12.568000
-4.912300
-2.998400
-5.869200
-12.568000
-19.266001
-12.568000
-5.869200
-8.740000
-3.955300
-1.084500
-7.783100
-1.084500
5.614000
3.700200
4.657100
3.700200
-1.084500
-9.697000
-10.654000
-5.869200
-2.998400
1.786300
4.657100
-0.127590
-1.084500
-0.127590
8.484800
11.356000
12.313000
6.571000
-5.869200
-15.439000
-16.396000
-8.740000
-2.998400
-4.912300
-7.783100
-8.740000
-7.783100
-4.912300
2.743200
9.441800
19.968000
18.054001
19.968000
17.097000
10.399000
9.441800
7.527900
9.441800
8.484800
7.527900
1.786300
-2.998400
-2.998400
-1.084500
-3.955300
-3.955300
-2.998400
-1.084500
4.657100
0.829350
0.829350
-0.127590
-4.912300
-6.826200
0.829350
0.829350
-8.740000
-4.912300
-8.740000
-7.783100
-2.041500
-5.869200
-2.041500
1.786300
9.441800
5.614000
3.700200
8.484800
8.484800
7.527900
9.441800
11.356000
8.484800
-0.127590
-3.955300
0.829350
5.614000
-0.127590
-3.955300
-9.697000
-9.697000
-14.482000
-12.568000
0.829350
-2.998400
-11.611000
-4.912300
5.614000
9.441800
11.356000
6.571000
8.484800
5.614000
4.657100
5.614000
5.614000
8.484800
10.399000
9.441800
9.441800
1.786300
-2.041500
-2.041500
6.571000
7.527900
5.614000
6.571000
4.657100
6.571000
5.614000
-0.127590
-5.869200
-5.869200
-13.525000
-14.482000
-10.654000
-11.611000
-15.439000
-19.266001
-12.568000
-6.826200
-9.697000
-10.654000
-7.783100
-5.869200
-4.912300
-5.869200
-2.998400
-3.955300
-5.869200
1.786300
-1.084500
-5.869200
1.786300
13.270000
8.484800
-5.869200
-11.611000
-9.697000
-4.912300
-1.084500
9.441800
6.571000
-2.041500
-2.041500
0.829350
4.657100
5.614000
4.657100
6.571000
3.700200
0.829350
-3.955300
-6.826200
-12.568000
-9.697000
-8.740000
-8.740000
-6.826200
-6.826200
-2.041500
0.829350
5.614000
4.657100
3.700200
3.700200
11.356000
14.226000
10.399000
10.399000
13.270000
10.399000
8.484800
10.399000
8.484800
1.786300
6.571000
12.313000
10.399000
4.657100
5.614000
1.786300
1.786300
-2.041500
-7.783100
-4.912300
5.614000
4.657100
2.743200
2.743200
4.657100
10.399000
16.139999
16.139999
14.226000
16.139999
12.313000
8.484800
2.743200
-5.869200
-1.084500
4.657100
1.786300
-0.127590
-1.084500
0.829350
-5.869200
-9.697000
-12.568000
-11.611000
-7.783100
-11.611000
-6.826200
-7.783100
-5.869200
-2.041500
-5.869200
-15.439000
-13.525000
-6.826200
-7.783100
-5.869200
-2.998400
-2.041500
-1.084500
-2.041500
-5.869200
-5.869200
1.786300
0.829350
-13.525000
-4.912300
0.829350
-7.783100
-6.826200
-5.869200
-5.869200
-3.955300
-0.127590
2.743200
3.700200
2.743200
3.700200
-0.127590
4.657100
10.399000
0.829350
-2.998400
-2.041500
0.829350
-2.998400
0.829350
4.657100
-2.998400
-4.912300
-6.826200
-6.826200
-6.826200
-5.869200
2.743200
2.743200
-8.740000
-13.525000
-12.568000
-5.869200
-0.127590
1.786300
4.657100
3.700200
-1.084500
4.657100
5.614000
-1.084500
-0.127590
2.743200
1.786300
4.657100
5.614000
8.484800
5.614000
1.786300
1.786300
7.527900
11.356000
15.183000
6.571000
-2.041500
-0.127590
3.700200
5.614000
5.614000
3.700200
6.571000
-1.084500
-8.740000
-10.654000
-4.912300
0.829350
-3.955300
-8.740000
-5.869200
5.614000
10.399000
7.527900
9.441800
5.614000
2.743200
11.356000
18.054001
18.054001
15.183000
12.313000
2.743200
2.743200
-0.127590
-3.955300
-2.998400
-5.869200
-1.084500
-0.127590
-1.084500
0.829350
-2.998400
-1.084500
4.657100
3.700200
-0.127590
-1.084500
1.786300
8.484800
2.743200
-1.084500
4.657100
3.700200
-2.998400
-2.998400
-5.869200
-2.998400
0.829350
4.657100
1.786300
5.614000
6.571000
0.829350
-0.127590
3.700200
-1.084500
-5.869200
-2.998400
7.527900
4.657100
8.484800
13.270000
11.356000
7.527900
12.313000
10.399000
-2.041500
-5.869200
-3.955300
-6.826200
-13.525000
-16.396000
-15.439000
-16.396000
-17.351999
-16.396000
-14.482000
-10.654000
-14.482000
-6.826200
3.700200
0.829350
0.829350
9.441800
13.270000
11.356000
3.700200
-0.127590
2.743200
0.829350
-0.127590
-0.127590
-4.912300
-9.697000
-3.955300
-6.826200
-8.740000
-2.998400
-2.998400
2.743200
-2.041500
-7.783100
-8.740000
-7.783100
-5.869200
-3.955300
-2.998400
-0.127590
1.786300
8.484800
17.097000
15.183000
7.527900
-3.955300
