-1.025600
-0.064100
6.666700
13.397000
8.589700
1.859000
-1.987200
2.820500
4.743600
8.589700
3.782100
0.897440
3.782100
-0.064100
-3.910300
2.820500
3.782100
8.589700
2.820500
-1.987200
-1.987200
2.820500
6.666700
2.820500
0.897440
1.859000
2.820500
6.666700
7.628200
-2.948700
-7.756400
-4.871800
-4.871800
3.782100
2.820500
-0.064100
1.859000
-4.871800
-0.064100
-0.064100
6.666700
2.820500
-2.948700
-6.794900
-0.064100
6.666700
11.474000
20.128000
23.013000
14.359000
13.397000
11.474000
11.474000
11.474000
8.589700
1.859000
1.859000
12.436000
6.666700
-1.987200
3.782100
7.628200
11.474000
6.666700
0.897440
0.897440
5.705100
13.397000
6.666700
1.859000
-1.025600
2.820500
3.782100
-6.794900
-1.025600
2.820500
-8.717900
-6.794900
-6.794900
-6.794900
-5.833300
0.897440
-2.948700
-7.756400
-3.910300
-2.948700
-1.987200
-5.833300
-1.987200
-6.794900
-9.679500
-1.987200
-10.641000
-16.410000
-2.948700
-6.794900
-8.717900
-2.948700
-2.948700
-10.641000
-14.487000
-13.526000
-12.564000
-15.449000
-17.372000
-3.910300
-0.064100
-2.948700
-2.948700
-4.871800
-6.794900
-5.833300
-1.025600
3.782100
-1.025600
-0.064100
-1.987200
1.859000
11.474000
6.666700
11.474000
11.474000
-0.064100
-1.987200
-0.064100
-2.948700
-4.871800
-0.064100
7.628200
4.743600
-3.910300
-3.910300
-1.025600
-0.064100
-1.025600
0.897440
3.782100
4.743600
11.474000
4.743600
-1.987200
-2.948700
-2.948700
-1.025600
-0.064100
1.859000
2.820500
5.705100
3.782100
6.666700
1.859000
-1.987200
-2.948700
-3.910300
-2.948700
-2.948700
-1.025600
-0.064100
-5.833300
-3.910300
0.897440
5.705100
-7.756400
-8.717900
-6.794900
-5.833300
0.897440
1.859000
-1.987200
-4.871800
-1.987200
-1.025600
-0.064100
-4.871800
-11.603000
-8.717900
-1.987200
-0.064100
0.897440
3.782100
-0.064100
-1.987200
-1.987200
3.782100
5.705100
4.743600
9.551300
0.897440
2.820500
4.743600
5.705100
-0.064100
-1.025600
-0.064100
-3.910300
0.897440
-0.064100
-8.717900
-7.756400
-3.910300
0.897440
-1.025600
-0.064100
3.782100
1.859000
-1.987200
3.782100
2.820500
2.820500
1.859000
0.897440
6.666700
2.820500
-1.025600
-1.025600
-6.794900
-6.794900
-9.679500
-9.679500
-0.064100
-0.064100
-1.025600
-3.910300
0.897440
1.859000
1.859000
3.782100
4.743600
3.782100
5.705100
3.782100
3.782100
1.859000
0.897440
3.782100
5.705100
7.628200
3.782100
-4.871800
3.782100
4.743600
-1.025600
-0.064100
-2.948700
-5.833300
-5.833300
-6.794900
-1.987200
-0.064100
-4.871800
-5.833300
-4.871800
2.820500
7.628200
2.820500
-1.987200
-1.987200
1.859000
3.782100
0.897440
10.513000
14.359000
2.820500
-3.910300
-1.987200
-1.987200
-0.064100
-1.025600
-0.064100
-1.987200
-1.025600
-1.987200
-5.833300
-7.756400
0.897440
0.897440
-4.871800
-7.756400
-8.717900
-3.910300
-0.064100
-3.910300
-1.025600
-1.987200
-0.064100
-4.871800
-1.025600
2.820500
-0.064100
0.897440
0.897440
1.859000
-3.910300
-1.025600
1.859000
-1.025600
2.820500
0.897440
7.628200
4.743600
2.820500
-2.948700
2.820500
1.859000
-2.948700
3.782100
4.743600
3.782100
8.589700
7.628200
4.743600
1.859000
-1.025600
-4.871800
0.897440
0.897440
-3.910300
-5.833300
-3.910300
-1.987200
4.743600
3.782100
-7.756400
-1.025600
5.705100
10.513000
14.359000
12.436000
9.551300
-1.987200
-7.756400
-0.064100
5.705100
-0.064100
-0.064100
0.897440
8.589700
12.436000
11.474000
10.513000
6.666700
8.589700
7.628200
6.666700
2.820500
0.897440
0.897440
4.743600
8.589700
3.782100
2.820500
-1.025600
-11.603000
-10.641000
-3.910300
-5.833300
-11.603000
3.782100
3.782100
-5.833300
-4.871800
-3.910300
0.897440
2.820500
-1.987200
-6.794900
-4.871800
-0.064100
-0.064100
1.859000
-2.948700
-7.756400
-5.833300
-1.987200
-10.641000
-9.679500
-1.025600
-4.871800
-8.717900
-8.717900
-7.756400
-8.717900
-7.756400
-4.871800
-1.987200
2.820500
4.743600
4.743600
6.666700
8.589700
9.551300
12.436000
8.589700
5.705100
8.589700
14.359000
8.589700
2.820500
5.705100
2.820500
0.897440
3.782100
4.743600
10.513000
7.628200
5.705100
11.474000
15.321000
17.243999
11.474000
9.551300
12.436000
19.167000
12.436000
4.743600
6.666700
15.321000
20.128000
19.167000
17.243999
12.436000
13.397000
17.243999
12.436000
2.820500
3.782100
2.820500
-1.025600
-1.987200
-1.987200
-3.910300
-13.526000
-18.333000
-20.256001
-18.333000
-16.410000
-19.295000
-19.295000
-13.526000
-9.679500
-13.526000
-14.487000
-17.372000
-17.372000
-11.603000
-4.871800
-3.910300
-6.794900
-14.487000
-11.603000
-8.717900
-1.987200
-5.833300
-7.756400
-1.987200
-6.794900
-7.756400
-8.717900
-6.794900
0.897440
-0.064100
-6.794900
-6.794900
-7.756400
-8.717900
-6.794900
-0.064100
-6.794900
-7.756400
-3.910300
-2.948700
0.897440
0.897440
0.897440
2.820500
-1.987200
-2.948700
1.859000
-1.025600
-0.064100
-3.910300
-3.910300
-1.025600
-1.987200
1.859000
3.782100
5.705100
0.897440
-1.987200
-0.064100
-0.064100
3.782100
7.628200
7.628200
8.589700
11.474000
11.474000
6.666700
6.666700
5.705100
3.782100
1.859000
-1.025600
-5.833300
-9.679500
-15.449000
-5.833300
1.859000
1.859000
-0.064100
-4.871800
-0.064100
-0.064100
-1.987200
-2.948700
-1.025600
-7.756400
-3.910300
0.897440
-0.064100
1.859000
3.782100
7.628200
4.743600
6.666700
8.589700
8.589700
5.705100
3.782100
4.743600
10.513000
8.589700
11.474000
4.743600
4.743600
10.513000
9.551300
4.743600
6.666700
8.589700
5.705100
5.705100
7.628200
6.666700
2.820500
-1.987200
2.820500
2.820500
8.589700
6.666700
3.782100
2.820500
0.897440
-1.987200
-2.948700
0.897440
-0.064100
-4.871800
-1.987200
-7.756400
-13.526000
-8.717900
-4.871800
-4.871800
-5.833300
-7.756400
-4.871800
-9.679500
-11.603000
-5.833300
-2.948700
-2.948700
-1.025600
1.859000
3.782100
5.705100
3.782100
7.628200
12.436000
4.743600
3.782100
14.359000
8.589700
1.859000
1.859000
6.666700
-1.025600
-1.025600
1.859000
-0.064100
-3.910300
-1.025600
-2.948700
-0.064100
0.897440
-0.064100
-0.064100
1.859000
5.705100
4.743600
-2.948700
-5.833300
-1.025600
0.897440
1.859000
-6.794900
-10.641000
-7.756400
-1.025600
2.820500
3.782100
-2.948700
-7.756400
-2.948700
-2.948700
-4.871800
-0.064100
-1.987200
0.897440
6.666700
9.551300
7.628200
-1.025600
-2.948700
-4.871800
-0.064100
-0.064100
-3.910300
-1.987200
3.782100
-2.948700
-1.987200
-1.987200
0.897440
-1.025600
0.897440
0.897440
-2.948700
-2.948700
-4.871800
-6.794900
-1.987200
-6.794900
-9.679500
-10.641000
-8.717900
-10.641000
-4.871800
-3.910300
-1.987200
1.859000
5.705100
7.628200
6.666700
12.436000
7.628200
3.782100
8.589700
4.743600
-1.025600
0.897440
-1.025600
-1.025600
1.859000
0.897440
-2.948700
-0.064100
-1.987200
-7.756400
-2.948700
-6.794900
-11.603000
-6.794900
0.897440
9.551300
9.551300
6.666700
1.859000
3.782100
7.628200
0.897440
-0.064100
4.743600
13.397000
16.282000
9.551300
7.628200
11.474000
11.474000
10.513000
11.474000
11.474000
7.628200
0.897440
-1.025600
0.897440
-1.987200
-4.871800
-10.641000
-3.910300
-4.871800
-7.756400
-1.987200
-0.064100
1.859000
4.743600
6.666700
6.666700
0.897440
-3.910300
-1.025600
-1.025600
0.897440
-1.025600
-0.064100
1.859000
-1.025600
2.820500
8.589700
4.743600
-0.064100
0.897440
0.897440
-2.948700
-0.064100
-5.833300
-8.717900
-4.871800
-10.641000
-12.564000
-11.603000
-17.372000
-23.141001
-18.333000
-21.218000
-22.179001
-22.179001
-23.141001
-22.179001
-18.333000
-22.179001
-27.948999
-21.218000
-13.526000
-7.756400
2.820500
6.666700
7.628200
3.782100
11.474000
16.282000
18.205000
20.128000
26.858999
23.974001
17.243999
11.474000
7.628200
10.513000
13.397000
20.128000
19.167000
18.205000
18.205000
13.397000
11.474000
12.436000
3.782100
-6.794900
-6.794900
-1.987200
-1.025600
-3.910300
-7.756400
-3.910300
-1.987200
-2.948700
-1.025600
-3.910300
-1.025600
3.782100
3.782100
-0.064100
-4.871800
-3.910300
-0.064100
-2.948700
-2.948700
0.897440
-0.064100
1.859000
3.782100
8.589700
5.705100
0.897440
5.705100
10.513000
11.474000
10.513000
13.397000
11.474000
9.551300
11.474000
5.705100
2.820500
4.743600
0.897440
-1.987200
-4.871800
-7.756400
-2.948700
5.705100
-0.064100
-6.794900
-1.987200
1.859000
-0.064100
1.859000
-5.833300
-6.794900
0.897440
3.782100
2.820500
-3.910300
-2.948700
-3.910300
-7.756400
-5.833300
-3.910300
-0.064100
-2.948700
-2.948700
-7.756400
-11.603000
-11.603000
-10.641000
-13.526000
-6.794900
-10.641000
-13.526000
-9.679500
-4.871800
-2.948700
-4.871800
-13.526000
-10.641000
-3.910300
0.897440
0.897440
-0.064100
7.628200
17.243999
15.321000
13.397000
13.397000
12.436000
14.359000
14.359000
15.321000
19.167000
18.205000
19.167000
14.359000
12.436000
12.436000
6.666700
8.589700
2.820500
5.705100
4.743600
-1.025600
4.743600
-0.064100
-1.987200
-5.833300
-10.641000
-4.871800
-3.910300
-1.025600
1.859000
-2.948700
-7.756400
-8.717900
-9.679500
-10.641000
-13.526000
-8.717900
-1.987200
-4.871800
-2.948700
0.897440
-5.833300
-11.603000
-11.603000
-8.717900
-2.948700
-6.794900
-10.641000
-11.603000
-8.717900
-10.641000
-10.641000
-11.603000
-4.871800
-8.717900
-16.410000
-8.717900
-1.987200
6.666700
6.666700
3.782100
10.513000
6.666700
0.897440
-0.064100
7.628200
4.743600
-4.871800
-0.064100
1.859000
4.743600
5.705100
-1.025600
1.859000
-0.064100
1.859000
6.666700
10.513000
11.474000
11.474000
12.436000
2.820500
0.897440
0.897440
-4.871800
-6.794900
-10.641000
-6.794900
-5.833300
-2.948700
-2.948700
-3.910300
1.859000
1.859000
-2.948700
-3.910300
0.897440
0.897440
2.820500
4.743600
10.513000
10.513000
-1.025600
-3.910300
-0.064100
3.782100
1.859000
5.705100
4.743600
6.666700
8.589700
6.666700
5.705100
4.743600
2.820500
-1.987200
-1.025600
4.743600
12.436000
12.436000
11.474000
14.359000
19.167000
12.436000
14.359000
13.397000
7.628200
11.474000
13.397000
5.705100
1.859000
-1.025600
-5.833300
-3.910300
1.859000
-1.987200
-1.025600
-2.948700
-6.794900
-1.025600
-0.064100
-0.064100
-0.064100
2.820500
1.859000
3.782100
-1.987200
-7.756400
-5.833300
-1.987200
-5.833300
-4.871800
-7.756400
-12.564000
-4.871800
-10.641000
-12.564000
-13.526000
-15.449000
-2.948700
-4.871800
-8.717900
-10.641000
-1.025600
0.897440
-2.948700
-1.987200
-3.910300
-6.794900
-1.987200
-0.064100
-0.064100
-1.025600
-2.948700
