-2.016300
-2.991900
2.861800
10.667000
15.545000
14.569000
6.764200
5.788600
11.642000
16.520000
12.618000
10.667000
12.618000
6.764200
1.886200
3.837400
2.861800
-0.065040
-3.967500
-5.918700
-6.894300
-4.943100
-2.991900
-2.991900
-2.016300
-0.065040
4.813000
8.715400
4.813000
-1.040700
-4.943100
-4.943100
-4.943100
-1.040700
-1.040700
-2.016300
-6.894300
-6.894300
-0.065040
-5.918700
-6.894300
-3.967500
-3.967500
-2.991900
1.886200
-0.065040
-2.991900
-1.040700
-0.065040
-2.016300
1.886200
7.739800
8.715400
3.837400
-0.065040
-0.065040
2.861800
9.691100
2.861800
-1.040700
1.886200
2.861800
2.861800
0.910570
1.886200
4.813000
8.715400
13.593000
8.715400
1.886200
-1.040700
2.861800
2.861800
-4.943100
-2.016300
3.837400
-2.016300
-2.991900
0.910570
-2.016300
-2.016300
4.813000
2.861800
0.910570
1.886200
2.861800
2.861800
-2.991900
-9.821100
-9.821100
-11.772000
-8.845500
-11.772000
-10.797000
0.910570
3.837400
0.910570
4.813000
4.813000
-0.065040
0.910570
3.837400
6.764200
5.788600
2.861800
2.861800
5.788600
8.715400
0.910570
-8.845500
-12.748000
-10.797000
-6.894300
-5.918700
-7.869900
-2.991900
-2.991900
-1.040700
3.837400
3.837400
9.691100
7.739800
-0.065040
-1.040700
-0.065040
-4.943100
-6.894300
-7.869900
-7.869900
-4.943100
-4.943100
-7.869900
-6.894300
-8.845500
-9.821100
-5.918700
-2.016300
1.886200
0.910570
-2.991900
-4.943100
-2.991900
-2.016300
-2.016300
-3.967500
1.886200
4.813000
5.788600
5.788600
3.837400
-0.065040
-0.065040
0.910570
0.910570
-2.016300
-4.943100
-8.845500
-12.748000
-11.772000
-4.943100
3.837400
10.667000
4.813000
3.837400
4.813000
6.764200
4.813000
1.886200
6.764200
5.788600
2.861800
-2.991900
-6.894300
-11.772000
-14.699000
-13.724000
-7.869900
-1.040700
-0.065040
3.837400
0.910570
-3.967500
-2.991900
1.886200
6.764200
10.667000
13.593000
5.788600
1.886200
3.837400
3.837400
-0.065040
2.861800
4.813000
-0.065040
1.886200
4.813000
2.861800
0.910570
-2.991900
2.861800
4.813000
4.813000
2.861800
-0.065040
-3.967500
-3.967500
-4.943100
-4.943100
-2.991900
-3.967500
1.886200
1.886200
-1.040700
-2.991900
-6.894300
-6.894300
-5.918700
-7.869900
1.886200
2.861800
2.861800
2.861800
3.837400
5.788600
5.788600
2.861800
5.788600
6.764200
5.788600
6.764200
3.837400
1.886200
4.813000
9.691100
8.715400
9.691100
5.788600
3.837400
7.739800
8.715400
4.813000
1.886200
-2.991900
-5.918700
-3.967500
-1.040700
4.813000
7.739800
1.886200
-2.991900
-5.918700
-1.040700
2.861800
-4.943100
-6.894300
-5.918700
-4.943100
-0.065040
1.886200
2.861800
5.788600
-1.040700
-3.967500
-4.943100
-4.943100
-0.065040
-0.065040
-3.967500
-3.967500
-1.040700
2.861800
-0.065040
-4.943100
-1.040700
-0.065040
-2.991900
-4.943100
-5.918700
-0.065040
4.813000
0.910570
-2.016300
1.886200
0.910570
-5.918700
-3.967500
0.910570
5.788600
2.861800
-2.991900
-4.943100
-5.918700
0.910570
5.788600
1.886200
0.910570
0.910570
-3.967500
-8.845500
-6.894300
-6.894300
-5.918700
-5.918700
-6.894300
-2.016300
-2.016300
-0.065040
10.667000
16.520000
15.545000
15.545000
4.813000
0.910570
7.739800
9.691100
7.739800
4.813000
2.861800
-1.040700
6.764200
8.715400
0.910570
1.886200
2.861800
8.715400
14.569000
15.545000
13.593000
0.910570
-2.991900
0.910570
6.764200
1.886200
0.910570
7.739800
13.593000
16.520000
21.398001
23.350000
14.569000
9.691100
3.837400
-0.065040
-3.967500
-5.918700
-2.991900
-0.065040
0.910570
0.910570
-0.065040
-6.894300
-17.625999
-21.528000
-15.675000
-18.601999
-16.650000
-5.918700
-3.967500
-10.797000
-12.748000
-10.797000
-7.869900
-6.894300
-14.699000
-18.601999
-15.675000
-9.821100
-7.869900
-4.943100
-5.918700
-6.894300
-2.016300
-2.016300
-5.918700
-7.869900
-4.943100
-6.894300
-8.845500
-7.869900
-5.918700
-2.991900
-5.918700
-5.918700
-0.065040
9.691100
13.593000
7.739800
1.886200
1.886200
7.739800
10.667000
9.691100
5.788600
0.910570
-0.065040
4.813000
4.813000
1.886200
5.788600
7.739800
7.739800
9.691100
16.520000
16.520000
16.520000
16.520000
19.447001
23.350000
16.520000
12.618000
14.569000
14.569000
4.813000
0.910570
6.764200
11.642000
12.618000
12.618000
14.569000
11.642000
7.739800
9.691100
17.496000
18.472000
16.520000
10.667000
5.788600
1.886200
1.886200
0.910570
-4.943100
-7.869900
-10.797000
-10.797000
-10.797000
-15.675000
-16.650000
-20.552999
-19.577000
-24.455000
-22.504000
-24.455000
-29.333000
-29.333000
-24.455000
-21.528000
-25.431000
-27.382000
-21.528000
-14.699000
-4.943100
-2.016300
-0.065040
3.837400
1.886200
4.813000
1.886200
-0.065040
5.788600
7.739800
3.837400
-0.065040
-10.797000
-14.699000
-14.699000
-12.748000
-15.675000
-21.528000
-16.650000
-6.894300
-4.943100
-7.869900
-10.797000
-11.772000
-9.821100
-8.845500
-2.016300
-0.065040
0.910570
0.910570
-1.040700
5.788600
7.739800
9.691100
13.593000
12.618000
6.764200
-1.040700
-1.040700
1.886200
1.886200
1.886200
0.910570
6.764200
9.691100
9.691100
10.667000
9.691100
8.715400
3.837400
-1.040700
-2.991900
-5.918700
-2.991900
-5.918700
-4.943100
4.813000
5.788600
4.813000
3.837400
8.715400
10.667000
2.861800
-2.991900
-3.967500
-5.918700
-5.918700
-5.918700
-3.967500
1.886200
6.764200
8.715400
3.837400
1.886200
9.691100
10.667000
9.691100
9.691100
9.691100
14.569000
9.691100
9.691100
11.642000
8.715400
8.715400
5.788600
2.861800
2.861800
1.886200
-0.065040
-1.040700
3.837400
6.764200
4.813000
2.861800
5.788600
4.813000
11.642000
13.593000
12.618000
8.715400
5.788600
1.886200
-1.040700
-3.967500
-0.065040
-0.065040
-2.016300
0.910570
-3.967500
-2.991900
-1.040700
-4.943100
-2.991900
1.886200
-0.065040
-6.894300
-10.797000
-3.967500
-2.016300
-1.040700
-4.943100
-6.894300
-2.991900
-1.040700
-2.016300
-0.065040
3.837400
1.886200
4.813000
15.545000
10.667000
0.910570
-1.040700
1.886200
-2.016300
-4.943100
-4.943100
-6.894300
-4.943100
-0.065040
-3.967500
-3.967500
-6.894300
-3.967500
3.837400
6.764200
7.739800
4.813000
1.886200
7.739800
8.715400
7.739800
0.910570
-11.772000
-15.675000
-8.845500
-3.967500
-6.894300
-14.699000
-21.528000
-19.577000
-11.772000
-10.797000
-7.869900
-2.991900
-5.918700
-1.040700
3.837400
9.691100
6.764200
-2.991900
-5.918700
-8.845500
-2.991900
0.910570
0.910570
1.886200
4.813000
0.910570
3.837400
6.764200
12.618000
8.715400
6.764200
1.886200
-5.918700
-10.797000
-11.772000
-7.869900
-6.894300
-11.772000
-15.675000
-13.724000
-8.845500
-5.918700
-0.065040
8.715400
16.520000
18.472000
22.374001
21.398001
15.545000
11.642000
8.715400
8.715400
9.691100
7.739800
2.861800
-1.040700
-4.943100
-3.967500
-1.040700
-0.065040
-0.065040
0.910570
1.886200
-2.991900
-0.065040
-1.040700
-3.967500
-2.016300
-0.065040
2.861800
-1.040700
-0.065040
-2.016300
-0.065040
0.910570
-2.991900
-2.016300
1.886200
10.667000
10.667000
9.691100
12.618000
12.618000
12.618000
14.569000
14.569000
12.618000
3.837400
2.861800
3.837400
3.837400
-2.991900
-4.943100
-12.748000
-11.772000
-13.724000
-14.699000
-7.869900
-8.845500
-13.724000
-7.869900
0.910570
7.739800
10.667000
5.788600
6.764200
4.813000
3.837400
2.861800
2.861800
4.813000
5.788600
9.691100
11.642000
4.813000
1.886200
1.886200
2.861800
3.837400
4.813000
3.837400
0.910570
1.886200
-2.016300
-5.918700
-8.845500
-10.797000
-19.577000
-17.625999
-18.601999
-22.504000
-22.504000
-23.480000
-21.528000
-16.650000
-17.625999
-21.528000
-14.699000
-5.918700
-4.943100
-2.016300
0.910570
0.910570
-1.040700
6.764200
10.667000
6.764200
10.667000
21.398001
13.593000
1.886200
-5.918700
-4.943100
-0.065040
3.837400
14.569000
13.593000
7.739800
8.715400
5.788600
6.764200
3.837400
-1.040700
-1.040700
-1.040700
-2.991900
-6.894300
-8.845500
-14.699000
-11.772000
-9.821100
-9.821100
-8.845500
-8.845500
-6.894300
-3.967500
0.910570
-0.065040
0.910570
2.861800
6.764200
6.764200
6.764200
11.642000
13.593000
12.618000
14.569000
14.569000
13.593000
9.691100
13.593000
19.447001
19.447001
15.545000
15.545000
12.618000
10.667000
10.667000
5.788600
6.764200
11.642000
8.715400
4.813000
0.910570
0.910570
7.739800
12.618000
8.715400
3.837400
5.788600
4.813000
1.886200
-2.991900
-10.797000
-7.869900
-2.991900
-0.065040
-2.016300
-2.991900
0.910570
-4.943100
-8.845500
-7.869900
-9.821100
-7.869900
-8.845500
-7.869900
-10.797000
-7.869900
-5.918700
-11.772000
-19.577000
-18.601999
-14.699000
-15.675000
-13.724000
-9.821100
-4.943100
-5.918700
-10.797000
-9.821100
-6.894300
-2.016300
-1.040700
-5.918700
-0.065040
7.739800
3.837400
0.910570
3.837400
4.813000
2.861800
2.861800
5.788600
9.691100
8.715400
11.642000
7.739800
6.764200
11.642000
4.813000
-0.065040
-1.040700
-0.065040
-1.040700
-0.065040
2.861800
-2.991900
-5.918700
-10.797000
-16.650000
-12.748000
-11.772000
-9.821100
-6.894300
-11.772000
-16.650000
-17.625999
-11.772000
-6.894300
-3.967500
-2.016300
0.910570
-1.040700
2.861800
6.764200
1.886200
-2.016300
-1.040700
-0.065040
5.788600
6.764200
6.764200
3.837400
2.861800
-0.065040
2.861800
4.813000
7.739800
-0.065040
-7.869900
-2.991900
-0.065040
0.910570
0.910570
-0.065040
3.837400
0.910570
-3.967500
-3.967500
3.837400
4.813000
-2.016300
-2.991900
-0.065040
6.764200
9.691100
5.788600
6.764200
5.788600
7.739800
17.496000
24.325001
27.252001
21.398001
15.545000
6.764200
2.861800
-1.040700
-4.943100
-4.943100
-8.845500
-5.918700
-4.943100
-4.943100
-2.991900
-2.991900
1.886200
7.739800
4.813000
-0.065040
-2.016300
-0.065040
6.764200
8.715400
6.764200
9.691100
2.861800
-4.943100
-2.991900
-1.040700
0.910570
0.910570
-2.016300
-2.016300
4.813000
5.788600
1.886200
-2.991900
-2.016300
-2.991900
-3.967500
-4.943100
4.813000
6.764200
8.715400
17.496000
21.398001
19.447001
22.374001
18.472000
8.715400
4.813000
2.861800
-2.016300
-7.869900
-11.772000
-12.748000
-11.772000
-12.748000
-10.797000
-11.772000
-11.772000
-12.748000
-7.869900
-2.991900
-3.967500
-4.943100
-0.065040
4.813000
3.837400
2.861800
2.861800
5.788600
5.788600
1.886200
-2.016300
-2.991900
-4.943100
-0.065040
-2.016300
-6.894300
-5.918700
-7.869900
-0.065040
-1.040700
-6.894300
-9.821100
-7.869900
-6.894300
-3.967500
-0.065040
0.910570
1.886200
7.739800
10.667000
9.691100
4.813000
-2.016300
