10.463000
8.548600
-5.805400
3.764000
12.376000
-11.547000
1.850100
15.247000
15.247000
7.591700
4.720900
-5.805400
-6.762400
-0.063800
11.419000
5.677800
-14.418000
-0.063800
-4.848500
-4.848500
10.463000
-11.547000
-1.020700
13.333000
8.548600
-15.375000
-1.977700
13.333000
-3.891500
5.677800
6.634800
4.720900
-1.020700
1.850100
-10.590000
-0.063800
10.463000
-7.719300
5.677800
6.634800
-12.504000
6.634800
2.807000
9.505600
13.333000
-12.504000
-12.504000
5.677800
7.591700
0.893140
-6.762400
-1.977700
-1.020700
-5.805400
-2.934600
16.204000
15.247000
5.677800
7.591700
5.677800
-7.719300
-10.590000
10.463000
-1.020700
1.850100
11.419000
-15.375000
-2.934600
4.720900
-9.633200
-3.891500
7.591700
-5.805400
-10.590000
-0.063800
-1.977700
4.720900
9.505600
-19.202999
-9.633200
9.505600
2.807000
0.893140
-1.020700
-1.020700
-5.805400
-25.900999
-21.115999
-5.805400
-6.762400
-6.762400
1.850100
-2.934600
-8.676200
-5.805400
-7.719300
2.807000
17.160999
0.893140
-10.590000
-5.805400
10.463000
7.591700
6.634800
8.548600
8.548600
2.807000
-0.063800
6.634800
13.333000
7.591700
3.764000
-12.504000
-9.633200
16.204000
14.290000
-1.020700
0.893140
-10.590000
-8.676200
0.893140
6.634800
-1.020700
-1.020700
0.893140
-12.504000
-16.332001
0.893140
4.720900
12.376000
17.160999
9.505600
-14.418000
-13.461000
-3.891500
0.893140
-2.934600
5.677800
5.677800
-1.020700
-2.934600
-14.418000
2.807000
8.548600
-1.977700
-3.891500
-1.020700
4.720900
-3.891500
2.807000
9.505600
-2.934600
-8.676200
-5.805400
-3.891500
1.850100
8.548600
-1.020700
-5.805400
2.807000
3.764000
12.376000
-1.977700
-9.633200
12.376000
8.548600
-0.063800
6.634800
3.764000
5.677800
-16.332001
-6.762400
18.118000
14.290000
-4.848500
-9.633200
-12.504000
6.634800
10.463000
15.247000
11.419000
-23.987000
-4.848500
18.118000
12.376000
5.677800
-4.848500
-12.504000
-0.063800
11.419000
8.548600
1.850100
2.807000
-12.504000
-7.719300
-0.063800
10.463000
12.376000
9.505600
-19.202999
-1.977700
-2.934600
2.807000
20.032000
-1.977700
-3.891500
4.720900
-3.891500
-5.805400
-0.063800
-24.944000
-15.375000
-5.805400
-1.977700
4.720900
-5.805400
-0.063800
8.548600
-6.762400
5.677800
-7.719300
0.893140
19.075001
14.290000
4.720900
3.764000
-3.891500
9.505600
2.807000
-0.063800
6.634800
2.807000
-1.020700
-12.504000
10.463000
5.677800
4.720900
1.850100
-15.375000
1.850100
8.548600
8.548600
-16.332001
2.807000
7.591700
-9.633200
9.505600
19.075001
4.720900
5.677800
3.764000
-8.676200
-3.891500
6.634800
-1.020700
-6.762400
-4.848500
3.764000
-0.063800
-0.063800
-10.590000
-10.590000
-16.332001
-11.547000
-7.719300
-4.848500
5.677800
11.419000
-12.504000
-7.719300
11.419000
8.548600
4.720900
0.893140
3.764000
-4.848500
-1.977700
-0.063800
1.850100
-16.332001
1.850100
12.376000
5.677800
-0.063800
-7.719300
-9.633200
-0.063800
-2.934600
-12.504000
-5.805400
6.634800
1.850100
-18.246000
-3.891500
18.118000
10.463000
9.505600
17.160999
2.807000
3.764000
-13.461000
1.850100
22.903000
15.247000
0.893140
-1.977700
-13.461000
0.893140
10.463000
-1.977700
2.807000
1.850100
-3.891500
1.850100
5.677800
-1.020700
-0.063800
8.548600
10.463000
1.850100
2.807000
14.290000
8.548600
-0.063800
5.677800
-4.848500
2.807000
4.720900
-0.063800
-6.762400
10.463000
21.945999
-30.686001
-4.848500
21.945999
11.419000
9.505600
0.893140
-15.375000
-16.332001
-3.891500
7.591700
4.720900
-10.590000
-2.934600
-0.063800
-1.977700
-1.977700
-10.590000
4.720900
0.893140
2.807000
13.333000
-1.020700
-1.977700
-1.977700
0.893140
6.634800
-2.934600
-23.987000
-4.848500
16.204000
4.720900
-5.805400
-10.590000
-2.934600
-1.977700
-1.977700
-1.020700
-10.590000
-24.944000
-7.719300
12.376000
10.463000
4.720900
-1.020700
-17.289000
-8.676200
-6.762400
-0.063800
6.634800
-10.590000
-1.977700
14.290000
3.764000
1.850100
13.333000
-9.633200
-16.332001
-1.020700
7.591700
6.634800
-6.762400
-17.289000
-9.633200
-7.719300
-7.719300
-0.063800
5.677800
5.677800
-1.020700
0.893140
-4.848500
-1.977700
-1.020700
4.720900
13.333000
6.634800
2.807000
2.807000
2.807000
-3.891500
-10.590000
-20.159000
-7.719300
0.893140
-19.202999
-4.848500
10.463000
-12.504000
-14.418000
-3.891500
1.850100
-3.891500
0.893140
-0.063800
-2.934600
-11.547000
3.764000
13.333000
0.893140
5.677800
4.720900
-3.891500
0.893140
10.463000
-1.020700
0.893140
13.333000
-5.805400
-5.805400
11.419000
5.677800
-1.977700
5.677800
8.548600
-1.020700
-4.848500
6.634800
19.075001
12.376000
9.505600
22.903000
20.032000
5.677800
3.764000
25.774000
24.816999
6.634800
0.893140
5.677800
2.807000
7.591700
4.720900
-2.934600
5.677800
2.807000
2.807000
-12.504000
-11.547000
10.463000
6.634800
5.677800
3.764000
-4.848500
4.720900
-4.848500
-12.504000
5.677800
14.290000
-0.063800
-6.762400
-3.891500
-8.676200
-8.676200
-1.020700
-1.977700
4.720900
5.677800
-2.934600
-19.202999
-15.375000
-11.547000
-14.418000
-5.805400
3.764000
0.893140
-0.063800
-2.934600
-1.020700
-22.073000
-15.375000
1.850100
9.505600
7.591700
-9.633200
-14.418000
-7.719300
-0.063800
11.419000
13.333000
6.634800
1.850100
-0.063800
0.893140
9.505600
1.850100
2.807000
-11.547000
-1.020700
3.764000
-5.805400
21.945999
19.075001
-5.805400
-12.504000
-12.504000
3.764000
15.247000
20.989000
14.290000
12.376000
2.807000
-0.063800
-26.858000
-16.332001
5.677800
18.118000
20.032000
-4.848500
-19.202999
-7.719300
4.720900
17.160999
13.333000
8.548600
6.634800
-9.633200
-7.719300
9.505600
-2.934600
-5.805400
8.548600
-16.332001
2.807000
13.333000
5.677800
0.893140
-10.590000
2.807000
-7.719300
-5.805400
10.463000
0.893140
-8.676200
1.850100
8.548600
4.720900
-9.633200
-8.676200
8.548600
3.764000
3.764000
0.893140
-8.676200
-0.063800
6.634800
1.850100
-0.063800
-10.590000
-3.891500
7.591700
-10.590000
-4.848500
1.850100
4.720900
-17.289000
-7.719300
6.634800
0.893140
-6.762400
2.807000
5.677800
-9.633200
0.893140
8.548600
-1.977700
6.634800
-0.063800
-5.805400
1.850100
5.677800
-14.418000
-5.805400
13.333000
5.677800
6.634800
-1.977700
-11.547000
-17.289000
-3.891500
10.463000
-5.805400
-6.762400
1.850100
-9.633200
-2.934600
2.807000
5.677800
8.548600
6.634800
-1.020700
-17.289000
-12.504000
-0.063800
8.548600
5.677800
-5.805400
-2.934600
4.720900
4.720900
-10.590000
-4.848500
3.764000
0.893140
0.893140
3.764000
11.419000
-3.891500
-12.504000
-5.805400
-12.504000
-15.375000
0.893140
10.463000
5.677800
-0.063800
-0.063800
-1.020700
3.764000
5.677800
0.893140
12.376000
19.075001
7.591700
-6.762400
-3.891500
15.247000
16.204000
-10.590000
6.634800
17.160999
2.807000
1.850100
-0.063800
1.850100
-9.633200
-23.030001
8.548600
23.860001
8.548600
2.807000
-2.934600
-12.504000
1.850100
-8.676200
-15.375000
-5.805400
-1.977700
-5.805400
-11.547000
-8.676200
-5.805400
0.893140
-7.719300
-20.159000
-4.848500
-0.063800
5.677800
-8.676200
-0.063800
3.764000
0.893140
-0.063800
1.850100
14.290000
5.677800
-1.020700
-1.977700
-9.633200
9.505600
14.290000
-4.848500
-3.891500
8.548600
-4.848500
-1.020700
16.204000
12.376000
0.893140
0.893140
-0.063800
5.677800
17.160999
10.463000
5.677800
11.419000
1.850100
-4.848500
9.505600
9.505600
9.505600
18.118000
14.290000
5.677800
-1.020700
5.677800
9.505600
8.548600
-1.020700
-9.633200
5.677800
10.463000
3.764000
2.807000
-0.063800
-2.934600
5.677800
7.591700
6.634800
1.850100
-0.063800
5.677800
1.850100
9.505600
3.764000
-1.977700
-12.504000
-10.590000
-9.633200
-12.504000
-6.762400
-6.762400
-4.848500
-4.848500
-18.246000
-21.115999
-10.590000
-18.246000
-5.805400
0.893140
-16.332001
-17.289000
-0.063800
3.764000
-2.934600
-7.719300
-3.891500
-6.762400
0.893140
7.591700
2.807000
-7.719300
-5.805400
3.764000
-6.762400
-7.719300
-6.762400
-11.547000
11.419000
17.160999
9.505600
1.850100
-3.891500
-25.900999
-5.805400
11.419000
25.774000
12.376000
-0.063800
0.893140
-2.934600
16.204000
20.032000
3.764000
3.764000
5.677800
-3.891500
-1.020700
-0.063800
9.505600
11.419000
-2.934600
10.463000
5.677800
-6.762400
4.720900
15.247000
23.860001
2.807000
8.548600
8.548600
2.807000
6.634800
9.505600
3.764000
11.419000
15.247000
6.634800
10.463000
0.893140
-0.063800
6.634800
19.075001
20.032000
1.850100
-10.590000
5.677800
-0.063800
-5.805400
1.850100
-9.633200
-6.762400
-0.063800
-9.633200
-11.547000
-18.246000
-23.030001
-2.934600
5.677800
1.850100
-5.805400
-21.115999
-6.762400
0.893140
4.720900
-6.762400
-16.332001
-5.805400
0.893140
-1.020700
-12.504000
-10.590000
-19.202999
-22.073000
-2.934600
-10.590000
-10.590000
0.893140
-5.805400
-13.461000
-30.686001
-12.504000
-12.504000
-13.461000
5.677800
12.376000
-3.891500
-6.762400
0.893140
-0.063800
-4.848500
-0.063800
4.720900
3.764000
-7.719300
-6.762400
-5.805400
-2.934600
6.634800
-7.719300
-3.891500
-2.934600
-4.848500
3.764000
5.677800
1.850100
0.893140
9.505600
11.419000
4.720900
-10.590000
-10.590000
12.376000
7.591700
7.591700
15.247000
1.850100
-13.461000
3.764000
21.945999
21.945999
14.290000
9.505600
-6.762400
22.903000
30.558001
6.634800
4.720900
-0.063800
-15.375000
3.764000
19.075001
8.548600
5.677800
-4.848500
-6.762400
-6.762400
3.764000
0.893140
11.419000
13.333000
9.505600
-3.891500
-6.762400
-8.676200
2.807000
13.333000
1.850100
7.591700
0.893140
-18.246000
4.720900
16.204000
9.505600
-2.934600
1.850100
4.720900
-12.504000
-7.719300
12.376000
0.893140
-1.977700
-3.891500
2.807000
-16.332001
-1.020700
8.548600
-4.848500
-4.848500
-4.848500
3.764000
-5.805400
-6.762400
6.634800
8.548600
-18.246000
-7.719300
3.764000
11.419000
7.591700
-0.063800
0.893140
8.548600
1.850100
0.893140
-5.805400
-0.063800
-4.848500
-3.891500
2.807000
-11.547000
-7.719300
4.720900
0.893140
-23.030001
-3.891500
-3.891500
-3.891500
-2.934600
-7.719300
-2.934600
-17.289000
3.764000
-1.020700
2.807000
15.247000
-3.891500
4.720900
8.548600
5.677800
3.764000
-6.762400
-0.063800
8.548600
5.677800
3.764000
8.548600
11.419000
7.591700
1.850100
-2.934600
-3.891500
-4.848500
-4.848500
-1.977700
9.505600
5.677800
3.764000
-6.762400
-16.332001
-1.020700
7.591700
-0.063800
-9.633200
-7.719300
-11.547000
-13.461000
0.893140
-0.063800
8.548600
11.419000
7.591700
-9.633200
