-1.958900
-4.802500
-1.958900
-1.958900
0.884680
1.832500
1.832500
9.415500
3.728300
3.728300
4.676100
1.832500
1.832500
-2.906800
-4.802500
-9.541900
-13.333000
-7.646100
-5.750400
-1.011100
-7.646100
-11.438000
-13.333000
-9.541900
-12.385000
-7.646100
-13.333000
-15.229000
-9.541900
-0.063190
-5.750400
-12.385000
-5.750400
-3.854700
6.571900
12.259000
1.832500
4.676100
9.415500
5.624000
0.884680
-6.698300
-3.854700
-1.011100
5.624000
2.780400
-6.698300
-7.646100
-4.802500
-0.063190
-4.802500
-14.281000
-14.281000
-9.541900
0.884680
-4.802500
-16.177000
-6.698300
3.728300
4.676100
5.624000
12.259000
13.207000
12.259000
6.571900
6.571900
2.780400
1.832500
5.624000
6.571900
11.311000
12.259000
10.363000
8.467600
3.728300
3.728300
10.363000
12.259000
1.832500
-5.750400
-0.063190
5.624000
9.415500
12.259000
9.415500
5.624000
8.467600
11.311000
19.841999
12.259000
-1.958900
-1.958900
5.624000
3.728300
7.519700
8.467600
5.624000
6.571900
8.467600
-1.011100
-3.854700
8.467600
7.519700
3.728300
-0.063190
-2.906800
-1.958900
3.728300
1.832500
-6.698300
-5.750400
-3.854700
-6.698300
-1.958900
4.676100
-6.698300
-13.333000
1.832500
5.624000
-1.958900
-1.958900
-3.854700
-2.906800
-6.698300
-5.750400
-8.594000
-14.281000
-4.802500
-7.646100
-19.021000
-13.333000
-4.802500
-3.854700
-10.490000
-9.541900
-1.011100
1.832500
-5.750400
-11.438000
-11.438000
-8.594000
-4.802500
-3.854700
-10.490000
-11.438000
-1.011100
-0.063190
-1.011100
1.832500
0.884680
0.884680
7.519700
11.311000
4.676100
8.467600
15.103000
-0.063190
-4.802500
8.467600
3.728300
1.832500
7.519700
1.832500
-3.854700
3.728300
3.728300
6.571900
8.467600
5.624000
1.832500
3.728300
11.311000
0.884680
-2.906800
-1.011100
3.728300
1.832500
1.832500
-0.063190
0.884680
6.571900
15.103000
0.884680
-0.063190
6.571900
9.415500
6.571900
0.884680
1.832500
10.363000
12.259000
7.519700
3.728300
11.311000
4.676100
4.676100
-1.011100
-1.011100
4.676100
3.728300
2.780400
-6.698300
-0.063190
5.624000
6.571900
-1.011100
-2.906800
3.728300
-3.854700
-1.958900
-1.958900
-3.854700
7.519700
10.363000
10.363000
3.728300
-3.854700
-8.594000
-3.854700
2.780400
-6.698300
-12.385000
-14.281000
-10.490000
-2.906800
-5.750400
-12.385000
-8.594000
-3.854700
-4.802500
-12.385000
-12.385000
-1.958900
-6.698300
-6.698300
-3.854700
-7.646100
-6.698300
-8.594000
-7.646100
-0.063190
-4.802500
-2.906800
-0.063190
1.832500
8.467600
4.676100
-5.750400
-3.854700
-5.750400
-3.854700
0.884680
2.780400
-0.063190
-4.802500
1.832500
5.624000
15.103000
0.884680
-17.125000
-6.698300
2.780400
4.676100
-2.906800
-8.594000
-5.750400
-1.958900
-5.750400
-4.802500
-3.854700
-11.438000
-9.541900
-4.802500
-2.906800
-3.854700
-1.958900
-3.854700
-9.541900
-3.854700
6.571900
0.884680
0.884680
1.832500
-3.854700
-1.011100
-4.802500
-2.906800
2.780400
0.884680
-1.958900
16.051001
16.997999
6.571900
-0.063190
7.519700
12.259000
12.259000
14.155000
18.893999
16.051001
20.790001
11.311000
11.311000
13.207000
12.259000
14.155000
2.780400
-3.854700
3.728300
-2.906800
-5.750400
1.832500
4.676100
-3.854700
-11.438000
-2.906800
-4.802500
-10.490000
-6.698300
-6.698300
-8.594000
-2.906800
2.780400
-1.011100
2.780400
3.728300
2.780400
6.571900
2.780400
1.832500
8.467600
8.467600
3.728300
4.676100
8.467600
-5.750400
-13.333000
-6.698300
-2.906800
-1.958900
-1.011100
-15.229000
-10.490000
-2.906800
-16.177000
-19.968000
-4.802500
-2.906800
-1.958900
-0.063190
-6.698300
-7.646100
0.884680
-12.385000
-13.333000
-5.750400
-0.063190
14.155000
6.571900
2.780400
5.624000
3.728300
7.519700
2.780400
-1.958900
-3.854700
-11.438000
-5.750400
-1.958900
-4.802500
-10.490000
-7.646100
-5.750400
-3.854700
-5.750400
-2.906800
1.832500
-1.958900
-9.541900
-6.698300
-0.063190
3.728300
4.676100
9.415500
11.311000
13.207000
19.841999
16.997999
18.893999
29.320999
16.051001
5.624000
15.103000
19.841999
24.580999
23.632999
13.207000
12.259000
12.259000
1.832500
-1.011100
8.467600
0.884680
-0.063190
-0.063190
1.832500
8.467600
2.780400
0.884680
4.676100
1.832500
1.832500
-1.011100
-9.541900
-7.646100
-1.958900
-12.385000
-23.760000
-21.864000
-19.968000
-14.281000
-4.802500
-1.011100
-4.802500
0.884680
5.624000
-4.802500
-2.906800
0.884680
-1.011100
-3.854700
-5.750400
-0.063190
2.780400
7.519700
-2.906800
-17.125000
-8.594000
-9.541900
-9.541900
5.624000
4.676100
-1.011100
-1.011100
2.780400
3.728300
4.676100
-1.011100
-3.854700
-1.958900
-4.802500
4.676100
6.571900
0.884680
-1.011100
-11.438000
-11.438000
-6.698300
-1.011100
-1.011100
5.624000
19.841999
6.571900
-4.802500
2.780400
8.467600
7.519700
4.676100
1.832500
-6.698300
-2.906800
10.363000
-0.063190
4.676100
13.207000
13.207000
15.103000
9.415500
13.207000
14.155000
1.832500
-13.333000
-9.541900
-9.541900
-17.125000
-17.125000
-20.916000
-22.812000
-9.541900
-12.385000
-9.541900
-1.958900
-0.063190
6.571900
8.467600
15.103000
14.155000
10.363000
4.676100
1.832500
2.780400
1.832500
0.884680
3.728300
-7.646100
-13.333000
-6.698300
-4.802500
3.728300
13.207000
16.997999
24.580999
17.945999
10.363000
10.363000
1.832500
-1.011100
-1.011100
4.676100
3.728300
0.884680
1.832500
-3.854700
-8.594000
-0.063190
1.832500
6.571900
-5.750400
-10.490000
-1.011100
9.415500
3.728300
1.832500
6.571900
4.676100
1.832500
5.624000
10.363000
5.624000
-0.063190
13.207000
16.051001
2.780400
-1.958900
-2.906800
-10.490000
-14.281000
-21.864000
-25.656000
-21.864000
-23.760000
-26.603001
-22.812000
-14.281000
-10.490000
-4.802500
-8.594000
-4.802500
1.832500
7.519700
-5.750400
-17.125000
-9.541900
-0.063190
-8.594000
-4.802500
-1.011100
4.676100
1.832500
3.728300
12.259000
-1.011100
-8.594000
-1.958900
0.884680
1.832500
3.728300
-0.063190
-4.802500
0.884680
1.832500
-1.011100
0.884680
0.884680
0.884680
10.363000
13.207000
9.415500
13.207000
13.207000
1.832500
6.571900
7.519700
11.311000
13.207000
17.945999
18.893999
4.676100
-1.011100
1.832500
2.780400
11.311000
2.780400
-5.750400
-0.063190
3.728300
-7.646100
-10.490000
-5.750400
-5.750400
-7.646100
-6.698300
-0.063190
-6.698300
-2.906800
0.884680
-1.958900
-0.063190
-0.063190
0.884680
6.571900
9.415500
14.155000
12.259000
6.571900
3.728300
4.676100
4.676100
5.624000
-4.802500
-6.698300
-3.854700
-1.958900
-0.063190
-0.063190
-1.958900
-3.854700
-6.698300
-3.854700
1.832500
0.884680
3.728300
4.676100
-1.958900
-4.802500
3.728300
6.571900
0.884680
3.728300
0.884680
0.884680
-3.854700
-17.125000
-14.281000
-6.698300
-10.490000
4.676100
-1.958900
-7.646100
-12.385000
-13.333000
-1.958900
3.728300
-0.063190
3.728300
-7.646100
-12.385000
-9.541900
-5.750400
3.728300
1.832500
6.571900
-1.011100
-4.802500
14.155000
10.363000
-1.011100
-7.646100
-0.063190
2.780400
6.571900
7.519700
2.780400
-0.063190
0.884680
-3.854700
1.832500
0.884680
-6.698300
-1.011100
0.884680
6.571900
6.571900
11.311000
-4.802500
-12.385000
0.884680
3.728300
3.728300
11.311000
15.103000
16.051001
19.841999
9.415500
4.676100
3.728300
8.467600
5.624000
6.571900
3.728300
-0.063190
4.676100
11.311000
16.051001
1.832500
5.624000
9.415500
9.415500
10.363000
6.571900
6.571900
2.780400
7.519700
5.624000
-1.958900
-1.958900
-5.750400
-11.438000
-9.541900
-9.541900
-5.750400
-5.750400
-3.854700
-9.541900
-16.177000
-17.125000
-13.333000
-1.958900
4.676100
4.676100
1.832500
-1.011100
2.780400
1.832500
-2.906800
0.884680
4.676100
0.884680
-5.750400
-13.333000
-16.177000
-17.125000
-19.021000
-22.812000
-27.551001
-23.760000
-21.864000
-12.385000
-1.011100
-3.854700
-1.011100
-1.958900
-0.063190
7.519700
12.259000
7.519700
11.311000
7.519700
-0.063190
2.780400
3.728300
0.884680
-0.063190
8.467600
4.676100
5.624000
2.780400
5.624000
10.363000
8.467600
8.467600
3.728300
2.780400
3.728300
-5.750400
-12.385000
-7.646100
0.884680
4.676100
-1.011100
1.832500
9.415500
13.207000
20.790001
4.676100
0.884680
6.571900
12.259000
20.790001
14.155000
15.103000
17.945999
14.155000
10.363000
5.624000
-6.698300
-8.594000
3.728300
6.571900
5.624000
1.832500
1.832500
-1.958900
-5.750400
-12.385000
-6.698300
-15.229000
-15.229000
-3.854700
-7.646100
-5.750400
-7.646100
-5.750400
-7.646100
-2.906800
-1.011100
-12.385000
-9.541900
-3.854700
-4.802500
-6.698300
-11.438000
-7.646100
-5.750400
-1.011100
6.571900
-4.802500
-16.177000
-11.438000
-5.750400
-2.906800
-6.698300
-1.958900
0.884680
-9.541900
-16.177000
-6.698300
-1.958900
-3.854700
2.780400
6.571900
1.832500
-3.854700
-3.854700
-0.063190
17.945999
5.624000
-8.594000
-0.063190
2.780400
4.676100
0.884680
-4.802500
-13.333000
2.780400
7.519700
1.832500
8.467600
7.519700
0.884680
-9.541900
-12.385000
-8.594000
-3.854700
2.780400
-1.011100
-2.906800
0.884680
4.676100
4.676100
6.571900
3.728300
10.363000
10.363000
14.155000
13.207000
7.519700
3.728300
3.728300
4.676100
3.728300
3.728300
9.415500
5.624000
4.676100
-0.063190
-4.802500
1.832500
2.780400
-2.906800
-1.958900
2.780400
9.415500
16.997999
12.259000
6.571900
9.415500
6.571900
6.571900
2.780400
-1.958900
5.624000
6.571900
11.311000
-1.958900
-3.854700
-4.802500
-2.906800
-3.854700
-3.854700
0.884680
7.519700
10.363000
3.728300
-6.698300
-6.698300
0.884680
1.832500
-1.011100
-1.011100
2.780400
2.780400
8.467600
-1.958900
6.571900
9.415500
-1.958900
0.884680
0.884680
3.728300
6.571900
3.728300
1.832500
-1.011100
-1.958900
-6.698300
-5.750400
-7.646100
-10.490000
-17.125000
-17.125000
-6.698300
6.571900
4.676100
-2.906800
-4.802500
-1.011100
8.467600
4.676100
0.884680
8.467600
9.415500
3.728300
3.728300
4.676100
4.676100
1.832500
-6.698300
-8.594000
-2.906800
-4.802500
-17.125000
-21.864000
-10.490000
-9.541900
-5.750400
-0.063190
-2.906800
-6.698300
-4.802500
-0.063190
2.780400
2.780400
8.467600
9.415500
3.728300
7.519700
8.467600
0.884680
-0.063190
4.676100
9.415500
8.467600
6.571900
7.519700
14.155000
11.311000
0.884680
-1.958900
-4.802500
-9.541900
-5.750400
-1.011100
2.780400
-0.063190
-0.063190
5.624000
11.311000
2.780400
0.884680
-0.063190
0.884680
5.624000
5.624000
3.728300
-1.958900
-2.906800
0.884680
-1.958900
-1.958900
2.780400
-3.854700
-5.750400
-1.958900
