3.096400
4.360200
6.255900
4.360200
5.624000
2.464500
-0.063190
11.311000
-2.590800
-12.070000
-8.278000
-3.222700
8.783600
12.575000
18.261999
20.158001
16.367001
11.943000
-7.014200
-12.070000
-9.541900
-5.118500
3.096400
4.360200
-1.327000
-1.327000
-0.063190
-0.695100
-2.590800
-5.118500
-7.014200
-2.590800
-0.063190
0.568720
-1.327000
-8.910000
-10.174000
-9.541900
-4.486600
-1.958900
-13.333000
-12.070000
-7.646100
-2.590800
4.992100
6.255900
8.151700
1.200600
4.992100
8.151700
-5.118500
-1.958900
1.832500
1.200600
-5.118500
-9.541900
-2.590800
-8.910000
-8.278000
4.992100
8.783600
16.997999
22.054001
20.790001
12.575000
3.096400
-2.590800
-4.486600
-7.014200
-16.493000
-12.070000
-2.590800
-12.070000
-7.646100
-0.063190
4.360200
11.311000
14.471000
8.783600
1.200600
1.200600
3.096400
1.832500
4.360200
-0.063190
-13.965000
-15.861000
-13.965000
-8.910000
3.096400
10.047000
4.360200
1.832500
-3.222700
-1.327000
2.464500
1.832500
14.471000
13.839000
8.783600
8.783600
7.519700
3.728300
-0.063190
8.151700
1.832500
-0.063190
4.360200
1.832500
-5.750400
-10.174000
-6.382300
-10.806000
-3.854700
1.832500
6.255900
1.832500
4.360200
7.519700
6.887800
5.624000
10.047000
23.318001
10.047000
-10.806000
-12.070000
-11.438000
-13.333000
-22.180000
-21.548000
-10.806000
4.360200
2.464500
6.887800
18.261999
22.054001
19.525999
19.525999
15.103000
11.311000
11.943000
6.887800
8.783600
8.783600
1.200600
-1.958900
-9.541900
-10.806000
-7.646100
-8.278000
-8.910000
-11.438000
-4.486600
-2.590800
1.832500
13.207000
18.893999
14.471000
4.992100
10.047000
14.471000
-3.222700
-16.493000
-9.541900
-12.070000
-9.541900
-8.278000
1.200600
3.096400
7.519700
5.624000
1.832500
1.832500
4.360200
-1.958900
-7.014200
-6.382300
-4.486600
-11.438000
-17.757000
-12.701000
-10.806000
-15.861000
-7.014200
-5.750400
-0.063190
2.464500
0.568720
-3.222700
-8.278000
-6.382300
-8.278000
-15.861000
-5.118500
-8.910000
-12.070000
-0.063190
4.992100
8.783600
1.832500
-0.063190
7.519700
4.992100
7.519700
3.096400
3.096400
-3.222700
-9.541900
-7.014200
-5.118500
-8.278000
-3.222700
4.360200
6.255900
9.415500
3.728300
-6.382300
-3.222700
-7.014200
4.360200
8.783600
0.568720
1.832500
-1.958900
3.096400
4.992100
1.200600
1.200600
-1.327000
4.992100
3.096400
-6.382300
-6.382300
-0.063190
-1.327000
-5.118500
-8.278000
-3.854700
-3.854700
-5.118500
8.783600
11.943000
11.311000
15.103000
13.207000
6.255900
4.360200
-1.327000
-2.590800
-4.486600
-10.806000
1.200600
7.519700
6.887800
5.624000
5.624000
5.624000
4.360200
3.728300
6.255900
-0.695100
-8.910000
-13.965000
-17.125000
-6.382300
-0.695100
8.151700
7.519700
4.360200
-0.063190
-1.958900
3.728300
8.783600
6.255900
-3.222700
-8.278000
-7.646100
-1.327000
-2.590800
-2.590800
-2.590800
-1.327000
2.464500
6.887800
-0.063190
3.728300
10.047000
17.629999
16.367001
10.047000
11.311000
8.151700
-4.486600
-12.070000
-14.597000
-13.333000
-11.438000
-7.646100
4.992100
2.464500
1.200600
5.624000
4.360200
8.151700
7.519700
12.575000
16.367001
13.839000
4.360200
8.783600
5.624000
4.360200
2.464500
0.568720
-5.750400
-9.541900
-10.174000
-8.910000
-9.541900
-1.958900
1.832500
19.525999
18.261999
4.360200
3.096400
4.360200
-1.327000
-3.854700
-1.958900
-14.597000
-18.389000
-5.118500
-3.854700
4.360200
8.783600
4.992100
5.624000
5.624000
11.311000
13.207000
0.568720
-3.854700
-1.958900
-0.063190
-13.965000
-13.333000
-1.958900
-5.118500
-5.118500
-1.327000
10.679000
5.624000
-5.118500
-1.958900
1.832500
-3.222700
-2.590800
-2.590800
-8.278000
-7.646100
-2.590800
-0.695100
0.568720
4.360200
10.047000
4.360200
0.568720
6.255900
3.096400
1.832500
-6.382300
-13.333000
-11.438000
-11.438000
-3.222700
8.783600
2.464500
-1.958900
-2.590800
-4.486600
-5.118500
-1.327000
-0.695100
-0.695100
-1.958900
-2.590800
-3.854700
1.200600
1.832500
-1.327000
3.096400
3.728300
8.151700
6.255900
1.832500
0.568720
3.728300
3.728300
-3.222700
-10.174000
-11.438000
-3.854700
-2.590800
0.568720
-1.327000
-5.750400
-7.646100
-10.806000
-7.646100
-8.910000
-9.541900
-4.486600
-7.646100
-4.486600
-8.278000
-5.118500
-1.958900
-1.958900
-0.063190
0.568720
8.151700
7.519700
-0.695100
-2.590800
-3.854700
-0.063190
5.624000
8.151700
10.679000
11.311000
3.728300
3.096400
-2.590800
-5.118500
3.096400
1.200600
6.887800
9.415500
6.255900
8.151700
10.679000
15.103000
6.255900
-1.327000
-1.958900
-3.222700
0.568720
-3.222700
-7.014200
1.200600
2.464500
3.728300
3.096400
7.519700
1.200600
-1.327000
-0.695100
-3.854700
-3.854700
-3.222700
-1.958900
0.568720
-2.590800
-8.278000
-5.118500
5.624000
11.311000
10.679000
9.415500
6.255900
-1.958900
-0.695100
-2.590800
-4.486600
-3.222700
3.096400
-1.958900
-0.695100
-5.118500
1.200600
15.103000
10.679000
6.887800
10.047000
6.255900
-5.118500
-0.063190
3.096400
-1.958900
-0.063190
-1.327000
7.519700
4.360200
8.783600
16.367001
13.207000
7.519700
-0.063190
1.832500
-8.278000
-11.438000
-17.125000
-23.444000
-15.229000
-13.965000
-3.854700
1.832500
2.464500
6.255900
8.151700
10.047000
6.887800
4.360200
3.096400
4.992100
-3.222700
-9.541900
-5.750400
-13.333000
-20.284000
-17.125000
-13.965000
-1.327000
-4.486600
-5.750400
4.360200
8.151700
16.997999
14.471000
3.096400
-5.118500
-0.695100
-6.382300
-8.278000
-2.590800
-3.854700
-2.590800
-4.486600
8.151700
-0.695100
-5.750400
-2.590800
-5.750400
4.992100
0.568720
3.096400
9.415500
-1.958900
4.992100
7.519700
1.832500
1.832500
-1.327000
0.568720
-0.063190
-4.486600
2.464500
-0.063190
3.728300
1.200600
-1.327000
-0.063190
4.992100
4.360200
-1.327000
1.832500
-4.486600
-7.646100
-1.327000
-3.222700
1.832500
1.200600
-3.222700
8.783600
11.311000
5.624000
6.887800
4.992100
7.519700
14.471000
6.887800
8.783600
1.832500
-5.118500
-8.278000
-1.327000
-0.063190
-1.327000
7.519700
6.255900
13.207000
18.261999
16.367001
6.255900
-3.222700
-3.222700
-4.486600
-5.750400
1.200600
1.832500
7.519700
4.992100
1.832500
-5.750400
-3.854700
-3.854700
-7.014200
-8.278000
-11.438000
-9.541900
-16.493000
-17.125000
-4.486600
-1.958900
0.568720
3.096400
7.519700
6.887800
-1.327000
-0.695100
-0.063190
-4.486600
-8.278000
-3.222700
-10.174000
-12.070000
-5.750400
-8.278000
-4.486600
1.200600
8.783600
5.624000
-1.327000
2.464500
4.992100
1.832500
3.728300
11.311000
7.519700
-6.382300
-10.174000
-8.278000
-6.382300
3.096400
-1.958900
-3.854700
-6.382300
-7.646100
-1.327000
4.992100
-3.854700
-7.014200
-0.063190
8.783600
-3.854700
-7.014200
-3.854700
-11.438000
-12.070000
-8.910000
-2.590800
-1.958900
8.151700
4.992100
4.992100
2.464500
-1.958900
-6.382300
-5.118500
-2.590800
-1.958900
2.464500
-7.014200
-2.590800
3.728300
5.624000
3.728300
1.832500
2.464500
11.311000
7.519700
-1.327000
6.255900
1.200600
-1.327000
-1.327000
-3.854700
-0.695100
3.096400
9.415500
13.839000
18.261999
12.575000
8.151700
8.783600
7.519700
-0.695100
-7.014200
-0.695100
2.464500
1.832500
9.415500
20.790001
21.422001
11.943000
11.311000
16.367001
6.255900
0.568720
-3.854700
-7.014200
-7.014200
-4.486600
-0.695100
-1.327000
4.992100
-1.327000
-8.278000
-5.118500
-1.958900
-5.118500
-7.014200
-12.070000
-22.812000
-28.499001
-29.131001
-15.229000
-7.014200
-1.958900
5.624000
9.415500
16.997999
20.790001
10.047000
-7.646100
-14.597000
-16.493000
-15.861000
-11.438000
-10.806000
-6.382300
3.096400
1.832500
1.832500
-1.327000
3.728300
1.832500
-1.327000
-3.854700
-10.174000
-14.597000
-13.965000
-7.646100
-0.695100
4.360200
8.151700
1.200600
-1.327000
2.464500
11.311000
13.839000
11.943000
6.255900
-0.695100
-3.854700
-3.854700
-1.327000
3.728300
-8.278000
-9.541900
-3.854700
1.200600
3.728300
0.568720
4.360200
6.255900
-0.695100
-0.063190
6.255900
6.887800
3.096400
8.783600
18.893999
8.783600
-1.327000
-1.958900
3.096400
9.415500
12.575000
13.207000
4.992100
-0.695100
-0.063190
6.887800
6.887800
6.887800
8.783600
8.151700
3.096400
-0.063190
0.568720
2.464500
-2.590800
-0.063190
-9.541900
-19.021000
-17.125000
-10.174000
-10.174000
-15.229000
-15.229000
-10.174000
-14.597000
-9.541900
-1.958900
-0.695100
-0.063190
3.728300
7.519700
2.464500
1.200600
0.568720
-1.327000
1.832500
7.519700
15.735000
13.839000
16.997999
17.629999
3.096400
-5.118500
-4.486600
-5.750400
-1.327000
2.464500
-0.063190
-8.910000
-9.541900
-2.590800
-0.063190
-0.063190
-1.958900
-0.063190
1.832500
-4.486600
-9.541900
-10.174000
-3.854700
1.200600
4.360200
-0.063190
2.464500
9.415500
11.943000
11.943000
10.679000
15.103000
14.471000
0.568720
-5.118500
-6.382300
-7.014200
-7.646100
-7.014200
-5.118500
-8.278000
-0.063190
-9.541900
-13.333000
-6.382300
3.728300
6.887800
4.360200
9.415500
6.255900
-3.222700
-7.646100
-3.854700
-5.118500
0.568720
-1.327000
4.360200
11.311000
7.519700
2.464500
3.728300
4.360200
4.360200
6.255900
-1.327000
-7.014200
-13.333000
-15.861000
-12.701000
-6.382300
2.464500
6.887800
11.943000
15.735000
8.151700
4.992100
0.568720
-5.118500
-2.590800
-1.958900
6.255900
11.311000
8.783600
13.207000
3.096400
0.568720
1.832500
2.464500
1.832500
-0.063190
-4.486600
-5.118500
4.992100
5.624000
-0.063190
-0.063190
-0.695100
-1.327000
6.887800
0.568720
-7.014200
-6.382300
-10.174000
-7.646100
-2.590800
1.832500
-3.222700
-1.327000
-1.327000
-3.222700
9.415500
11.943000
10.047000
3.096400
-5.118500
3.096400
-10.174000
-17.757000
-12.701000
-13.965000
-12.070000
-7.646100
-0.695100
1.832500
-3.222700
-0.063190
9.415500
11.943000
27.108999
23.948999
13.839000
8.783600
4.360200
-2.590800
-10.806000
-8.910000
-7.646100
-15.229000
-13.333000
-10.174000
-3.222700
6.255900
7.519700
8.783600
6.255900
10.679000
8.151700
8.151700
7.519700
3.728300
-0.063190
-5.118500
-4.486600
-5.118500
-1.958900
8.151700
10.679000
6.255900
0.568720
0.568720
10.679000
3.728300
-0.063190
1.200600
-4.486600
-1.327000
-4.486600
-9.541900
-13.965000
-13.333000
-8.278000
-7.646100
-0.063190
7.519700
7.519700
-0.695100
-5.750400
3.096400
6.255900
7.519700
13.839000
7.519700
1.832500
1.832500
5.624000
2.464500
-9.541900
-10.806000
-7.014200
-5.118500
-7.646100
-11.438000
-10.806000
-15.861000
-19.021000
-5.118500
-10.174000
-7.646100
-2.590800
