2.549000
6.470600
5.163400
-2.026100
-4.640500
-5.294100
-4.640500
-2.026100
-5.294100
-8.562100
-6.601300
-0.718950
9.085000
16.927999
18.235001
14.314000
9.738600
1.241800
-10.523000
-11.176000
-10.523000
-11.830000
-7.254900
-3.986900
-3.986900
-5.947700
-6.601300
-9.215700
-9.215700
-6.601300
-4.640500
-0.718950
7.124200
11.046000
8.431400
3.856200
1.241800
-1.372500
-7.254900
-13.137000
-15.098000
-11.830000
-5.947700
-2.026100
-2.679700
-3.333300
-4.640500
-3.333300
3.856200
10.392000
9.085000
9.085000
7.124200
7.124200
6.470600
3.202600
1.241800
-1.372500
-1.372500
2.549000
7.124200
13.007000
14.967000
13.007000
11.699000
9.085000
4.509800
2.549000
-0.065360
-2.679700
0.588240
2.549000
-2.679700
-3.986900
-3.986900
0.588240
8.431400
12.353000
7.124200
3.202600
3.202600
5.163400
6.470600
6.470600
1.241800
-7.908500
-13.137000
-13.791000
-5.947700
8.431400
14.967000
11.046000
5.817000
0.588240
-3.986900
-4.640500
-2.679700
2.549000
2.549000
2.549000
3.856200
3.202600
4.509800
8.431400
11.046000
7.777800
2.549000
-0.718950
-2.026100
-4.640500
-8.562100
-10.523000
-13.791000
-12.484000
-6.601300
1.241800
1.895400
-0.065360
-2.679700
-2.026100
0.588240
3.856200
6.470600
3.856200
-3.333300
-9.215700
-10.523000
-9.869300
-6.601300
-1.372500
0.588240
2.549000
-0.718950
0.588240
7.124200
11.046000
11.699000
13.007000
12.353000
10.392000
9.085000
11.699000
18.235001
21.503000
13.007000
1.241800
-10.523000
-16.405001
-14.444000
-13.791000
-13.137000
-15.098000
-13.791000
-7.908500
5.817000
18.889000
23.464001
15.621000
5.163400
2.549000
1.241800
-7.908500
-14.444000
-13.137000
-11.176000
-5.294100
-2.026100
-1.372500
-2.026100
-0.065360
1.895400
1.895400
0.588240
-0.065360
-2.026100
-2.026100
-3.986900
-5.947700
-8.562100
-11.176000
-6.601300
-2.679700
-3.986900
-2.679700
3.202600
7.124200
6.470600
4.509800
0.588240
-4.640500
-7.908500
-13.137000
-15.752000
-11.830000
-7.254900
-2.026100
3.202600
7.777800
10.392000
6.470600
5.163400
5.817000
2.549000
1.241800
-0.065360
3.856200
3.202600
-0.718950
-3.333300
-5.294100
-7.908500
-10.523000
-7.254900
-3.986900
-1.372500
-0.718950
-0.718950
1.241800
0.588240
3.856200
6.470600
3.202600
0.588240
-0.718950
1.895400
5.163400
5.163400
3.202600
-0.065360
-0.718950
-3.986900
-9.215700
-11.176000
-8.562100
-9.215700
-7.254900
-6.601300
-4.640500
-2.679700
-0.065360
7.124200
11.046000
14.314000
14.967000
12.353000
9.738600
7.777800
2.549000
1.895400
0.588240
-2.026100
-2.679700
-6.601300
-7.908500
-5.947700
-3.333300
0.588240
0.588240
-1.372500
1.241800
1.895400
2.549000
5.163400
5.817000
4.509800
1.895400
0.588240
-2.679700
-2.679700
2.549000
5.817000
9.738600
7.777800
1.895400
-3.333300
-5.947700
-5.294100
-3.333300
-5.947700
-7.254900
-9.215700
-8.562100
-2.679700
2.549000
5.163400
10.392000
14.967000
18.235001
18.889000
15.621000
9.738600
1.241800
-7.254900
-12.484000
-15.098000
-13.137000
-9.215700
-8.562100
-5.947700
-4.640500
-2.679700
1.241800
4.509800
10.392000
13.007000
13.660000
13.007000
8.431400
5.817000
11.046000
7.777800
4.509800
2.549000
-0.718950
-2.679700
-5.947700
-8.562100
-8.562100
-7.908500
-2.679700
4.509800
10.392000
9.085000
3.856200
0.588240
-1.372500
-3.986900
-2.679700
-3.333300
-7.254900
-7.254900
1.895400
2.549000
2.549000
2.549000
2.549000
7.124200
10.392000
13.660000
11.046000
-1.372500
-9.869300
-11.176000
-5.294100
-5.294100
-5.947700
-5.294100
-8.562100
-8.562100
-5.947700
3.202600
9.085000
10.392000
12.353000
6.470600
-0.065360
-1.372500
-0.718950
1.241800
1.241800
-3.986900
-9.215700
-13.137000
-11.176000
-7.254900
-5.947700
-7.254900
-3.986900
-3.986900
-2.679700
-4.640500
-3.986900
-2.679700
-4.640500
-3.986900
-3.333300
-4.640500
-3.333300
-3.333300
-4.640500
-3.333300
0.588240
3.202600
-0.065360
-2.679700
-0.065360
1.895400
5.163400
1.895400
-3.986900
-2.679700
0.588240
2.549000
3.202600
1.895400
-0.065360
-2.679700
-1.372500
-5.294100
-7.254900
-7.254900
-5.294100
-2.026100
2.549000
5.163400
5.817000
3.202600
-4.640500
-7.254900
-9.215700
-11.830000
-13.791000
-14.444000
-9.869300
-8.562100
-5.294100
-0.065360
3.202600
3.856200
1.895400
2.549000
1.895400
-0.718950
1.895400
2.549000
3.856200
3.856200
5.817000
8.431400
9.085000
5.817000
1.241800
-2.679700
-3.986900
-4.640500
-2.679700
5.817000
11.699000
9.738600
6.470600
6.470600
8.431400
12.353000
13.660000
10.392000
5.163400
3.202600
0.588240
-2.026100
-0.718950
-0.065360
1.895400
1.895400
2.549000
4.509800
3.856200
0.588240
-4.640500
-8.562100
-7.908500
-7.254900
-5.294100
-4.640500
-3.333300
2.549000
9.738600
13.007000
9.738600
5.817000
4.509800
4.509800
1.895400
-1.372500
-2.026100
-2.026100
-0.718950
0.588240
3.202600
5.817000
9.738600
13.007000
9.085000
6.470600
4.509800
2.549000
3.856200
11.046000
14.967000
13.007000
14.314000
14.314000
15.621000
8.431400
3.856200
0.588240
-3.333300
-4.640500
-7.254900
-6.601300
-7.908500
-7.254900
-7.908500
-10.523000
-7.908500
-7.254900
-3.986900
1.241800
2.549000
3.202600
3.202600
4.509800
4.509800
1.241800
-0.718950
-4.640500
-12.484000
-15.098000
-10.523000
-9.215700
-11.176000
-14.444000
-12.484000
-8.562100
-8.562100
-9.215700
-5.947700
-7.254900
-6.601300
-5.294100
-7.254900
-9.215700
-4.640500
-0.718950
0.588240
0.588240
-0.718950
2.549000
5.817000
9.738600
4.509800
1.895400
-0.065360
-3.333300
-2.026100
-5.294100
-6.601300
-5.294100
-3.986900
-1.372500
0.588240
2.549000
3.202600
2.549000
5.817000
5.163400
3.856200
3.856200
1.895400
-0.065360
-3.986900
-7.908500
-10.523000
-11.830000
-11.176000
-7.908500
-3.333300
0.588240
6.470600
12.353000
14.314000
15.621000
12.353000
5.817000
3.202600
2.549000
-0.065360
-1.372500
-0.065360
5.817000
11.046000
7.777800
5.817000
2.549000
-0.718950
-2.679700
0.588240
1.895400
3.856200
8.431400
11.046000
13.007000
14.314000
11.699000
7.777800
6.470600
5.817000
5.817000
5.817000
9.738600
3.856200
-5.947700
-12.484000
-12.484000
-11.176000
-6.601300
-7.254900
-8.562100
-7.254900
-3.333300
3.202600
11.046000
14.314000
10.392000
3.202600
-3.333300
-7.908500
-10.523000
-12.484000
-13.137000
-7.908500
-4.640500
-3.333300
-3.986900
-0.065360
1.895400
3.202600
1.241800
-3.333300
-3.333300
-3.333300
-0.718950
-1.372500
-3.986900
-0.718950
3.856200
1.895400
-0.718950
-4.640500
-6.601300
-5.294100
-3.333300
-1.372500
-0.718950
-2.026100
-5.947700
-4.640500
-2.026100
2.549000
6.470600
7.777800
1.241800
-1.372500
-0.718950
0.588240
-2.679700
-2.026100
1.895400
2.549000
1.241800
-2.026100
-7.254900
-7.908500
-2.679700
-2.026100
-5.294100
-7.908500
-6.601300
-7.908500
-5.294100
0.588240
5.817000
13.660000
12.353000
9.085000
5.817000
3.856200
2.549000
1.895400
1.241800
3.856200
-0.718950
-6.601300
-7.908500
-7.254900
-4.640500
0.588240
-0.065360
0.588240
5.817000
9.738600
12.353000
11.046000
4.509800
-0.718950
-4.640500
-7.908500
-9.869300
-7.908500
-0.718950
1.895400
3.202600
6.470600
10.392000
9.738600
3.856200
3.856200
3.856200
-0.065360
-0.718950
-0.065360
-1.372500
2.549000
7.124200
8.431400
3.202600
-2.026100
-9.215700
-11.830000
-11.830000
-9.215700
-9.215700
-11.830000
-12.484000
-12.484000
-8.562100
-5.947700
-3.333300
-3.333300
-2.026100
2.549000
7.777800
10.392000
7.777800
3.202600
1.241800
4.509800
9.738600
11.699000
9.085000
2.549000
-2.679700
-5.947700
-9.215700
-12.484000
-11.176000
-5.294100
-4.640500
-3.986900
-4.640500
-1.372500
5.163400
7.124200
3.856200
-1.372500
-1.372500
4.509800
8.431400
7.777800
5.817000
5.163400
5.163400
7.777800
9.738600
5.163400
1.241800
-0.718950
-2.026100
-0.065360
1.895400
6.470600
5.817000
-0.065360
-5.294100
-5.947700
-2.026100
2.549000
1.241800
2.549000
7.124200
11.046000
8.431400
5.817000
3.856200
-2.679700
-8.562100
-7.254900
0.588240
7.777800
11.699000
10.392000
7.124200
5.163400
7.777800
10.392000
11.699000
6.470600
3.202600
-2.679700
-8.562100
-9.869300
-5.947700
-3.333300
-7.254900
-11.176000
-13.137000
-9.215700
-0.065360
3.202600
-0.718950
-5.947700
-12.484000
-12.484000
-15.098000
-15.098000
-13.137000
-13.137000
-9.215700
-2.026100
4.509800
3.202600
3.202600
3.856200
1.895400
-0.065360
-0.718950
3.202600
8.431400
12.353000
15.621000
7.124200
-2.026100
-8.562100
-10.523000
-7.254900
-3.986900
-5.294100
-9.215700
-11.176000
-10.523000
-8.562100
-4.640500
-3.333300
-4.640500
-3.986900
-3.333300
-1.372500
-0.718950
1.241800
3.202600
5.163400
5.817000
7.124200
9.738600
11.046000
12.353000
13.660000
14.967000
14.314000
9.738600
3.202600
-4.640500
-7.908500
-8.562100
-9.215700
-13.791000
-17.059000
-11.830000
-6.601300
-3.333300
0.588240
7.777800
10.392000
9.085000
9.085000
5.163400
-0.718950
-3.986900
-1.372500
1.241800
2.549000
2.549000
3.202600
7.777800
9.738600
7.124200
3.856200
0.588240
-0.718950
4.509800
1.895400
-2.026100
-6.601300
-5.294100
2.549000
7.777800
9.738600
5.817000
2.549000
3.202600
3.856200
3.856200
0.588240
-4.640500
-2.679700
1.241800
7.124200
9.738600
8.431400
6.470600
3.202600
4.509800
3.856200
3.856200
1.895400
1.895400
2.549000
3.856200
5.817000
5.163400
2.549000
1.895400
1.895400
-0.065360
-2.026100
-4.640500
-7.254900
-10.523000
-11.830000
-9.215700
-6.601300
-4.640500
-3.333300
0.588240
2.549000
1.241800
5.163400
5.163400
1.895400
-3.333300
-8.562100
-12.484000
-19.020000
-20.327000
-15.752000
-10.523000
-7.908500
-4.640500
-1.372500
-0.065360
1.241800
5.163400
7.777800
9.738600
13.660000
14.314000
10.392000
5.163400
0.588240
-3.986900
-7.908500
-9.869300
-11.830000
-14.444000
-11.176000
-7.254900
-5.947700
-4.640500
-2.679700
1.241800
5.163400
7.777800
7.777800
7.777800
9.738600
9.738600
7.777800
3.202600
0.588240
0.588240
3.202600
6.470600
5.163400
4.509800
3.856200
5.163400
6.470600
5.817000
3.202600
2.549000
1.241800
-0.718950
-4.640500
-9.215700
-9.215700
-6.601300
-3.333300
-1.372500
-1.372500
-0.718950
0.588240
2.549000
7.124200
14.967000
19.542000
18.235001
14.967000
8.431400
6.470600
5.817000
3.856200
-2.026100
-10.523000
-13.791000
-11.830000
-7.908500
-6.601300
-5.947700
-5.294100
-3.333300
3.202600
11.699000
7.777800
-0.718950
-4.640500
