-15.219000
-13.199000
-9.158200
-0.067340
-3.097600
-6.127900
-3.097600
-1.077400
0.942760
-4.107700
-11.178000
-14.209000
-14.209000
-11.178000
-9.158200
-5.117800
-2.087500
1.952900
2.963000
1.952900
-5.117800
-13.199000
-9.158200
-2.087500
3.973100
0.942760
-0.067340
-3.097600
-8.148100
-5.117800
-7.138000
-6.127900
-3.097600
-7.138000
-8.148100
-6.127900
-6.127900
-2.087500
-0.067340
-4.107700
-3.097600
8.013500
11.044000
7.003400
1.952900
-0.067340
-0.067340
0.942760
-2.087500
-3.097600
-7.138000
-8.148100
-8.148100
-6.127900
-8.148100
-5.117800
1.952900
1.952900
-0.067340
2.963000
7.003400
11.044000
9.023600
9.023600
9.023600
13.064000
13.064000
4.983200
-3.097600
-1.077400
4.983200
2.963000
-1.077400
-4.107700
-3.097600
2.963000
2.963000
0.942760
-1.077400
-5.117800
-7.138000
0.942760
9.023600
11.044000
4.983200
2.963000
5.993300
7.003400
7.003400
3.973100
0.942760
-3.097600
-6.127900
-9.158200
-8.148100
-5.117800
-5.117800
-1.077400
3.973100
9.023600
5.993300
1.952900
0.942760
-1.077400
0.942760
-1.077400
-3.097600
-3.097600
-5.117800
4.983200
19.125000
17.104000
11.044000
9.023600
11.044000
12.054000
11.044000
12.054000
15.084000
16.094000
14.074000
7.003400
7.003400
5.993300
3.973100
8.013500
10.034000
9.023600
5.993300
4.983200
11.044000
14.074000
4.983200
1.952900
5.993300
4.983200
-3.097600
-1.077400
4.983200
12.054000
14.074000
11.044000
3.973100
4.983200
8.013500
8.013500
7.003400
9.023600
8.013500
4.983200
-0.067340
2.963000
8.013500
9.023600
7.003400
5.993300
5.993300
7.003400
2.963000
0.942760
0.942760
4.983200
0.942760
-1.077400
2.963000
5.993300
3.973100
4.983200
5.993300
2.963000
2.963000
8.013500
10.034000
8.013500
-0.067340
1.952900
11.044000
8.013500
7.003400
4.983200
11.044000
12.054000
13.064000
14.074000
9.023600
4.983200
4.983200
4.983200
3.973100
3.973100
-3.097600
-1.077400
1.952900
5.993300
5.993300
5.993300
8.013500
12.054000
11.044000
13.064000
14.074000
14.074000
9.023600
9.023600
7.003400
2.963000
3.973100
0.942760
5.993300
8.013500
0.942760
-0.067340
3.973100
8.013500
5.993300
4.983200
5.993300
4.983200
9.023600
13.064000
14.074000
17.104000
8.013500
-2.087500
0.942760
1.952900
-3.097600
-5.117800
-8.148100
-7.138000
-5.117800
-3.097600
-0.067340
-0.067340
-2.087500
-0.067340
2.963000
2.963000
8.013500
11.044000
10.034000
14.074000
15.084000
17.104000
16.094000
13.064000
13.064000
13.064000
12.054000
4.983200
-2.087500
-0.067340
9.023600
13.064000
8.013500
5.993300
8.013500
12.054000
9.023600
11.044000
15.084000
10.034000
4.983200
2.963000
1.952900
2.963000
2.963000
-1.077400
-6.127900
-8.148100
-7.138000
-1.077400
2.963000
-0.067340
-2.087500
0.942760
5.993300
4.983200
0.942760
-4.107700
-8.148100
-8.148100
-8.148100
-10.168000
-10.168000
-4.107700
-9.158200
-18.249001
-10.168000
1.952900
5.993300
-1.077400
-2.087500
-3.097600
-3.097600
-3.097600
-3.097600
-6.127900
-12.189000
-13.199000
-17.239000
-15.219000
-14.209000
-12.189000
-14.209000
-13.199000
-8.148100
-10.168000
-13.199000
-10.168000
-14.209000
-15.219000
-13.199000
-13.199000
-12.189000
-8.148100
-5.117800
-0.067340
3.973100
2.963000
0.942760
0.942760
-2.087500
-1.077400
0.942760
-6.127900
-10.168000
-6.127900
-3.097600
-2.087500
-4.107700
0.942760
1.952900
-1.077400
-3.097600
-1.077400
0.942760
0.942760
0.942760
-0.067340
-2.087500
-5.117800
-11.178000
-9.158200
-6.127900
-5.117800
1.952900
-2.087500
-3.097600
-0.067340
-6.127900
-5.117800
-4.107700
-3.097600
-1.077400
-0.067340
-7.138000
-12.189000
-9.158200
-3.097600
-5.117800
-9.158200
-9.158200
-8.148100
-6.127900
-3.097600
2.963000
1.952900
-1.077400
-1.077400
-0.067340
2.963000
-2.087500
-8.148100
-4.107700
-2.087500
-3.097600
-3.097600
-3.097600
-3.097600
3.973100
9.023600
9.023600
8.013500
2.963000
-0.067340
-3.097600
-4.107700
-9.158200
-11.178000
-9.158200
-7.138000
-2.087500
3.973100
2.963000
-1.077400
-4.107700
-7.138000
-6.127900
-3.097600
-4.107700
-9.158200
-13.199000
-16.229000
-19.259001
-18.249001
-16.229000
-9.158200
-2.087500
-1.077400
1.952900
2.963000
0.942760
0.942760
-0.067340
-3.097600
-6.127900
-4.107700
-4.107700
-4.107700
-1.077400
-0.067340
-7.138000
-7.138000
-3.097600
0.942760
-4.107700
-12.189000
-9.158200
-3.097600
-4.107700
-6.127900
-4.107700
-4.107700
1.952900
-0.067340
0.942760
1.952900
5.993300
4.983200
1.952900
2.963000
-0.067340
-8.148100
-9.158200
-10.168000
-14.209000
-13.199000
-12.189000
-11.178000
-5.117800
-3.097600
-5.117800
-5.117800
-6.127900
-7.138000
-9.158200
-12.189000
-12.189000
-11.178000
-10.168000
-14.209000
-16.229000
-16.229000
-15.219000
-10.168000
-8.148100
-3.097600
-4.107700
-2.087500
1.952900
3.973100
9.023600
11.044000
9.023600
5.993300
5.993300
4.983200
-0.067340
-3.097600
-5.117800
0.942760
1.952900
0.942760
-3.097600
-5.117800
-3.097600
-4.107700
-0.067340
-1.077400
-7.138000
-10.168000
-3.097600
2.963000
1.952900
-1.077400
-4.107700
-1.077400
7.003400
5.993300
2.963000
5.993300
8.013500
4.983200
9.023600
9.023600
4.983200
0.942760
1.952900
4.983200
1.952900
-5.117800
-10.168000
-10.168000
-8.148100
-6.127900
-4.107700
-1.077400
-0.067340
7.003400
16.094000
24.174999
23.165001
17.104000
23.165001
26.195000
23.165001
16.094000
10.034000
4.983200
2.963000
1.952900
0.942760
-1.077400
-2.087500
-2.087500
4.983200
8.013500
14.074000
15.084000
14.074000
13.064000
10.034000
9.023600
8.013500
7.003400
2.963000
-3.097600
-3.097600
-1.077400
2.963000
8.013500
12.054000
7.003400
2.963000
-0.067340
-2.087500
-5.117800
-8.148100
-5.117800
0.942760
0.942760
-0.067340
1.952900
7.003400
8.013500
2.963000
2.963000
7.003400
11.044000
8.013500
2.963000
5.993300
11.044000
12.054000
7.003400
1.952900
14.074000
18.114000
18.114000
17.104000
22.155001
24.174999
16.094000
17.104000
21.145000
17.104000
12.054000
9.023600
10.034000
10.034000
4.983200
-0.067340
2.963000
5.993300
3.973100
-2.087500
-1.077400
5.993300
10.034000
7.003400
8.013500
12.054000
16.094000
17.104000
13.064000
10.034000
4.983200
7.003400
12.054000
11.044000
12.054000
12.054000
14.074000
19.125000
12.054000
3.973100
7.003400
7.003400
2.963000
-3.097600
-6.127900
-6.127900
-6.127900
-6.127900
-1.077400
8.013500
9.023600
8.013500
11.044000
10.034000
8.013500
2.963000
1.952900
-0.067340
-1.077400
-1.077400
-2.087500
-1.077400
3.973100
9.023600
13.064000
16.094000
14.074000
12.054000
15.084000
8.013500
-1.077400
-6.127900
-3.097600
0.942760
-5.117800
-1.077400
2.963000
4.983200
3.973100
2.963000
-0.067340
-3.097600
-2.087500
1.952900
1.952900
1.952900
2.963000
2.963000
5.993300
8.013500
3.973100
-0.067340
4.983200
7.003400
5.993300
-0.067340
-2.087500
1.952900
10.034000
4.983200
-0.067340
1.952900
4.983200
4.983200
3.973100
-0.067340
3.973100
7.003400
7.003400
8.013500
10.034000
7.003400
7.003400
13.064000
3.973100
-1.077400
2.963000
4.983200
3.973100
4.983200
15.084000
16.094000
14.074000
15.084000
18.114000
17.104000
11.044000
9.023600
11.044000
7.003400
3.973100
5.993300
11.044000
11.044000
4.983200
2.963000
2.963000
7.003400
11.044000
10.034000
-0.067340
-3.097600
0.942760
4.983200
-1.077400
-4.107700
-0.067340
2.963000
-0.067340
-2.087500
0.942760
0.942760
-2.087500
-5.117800
-6.127900
-7.138000
-6.127900
-4.107700
-6.127900
-5.117800
-4.107700
-3.097600
-0.067340
2.963000
1.952900
0.942760
4.983200
2.963000
-2.087500
-3.097600
-1.077400
-3.097600
-0.067340
0.942760
-4.107700
-3.097600
-5.117800
-6.127900
0.942760
7.003400
7.003400
2.963000
3.973100
2.963000
10.034000
8.013500
3.973100
0.942760
1.952900
-1.077400
5.993300
13.064000
12.054000
1.952900
-0.067340
4.983200
8.013500
2.963000
-0.067340
3.973100
3.973100
9.023600
14.074000
13.064000
11.044000
11.044000
8.013500
10.034000
3.973100
-0.067340
2.963000
1.952900
1.952900
-2.087500
-4.107700
-5.117800
-9.158200
-9.158200
-8.148100
-8.148100
-3.097600
-5.117800
-2.087500
3.973100
3.973100
2.963000
-3.097600
-2.087500
1.952900
0.942760
-1.077400
-1.077400
4.983200
2.963000
0.942760
2.963000
1.952900
-5.117800
-9.158200
-9.158200
-9.158200
-6.127900
-1.077400
2.963000
5.993300
5.993300
3.973100
5.993300
1.952900
-5.117800
-6.127900
-10.168000
-10.168000
-9.158200
-15.219000
-15.219000
-15.219000
-13.199000
-13.199000
-14.209000
-13.199000
-11.178000
-9.158200
-11.178000
-12.189000
-10.168000
-10.168000
-13.199000
-16.229000
-16.229000
-18.249001
-18.249001
-17.239000
-15.219000
-12.189000
-11.178000
-13.199000
-14.209000
-16.229000
-12.189000
-13.199000
-18.249001
-17.239000
-19.259001
-19.259001
-16.229000
-12.189000
-9.158200
-8.148100
-13.199000
-17.239000
-22.290001
-25.320000
-15.219000
-10.168000
-12.189000
-12.189000
-11.178000
-10.168000
-6.127900
-6.127900
-7.138000
-7.138000
-6.127900
-6.127900
-7.138000
-13.199000
-15.219000
-7.138000
-6.127900
-5.117800
-10.168000
-19.259001
-20.268999
-16.229000
-13.199000
-12.189000
-11.178000
-5.117800
-10.168000
-16.229000
-10.168000
-9.158200
-7.138000
-8.148100
-6.127900
-3.097600
-3.097600
-5.117800
-3.097600
-3.097600
-7.138000
-8.148100
-2.087500
-2.087500
-4.107700
-2.087500
1.952900
13.064000
17.104000
9.023600
2.963000
-0.067340
-0.067340
2.963000
5.993300
4.983200
5.993300
9.023600
4.983200
2.963000
8.013500
4.983200
0.942760
-0.067340
-0.067340
-1.077400
-0.067340
1.952900
2.963000
4.983200
4.983200
3.973100
9.023600
10.034000
11.044000
7.003400
5.993300
7.003400
5.993300
7.003400
11.044000
13.064000
11.044000
4.983200
2.963000
4.983200
2.963000
1.952900
-5.117800
-8.148100
-7.138000
-8.148100
-9.158200
-12.189000
-7.138000
-3.097600
-0.067340
2.963000
3.973100
4.983200
9.023600
11.044000
7.003400
5.993300
10.034000
9.023600
2.963000
-4.107700
1.952900
2.963000
-1.077400
-3.097600
-5.117800
-0.067340
4.983200
2.963000
2.963000
4.983200
11.044000
12.054000
3.973100
0.942760
1.952900
-0.067340
0.942760
7.003400
11.044000
12.054000
13.064000
8.013500
0.942760
-1.077400
0.942760
3.973100
7.003400
9.023600
8.013500
9.023600
11.044000
11.044000
5.993300
1.952900
-1.077400
0.942760
7.003400
11.044000
14.074000
19.125000
19.125000
19.125000
19.125000
15.084000
7.003400
5.993300
2.963000
0.942760
