-0.064720
-2.977300
-11.715000
4.789600
3.818800
-3.948200
0.906150
3.818800
12.557000
-2.977300
-3.948200
-2.977300
-5.890000
2.847900
2.847900
-3.948200
-2.977300
0.906150
3.818800
2.847900
-5.890000
-1.035600
7.702300
8.673100
3.818800
-4.919100
2.847900
13.528000
10.615000
10.615000
12.557000
11.586000
-1.035600
-4.919100
8.673100
20.323999
9.644000
6.731400
10.615000
10.615000
5.760500
5.760500
4.789600
17.410999
25.177999
13.528000
3.818800
-3.948200
6.731400
17.410999
12.557000
4.789600
2.847900
6.731400
12.557000
8.673100
10.615000
6.731400
8.673100
16.440001
12.557000
9.644000
6.731400
12.557000
12.557000
9.644000
16.440001
17.410999
8.673100
1.877000
5.760500
10.615000
9.644000
5.760500
1.877000
2.847900
9.644000
7.702300
8.673100
-0.064720
4.789600
11.586000
12.557000
12.557000
11.586000
3.818800
-5.890000
11.586000
23.236000
14.498000
3.818800
0.906150
0.906150
13.528000
15.469000
7.702300
-1.035600
6.731400
16.440001
13.528000
1.877000
-3.948200
6.731400
7.702300
7.702300
5.760500
1.877000
0.906150
-6.860800
6.731400
14.498000
6.731400
-1.035600
-5.890000
-6.860800
-2.006500
4.789600
3.818800
4.789600
5.760500
1.877000
0.906150
0.906150
3.818800
1.877000
-0.064720
-2.977300
-3.948200
-2.977300
-2.977300
3.818800
6.731400
0.906150
2.847900
6.731400
3.818800
3.818800
10.615000
9.644000
10.615000
12.557000
4.789600
-0.064720
10.615000
22.264999
-6.860800
-1.035600
15.469000
7.702300
6.731400
10.615000
21.294001
13.528000
6.731400
12.557000
16.440001
6.731400
8.673100
-3.948200
1.877000
3.818800
7.702300
-0.064720
-4.919100
3.818800
1.877000
0.906150
8.673100
6.731400
7.702300
8.673100
-0.064720
4.789600
9.644000
1.877000
4.789600
14.498000
3.818800
3.818800
10.615000
9.644000
6.731400
5.760500
12.557000
18.382000
5.760500
2.847900
7.702300
7.702300
9.644000
-0.064720
-4.919100
4.789600
12.557000
9.644000
11.586000
17.410999
22.264999
13.528000
7.702300
8.673100
19.353001
14.498000
1.877000
2.847900
10.615000
14.498000
-1.035600
-0.064720
6.731400
4.789600
1.877000
8.673100
7.702300
3.818800
7.702300
3.818800
11.586000
12.557000
10.615000
8.673100
4.789600
3.818800
1.877000
6.731400
-3.948200
-1.035600
5.760500
-1.035600
-3.948200
0.906150
-3.948200
-3.948200
-5.890000
-5.890000
-0.064720
9.644000
0.906150
7.702300
4.789600
-2.977300
7.702300
4.789600
10.615000
9.644000
2.847900
0.906150
8.673100
2.847900
0.906150
1.877000
-0.064720
8.673100
7.702300
5.760500
8.673100
-1.035600
3.818800
8.673100
10.615000
8.673100
5.760500
-11.715000
7.702300
15.469000
6.731400
-0.064720
-2.977300
8.673100
4.789600
5.760500
9.644000
-6.860800
3.818800
9.644000
8.673100
6.731400
7.702300
10.615000
12.557000
-0.064720
-3.948200
3.818800
4.789600
-4.919100
-2.977300
-4.919100
-2.977300
5.760500
-1.035600
7.702300
9.644000
0.906150
-2.006500
-6.860800
0.906150
13.528000
0.906150
-5.890000
-2.977300
-7.831700
-8.802600
-12.686000
-6.860800
-3.948200
-15.599000
-7.831700
1.877000
4.789600
0.906150
-12.686000
-4.919100
-1.035600
-12.686000
-11.715000
-4.919100
-8.802600
-2.977300
-3.948200
0.906150
-0.064720
-3.948200
-0.064720
-5.890000
-2.006500
-5.890000
-11.715000
-18.511000
-6.860800
6.731400
-0.064720
-8.802600
-2.977300
-2.977300
-8.802600
-3.948200
-2.006500
11.586000
12.557000
-0.064720
-14.628000
-10.744000
-2.006500
-3.948200
-16.570000
-13.657000
-2.006500
-3.948200
-22.395000
-12.686000
-0.064720
-4.919100
-5.890000
0.906150
-2.006500
0.906150
-13.657000
-14.628000
-10.744000
-7.831700
-5.890000
-5.890000
-6.860800
-0.064720
-0.064720
0.906150
2.847900
-6.860800
-2.977300
2.847900
-2.006500
-4.919100
-0.064720
-2.006500
-13.657000
-4.919100
7.702300
7.702300
-4.919100
3.818800
15.469000
6.731400
-1.035600
-0.064720
4.789600
8.673100
1.877000
-10.744000
-7.831700
4.789600
6.731400
-3.948200
-3.948200
-2.977300
5.760500
-0.064720
-9.773500
-5.890000
-2.006500
-8.802600
-1.035600
-8.802600
-9.773500
-12.686000
-6.860800
-2.977300
-8.802600
-2.006500
-11.715000
-8.802600
-5.890000
-2.977300
-12.686000
-13.657000
-1.035600
-0.064720
-2.006500
-1.035600
-16.570000
-9.773500
-1.035600
1.877000
-2.006500
-3.948200
-0.064720
4.789600
4.789600
-4.919100
-8.802600
2.847900
-1.035600
-1.035600
-2.006500
-15.599000
-10.744000
0.906150
-0.064720
2.847900
-4.919100
-1.035600
1.877000
2.847900
0.906150
-1.035600
-1.035600
-4.919100
-15.599000
-10.744000
-6.860800
-12.686000
-9.773500
-1.035600
-3.948200
-1.035600
1.877000
-8.802600
-7.831700
-4.919100
-0.064720
-3.948200
-2.977300
-5.890000
3.818800
0.906150
-8.802600
-2.977300
-4.919100
7.702300
2.847900
-11.715000
-3.948200
9.644000
8.673100
6.731400
-7.831700
-6.860800
11.586000
8.673100
-2.977300
-8.802600
-14.628000
6.731400
11.586000
5.760500
-4.919100
-6.860800
4.789600
8.673100
12.557000
-1.035600
-12.686000
-7.831700
-0.064720
-1.035600
-7.831700
5.760500
2.847900
-4.919100
-2.977300
-2.006500
5.760500
11.586000
-5.890000
-5.890000
-1.035600
4.789600
-2.006500
-3.948200
-5.890000
-9.773500
-5.890000
-1.035600
-2.977300
-2.977300
-7.831700
-5.890000
-4.919100
-2.006500
-11.715000
-15.599000
9.644000
15.469000
9.644000
5.760500
10.615000
10.615000
8.673100
11.586000
10.615000
-1.035600
0.906150
8.673100
7.702300
-10.744000
-5.890000
-3.948200
8.673100
-0.064720
-0.064720
10.615000
17.410999
7.702300
-2.977300
-16.570000
2.847900
14.498000
5.760500
-8.802600
-9.773500
-0.064720
1.877000
-3.948200
5.760500
3.818800
6.731400
7.702300
0.906150
1.877000
-11.715000
-4.919100
4.789600
-1.035600
-5.890000
-1.035600
-8.802600
-2.977300
7.702300
9.644000
0.906150
-0.064720
4.789600
7.702300
8.673100
4.789600
1.877000
6.731400
0.906150
14.498000
16.440001
7.702300
16.440001
22.264999
22.264999
2.847900
2.847900
13.528000
15.469000
12.557000
-3.948200
4.789600
19.353001
15.469000
-0.064720
3.818800
12.557000
21.294001
17.410999
1.877000
-1.035600
11.586000
18.382000
13.528000
12.557000
6.731400
1.877000
17.410999
21.294001
5.760500
8.673100
12.557000
9.644000
13.528000
25.177999
24.207001
23.236000
17.410999
16.440001
16.440001
11.586000
12.557000
-2.006500
-4.919100
-1.035600
-8.802600
4.789600
13.528000
0.906150
6.731400
14.498000
18.382000
16.440001
7.702300
11.586000
12.557000
2.847900
-2.006500
-10.744000
-4.919100
8.673100
5.760500
-0.064720
-3.948200
7.702300
10.615000
2.847900
5.760500
13.528000
6.731400
6.731400
1.877000
-2.977300
7.702300
9.644000
7.702300
0.906150
-2.977300
-1.035600
-4.919100
-0.064720
3.818800
-6.860800
-8.802600
-0.064720
3.818800
-0.064720
-3.948200
-0.064720
0.906150
2.847900
0.906150
2.847900
10.615000
-3.948200
-9.773500
-0.064720
13.528000
7.702300
-3.948200
7.702300
3.818800
-5.890000
-2.006500
6.731400
11.586000
11.586000
-4.919100
4.789600
23.236000
14.498000
12.557000
3.818800
7.702300
12.557000
6.731400
5.760500
3.818800
-5.890000
13.528000
17.410999
5.760500
4.789600
14.498000
17.410999
12.557000
3.818800
8.673100
15.469000
11.586000
3.818800
9.644000
2.847900
-3.948200
-1.035600
-3.948200
4.789600
13.528000
9.644000
-0.064720
-7.831700
-1.035600
13.528000
2.847900
0.906150
-2.977300
1.877000
8.673100
-0.064720
0.906150
-2.006500
-0.064720
2.847900
1.877000
-5.890000
-6.860800
-0.064720
-1.035600
-5.890000
0.906150
-5.890000
-7.831700
6.731400
5.760500
-0.064720
-2.006500
-3.948200
-2.977300
4.789600
1.877000
-2.006500
-3.948200
-2.977300
-5.890000
-7.831700
0.906150
-2.977300
1.877000
-1.035600
-6.860800
-1.035600
13.528000
6.731400
4.789600
0.906150
6.731400
4.789600
-2.977300
0.906150
3.818800
7.702300
6.731400
-3.948200
-13.657000
-8.802600
5.760500
8.673100
2.847900
-0.064720
-2.977300
1.877000
7.702300
3.818800
4.789600
4.789600
-1.035600
-3.948200
-4.919100
-2.977300
-3.948200
-14.628000
-7.831700
2.847900
-5.890000
-3.948200
-5.890000
-2.977300
0.906150
-7.831700
-3.948200
1.877000
4.789600
-1.035600
-2.006500
2.847900
-2.977300
-5.890000
-2.006500
-2.977300
-3.948200
-2.977300
-5.890000
-4.919100
-0.064720
-2.977300
8.673100
6.731400
0.906150
2.847900
-6.860800
-6.860800
3.818800
-0.064720
-2.977300
-10.744000
4.789600
10.615000
4.789600
-14.628000
-4.919100
0.906150
1.877000
-6.860800
-15.599000
-16.570000
-6.860800
-5.890000
-13.657000
-15.599000
-19.482000
-2.977300
0.906150
-5.890000
-4.919100
-18.511000
-13.657000
-1.035600
5.760500
-4.919100
-15.599000
-6.860800
-2.977300
-6.860800
-19.482000
-15.599000
0.906150
-3.948200
-19.482000
-17.540001
-17.540001
-8.802600
0.906150
-8.802600
-12.686000
-13.657000
-9.773500
0.906150
4.789600
-13.657000
-15.599000
-14.628000
-23.365999
-11.715000
-9.773500
-21.424000
-14.628000
-2.977300
-5.890000
-6.860800
1.877000
9.644000
-0.064720
-5.890000
0.906150
0.906150
-8.802600
-22.395000
-10.744000
-5.890000
-3.948200
-14.628000
-21.424000
-15.599000
-8.802600
-11.715000
-12.686000
-12.686000
-10.744000
-5.890000
-2.006500
-9.773500
-16.570000
-9.773500
-3.948200
-3.948200
-1.035600
-6.860800
-11.715000
-0.064720
4.789600
-4.919100
-13.657000
-4.919100
-2.006500
-5.890000
-14.628000
-3.948200
12.557000
11.586000
-9.773500
-9.773500
5.760500
9.644000
9.644000
6.731400
3.818800
2.847900
3.818800
-0.064720
7.702300
10.615000
-5.890000
-3.948200
-2.977300
-6.860800
-5.890000
5.760500
4.789600
-0.064720
-1.035600
-1.035600
3.818800
9.644000
7.702300
5.760500
-2.006500
4.789600
13.528000
-3.948200
2.847900
8.673100
17.410999
13.528000
-1.035600
-2.977300
0.906150
2.847900
-0.064720
-1.035600
0.906150
-0.064720
-3.948200
-0.064720
0.906150
-1.035600
-2.977300
8.673100
6.731400
1.877000
8.673100
9.644000
5.760500
-2.977300
6.731400
16.440001
0.906150
-0.064720
-0.064720
12.557000
14.498000
-0.064720
-3.948200
-2.977300
13.528000
10.615000
7.702300
5.760500
5.760500
8.673100
1.877000
-1.035600
3.818800
5.760500
2.847900
-5.890000
-7.831700
14.498000
17.410999
-4.919100
-8.802600
0.906150
9.644000
-0.064720
-1.035600
10.615000
10.615000
7.702300
6.731400
13.528000
9.644000
10.615000
15.469000
2.847900
-11.715000
1.877000
14.498000
3.818800
-1.035600
-0.064720
10.615000
0.906150
4.789600
6.731400
-2.006500
-14.628000
-0.064720
