-19.900000
-18.905001
-14.925000
-6.965200
-7.960200
-8.955200
-5.970100
-2.985100
0.995020
-2.985100
-6.965200
-10.945000
-14.925000
-13.930000
-12.935000
-7.960200
-1.990000
4.975100
7.960200
4.975100
-2.985100
-8.955200
-6.965200
0.000000
8.955200
8.955200
4.975100
-0.995020
-7.960200
-8.955200
-11.940000
-10.945000
-5.970100
-5.970100
-4.975100
-1.990000
-1.990000
0.000000
2.985100
0.000000
0.995020
8.955200
8.955200
4.975100
0.000000
-2.985100
0.000000
2.985100
0.000000
-2.985100
-6.965200
-5.970100
-5.970100
-3.980100
-4.975100
-2.985100
1.990000
2.985100
-0.995020
0.000000
3.980100
7.960200
6.965200
8.955200
9.950200
12.935000
10.945000
4.975100
-2.985100
-2.985100
0.995020
0.000000
-3.980100
-5.970100
-2.985100
3.980100
2.985100
-0.995020
-4.975100
-9.950200
-11.940000
-2.985100
3.980100
4.975100
-0.995020
-2.985100
-1.990000
-0.995020
1.990000
3.980100
6.965200
1.990000
-3.980100
-11.940000
-14.925000
-12.935000
-12.935000
-8.955200
-0.995020
6.965200
6.965200
2.985100
0.995020
-1.990000
-0.995020
-3.980100
-7.960200
-8.955200
-7.960200
6.965200
21.891001
20.896000
15.920000
13.930000
13.930000
11.940000
8.955200
8.955200
9.950200
8.955200
5.970100
0.000000
-1.990000
-2.985100
-1.990000
4.975100
10.945000
8.955200
5.970100
3.980100
8.955200
7.960200
-0.995020
-0.995020
2.985100
0.995020
-9.950200
-13.930000
-7.960200
0.000000
3.980100
2.985100
0.000000
2.985100
7.960200
8.955200
8.955200
12.935000
11.940000
9.950200
2.985100
2.985100
6.965200
8.955200
9.950200
9.950200
10.945000
12.935000
9.950200
7.960200
8.955200
10.945000
6.965200
2.985100
6.965200
9.950200
8.955200
8.955200
8.955200
6.965200
7.960200
12.935000
15.920000
13.930000
6.965200
7.960200
13.930000
10.945000
9.950200
8.955200
14.925000
13.930000
12.935000
12.935000
8.955200
7.960200
11.940000
13.930000
10.945000
8.955200
3.980100
4.975100
6.965200
6.965200
4.975100
3.980100
6.965200
9.950200
8.955200
11.940000
14.925000
16.915001
10.945000
8.955200
5.970100
2.985100
2.985100
0.000000
5.970100
9.950200
1.990000
-0.995020
0.000000
5.970100
5.970100
3.980100
2.985100
-0.995020
0.995020
3.980100
3.980100
9.950200
4.975100
-2.985100
-1.990000
-2.985100
-5.970100
-6.965200
-11.940000
-12.935000
-8.955200
-8.955200
-6.965200
-7.960200
-4.975100
0.995020
4.975100
3.980100
6.965200
8.955200
5.970100
8.955200
6.965200
8.955200
10.945000
10.945000
12.935000
14.925000
15.920000
10.945000
4.975100
2.985100
8.955200
9.950200
1.990000
0.000000
4.975100
10.945000
8.955200
10.945000
15.920000
10.945000
3.980100
-0.995020
-3.980100
-4.975100
-4.975100
-7.960200
-9.950200
-7.960200
-6.965200
-0.995020
3.980100
0.000000
-3.980100
-2.985100
0.000000
-3.980100
-8.955200
-14.925000
-17.910000
-15.920000
-14.925000
-14.925000
-13.930000
-6.965200
-10.945000
-19.900000
-10.945000
0.995020
4.975100
-1.990000
-3.980100
-6.965200
-6.965200
-4.975100
-0.995020
-2.985100
-10.945000
-14.925000
-18.905001
-14.925000
-10.945000
-7.960200
-10.945000
-11.940000
-9.950200
-10.945000
-11.940000
-7.960200
-12.935000
-13.930000
-10.945000
-9.950200
-8.955200
-6.965200
-3.980100
-0.995020
2.985100
3.980100
4.975100
6.965200
4.975100
5.970100
8.955200
0.000000
-4.975100
-0.995020
3.980100
4.975100
3.980100
9.950200
10.945000
8.955200
4.975100
2.985100
2.985100
1.990000
1.990000
0.995020
0.000000
-0.995020
-5.970100
-3.980100
-2.985100
-0.995020
4.975100
0.995020
-1.990000
-2.985100
-7.960200
-6.965200
-7.960200
-7.960200
-6.965200
-5.970100
-12.935000
-14.925000
-7.960200
-0.995020
-3.980100
-8.955200
-6.965200
-6.965200
-6.965200
-4.975100
0.000000
0.000000
-2.985100
-0.995020
0.995020
4.975100
-1.990000
-6.965200
-4.975100
-3.980100
-4.975100
-5.970100
-6.965200
-7.960200
-2.985100
1.990000
3.980100
1.990000
-2.985100
-5.970100
-9.950200
-11.940000
-13.930000
-11.940000
-9.950200
-11.940000
-8.955200
-2.985100
-2.985100
-3.980100
-7.960200
-10.945000
-9.950200
-6.965200
-5.970100
-5.970100
-9.950200
-17.910000
-24.875999
-22.886000
-20.896000
-14.925000
-7.960200
-3.980100
0.000000
-0.995020
-2.985100
-1.990000
0.000000
-0.995020
-5.970100
-8.955200
-8.955200
-7.960200
-4.975100
-3.980100
-7.960200
-8.955200
-4.975100
-0.995020
-5.970100
-14.925000
-15.920000
-11.940000
-13.930000
-16.915001
-15.920000
-13.930000
-4.975100
-3.980100
-0.995020
0.000000
2.985100
1.990000
-0.995020
-0.995020
-6.965200
-16.915001
-15.920000
-16.915001
-20.896000
-17.910000
-15.920000
-13.930000
-3.980100
1.990000
1.990000
1.990000
0.995020
-2.985100
-9.950200
-13.930000
-11.940000
-6.965200
-4.975100
-6.965200
-6.965200
-6.965200
-6.965200
-2.985100
-1.990000
2.985100
1.990000
0.995020
4.975100
6.965200
12.935000
16.915001
15.920000
14.925000
19.900000
19.900000
14.925000
9.950200
6.965200
12.935000
12.935000
11.940000
9.950200
6.965200
9.950200
10.945000
13.930000
12.935000
8.955200
4.975100
8.955200
14.925000
13.930000
7.960200
1.990000
0.995020
7.960200
8.955200
5.970100
8.955200
9.950200
8.955200
14.925000
14.925000
10.945000
5.970100
6.965200
8.955200
5.970100
-1.990000
-6.965200
-6.965200
-1.990000
0.000000
0.995020
2.985100
3.980100
8.955200
15.920000
21.891001
17.910000
11.940000
17.910000
22.886000
20.896000
13.930000
10.945000
8.955200
9.950200
9.950200
6.965200
3.980100
2.985100
1.990000
4.975100
2.985100
6.965200
8.955200
8.955200
6.965200
4.975100
5.970100
6.965200
8.955200
5.970100
-1.990000
-4.975100
-2.985100
1.990000
7.960200
12.935000
7.960200
3.980100
0.000000
-4.975100
-6.965200
-6.965200
-2.985100
3.980100
4.975100
5.970100
7.960200
11.940000
12.935000
5.970100
2.985100
6.965200
8.955200
5.970100
2.985100
7.960200
12.935000
12.935000
10.945000
8.955200
18.905001
21.891001
22.886000
23.881001
28.856001
28.856001
19.900000
20.896000
23.881001
19.900000
15.920000
13.930000
15.920000
14.925000
8.955200
2.985100
5.970100
8.955200
6.965200
0.995020
0.000000
2.985100
4.975100
0.995020
0.995020
5.970100
10.945000
11.940000
9.950200
7.960200
4.975100
7.960200
11.940000
11.940000
12.935000
11.940000
13.930000
18.905001
12.935000
4.975100
8.955200
10.945000
6.965200
1.990000
0.000000
-0.995020
-1.990000
-0.995020
2.985100
8.955200
9.950200
7.960200
9.950200
7.960200
5.970100
0.995020
0.000000
-1.990000
-4.975100
-4.975100
-8.955200
-9.950200
-5.970100
2.985100
6.965200
8.955200
6.965200
5.970100
9.950200
1.990000
-7.960200
-11.940000
-7.960200
-4.975100
-9.950200
-6.965200
0.000000
2.985100
0.995020
0.000000
-2.985100
-4.975100
-2.985100
1.990000
0.995020
1.990000
3.980100
2.985100
4.975100
5.970100
3.980100
0.995020
1.990000
4.975100
3.980100
0.000000
-0.995020
0.995020
7.960200
4.975100
2.985100
5.970100
5.970100
4.975100
2.985100
0.000000
0.995020
4.975100
7.960200
10.945000
13.930000
9.950200
6.965200
12.935000
4.975100
0.995020
4.975100
8.955200
7.960200
5.970100
14.925000
14.925000
12.935000
14.925000
14.925000
11.940000
6.965200
6.965200
8.955200
4.975100
1.990000
4.975100
9.950200
11.940000
5.970100
3.980100
3.980100
6.965200
8.955200
9.950200
0.995020
-2.985100
1.990000
6.965200
0.995020
-2.985100
1.990000
4.975100
0.995020
0.000000
2.985100
1.990000
-1.990000
-4.975100
-6.965200
-11.940000
-9.950200
-5.970100
-6.965200
-6.965200
-6.965200
-5.970100
-2.985100
-0.995020
-1.990000
-3.980100
-1.990000
-2.985100
-3.980100
-2.985100
-1.990000
-5.970100
-2.985100
-1.990000
-3.980100
-3.980100
-5.970100
-6.965200
0.995020
5.970100
1.990000
-2.985100
-1.990000
-1.990000
5.970100
5.970100
1.990000
-0.995020
-0.995020
-1.990000
4.975100
10.945000
9.950200
1.990000
2.985100
6.965200
8.955200
0.995020
-0.995020
4.975100
6.965200
8.955200
10.945000
7.960200
5.970100
7.960200
6.965200
8.955200
6.965200
4.975100
5.970100
3.980100
0.995020
-3.980100
-4.975100
-5.970100
-8.955200
-7.960200
-4.975100
-3.980100
-1.990000
-3.980100
-1.990000
3.980100
4.975100
3.980100
0.000000
0.995020
2.985100
0.995020
-0.995020
-2.985100
1.990000
-1.990000
-4.975100
-2.985100
-3.980100
-9.950200
-11.940000
-10.945000
-10.945000
-5.970100
1.990000
6.965200
6.965200
4.975100
2.985100
2.985100
-0.995020
-6.965200
-7.960200
-10.945000
-10.945000
-11.940000
-16.915001
-15.920000
-13.930000
-10.945000
-10.945000
-10.945000
-9.950200
-8.955200
-5.970100
-6.965200
-6.965200
-9.950200
-10.945000
-14.925000
-16.915001
-18.905001
-20.896000
-18.905001
-14.925000
-11.940000
-11.940000
-11.940000
-11.940000
-11.940000
-14.925000
-11.940000
-12.935000
-15.920000
-13.930000
-16.915001
-19.900000
-16.915001
-13.930000
-11.940000
-7.960200
-8.955200
-10.945000
-15.920000
-16.915001
-6.965200
-1.990000
-7.960200
-11.940000
-12.935000
-13.930000
-8.955200
-7.960200
-8.955200
-7.960200
-5.970100
-4.975100
-4.975100
-8.955200
-9.950200
-4.975100
-3.980100
0.995020
-0.995020
-11.940000
-13.930000
-12.935000
-9.950200
-8.955200
-8.955200
-3.980100
-6.965200
-9.950200
-1.990000
-0.995020
0.995020
0.000000
2.985100
5.970100
6.965200
5.970100
6.965200
5.970100
2.985100
3.980100
8.955200
9.950200
6.965200
4.975100
8.955200
19.900000
25.871000
18.905001
12.935000
7.960200
5.970100
7.960200
9.950200
5.970100
6.965200
10.945000
6.965200
4.975100
8.955200
6.965200
3.980100
2.985100
5.970100
5.970100
7.960200
10.945000
12.935000
14.925000
11.940000
6.965200
10.945000
10.945000
10.945000
7.960200
5.970100
5.970100
3.980100
4.975100
7.960200
9.950200
7.960200
1.990000
0.000000
0.995020
0.995020
0.995020
-2.985100
-3.980100
-3.980100
-5.970100
-6.965200
-9.950200
-8.955200
-8.955200
-7.960200
-2.985100
-0.995020
0.995020
6.965200
9.950200
6.965200
5.970100
7.960200
6.965200
0.000000
-6.965200
-3.980100
-0.995020
-2.985100
-5.970100
-6.965200
-1.990000
2.985100
2.985100
2.985100
4.975100
8.955200
8.955200
3.980100
0.995020
0.000000
-0.995020
-0.995020
4.975100
9.950200
10.945000
11.940000
9.950200
2.985100
-1.990000
0.000000
2.985100
6.965200
9.950200
10.945000
13.930000
15.920000
13.930000
8.955200
5.970100
2.985100
5.970100
10.945000
15.920000
17.910000
19.900000
18.905001
16.915001
15.920000
12.935000
5.970100
4.975100
0.995020
-0.995020
