9.852200
12.808000
12.808000
11.823000
13.793000
12.808000
11.823000
8.867000
8.867000
3.940900
11.823000
11.823000
9.852200
3.940900
1.970400
1.970400
1.970400
1.970400
0.000000
5.911300
7.881800
4.926100
6.896600
9.852200
4.926100
3.940900
-6.896600
-15.764000
-16.749001
-12.808000
-11.823000
-9.852200
-5.911300
-5.911300
-9.852200
-2.955700
5.911300
7.881800
7.881800
4.926100
3.940900
-4.926100
-6.896600
-4.926100
-5.911300
-11.823000
-7.881800
-6.896600
-0.985220
5.911300
7.881800
7.881800
5.911300
4.926100
-0.985220
-5.911300
-10.837000
-10.837000
-10.837000
-9.852200
-6.896600
-4.926100
-4.926100
-7.881800
-5.911300
1.970400
1.970400
-4.926100
-9.852200
-10.837000
-14.778000
-16.749001
-10.837000
-10.837000
-3.940900
-2.955700
-2.955700
-2.955700
0.000000
1.970400
1.970400
3.940900
6.896600
2.955700
0.985220
1.970400
-1.970400
-2.955700
-0.985220
0.985220
0.985220
5.911300
7.881800
11.823000
9.852200
13.793000
17.733999
15.764000
10.837000
10.837000
15.764000
12.808000
12.808000
10.837000
4.926100
1.970400
2.955700
3.940900
4.926100
0.985220
-1.970400
-1.970400
4.926100
6.896600
5.911300
7.881800
7.881800
11.823000
11.823000
13.793000
8.867000
4.926100
-0.985220
-3.940900
-4.926100
-2.955700
-3.940900
-1.970400
0.985220
4.926100
3.940900
2.955700
2.955700
1.970400
2.955700
3.940900
5.911300
0.985220
-4.926100
-7.881800
-7.881800
-8.867000
-8.867000
-7.881800
-2.955700
-1.970400
0.985220
10.837000
12.808000
10.837000
5.911300
1.970400
-0.985220
-3.940900
-3.940900
-2.955700
-4.926100
-7.881800
-12.808000
-10.837000
-10.837000
-10.837000
-10.837000
-8.867000
-7.881800
-3.940900
4.926100
5.911300
7.881800
8.867000
8.867000
5.911300
0.985220
-0.985220
0.000000
-0.985220
-2.955700
-7.881800
-7.881800
-5.911300
-6.896600
-0.985220
3.940900
1.970400
0.000000
2.955700
1.970400
4.926100
9.852200
8.867000
9.852200
10.837000
2.955700
2.955700
1.970400
0.985220
1.970400
1.970400
7.881800
4.926100
2.955700
-0.985220
-0.985220
0.000000
3.940900
10.837000
9.852200
10.837000
14.778000
9.852200
5.911300
0.985220
-1.970400
-6.896600
-11.823000
-10.837000
-10.837000
-7.881800
-6.896600
-3.940900
-1.970400
1.970400
4.926100
8.867000
8.867000
6.896600
2.955700
-1.970400
-4.926100
-6.896600
-8.867000
-12.808000
-9.852200
-11.823000
-12.808000
-8.867000
-3.940900
-0.985220
0.985220
1.970400
3.940900
3.940900
4.926100
2.955700
-4.926100
-7.881800
-9.852200
-9.852200
-8.867000
-5.911300
-4.926100
-2.955700
-4.926100
0.000000
8.867000
13.793000
13.793000
14.778000
13.793000
13.793000
12.808000
10.837000
7.881800
5.911300
3.940900
0.000000
-2.955700
-6.896600
-1.970400
4.926100
7.881800
7.881800
8.867000
5.911300
1.970400
1.970400
0.985220
4.926100
5.911300
6.896600
3.940900
1.970400
0.000000
-4.926100
-7.881800
-9.852200
-13.793000
-13.793000
-13.793000
-13.793000
-16.749001
-17.733999
-13.793000
-12.808000
-10.837000
-8.867000
-5.911300
-5.911300
-3.940900
-3.940900
-2.955700
-0.985220
1.970400
0.985220
-1.970400
-3.940900
-2.955700
0.985220
4.926100
4.926100
3.940900
4.926100
1.970400
1.970400
5.911300
10.837000
8.867000
4.926100
0.000000
0.000000
0.000000
-1.970400
-2.955700
0.000000
1.970400
1.970400
1.970400
0.000000
4.926100
5.911300
7.881800
4.926100
2.955700
-0.985220
-2.955700
-4.926100
0.000000
-0.985220
-4.926100
-3.940900
0.000000
0.985220
-3.940900
-5.911300
-1.970400
4.926100
6.896600
9.852200
9.852200
9.852200
5.911300
2.955700
0.000000
-5.911300
-6.896600
-4.926100
-0.985220
-2.955700
0.000000
0.985220
3.940900
7.881800
7.881800
3.940900
3.940900
4.926100
7.881800
3.940900
0.985220
-2.955700
-6.896600
-3.940900
-0.985220
0.000000
-1.970400
0.985220
0.985220
0.985220
0.985220
3.940900
8.867000
9.852200
10.837000
13.793000
7.881800
2.955700
-0.985220
-3.940900
-4.926100
-6.896600
-7.881800
-5.911300
0.000000
2.955700
7.881800
6.896600
8.867000
9.852200
9.852200
11.823000
14.778000
16.749001
14.778000
9.852200
2.955700
-3.940900
-6.896600
-6.896600
-4.926100
-4.926100
-0.985220
0.985220
2.955700
5.911300
8.867000
11.823000
9.852200
7.881800
7.881800
5.911300
9.852200
9.852200
9.852200
7.881800
7.881800
5.911300
4.926100
2.955700
1.970400
-3.940900
-4.926100
-3.940900
-3.940900
-1.970400
-0.985220
3.940900
6.896600
6.896600
0.985220
0.985220
2.955700
0.985220
-4.926100
-6.896600
-7.881800
-9.852200
-12.808000
-10.837000
-8.867000
-7.881800
-8.867000
-6.896600
-7.881800
-11.823000
-12.808000
-14.778000
-8.867000
-2.955700
1.970400
0.985220
-1.970400
-5.911300
-5.911300
-5.911300
-0.985220
-3.940900
-1.970400
2.955700
-1.970400
-4.926100
-6.896600
-2.955700
-3.940900
-4.926100
-7.881800
-8.867000
-6.896600
-3.940900
-4.926100
-5.911300
-3.940900
-3.940900
-2.955700
-2.955700
-3.940900
-4.926100
0.000000
0.000000
-1.970400
-2.955700
-2.955700
-0.985220
1.970400
-4.926100
-0.985220
1.970400
0.000000
-0.985220
-3.940900
-5.911300
-5.911300
-4.926100
-4.926100
-3.940900
-5.911300
-6.896600
-8.867000
-5.911300
-6.896600
-4.926100
-5.911300
-5.911300
-4.926100
-5.911300
-0.985220
-1.970400
-4.926100
-2.955700
2.955700
2.955700
4.926100
4.926100
4.926100
3.940900
5.911300
1.970400
2.955700
2.955700
4.926100
7.881800
7.881800
9.852200
7.881800
5.911300
4.926100
5.911300
5.911300
7.881800
1.970400
0.000000
2.955700
3.940900
3.940900
0.000000
-1.970400
2.955700
8.867000
12.808000
7.881800
1.970400
4.926100
10.837000
12.808000
8.867000
9.852200
9.852200
6.896600
0.985220
-0.985220
-1.970400
-1.970400
-3.940900
-3.940900
-5.911300
-4.926100
-0.985220
-0.985220
5.911300
0.000000
-0.985220
4.926100
4.926100
-0.985220
-5.911300
-5.911300
-2.955700
3.940900
3.940900
-1.970400
2.955700
1.970400
-0.985220
7.881800
4.926100
0.985220
-4.926100
-6.896600
-6.896600
-3.940900
-8.867000
-10.837000
-5.911300
-2.955700
-2.955700
1.970400
-0.985220
-0.985220
0.000000
-10.837000
9.852200
5.911300
-5.911300
-9.852200
-7.881800
-6.896600
-3.940900
-3.940900
-15.764000
-11.823000
2.955700
6.896600
5.911300
-0.985220
1.970400
7.881800
-4.926100
0.000000
1.970400
-1.970400
-3.940900
-0.985220
-3.940900
-9.852200
-5.911300
-5.911300
-3.940900
1.970400
11.823000
10.837000
8.867000
12.808000
15.764000
13.793000
19.704000
16.749001
16.749001
15.764000
14.778000
11.823000
2.955700
-2.955700
-5.911300
-6.896600
-13.793000
-19.704000
-26.601000
-21.674999
-16.749001
-11.823000
-8.867000
-7.881800
-4.926100
4.926100
6.896600
18.719000
17.733999
14.778000
10.837000
3.940900
-1.970400
-4.926100
-9.852200
-14.778000
-16.749001
-14.778000
-9.852200
-9.852200
-8.867000
-3.940900
3.940900
11.823000
15.764000
15.764000
12.808000
5.911300
0.000000
-4.926100
-7.881800
-9.852200
-10.837000
-4.926100
0.000000
2.955700
1.970400
3.940900
9.852200
7.881800
4.926100
9.852200
11.823000
12.808000
11.823000
0.985220
-0.985220
-4.926100
-4.926100
-5.911300
-8.867000
-3.940900
2.955700
-0.985220
0.000000
0.985220
0.985220
0.000000
1.970400
1.970400
2.955700
5.911300
5.911300
3.940900
0.985220
1.970400
4.926100
5.911300
5.911300
5.911300
2.955700
2.955700
0.000000
-3.940900
-1.970400
0.000000
2.955700
5.911300
8.867000
8.867000
9.852200
7.881800
4.926100
-2.955700
-3.940900
-5.911300
-5.911300
-6.896600
-10.837000
-10.837000
-2.955700
3.940900
6.896600
6.896600
5.911300
4.926100
-1.970400
-4.926100
-9.852200
-12.808000
-15.764000
-17.733999
-20.690001
-16.749001
-13.793000
-9.852200
-1.970400
2.955700
5.911300
5.911300
5.911300
3.940900
1.970400
0.985220
1.970400
-4.926100
-8.867000
-11.823000
-9.852200
-14.778000
-12.808000
-4.926100
-1.970400
-1.970400
-0.985220
2.955700
1.970400
4.926100
5.911300
4.926100
2.955700
-1.970400
-1.970400
0.000000
-2.955700
-2.955700
-1.970400
0.000000
-2.955700
-4.926100
-3.940900
-2.955700
-0.985220
0.985220
6.896600
8.867000
8.867000
6.896600
8.867000
8.867000
7.881800
7.881800
6.896600
4.926100
1.970400
1.970400
1.970400
6.896600
4.926100
5.911300
0.000000
-3.940900
-7.881800
-9.852200
-11.823000
-10.837000
-11.823000
-13.793000
-13.793000
-9.852200
-3.940900
-2.955700
-2.955700
-3.940900
-5.911300
-9.852200
-11.823000
-12.808000
-8.867000
-5.911300
-2.955700
-3.940900
-6.896600
-8.867000
-0.985220
6.896600
7.881800
3.940900
-0.985220
-4.926100
-8.867000
-10.837000
-15.764000
-15.764000
-13.793000
-12.808000
-15.764000
-13.793000
-12.808000
-11.823000
-8.867000
0.000000
4.926100
10.837000
21.674999
23.645000
21.674999
15.764000
10.837000
6.896600
0.000000
-6.896600
-2.955700
-3.940900
-2.955700
0.985220
5.911300
7.881800
8.867000
5.911300
3.940900
8.867000
9.852200
9.852200
6.896600
3.940900
0.000000
0.000000
0.000000
2.955700
4.926100
4.926100
4.926100
8.867000
11.823000
13.793000
15.764000
14.778000
14.778000
15.764000
14.778000
4.926100
-2.955700
-5.911300
-5.911300
-6.896600
-4.926100
-3.940900
-2.955700
2.955700
4.926100
9.852200
13.793000
17.733999
16.749001
18.719000
14.778000
14.778000
11.823000
8.867000
1.970400
0.000000
-1.970400
-3.940900
-3.940900
-0.985220
1.970400
-0.985220
3.940900
4.926100
2.955700
0.985220
2.955700
5.911300
7.881800
4.926100
7.881800
9.852200
8.867000
5.911300
-0.985220
-6.896600
-5.911300
-5.911300
-8.867000
-13.793000
-15.764000
-14.778000
-10.837000
-2.955700
-1.970400
3.940900
5.911300
4.926100
3.940900
1.970400
1.970400
-0.985220
-3.940900
-1.970400
3.940900
4.926100
2.955700
-0.985220
-0.985220
-4.926100
-5.911300
-4.926100
-0.985220
1.970400
4.926100
2.955700
2.955700
2.955700
4.926100
4.926100
1.970400
0.985220
-1.970400
-3.940900
-6.896600
-7.881800
-5.911300
-4.926100
-4.926100
1.970400
6.896600
9.852200
12.808000
11.823000
12.808000
10.837000
6.896600
6.896600
6.896600
7.881800
9.852200
5.911300
5.911300
2.955700
3.940900
5.911300
6.896600
8.867000
10.837000
13.793000
17.733999
16.749001
17.733999
18.719000
11.823000
8.867000
9.852200
12.808000
10.837000
10.837000
5.911300
7.881800
3.940900
1.970400
1.970400
1.970400
0.985220
0.985220
0.000000
-3.940900
-3.940900
-6.896600
-6.896600
-7.881800
-5.911300
-2.955700
3.940900
1.970400
0.000000
-3.940900
-3.940900
