1.074200
1.074200
-4.613000
-2.717200
4.865700
7.709300
9.605100
5.813600
5.813600
0.126380
2.022100
10.553000
6.761500
-1.769400
-5.560800
0.126380
9.605100
2.970000
-0.821480
1.074200
-1.769400
2.022100
2.970000
7.709300
8.657200
12.449000
5.813600
-2.717200
-3.665100
-1.769400
-1.769400
-7.456600
-10.300000
-5.560800
-8.404400
-3.665100
1.074200
-0.821480
2.022100
2.022100
-0.821480
-0.821480
4.865700
2.970000
-0.821480
-3.665100
-4.613000
-4.613000
-1.769400
-1.769400
-0.821480
5.813600
3.917900
3.917900
6.761500
8.657200
6.761500
2.970000
-0.821480
3.917900
2.970000
-10.300000
-12.196000
-12.196000
-11.248000
-3.665100
-3.665100
-0.821480
0.126380
3.917900
2.970000
2.022100
-0.821480
1.074200
-0.821480
-4.613000
-7.456600
-3.665100
-1.769400
-6.508700
-7.456600
-0.821480
3.917900
-0.821480
2.022100
3.917900
-2.717200
-2.717200
-0.821480
-3.665100
-3.665100
0.126380
-0.821480
0.126380
1.074200
1.074200
5.813600
7.709300
4.865700
5.813600
10.553000
9.605100
7.709300
4.865700
4.865700
-0.821480
-5.560800
-0.821480
2.022100
-2.717200
-2.717200
0.126380
6.761500
10.553000
6.761500
5.813600
4.865700
5.813600
2.022100
-0.821480
1.074200
4.865700
3.917900
-0.821480
2.022100
3.917900
0.126380
-1.769400
2.022100
5.813600
1.074200
0.126380
3.917900
5.813600
8.657200
5.813600
9.605100
2.970000
-6.508700
-0.821480
3.917900
0.126380
-5.560800
-7.456600
-1.769400
-4.613000
-0.821480
2.022100
2.970000
7.709300
8.657200
-0.821480
-4.613000
-2.717200
-6.508700
-9.352300
-5.560800
-9.352300
-12.196000
-7.456600
-3.665100
1.074200
-0.821480
-1.769400
2.022100
3.917900
3.917900
-1.769400
-8.404400
-7.456600
-7.456600
-0.821480
1.074200
2.970000
-0.821480
2.022100
2.022100
2.022100
3.917900
2.970000
1.074200
3.917900
2.022100
2.022100
3.917900
6.761500
6.761500
4.865700
1.074200
2.022100
0.126380
-2.717200
-4.613000
-2.717200
2.022100
2.022100
2.022100
3.917900
3.917900
-1.769400
0.126380
-3.665100
-4.613000
-3.665100
-7.456600
-3.665100
-7.456600
-9.352300
5.813600
8.657200
6.761500
6.761500
3.917900
-3.665100
-6.508700
-3.665100
-4.613000
-6.508700
-5.560800
-1.769400
0.126380
-0.821480
-5.560800
-3.665100
-5.560800
-4.613000
1.074200
1.074200
3.917900
5.813600
3.917900
-3.665100
-1.769400
1.074200
-1.769400
-5.560800
-2.717200
2.022100
0.126380
2.970000
4.865700
-1.769400
-4.613000
-0.821480
-0.821480
0.126380
-0.821480
-2.717200
-1.769400
-4.613000
-1.769400
2.970000
-2.717200
-3.665100
6.761500
12.449000
8.657200
5.813600
12.449000
11.501000
8.657200
6.761500
4.865700
3.917900
0.126380
-3.665100
0.126380
0.126380
-2.717200
1.074200
-1.769400
-7.456600
0.126380
2.970000
2.970000
6.761500
8.657200
9.605100
9.605100
10.553000
5.813600
-3.665100
0.126380
-0.821480
-3.665100
-4.613000
-12.196000
-13.144000
-9.352300
-6.508700
-4.613000
-2.717200
-4.613000
-0.821480
2.022100
3.917900
2.970000
-3.665100
-7.456600
-6.508700
-5.560800
-6.508700
-9.352300
-9.352300
-8.404400
-5.560800
-1.769400
2.970000
4.865700
2.022100
3.917900
8.657200
4.865700
2.022100
5.813600
8.657200
4.865700
2.022100
2.970000
5.813600
-0.821480
-6.508700
-4.613000
-2.717200
-3.665100
-5.560800
-3.665100
-7.456600
2.022100
11.501000
9.605100
10.553000
10.553000
6.761500
0.126380
-1.769400
0.126380
-3.665100
-9.352300
-12.196000
-0.821480
-2.717200
-4.613000
-3.665100
-2.717200
-0.821480
2.970000
8.657200
7.709300
12.449000
11.501000
7.709300
2.022100
0.126380
1.074200
1.074200
-2.717200
-6.508700
-6.508700
-3.665100
2.970000
3.917900
0.126380
-3.665100
-3.665100
-1.769400
2.970000
2.970000
4.865700
5.813600
6.761500
7.709300
3.917900
0.126380
-4.613000
-12.196000
-14.092000
-11.248000
-12.196000
-11.248000
-8.404400
-6.508700
-5.560800
2.022100
7.709300
9.605100
6.761500
1.074200
2.970000
1.074200
-0.821480
1.074200
-2.717200
-8.404400
-7.456600
-4.613000
-6.508700
-3.665100
-0.821480
1.074200
5.813600
7.709300
13.397000
13.397000
8.657200
13.397000
14.344000
12.449000
10.553000
7.709300
3.917900
-0.821480
-1.769400
-1.769400
2.970000
3.917900
0.126380
0.126380
0.126380
0.126380
0.126380
-1.769400
1.074200
5.813600
4.865700
3.917900
1.074200
2.970000
5.813600
-4.613000
-11.248000
-5.560800
-2.717200
-1.769400
-4.613000
-0.821480
-1.769400
-0.821480
1.074200
-0.821480
1.074200
-1.769400
0.126380
-1.769400
-2.717200
2.022100
3.917900
3.917900
2.970000
2.022100
-1.769400
-7.456600
-8.404400
0.126380
0.126380
-0.821480
7.709300
5.813600
-0.821480
2.022100
4.865700
2.970000
5.813600
-4.613000
-4.613000
-1.769400
-9.352300
-1.769400
-1.769400
-8.404400
-16.934999
-10.300000
-0.821480
4.865700
2.022100
-1.769400
2.022100
1.074200
-0.821480
-0.821480
-7.456600
-8.404400
-15.039000
-9.352300
-4.613000
-6.508700
0.126380
1.074200
-5.560800
-9.352300
-4.613000
4.865700
5.813600
2.022100
-2.717200
-0.821480
-7.456600
-9.352300
-6.508700
-3.665100
2.970000
7.709300
1.074200
0.126380
-4.613000
-3.665100
6.761500
2.970000
1.074200
1.074200
-2.717200
-4.613000
-2.717200
-0.821480
-1.769400
2.022100
1.074200
2.970000
2.022100
7.709300
7.709300
3.917900
2.970000
-1.769400
-0.821480
-2.717200
-2.717200
3.917900
6.761500
5.813600
5.813600
6.761500
4.865700
5.813600
9.605100
11.501000
11.501000
10.553000
10.553000
8.657200
5.813600
4.865700
7.709300
4.865700
-0.821480
-5.560800
-4.613000
-3.665100
1.074200
-3.665100
-4.613000
0.126380
2.022100
0.126380
2.022100
5.813600
2.970000
-3.665100
-6.508700
-10.300000
-7.456600
2.022100
-5.560800
-6.508700
-2.717200
3.917900
9.605100
15.292000
9.605100
8.657200
12.449000
14.344000
9.605100
1.074200
-7.456600
-6.508700
-7.456600
-7.456600
-6.508700
-8.404400
-8.404400
-9.352300
-4.613000
1.074200
0.126380
5.813600
13.397000
8.657200
5.813600
2.970000
-5.560800
-8.404400
-11.248000
-15.987000
-14.092000
-12.196000
-7.456600
-3.665100
-4.613000
-6.508700
-14.092000
-16.934999
-13.144000
-9.352300
-4.613000
-0.821480
0.126380
-8.404400
-6.508700
-2.717200
1.074200
4.865700
2.022100
3.917900
6.761500
3.917900
-2.717200
-3.665100
-3.665100
2.022100
6.761500
8.657200
9.605100
8.657200
8.657200
8.657200
9.605100
12.449000
0.126380
-0.821480
2.970000
2.970000
1.074200
2.970000
0.126380
-0.821480
3.917900
5.813600
8.657200
11.501000
8.657200
9.605100
7.709300
2.970000
2.022100
5.813600
4.865700
0.126380
-5.560800
-9.352300
-16.934999
-9.352300
-0.821480
0.126380
8.657200
12.449000
14.344000
13.397000
6.761500
5.813600
3.917900
-3.665100
-16.934999
-16.934999
-17.882999
-19.778999
-16.934999
-13.144000
-5.560800
2.022100
6.761500
16.240000
13.397000
5.813600
8.657200
14.344000
8.657200
5.813600
5.813600
4.865700
1.074200
-2.717200
-4.613000
-11.248000
-7.456600
-2.717200
-2.717200
-4.613000
-2.717200
-1.769400
6.761500
13.397000
4.865700
4.865700
2.970000
-2.717200
2.022100
-0.821480
0.126380
7.709300
8.657200
7.709300
5.813600
6.761500
2.022100
-4.613000
-2.717200
-1.769400
-4.613000
-3.665100
-8.404400
-7.456600
-11.248000
-4.613000
3.917900
4.865700
6.761500
7.709300
10.553000
10.553000
4.865700
-0.821480
1.074200
4.865700
2.022100
3.917900
3.917900
0.126380
0.126380
0.126380
2.970000
3.917900
4.865700
4.865700
2.970000
2.022100
3.917900
5.813600
4.865700
3.917900
-1.769400
-9.352300
-6.508700
-1.769400
4.865700
9.605100
5.813600
2.970000
-0.821480
-1.769400
-4.613000
-2.717200
-3.665100
-4.613000
-7.456600
-6.508700
-2.717200
-2.717200
-1.769400
3.917900
5.813600
8.657200
9.605100
7.709300
1.074200
-3.665100
-7.456600
-6.508700
0.126380
-2.717200
-4.613000
-3.665100
-0.821480
-5.560800
-4.613000
-7.456600
-6.508700
0.126380
0.126380
1.074200
0.126380
-1.769400
-1.769400
-5.560800
-6.508700
-7.456600
-8.404400
-6.508700
-6.508700
-4.613000
-3.665100
-4.613000
-2.717200
-2.717200
-1.769400
1.074200
3.917900
6.761500
16.240000
15.292000
16.240000
14.344000
12.449000
11.501000
6.761500
2.022100
3.917900
3.917900
2.022100
-0.821480
-2.717200
-10.300000
-9.352300
-11.248000
-9.352300
-0.821480
4.865700
11.501000
9.605100
7.709300
9.605100
3.917900
-2.717200
-5.560800
-8.404400
-13.144000
-15.039000
-8.404400
-12.196000
-18.830999
-17.882999
-11.248000
-5.560800
-3.665100
-4.613000
-4.613000
-8.404400
-14.092000
-8.404400
-4.613000
-6.508700
-2.717200
1.074200
2.970000
6.761500
2.970000
-0.821480
1.074200
2.022100
3.917900
5.813600
11.501000
17.188000
13.397000
15.292000
17.188000
16.240000
14.344000
7.709300
11.501000
9.605100
3.917900
1.074200
-2.717200
-5.560800
-2.717200
-3.665100
-5.560800
-4.613000
-0.821480
-3.665100
-1.769400
-3.665100
-7.456600
-7.456600
-3.665100
-2.717200
-2.717200
1.074200
0.126380
-2.717200
2.022100
8.657200
3.917900
-0.821480
1.074200
6.761500
4.865700
-1.769400
-4.613000
-6.508700
-7.456600
-6.508700
-2.717200
-2.717200
-5.560800
0.126380
2.022100
5.813600
3.917900
0.126380
2.970000
8.657200
11.501000
14.344000
9.605100
2.022100
-1.769400
0.126380
2.970000
-0.821480
-6.508700
-3.665100
-1.769400
-3.665100
-4.613000
-3.665100
-5.560800
-5.560800
0.126380
2.022100
2.970000
2.970000
6.761500
9.605100
2.022100
2.022100
2.022100
0.126380
-1.769400
-6.508700
-9.352300
-3.665100
-4.613000
-9.352300
-8.404400
-1.769400
-1.769400
4.865700
7.709300
4.865700
2.022100
1.074200
3.917900
2.970000
-0.821480
-3.665100
-2.717200
2.022100
3.917900
0.126380
2.022100
2.970000
0.126380
3.917900
5.813600
3.917900
2.022100
-3.665100
-1.769400
-0.821480
-0.821480
-1.769400
2.022100
3.917900
4.865700
3.917900
4.865700
2.970000
9.605100
8.657200
-1.769400
-5.560800
-7.456600
-12.196000
-15.039000
-11.248000
-4.613000
-3.665100
2.022100
1.074200
-0.821480
7.709300
9.605100
9.605100
4.865700
-0.821480
2.970000
-4.613000
-7.456600
0.126380
2.970000
4.865700
5.813600
7.709300
5.813600
6.761500
4.865700
1.074200
2.970000
0.126380
-2.717200
-4.613000
-3.665100
-0.821480
-8.404400
-7.456600
0.126380
2.022100
3.917900
2.970000
-0.821480
-3.665100
-4.613000
-4.613000
-0.821480
2.022100
3.917900
4.865700
3.917900
6.761500
6.761500
0.126380
0.126380
