8.566800
-2.061200
5.668300
6.634500
-7.858300
21.127001
36.585999
23.059999
13.398000
0.837360
-6.892100
-4.959700
-14.622000
-7.858300
-12.689000
-3.027400
4.702100
-3.993600
-6.892100
-1.095000
12.432000
10.499000
5.668300
-3.993600
-3.993600
13.398000
21.127001
-2.061200
2.769700
14.364000
6.634500
-29.114000
-12.689000
6.634500
6.634500
3.735900
-21.385000
-14.622000
8.566800
12.432000
8.566800
15.330000
15.330000
15.330000
-9.790700
-1.095000
26.924000
9.533000
-3.993600
-10.757000
-29.114000
-14.622000
-14.622000
-27.181999
-10.757000
1.803500
7.600600
2.769700
9.533000
15.330000
-3.027400
12.432000
19.195000
-3.993600
1.803500
5.668300
2.769700
-6.892100
-10.757000
-4.959700
2.769700
3.735900
-15.588000
-6.892100
2.769700
5.668300
-10.757000
-14.622000
1.803500
12.432000
16.296000
10.499000
-17.520000
4.702100
19.195000
6.634500
-16.554001
-10.757000
4.702100
4.702100
-3.027400
-0.128820
3.735900
4.702100
6.634500
9.533000
7.600600
-4.959700
-4.959700
1.803500
0.837360
-0.128820
-0.128820
-3.027400
-3.027400
-2.061200
-3.993600
-13.655000
0.837360
10.499000
12.432000
1.803500
-3.027400
0.837360
-0.128820
-13.655000
-14.622000
10.499000
7.600600
-12.689000
-8.824500
-18.486000
-8.824500
-2.061200
-1.095000
-3.993600
-13.655000
-18.486000
-6.892100
-12.689000
-16.554001
1.803500
11.465000
5.668300
-2.061200
-9.790700
-15.588000
-6.892100
2.769700
-4.959700
-1.095000
-0.128820
-3.993600
4.702100
20.160999
8.566800
2.769700
-3.027400
19.195000
16.296000
11.465000
22.093000
15.330000
2.769700
-4.959700
-9.790700
-3.993600
-3.993600
-11.723000
-7.858300
-3.993600
11.465000
24.992001
23.059999
20.160999
21.127001
26.924000
4.702100
1.803500
6.634500
6.634500
13.398000
6.634500
-5.925900
2.769700
9.533000
11.465000
17.261999
16.296000
-3.027400
20.160999
33.688000
16.296000
11.465000
18.229000
22.093000
6.634500
-5.925900
-9.790700
-10.757000
-19.452000
-25.250000
-21.385000
-4.959700
5.668300
2.769700
4.702100
7.600600
-0.128820
-6.892100
-16.554001
-3.027400
14.364000
-0.128820
-14.622000
-13.655000
-4.959700
-4.959700
-16.554001
-6.892100
-15.588000
-17.520000
0.837360
2.769700
-0.128820
-1.095000
-1.095000
-10.757000
-8.824500
8.566800
-3.027400
-26.216000
-11.723000
1.803500
-1.095000
-3.027400
-12.689000
-4.959700
-10.757000
-3.027400
2.769700
-2.061200
-6.892100
-3.993600
-16.554001
-5.925900
-2.061200
-7.858300
1.803500
-6.892100
-3.027400
-1.095000
-2.061200
11.465000
18.229000
10.499000
-0.128820
-10.757000
-24.283001
-0.128820
6.634500
-0.128820
10.499000
7.600600
1.803500
-3.027400
-3.993600
6.634500
-12.689000
-3.993600
1.803500
14.364000
23.059999
10.499000
2.769700
-3.027400
-11.723000
-17.520000
-16.554001
-2.061200
15.330000
2.769700
-4.959700
12.432000
17.261999
12.432000
-0.128820
9.533000
13.398000
0.837360
-14.622000
-8.824500
-10.757000
-9.790700
-3.993600
1.803500
0.837360
-5.925900
-1.095000
2.769700
-5.925900
-6.892100
-6.892100
15.330000
25.958000
14.364000
15.330000
-2.061200
5.668300
4.702100
-13.655000
3.735900
18.229000
12.432000
4.702100
-2.061200
-3.027400
-11.723000
-21.385000
-5.925900
9.533000
3.735900
-2.061200
2.769700
18.229000
4.702100
0.837360
-1.095000
16.296000
23.059999
17.261999
9.533000
-9.790700
-8.824500
-4.959700
-16.554001
3.735900
12.432000
2.769700
-10.757000
-27.181999
-31.047001
-19.452000
-1.095000
-2.061200
-5.925900
8.566800
9.533000
17.261999
18.229000
-7.858300
-11.723000
4.702100
1.803500
-7.858300
2.769700
6.634500
-3.027400
-3.993600
-11.723000
-8.824500
0.837360
14.364000
11.465000
12.432000
-1.095000
4.702100
18.229000
4.702100
-11.723000
2.769700
11.465000
0.837360
2.769700
-7.858300
-3.027400
-2.061200
-6.892100
-12.689000
-14.622000
-1.095000
11.465000
12.432000
4.702100
4.702100
4.702100
11.465000
12.432000
-1.095000
4.702100
3.735900
-8.824500
-20.419001
-16.554001
-6.892100
-2.061200
-7.858300
-11.723000
-9.790700
-8.824500
-3.993600
11.465000
28.857000
28.857000
15.330000
13.398000
10.499000
-7.858300
-2.061200
1.803500
-6.892100
-8.824500
-22.351000
-16.554001
-4.959700
-13.655000
-8.824500
5.668300
12.432000
14.364000
3.735900
2.769700
7.600600
10.499000
-2.061200
-3.027400
-5.925900
-0.128820
4.702100
-6.892100
-16.554001
-5.925900
1.803500
6.634500
-5.925900
-4.959700
-4.959700
4.702100
19.195000
16.296000
4.702100
3.735900
-3.027400
3.735900
-2.061200
-4.959700
9.533000
12.432000
6.634500
9.533000
14.364000
11.465000
4.702100
-10.757000
7.600600
8.566800
2.769700
0.837360
-8.824500
0.837360
-5.925900
0.837360
1.803500
-0.128820
-2.061200
-18.486000
-11.723000
5.668300
0.837360
-11.723000
-21.385000
-11.723000
-10.757000
-5.925900
-2.061200
-14.622000
-1.095000
8.566800
22.093000
18.229000
-0.128820
-2.061200
5.668300
6.634500
-2.061200
-10.757000
6.634500
4.702100
-5.925900
-19.452000
-13.655000
-3.993600
-19.452000
-16.554001
-12.689000
-20.419001
-10.757000
4.702100
13.398000
22.093000
14.364000
10.499000
5.668300
-12.689000
-16.554001
-8.824500
7.600600
2.769700
-5.925900
-3.027400
-3.027400
-20.419001
-12.689000
-4.959700
-2.061200
6.634500
2.769700
7.600600
16.296000
11.465000
10.499000
10.499000
8.566800
1.803500
7.600600
3.735900
-6.892100
-8.824500
-11.723000
2.769700
9.533000
4.702100
2.769700
5.668300
19.195000
19.195000
-0.128820
6.634500
8.566800
9.533000
8.566800
9.533000
4.702100
-2.061200
-0.128820
3.735900
-10.757000
0.837360
-3.993600
-7.858300
-11.723000
-14.622000
-3.993600
-6.892100
-1.095000
5.668300
7.600600
8.566800
12.432000
12.432000
9.533000
6.634500
-0.128820
3.735900
-1.095000
-3.027400
9.533000
10.499000
2.769700
4.702100
2.769700
-13.655000
-20.419001
-15.588000
4.702100
8.566800
13.398000
8.566800
4.702100
4.702100
1.803500
13.398000
18.229000
-9.790700
7.600600
17.261999
8.566800
0.837360
-15.588000
-24.283001
-22.351000
-9.790700
-10.757000
-17.520000
0.837360
18.229000
16.296000
12.432000
8.566800
-3.027400
-16.554001
0.837360
15.330000
0.837360
-6.892100
1.803500
-5.925900
-5.925900
1.803500
-5.925900
-3.993600
-4.959700
-19.452000
-3.027400
10.499000
-3.027400
1.803500
-8.824500
-20.419001
-3.027400
-3.027400
0.837360
1.803500
-10.757000
-2.061200
-5.925900
-5.925900
-3.027400
-6.892100
-1.095000
-3.027400
11.465000
18.229000
3.735900
1.803500
-5.925900
3.735900
4.702100
0.837360
-0.128820
-19.452000
-2.061200
12.432000
15.330000
15.330000
9.533000
8.566800
9.533000
8.566800
1.803500
-11.723000
9.533000
15.330000
6.634500
-2.061200
-4.959700
2.769700
-3.993600
-14.622000
-25.250000
-10.757000
4.702100
-7.858300
-5.925900
-15.588000
-5.925900
2.769700
14.364000
10.499000
-1.095000
-4.959700
-0.128820
18.229000
11.465000
8.566800
-0.128820
3.735900
0.837360
-4.959700
-4.959700
5.668300
16.296000
3.735900
-2.061200
-0.128820
-2.061200
-24.283001
-11.723000
8.566800
12.432000
-1.095000
2.769700
6.634500
3.735900
6.634500
5.668300
1.803500
-17.520000
5.668300
24.992001
4.702100
-1.095000
-1.095000
-2.061200
-15.588000
-3.027400
5.668300
4.702100
5.668300
-5.925900
-14.622000
-5.925900
8.566800
8.566800
-2.061200
9.533000
14.364000
-0.128820
-7.858300
-1.095000
1.803500
-14.622000
-14.622000
0.837360
-8.824500
-9.790700
-6.892100
2.769700
1.803500
2.769700
3.735900
-0.128820
-6.892100
-7.858300
10.499000
8.566800
1.803500
0.837360
-5.925900
-3.993600
0.837360
9.533000
0.837360
-4.959700
4.702100
9.533000
-6.892100
-6.892100
-4.959700
-3.027400
-2.061200
5.668300
4.702100
8.566800
4.702100
0.837360
6.634500
-4.959700
-3.027400
3.735900
7.600600
-3.027400
0.837360
0.837360
2.769700
2.769700
-0.128820
1.803500
8.566800
10.499000
2.769700
-1.095000
-4.959700
-3.993600
-0.128820
-0.128820
4.702100
8.566800
5.668300
-1.095000
-3.027400
-14.622000
-18.486000
-1.095000
-0.128820
2.769700
6.634500
1.803500
-10.757000
-17.520000
-7.858300
-4.959700
8.566800
2.769700
0.837360
1.803500
-10.757000
-24.283001
-2.061200
9.533000
-0.128820
-1.095000
-0.128820
6.634500
10.499000
11.465000
3.735900
-3.993600
-4.959700
1.803500
-3.027400
-3.027400
5.668300
-10.757000
-1.095000
2.769700
-5.925900
-6.892100
-10.757000
-3.027400
-22.351000
-2.061200
28.857000
16.296000
10.499000
0.837360
-4.959700
-21.385000
-17.520000
11.465000
14.364000
15.330000
10.499000
6.634500
1.803500
-2.061200
-7.858300
6.634500
14.364000
-1.095000
9.533000
10.499000
3.735900
0.837360
-7.858300
4.702100
0.837360
-4.959700
-3.993600
-4.959700
1.803500
-3.027400
-11.723000
6.634500
13.398000
-7.858300
8.566800
16.296000
-2.061200
-5.925900
-0.128820
5.668300
-1.095000
-15.588000
-15.588000
-3.027400
-12.689000
-20.419001
-13.655000
-0.128820
8.566800
-3.027400
-3.027400
-10.757000
-16.554001
-1.095000
10.499000
6.634500
3.735900
-5.925900
-10.757000
-1.095000
-3.993600
-5.925900
-21.385000
-4.959700
14.364000
5.668300
11.465000
11.465000
12.432000
-6.892100
5.668300
30.789000
17.261999
11.465000
17.261999
14.364000
9.533000
5.668300
5.668300
-8.824500
11.465000
25.958000
4.702100
1.803500
0.837360
3.735900
-2.061200
-3.027400
-11.723000
-7.858300
-15.588000
4.702100
12.432000
7.600600
17.261999
11.465000
-2.061200
-2.061200
15.330000
13.398000
-3.027400
-13.655000
-8.824500
2.769700
7.600600
10.499000
-1.095000
-2.061200
-8.824500
-0.128820
0.837360
4.702100
9.533000
1.803500
14.364000
13.398000
-1.095000
-4.959700
-0.128820
-1.095000
1.803500
-3.027400
-1.095000
-3.027400
-21.385000
-22.351000
-27.181999
-18.486000
-8.824500
0.837360
8.566800
16.296000
13.398000
1.803500
7.600600
3.735900
-4.959700
-14.622000
6.634500
1.803500
-3.027400
-3.027400
-10.757000
-8.824500
-17.520000
-32.013000
-25.250000
-1.095000
8.566800
5.668300
9.533000
-3.993600
-14.622000
-7.858300
3.735900
3.735900
12.432000
11.465000
7.600600
6.634500
-7.858300
-23.316999
5.668300
24.025999
15.330000
-1.095000
9.533000
16.296000
-4.959700
1.803500
19.195000
15.330000
0.837360
12.432000
-0.128820
-10.757000
3.735900
4.702100
5.668300
6.634500
-13.655000
-19.452000
5.668300
5.668300
-9.790700
2.769700
10.499000
-13.655000
2.769700
8.566800
1.803500
7.600600
-11.723000
-3.027400
5.668300
1.803500
10.499000
15.330000
7.600600
-0.128820
-10.757000
-22.351000
3.735900
9.533000
-3.993600
-2.061200
-14.622000
-2.061200
-3.993600
-17.520000
-7.858300
3.735900
