-1.077400
-1.077400
-15.219000
-25.320000
-24.309999
-22.290001
-17.239000
-1.077400
7.003400
2.963000
11.044000
18.114000
9.023600
-1.077400
-8.148100
-11.178000
-19.259001
-23.299999
-24.309999
-20.268999
-13.199000
-6.127900
5.993300
11.044000
14.074000
17.104000
13.064000
5.993300
-0.067340
-12.189000
-19.259001
-21.278999
-22.290001
-19.259001
-13.199000
-6.127900
0.942760
15.084000
12.054000
-4.107700
-6.127900
-6.127900
-6.127900
-13.199000
-22.290001
-24.309999
-26.330000
-21.278999
-14.209000
-7.138000
2.963000
20.135000
26.195000
18.114000
14.074000
11.044000
1.952900
-9.158200
-15.219000
-16.229000
-15.219000
-13.199000
-3.097600
-7.138000
-15.219000
-9.158200
-2.087500
-0.067340
0.942760
-3.097600
-6.127900
-7.138000
-18.249001
-23.299999
-19.259001
-20.268999
-21.278999
-15.219000
-5.117800
4.983200
16.094000
16.094000
16.094000
13.064000
2.963000
0.942760
-2.087500
-10.168000
-16.229000
-19.259001
-23.299999
-23.299999
-16.229000
2.963000
13.064000
7.003400
0.942760
-4.107700
-3.097600
-1.077400
1.952900
-0.067340
-1.077400
0.942760
-0.067340
7.003400
10.034000
17.104000
31.246000
32.256001
22.155001
12.054000
14.074000
9.023600
0.942760
-0.067340
-5.117800
-4.107700
-6.127900
-6.127900
-3.097600
-5.117800
-1.077400
2.963000
3.973100
10.034000
7.003400
2.963000
0.942760
0.942760
-1.077400
0.942760
3.973100
-3.097600
-3.097600
0.942760
1.952900
-1.077400
-0.067340
-0.067340
-0.067340
-6.127900
-7.138000
-5.117800
-6.127900
-10.168000
-9.158200
0.942760
10.034000
17.104000
16.094000
2.963000
-8.148100
-7.138000
-6.127900
-6.127900
-5.117800
-10.168000
-14.209000
-5.117800
-7.138000
-14.209000
-12.189000
-10.168000
-5.117800
5.993300
11.044000
7.003400
2.963000
-6.127900
-3.097600
-5.117800
-14.209000
-14.209000
-10.168000
-12.189000
-8.148100
-7.138000
-9.158200
-4.107700
-3.097600
-8.148100
-8.148100
-6.127900
-10.168000
-21.278999
-22.290001
-14.209000
-10.168000
-7.138000
2.963000
13.064000
13.064000
11.044000
11.044000
7.003400
5.993300
2.963000
0.942760
-4.107700
-13.199000
-18.249001
-15.219000
-14.209000
-9.158200
-2.087500
7.003400
12.054000
14.074000
16.094000
13.064000
9.023600
9.023600
9.023600
2.963000
1.952900
-1.077400
-4.107700
-3.097600
-5.117800
-7.138000
-8.148100
-5.117800
-0.067340
7.003400
10.034000
10.034000
5.993300
8.013500
9.023600
1.952900
-2.087500
-0.067340
1.952900
4.983200
9.023600
4.983200
2.963000
5.993300
10.034000
12.054000
14.074000
16.094000
14.074000
4.983200
-2.087500
1.952900
12.054000
10.034000
4.983200
2.963000
4.983200
7.003400
9.023600
2.963000
1.952900
-1.077400
-1.077400
5.993300
13.064000
15.084000
16.094000
21.145000
21.145000
9.023600
7.003400
9.023600
10.034000
13.064000
17.104000
21.145000
16.094000
14.074000
16.094000
10.034000
-0.067340
-3.097600
-7.138000
-3.097600
2.963000
1.952900
5.993300
9.023600
4.983200
8.013500
17.104000
22.155001
15.084000
13.064000
14.074000
14.074000
13.064000
4.983200
9.023600
15.084000
10.034000
10.034000
5.993300
1.952900
2.963000
12.054000
22.155001
23.165001
17.104000
18.114000
14.074000
8.013500
13.064000
9.023600
4.983200
0.942760
-4.107700
-1.077400
-1.077400
0.942760
7.003400
7.003400
8.013500
9.023600
10.034000
7.003400
7.003400
-1.077400
-1.077400
5.993300
1.952900
-5.117800
-10.168000
-14.209000
-10.168000
-0.067340
4.983200
0.942760
10.034000
16.094000
11.044000
4.983200
-2.087500
-3.097600
1.952900
0.942760
-6.127900
-11.178000
-11.178000
-14.209000
-10.168000
3.973100
11.044000
14.074000
21.145000
8.013500
-3.097600
-2.087500
-1.077400
-5.117800
-5.117800
-5.117800
-14.209000
-12.189000
-3.097600
4.983200
12.054000
11.044000
7.003400
11.044000
11.044000
8.013500
7.003400
10.034000
10.034000
7.003400
1.952900
-4.107700
-4.107700
1.952900
5.993300
8.013500
5.993300
1.952900
-4.107700
-3.097600
-2.087500
-6.127900
-2.087500
4.983200
7.003400
1.952900
-1.077400
2.963000
9.023600
9.023600
10.034000
16.094000
17.104000
13.064000
7.003400
2.963000
-3.097600
-6.127900
-6.127900
0.942760
4.983200
3.973100
1.952900
0.942760
-2.087500
-3.097600
-2.087500
1.952900
4.983200
11.044000
11.044000
10.034000
9.023600
5.993300
4.983200
3.973100
7.003400
10.034000
9.023600
7.003400
1.952900
-1.077400
-1.077400
-0.067340
-4.107700
-4.107700
-8.148100
-10.168000
-5.117800
-1.077400
8.013500
8.013500
2.963000
-4.107700
-3.097600
-0.067340
-0.067340
1.952900
5.993300
2.963000
2.963000
-3.097600
-6.127900
-0.067340
8.013500
14.074000
13.064000
15.084000
11.044000
11.044000
7.003400
4.983200
12.054000
13.064000
9.023600
14.074000
18.114000
20.135000
13.064000
9.023600
13.064000
9.023600
2.963000
7.003400
12.054000
11.044000
9.023600
2.963000
-2.087500
5.993300
12.054000
12.054000
16.094000
16.094000
8.013500
-0.067340
-3.097600
-6.127900
-7.138000
-5.117800
-13.199000
-17.239000
-10.168000
1.952900
14.074000
22.155001
19.125000
8.013500
-4.107700
-10.168000
-12.189000
-15.219000
-16.229000
-19.259001
-21.278999
-20.268999
-16.229000
-7.138000
2.963000
12.054000
16.094000
12.054000
8.013500
-3.097600
-9.158200
-14.209000
-16.229000
-16.229000
-18.249001
-26.330000
-24.309999
-9.158200
3.973100
16.094000
17.104000
13.064000
10.034000
13.064000
5.993300
3.973100
2.963000
-3.097600
-8.148100
-14.209000
-12.189000
-3.097600
4.983200
15.084000
20.135000
19.125000
14.074000
17.104000
13.064000
0.942760
-0.067340
-3.097600
-13.199000
-20.268999
-15.219000
0.942760
17.104000
16.094000
12.054000
10.034000
4.983200
5.993300
8.013500
2.963000
-2.087500
-10.168000
-14.209000
-17.239000
-15.219000
-7.138000
4.983200
13.064000
13.064000
15.084000
13.064000
1.952900
0.942760
3.973100
1.952900
-4.107700
-10.168000
-12.189000
-8.148100
0.942760
5.993300
17.104000
22.155001
17.104000
16.094000
12.054000
9.023600
-1.077400
-10.168000
-6.127900
-3.097600
1.952900
-3.097600
-4.107700
1.952900
7.003400
10.034000
8.013500
8.013500
2.963000
-4.107700
-3.097600
-0.067340
2.963000
5.993300
4.983200
0.942760
4.983200
15.084000
24.174999
28.215000
21.145000
4.983200
-5.117800
-12.189000
-21.278999
-26.330000
-26.330000
-26.330000
-24.309999
-20.268999
-18.249001
-10.168000
8.013500
16.094000
15.084000
12.054000
8.013500
2.963000
-7.138000
-11.178000
-10.168000
-12.189000
-18.249001
-23.299999
-19.259001
-17.239000
-14.209000
4.983200
10.034000
15.084000
16.094000
12.054000
8.013500
7.003400
4.983200
1.952900
-5.117800
-12.189000
-10.168000
-13.199000
-14.209000
-10.168000
-0.067340
3.973100
2.963000
0.942760
-4.107700
-11.178000
-15.219000
-22.290001
-27.340000
-29.360001
-25.320000
-20.268999
-16.229000
-9.158200
-3.097600
-2.087500
-4.107700
-7.138000
-10.168000
-12.189000
-18.249001
-20.268999
-21.278999
-14.209000
-9.158200
-10.168000
-9.158200
-8.148100
-10.168000
-9.158200
-8.148100
-7.138000
-6.127900
-5.117800
-2.087500
-1.077400
-0.067340
-3.097600
-4.107700
-5.117800
-5.117800
-9.158200
-12.189000
-8.148100
-5.117800
-10.168000
-13.199000
-12.189000
-7.138000
0.942760
3.973100
4.983200
-1.077400
-2.087500
-1.077400
2.963000
11.044000
11.044000
3.973100
0.942760
-1.077400
0.942760
-0.067340
-2.087500
-0.067340
-5.117800
-4.107700
3.973100
9.023600
15.084000
16.094000
16.094000
16.094000
16.094000
14.074000
14.074000
12.054000
9.023600
8.013500
0.942760
-0.067340
8.013500
18.114000
27.205000
33.265999
29.226000
12.054000
9.023600
16.094000
7.003400
4.983200
7.003400
5.993300
-0.067340
-0.067340
-4.107700
-2.087500
11.044000
18.114000
20.135000
16.094000
8.013500
11.044000
10.034000
8.013500
4.983200
-2.087500
-7.138000
-7.138000
-6.127900
-4.107700
3.973100
10.034000
13.064000
13.064000
10.034000
7.003400
2.963000
0.942760
-10.168000
-17.239000
-19.259001
-25.320000
-23.299999
-21.278999
-20.268999
-10.168000
-1.077400
1.952900
4.983200
9.023600
9.023600
1.952900
-3.097600
-2.087500
-1.077400
-3.097600
-4.107700
-9.158200
-12.189000
-9.158200
-7.138000
-1.077400
2.963000
7.003400
11.044000
8.013500
2.963000
-1.077400
-1.077400
-8.148100
-10.168000
-9.158200
-11.178000
-6.127900
10.034000
23.165001
23.165001
16.094000
18.114000
26.195000
25.184999
20.135000
14.074000
10.034000
9.023600
8.013500
5.993300
4.983200
3.973100
5.993300
5.993300
7.003400
9.023600
5.993300
11.044000
11.044000
4.983200
9.023600
5.993300
-0.067340
3.973100
5.993300
8.013500
15.084000
13.064000
11.044000
8.013500
10.034000
12.054000
4.983200
-0.067340
-1.077400
-4.107700
-3.097600
2.963000
9.023600
18.114000
23.165001
22.155001
19.125000
18.114000
21.145000
21.145000
9.023600
5.993300
4.983200
-4.107700
-10.168000
-10.168000
-6.127900
2.963000
3.973100
5.993300
10.034000
7.003400
-5.117800
-8.148100
-10.168000
-19.259001
-16.229000
-10.168000
-6.127900
-0.067340
1.952900
2.963000
-3.097600
-4.107700
0.942760
3.973100
3.973100
-1.077400
-0.067340
-4.107700
-10.168000
-8.148100
-3.097600
3.973100
1.952900
5.993300
12.054000
14.074000
14.074000
17.104000
4.983200
-2.087500
5.993300
8.013500
5.993300
7.003400
7.003400
0.942760
-0.067340
8.013500
10.034000
8.013500
9.023600
10.034000
8.013500
-0.067340
7.003400
16.094000
14.074000
11.044000
8.013500
3.973100
0.942760
4.983200
8.013500
5.993300
4.983200
8.013500
12.054000
13.064000
9.023600
11.044000
4.983200
-1.077400
-5.117800
-4.107700
-3.097600
-6.127900
-7.138000
-4.107700
1.952900
2.963000
3.973100
3.973100
-1.077400
-8.148100
-10.168000
-8.148100
-6.127900
-7.138000
-15.219000
-12.189000
-9.158200
-17.239000
-18.249001
-21.278999
-21.278999
-16.229000
-7.138000
-4.107700
-7.138000
-3.097600
-3.097600
-4.107700
1.952900
-3.097600
-9.158200
-6.127900
-6.127900
-3.097600
-3.097600
-9.158200
-7.138000
-4.107700
-9.158200
-11.178000
-8.148100
-13.199000
-16.229000
-19.259001
-13.199000
-6.127900
0.942760
10.034000
15.084000
12.054000
4.983200
-3.097600
1.952900
8.013500
7.003400
2.963000
-2.087500
-13.199000
-12.189000
-4.107700
0.942760
2.963000
2.963000
8.013500
9.023600
4.983200
7.003400
-0.067340
-7.138000
-10.168000
-14.209000
-11.178000
-7.138000
-7.138000
-9.158200
-9.158200
-3.097600
2.963000
11.044000
0.942760
-9.158200
-6.127900
-3.097600
2.963000
2.963000
3.973100
2.963000
-9.158200
-6.127900
5.993300
11.044000
11.044000
4.983200
2.963000
-0.067340
-6.127900
-0.067340
10.034000
5.993300
-5.117800
-12.189000
-6.127900
