-5.117800
-2.087500
-11.178000
-16.229000
-16.229000
-13.199000
-9.158200
-2.087500
2.963000
-1.077400
-0.067340
1.952900
-5.117800
-13.199000
-16.229000
-15.219000
-19.259001
-20.268999
-19.259001
-17.239000
-13.199000
-8.148100
-3.097600
-4.107700
-5.117800
-4.107700
-8.148100
-14.209000
-16.229000
-22.290001
-25.320000
-25.320000
-25.320000
-20.268999
-14.209000
-12.189000
-12.189000
-5.117800
-5.117800
-15.219000
-19.259001
-22.290001
-20.268999
-23.299999
-26.330000
-26.330000
-25.320000
-20.268999
-13.199000
-11.178000
-9.158200
-4.107700
-1.077400
-4.107700
-8.148100
-12.189000
-19.259001
-24.309999
-25.320000
-24.309999
-19.259001
-16.229000
-9.158200
-10.168000
-14.209000
-10.168000
-9.158200
-11.178000
-13.199000
-17.239000
-20.268999
-22.290001
-24.309999
-23.299999
-19.259001
-16.229000
-11.178000
-5.117800
-1.077400
1.952900
5.993300
5.993300
5.993300
3.973100
-3.097600
-4.107700
-5.117800
-6.127900
-5.117800
-4.107700
-6.127900
-3.097600
2.963000
12.054000
11.044000
2.963000
-0.067340
-1.077400
0.942760
0.942760
2.963000
3.973100
2.963000
7.003400
11.044000
18.114000
20.135000
19.125000
22.155001
17.104000
7.003400
1.952900
5.993300
7.003400
4.983200
4.983200
3.973100
5.993300
8.013500
9.023600
12.054000
11.044000
9.023600
4.983200
2.963000
4.983200
4.983200
4.983200
3.973100
4.983200
7.003400
7.003400
10.034000
10.034000
15.084000
19.125000
16.094000
7.003400
2.963000
0.942760
1.952900
1.952900
-2.087500
-3.097600
0.942760
1.952900
7.003400
12.054000
15.084000
19.125000
20.135000
12.054000
3.973100
2.963000
0.942760
1.952900
1.952900
-1.077400
0.942760
8.013500
11.044000
5.993300
3.973100
4.983200
8.013500
11.044000
11.044000
4.983200
1.952900
-3.097600
-0.067340
0.942760
-2.087500
-1.077400
0.942760
0.942760
5.993300
7.003400
1.952900
0.942760
0.942760
-2.087500
-1.077400
1.952900
0.942760
-2.087500
-3.097600
0.942760
3.973100
4.983200
8.013500
9.023600
5.993300
2.963000
-0.067340
0.942760
4.983200
5.993300
4.983200
4.983200
2.963000
1.952900
5.993300
5.993300
4.983200
4.983200
5.993300
3.973100
1.952900
3.973100
5.993300
4.983200
4.983200
7.003400
7.003400
7.003400
5.993300
4.983200
3.973100
3.973100
1.952900
-2.087500
-4.107700
-1.077400
-0.067340
1.952900
1.952900
0.942760
3.973100
7.003400
9.023600
7.003400
4.983200
4.983200
2.963000
-1.077400
-7.138000
-7.138000
-4.107700
-1.077400
0.942760
-1.077400
2.963000
8.013500
7.003400
2.963000
1.952900
5.993300
4.983200
-0.067340
-3.097600
-1.077400
1.952900
5.993300
3.973100
2.963000
4.983200
7.003400
11.044000
14.074000
14.074000
7.003400
4.983200
5.993300
1.952900
-1.077400
-2.087500
-1.077400
5.993300
13.064000
19.125000
17.104000
17.104000
19.125000
15.084000
9.023600
3.973100
-3.097600
-4.107700
-4.107700
-7.138000
-5.117800
0.942760
0.942760
4.983200
11.044000
13.064000
9.023600
8.013500
9.023600
9.023600
7.003400
-1.077400
-1.077400
2.963000
3.973100
4.983200
4.983200
5.993300
7.003400
10.034000
12.054000
9.023600
1.952900
2.963000
0.942760
-4.107700
-4.107700
-2.087500
0.942760
1.952900
2.963000
5.993300
4.983200
3.973100
7.003400
7.003400
7.003400
5.993300
-3.097600
-5.117800
-3.097600
-10.168000
-13.199000
-7.138000
-6.127900
-2.087500
-0.067340
0.942760
1.952900
5.993300
7.003400
2.963000
1.952900
-0.067340
-5.117800
-8.148100
-9.158200
-5.117800
2.963000
4.983200
1.952900
4.983200
11.044000
9.023600
4.983200
2.963000
2.963000
2.963000
8.013500
1.952900
-5.117800
-5.117800
-4.107700
-2.087500
4.983200
10.034000
7.003400
5.993300
5.993300
4.983200
4.983200
0.942760
0.942760
3.973100
1.952900
-0.067340
0.942760
12.054000
22.155001
26.195000
21.145000
8.013500
7.003400
15.084000
19.125000
21.145000
18.114000
10.034000
4.983200
4.983200
3.973100
0.942760
3.973100
5.993300
5.993300
7.003400
7.003400
11.044000
12.054000
4.983200
0.942760
3.973100
4.983200
4.983200
3.973100
1.952900
-4.107700
-4.107700
-4.107700
-5.117800
-4.107700
-2.087500
-2.087500
-3.097600
-1.077400
-2.087500
-3.097600
-4.107700
-4.107700
-1.077400
1.952900
0.942760
0.942760
-1.077400
-1.077400
-1.077400
1.952900
3.973100
3.973100
2.963000
3.973100
1.952900
0.942760
3.973100
1.952900
-1.077400
-2.087500
-4.107700
-3.097600
-0.067340
4.983200
4.983200
1.952900
-0.067340
0.942760
1.952900
0.942760
0.942760
-1.077400
-2.087500
-1.077400
-0.067340
2.963000
2.963000
3.973100
5.993300
4.983200
7.003400
9.023600
10.034000
5.993300
2.963000
5.993300
5.993300
2.963000
3.973100
3.973100
0.942760
0.942760
3.973100
5.993300
1.952900
-0.067340
0.942760
2.963000
5.993300
9.023600
5.993300
3.973100
9.023600
9.023600
3.973100
3.973100
9.023600
5.993300
0.942760
0.942760
0.942760
-1.077400
1.952900
1.952900
-0.067340
0.942760
7.003400
8.013500
8.013500
5.993300
-1.077400
-7.138000
-6.127900
-6.127900
-8.148100
-7.138000
-9.158200
-6.127900
-1.077400
3.973100
7.003400
5.993300
5.993300
3.973100
1.952900
1.952900
-2.087500
-3.097600
-3.097600
-4.107700
-7.138000
-7.138000
-4.107700
0.942760
5.993300
12.054000
17.104000
16.094000
9.023600
5.993300
8.013500
3.973100
3.973100
3.973100
2.963000
3.973100
-1.077400
-2.087500
3.973100
4.983200
8.013500
10.034000
7.003400
2.963000
8.013500
9.023600
0.942760
-0.067340
1.952900
0.942760
-1.077400
-0.067340
5.993300
13.064000
11.044000
4.983200
0.942760
-3.097600
-2.087500
0.942760
-1.077400
-2.087500
-5.117800
-8.148100
-9.158200
-5.117800
0.942760
9.023600
9.023600
4.983200
3.973100
1.952900
-3.097600
-4.107700
-5.117800
-6.127900
-4.107700
-1.077400
1.952900
7.003400
8.013500
9.023600
12.054000
12.054000
11.044000
11.044000
7.003400
5.993300
2.963000
-0.067340
1.952900
5.993300
11.044000
16.094000
20.135000
20.135000
15.084000
9.023600
3.973100
4.983200
7.003400
3.973100
3.973100
4.983200
8.013500
13.064000
16.094000
16.094000
19.125000
23.165001
23.165001
20.135000
14.074000
3.973100
-3.097600
-9.158200
-15.219000
-16.229000
-13.199000
-8.148100
-4.107700
2.963000
5.993300
7.003400
12.054000
12.054000
10.034000
4.983200
-1.077400
-3.097600
-8.148100
-8.148100
-4.107700
-3.097600
-5.117800
-5.117800
-0.067340
-0.067340
-3.097600
2.963000
0.942760
-0.067340
-1.077400
-4.107700
-10.168000
-14.209000
-14.209000
-12.189000
-12.189000
-12.189000
-11.178000
-8.148100
-5.117800
-7.138000
-7.138000
-6.127900
-6.127900
-7.138000
-9.158200
-14.209000
-15.219000
-16.229000
-15.219000
-14.209000
-14.209000
-14.209000
-10.168000
-6.127900
-6.127900
-10.168000
-12.189000
-11.178000
-10.168000
-10.168000
-13.199000
-12.189000
-10.168000
-3.097600
1.952900
-0.067340
-4.107700
-8.148100
-11.178000
-10.168000
-9.158200
-6.127900
-1.077400
-0.067340
1.952900
3.973100
7.003400
8.013500
9.023600
7.003400
4.983200
1.952900
-1.077400
-3.097600
-3.097600
-3.097600
-5.117800
-4.107700
2.963000
13.064000
17.104000
17.104000
11.044000
9.023600
5.993300
1.952900
2.963000
5.993300
3.973100
1.952900
0.942760
0.942760
1.952900
4.983200
9.023600
8.013500
9.023600
13.064000
14.074000
13.064000
10.034000
8.013500
9.023600
8.013500
7.003400
7.003400
8.013500
7.003400
8.013500
7.003400
7.003400
10.034000
12.054000
12.054000
16.094000
15.084000
3.973100
0.942760
5.993300
-0.067340
0.942760
7.003400
8.013500
8.013500
11.044000
7.003400
2.963000
5.993300
9.023600
10.034000
5.993300
-0.067340
-0.067340
-4.107700
-11.178000
-11.178000
-9.158200
-9.158200
-7.138000
-4.107700
-6.127900
-4.107700
-1.077400
-1.077400
-3.097600
-4.107700
-5.117800
-7.138000
-7.138000
-15.219000
-18.249001
-18.249001
-20.268999
-17.239000
-16.229000
-16.229000
-14.209000
-10.168000
-9.158200
-7.138000
-5.117800
-5.117800
-7.138000
-10.168000
-9.158200
-7.138000
-6.127900
-4.107700
-8.148100
-13.199000
-13.199000
-10.168000
-8.148100
-6.127900
-1.077400
1.952900
0.942760
0.942760
-0.067340
-1.077400
-3.097600
-3.097600
-6.127900
-9.158200
-7.138000
-1.077400
2.963000
1.952900
-1.077400
1.952900
5.993300
7.003400
11.044000
11.044000
11.044000
10.034000
3.973100
-1.077400
-4.107700
-6.127900
-3.097600
-1.077400
-1.077400
-0.067340
-1.077400
2.963000
8.013500
5.993300
8.013500
7.003400
4.983200
7.003400
4.983200
0.942760
1.952900
0.942760
-0.067340
-4.107700
-6.127900
-4.107700
-5.117800
-5.117800
-1.077400
-2.087500
-3.097600
-0.067340
0.942760
1.952900
2.963000
1.952900
-1.077400
-2.087500
0.942760
-2.087500
-8.148100
-10.168000
-8.148100
-8.148100
-7.138000
-5.117800
-8.148100
-10.168000
-15.219000
-19.259001
-16.229000
-13.199000
-16.229000
-16.229000
-16.229000
-23.299999
-21.278999
-14.209000
-8.148100
-6.127900
-8.148100
-11.178000
-16.229000
-19.259001
-16.229000
-13.199000
-12.189000
-12.189000
-10.168000
-10.168000
-9.158200
-9.158200
-6.127900
-1.077400
2.963000
8.013500
9.023600
5.993300
7.003400
7.003400
-0.067340
-5.117800
-3.097600
-1.077400
-0.067340
5.993300
9.023600
10.034000
12.054000
14.074000
16.094000
15.084000
14.074000
14.074000
10.034000
7.003400
10.034000
15.084000
17.104000
18.114000
16.094000
11.044000
11.044000
13.064000
13.064000
13.064000
13.064000
15.084000
16.094000
15.084000
16.094000
19.125000
17.104000
12.054000
10.034000
11.044000
15.084000
16.094000
15.084000
12.054000
10.034000
10.034000
9.023600
8.013500
7.003400
3.973100
3.973100
7.003400
9.023600
9.023600
10.034000
16.094000
15.084000
7.003400
4.983200
0.942760
-3.097600
-4.107700
-0.067340
1.952900
0.942760
3.973100
7.003400
11.044000
17.104000
15.084000
12.054000
12.054000
10.034000
9.023600
4.983200
-0.067340
-1.077400
1.952900
0.942760
0.942760
5.993300
4.983200
1.952900
5.993300
13.064000
14.074000
11.044000
12.054000
11.044000
4.983200
-0.067340
-3.097600
0.942760
3.973100
2.963000
0.942760
-2.087500
-1.077400
7.003400
13.064000
16.094000
14.074000
10.034000
8.013500
5.993300
-0.067340
-1.077400
-4.107700
-8.148100
-9.158200
-5.117800
-1.077400
5.993300
4.983200
0.942760
0.942760
5.993300
9.023600
13.064000
8.013500
-1.077400
-3.097600
-3.097600
-3.097600
-6.127900
-8.148100
-4.107700
-6.127900
-1.077400
3.973100
1.952900
-2.087500
-9.158200
-8.148100
-9.158200
-16.229000
-15.219000
-12.189000
-10.168000
-14.209000
-16.229000
-9.158200
