-5.041500
-14.992000
-8.026500
6.898800
15.854000
2.918700
-0.066340
3.913800
-5.041500
-14.992000
-12.007000
-11.012000
-15.987000
-18.972000
-14.992000
-12.007000
-13.997000
-16.982000
-8.026500
-1.061400
-1.061400
-1.061400
-5.041500
-12.007000
-9.021600
-8.026500
-11.012000
-9.021600
-7.031500
-9.021600
-7.031500
-6.036500
-7.031500
1.923700
-4.046400
-1.061400
3.913800
11.874000
8.888900
0.928690
1.923700
0.928690
5.903800
4.908800
-3.051400
-3.051400
-6.036500
-19.966999
-12.007000
-4.046400
-10.017000
-1.061400
-7.031500
-8.026500
0.928690
3.913800
11.874000
10.879000
3.913800
-5.041500
-7.031500
-9.021600
-11.012000
-12.007000
-10.017000
3.913800
10.879000
11.874000
13.864000
11.874000
10.879000
-3.051400
-9.021600
-10.017000
-5.041500
-0.066340
1.923700
8.888900
2.918700
14.859000
30.778999
22.819000
22.819000
6.898800
-2.056400
5.903800
0.928690
-1.061400
-1.061400
-1.061400
5.903800
2.918700
0.928690
17.844000
19.834000
7.893900
7.893900
5.903800
11.874000
5.903800
6.898800
4.908800
8.888900
15.854000
7.893900
15.854000
24.809000
21.823999
15.854000
11.874000
10.879000
8.888900
8.888900
4.908800
2.918700
6.898800
5.903800
15.854000
12.869000
9.883900
20.829000
18.839001
9.883900
2.918700
-4.046400
1.923700
6.898800
11.874000
10.879000
14.859000
-3.051400
7.893900
22.819000
5.903800
1.923700
-0.066340
2.918700
3.913800
9.883900
9.883900
7.893900
-3.051400
-16.982000
-5.041500
8.888900
12.869000
15.854000
18.839001
15.854000
6.898800
-5.041500
-14.992000
-11.012000
-5.041500
1.923700
8.888900
-1.061400
-4.046400
0.928690
2.918700
-0.066340
0.928690
-1.061400
0.928690
-3.051400
-3.051400
4.908800
7.893900
10.879000
-4.046400
8.888900
8.888900
-8.026500
-3.051400
-2.056400
-1.061400
0.928690
-10.017000
-17.976999
-13.997000
-0.066340
8.888900
3.913800
4.908800
0.928690
-7.031500
-11.012000
-1.061400
2.918700
-8.026500
13.864000
19.834000
12.869000
14.859000
7.893900
6.898800
2.918700
-1.061400
2.918700
3.913800
-0.066340
-6.036500
4.908800
17.844000
28.789000
18.839001
10.879000
7.893900
8.888900
4.908800
1.923700
-4.046400
-14.992000
-1.061400
8.888900
8.888900
8.888900
13.864000
11.874000
5.903800
7.893900
8.888900
4.908800
6.898800
-6.036500
2.918700
14.859000
10.879000
13.864000
15.854000
15.854000
13.864000
8.888900
10.879000
1.923700
-0.066340
-2.056400
-11.012000
-0.066340
8.888900
2.918700
6.898800
4.908800
4.908800
-0.066340
-0.066340
4.908800
12.869000
17.844000
1.923700
-12.007000
-3.051400
1.923700
0.928690
1.923700
1.923700
10.879000
9.883900
16.849001
18.839001
11.874000
0.928690
-4.046400
-1.061400
6.898800
20.829000
12.869000
7.893900
4.908800
3.913800
-1.061400
-1.061400
-0.066340
6.898800
8.888900
-0.066340
9.883900
15.854000
12.869000
2.918700
-3.051400
2.918700
9.883900
8.888900
10.879000
11.874000
8.888900
5.903800
10.879000
6.898800
0.928690
0.928690
-3.051400
-2.056400
-1.061400
-12.007000
-22.952000
-12.007000
-9.021600
-11.012000
2.918700
18.839001
21.823999
12.869000
10.879000
4.908800
0.928690
1.923700
-2.056400
-4.046400
-10.017000
-30.912001
-22.952000
-7.031500
-4.046400
13.864000
14.859000
13.864000
11.874000
8.888900
6.898800
6.898800
1.923700
0.928690
6.898800
1.923700
-10.017000
-18.972000
-15.987000
-13.997000
-7.031500
0.928690
-0.066340
13.864000
11.874000
1.923700
-10.017000
-15.987000
-20.962000
-17.976999
-13.002000
-19.966999
-6.036500
-0.066340
-5.041500
4.908800
0.928690
-0.066340
-0.066340
2.918700
-1.061400
-8.026500
-8.026500
-5.041500
-6.036500
0.928690
-4.046400
-31.907000
-18.972000
-0.066340
3.913800
9.883900
-1.061400
-3.051400
-5.041500
-10.017000
-7.031500
-5.041500
-13.997000
-6.036500
2.918700
3.913800
3.913800
2.918700
-3.051400
0.928690
1.923700
-0.066340
0.928690
-1.061400
-7.031500
-8.026500
5.903800
9.883900
3.913800
15.854000
16.849001
22.819000
15.854000
7.893900
4.908800
4.908800
8.888900
11.874000
-4.046400
-4.046400
7.893900
5.903800
8.888900
15.854000
18.839001
24.809000
26.799000
24.809000
19.834000
7.893900
-2.056400
7.893900
11.874000
8.888900
9.883900
6.898800
10.879000
15.854000
20.829000
17.844000
11.874000
2.918700
3.913800
9.883900
10.879000
-6.036500
-13.002000
-8.026500
3.913800
3.913800
10.879000
14.859000
3.913800
8.888900
9.883900
9.883900
-5.041500
-18.972000
-17.976999
-21.957001
-19.966999
-11.012000
-0.066340
3.913800
5.903800
21.823999
15.854000
1.923700
2.918700
-2.056400
-0.066340
-5.041500
-5.041500
-8.026500
-9.021600
-17.976999
-2.056400
16.849001
28.789000
19.834000
13.864000
16.849001
8.888900
2.918700
-3.051400
-5.041500
-14.992000
-11.012000
6.898800
-0.066340
-7.031500
-7.031500
-4.046400
-4.046400
1.923700
3.913800
4.908800
-1.061400
7.893900
20.829000
4.908800
-5.041500
-3.051400
-1.061400
8.888900
3.913800
0.928690
1.923700
4.908800
-0.066340
-4.046400
5.903800
1.923700
-8.026500
-8.026500
-12.007000
-13.997000
-6.036500
-3.051400
-7.031500
-11.012000
-23.947001
-16.982000
0.928690
-4.046400
-8.026500
-4.046400
-6.036500
-9.021600
-13.997000
-14.992000
-19.966999
-20.962000
-7.031500
5.903800
-0.066340
-1.061400
-9.021600
-9.021600
-10.017000
-9.021600
-10.017000
-4.046400
-8.026500
-5.041500
-4.046400
-13.997000
-3.051400
-1.061400
-5.041500
-2.056400
-9.021600
-8.026500
4.908800
4.908800
-3.051400
-0.066340
-1.061400
-7.031500
-6.036500
-4.046400
-0.066340
-2.056400
-2.056400
5.903800
7.893900
1.923700
-5.041500
-2.056400
-2.056400
1.923700
14.859000
2.918700
-19.966999
-12.007000
1.923700
8.888900
8.888900
10.879000
14.859000
14.859000
1.923700
-0.066340
2.918700
-5.041500
-4.046400
-7.031500
-13.002000
-8.026500
-3.051400
-1.061400
10.879000
15.854000
19.834000
15.854000
14.859000
5.903800
3.913800
3.913800
0.928690
-7.031500
-9.021600
-0.066340
-2.056400
-4.046400
-9.021600
-6.036500
-1.061400
5.903800
7.893900
4.908800
5.903800
1.923700
-5.041500
-1.061400
-6.036500
-13.002000
-9.021600
-8.026500
-5.041500
1.923700
2.918700
5.903800
8.888900
6.898800
-0.066340
3.913800
-3.051400
-13.997000
-15.987000
-13.997000
-13.002000
-15.987000
-12.007000
-12.007000
-11.012000
1.923700
6.898800
10.879000
13.864000
12.869000
6.898800
0.928690
-3.051400
-5.041500
-7.031500
-9.021600
-15.987000
-4.046400
-9.021600
-14.992000
-4.046400
-5.041500
0.928690
3.913800
1.923700
0.928690
-0.066340
-1.061400
1.923700
-6.036500
-9.021600
3.913800
8.888900
-0.066340
-1.061400
1.923700
-3.051400
-5.041500
-1.061400
3.913800
-0.066340
-1.061400
-4.046400
-10.017000
-12.007000
-10.017000
-3.051400
2.918700
0.928690
-1.061400
-9.021600
-8.026500
-6.036500
-12.007000
-9.021600
-5.041500
-11.012000
-15.987000
-10.017000
-13.997000
-10.017000
-3.051400
1.923700
-0.066340
1.923700
1.923700
-0.066340
-3.051400
-10.017000
-12.007000
-12.007000
-10.017000
-16.982000
-19.966999
-8.026500
-3.051400
-7.031500
-10.017000
-11.012000
-1.061400
4.908800
-2.056400
-6.036500
-11.012000
-8.026500
-6.036500
-2.056400
-1.061400
8.888900
-1.061400
-4.046400
4.908800
7.893900
3.913800
1.923700
3.913800
7.893900
1.923700
-1.061400
-8.026500
2.918700
10.879000
12.869000
5.903800
1.923700
5.903800
2.918700
2.918700
0.928690
4.908800
5.903800
-0.066340
2.918700
4.908800
4.908800
9.883900
5.903800
16.849001
25.804001
23.813999
10.879000
2.918700
10.879000
15.854000
12.869000
12.869000
9.883900
3.913800
-4.046400
-2.056400
5.903800
14.859000
28.789000
25.804001
6.898800
8.888900
11.874000
13.864000
14.859000
10.879000
11.874000
10.879000
7.893900
9.883900
12.869000
9.883900
7.893900
7.893900
12.869000
9.883900
5.903800
-5.041500
4.908800
13.864000
1.923700
1.923700
-3.051400
-8.026500
-5.041500
-7.031500
-4.046400
6.898800
2.918700
-5.041500
-2.056400
1.923700
-7.031500
-3.051400
4.908800
4.908800
-1.061400
-0.066340
-0.066340
0.928690
1.923700
7.893900
9.883900
15.854000
9.883900
8.888900
3.913800
13.864000
12.869000
5.903800
4.908800
2.918700
5.903800
10.879000
11.874000
14.859000
20.829000
29.784000
26.799000
12.869000
-1.061400
11.874000
22.819000
19.834000
11.874000
11.874000
4.908800
10.879000
16.849001
21.823999
26.799000
15.854000
11.874000
10.879000
2.918700
6.898800
7.893900
2.918700
5.903800
7.893900
12.869000
9.883900
10.879000
15.854000
7.893900
6.898800
13.864000
0.928690
0.928690
2.918700
4.908800
0.928690
-0.066340
2.918700
1.923700
-2.056400
-0.066340
11.874000
23.813999
19.834000
11.874000
9.883900
11.874000
16.849001
16.849001
13.864000
0.928690
4.908800
4.908800
-4.046400
-4.046400
2.918700
8.888900
4.908800
4.908800
9.883900
5.903800
5.903800
6.898800
6.898800
-13.997000
-8.026500
-5.041500
-14.992000
-1.061400
6.898800
11.874000
12.869000
12.869000
10.879000
-3.051400
8.888900
11.874000
7.893900
0.928690
-8.026500
-4.046400
-7.031500
-12.007000
-9.021600
-1.061400
8.888900
1.923700
12.869000
25.804001
13.864000
5.903800
7.893900
7.893900
5.903800
7.893900
-0.066340
-7.031500
-3.051400
-15.987000
-3.051400
6.898800
-2.056400
-5.041500
-10.017000
-12.007000
-2.056400
1.923700
-7.031500
-15.987000
-10.017000
-11.012000
-12.007000
1.923700
7.893900
-0.066340
-1.061400
-4.046400
3.913800
-1.061400
-11.012000
-14.992000
-18.972000
-15.987000
-15.987000
-25.937000
-11.012000
-4.046400
-7.031500
-3.051400
-5.041500
-6.036500
-9.021600
-6.036500
-9.021600
-11.012000
-1.061400
-19.966999
-23.947001
-14.992000
-19.966999
-19.966999
-13.002000
-14.992000
-5.041500
-5.041500
-3.051400
-2.056400
-3.051400
-11.012000
-12.007000
-1.061400
-20.962000
-22.952000
-8.026500
-7.031500
-7.031500
-1.061400
-8.026500
-7.031500
-7.031500
-8.026500
-6.036500
-3.051400
-10.017000
-12.007000
-14.992000
-13.002000
-12.007000
-22.952000
-26.931999
-26.931999
-19.966999
-5.041500
6.898800
10.879000
4.908800
0.928690
9.883900
-2.056400
8.888900
13.864000
-1.061400
-9.021600
-13.997000
-9.021600
-12.007000
-13.997000
-9.021600
2.918700
19.834000
14.859000
12.869000
-0.066340
-4.046400
-1.061400
-7.031500
-17.976999
-13.997000
-13.997000
-11.012000
-9.021600
1.923700
0.928690
5.903800
6.898800
8.888900
7.893900
3.913800
12.869000
12.869000
-0.066340
-3.051400
-10.017000
6.898800
11.874000
13.864000
18.839001
12.869000
5.903800
-7.031500
-15.987000
-11.012000
-6.036500
-7.031500
-8.026500
-6.036500
-6.036500
