15.740000
15.740000
-2.796700
-18.407000
-28.163000
-36.943001
-39.869999
-24.260000
-18.407000
-21.333000
-6.699200
16.715000
23.545000
23.545000
22.569000
22.569000
12.813000
3.056900
-5.723600
-11.577000
-18.407000
-24.260000
-16.455000
-7.674800
5.008100
22.569000
31.350000
33.300999
26.472000
12.813000
6.959300
-2.796700
-9.626000
-13.528000
-18.407000
-20.358000
-26.211000
-10.602000
1.105700
-1.821100
11.837000
21.593000
25.496000
18.667000
4.032500
1.105700
-7.674800
-13.528000
-18.407000
-20.358000
-11.577000
4.032500
18.667000
15.740000
16.715000
23.545000
18.667000
10.862000
5.983700
-0.845530
-4.748000
-14.504000
-10.602000
-27.187000
-47.674999
-38.894001
-17.431000
5.008100
17.691000
16.715000
14.764000
16.715000
-0.845530
-9.626000
-2.796700
-9.626000
-14.504000
-6.699200
5.008100
10.862000
15.740000
18.667000
24.520000
28.423000
21.593000
17.691000
12.813000
-0.845530
-9.626000
-16.455000
-23.285000
-24.260000
-12.553000
14.764000
32.325001
30.374001
23.545000
12.813000
10.862000
11.837000
6.959300
3.056900
0.130080
-5.723600
-10.602000
-3.772400
-3.772400
1.105700
18.667000
26.472000
22.569000
14.764000
17.691000
11.837000
5.008100
3.056900
-11.577000
-22.309000
-36.943001
-37.918999
-34.015999
-30.114000
-10.602000
7.935000
17.691000
24.520000
19.642000
10.862000
6.959300
5.008100
-5.723600
-9.626000
-10.602000
-26.211000
-30.114000
-28.163000
-21.333000
-9.626000
4.032500
15.740000
20.618000
13.789000
12.813000
5.983700
-3.772400
-17.431000
-25.236000
-22.309000
-13.528000
-1.821100
5.008100
2.081300
0.130080
5.008100
5.983700
4.032500
4.032500
-2.796700
-8.650400
-6.699200
-15.480000
-22.309000
-20.358000
-22.309000
-17.431000
-6.699200
5.008100
11.837000
10.862000
0.130080
5.983700
2.081300
-14.504000
-22.309000
-26.211000
-28.163000
-19.382000
-12.553000
-5.723600
5.008100
9.886200
2.081300
0.130080
5.008100
4.032500
-8.650400
-16.455000
-16.455000
-16.455000
-11.577000
3.056900
18.667000
18.667000
17.691000
15.740000
13.789000
12.813000
8.910600
6.959300
-3.772400
-26.211000
-33.041000
-26.211000
-22.309000
-17.431000
0.130080
11.837000
18.667000
16.715000
12.813000
9.886200
2.081300
-2.796700
-8.650400
-16.455000
-24.260000
-25.236000
-17.431000
-8.650400
-4.748000
-2.796700
-0.845530
6.959300
8.910600
9.886200
10.862000
6.959300
-2.796700
-5.723600
-8.650400
-12.553000
-10.602000
-1.821100
8.910600
17.691000
22.569000
16.715000
11.837000
6.959300
5.008100
8.910600
3.056900
0.130080
-2.796700
-13.528000
-17.431000
-3.772400
17.691000
30.374001
32.325001
27.447001
20.618000
17.691000
10.862000
-3.772400
-11.577000
-23.285000
-34.992001
-29.138000
-15.480000
-4.748000
10.862000
31.350000
41.105999
29.398001
17.691000
11.837000
9.886200
5.983700
6.959300
4.032500
-0.845530
-13.528000
-15.480000
-13.528000
-13.528000
-8.650400
-4.748000
5.983700
15.740000
12.813000
10.862000
9.886200
2.081300
-1.821100
3.056900
3.056900
-1.821100
1.105700
13.789000
27.447001
31.350000
22.569000
26.472000
30.374001
21.593000
15.740000
6.959300
-6.699200
-9.626000
-1.821100
9.886200
12.813000
18.667000
31.350000
31.350000
30.374001
32.325001
21.593000
13.789000
5.983700
-5.723600
-7.674800
-9.626000
-14.504000
-16.455000
-14.504000
2.081300
14.764000
23.545000
26.472000
25.496000
9.886200
6.959300
10.862000
2.081300
-5.723600
-11.577000
-24.260000
-34.992001
-29.138000
-10.602000
6.959300
34.276001
44.033001
37.202999
28.423000
21.593000
23.545000
30.374001
20.618000
3.056900
-10.602000
-23.285000
-31.089001
-20.358000
5.008100
24.520000
32.325001
38.179001
23.545000
13.789000
14.764000
12.813000
2.081300
-5.723600
-11.577000
-28.163000
-29.138000
-15.480000
1.105700
19.642000
22.569000
20.618000
26.472000
28.423000
23.545000
9.886200
-4.748000
-13.528000
-19.382000
-23.285000
-22.309000
-13.528000
-4.748000
3.056900
9.886200
2.081300
-0.845530
-4.748000
-3.772400
-0.845530
-4.748000
-1.821100
4.032500
9.886200
1.105700
-5.723600
-1.821100
-0.845530
0.130080
4.032500
11.837000
10.862000
3.056900
-6.699200
-11.577000
-17.431000
-18.407000
-11.577000
1.105700
3.056900
-4.748000
-8.650400
-3.772400
1.105700
5.008100
5.008100
12.813000
12.813000
17.691000
22.569000
23.545000
25.496000
24.520000
23.545000
23.545000
26.472000
28.423000
22.569000
21.593000
15.740000
8.910600
10.862000
14.764000
15.740000
19.642000
12.813000
2.081300
2.081300
1.105700
4.032500
5.008100
3.056900
-0.845530
-3.772400
-4.748000
-3.772400
3.056900
10.862000
2.081300
-1.821100
-6.699200
-9.626000
0.130080
8.910600
12.813000
12.813000
19.642000
15.740000
12.813000
-3.772400
-13.528000
-4.748000
-4.748000
-8.650400
-2.796700
10.862000
16.715000
9.886200
4.032500
5.983700
3.056900
-3.772400
-7.674800
-5.723600
-16.455000
-27.187000
-34.992001
-34.992001
-17.431000
2.081300
19.642000
33.300999
29.398001
17.691000
6.959300
-0.845530
-10.602000
-20.358000
-24.260000
-41.820999
-52.553001
-39.869999
-21.333000
-0.845530
18.667000
33.300999
28.423000
17.691000
7.935000
0.130080
-12.553000
-23.285000
-38.894001
-48.650002
-55.480000
-54.504002
-41.820999
-20.358000
5.008100
22.569000
30.374001
32.325001
21.593000
11.837000
4.032500
-12.553000
-30.114000
-44.748001
-57.431000
-59.382000
-44.748001
-19.382000
3.056900
15.740000
23.545000
27.447001
33.300999
25.496000
17.691000
8.910600
-8.650400
-23.285000
-29.138000
-28.163000
-18.407000
-5.723600
8.910600
15.740000
18.667000
14.764000
20.618000
22.569000
11.837000
3.056900
-5.723600
-21.333000
-34.992001
-39.869999
-27.187000
-6.699200
2.081300
15.740000
21.593000
19.642000
20.618000
21.593000
12.813000
3.056900
-9.626000
-21.333000
-34.992001
-43.771999
-45.723999
-34.992001
-9.626000
15.740000
33.300999
38.179001
28.423000
25.496000
24.520000
13.789000
3.056900
-6.699200
-21.333000
-29.138000
-23.285000
-19.382000
-3.772400
12.813000
16.715000
22.569000
26.472000
24.520000
9.886200
-3.772400
-3.772400
-9.626000
-15.480000
-25.236000
-22.309000
-3.772400
14.764000
25.496000
27.447001
27.447001
20.618000
8.910600
3.056900
0.130080
-0.845530
1.105700
0.130080
-1.821100
1.105700
1.105700
5.008100
14.764000
16.715000
12.813000
9.886200
3.056900
-3.772400
-7.674800
-12.553000
-22.309000
-32.064999
-41.820999
-47.674999
-37.918999
-5.723600
23.545000
40.130001
45.984001
42.081001
37.202999
22.569000
9.886200
3.056900
-3.772400
-15.480000
-27.187000
-29.138000
-34.015999
-37.918999
-19.382000
-8.650400
5.983700
13.789000
15.740000
15.740000
16.715000
12.813000
6.959300
-5.723600
-18.407000
-21.333000
-31.089001
-32.064999
-20.358000
-3.772400
5.983700
7.935000
6.959300
8.910600
7.935000
6.959300
-4.748000
-12.553000
-15.480000
-9.626000
-4.748000
-3.772400
-3.772400
-1.821100
-0.845530
2.081300
5.983700
6.959300
3.056900
-2.796700
-2.796700
-0.845530
-4.748000
-5.723600
-2.796700
10.862000
15.740000
13.789000
15.740000
10.862000
5.008100
1.105700
-7.674800
-14.504000
-11.577000
-8.650400
-6.699200
-2.796700
-2.796700
-2.796700
-0.845530
4.032500
9.886200
7.935000
0.130080
-11.577000
-22.309000
-22.309000
-15.480000
-9.626000
-4.748000
-6.699200
-5.723600
-0.845530
6.959300
12.813000
12.813000
10.862000
4.032500
-3.772400
-6.699200
-14.504000
-13.528000
-4.748000
-3.772400
5.008100
23.545000
32.325001
37.202999
42.081001
36.228001
31.350000
26.472000
17.691000
13.789000
7.935000
-4.748000
-9.626000
-13.528000
-9.626000
2.081300
16.715000
35.251999
40.130001
38.179001
25.496000
17.691000
16.715000
-0.845530
-9.626000
-11.577000
-15.480000
-24.260000
-25.236000
-26.211000
-20.358000
1.105700
16.715000
28.423000
29.398001
26.472000
28.423000
23.545000
13.789000
5.983700
-2.796700
-9.626000
-16.455000
-21.333000
-25.236000
-18.407000
-3.772400
11.837000
21.593000
25.496000
27.447001
23.545000
21.593000
8.910600
1.105700
-2.796700
-13.528000
-18.407000
-24.260000
-23.285000
-11.577000
3.056900
6.959300
6.959300
10.862000
11.837000
0.130080
-6.699200
-1.821100
5.008100
10.862000
15.740000
9.886200
5.983700
3.056900
0.130080
2.081300
-0.845530
-0.845530
0.130080
0.130080
-8.650400
-15.480000
-8.650400
-6.699200
1.105700
9.886200
6.959300
11.837000
27.447001
35.251999
33.300999
23.545000
21.593000
22.569000
14.764000
-0.845530
-12.553000
-16.455000
-5.723600
5.983700
16.715000
25.496000
30.374001
32.325001
26.472000
14.764000
7.935000
-1.821100
2.081300
0.130080
-10.602000
-8.650400
-9.626000
-10.602000
-4.748000
-2.796700
2.081300
10.862000
8.910600
12.813000
11.837000
8.910600
10.862000
2.081300
-6.699200
-9.626000
-13.528000
-12.553000
-1.821100
5.983700
18.667000
23.545000
23.545000
22.569000
16.715000
17.691000
23.545000
15.740000
15.740000
14.764000
7.935000
4.032500
1.105700
6.959300
18.667000
19.642000
22.569000
31.350000
32.325001
14.764000
3.056900
-3.772400
-21.333000
-21.333000
-16.455000
-12.553000
-0.845530
9.886200
17.691000
14.764000
14.764000
13.789000
16.715000
19.642000
11.837000
5.983700
-3.772400
-16.455000
-22.309000
-27.187000
-29.138000
-30.114000
-21.333000
-5.723600
6.959300
15.740000
19.642000
10.862000
9.886200
18.667000
14.764000
3.056900
-3.772400
-6.699200
-18.407000
-19.382000
-5.723600
-2.796700
-4.748000
-4.748000
-1.821100
3.056900
-0.845530
6.959300
16.715000
15.740000
9.886200
5.008100
0.130080
-0.845530
4.032500
9.886200
7.935000
12.813000
12.813000
13.789000
20.618000
13.789000
13.789000
7.935000
-1.821100
-5.723600
-1.821100
-0.845530
-9.626000
-6.699200
5.008100
12.813000
9.886200
7.935000
8.910600
10.862000
6.959300
0.130080
-3.772400
-7.674800
-15.480000
-26.211000
-24.260000
-12.553000
-11.577000
-4.748000
-0.845530
0.130080
3.056900
4.032500
0.130080
-9.626000
-13.528000
-18.407000
-20.358000
-10.602000
-8.650400
-3.772400
10.862000
11.837000
7.935000
0.130080
-8.650400
-8.650400
-5.723600
-8.650400
-10.602000
-7.674800
-12.553000
-19.382000
-27.187000
-23.285000
-5.723600
10.862000
26.472000
28.423000
21.593000
10.862000
-1.821100
1.105700
-0.845530
-8.650400
-13.528000
-19.382000
-39.869999
-46.699001
-40.846001
-34.992001
-27.187000
-18.407000
-0.845530
6.959300
5.983700
7.935000
4.032500
-0.845530
-7.674800
-17.431000
-17.431000
-16.455000
-16.455000
-22.309000
-26.211000
-28.163000
-27.187000
-19.382000
-19.382000
-21.333000
-11.577000
-4.748000
3.056900
-0.845530
-3.772400
-9.626000
-29.138000
-28.163000
-10.602000
0.130080
7.935000
11.837000
13.789000
11.837000
5.008100
11.837000
21.593000
15.740000
6.959300
-0.845530
-1.821100
