-0.125790
-7.673000
-7.673000
-0.754720
-2.012600
0.503140
6.792500
0.503140
5.534600
-0.754720
0.503140
5.534600
-7.673000
-9.559700
-14.591000
-17.736000
-17.107000
-8.301900
1.761000
-3.899400
-3.270400
-1.383600
-2.641500
5.534600
3.647800
1.132100
-3.899400
-8.301900
-9.559700
-17.107000
-12.075000
-1.383600
-2.012600
2.389900
0.503140
4.905700
7.421400
-0.125790
-1.383600
5.534600
1.132100
4.276700
8.050300
-7.044000
3.647800
12.453000
-0.125790
1.761000
-2.641500
-9.559700
-5.786200
-8.930800
-7.044000
-3.270400
-0.754720
-2.641500
4.276700
4.905700
3.647800
8.050300
2.389900
6.163500
1.761000
6.792500
9.308200
10.566000
1.132100
1.132100
-5.786200
-5.157200
-6.415100
-10.818000
-8.301900
-1.383600
3.647800
3.018900
4.276700
6.792500
9.937100
3.647800
2.389900
3.647800
11.195000
6.163500
3.018900
3.018900
5.534600
12.453000
11.824000
2.389900
-1.383600
-0.125790
-2.012600
-5.157200
-14.591000
-17.736000
-14.591000
-8.930800
-16.478001
-15.220000
-10.818000
-1.383600
1.132100
5.534600
1.132100
4.276700
9.308200
-0.125790
-3.899400
3.647800
-2.012600
0.503140
8.050300
1.761000
-3.270400
0.503140
1.761000
-3.270400
1.761000
0.503140
7.421400
9.308200
8.679200
5.534600
1.132100
5.534600
1.132100
-7.673000
-8.301900
-8.301900
-5.157200
-10.189000
-3.899400
5.534600
6.163500
3.647800
5.534600
7.421400
1.761000
3.018900
6.792500
8.679200
7.421400
3.018900
4.905700
-2.012600
4.276700
4.276700
-1.383600
8.050300
6.792500
-3.899400
-5.157200
-4.528300
3.647800
1.761000
-8.930800
-11.447000
-4.528300
-0.125790
3.647800
-0.754720
-6.415100
-7.673000
-5.157200
4.905700
-5.786200
-15.220000
-25.283001
-20.881001
-10.189000
1.132100
7.421400
9.308200
13.082000
20.629000
22.516001
24.403000
25.660000
13.082000
1.132100
-3.899400
-0.754720
7.421400
3.647800
1.761000
4.276700
-5.157200
-8.930800
-7.673000
-15.849000
-15.220000
-10.189000
-3.899400
-0.125790
1.132100
5.534600
13.711000
7.421400
8.679200
4.905700
0.503140
-2.641500
-12.704000
-11.447000
-5.157200
-9.559700
-13.962000
-12.704000
-20.881001
-12.704000
-10.818000
-10.818000
-9.559700
-7.044000
1.132100
9.308200
3.018900
3.647800
3.647800
4.905700
-0.754720
-2.641500
-1.383600
-11.447000
-5.786200
-7.673000
-11.447000
-12.075000
-15.220000
-4.528300
-12.075000
-8.930800
-0.125790
1.761000
9.937100
17.483999
8.679200
11.195000
8.679200
10.566000
8.679200
9.937100
5.534600
3.018900
6.792500
3.647800
-2.641500
-5.157200
-1.383600
8.679200
1.761000
-3.270400
-0.754720
-5.786200
-7.673000
6.792500
13.711000
8.050300
5.534600
-3.899400
-7.044000
-2.012600
-2.641500
-2.012600
-2.012600
-8.930800
6.163500
3.647800
-5.786200
-1.383600
-2.012600
3.647800
1.132100
7.421400
14.340000
13.082000
10.566000
13.711000
14.969000
7.421400
-0.125790
-0.754720
2.389900
-0.754720
-3.270400
-5.786200
-13.333000
-12.075000
-5.157200
-13.333000
-13.962000
-14.591000
-7.673000
-5.157200
4.905700
9.308200
6.792500
2.389900
1.132100
9.937100
2.389900
-3.270400
1.761000
1.761000
1.761000
7.421400
-0.125790
-0.754720
6.163500
4.276700
-0.754720
5.534600
-0.125790
4.905700
8.050300
13.711000
14.969000
8.679200
16.226000
15.597000
6.792500
8.679200
-2.012600
-7.044000
-5.157200
-5.157200
-0.125790
1.132100
-2.012600
-8.301900
-9.559700
-10.818000
-2.012600
-2.641500
-0.125790
-2.641500
-8.301900
-3.899400
-1.383600
-4.528300
-5.786200
-2.641500
-2.012600
3.018900
2.389900
-0.754720
-2.012600
-3.899400
1.761000
-0.125790
-10.189000
-14.591000
-13.333000
-9.559700
-3.270400
-0.125790
6.163500
-1.383600
0.503140
1.761000
-7.044000
1.132100
-5.157200
3.647800
8.679200
12.453000
10.566000
4.905700
3.018900
-0.754720
5.534600
5.534600
1.132100
-0.754720
-0.125790
2.389900
0.503140
2.389900
-2.012600
-3.899400
1.761000
9.308200
11.824000
5.534600
-2.012600
-5.786200
-4.528300
-7.673000
-5.786200
-5.786200
0.503140
-0.125790
-1.383600
3.018900
4.905700
-2.641500
-3.270400
0.503140
-3.270400
4.276700
1.761000
-3.899400
2.389900
-3.270400
-11.447000
-8.930800
-6.415100
-13.962000
-14.591000
-7.673000
-15.220000
-11.447000
-7.044000
-7.044000
4.905700
4.905700
0.503140
5.534600
12.453000
6.792500
6.163500
-3.270400
-10.189000
-8.301900
-7.673000
-2.012600
0.503140
4.276700
11.195000
12.453000
6.163500
5.534600
1.761000
-0.125790
-1.383600
-3.270400
-20.252001
-8.930800
6.792500
8.050300
4.905700
6.163500
7.421400
10.566000
9.937100
8.679200
-0.754720
-7.673000
-1.383600
-10.818000
-8.930800
-5.786200
-2.012600
0.503140
8.050300
1.132100
2.389900
-0.125790
-8.301900
-0.754720
0.503140
2.389900
1.761000
-0.754720
8.050300
4.905700
13.711000
6.792500
3.647800
10.566000
-0.125790
-4.528300
-4.528300
-7.673000
-5.786200
-5.157200
-0.754720
-3.270400
2.389900
3.018900
5.534600
15.597000
19.371000
8.679200
9.308200
9.937100
1.132100
-0.754720
1.132100
0.503140
2.389900
-0.125790
-0.125790
1.132100
-1.383600
-3.899400
-6.415100
-5.786200
-1.383600
-6.415100
-5.157200
5.534600
9.937100
12.453000
8.050300
-0.125790
-7.673000
1.132100
-2.012600
-10.189000
-9.559700
-11.447000
-10.189000
1.761000
14.969000
21.257999
21.257999
18.113001
17.483999
11.824000
-1.383600
-7.673000
-1.383600
-18.365000
-16.478001
-15.220000
-17.107000
-12.075000
-5.786200
0.503140
3.018900
6.163500
9.937100
4.905700
3.647800
-1.383600
-5.157200
2.389900
-7.044000
-18.365000
-2.641500
3.647800
13.082000
10.566000
18.113001
20.000000
22.516001
20.000000
14.340000
3.647800
-3.270400
-13.333000
-18.365000
-20.881001
-20.881001
-18.365000
-2.641500
9.937100
0.503140
-1.383600
-0.125790
-6.415100
-10.189000
0.503140
-8.301900
-8.930800
-11.447000
-9.559700
-4.528300
4.276700
7.421400
5.534600
7.421400
-5.786200
-3.270400
-8.301900
-17.107000
-18.365000
-10.818000
-15.849000
-24.025000
-16.478001
-6.415100
-1.383600
4.905700
3.647800
3.647800
8.050300
15.597000
12.453000
6.792500
7.421400
-0.125790
10.566000
16.855000
13.711000
6.792500
1.761000
10.566000
8.679200
-0.125790
-0.754720
-3.899400
-5.786200
-0.125790
6.792500
2.389900
-0.754720
-3.899400
-0.754720
0.503140
-3.270400
-2.012600
-0.125790
-5.157200
-3.899400
-5.786200
-10.189000
8.050300
8.679200
6.792500
9.308200
3.018900
0.503140
-6.415100
-10.818000
-10.818000
-4.528300
-17.736000
-10.818000
7.421400
6.163500
1.132100
6.792500
15.597000
3.647800
-13.962000
-19.622999
-15.220000
-12.704000
-6.415100
-5.157200
-9.559700
-5.157200
4.905700
12.453000
6.792500
8.050300
1.132100
2.389900
6.163500
-1.383600
-2.641500
7.421400
14.340000
14.969000
18.742001
12.453000
6.163500
6.792500
-0.754720
-4.528300
-4.528300
-3.899400
-4.528300
2.389900
12.453000
13.711000
31.320999
22.516001
14.340000
11.824000
7.421400
-1.383600
-3.899400
3.018900
4.905700
-2.012600
-6.415100
-10.189000
-10.818000
-0.754720
-0.754720
-2.012600
-10.189000
-7.673000
-11.447000
2.389900
-0.125790
-1.383600
2.389900
-10.189000
-2.641500
4.276700
3.018900
5.534600
-3.899400
-3.270400
1.132100
2.389900
4.905700
4.905700
3.647800
6.163500
6.163500
13.082000
14.969000
5.534600
9.937100
17.483999
14.969000
11.824000
11.824000
14.969000
5.534600
3.018900
0.503140
-9.559700
-15.220000
-11.447000
-4.528300
3.018900
1.761000
-1.383600
-5.157200
0.503140
-0.754720
0.503140
4.905700
4.276700
4.276700
5.534600
-0.125790
-3.899400
3.647800
-3.899400
-7.673000
-4.528300
-0.754720
-0.125790
-2.012600
2.389900
4.905700
8.050300
6.792500
6.163500
10.566000
4.905700
10.566000
1.132100
-8.301900
-3.270400
11.195000
14.340000
16.855000
8.679200
3.018900
1.761000
0.503140
-5.786200
-8.301900
-7.673000
-17.107000
-15.849000
-13.333000
-18.365000
-0.125790
6.163500
4.276700
6.792500
-0.754720
-2.641500
-6.415100
-15.220000
-13.333000
-15.220000
-13.333000
-12.704000
-7.673000
-8.301900
-15.849000
-1.383600
11.824000
9.937100
14.969000
5.534600
10.566000
6.792500
-5.786200
-8.301900
-12.704000
-2.012600
-2.012600
-3.899400
-2.012600
-2.012600
-9.559700
-9.559700
-9.559700
-8.301900
-1.383600
-2.012600
-3.899400
-2.012600
8.050300
4.905700
-5.786200
-0.754720
-2.641500
4.276700
1.132100
1.761000
-2.012600
0.503140
7.421400
10.566000
-4.528300
-6.415100
-13.962000
-8.930800
-8.301900
-16.478001
-12.075000
-13.962000
-5.157200
6.163500
7.421400
6.163500
21.257999
13.711000
14.340000
9.937100
11.195000
6.792500
4.276700
6.792500
13.082000
12.453000
15.597000
14.340000
16.855000
11.195000
6.792500
-0.125790
2.389900
-1.383600
-12.075000
-17.736000
-25.283001
-20.252001
-12.075000
-10.189000
-0.754720
-0.125790
-1.383600
4.905700
3.647800
8.050300
11.824000
8.050300
9.308200
-0.125790
9.937100
15.597000
21.886999
11.195000
2.389900
4.276700
4.276700
-13.962000
-14.591000
-5.157200
-6.415100
-2.012600
-0.125790
-15.849000
-5.786200
-0.125790
3.018900
11.824000
4.905700
3.647800
2.389900
6.163500
10.566000
-2.012600
-3.270400
-9.559700
-15.220000
-20.881001
-20.881001
-22.138000
-22.138000
-15.220000
-7.673000
-11.447000
-7.673000
0.503140
1.761000
9.937100
5.534600
-2.012600
3.018900
-6.415100
-8.930800
-8.301900
-12.075000
-9.559700
-10.189000
-7.673000
-0.125790
4.905700
-8.930800
-4.528300
-0.754720
-3.899400
-10.818000
-5.157200
3.018900
6.163500
2.389900
-0.125790
-5.157200
-10.818000
-7.044000
-7.673000
-5.786200
3.647800
8.050300
9.937100
23.774000
23.145000
26.917999
30.063000
30.063000
18.742001
4.276700
2.389900
1.761000
4.276700
4.276700
9.308200
2.389900
0.503140
-0.754720
-7.673000
-8.930800
-12.075000
-6.415100
-0.754720
-4.528300
-3.899400
-0.754720
-3.270400
-2.641500
2.389900
-1.383600
-3.270400
-4.528300
-5.786200
-5.157200
-6.415100
-5.157200
-5.157200
-10.189000
-14.591000
-10.818000
-3.270400
1.132100
13.082000
4.905700
-2.012600
-2.012600
-8.930800
-5.786200
-7.673000
-8.301900
-8.930800
-8.301900
5.534600
-0.754720
8.679200
7.421400
4.905700
8.679200
11.824000
14.969000
5.534600
7.421400
4.276700
-1.383600
-2.641500
2.389900
-3.270400
0.503140
1.132100
-2.012600
1.132100
5.534600
1.761000
4.276700
-3.899400
-11.447000
-15.849000
-13.962000
-8.930800
-3.270400
0.503140
3.647800
6.792500
9.937100
6.163500
11.824000
10.566000
9.308200
14.340000
11.824000
8.050300
4.905700
-0.754720
-2.012600
3.018900
3.018900
