-20.190001
-21.459999
-22.730000
-12.571000
-24.000000
-15.746000
-11.937000
-11.302000
-3.047600
-10.032000
-0.507940
3.936500
-4.317500
-1.777800
-2.412700
0.126980
2.031700
7.746000
6.476200
3.936500
1.396800
0.761900
-5.587300
0.761900
-1.777800
2.031700
-3.682500
-8.127000
5.841300
-1.777800
-3.047600
10.286000
11.556000
10.921000
0.761900
0.761900
-13.206000
-17.016001
-8.761900
2.666700
-6.222200
-9.396800
5.206300
-6.857100
-3.682500
4.571400
-3.682500
9.650800
-1.142900
6.476200
13.460000
7.746000
9.015900
9.015900
9.650800
7.746000
10.286000
-1.142900
-8.127000
-5.587300
-1.777800
10.921000
11.556000
10.921000
10.286000
21.714001
14.730000
12.190000
2.031700
3.936500
-7.492100
-5.587300
-10.667000
-3.682500
-1.142900
-9.396800
-6.857100
-1.142900
-15.746000
-17.016001
0.126980
-3.682500
7.111100
12.190000
5.841300
4.571400
6.476200
15.365000
13.460000
3.936500
5.206300
0.761900
12.190000
0.761900
-2.412700
-11.937000
-11.302000
-3.047600
-4.317500
-1.777800
-0.507940
10.921000
7.746000
2.666700
-8.761900
-4.952400
-4.952400
-18.921000
-18.921000
-10.032000
-7.492100
-10.032000
-2.412700
3.301600
5.206300
9.650800
2.666700
5.206300
14.730000
1.396800
0.761900
4.571400
12.190000
9.650800
-5.587300
2.031700
-4.317500
-11.302000
-7.492100
-3.682500
7.746000
5.206300
12.190000
28.698000
17.270000
18.540001
26.159000
22.349001
27.429001
19.809999
7.746000
9.015900
-3.047600
-11.937000
-9.396800
-8.761900
-6.222200
-9.396800
-9.396800
-9.396800
-8.761900
-11.302000
-8.127000
-11.937000
-13.206000
-4.952400
-6.222200
-13.206000
-8.127000
-4.952400
-4.952400
-8.761900
-11.937000
3.301600
-8.127000
-8.127000
-4.952400
-15.111000
-22.094999
-15.111000
2.666700
-2.412700
2.031700
16.000000
12.190000
12.190000
26.794001
21.714001
11.556000
4.571400
5.841300
9.650800
-7.492100
1.396800
2.666700
3.936500
19.174999
6.476200
2.666700
-5.587300
-15.111000
-11.302000
-4.317500
-8.761900
-10.032000
1.396800
3.301600
5.206300
7.746000
17.905001
3.936500
0.126980
7.111100
-11.302000
-12.571000
-7.492100
-20.825001
-20.190001
-17.016001
-9.396800
-4.317500
-15.111000
-4.317500
-4.952400
-4.952400
6.476200
2.666700
0.761900
-5.587300
-31.618999
-30.983999
-15.111000
-5.587300
3.936500
2.666700
10.286000
15.365000
19.174999
6.476200
1.396800
3.936500
-6.857100
-7.492100
-0.507940
-4.317500
5.841300
22.349001
17.270000
15.365000
18.540001
10.921000
0.761900
2.031700
-9.396800
-10.032000
-13.841000
-17.016001
-9.396800
1.396800
11.556000
25.524000
33.143002
30.603001
25.524000
30.603001
19.809999
21.079000
9.015900
-6.857100
-14.476000
-9.396800
-24.635000
-15.111000
-18.921000
-15.746000
-5.587300
-12.571000
11.556000
5.206300
9.650800
7.746000
8.381000
16.000000
2.031700
7.746000
9.650800
7.111100
7.746000
0.761900
7.111100
-1.142900
-4.952400
-0.507940
8.381000
-17.016001
-15.746000
-4.952400
-11.937000
-9.396800
-5.587300
-3.047600
-9.396800
-1.142900
6.476200
-0.507940
12.825000
20.444000
5.841300
2.666700
-2.412700
-7.492100
-12.571000
-8.127000
-8.761900
-8.761900
-0.507940
8.381000
-11.302000
-4.952400
3.301600
-7.492100
-6.222200
5.206300
-10.667000
-0.507940
0.761900
2.031700
8.381000
20.444000
12.190000
12.190000
0.761900
0.126980
2.666700
4.571400
-0.507940
-1.777800
0.761900
1.396800
-2.412700
-18.285999
-3.682500
-4.317500
1.396800
-10.032000
-0.507940
-1.142900
-2.412700
-4.952400
0.126980
-13.206000
-13.206000
-8.761900
-4.952400
5.841300
-3.047600
-10.032000
-10.667000
-18.285999
-17.016001
-22.094999
-15.111000
-8.127000
-6.222200
-6.857100
3.301600
14.095000
14.730000
6.476200
1.396800
2.031700
-8.761900
-3.047600
-6.857100
3.936500
12.190000
20.444000
16.000000
2.666700
10.921000
10.286000
10.921000
-4.952400
-8.761900
5.841300
14.730000
19.809999
24.254000
22.349001
9.650800
15.365000
10.921000
15.365000
14.730000
16.635000
2.666700
2.031700
-1.777800
-12.571000
-13.206000
-13.841000
-11.937000
-2.412700
-11.937000
-10.032000
2.666700
-2.412700
-2.412700
-2.412700
-3.682500
-6.857100
-9.396800
0.761900
-10.032000
-9.396800
-0.507940
-5.587300
-1.777800
-13.206000
-15.111000
-15.746000
-22.094999
-8.761900
-6.857100
-12.571000
7.111100
10.921000
-4.317500
-1.777800
5.841300
-1.777800
14.095000
-4.317500
-10.032000
4.571400
0.126980
-5.587300
-7.492100
-12.571000
0.761900
5.206300
1.396800
3.301600
6.476200
-3.682500
-1.777800
-1.777800
-10.032000
-0.507940
9.015900
17.905001
19.174999
13.460000
6.476200
15.365000
2.031700
2.666700
2.666700
-8.127000
-7.492100
-13.206000
7.746000
3.936500
5.206300
8.381000
7.746000
12.190000
10.286000
10.921000
12.825000
-3.047600
-8.127000
2.666700
3.301600
0.126980
-2.412700
-5.587300
-6.857100
7.746000
-12.571000
-15.111000
-20.825001
-24.000000
-11.302000
-12.571000
-13.841000
-5.587300
-7.492100
-12.571000
0.761900
16.000000
11.556000
12.190000
12.190000
4.571400
12.825000
13.460000
-1.142900
-1.142900
-1.142900
-2.412700
0.126980
-8.127000
-2.412700
3.936500
10.286000
-1.142900
1.396800
0.761900
5.206300
3.936500
5.841300
8.381000
10.921000
18.540001
5.841300
3.936500
-3.682500
3.936500
0.761900
-0.507940
-4.317500
-1.142900
-8.761900
-7.492100
-12.571000
0.761900
2.031700
3.301600
7.111100
14.730000
8.381000
10.921000
-1.777800
-10.667000
-6.857100
-13.206000
-14.476000
-12.571000
-8.761900
2.031700
10.286000
15.365000
7.746000
5.841300
8.381000
2.031700
2.031700
12.190000
-2.412700
-11.937000
17.270000
17.270000
13.460000
10.286000
19.809999
20.444000
25.524000
14.730000
-2.412700
2.666700
-3.682500
-18.921000
-20.825001
-24.635000
-25.270000
-30.349001
-17.650999
2.031700
-1.142900
3.301600
0.761900
-8.127000
-3.682500
12.190000
2.666700
8.381000
10.286000
14.095000
19.174999
19.174999
13.460000
2.031700
-0.507940
-10.667000
-20.190001
-15.746000
-24.000000
-20.825001
-8.761900
-15.111000
-20.190001
-13.841000
-4.317500
-12.571000
-10.032000
-4.317500
-7.492100
-1.142900
2.666700
-2.412700
2.666700
9.015900
8.381000
17.270000
22.983999
10.921000
11.556000
2.031700
13.460000
0.761900
-6.222200
2.031700
5.206300
5.841300
0.761900
-1.142900
3.936500
-3.682500
-4.952400
-3.682500
-0.507940
3.936500
2.666700
-1.142900
-11.937000
-7.492100
9.015900
-3.047600
12.190000
-4.317500
-15.111000
-8.127000
-22.094999
-20.825001
-22.730000
-20.190001
-13.841000
-0.507940
-1.142900
3.301600
17.905001
16.000000
18.540001
22.349001
27.429001
17.905001
-6.222200
-7.492100
0.126980
-6.222200
2.031700
-6.857100
-7.492100
4.571400
7.746000
0.126980
-0.507940
8.381000
0.126980
1.396800
-8.761900
-21.459999
-6.222200
-9.396800
-4.952400
2.031700
9.650800
14.730000
5.841300
14.095000
2.666700
0.126980
-6.857100
1.396800
0.761900
5.206300
10.286000
12.190000
19.174999
20.444000
16.000000
14.095000
14.095000
2.666700
5.206300
14.730000
15.365000
8.381000
0.126980
-13.206000
-13.841000
-17.650999
-15.111000
-10.032000
-15.111000
-11.937000
-1.142900
7.746000
3.936500
9.650800
-4.952400
-20.825001
0.761900
6.476200
3.301600
-0.507940
-6.222200
-4.317500
8.381000
11.556000
5.206300
9.015900
9.650800
4.571400
7.111100
5.206300
7.746000
-5.587300
-2.412700
4.571400
5.206300
21.079000
14.095000
11.556000
11.556000
21.079000
21.079000
9.650800
14.730000
-13.206000
-24.000000
-18.921000
-12.571000
-6.222200
-15.746000
-5.587300
-9.396800
-15.111000
-10.667000
0.126980
5.841300
5.206300
-3.682500
-2.412700
9.650800
15.365000
7.746000
3.301600
6.476200
1.396800
-4.317500
2.031700
-1.142900
-6.857100
-1.142900
-3.047600
-15.746000
-16.381001
3.936500
-2.412700
-4.317500
-6.222200
3.936500
7.111100
22.983999
19.809999
19.809999
7.746000
10.286000
9.015900
2.031700
5.841300
-3.682500
8.381000
16.635000
-13.206000
-7.492100
3.936500
3.936500
18.540001
13.460000
8.381000
-3.047600
-12.571000
-8.127000
-10.032000
-15.111000
-17.016001
-11.302000
-6.222200
-8.761900
1.396800
8.381000
13.460000
1.396800
-11.302000
0.126980
4.571400
2.666700
-11.937000
-12.571000
0.761900
-8.127000
7.746000
0.761900
3.301600
-3.047600
-4.952400
-2.412700
7.746000
12.190000
16.000000
7.746000
16.000000
19.809999
17.270000
5.206300
7.746000
-1.142900
4.571400
5.841300
6.476200
-6.857100
-8.761900
1.396800
-7.492100
-6.222200
-11.937000
-22.094999
-17.016001
-18.285999
-22.730000
-16.381001
-17.016001
2.666700
6.476200
12.190000
18.540001
21.714001
11.556000
15.365000
6.476200
-6.857100
-11.302000
-13.841000
-3.047600
-4.317500
3.936500
11.556000
5.841300
12.190000
8.381000
2.666700
-3.682500
0.126980
-9.396800
-13.206000
-22.730000
-29.714001
-25.270000
-14.476000
-11.302000
-4.317500
-17.650999
-11.937000
-4.317500
-2.412700
1.396800
10.286000
10.921000
9.015900
8.381000
22.983999
24.889000
37.587002
28.698000
6.476200
14.095000
7.746000
-0.507940
3.936500
10.286000
-13.206000
-13.206000
-10.032000
-26.540001
-10.032000
-11.302000
-12.571000
-6.222200
-3.047600
-3.682500
2.031700
-1.142900
-3.682500
5.206300
0.126980
-8.127000
-7.492100
-4.952400
-3.047600
-11.937000
-13.841000
-11.302000
-2.412700
-7.492100
-6.222200
3.301600
4.571400
20.444000
4.571400
-3.047600
5.206300
5.841300
7.746000
-0.507940
1.396800
-3.682500
10.921000
3.301600
-8.761900
1.396800
-10.032000
-6.222200
7.111100
-10.032000
-11.937000
-17.650999
-3.682500
6.476200
0.126980
3.301600
4.571400
3.936500
3.936500
-3.047600
4.571400
16.635000
24.254000
10.921000
20.444000
24.254000
12.190000
12.825000
27.429001
12.825000
-4.952400
-4.317500
-13.206000
-10.032000
-2.412700
1.396800
2.031700
8.381000
9.015900
-6.222200
0.126980
-3.047600
-0.507940
10.921000
2.031700
-10.667000
-4.952400
-5.587300
-14.476000
-8.761900
-10.032000
-11.302000
-15.746000
-17.016001
0.761900
-15.111000
-9.396800
-8.761900
-10.667000
-8.127000
-4.952400
3.301600
1.396800
15.365000
9.650800
-8.127000
-1.777800
-13.841000
-7.492100
-18.285999
-25.270000
-24.635000
-24.635000
3.936500
-15.111000
-5.587300
-5.587300
-5.587300
10.921000
10.921000
18.540001
14.730000
12.190000
19.809999
17.905001
17.270000
24.254000
11.556000
-1.142900
5.841300
9.015900
18.540001
3.936500
-4.317500
16.000000
3.301600
-7.492100
-13.841000
-10.667000
-4.317500
-2.412700
15.365000
5.206300
-2.412700
10.286000
5.206300
22.983999
23.618999
21.079000
29.333000
12.825000
4.571400
3.301600
-6.857100
-6.222200
-15.111000
-1.142900
