-12.362000
-23.365999
9.644000
7.055000
-5.890000
10.939000
-5.890000
14.822000
18.705999
1.877000
8.996800
8.996800
-10.421000
-0.711970
1.229800
-9.773500
3.171500
5.113300
5.113300
-11.715000
3.171500
-1.359200
-0.711970
9.644000
-10.421000
1.229800
6.407800
5.760500
11.586000
3.171500
12.233000
8.349500
-2.653700
12.880000
-2.006500
6.407800
2.524300
-18.834999
-33.074001
-2.006500
-5.242700
-20.129000
-9.126200
-13.010000
10.939000
19.353001
10.939000
8.996800
8.349500
6.407800
9.644000
14.175000
3.818800
20.646999
20.646999
8.996800
-3.948200
4.466000
-2.653700
-15.599000
-19.482000
-19.482000
-18.188000
-19.482000
-13.657000
-22.070999
-1.359200
15.469000
-13.657000
-5.890000
-9.773500
7.055000
3.818800
16.117001
-9.773500
12.880000
20.646999
2.524300
5.760500
-2.653700
4.466000
11.586000
5.113300
5.113300
7.702300
13.528000
1.229800
10.939000
9.644000
-9.773500
3.818800
8.349500
-11.068000
-9.126200
-6.537200
-15.599000
-13.010000
-19.482000
-18.188000
-3.948200
-2.653700
-2.653700
-16.246000
2.524300
-12.362000
-9.126200
12.233000
10.291000
0.582520
10.939000
11.586000
-0.064720
-5.242700
-7.831700
-1.359200
-6.537200
-13.657000
-7.831700
10.291000
-3.301000
0.582520
7.055000
10.291000
6.407800
10.291000
20.646999
5.113300
-6.537200
-9.773500
14.175000
-0.064720
-5.890000
-4.595500
8.349500
7.702300
1.229800
14.822000
23.236000
12.233000
12.233000
9.644000
8.996800
-0.711970
-3.301000
3.171500
3.171500
-2.006500
1.229800
-2.006500
-16.246000
-0.064720
-10.421000
-10.421000
-8.479000
-24.660000
-5.242700
-7.184500
-7.184500
7.702300
-7.831700
-2.653700
1.877000
1.877000
3.171500
-5.242700
-8.479000
-5.890000
-10.421000
6.407800
5.760500
10.939000
1.877000
10.939000
19.353001
-6.537200
2.524300
16.764000
8.349500
3.171500
-0.711970
2.524300
-2.653700
-7.831700
5.760500
-0.064720
-5.890000
10.291000
-0.711970
10.939000
13.528000
-13.010000
-2.653700
11.586000
-0.711970
0.582520
3.818800
-3.948200
-9.126200
-13.657000
-9.126200
-11.068000
0.582520
-3.301000
-7.831700
-10.421000
-9.773500
7.055000
-5.890000
-13.010000
-13.657000
-3.301000
-0.711970
8.996800
5.760500
7.055000
3.818800
-0.711970
14.822000
0.582520
-7.831700
-13.657000
-8.479000
-13.010000
-9.773500
-11.068000
-5.242700
3.818800
10.291000
-7.831700
-2.653700
1.877000
1.877000
3.171500
6.407800
0.582520
1.877000
8.349500
1.229800
7.702300
8.996800
-0.064720
1.229800
-1.359200
-7.184500
-6.537200
7.702300
-0.711970
-3.948200
4.466000
-8.479000
-0.064720
-4.595500
2.524300
-7.831700
-7.184500
1.229800
-13.657000
-16.246000
-7.184500
-4.595500
-10.421000
10.939000
8.349500
-9.126200
-5.242700
11.586000
4.466000
4.466000
8.349500
20.646999
28.414000
29.061001
8.996800
5.760500
16.117001
7.702300
-6.537200
10.939000
14.175000
-3.301000
8.996800
-1.359200
-5.242700
10.939000
10.939000
3.818800
11.586000
0.582520
-3.301000
3.818800
-4.595500
0.582520
-10.421000
-7.184500
-6.537200
12.880000
9.644000
-6.537200
-16.246000
-24.660000
-13.657000
-2.653700
4.466000
-5.242700
-9.126200
12.233000
10.291000
-9.773500
-0.064720
7.055000
17.410999
14.175000
8.996800
2.524300
-2.653700
10.291000
16.764000
2.524300
6.407800
3.171500
-3.301000
-2.653700
-2.006500
-5.242700
-9.773500
-11.068000
-11.068000
-1.359200
2.524300
-2.653700
-9.126200
11.586000
1.229800
5.113300
6.407800
-3.301000
-1.359200
-6.537200
-5.242700
-13.657000
-4.595500
1.877000
-1.359200
-13.657000
11.586000
8.349500
-1.359200
8.349500
5.113300
7.702300
3.171500
-1.359200
1.229800
8.349500
-9.773500
2.524300
5.113300
-2.006500
3.818800
-4.595500
-11.715000
-18.188000
-22.070999
-12.362000
5.113300
-5.242700
7.055000
16.117001
16.117001
16.117001
15.469000
15.469000
7.055000
14.175000
17.410999
11.586000
10.939000
-4.595500
-13.010000
-33.722000
-16.893000
-0.064720
-24.013000
-11.715000
-9.773500
-21.424000
-13.010000
-2.006500
-6.537200
1.877000
7.055000
8.349500
-2.006500
12.880000
18.058001
14.175000
14.822000
12.233000
7.702300
-3.948200
0.582520
-1.359200
-2.653700
-0.064720
-2.006500
-9.126200
-9.773500
-0.064720
0.582520
-12.362000
-8.479000
-20.777000
-20.777000
1.229800
0.582520
-3.948200
-3.948200
-11.715000
-4.595500
-6.537200
-8.479000
-5.890000
-15.599000
-16.246000
-8.479000
-5.890000
4.466000
5.760500
1.229800
-4.595500
-5.242700
-3.948200
2.524300
-5.242700
5.113300
12.233000
14.822000
-7.184500
7.702300
-0.064720
4.466000
10.291000
2.524300
-5.890000
-11.715000
3.171500
-5.242700
3.818800
8.349500
3.171500
-3.948200
-5.890000
4.466000
3.818800
-2.653700
-9.126200
-7.184500
1.877000
-18.834999
-7.184500
2.524300
-6.537200
12.233000
-0.064720
7.055000
-2.006500
-0.711970
3.171500
-9.126200
-9.773500
7.055000
-9.773500
-10.421000
18.058001
11.586000
7.702300
6.407800
18.705999
10.291000
3.171500
12.880000
10.291000
3.818800
8.349500
-3.301000
-1.359200
-2.006500
-0.064720
10.291000
5.760500
5.113300
1.229800
0.582520
-0.711970
-9.773500
5.113300
8.349500
-2.006500
1.229800
-5.242700
14.822000
27.120001
14.175000
7.702300
1.877000
-10.421000
-0.064720
6.407800
0.582520
-0.711970
-5.890000
7.702300
10.291000
7.702300
9.644000
17.410999
18.705999
9.644000
3.171500
-7.184500
7.055000
10.939000
-4.595500
3.171500
-2.653700
-18.834999
1.877000
-9.126200
0.582520
-7.184500
8.349500
8.996800
3.818800
13.528000
10.939000
8.349500
-1.359200
-3.948200
7.702300
2.524300
-13.010000
3.818800
15.469000
-2.006500
-10.421000
-5.890000
-6.537200
8.349500
-5.890000
-11.715000
-3.948200
-7.831700
-9.773500
-16.246000
-14.951000
-20.129000
-27.896000
-20.777000
-3.301000
-25.306999
11.586000
11.586000
-11.068000
-3.301000
8.349500
20.000000
8.996800
14.822000
13.528000
-3.948200
5.113300
2.524300
-4.595500
-3.301000
-15.599000
-5.890000
-24.660000
-14.951000
-16.246000
3.818800
-3.301000
-2.653700
-17.540001
-13.657000
-3.301000
-8.479000
-8.479000
-2.653700
1.877000
11.586000
8.996800
5.113300
6.407800
3.818800
1.877000
-2.653700
8.349500
1.877000
1.877000
5.113300
6.407800
7.055000
6.407800
20.646999
3.171500
9.644000
8.996800
5.113300
10.291000
14.175000
-4.595500
-2.006500
3.171500
-0.711970
-7.831700
8.996800
8.996800
-0.064720
-9.126200
5.113300
-5.890000
6.407800
11.586000
-7.831700
6.407800
-0.711970
-0.064720
-9.773500
-1.359200
9.644000
19.353001
25.825001
20.646999
25.825001
16.764000
23.882999
33.591999
8.349500
3.818800
8.349500
-2.006500
1.229800
-15.599000
-2.006500
-3.948200
-0.064720
-11.068000
-14.951000
-13.657000
-29.837999
-19.482000
-13.657000
-24.660000
-15.599000
-5.242700
-5.242700
-2.006500
-13.657000
1.229800
-1.359200
-1.359200
-14.304000
-3.948200
-3.301000
-6.537200
-8.479000
-3.301000
12.233000
14.175000
13.528000
12.233000
17.410999
-0.064720
4.466000
-7.831700
-7.184500
-4.595500
-9.126200
-11.068000
-18.188000
-16.246000
-19.482000
-15.599000
-27.896000
-2.653700
-13.010000
-25.306999
-11.715000
-18.188000
-9.126200
2.524300
-21.424000
-9.126200
13.528000
-2.006500
-3.301000
-5.242700
-0.064720
12.880000
-2.653700
8.996800
8.349500
9.644000
10.291000
16.764000
34.238998
20.646999
14.175000
18.705999
21.941999
17.410999
8.349500
3.171500
0.582520
1.877000
-3.301000
9.644000
7.055000
-2.653700
12.880000
13.528000
-2.653700
-14.304000
5.113300
7.055000
2.524300
-3.301000
-4.595500
-7.184500
3.818800
8.349500
3.818800
-0.064720
-4.595500
-9.126200
8.996800
20.000000
18.705999
12.880000
9.644000
-12.362000
15.469000
34.238998
15.469000
21.294001
2.524300
13.528000
13.528000
5.113300
12.880000
16.764000
11.586000
7.702300
-2.006500
5.760500
14.822000
9.644000
5.113300
3.818800
-3.948200
7.702300
11.586000
2.524300
-9.126200
-7.831700
-5.242700
-7.184500
-0.064720
-9.126200
-1.359200
1.229800
-5.242700
5.760500
7.702300
3.171500
4.466000
10.291000
3.171500
-14.951000
-9.126200
-5.242700
-17.540001
-21.424000
-18.188000
3.171500
-0.064720
-14.951000
-0.711970
3.171500
3.171500
1.877000
1.229800
-3.948200
-3.301000
-0.711970
-2.653700
-14.951000
-16.893000
-20.129000
-11.715000
-16.893000
-24.660000
0.582520
1.229800
-4.595500
8.996800
-12.362000
-2.006500
8.996800
-9.126200
-4.595500
20.000000
17.410999
-6.537200
1.229800
-8.479000
-7.184500
14.175000
10.939000
-9.126200
-7.184500
-7.831700
-16.893000
-9.126200
2.524300
-6.537200
-29.191000
15.469000
7.702300
5.760500
12.233000
5.760500
14.822000
10.939000
-0.064720
2.524300
9.644000
8.349500
7.702300
17.410999
3.171500
3.818800
-2.653700
-5.890000
1.229800
-5.242700
1.229800
-3.301000
9.644000
3.171500
3.818800
8.349500
10.291000
3.171500
2.524300
9.644000
5.113300
2.524300
-5.890000
-5.242700
-7.184500
-16.246000
-11.715000
12.233000
1.229800
16.117001
-0.711970
-5.890000
3.171500
2.524300
-1.359200
18.705999
21.941999
12.880000
8.349500
4.466000
2.524300
-1.359200
-7.184500
-0.711970
-1.359200
-2.653700
-9.773500
-20.777000
-7.184500
-24.013000
-14.304000
3.171500
-2.006500
-12.362000
-16.893000
-16.893000
-10.421000
-9.773500
-16.893000
3.818800
-5.242700
-7.184500
-6.537200
-4.595500
5.760500
1.877000
-3.948200
-3.301000
-10.421000
-14.304000
-10.421000
-2.653700
-2.653700
4.466000
5.113300
3.171500
-0.711970
-7.831700
-0.064720
-11.068000
-1.359200
-9.126200
-8.479000
3.171500
-1.359200
5.113300
-2.006500
-10.421000
6.407800
1.229800
-11.715000
12.233000
10.291000
15.469000
18.058001
26.472000
30.356001
18.058001
30.356001
34.887001
25.177999
17.410999
21.294001
14.175000
10.291000
19.353001
5.760500
-1.359200
-6.537200
-7.831700
-16.246000
-8.479000
0.582520
-7.831700
10.939000
-9.126200
-9.126200
1.877000
-6.537200
-4.595500
-0.711970
-11.715000
-16.893000
-16.893000
-3.948200
14.822000
0.582520
-1.359200
-0.064720
-2.653700
-8.479000
-0.064720
5.113300
-9.773500
-2.006500
-2.653700
-9.126200
-12.362000
-2.006500
-23.365999
-0.711970
2.524300
-18.188000
-33.722000
15.469000
11.586000
-4.595500
-8.479000
-5.890000
6.407800
1.877000
2.524300
2.524300
10.291000
10.939000
-0.711970
-6.537200
12.880000
7.702300
-2.006500
-9.773500
-1.359200
3.171500
-5.890000
-20.777000
5.760500
8.349500
-13.657000
-13.010000
-19.482000
-17.540001
-4.595500
-0.064720
-7.831700
-2.653700
-16.246000
-26.601999
-8.479000
11.586000
-7.831700
-5.242700
-2.653700
7.055000
2.524300
-0.711970
0.582520
-7.184500
12.233000
