-0.064720
-19.482000
-11.715000
-0.711970
-4.595500
-16.246000
-9.773500
5.760500
-0.064720
7.702300
13.528000
14.175000
-2.006500
1.229800
5.760500
10.291000
10.291000
15.469000
8.996800
3.171500
-9.773500
10.291000
-9.773500
-5.242700
-2.653700
-16.893000
2.524300
-3.948200
5.760500
6.407800
17.410999
7.055000
18.705999
3.171500
3.818800
3.818800
-7.831700
-22.070999
-14.951000
-14.304000
-22.718000
10.291000
-16.893000
-23.365999
-1.359200
1.877000
-7.184500
20.000000
1.877000
-1.359200
25.825001
-1.359200
-0.064720
17.410999
3.818800
12.233000
-11.715000
8.996800
-9.773500
-13.657000
4.466000
-11.068000
-2.006500
2.524300
-1.359200
5.113300
-1.359200
28.414000
-9.773500
-22.070999
-13.657000
-22.070999
-2.006500
-4.595500
-9.773500
-0.064720
-3.948200
-13.657000
-9.773500
-2.653700
-4.595500
7.702300
-1.359200
-18.834999
16.764000
8.996800
6.407800
8.996800
3.818800
5.760500
-12.362000
19.353001
4.466000
-0.711970
-2.006500
3.171500
-6.537200
8.996800
1.229800
-5.242700
4.466000
6.407800
5.113300
13.528000
-18.188000
-9.773500
23.236000
0.582520
-13.010000
6.407800
8.996800
3.171500
-3.301000
-2.653700
-11.068000
-14.304000
-13.010000
-2.006500
-3.948200
10.939000
-12.362000
3.171500
8.996800
-17.540001
-0.064720
12.880000
-3.301000
8.996800
3.171500
-4.595500
-4.595500
-1.359200
26.472000
10.939000
7.702300
6.407800
14.175000
10.939000
10.291000
14.822000
11.586000
11.586000
-20.777000
-3.301000
-6.537200
-28.544001
-5.890000
-11.068000
-18.834999
0.582520
10.291000
7.055000
-2.653700
-7.184500
3.818800
-4.595500
1.877000
14.822000
12.233000
-3.301000
8.349500
-7.184500
-14.951000
-5.242700
-9.126200
-15.599000
-12.362000
-9.126200
0.582520
-13.010000
-1.359200
7.055000
24.531000
14.822000
6.407800
0.582520
8.996800
11.586000
27.767000
4.466000
12.233000
1.877000
-11.715000
6.407800
-12.362000
10.939000
2.524300
-9.126200
0.582520
-0.711970
-2.653700
-7.831700
-6.537200
-10.421000
-7.831700
-2.006500
-9.773500
14.175000
-17.540001
-23.365999
8.349500
3.171500
-5.890000
13.528000
-13.010000
-8.479000
-15.599000
-8.479000
10.291000
-8.479000
-11.068000
3.171500
-1.359200
3.818800
3.171500
-12.362000
3.171500
6.407800
-16.246000
-21.424000
-29.837999
-10.421000
7.702300
-5.890000
10.939000
18.058001
25.825001
32.298000
15.469000
-9.773500
7.702300
1.877000
7.702300
-6.537200
-4.595500
9.644000
21.294001
14.822000
5.760500
6.407800
1.877000
-11.068000
-6.537200
-18.834999
-16.893000
-22.718000
-17.540001
-13.010000
-3.301000
8.349500
-0.711970
21.294001
31.003000
10.939000
22.589001
38.123001
25.825001
4.466000
2.524300
-13.657000
-23.365999
-4.595500
5.113300
-35.015999
-36.958000
5.760500
-11.068000
5.113300
-2.006500
1.229800
14.822000
5.760500
8.996800
2.524300
9.644000
16.117001
10.291000
-1.359200
5.760500
12.233000
3.171500
14.822000
5.760500
16.764000
6.407800
13.528000
1.229800
-0.711970
-2.006500
12.233000
-2.653700
-5.242700
1.877000
-12.362000
-6.537200
5.113300
10.939000
-9.126200
-17.540001
-4.595500
-5.242700
-9.773500
1.229800
1.229800
-11.068000
-18.834999
10.291000
-3.948200
1.229800
5.760500
-2.653700
7.702300
14.822000
-1.359200
-11.068000
-5.242700
4.466000
12.880000
14.822000
3.818800
3.818800
7.702300
-8.479000
-7.831700
-14.951000
-7.184500
-11.068000
-9.126200
-14.304000
0.582520
0.582520
-7.184500
1.229800
1.877000
-8.479000
3.171500
4.466000
6.407800
-7.831700
-9.773500
0.582520
-2.006500
-11.715000
-11.715000
-7.184500
-6.537200
-7.831700
-10.421000
-2.006500
-4.595500
-3.948200
-2.006500
17.410999
6.407800
3.818800
12.880000
-3.301000
10.939000
20.000000
-5.890000
-3.301000
-20.777000
-23.365999
-7.184500
10.939000
-14.304000
18.058001
40.712002
1.229800
13.528000
13.528000
3.171500
1.229800
23.236000
18.705999
4.466000
16.764000
15.469000
18.058001
11.586000
17.410999
2.524300
10.939000
17.410999
11.586000
3.171500
7.702300
5.113300
-7.184500
-7.184500
-11.715000
-9.126200
-4.595500
-3.948200
-3.948200
-0.064720
-2.006500
0.582520
7.055000
-0.064720
-0.711970
1.229800
-18.188000
-2.006500
3.171500
-5.890000
-13.010000
5.760500
-7.831700
-33.074001
-13.010000
-27.896000
-7.184500
-14.951000
-11.068000
4.466000
-3.948200
-5.242700
-1.359200
-14.304000
-11.715000
-24.660000
-13.010000
-5.890000
-17.540001
-13.010000
-9.773500
-16.893000
-10.421000
-25.306999
1.229800
1.877000
-13.010000
-5.242700
6.407800
3.818800
3.818800
-5.890000
0.582520
12.233000
27.120001
1.877000
10.291000
-7.184500
-2.006500
-10.421000
-10.421000
-3.301000
-13.010000
-4.595500
-8.479000
-12.362000
-0.711970
-0.711970
-2.653700
5.113300
-7.184500
12.233000
-7.831700
-17.540001
15.469000
3.818800
13.528000
9.644000
-2.653700
20.646999
-11.068000
-14.951000
-22.070999
-18.834999
1.877000
-20.129000
-14.304000
-16.246000
3.171500
-2.006500
13.528000
7.055000
15.469000
14.175000
7.055000
1.877000
18.058001
7.702300
-3.948200
8.349500
10.291000
10.291000
12.233000
-0.064720
0.582520
8.996800
8.349500
12.880000
-5.242700
1.229800
20.000000
-2.653700
9.644000
14.822000
20.000000
45.243000
16.117001
20.646999
6.407800
-3.948200
-0.064720
-13.010000
2.524300
2.524300
-1.359200
-16.246000
7.055000
4.466000
3.171500
-2.006500
5.760500
-22.718000
-6.537200
-15.599000
-14.304000
7.702300
0.582520
3.818800
-1.359200
2.524300
-3.301000
1.877000
-13.657000
-11.068000
0.582520
3.171500
-5.242700
8.996800
-4.595500
-0.711970
5.113300
7.702300
2.524300
2.524300
8.996800
35.534000
10.291000
7.702300
8.349500
7.055000
5.113300
-10.421000
-6.537200
-3.948200
-3.948200
-10.421000
-22.718000
-20.777000
-19.482000
-20.777000
-27.896000
-9.773500
-2.653700
-7.184500
20.000000
14.175000
-1.359200
1.877000
4.466000
16.117001
28.414000
8.996800
8.996800
-1.359200
12.880000
12.880000
-1.359200
-9.773500
-10.421000
-19.482000
-22.070999
-3.948200
-0.711970
4.466000
-2.006500
1.877000
-0.711970
-26.601999
5.113300
3.818800
-7.184500
3.171500
-9.126200
19.353001
-5.890000
3.171500
24.531000
19.353001
10.291000
9.644000
7.702300
18.705999
-1.359200
10.939000
3.171500
-10.421000
8.349500
-4.595500
-7.831700
-8.479000
-7.831700
-3.301000
-2.006500
3.171500
-11.068000
8.349500
7.055000
-3.301000
8.996800
-18.834999
-18.188000
7.055000
-22.070999
1.877000
4.466000
8.349500
-13.657000
-8.479000
-22.718000
-23.365999
-20.777000
-25.955000
-9.773500
-6.537200
10.291000
18.058001
28.414000
31.003000
29.061001
40.712002
31.003000
9.644000
-2.006500
15.469000
-6.537200
-4.595500
-2.653700
-21.424000
2.524300
-13.657000
-13.010000
-8.479000
-14.951000
-7.831700
-13.657000
-11.068000
-22.070999
-13.657000
-11.068000
-5.242700
0.582520
3.818800
19.353001
1.229800
5.760500
0.582520
1.877000
8.996800
5.113300
3.171500
4.466000
19.353001
16.764000
21.294001
18.705999
13.528000
30.356001
3.171500
-0.711970
3.171500
-2.653700
-4.595500
9.644000
-12.362000
-21.424000
-20.777000
-2.006500
-3.301000
-3.948200
-20.129000
-16.893000
-18.834999
-11.715000
-13.010000
-9.773500
1.877000
-18.188000
-7.184500
-5.890000
0.582520
-5.890000
-13.010000
-6.537200
4.466000
-5.890000
2.524300
9.644000
12.880000
10.939000
3.171500
41.359001
21.294001
5.113300
7.055000
7.702300
21.294001
19.353001
16.764000
29.709000
18.058001
9.644000
16.117001
8.996800
-0.711970
5.113300
-15.599000
-19.482000
-20.777000
-13.010000
-36.311001
-27.249001
-14.304000
-11.715000
-9.126200
5.113300
7.702300
31.650000
-3.301000
-2.006500
21.294001
21.294001
23.236000
12.233000
10.291000
12.880000
14.175000
3.171500
12.880000
-0.711970
8.996800
-9.773500
-0.711970
-4.595500
-14.951000
-3.948200
-19.482000
-28.544001
-7.184500
-9.773500
2.524300
8.349500
20.000000
19.353001
14.822000
0.582520
5.113300
4.466000
2.524300
8.349500
5.113300
-7.831700
-6.537200
4.466000
0.582520
1.229800
2.524300
3.818800
9.644000
-1.359200
-0.711970
-0.064720
10.939000
-22.070999
-9.773500
-7.184500
-13.010000
16.764000
11.586000
8.996800
5.760500
-8.479000
-3.301000
5.113300
0.582520
-15.599000
-19.482000
5.113300
-7.184500
-29.191000
7.702300
1.229800
-16.246000
-4.595500
-2.006500
2.524300
7.702300
10.939000
11.586000
11.586000
21.941999
29.709000
4.466000
1.877000
1.877000
1.877000
15.469000
1.877000
-5.242700
3.171500
2.524300
5.760500
-14.304000
-9.773500
-22.070999
-3.301000
-5.890000
-9.126200
-9.773500
-2.653700
-16.246000
1.877000
12.880000
17.410999
35.534000
10.291000
-1.359200
12.880000
-5.890000
12.880000
-5.242700
10.291000
12.233000
15.469000
5.113300
-5.890000
1.229800
-0.711970
-10.421000
-27.249001
3.818800
3.171500
-26.601999
-5.890000
-19.482000
-12.362000
5.760500
-5.890000
-2.006500
12.880000
-0.064720
4.466000
-0.064720
-7.831700
-5.242700
3.818800
-11.715000
-11.068000
-4.595500
10.939000
16.764000
-8.479000
1.229800
8.349500
-9.773500
-2.653700
-2.653700
0.582520
-3.301000
4.466000
-9.126200
-18.188000
-3.301000
1.877000
-8.479000
-10.421000
3.818800
-18.188000
-11.068000
4.466000
-5.890000
-1.359200
20.000000
3.818800
-7.184500
-0.064720
-5.890000
8.996800
-10.421000
-11.715000
-7.184500
-6.537200
-3.301000
7.055000
15.469000
19.353001
15.469000
-2.006500
9.644000
10.291000
4.466000
-8.479000
8.349500
9.644000
12.880000
19.353001
21.294001
19.353001
3.171500
7.055000
-0.064720
-5.890000
-14.304000
-10.421000
2.524300
16.117001
-13.010000
-5.242700
3.818800
-1.359200
6.407800
1.877000
2.524300
16.764000
3.818800
16.117001
11.586000
18.058001
16.117001
12.233000
12.233000
5.760500
-1.359200
-7.831700
-7.831700
-16.893000
-16.893000
-0.711970
-12.362000
-13.010000
2.524300
-21.424000
-6.537200
-32.426998
5.760500
11.586000
7.055000
-2.006500
-5.890000
3.171500
-5.242700
-3.948200
-7.184500
-30.485001
-3.948200
-21.424000
-8.479000
4.466000
3.818800
-0.711970
-1.359200
3.171500
-2.653700
5.760500
7.055000
2.524300
14.822000
-6.537200
-11.715000
-4.595500
-15.599000
-14.304000
-16.893000
-20.129000
-3.948200
-12.362000
-10.421000
7.055000
-17.540001
-12.362000
-5.890000
1.877000
16.117001
7.702300
-4.595500
10.291000
3.818800
12.880000
25.825001
16.117001
-1.359200
27.767000
-1.359200
7.702300
12.233000
3.171500
7.055000
-14.304000
-4.595500
-7.831700
-15.599000
-0.711970
-1.359200
-22.070999
0.582520
-1.359200
-3.948200
-12.362000
1.877000
11.586000
-11.715000
-13.657000
1.877000
-5.242700
-2.006500
-2.653700
-15.599000
-15.599000
-1.359200
