-10.561000
-12.541000
-9.901000
0.000000
-5.940600
-1.320100
-2.640300
-1.980200
4.620500
1.980200
0.000000
1.320100
-14.521000
-16.502001
-13.861000
-14.521000
-11.881000
-7.920800
-3.960400
-7.260700
-4.620500
-3.960400
-1.980200
2.640300
-0.660070
-0.660070
1.980200
-0.660070
13.861000
11.221000
6.600700
5.940600
7.920800
3.300300
-0.660070
5.940600
-9.901000
-19.142000
-23.101999
-20.462000
-22.441999
-13.861000
-5.280500
-5.940600
6.600700
11.881000
11.221000
17.822001
15.842000
13.201000
25.743000
13.861000
15.842000
19.802000
15.182000
10.561000
9.901000
0.660070
-2.640300
-13.201000
-17.822001
-9.240900
-10.561000
-7.920800
-5.940600
5.940600
-1.320100
1.980200
-7.920800
-5.940600
-6.600700
-7.920800
2.640300
10.561000
16.502001
8.580900
8.580900
12.541000
5.280500
4.620500
7.260700
13.861000
17.162001
16.502001
16.502001
9.240900
11.881000
11.221000
8.580900
-3.300300
-3.960400
-0.660070
-1.980200
-4.620500
-9.240900
-16.502001
-17.162001
-9.901000
-13.861000
-11.221000
-8.580900
-0.660070
-1.320100
1.980200
-7.920800
1.320100
1.980200
-2.640300
-2.640300
6.600700
7.920800
-0.660070
0.660070
-3.300300
-3.960400
-7.260700
-6.600700
-1.980200
1.980200
0.000000
0.000000
3.300300
6.600700
8.580900
0.000000
7.260700
-0.660070
-5.940600
-5.940600
-5.940600
-4.620500
-9.901000
-5.940600
10.561000
11.881000
14.521000
17.822001
24.422001
21.782000
21.122000
13.861000
5.280500
-1.980200
-9.240900
-1.980200
-4.620500
-1.980200
-5.940600
-9.901000
-3.960400
1.320100
-11.881000
-13.201000
-17.822001
-15.182000
-7.920800
-9.901000
0.000000
1.980200
1.980200
3.960400
-4.620500
-7.260700
0.660070
-5.940600
1.980200
1.980200
-1.980200
-6.600700
-5.280500
5.940600
7.260700
6.600700
7.920800
5.280500
13.861000
18.482000
16.502001
11.881000
0.000000
10.561000
3.300300
0.000000
6.600700
0.660070
5.280500
14.521000
9.240900
5.280500
4.620500
-0.660070
-3.300300
-7.260700
-6.600700
-5.940600
-1.320100
-6.600700
-3.300300
-9.901000
-3.960400
-9.240900
-9.240900
-3.300300
-17.162001
-19.142000
-9.240900
-11.221000
-15.842000
-15.842000
-16.502001
-6.600700
-13.201000
-0.660070
-1.320100
8.580900
13.201000
11.221000
3.960400
-7.260700
-17.162001
-16.502001
-13.201000
-11.881000
-13.861000
-9.901000
-1.320100
-5.280500
2.640300
-1.980200
-6.600700
-7.260700
-11.881000
-6.600700
-1.320100
2.640300
10.561000
23.761999
18.482000
13.861000
12.541000
7.260700
4.620500
10.561000
-0.660070
-3.960400
2.640300
-3.300300
-2.640300
-4.620500
0.660070
9.240900
0.000000
-0.660070
6.600700
5.280500
-2.640300
1.980200
0.000000
-5.940600
-3.300300
1.320100
4.620500
5.940600
2.640300
0.000000
3.960400
-1.980200
19.142000
14.521000
9.240900
14.521000
11.221000
16.502001
8.580900
13.201000
12.541000
14.521000
5.280500
11.221000
9.240900
-7.260700
-6.600700
-7.260700
5.280500
-1.320100
0.000000
3.960400
0.000000
-6.600700
-5.280500
-13.201000
-12.541000
-4.620500
-5.940600
-11.221000
5.280500
13.201000
-2.640300
-6.600700
-7.920800
-2.640300
3.960400
4.620500
3.300300
4.620500
-0.660070
5.280500
-3.300300
1.320100
4.620500
3.300300
1.980200
6.600700
1.980200
6.600700
7.920800
7.260700
9.901000
12.541000
7.260700
-0.660070
-4.620500
-4.620500
-7.260700
-11.221000
-5.280500
-6.600700
0.660070
0.000000
-3.300300
-0.660070
5.940600
1.980200
6.600700
-1.320100
0.000000
-5.940600
-17.822001
-13.861000
-9.901000
-17.162001
-14.521000
-10.561000
-1.980200
0.660070
3.960400
9.240900
6.600700
3.960400
2.640300
-3.300300
0.000000
3.300300
3.300300
-3.300300
4.620500
-1.320100
0.000000
-3.300300
-11.221000
-11.881000
-17.822001
-15.842000
-18.482000
-4.620500
7.920800
12.541000
18.482000
17.822001
17.822001
20.462000
21.122000
14.521000
9.901000
9.240900
14.521000
10.561000
1.980200
-3.960400
-11.881000
-11.221000
-9.240900
-9.240900
-3.960400
-3.300300
-2.640300
-8.580900
-9.901000
-8.580900
-6.600700
-2.640300
7.260700
12.541000
6.600700
4.620500
13.861000
8.580900
11.221000
10.561000
7.260700
-3.300300
-11.221000
-7.260700
-13.201000
-11.221000
-9.240900
-9.901000
-1.320100
-13.201000
-11.881000
-11.881000
-15.842000
-9.240900
-7.920800
-12.541000
-1.320100
-3.300300
-7.920800
-10.561000
-3.960400
-3.960400
0.000000
-10.561000
-16.502001
-3.960400
-1.320100
0.660070
-3.300300
-9.901000
-5.940600
1.320100
-5.280500
-0.660070
1.320100
1.320100
7.260700
11.221000
1.320100
8.580900
12.541000
9.240900
6.600700
6.600700
-0.660070
0.660070
3.300300
1.980200
-3.300300
-5.280500
7.920800
-9.901000
0.000000
-5.280500
-3.960400
-3.300300
-3.960400
-3.960400
-2.640300
0.000000
-5.940600
0.000000
8.580900
21.122000
23.101999
20.462000
13.201000
8.580900
5.940600
3.300300
-11.221000
-11.221000
-14.521000
-13.861000
2.640300
8.580900
3.300300
3.300300
1.980200
0.000000
1.980200
5.940600
5.940600
7.260700
10.561000
-2.640300
5.280500
9.901000
8.580900
10.561000
2.640300
5.940600
2.640300
-9.901000
-10.561000
-5.940600
-6.600700
-2.640300
-5.280500
-6.600700
5.280500
14.521000
15.842000
9.901000
6.600700
6.600700
1.320100
-4.620500
-1.320100
1.320100
1.320100
1.320100
3.960400
6.600700
9.901000
10.561000
17.162001
14.521000
7.920800
3.960400
2.640300
6.600700
5.940600
3.300300
2.640300
-1.980200
-5.280500
-7.920800
-13.201000
-15.182000
-16.502001
-10.561000
-7.920800
3.960400
-0.660070
-1.320100
1.980200
-2.640300
9.240900
17.162001
7.920800
3.300300
21.782000
14.521000
11.881000
1.320100
9.901000
12.541000
11.881000
1.980200
-3.300300
-5.280500
-14.521000
-20.462000
-21.782000
-26.403000
-28.382999
-34.323002
-21.782000
-4.620500
-3.960400
5.940600
0.000000
-3.960400
0.000000
19.802000
17.162001
21.782000
17.162001
12.541000
18.482000
10.561000
7.260700
-10.561000
-9.901000
-19.142000
-25.083000
-24.422001
-21.782000
-19.142000
-3.300300
-5.940600
-12.541000
-11.881000
-10.561000
-11.881000
-11.881000
-5.940600
1.320100
4.620500
7.920800
10.561000
8.580900
16.502001
12.541000
18.482000
22.441999
9.240900
6.600700
-5.280500
2.640300
1.980200
7.260700
6.600700
6.600700
7.260700
9.901000
15.182000
13.861000
-2.640300
-1.980200
-3.300300
-1.320100
-5.940600
-8.580900
-12.541000
-13.861000
-2.640300
-4.620500
-20.462000
-7.260700
-11.881000
-10.561000
2.640300
-15.182000
-13.201000
-13.861000
-13.201000
-10.561000
3.960400
7.260700
9.240900
19.142000
19.802000
20.462000
21.782000
27.723000
17.162001
-0.660070
-4.620500
3.300300
4.620500
-4.620500
-13.201000
-11.221000
-5.280500
-1.980200
-3.960400
-3.300300
-7.260700
-12.541000
-11.881000
-10.561000
-10.561000
2.640300
7.260700
11.221000
10.561000
9.240900
10.561000
0.660070
7.920800
-11.881000
-16.502001
-15.842000
-9.240900
-2.640300
11.221000
18.482000
18.482000
27.723000
18.482000
13.201000
8.580900
9.240900
0.660070
3.960400
9.240900
9.901000
3.300300
-3.300300
-15.182000
-17.162001
-6.600700
-7.260700
-10.561000
-20.462000
-21.782000
-23.101999
-5.280500
-13.861000
-11.221000
-8.580900
-27.723000
-11.881000
0.660070
-3.300300
2.640300
1.980200
1.980200
11.221000
12.541000
16.502001
17.162001
15.842000
14.521000
17.162001
19.802000
22.441999
9.240900
9.240900
12.541000
7.260700
5.940600
3.300300
0.660070
-3.960400
-1.320100
0.000000
-3.960400
-9.240900
-9.901000
-9.240900
-10.561000
-8.580900
0.660070
-8.580900
-9.901000
-7.920800
-1.980200
11.881000
17.162001
15.182000
13.201000
4.620500
3.960400
21.782000
17.162001
15.182000
6.600700
4.620500
2.640300
-5.280500
-1.320100
1.320100
-1.980200
4.620500
3.960400
-1.980200
-3.300300
7.920800
12.541000
1.980200
0.000000
9.901000
16.502001
19.802000
18.482000
17.162001
19.142000
19.802000
13.201000
7.920800
8.580900
-0.660070
-0.660070
-2.640300
-14.521000
-12.541000
-8.580900
-3.300300
3.960400
2.640300
9.240900
3.960400
-1.980200
3.300300
1.320100
0.000000
-4.620500
-12.541000
-13.201000
-18.482000
-5.940600
-9.240900
-5.940600
-9.240900
-15.182000
-5.940600
-2.640300
-0.660070
-8.580900
-7.920800
0.660070
-15.182000
-13.201000
-11.881000
-11.881000
-12.541000
-20.462000
-14.521000
-12.541000
-7.920800
0.660070
-1.320100
4.620500
14.521000
13.201000
-1.320100
2.640300
-2.640300
6.600700
3.300300
1.980200
-2.640300
1.320100
5.940600
7.920800
-5.280500
-9.240900
-14.521000
-11.221000
-17.822001
-18.482000
-17.822001
-14.521000
-5.280500
0.660070
5.940600
8.580900
27.723000
20.462000
25.743000
11.881000
11.221000
11.881000
3.960400
9.240900
10.561000
5.280500
4.620500
-0.660070
0.660070
-1.320100
-5.940600
-6.600700
-3.960400
-3.300300
-6.600700
0.000000
-3.300300
1.980200
9.901000
7.920800
5.940600
-1.980200
-4.620500
-2.640300
-10.561000
-13.861000
-10.561000
-13.201000
-7.260700
-2.640300
16.502001
17.162001
24.422001
10.561000
1.980200
12.541000
12.541000
11.221000
17.162001
18.482000
9.240900
8.580900
9.240900
-9.240900
-4.620500
-4.620500
-9.901000
-1.320100
-10.561000
-10.561000
-12.541000
-10.561000
-3.960400
0.000000
1.320100
-10.561000
-13.201000
-11.221000
-12.541000
-15.842000
-15.182000
-19.802000
-7.260700
-17.162001
-17.822001
-12.541000
-7.920800
8.580900
7.260700
2.640300
-1.320100
-0.660070
-3.300300
-4.620500
-1.320100
-3.960400
7.260700
12.541000
9.240900
12.541000
0.000000
3.300300
-3.300300
-13.201000
-13.861000
-15.182000
-4.620500
-1.980200
-7.260700
-2.640300
-6.600700
-12.541000
-3.960400
-7.260700
-1.980200
6.600700
11.221000
5.280500
15.842000
24.422001
20.462000
27.723000
29.042999
21.122000
18.482000
14.521000
7.920800
11.221000
16.502001
11.881000
3.300300
1.320100
-6.600700
-12.541000
-13.201000
-11.881000
-6.600700
3.300300
6.600700
-9.240900
-3.300300
-1.320100
-3.960400
-7.920800
-10.561000
-11.881000
-9.240900
-11.221000
5.280500
-0.660070
5.940600
4.620500
5.940600
2.640300
-3.300300
3.300300
4.620500
10.561000
5.280500
-11.881000
-12.541000
-11.221000
-15.182000
-18.482000
-19.142000
-17.822001
-13.201000
6.600700
-1.980200
3.960400
0.000000
-7.260700
1.320100
7.260700
12.541000
9.240900
9.240900
11.881000
11.221000
9.901000
17.162001
9.240900
1.320100
-3.300300
-9.240900
-3.300300
-5.940600
-14.521000
-1.980200
-5.940600
-13.201000
-15.842000
-15.842000
-5.280500
-8.580900
-2.640300
-3.960400
-2.640300
5.940600
-9.240900
3.300300
0.660070
-2.640300
8.580900
9.901000
5.940600
6.600700
-5.940600
1.980200
-4.620500
3.960400
