-3.682500
-7.492100
-6.222200
-5.587300
-7.492100
-3.047600
3.301600
-1.142900
2.031700
-3.047600
-1.142900
2.031700
-7.492100
-4.317500
-6.222200
-10.667000
-13.206000
-2.412700
3.936500
0.126980
0.126980
0.126980
-3.047600
2.666700
-0.507940
-1.777800
-9.396800
-17.016001
-19.556000
-25.270000
-16.381001
-2.412700
5.841300
11.556000
9.015900
14.095000
15.365000
13.460000
14.095000
19.809999
14.095000
12.190000
14.095000
1.396800
4.571400
7.111100
-4.317500
1.396800
-4.317500
-7.492100
-3.047600
-10.032000
-8.761900
0.126980
2.666700
-1.777800
-1.777800
0.761900
0.761900
6.476200
5.206300
10.921000
12.190000
12.825000
14.730000
15.365000
7.746000
3.936500
-1.777800
-2.412700
-7.492100
-11.302000
-11.937000
-8.127000
-4.952400
-4.317500
-3.047600
-0.507940
0.761900
-1.142900
-1.142900
1.396800
5.841300
4.571400
3.301600
8.381000
15.365000
23.618999
22.349001
17.905001
12.825000
5.206300
-2.412700
-11.302000
-19.556000
-22.094999
-19.556000
-15.111000
-18.285999
-13.841000
-11.302000
-6.857100
2.666700
8.381000
2.031700
7.111100
10.286000
2.666700
-4.317500
0.761900
-2.412700
0.126980
7.746000
2.666700
-0.507940
2.666700
2.031700
-0.507940
3.301600
2.031700
3.936500
6.476200
9.650800
6.476200
1.396800
8.381000
2.666700
-6.222200
-6.222200
-1.777800
3.301600
1.396800
6.476200
10.921000
7.746000
1.396800
5.206300
7.111100
4.571400
1.396800
-1.142900
3.301600
1.396800
1.396800
5.841300
-1.142900
3.301600
9.015900
2.666700
10.921000
10.286000
2.031700
0.126980
-4.317500
-1.777800
-2.412700
-11.937000
-15.111000
-11.302000
-11.302000
-3.682500
-6.857100
-8.127000
-6.857100
-3.047600
2.666700
-4.952400
-15.111000
-23.365000
-21.459999
-9.396800
-1.777800
5.841300
10.921000
10.286000
15.365000
17.270000
22.983999
21.714001
11.556000
3.936500
-2.412700
-0.507940
3.301600
-1.142900
-2.412700
-1.142900
-8.761900
-11.302000
-13.841000
-18.285999
-16.381001
-9.396800
-5.587300
-1.142900
3.301600
10.286000
16.635000
9.015900
10.921000
9.015900
0.761900
-4.952400
-15.746000
-13.841000
-10.032000
-13.206000
-13.841000
-15.111000
-17.650999
-15.111000
-14.476000
-8.761900
-8.127000
-6.222200
0.126980
5.206300
5.841300
3.936500
0.761900
0.761900
0.761900
0.761900
-0.507940
-6.857100
-4.952400
-3.047600
-2.412700
-8.127000
-12.571000
-6.222200
-8.127000
-2.412700
3.936500
7.746000
17.905001
21.714001
16.000000
16.635000
17.270000
16.000000
14.095000
13.460000
7.746000
4.571400
3.301600
-1.777800
-1.142900
-1.142900
4.571400
13.460000
7.111100
5.206300
5.841300
7.111100
0.761900
7.111100
9.015900
2.666700
-1.142900
-6.857100
-11.937000
-10.667000
-13.841000
-15.746000
-12.571000
-17.016001
-1.142900
-5.587300
-9.396800
-1.142900
-1.777800
1.396800
-1.777800
3.301600
12.825000
11.556000
10.286000
14.095000
15.365000
9.650800
6.476200
0.126980
1.396800
-3.047600
-6.222200
-5.587300
-14.476000
-8.761900
-4.952400
-10.667000
-11.937000
-7.492100
-0.507940
4.571400
12.190000
16.000000
11.556000
6.476200
2.666700
5.206300
-0.507940
-6.222200
-4.952400
-3.682500
-1.142900
4.571400
-1.142900
-1.142900
3.301600
3.301600
-3.047600
-1.142900
-4.317500
2.031700
5.841300
12.825000
17.270000
14.730000
14.095000
13.460000
5.841300
7.111100
-1.142900
-2.412700
-6.222200
-8.127000
-0.507940
-0.507940
-3.047600
-6.857100
-10.667000
-13.841000
-11.302000
-11.302000
-4.317500
-1.777800
-1.777800
1.396800
2.031700
0.761900
0.126980
-1.777800
2.031700
3.936500
3.936500
-1.142900
-6.222200
-8.127000
-4.952400
-11.302000
-13.841000
-13.841000
-15.111000
-11.937000
-3.682500
2.666700
8.381000
6.476200
5.841300
7.111100
0.761900
2.666700
1.396800
8.381000
9.650800
8.381000
5.206300
-3.682500
-3.047600
-5.587300
-1.142900
-1.777800
-4.317500
-4.952400
-1.777800
-0.507940
-4.952400
-1.142900
0.126980
2.031700
7.111100
14.095000
14.730000
8.381000
-1.142900
-3.682500
-3.047600
-4.317500
-6.857100
-10.032000
-9.396800
-8.127000
-5.587300
-3.047600
0.761900
-2.412700
-3.047600
-4.952400
-6.857100
-4.317500
-4.952400
-8.127000
0.126980
-1.777800
-3.682500
-6.222200
-2.412700
-8.761900
-10.667000
-6.222200
-12.571000
-11.937000
-7.492100
-8.761900
4.571400
12.825000
12.190000
15.365000
22.983999
14.730000
13.460000
8.381000
2.031700
8.381000
5.206300
5.206300
5.206300
3.301600
6.476200
10.921000
7.111100
5.206300
0.126980
-2.412700
-1.777800
-6.222200
-17.650999
-4.952400
7.746000
9.015900
5.841300
9.015900
7.111100
12.190000
10.921000
7.746000
-2.412700
-7.492100
-5.587300
-15.746000
-9.396800
-3.682500
-3.047600
-0.507940
6.476200
5.841300
7.111100
6.476200
-3.047600
0.761900
1.396800
-1.142900
-3.682500
-6.857100
-1.142900
-1.142900
3.936500
0.761900
3.301600
7.746000
-2.412700
-8.761900
-6.857100
-8.761900
-7.492100
1.396800
2.031700
0.126980
5.206300
3.301600
0.126980
9.650800
12.825000
3.936500
4.571400
3.301600
-4.952400
-1.142900
2.031700
0.761900
-0.507940
0.761900
4.571400
2.666700
-0.507940
-6.222200
-6.222200
-7.492100
-2.412700
-10.032000
-10.667000
-1.142900
1.396800
4.571400
0.761900
-5.587300
-13.206000
-6.857100
-7.492100
-13.206000
-11.302000
-11.302000
-16.381001
-7.492100
5.841300
14.730000
16.635000
16.000000
16.635000
16.000000
5.841300
-3.047600
-4.317500
-17.650999
-15.746000
-13.841000
-12.571000
-8.761900
-4.317500
4.571400
3.936500
5.841300
12.190000
11.556000
13.460000
5.841300
1.396800
5.841300
-5.587300
-8.761900
9.015900
14.095000
17.905001
15.365000
19.809999
23.618999
28.698000
19.809999
10.286000
5.206300
-3.047600
-11.937000
-17.016001
-15.746000
-15.746000
-14.476000
-1.777800
7.111100
-1.142900
-2.412700
-4.952400
-13.841000
-18.285999
-4.952400
-8.761900
-10.032000
-7.492100
-4.317500
-0.507940
7.111100
8.381000
9.015900
12.190000
4.571400
3.936500
-2.412700
-7.492100
-13.206000
-13.206000
-18.921000
-25.270000
-16.381001
-6.222200
-3.682500
2.666700
2.031700
3.936500
2.031700
7.111100
6.476200
0.126980
0.126980
-3.047600
4.571400
10.286000
7.111100
3.936500
-0.507940
10.286000
9.015900
0.126980
-1.777800
0.126980
-1.777800
0.761900
4.571400
3.936500
2.666700
0.126980
0.126980
2.031700
2.031700
0.126980
-2.412700
-6.857100
-6.857100
-8.761900
-13.206000
7.746000
3.936500
0.761900
8.381000
0.761900
1.396800
-2.412700
-7.492100
-8.761900
-6.857100
-17.650999
-15.746000
0.761900
2.031700
-1.142900
3.301600
16.000000
10.921000
-4.952400
-13.206000
-13.206000
-13.841000
-8.761900
-8.127000
-6.222200
2.666700
10.286000
16.000000
13.460000
15.365000
10.286000
5.206300
3.301600
-6.222200
-6.222200
1.396800
13.460000
12.825000
16.000000
14.730000
7.746000
7.111100
2.666700
2.666700
-0.507940
0.126980
-1.777800
5.206300
11.556000
14.095000
25.524000
25.524000
21.079000
22.983999
18.540001
8.381000
5.206300
9.650800
10.286000
7.746000
3.936500
0.126980
-1.777800
0.126980
0.126980
-3.682500
-10.667000
-8.761900
-8.761900
5.841300
0.761900
-0.507940
0.761900
-8.761900
3.936500
3.301600
-2.412700
-0.507940
-8.761900
-4.317500
-1.777800
-1.777800
-2.412700
2.666700
-3.682500
-4.317500
1.396800
3.936500
7.746000
2.666700
5.206300
10.921000
16.000000
19.174999
19.809999
23.618999
12.190000
9.015900
6.476200
-5.587300
-12.571000
-15.111000
-10.667000
-7.492100
-8.127000
-10.667000
-8.127000
0.126980
0.761900
0.126980
0.126980
-4.317500
-1.777800
3.301600
-8.127000
-10.667000
-2.412700
-4.952400
-9.396800
-4.952400
-5.587300
-1.142900
-1.142900
5.206300
7.746000
9.015900
6.476200
2.666700
2.666700
-1.142900
3.301600
-0.507940
-7.492100
-4.952400
7.111100
9.015900
12.825000
7.111100
1.396800
-7.492100
-8.761900
-13.206000
-12.571000
-11.302000
-16.381001
-10.032000
-8.761900
-10.032000
5.206300
9.650800
5.841300
4.571400
-3.047600
-4.317500
-8.127000
-16.381001
-17.650999
-20.825001
-18.921000
-17.016001
-8.127000
1.396800
-6.222200
5.841300
16.000000
14.095000
19.174999
8.381000
11.556000
10.286000
-1.777800
-5.587300
-8.127000
2.666700
3.936500
2.031700
5.206300
8.381000
2.666700
4.571400
5.841300
5.841300
2.031700
5.841300
4.571400
5.841300
9.650800
5.206300
-4.952400
-1.777800
-6.222200
-1.777800
2.666700
0.126980
-6.857100
-4.317500
-0.507940
5.841300
0.126980
-2.412700
-8.127000
-4.317500
-5.587300
-8.127000
-4.952400
-6.857100
-2.412700
7.111100
10.921000
7.746000
15.365000
9.650800
10.286000
7.111100
3.936500
2.031700
-4.317500
4.571400
10.286000
8.381000
14.095000
14.730000
17.270000
14.095000
10.921000
3.936500
4.571400
-2.412700
-16.381001
-25.270000
-33.523998
-29.714001
-24.000000
-20.825001
-13.206000
-8.761900
-7.492100
-2.412700
-1.142900
5.841300
13.460000
14.730000
15.365000
12.190000
19.174999
21.714001
28.063000
19.174999
10.921000
10.921000
3.301600
-15.746000
-17.650999
-13.841000
-19.556000
-15.111000
-13.206000
-26.540001
-18.921000
-9.396800
1.396800
9.015900
7.111100
8.381000
8.381000
14.095000
17.270000
7.746000
4.571400
-3.682500
-10.667000
-13.841000
-17.016001
-19.556000
-22.094999
-18.285999
-11.302000
-10.032000
-6.222200
0.126980
0.761900
7.746000
2.666700
-3.682500
-4.952400
-11.937000
-12.571000
-10.667000
-7.492100
-8.127000
-4.952400
-6.857100
-2.412700
3.301600
-9.396800
-4.952400
1.396800
-4.952400
-9.396800
-4.952400
7.111100
12.190000
11.556000
7.111100
2.031700
-0.507940
1.396800
2.666700
2.666700
3.301600
6.476200
9.650800
19.809999
23.618999
26.159000
27.429001
31.872999
20.444000
7.746000
0.761900
-1.777800
-1.777800
3.936500
5.841300
5.841300
7.111100
0.126980
-8.127000
-7.492100
-15.111000
-11.937000
-5.587300
-10.667000
-15.746000
-10.032000
-10.667000
-11.937000
-8.761900
-11.302000
-10.032000
-6.857100
-4.952400
1.396800
-4.317500
-6.222200
-6.857100
-13.206000
-15.111000
-6.857100
3.936500
7.746000
17.905001
9.650800
-5.587300
-7.492100
-10.667000
-10.032000
-11.937000
-13.841000
-13.841000
-11.302000
5.841300
-0.507940
7.111100
11.556000
15.365000
20.444000
18.540001
19.174999
12.190000
7.111100
7.746000
2.666700
6.476200
9.650800
4.571400
2.031700
5.206300
3.301600
3.936500
5.206300
-0.507940
7.111100
-4.952400
-13.841000
-15.746000
-15.111000
-8.761900
-3.047600
1.396800
7.111100
9.015900
12.825000
8.381000
21.079000
24.254000
19.174999
21.079000
15.365000
16.000000
10.286000
3.936500
7.111100
3.301600
5.206300
