-10.095000
-13.270000
-9.460300
-14.540000
-6.920600
-5.015900
-5.650800
-3.746000
-5.650800
-6.920600
-3.746000
1.333300
0.698410
7.047600
1.333300
12.762000
11.492000
11.492000
12.127000
5.777800
12.762000
1.333300
0.063490
3.873000
-2.476200
-5.015900
-4.381000
-5.650800
-4.381000
5.777800
4.507900
8.317500
14.667000
10.857000
-6.285700
4.507900
5.142900
-11.365000
-7.555600
-0.571430
-9.460300
-13.905000
-7.555600
-9.460300
-6.920600
-13.270000
-6.285700
1.333300
-2.476200
0.698410
8.952400
2.603200
-1.206300
-1.206300
5.142900
0.063490
-10.095000
-10.095000
-9.460300
-3.746000
-1.206300
9.587300
10.857000
13.397000
15.937000
16.570999
10.857000
14.032000
6.412700
0.063490
-11.365000
-15.810000
-14.540000
-1.206300
-6.285700
-8.190500
-3.111100
-7.555600
-7.555600
-6.920600
-8.825400
7.047600
2.603200
-4.381000
1.968300
2.603200
3.238100
12.762000
10.857000
10.857000
3.238100
8.952400
3.873000
3.873000
0.063490
-5.650800
-0.571430
8.317500
-2.476200
3.873000
1.333300
0.698410
0.063490
-1.841300
-15.175000
-12.000000
-6.285700
-10.730000
-14.540000
-12.635000
-3.111100
2.603200
1.968300
0.698410
5.777800
-1.206300
7.682500
4.507900
1.333300
8.952400
-0.571430
3.238100
7.047600
5.142900
-8.190500
-6.920600
-0.571430
-1.206300
3.873000
1.333300
2.603200
15.302000
13.397000
18.476000
15.937000
11.492000
14.032000
7.682500
17.205999
14.032000
0.698410
-0.571430
-10.730000
-5.650800
-8.190500
-16.444000
-15.810000
-8.825400
-13.905000
-7.555600
1.968300
-5.015900
-4.381000
-8.190500
-1.841300
-3.111100
-1.841300
5.777800
0.698410
-3.111100
1.968300
-8.825400
-10.730000
-5.015900
3.238100
-0.571430
-13.270000
-18.983999
-15.175000
-6.285700
5.142900
7.047600
7.047600
8.952400
8.952400
9.587300
12.127000
16.570999
14.667000
6.412700
4.507900
-3.746000
-3.111100
5.142900
-6.920600
-4.381000
1.968300
-4.381000
-3.111100
-3.111100
-3.111100
-8.825400
-3.746000
-11.365000
-8.825400
-1.206300
1.968300
4.507900
-1.206300
5.777800
15.302000
12.127000
2.603200
-4.381000
-3.111100
-1.206300
-8.190500
-11.365000
-3.746000
-3.746000
-1.206300
-7.555600
-2.476200
-3.111100
-5.650800
-8.825400
-10.730000
-1.841300
-7.555600
-22.794001
-17.079000
-4.381000
-1.206300
0.698410
19.111000
20.381001
19.746000
25.459999
14.667000
5.142900
6.412700
3.873000
0.063490
-1.206300
3.238100
11.492000
14.667000
11.492000
15.302000
12.762000
1.968300
-12.635000
-6.285700
-10.730000
-19.618999
-20.889000
-16.444000
-9.460300
-6.920600
13.397000
19.746000
15.937000
24.190001
28.000000
31.809999
24.190001
18.476000
8.952400
1.968300
-5.015900
-14.540000
-10.095000
-16.444000
-24.698000
-23.429001
-14.540000
-13.905000
1.968300
5.142900
1.968300
3.238100
3.873000
7.047600
3.873000
1.968300
6.412700
7.682500
-0.571430
10.857000
9.587300
2.603200
5.777800
2.603200
6.412700
-5.015900
-3.111100
-7.555600
-4.381000
-2.476200
-0.571430
-8.825400
-1.841300
3.873000
1.968300
3.238100
13.397000
17.841000
10.222000
4.507900
-1.841300
-4.381000
-4.381000
-10.095000
-6.285700
-3.111100
-7.555600
-5.650800
-5.015900
0.698410
-2.476200
-3.111100
-7.555600
-2.476200
-3.746000
-11.365000
-9.460300
5.142900
3.238100
5.142900
5.777800
-1.206300
0.698410
-6.285700
-8.190500
1.333300
-3.111100
-15.175000
-3.746000
-11.365000
-11.365000
-12.635000
3.873000
0.698410
7.047600
-5.650800
0.698410
3.873000
-3.746000
1.968300
-1.206300
-2.476200
-2.476200
-7.555600
-0.571430
-3.746000
-2.476200
-5.015900
-17.079000
-12.000000
-12.635000
-13.905000
-4.381000
1.333300
3.238100
0.698410
8.952400
8.952400
21.650999
19.111000
-3.111100
1.333300
-4.381000
-9.460300
0.698410
13.397000
13.397000
14.667000
19.111000
8.952400
5.777800
12.127000
7.682500
4.507900
1.333300
4.507900
12.762000
12.762000
14.032000
17.841000
14.032000
15.302000
9.587300
10.222000
15.302000
10.222000
1.968300
6.412700
1.968300
-5.015900
-8.825400
-13.905000
-12.635000
-16.444000
-8.825400
-5.015900
-1.206300
1.333300
3.873000
3.238100
0.063490
-1.841300
-1.841300
-1.841300
1.333300
1.968300
-3.111100
-1.206300
5.142900
-7.555600
-20.889000
-18.983999
-17.079000
-17.079000
-17.714001
-8.825400
-0.571430
-1.206300
-8.190500
-7.555600
-6.285700
-7.555600
-10.095000
-2.476200
-8.190500
1.333300
0.698410
-5.650800
-4.381000
-12.000000
-5.015900
8.952400
-5.015900
9.587300
5.777800
0.698410
-1.206300
5.142900
3.238100
6.412700
8.317500
10.222000
7.047600
8.952400
-3.746000
0.698410
1.968300
-1.841300
-3.746000
-9.460300
-8.825400
-10.730000
4.507900
5.142900
1.333300
5.777800
11.492000
3.873000
3.238100
1.333300
1.968300
4.507900
3.873000
1.968300
5.777800
-6.920600
-5.650800
-18.349001
-17.714001
-22.159000
-17.714001
-15.810000
-22.794001
-17.079000
-11.365000
-12.000000
1.333300
3.238100
-1.206300
10.222000
17.205999
19.111000
17.841000
12.127000
11.492000
1.968300
8.952400
1.968300
1.968300
3.238100
-3.746000
-1.206300
-2.476200
-5.650800
-6.285700
0.063490
-2.476200
-2.476200
0.063490
7.047600
15.302000
12.762000
21.650999
15.302000
14.667000
7.047600
0.698410
-1.841300
-7.555600
-6.285700
-12.635000
-4.381000
-1.206300
-5.015900
-11.365000
-17.079000
-4.381000
-5.650800
-12.000000
-10.095000
-14.540000
-1.206300
1.968300
-4.381000
3.873000
0.063490
-5.015900
-1.841300
-0.571430
-6.285700
6.412700
17.841000
1.333300
3.238100
14.667000
10.222000
4.507900
-4.381000
6.412700
9.587300
0.063490
0.063490
15.302000
8.952400
12.127000
5.777800
17.205999
8.317500
13.397000
5.142900
-6.920600
1.968300
-8.190500
-17.714001
-15.175000
-17.714001
-16.444000
-25.333000
-13.270000
-3.111100
-0.571430
10.857000
7.682500
0.063490
2.603200
13.397000
10.222000
18.476000
22.921000
22.285999
17.841000
12.127000
19.111000
7.682500
0.698410
-4.381000
-8.825400
-17.079000
-1.841300
-2.476200
-3.111100
-6.920600
-15.810000
-10.730000
-4.381000
-11.365000
-10.095000
-13.270000
-9.460300
-5.015900
1.968300
-0.571430
1.968300
7.682500
12.762000
12.127000
8.317500
10.857000
12.762000
-1.206300
4.507900
5.142900
-6.285700
0.063490
2.603200
-3.111100
-6.920600
-3.746000
-5.650800
-3.746000
-5.015900
-6.920600
0.063490
1.333300
1.333300
-5.015900
-6.285700
-8.825400
0.063490
-5.015900
1.333300
-8.825400
-6.285700
-6.285700
-22.159000
-24.063000
-19.618999
-21.524000
-23.429001
-16.444000
-6.920600
-6.285700
-4.381000
19.111000
24.825001
17.841000
26.094999
28.635000
12.762000
6.412700
8.952400
1.333300
10.222000
0.063490
-2.476200
6.412700
-0.571430
1.333300
-6.285700
-1.206300
5.777800
-7.555600
-12.635000
-18.349001
-21.524000
-15.175000
-5.650800
3.238100
7.682500
14.032000
6.412700
5.777800
10.857000
9.587300
3.238100
1.333300
5.777800
7.047600
13.397000
13.397000
18.476000
15.302000
14.667000
12.762000
8.317500
1.968300
-4.381000
-1.206300
7.682500
-6.285700
-5.650800
-10.730000
-20.254000
-3.746000
-3.746000
-1.206300
-11.365000
-10.095000
-5.650800
4.507900
4.507900
5.777800
4.507900
-11.365000
3.238100
10.222000
1.968300
0.698410
-3.111100
-4.381000
-10.730000
-6.285700
-0.571430
1.968300
1.968300
-2.476200
10.222000
10.222000
5.142900
0.063490
-2.476200
8.952400
15.302000
14.667000
26.094999
17.205999
13.397000
19.111000
19.111000
2.603200
-3.746000
-1.841300
-14.540000
-21.524000
-21.524000
-18.349001
-17.714001
-13.270000
-10.730000
-12.635000
-1.841300
1.968300
7.047600
11.492000
2.603200
-1.206300
11.492000
7.682500
7.682500
4.507900
5.142900
3.238100
-1.206300
5.142900
1.968300
0.063490
-3.746000
-3.746000
-10.730000
-18.983999
-18.349001
-14.540000
-24.698000
-24.063000
-13.270000
-2.476200
8.317500
7.047600
11.492000
7.682500
5.142900
7.682500
8.952400
4.507900
0.698410
6.412700
1.333300
-1.841300
3.238100
0.698410
5.777800
12.127000
-2.476200
6.412700
8.952400
-2.476200
-0.571430
-0.571430
0.063490
-13.905000
-3.111100
-1.841300
-1.206300
13.397000
16.570999
17.205999
8.317500
-3.746000
-5.015900
12.127000
-0.571430
-5.015900
-10.095000
-1.206300
2.603200
-3.111100
0.698410
5.777800
-3.111100
4.507900
1.968300
5.777800
4.507900
17.205999
15.302000
12.127000
17.205999
18.476000
7.047600
19.111000
5.142900
5.777800
13.397000
3.238100
-2.476200
-1.206300
-9.460300
-1.841300
-9.460300
-8.190500
-14.540000
-13.905000
-8.190500
-8.825400
-10.095000
-10.730000
-1.841300
7.682500
15.302000
8.952400
21.016001
11.492000
7.682500
-1.206300
-4.381000
-6.285700
-16.444000
-5.015900
1.968300
1.968300
5.142900
7.047600
7.682500
-1.841300
-7.555600
-11.365000
-9.460300
-13.905000
-23.429001
-18.983999
-23.429001
-18.349001
-14.540000
-6.285700
-10.095000
-8.190500
-2.476200
3.873000
6.412700
7.682500
1.968300
1.333300
9.587300
-0.571430
10.222000
14.667000
15.302000
9.587300
5.142900
8.952400
6.412700
1.968300
-3.111100
-7.555600
-5.650800
-12.635000
-10.730000
-19.618999
-12.000000
-5.650800
-13.270000
-9.460300
-12.635000
-12.000000
-3.111100
1.968300
0.698410
2.603200
8.952400
4.507900
-6.285700
-3.746000
-1.206300
1.333300
-3.746000
-9.460300
-0.571430
-1.206300
1.333300
9.587300
7.682500
21.650999
7.682500
5.777800
12.762000
10.857000
12.762000
3.873000
7.047600
11.492000
15.302000
14.032000
11.492000
7.047600
-5.650800
-6.285700
-1.841300
-10.095000
-10.730000
-10.095000
1.968300
-1.206300
-1.841300
3.873000
6.412700
8.317500
4.507900
7.047600
12.762000
11.492000
14.667000
15.302000
18.476000
15.302000
8.317500
2.603200
6.412700
2.603200
-3.746000
-15.175000
-22.159000
-17.079000
-6.920600
-10.095000
-6.920600
-2.476200
-10.730000
-8.825400
-2.476200
-10.730000
-0.571430
10.222000
7.047600
0.063490
-9.460300
5.777800
4.507900
-3.746000
-3.746000
-13.905000
-15.810000
-10.095000
-6.920600
-11.365000
-2.476200
-5.015900
3.238100
-0.571430
-3.746000
7.047600
10.857000
20.381001
5.142900
-13.905000
-10.095000
-6.285700
-6.920600
-7.555600
-17.714001
-17.079000
-13.270000
-1.206300
-13.270000
-12.635000
-9.460300
-6.285700
-6.920600
0.063490
7.682500
0.063490
1.968300
10.222000
8.952400
10.857000
21.016001
17.205999
8.317500
18.476000
17.841000
13.397000
6.412700
7.047600
10.857000
5.142900
-1.841300
-9.460300
-15.175000
-6.285700
-12.635000
-7.555600
-1.841300
-2.476200
-1.841300
-5.015900
15.302000
15.937000
10.222000
11.492000
6.412700
5.142900
-0.571430
-12.000000
-2.476200
-4.381000
-4.381000
