-11.667000
-12.308000
-12.308000
-7.820500
-12.949000
-7.820500
-5.897400
-8.461500
-6.538500
-9.102600
-2.692300
-3.333300
-5.897400
-2.692300
-3.974400
5.641000
3.076900
9.487200
9.487200
6.923100
14.615000
3.717900
3.076900
9.487200
5.641000
5.000000
1.153800
-5.897400
-5.256400
-2.692300
-1.410300
-0.128210
7.564100
13.974000
1.153800
8.846200
7.564100
2.435900
4.359000
14.615000
3.076900
-0.769230
5.000000
-3.974400
-3.333300
-1.410300
1.153800
5.000000
3.076900
2.435900
8.205100
2.435900
0.512820
-6.538500
3.076900
-6.538500
-12.949000
-7.820500
-10.385000
-2.051300
5.000000
12.051000
15.256000
18.462000
17.820999
20.385000
15.256000
15.256000
3.717900
1.153800
-6.538500
-15.513000
-15.513000
-4.615400
-5.256400
-10.385000
-5.256400
-5.256400
-10.385000
-7.820500
-6.538500
0.512820
4.359000
0.512820
5.000000
2.435900
10.769000
10.769000
13.333000
10.128000
6.282100
8.205100
2.435900
-3.333300
-9.743600
-11.026000
-5.256400
0.512820
-7.820500
-2.051300
-1.410300
-1.410300
-3.974400
-5.256400
-14.872000
-13.590000
-11.026000
-16.153999
-20.641001
-13.590000
-6.538500
-1.410300
5.641000
5.641000
9.487200
9.487200
12.051000
10.128000
11.410000
12.692000
7.564100
9.487200
8.846200
3.717900
-3.974400
-5.897400
3.717900
-5.256400
-0.128210
4.359000
3.076900
10.128000
6.282100
19.743999
12.051000
10.128000
13.974000
8.846200
13.974000
9.487200
-1.410300
-0.769230
-5.256400
-8.461500
-4.615400
-11.667000
-9.743600
-7.179500
-5.897400
-4.615400
-3.333300
-7.820500
-9.102600
-7.179500
-10.385000
-9.743600
-7.820500
-7.179500
-9.743600
-9.743600
-2.692300
-7.179500
-3.333300
1.153800
1.153800
0.512820
-12.949000
-17.436001
-16.153999
-3.974400
8.205100
6.282100
5.641000
9.487200
9.487200
7.564100
12.692000
15.256000
11.410000
0.512820
2.435900
-3.974400
-9.102600
0.512820
-5.897400
-6.538500
1.153800
-9.743600
-5.897400
-10.385000
-11.026000
-6.538500
-3.333300
-1.410300
-11.667000
3.076900
5.641000
8.846200
2.435900
10.128000
6.923100
1.794900
-0.769230
-9.102600
-7.179500
-4.615400
-11.026000
-12.308000
-6.538500
-7.820500
-5.897400
-12.308000
1.153800
-1.410300
-3.333300
-3.333300
-0.128210
2.435900
-5.897400
-11.667000
-12.308000
-13.590000
-9.102600
-0.769230
5.000000
9.487200
9.487200
15.897000
8.205100
-0.769230
3.076900
2.435900
4.359000
7.564100
6.923100
13.333000
18.462000
13.974000
17.820999
15.897000
12.051000
4.359000
10.128000
0.512820
-3.333300
-2.692300
-5.256400
-3.974400
-0.769230
12.692000
20.385000
19.103001
22.308001
24.231001
24.872000
17.820999
16.538000
8.846200
0.512820
-1.410300
-11.667000
-14.872000
-19.358999
-26.410000
-26.410000
-17.436001
-16.795000
0.512820
5.000000
-0.769230
1.153800
5.000000
5.000000
4.359000
-2.051300
3.076900
8.205100
1.153800
8.846200
9.487200
2.435900
-0.128210
-1.410300
3.076900
-11.026000
-10.385000
-3.333300
-9.743600
-5.256400
2.435900
-1.410300
8.205100
8.205100
19.103001
19.743999
20.385000
22.948999
13.974000
10.128000
-0.128210
-3.333300
-9.743600
-11.026000
-12.308000
-9.102600
-10.385000
-3.974400
-14.231000
-3.974400
-4.615400
-8.461500
-5.256400
-5.256400
-6.538500
-12.949000
-10.385000
-0.769230
1.153800
4.359000
3.076900
-1.410300
-6.538500
-3.974400
-7.179500
-2.051300
-3.974400
-9.743600
-3.974400
-9.102600
-12.949000
-10.385000
1.794900
-0.769230
0.512820
-4.615400
-1.410300
5.000000
-3.974400
5.641000
1.153800
-0.769230
-3.333300
2.435900
3.717900
3.076900
3.717900
-0.128210
-12.949000
-10.385000
-7.179500
-17.436001
-12.949000
-2.692300
0.512820
-3.974400
6.923100
7.564100
20.385000
17.820999
1.153800
1.153800
-7.820500
-7.179500
-0.128210
9.487200
10.769000
12.051000
5.641000
0.512820
6.923100
5.000000
-0.769230
0.512820
-5.897400
-1.410300
6.282100
8.205100
9.487200
12.051000
10.128000
12.692000
10.769000
13.333000
14.615000
8.846200
3.717900
2.435900
2.435900
-3.974400
-15.513000
-18.077000
-15.513000
-18.077000
-11.667000
-9.102600
-7.820500
1.153800
-2.692300
-2.692300
-0.128210
-3.974400
-3.974400
-1.410300
1.794900
3.076900
0.512820
1.153800
3.076900
-3.333300
-12.308000
-11.667000
-13.590000
-16.153999
-11.026000
-9.102600
1.153800
7.564100
-0.769230
0.512820
11.410000
2.435900
6.923100
12.692000
10.128000
16.538000
12.051000
4.359000
5.000000
-1.410300
1.153800
8.205100
3.076900
8.205100
3.717900
2.435900
1.153800
3.717900
-0.769230
5.641000
16.538000
13.974000
6.923100
6.282100
-3.333300
3.717900
-2.051300
-3.974400
-4.615400
-12.308000
-10.385000
-16.795000
-2.051300
1.153800
3.717900
5.000000
12.051000
6.923100
6.282100
5.000000
4.359000
7.564100
6.923100
8.846200
3.717900
-2.692300
-2.051300
-13.590000
-18.718000
-15.513000
-12.308000
-9.102600
-14.872000
-13.590000
-7.820500
-7.820500
-5.897400
-0.128210
-1.410300
-0.769230
8.846200
7.564100
7.564100
6.923100
6.282100
-3.333300
4.359000
-0.769230
-6.538500
-2.692300
-6.538500
-6.538500
-5.256400
-3.974400
-2.692300
-0.769230
-3.974400
-3.974400
-1.410300
1.794900
4.359000
4.359000
7.564100
8.846200
8.205100
8.205100
0.512820
-3.974400
-9.743600
-4.615400
-7.820500
-5.897400
-2.051300
-5.256400
-8.461500
-14.231000
-12.949000
-7.820500
-5.897400
-5.897400
-5.256400
-0.128210
-2.051300
-0.128210
0.512820
-5.897400
-5.256400
-3.974400
-4.615400
-2.051300
4.359000
12.692000
8.846200
14.615000
17.179001
15.897000
13.974000
4.359000
12.051000
12.692000
3.717900
3.076900
15.256000
10.128000
12.051000
8.205100
11.410000
5.000000
8.846200
3.076900
-3.974400
1.794900
-2.051300
-7.179500
-7.179500
-9.743600
-14.872000
-20.641001
-10.385000
6.282100
1.153800
9.487200
5.641000
-5.256400
-5.256400
12.692000
3.076900
5.641000
14.615000
15.897000
15.256000
15.256000
17.820999
9.487200
6.282100
1.794900
-0.128210
-7.179500
2.435900
-5.256400
-5.256400
-6.538500
-11.026000
-9.743600
-3.974400
-11.026000
-9.743600
-8.461500
-11.667000
-10.385000
-6.538500
-10.385000
-8.461500
-2.051300
-4.615400
1.153800
5.000000
1.153800
2.435900
-0.769230
6.282100
9.487200
2.435900
6.923100
5.641000
-0.128210
-1.410300
-4.615400
-7.179500
-8.461500
-5.256400
-5.897400
-1.410300
-1.410300
-3.974400
-5.897400
-11.667000
-5.897400
-0.769230
-5.897400
7.564100
-3.333300
-8.461500
-6.538500
-20.000000
-15.513000
-19.358999
-15.513000
-19.358999
-18.077000
-12.308000
-9.102600
-1.410300
12.692000
19.743999
19.103001
27.436001
24.872000
12.051000
6.923100
5.000000
-1.410300
5.641000
3.076900
2.435900
4.359000
6.923100
1.794900
-5.897400
6.282100
6.923100
-3.974400
-10.385000
-18.718000
-20.000000
-15.513000
-4.615400
6.282100
9.487200
13.974000
4.359000
9.487200
7.564100
5.641000
-0.769230
5.000000
4.359000
5.641000
7.564100
13.974000
21.667000
13.333000
17.179001
16.538000
13.974000
4.359000
-0.769230
4.359000
11.410000
-0.128210
4.359000
1.153800
-1.410300
3.076900
-1.410300
-1.410300
-8.461500
-8.461500
-4.615400
10.128000
7.564100
9.487200
6.923100
-3.333300
11.410000
12.692000
6.923100
4.359000
-0.769230
-1.410300
1.153800
-2.051300
-5.256400
-2.692300
-5.897400
-18.077000
-5.897400
-3.974400
-10.385000
-15.513000
-10.385000
-5.897400
8.846200
9.487200
13.974000
12.051000
8.205100
17.820999
11.410000
-0.769230
-2.692300
-8.461500
-15.513000
-12.308000
-10.385000
-15.513000
-14.872000
-11.667000
-12.308000
-9.743600
-10.385000
-5.256400
-3.333300
-0.128210
-5.256400
-12.949000
1.794900
1.153800
5.641000
3.717900
3.076900
3.076900
-1.410300
5.000000
6.923100
-1.410300
-0.128210
-0.769230
-7.179500
-12.949000
-14.872000
-9.743600
-21.282000
-16.153999
-2.692300
-2.692300
8.205100
6.282100
13.333000
2.435900
5.641000
3.717900
6.282100
7.564100
-0.769230
11.410000
5.641000
-2.692300
6.282100
6.923100
3.076900
5.641000
1.794900
3.717900
-1.410300
-1.410300
-1.410300
-5.256400
-4.615400
-9.102600
1.794900
6.282100
1.794900
12.692000
15.897000
15.897000
13.974000
0.512820
1.153800
6.923100
0.512820
-0.128210
-3.974400
4.359000
5.000000
3.076900
5.000000
11.410000
4.359000
6.923100
7.564100
6.923100
11.410000
10.769000
6.923100
8.846200
10.128000
8.205100
-0.769230
6.282100
-6.538500
-8.461500
-0.128210
-5.256400
-11.667000
-11.026000
-15.513000
-7.820500
-5.256400
3.717900
-7.179500
-5.897400
-1.410300
-0.769230
-0.128210
-2.051300
5.641000
8.846200
17.179001
11.410000
18.462000
8.205100
1.153800
-11.026000
-10.385000
-11.667000
-24.487000
-13.590000
-7.179500
-9.102600
-3.333300
-2.692300
4.359000
-2.051300
-5.897400
-5.897400
-7.179500
-9.102600
-19.358999
-17.436001
-23.205000
-22.563999
-16.153999
-14.872000
-17.436001
-18.077000
-13.590000
-6.538500
1.153800
7.564100
1.153800
5.000000
12.051000
6.282100
15.256000
15.897000
26.795000
15.256000
9.487200
11.410000
11.410000
12.051000
1.153800
-0.769230
-4.615400
-11.667000
-9.102600
-17.436001
-10.385000
-3.974400
-9.102600
-3.974400
-5.897400
-0.769230
-0.769230
5.000000
9.487200
12.692000
9.487200
3.076900
5.000000
1.794900
-2.051300
2.435900
0.512820
-5.897400
3.717900
1.153800
1.153800
10.128000
5.000000
13.974000
2.435900
3.076900
8.205100
3.076900
6.282100
0.512820
4.359000
8.846200
5.641000
3.717900
-0.128210
-3.333300
-13.590000
-7.820500
-6.538500
-13.590000
-15.513000
-14.231000
-2.051300
-5.256400
-2.692300
12.051000
8.205100
10.128000
13.974000
11.410000
16.538000
16.538000
14.615000
15.256000
21.025999
21.667000
14.615000
8.846200
14.615000
8.846200
2.435900
-5.256400
-12.308000
-7.179500
-7.179500
-2.051300
-2.051300
3.717900
-5.897400
-9.102600
-8.461500
-12.308000
-5.256400
5.000000
-0.769230
-7.820500
-12.308000
-3.974400
-5.897400
-6.538500
-6.538500
-14.231000
-11.026000
-9.102600
-0.769230
-8.461500
-5.897400
-5.256400
-3.974400
-5.897400
-2.051300
8.846200
12.051000
17.179001
1.153800
-9.102600
-8.461500
-6.538500
-10.385000
-9.102600
-16.153999
-14.231000
-12.308000
1.794900
-9.102600
-8.461500
-2.051300
-0.128210
4.359000
5.000000
5.000000
3.717900
4.359000
8.846200
10.769000
8.205100
17.820999
10.769000
6.282100
12.051000
12.692000
12.051000
6.282100
6.282100
10.128000
5.000000
-5.256400
-11.667000
-16.153999
-10.385000
-8.461500
-2.051300
2.435900
4.359000
1.794900
5.641000
22.948999
22.948999
17.179001
19.743999
10.128000
10.128000
5.641000
-2.692300
4.359000
-7.179500
-3.974400
