-1.960800
-0.980390
0.000000
-1.960800
-2.941200
-2.941200
0.000000
3.921600
4.902000
1.960800
-1.960800
-5.882400
-7.843100
-6.862700
-3.921600
-1.960800
0.000000
0.000000
0.000000
-0.980390
-3.921600
-3.921600
-1.960800
0.000000
-0.980390
0.980390
1.960800
5.882400
7.843100
5.882400
2.941200
1.960800
-1.960800
-4.902000
-8.823500
-7.843100
-6.862700
-3.921600
0.980390
4.902000
5.882400
3.921600
2.941200
1.960800
1.960800
1.960800
4.902000
0.980390
0.000000
-3.921600
-3.921600
-2.941200
1.960800
1.960800
0.980390
1.960800
0.980390
7.843100
9.803900
7.843100
3.921600
0.000000
-3.921600
-1.960800
-3.921600
-5.882400
-5.882400
-4.902000
-6.862700
-4.902000
-3.921600
-4.902000
-4.902000
-7.843100
-7.843100
0.980390
8.823500
7.843100
6.862700
3.921600
5.882400
5.882400
2.941200
2.941200
5.882400
7.843100
4.902000
3.921600
-0.980390
-4.902000
-7.843100
-7.843100
-7.843100
-6.862700
-7.843100
-8.823500
-10.784000
-1.960800
7.843100
10.784000
9.803900
8.823500
6.862700
5.882400
5.882400
3.921600
3.921600
0.980390
-2.941200
-7.843100
-9.803900
-11.765000
-8.823500
-6.862700
-2.941200
-1.960800
-2.941200
-2.941200
-1.960800
-0.980390
-1.960800
-4.902000
-5.882400
-2.941200
-0.980390
0.980390
-1.960800
-1.960800
-4.902000
0.980390
4.902000
5.882400
6.862700
5.882400
3.921600
-1.960800
0.000000
-2.941200
-1.960800
2.941200
1.960800
3.921600
6.862700
5.882400
10.784000
10.784000
9.803900
9.803900
5.882400
3.921600
5.882400
8.823500
6.862700
6.862700
0.980390
1.960800
4.902000
8.823500
6.862700
5.882400
1.960800
3.921600
4.902000
2.941200
4.902000
3.921600
-1.960800
-2.941200
-0.980390
-2.941200
-5.882400
-8.823500
-9.803900
-2.941200
2.941200
2.941200
4.902000
-1.960800
-4.902000
-3.921600
-4.902000
-3.921600
-2.941200
-2.941200
-3.921600
0.000000
2.941200
3.921600
0.980390
0.980390
1.960800
5.882400
5.882400
5.882400
6.862700
5.882400
0.000000
2.941200
1.960800
-0.980390
-1.960800
-7.843100
-6.862700
-4.902000
-7.843100
-4.902000
-0.980390
-3.921600
-3.921600
-6.862700
-5.882400
-4.902000
-4.902000
-4.902000
-1.960800
0.000000
-2.941200
-1.960800
2.941200
1.960800
4.902000
7.843100
4.902000
5.882400
0.000000
-4.902000
-4.902000
-3.921600
-4.902000
-6.862700
-5.882400
-2.941200
1.960800
-0.980390
-1.960800
-6.862700
-3.921600
-5.882400
-4.902000
-1.960800
0.980390
-0.980390
-0.980390
-1.960800
-3.921600
-0.980390
4.902000
4.902000
0.980390
0.000000
0.980390
1.960800
-1.960800
-4.902000
-5.882400
0.000000
-0.980390
0.980390
2.941200
4.902000
3.921600
1.960800
1.960800
1.960800
9.803900
9.803900
6.862700
5.882400
3.921600
2.941200
0.980390
0.980390
3.921600
0.980390
-2.941200
-5.882400
-4.902000
-2.941200
-1.960800
2.941200
6.862700
7.843100
7.843100
9.803900
10.784000
10.784000
6.862700
3.921600
-1.960800
0.000000
-0.980390
-3.921600
-1.960800
-1.960800
-0.980390
0.000000
2.941200
2.941200
2.941200
-3.921600
0.980390
1.960800
-2.941200
-8.823500
-9.803900
-9.803900
-7.843100
-7.843100
-5.882400
1.960800
3.921600
1.960800
0.000000
-0.980390
-3.921600
-0.980390
-3.921600
-1.960800
-1.960800
-1.960800
-6.862700
-11.765000
-4.902000
-0.980390
-4.902000
-3.921600
-1.960800
1.960800
6.862700
4.902000
1.960800
2.941200
2.941200
-3.921600
-1.960800
-1.960800
-4.902000
-5.882400
-2.941200
-0.980390
3.921600
3.921600
-1.960800
0.000000
4.902000
5.882400
1.960800
0.000000
-5.882400
-1.960800
-1.960800
-0.980390
0.000000
2.941200
-2.941200
-0.980390
5.882400
8.823500
11.765000
12.745000
10.784000
8.823500
8.823500
4.902000
0.980390
0.000000
0.980390
-4.902000
-0.980390
4.902000
7.843100
12.745000
12.745000
7.843100
3.921600
3.921600
0.980390
2.941200
-0.980390
-6.862700
-4.902000
-0.980390
-2.941200
-7.843100
-8.823500
-3.921600
0.980390
7.843100
7.843100
0.000000
1.960800
-0.980390
-4.902000
-4.902000
-4.902000
-3.921600
-2.941200
-6.862700
-5.882400
-4.902000
-1.960800
-1.960800
3.921600
5.882400
7.843100
8.823500
3.921600
2.941200
-0.980390
0.980390
4.902000
6.862700
1.960800
-1.960800
0.980390
6.862700
6.862700
12.745000
11.765000
7.843100
6.862700
5.882400
3.921600
2.941200
0.000000
-1.960800
-2.941200
-7.843100
-10.784000
-11.765000
-4.902000
-4.902000
-1.960800
0.980390
0.980390
2.941200
6.862700
7.843100
7.843100
5.882400
1.960800
0.000000
-3.921600
-8.823500
-8.823500
-6.862700
-7.843100
-10.784000
-7.843100
0.000000
0.980390
1.960800
1.960800
2.941200
4.902000
0.980390
-0.980390
-1.960800
-1.960800
-2.941200
-1.960800
-0.980390
3.921600
-0.980390
0.000000
-0.980390
-2.941200
-0.980390
-0.980390
1.960800
2.941200
-1.960800
-2.941200
0.000000
-1.960800
-1.960800
-5.882400
-4.902000
-1.960800
0.000000
-0.980390
1.960800
1.960800
2.941200
2.941200
0.000000
-0.980390
0.980390
6.862700
4.902000
5.882400
5.882400
1.960800
-1.960800
1.960800
-1.960800
-6.862700
-6.862700
-5.882400
-1.960800
-0.980390
-1.960800
-0.980390
-1.960800
-1.960800
3.921600
1.960800
5.882400
4.902000
1.960800
0.980390
0.000000
-0.980390
-3.921600
-6.862700
-6.862700
-5.882400
-7.843100
-8.823500
-3.921600
-4.902000
-5.882400
-2.941200
-4.902000
0.000000
0.980390
-2.941200
-6.862700
-3.921600
-4.902000
-0.980390
0.980390
2.941200
2.941200
0.000000
2.941200
0.980390
7.843100
9.803900
7.843100
5.882400
2.941200
-2.941200
-0.980390
1.960800
-0.980390
0.980390
11.765000
20.587999
18.627001
15.686000
11.765000
12.745000
8.823500
7.843100
6.862700
5.882400
1.960800
3.921600
7.843100
9.803900
5.882400
0.980390
-2.941200
-4.902000
-3.921600
-3.921600
-3.921600
-4.902000
-3.921600
-7.843100
-2.941200
3.921600
5.882400
2.941200
2.941200
1.960800
5.882400
1.960800
-2.941200
-3.921600
-3.921600
-6.862700
-4.902000
-1.960800
-2.941200
-2.941200
-2.941200
1.960800
4.902000
11.765000
14.706000
11.765000
4.902000
5.882400
5.882400
3.921600
-1.960800
-7.843100
-9.803900
-11.765000
-7.843100
-9.803900
-10.784000
-10.784000
-13.725000
-6.862700
0.980390
-0.980390
2.941200
2.941200
0.980390
-1.960800
-4.902000
-9.803900
-6.862700
-0.980390
0.000000
1.960800
-0.980390
0.000000
0.000000
-0.980390
-1.960800
3.921600
10.784000
8.823500
3.921600
2.941200
0.000000
-3.921600
-3.921600
-8.823500
-10.784000
-7.843100
-1.960800
3.921600
17.646999
25.490000
25.490000
19.608000
15.686000
12.745000
9.803900
3.921600
0.000000
-3.921600
-3.921600
-7.843100
-13.725000
-10.784000
-11.765000
-9.803900
-8.823500
-9.803900
-16.667000
-15.686000
-12.745000
-8.823500
-5.882400
-3.921600
0.980390
0.980390
0.980390
0.000000
-1.960800
-5.882400
-0.980390
0.000000
-3.921600
-4.902000
-3.921600
-2.941200
-3.921600
0.980390
5.882400
3.921600
1.960800
-3.921600
-5.882400
-2.941200
-5.882400
-3.921600
-1.960800
-1.960800
-2.941200
4.902000
6.862700
7.843100
7.843100
5.882400
7.843100
7.843100
4.902000
-1.960800
-0.980390
-1.960800
-4.902000
-8.823500
-6.862700
-11.765000
-7.843100
-2.941200
1.960800
5.882400
7.843100
7.843100
7.843100
8.823500
8.823500
11.765000
14.706000
15.686000
11.765000
13.725000
15.686000
15.686000
7.843100
4.902000
0.000000
1.960800
7.843100
4.902000
0.980390
-1.960800
-4.902000
-3.921600
5.882400
7.843100
7.843100
10.784000
7.843100
2.941200
0.000000
-7.843100
-12.745000
-9.803900
-6.862700
-5.882400
-9.803900
-12.745000
-15.686000
-15.686000
-12.745000
-15.686000
-14.706000
-4.902000
0.000000
5.882400
8.823500
7.843100
0.000000
-2.941200
-4.902000
-9.803900
-16.667000
-16.667000
-8.823500
-5.882400
-6.862700
-9.803900
-8.823500
-10.784000
-9.803900
-5.882400
-3.921600
-5.882400
-10.784000
-1.960800
6.862700
1.960800
1.960800
3.921600
4.902000
5.882400
2.941200
0.000000
0.000000
-0.980390
0.000000
5.882400
6.862700
11.765000
11.765000
12.745000
8.823500
6.862700
7.843100
13.725000
18.627001
19.608000
19.608000
16.667000
18.627001
16.667000
13.725000
6.862700
-0.980390
-1.960800
-0.980390
-6.862700
-7.843100
-6.862700
-5.882400
-2.941200
0.980390
6.862700
5.882400
7.843100
6.862700
7.843100
2.941200
6.862700
6.862700
2.941200
-0.980390
-2.941200
-2.941200
-3.921600
-5.882400
-6.862700
-11.765000
-8.823500
-0.980390
-1.960800
-2.941200
-2.941200
-1.960800
-0.980390
-2.941200
-6.862700
-4.902000
-8.823500
-2.941200
-0.980390
-1.960800
-0.980390
-1.960800
0.000000
0.000000
4.902000
4.902000
2.941200
0.980390
-3.921600
0.000000
4.902000
-4.902000
-3.921600
1.960800
4.902000
7.843100
3.921600
-0.980390
1.960800
4.902000
0.000000
-1.960800
-0.980390
1.960800
-2.941200
-1.960800
0.000000
-0.980390
0.000000
1.960800
0.000000
-0.980390
0.000000
0.980390
1.960800
-1.960800
-1.960800
-0.980390
-2.941200
-4.902000
0.980390
2.941200
-0.980390
-3.921600
-1.960800
0.980390
-1.960800
-1.960800
0.000000
-4.902000
-4.902000
0.980390
-2.941200
-0.980390
1.960800
0.000000
-1.960800
-5.882400
-5.882400
-5.882400
-7.843100
-9.803900
-12.745000
-13.725000
-10.784000
-8.823500
-7.843100
0.000000
8.823500
8.823500
8.823500
8.823500
9.803900
6.862700
-1.960800
-2.941200
0.000000
-0.980390
-2.941200
-1.960800
-0.980390
0.980390
4.902000
8.823500
5.882400
4.902000
0.000000
4.902000
7.843100
7.843100
4.902000
3.921600
0.980390
-1.960800
-2.941200
0.000000
0.980390
-0.980390
0.000000
0.980390
6.862700
4.902000
1.960800
-0.980390
-0.980390
0.000000
0.000000
0.000000
2.941200
7.843100
9.803900
9.803900
9.803900
9.803900
4.902000
6.862700
10.784000
7.843100
1.960800
1.960800
-3.921600
-7.843100
-10.784000
-7.843100
-3.921600
-0.980390
2.941200
3.921600
3.921600
3.921600
3.921600
0.980390
-0.980390
-4.902000
-4.902000
-4.902000
-6.862700
-2.941200
2.941200
0.980390
0.980390
1.960800
3.921600
4.902000
0.980390
-1.960800
-2.941200
0.000000
-0.980390
1.960800
3.921600
3.921600
1.960800
0.980390
-0.980390
1.960800
3.921600
4.902000
-1.960800
-5.882400
1.960800
1.960800
-0.980390
-1.960800
-0.980390
1.960800
5.882400
5.882400
5.882400
4.902000
3.921600
-0.980390
0.980390
-3.921600
-5.882400
-2.941200
-3.921600
-3.921600
-4.902000
-2.941200
-0.980390
-1.960800
-3.921600
-2.941200
-6.862700
-11.765000
-14.706000
-18.627001
