4.660200
4.660200
3.689300
0.776700
0.776700
1.747600
-0.194170
-1.165000
-4.077700
-7.961200
-12.816000
-15.728000
-14.757000
-10.874000
-5.048500
-3.106800
-4.077700
-5.048500
-6.019400
-4.077700
-4.077700
-3.106800
0.776700
3.689300
0.776700
0.776700
1.747600
2.718400
5.631100
6.601900
5.631100
4.660200
2.718400
-2.135900
-6.990300
-11.845000
-12.816000
-13.786000
-11.845000
-6.990300
-4.077700
-2.135900
-4.077700
-6.019400
-5.048500
-5.048500
-5.048500
-5.048500
-1.165000
-0.194170
-0.194170
2.718400
6.601900
6.601900
4.660200
2.718400
5.631100
8.543700
7.572800
3.689300
0.776700
-1.165000
-4.077700
-4.077700
-1.165000
-2.135900
-2.135900
-2.135900
-5.048500
-6.019400
-6.990300
-7.961200
-6.019400
-1.165000
4.660200
7.572800
9.514600
12.427000
9.514600
8.543700
8.543700
5.631100
2.718400
1.747600
2.718400
2.718400
-1.165000
-5.048500
-9.902900
-10.874000
-8.932000
-8.932000
-7.961200
-7.961200
-6.990300
-7.961200
-5.048500
2.718400
5.631100
3.689300
4.660200
8.543700
10.485000
11.456000
7.572800
5.631100
4.660200
0.776700
-3.106800
-5.048500
-4.077700
-7.961200
-9.902900
-9.902900
-6.019400
0.776700
5.631100
4.660200
1.747600
-0.194170
1.747600
0.776700
-1.165000
1.747600
2.718400
2.718400
2.718400
0.776700
3.689300
7.572800
5.631100
2.718400
1.747600
0.776700
-3.106800
-3.106800
-2.135900
-5.048500
-7.961200
-6.019400
-1.165000
3.689300
6.601900
9.514600
9.514600
9.514600
6.601900
6.601900
5.631100
3.689300
8.543700
9.514600
8.543700
6.601900
3.689300
1.747600
1.747600
2.718400
2.718400
0.776700
-0.194170
-2.135900
0.776700
-0.194170
-2.135900
-2.135900
-3.106800
-1.165000
-0.194170
-0.194170
-1.165000
-4.077700
-4.077700
-1.165000
-1.165000
-2.135900
-1.165000
-4.077700
-7.961200
-6.990300
-6.019400
-7.961200
-6.019400
-4.077700
-2.135900
1.747600
3.689300
2.718400
-1.165000
0.776700
6.601900
12.427000
12.427000
11.456000
7.572800
1.747600
-2.135900
0.776700
1.747600
-0.194170
-1.165000
-4.077700
-6.990300
-9.902900
-7.961200
-3.106800
0.776700
-0.194170
-2.135900
-3.106800
-5.048500
-6.019400
-4.077700
-3.106800
-0.194170
0.776700
-0.194170
0.776700
-0.194170
1.747600
2.718400
4.660200
4.660200
2.718400
1.747600
-1.165000
-2.135900
-2.135900
-2.135900
-4.077700
-5.048500
-6.019400
-3.106800
-2.135900
-5.048500
-5.048500
-6.019400
-5.048500
-1.165000
0.776700
2.718400
3.689300
3.689300
3.689300
1.747600
-0.194170
0.776700
3.689300
2.718400
-0.194170
-3.106800
-4.077700
-4.077700
-3.106800
-5.048500
-6.019400
-6.019400
-5.048500
0.776700
3.689300
3.689300
2.718400
3.689300
5.631100
3.689300
2.718400
4.660200
5.631100
1.747600
1.747600
4.660200
8.543700
6.601900
0.776700
-1.165000
0.776700
2.718400
3.689300
2.718400
2.718400
4.660200
0.776700
0.776700
3.689300
5.631100
7.572800
9.514600
7.572800
3.689300
-2.135900
-1.165000
1.747600
5.631100
9.514600
9.514600
6.601900
5.631100
7.572800
6.601900
4.660200
2.718400
-2.135900
-7.961200
-9.902900
-7.961200
-10.874000
-11.845000
-11.845000
-13.786000
-11.845000
-6.019400
1.747600
2.718400
1.747600
-0.194170
-2.135900
-2.135900
-0.194170
1.747600
2.718400
-1.165000
-2.135900
1.747600
-0.194170
-5.048500
-6.019400
-3.106800
1.747600
4.660200
5.631100
3.689300
-0.194170
-2.135900
-3.106800
-3.106800
-2.135900
-4.077700
-4.077700
-2.135900
0.776700
2.718400
2.718400
1.747600
1.747600
3.689300
2.718400
1.747600
2.718400
1.747600
-1.165000
-3.106800
-4.077700
-2.135900
1.747600
-1.165000
-2.135900
2.718400
7.572800
12.427000
9.514600
4.660200
4.660200
1.747600
-2.135900
-6.990300
-9.902900
-8.932000
-6.990300
-6.019400
-3.106800
1.747600
8.543700
14.369000
10.485000
6.601900
3.689300
3.689300
0.776700
-2.135900
-3.106800
-2.135900
-0.194170
-4.077700
-7.961200
-3.106800
1.747600
2.718400
5.631100
5.631100
0.776700
-1.165000
-1.165000
-4.077700
-6.990300
-8.932000
-9.902900
-7.961200
-7.961200
-9.902900
-9.902900
-4.077700
1.747600
7.572800
10.485000
14.369000
15.340000
12.427000
9.514600
10.485000
6.601900
1.747600
2.718400
4.660200
1.747600
-1.165000
-1.165000
0.776700
7.572800
12.427000
13.398000
13.398000
10.485000
4.660200
2.718400
-0.194170
-2.135900
-5.048500
-10.874000
-15.728000
-17.670000
-13.786000
-9.902900
-5.048500
-2.135900
2.718400
8.543700
12.427000
13.398000
8.543700
4.660200
0.776700
-3.106800
-6.019400
-8.932000
-9.902900
-10.874000
-8.932000
-4.077700
-6.019400
-4.077700
-6.019400
-6.990300
-1.165000
3.689300
5.631100
6.601900
4.660200
5.631100
5.631100
4.660200
3.689300
0.776700
-3.106800
-6.990300
-7.961200
-8.932000
-6.990300
-5.048500
-4.077700
-0.194170
3.689300
3.689300
0.776700
-2.135900
-3.106800
-4.077700
-3.106800
-3.106800
-6.019400
-2.135900
-0.194170
-1.165000
-2.135900
-0.194170
0.776700
1.747600
2.718400
3.689300
2.718400
1.747600
6.601900
8.543700
5.631100
-1.165000
-4.077700
-6.019400
-7.961200
-8.932000
-4.077700
-4.077700
-7.961200
-8.932000
-6.019400
-1.165000
3.689300
6.601900
5.631100
3.689300
6.601900
6.601900
1.747600
-0.194170
2.718400
1.747600
-1.165000
-2.135900
-5.048500
-7.961200
-5.048500
-3.106800
-8.932000
-9.902900
-5.048500
-0.194170
3.689300
2.718400
0.776700
1.747600
6.601900
6.601900
4.660200
3.689300
5.631100
6.601900
5.631100
4.660200
4.660200
4.660200
4.660200
5.631100
8.543700
6.601900
-1.165000
-5.048500
-4.077700
-6.019400
-6.990300
-1.165000
6.601900
11.456000
11.456000
10.485000
8.543700
7.572800
5.631100
3.689300
2.718400
2.718400
5.631100
7.572800
4.660200
2.718400
-0.194170
-3.106800
-3.106800
-6.990300
-7.961200
-7.961200
-6.019400
-3.106800
-0.194170
-1.165000
3.689300
8.543700
10.485000
10.485000
5.631100
3.689300
-0.194170
-3.106800
-6.019400
-9.902900
-9.902900
-10.874000
-7.961200
-6.019400
-5.048500
-3.106800
2.718400
8.543700
14.369000
19.223000
17.282000
13.398000
10.485000
4.660200
0.776700
-3.106800
-7.961200
-6.990300
-2.135900
-4.077700
-11.845000
-13.786000
-10.874000
-9.902900
-6.990300
-5.048500
-5.048500
-1.165000
1.747600
0.776700
-1.165000
-3.106800
-4.077700
-5.048500
-6.019400
-5.048500
-3.106800
-3.106800
-1.165000
1.747600
1.747600
1.747600
2.718400
5.631100
6.601900
3.689300
-0.194170
-2.135900
-4.077700
-9.902900
-15.728000
-18.641001
-12.816000
-1.165000
15.340000
26.990000
32.816002
29.903000
23.107000
12.427000
5.631100
2.718400
-1.165000
-5.048500
-6.019400
-9.902900
-15.728000
-15.728000
-10.874000
-6.990300
-6.019400
-6.019400
-9.902900
-16.698999
-17.670000
-18.641001
-13.786000
-2.135900
1.747600
6.601900
7.572800
8.543700
9.514600
6.601900
-0.194170
-6.990300
-10.874000
-7.961200
-2.135900
3.689300
7.572800
7.572800
3.689300
-0.194170
-0.194170
0.776700
-1.165000
-6.019400
-8.932000
-10.874000
-11.845000
-6.990300
-3.106800
1.747600
10.485000
14.369000
15.340000
14.369000
12.427000
11.456000
6.601900
0.776700
-1.165000
-3.106800
-4.077700
-4.077700
-10.874000
-14.757000
-16.698999
-15.728000
-10.874000
-5.048500
-3.106800
1.747600
1.747600
2.718400
6.601900
8.543700
9.514600
15.340000
17.282000
13.398000
11.456000
7.572800
7.572800
5.631100
6.601900
5.631100
1.747600
3.689300
4.660200
0.776700
-6.019400
-15.728000
-10.874000
2.718400
9.514600
14.369000
17.282000
11.456000
8.543700
6.601900
3.689300
-1.165000
1.747600
6.601900
4.660200
1.747600
-5.048500
-12.816000
-16.698999
-21.552999
-22.524000
-14.757000
-3.106800
11.456000
18.252001
21.165001
19.223000
13.398000
4.660200
-1.165000
-5.048500
-12.816000
-16.698999
-11.845000
-7.961200
-8.932000
-9.902900
-9.902900
-10.874000
-10.874000
-6.990300
-6.019400
-4.077700
-1.165000
-1.165000
-2.135900
-1.165000
1.747600
5.631100
2.718400
0.776700
1.747600
0.776700
-3.106800
-4.077700
-4.077700
-3.106800
0.776700
3.689300
4.660200
5.631100
3.689300
2.718400
5.631100
9.514600
12.427000
12.427000
12.427000
12.427000
14.369000
15.340000
12.427000
4.660200
0.776700
-1.165000
-4.077700
-6.990300
-8.932000
-4.077700
-0.194170
-0.194170
2.718400
6.601900
6.601900
7.572800
8.543700
10.485000
8.543700
6.601900
1.747600
1.747600
1.747600
2.718400
-2.135900
-5.048500
-5.048500
-8.932000
-12.816000
-9.902900
-6.019400
-4.077700
-6.990300
-5.048500
0.776700
3.689300
1.747600
-0.194170
-3.106800
-6.019400
-4.077700
-2.135900
-1.165000
-3.106800
-2.135900
-0.194170
-0.194170
2.718400
6.601900
7.572800
8.543700
1.747600
-2.135900
-1.165000
-2.135900
-1.165000
-0.194170
-0.194170
4.660200
4.660200
1.747600
0.776700
-0.194170
-3.106800
-3.106800
-4.077700
-5.048500
-8.932000
-9.902900
-5.048500
-2.135900
-0.194170
0.776700
0.776700
1.747600
-0.194170
-1.165000
0.776700
0.776700
1.747600
4.660200
8.543700
5.631100
1.747600
-0.194170
-1.165000
-1.165000
-2.135900
-2.135900
-3.106800
-2.135900
0.776700
-0.194170
2.718400
-1.165000
-4.077700
-1.165000
3.689300
2.718400
-2.135900
-6.019400
-5.048500
-3.106800
-2.135900
-7.961200
-13.786000
-13.786000
-11.845000
-7.961200
-5.048500
-6.019400
-5.048500
-3.106800
-0.194170
5.631100
6.601900
2.718400
-1.165000
-2.135900
-0.194170
-4.077700
-8.932000
-7.961200
-6.019400
-3.106800
1.747600
2.718400
2.718400
5.631100
9.514600
11.456000
7.572800
8.543700
9.514600
4.660200
-0.194170
-2.135900
-4.077700
-4.077700
-2.135900
-1.165000
0.776700
3.689300
5.631100
4.660200
2.718400
1.747600
0.776700
0.776700
0.776700
2.718400
4.660200
8.543700
7.572800
8.543700
13.398000
15.340000
14.369000
10.485000
7.572800
4.660200
-1.165000
-3.106800
-3.106800
-6.019400
-6.990300
-7.961200
-7.961200
-5.048500
0.776700
3.689300
1.747600
2.718400
5.631100
4.660200
2.718400
-0.194170
-2.135900
-2.135900
-4.077700
-3.106800
-2.135900
-3.106800
-3.106800
-3.106800
-2.135900
-1.165000
-1.165000
0.776700
0.776700
1.747600
0.776700
0.776700
0.776700
2.718400
5.631100
7.572800
6.601900
6.601900
7.572800
4.660200
-0.194170
-5.048500
-6.990300
-6.990300
-6.990300
-6.990300
-5.048500
-2.135900
-0.194170
4.660200
6.601900
6.601900
5.631100
1.747600
1.747600
-3.106800
-9.902900
-11.845000
-10.874000
-8.932000
-5.048500
-3.106800
-3.106800
-0.194170
-3.106800
-6.019400
-4.077700
-4.077700
-6.019400
-5.048500
