6.797400
6.797400
5.817000
3.856200
4.836600
5.817000
4.836600
3.856200
2.875800
-2.026100
-8.888900
-14.771000
-14.771000
-10.850000
-6.928100
-3.986900
-3.006500
-5.947700
-4.967300
-3.986900
-4.967300
-4.967300
-1.045800
2.875800
2.875800
4.836600
5.817000
5.817000
8.758200
10.719000
9.738600
6.797400
0.915030
-6.928100
-13.791000
-17.712000
-19.673000
-18.693001
-13.791000
-7.908500
-3.006500
-0.065360
-0.065360
-0.065360
1.895400
0.915030
-2.026100
-4.967300
-3.006500
-3.006500
-2.026100
0.915030
4.836600
2.875800
0.915030
2.875800
4.836600
8.758200
7.777800
3.856200
0.915030
-2.026100
-4.967300
-4.967300
-3.986900
-4.967300
-4.967300
-3.006500
-5.947700
-5.947700
-4.967300
-5.947700
-4.967300
-1.045800
6.797400
10.719000
12.680000
12.680000
11.699000
10.719000
12.680000
10.719000
6.797400
3.856200
1.895400
2.875800
-1.045800
-5.947700
-11.830000
-13.791000
-12.810000
-10.850000
-10.850000
-10.850000
-10.850000
-10.850000
-6.928100
2.875800
7.777800
8.758200
9.738600
9.738600
10.719000
10.719000
10.719000
7.777800
5.817000
0.915030
-5.947700
-9.869300
-11.830000
-14.771000
-14.771000
-10.850000
-6.928100
-3.006500
2.875800
2.875800
-2.026100
-3.006500
-1.045800
-0.065360
-3.986900
-1.045800
1.895400
1.895400
0.915030
0.915030
3.856200
10.719000
9.738600
6.797400
4.836600
3.856200
0.915030
-3.006500
-3.006500
-6.928100
-9.869300
-4.967300
2.875800
5.817000
6.797400
9.738600
12.680000
8.758200
7.777800
9.738600
9.738600
6.797400
7.777800
10.719000
8.758200
7.777800
4.836600
2.875800
1.895400
4.836600
5.817000
4.836600
0.915030
0.915030
0.915030
2.875800
1.895400
-0.065360
-3.006500
-2.026100
0.915030
-0.065360
-2.026100
-3.986900
-2.026100
0.915030
2.875800
2.875800
4.836600
-0.065360
-3.986900
-4.967300
-4.967300
-5.947700
-4.967300
-0.065360
-0.065360
0.915030
1.895400
3.856200
1.895400
1.895400
5.817000
8.758200
9.738600
9.738600
5.817000
1.895400
-3.006500
-2.026100
-2.026100
-5.947700
-5.947700
-8.888900
-8.888900
-9.869300
-8.888900
-6.928100
-4.967300
-5.947700
-4.967300
-5.947700
-6.928100
-6.928100
-5.947700
-4.967300
-3.986900
-3.006500
-3.006500
-1.045800
-0.065360
2.875800
3.856200
4.836600
4.836600
4.836600
-1.045800
-3.986900
-6.928100
-8.888900
-8.888900
-8.888900
-8.888900
-7.908500
-2.026100
-2.026100
-4.967300
-6.928100
-4.967300
-3.006500
-2.026100
-3.006500
-0.065360
2.875800
3.856200
3.856200
2.875800
1.895400
1.895400
2.875800
0.915030
0.915030
1.895400
0.915030
-3.006500
-4.967300
-4.967300
-3.006500
-4.967300
-4.967300
-2.026100
1.895400
1.895400
0.915030
3.856200
6.797400
9.738600
8.758200
9.738600
7.777800
3.856200
3.856200
6.797400
8.758200
7.777800
-1.045800
-4.967300
-5.947700
-2.026100
1.895400
4.836600
7.777800
7.777800
6.797400
8.758200
10.719000
10.719000
13.660000
12.680000
7.777800
3.856200
0.915030
-2.026100
-3.006500
-0.065360
3.856200
7.777800
7.777800
5.817000
4.836600
7.777800
5.817000
2.875800
-1.045800
-5.947700
-11.830000
-12.810000
-13.791000
-13.791000
-13.791000
-11.830000
-6.928100
-1.045800
3.856200
3.856200
1.895400
-1.045800
0.915030
0.915030
0.915030
1.895400
1.895400
-5.947700
-10.850000
-5.947700
-4.967300
-7.908500
-5.947700
-2.026100
2.875800
8.758200
8.758200
4.836600
-0.065360
-1.045800
-3.006500
-3.006500
-2.026100
-4.967300
-4.967300
-3.006500
-0.065360
1.895400
0.915030
-2.026100
-1.045800
2.875800
6.797400
3.856200
1.895400
-0.065360
1.895400
-0.065360
-1.045800
-1.045800
1.895400
-1.045800
-2.026100
3.856200
9.738600
14.641000
12.680000
10.719000
7.777800
3.856200
-2.026100
-6.928100
-8.888900
-8.888900
-9.869300
-6.928100
-2.026100
6.797400
13.660000
16.601000
13.660000
8.758200
7.777800
4.836600
3.856200
-1.045800
-4.967300
-5.947700
-3.986900
-4.967300
-8.888900
-7.908500
-2.026100
0.915030
2.875800
5.817000
2.875800
-0.065360
-3.006500
-5.947700
-5.947700
-6.928100
-7.908500
-7.908500
-9.869300
-11.830000
-9.869300
-3.006500
1.895400
7.777800
9.738600
14.641000
16.601000
12.680000
9.738600
6.797400
4.836600
1.895400
2.875800
0.915030
-2.026100
-1.045800
-0.065360
1.895400
9.738600
15.621000
16.601000
14.641000
10.719000
5.817000
5.817000
6.797400
0.915030
-4.967300
-13.791000
-20.653999
-20.653999
-11.830000
-6.928100
-2.026100
2.875800
4.836600
6.797400
11.699000
12.680000
6.797400
2.875800
-0.065360
-2.026100
-4.967300
-9.869300
-12.810000
-12.810000
-10.850000
-9.869300
-9.869300
-5.947700
-4.967300
-3.986900
-1.045800
2.875800
6.797400
5.817000
4.836600
4.836600
2.875800
-1.045800
-1.045800
-2.026100
-2.026100
-5.947700
-3.986900
-3.986900
-3.986900
-2.026100
-1.045800
1.895400
1.895400
1.895400
-0.065360
-3.006500
-3.986900
-4.967300
-4.967300
-3.986900
-3.986900
-2.026100
-0.065360
0.915030
-0.065360
2.875800
4.836600
3.856200
3.856200
3.856200
4.836600
3.856200
6.797400
6.797400
4.836600
0.915030
-0.065360
-4.967300
-7.908500
-11.830000
-10.850000
-4.967300
-2.026100
-3.986900
-4.967300
-3.986900
-0.065360
6.797400
6.797400
4.836600
5.817000
5.817000
-0.065360
-3.006500
-1.045800
-0.065360
-2.026100
-3.986900
-6.928100
-7.908500
-3.006500
-3.006500
-5.947700
-4.967300
-3.986900
-2.026100
1.895400
0.915030
-1.045800
-2.026100
1.895400
1.895400
2.875800
4.836600
5.817000
5.817000
3.856200
4.836600
2.875800
3.856200
4.836600
5.817000
5.817000
3.856200
-3.006500
-4.967300
-6.928100
-7.908500
-6.928100
0.915030
11.699000
18.562000
19.542000
18.562000
17.582001
12.680000
9.738600
4.836600
0.915030
-1.045800
1.895400
1.895400
-0.065360
-2.026100
-4.967300
-7.908500
-7.908500
-7.908500
-8.888900
-8.888900
-9.869300
-7.908500
-6.928100
-2.026100
3.856200
7.777800
7.777800
6.797400
5.817000
4.836600
-1.045800
-7.908500
-10.850000
-12.810000
-9.869300
-7.908500
-4.967300
-3.006500
-1.045800
0.915030
5.817000
13.660000
20.523001
22.483999
21.503000
18.562000
13.660000
7.777800
5.817000
0.915030
-6.928100
-8.888900
-8.888900
-8.888900
-12.810000
-13.791000
-13.791000
-13.791000
-11.830000
-7.908500
-6.928100
-2.026100
0.915030
1.895400
-1.045800
-4.967300
-3.006500
-3.986900
-3.986900
-3.986900
-3.006500
-3.006500
-0.065360
1.895400
1.895400
1.895400
5.817000
7.777800
7.777800
3.856200
2.875800
0.915030
-4.967300
-12.810000
-21.634001
-22.614000
-16.732000
-4.967300
9.738600
26.405001
37.189999
40.131001
35.229000
25.424999
16.601000
10.719000
3.856200
-0.065360
-3.986900
-12.810000
-20.653999
-21.634001
-19.673000
-15.752000
-11.830000
-8.888900
-8.888900
-14.771000
-15.752000
-15.752000
-10.850000
-2.026100
1.895400
6.797400
7.777800
8.758200
7.777800
4.836600
-2.026100
-7.908500
-12.810000
-11.830000
-7.908500
-2.026100
1.895400
4.836600
2.875800
-0.065360
-0.065360
-2.026100
-4.967300
-11.830000
-11.830000
-10.850000
-9.869300
-6.928100
-3.006500
4.836600
16.601000
21.503000
21.503000
20.523001
19.542000
18.562000
13.660000
6.797400
-2.026100
-3.986900
-5.947700
-9.869300
-18.693001
-23.594999
-22.614000
-17.712000
-11.830000
-4.967300
-0.065360
7.777800
9.738600
12.680000
17.582001
18.562000
20.523001
22.483999
22.483999
15.621000
12.680000
10.719000
8.758200
4.836600
3.856200
1.895400
-0.065360
-0.065360
-0.065360
-3.986900
-9.869300
-12.810000
-7.908500
4.836600
12.680000
17.582001
18.562000
10.719000
1.895400
-3.006500
-9.869300
-12.810000
-9.869300
-3.006500
-1.045800
-5.947700
-11.830000
-16.732000
-17.712000
-19.673000
-18.693001
-10.850000
0.915030
12.680000
20.523001
22.483999
18.562000
7.777800
-1.045800
-6.928100
-12.810000
-21.634001
-25.556000
-19.673000
-12.810000
-14.771000
-18.693001
-18.693001
-18.693001
-15.752000
-10.850000
-5.947700
-3.006500
-0.065360
-0.065360
-1.045800
-3.006500
-0.065360
4.836600
6.797400
8.758200
5.817000
0.915030
-3.006500
-3.006500
-3.006500
-1.045800
-0.065360
3.856200
4.836600
8.758200
6.797400
6.797400
8.758200
12.680000
15.621000
17.582001
20.523001
21.503000
22.483999
22.483999
15.621000
6.797400
3.856200
-2.026100
-5.947700
-10.850000
-11.830000
-8.888900
-5.947700
-3.006500
-0.065360
5.817000
7.777800
9.738600
10.719000
12.680000
12.680000
11.699000
5.817000
1.895400
-1.045800
-3.006500
-5.947700
-4.967300
-5.947700
-8.888900
-9.869300
-7.908500
-1.045800
-1.045800
-3.986900
-1.045800
3.856200
5.817000
4.836600
-0.065360
-3.986900
-7.908500
-4.967300
-3.986900
-3.006500
-1.045800
-0.065360
1.895400
1.895400
5.817000
7.777800
5.817000
4.836600
-0.065360
-2.026100
-1.045800
-5.947700
-5.947700
-2.026100
1.895400
5.817000
2.875800
0.915030
-0.065360
0.915030
-3.006500
-2.026100
-2.026100
-3.006500
-6.928100
-7.908500
-3.986900
2.875800
1.895400
1.895400
1.895400
2.875800
3.856200
2.875800
3.856200
3.856200
4.836600
7.777800
7.777800
6.797400
5.817000
2.875800
-0.065360
-2.026100
-2.026100
-4.967300
-7.908500
-5.947700
-3.006500
-0.065360
-2.026100
-3.986900
-3.986900
0.915030
4.836600
1.895400
-3.006500
-5.947700
-5.947700
-4.967300
-5.947700
-8.888900
-13.791000
-16.732000
-17.712000
-14.771000
-10.850000
-6.928100
-1.045800
0.915030
3.856200
8.758200
10.719000
8.758200
4.836600
0.915030
-1.045800
-3.986900
-5.947700
-6.928100
-6.928100
-4.967300
-2.026100
3.856200
4.836600
5.817000
5.817000
8.758200
10.719000
12.680000
10.719000
5.817000
-1.045800
-3.006500
-3.986900
-3.986900
-3.006500
-3.986900
-2.026100
1.895400
3.856200
1.895400
-2.026100
-3.006500
-3.986900
-4.967300
-2.026100
-0.065360
5.817000
9.738600
11.699000
13.660000
15.621000
19.542000
16.601000
12.680000
8.758200
4.836600
-2.026100
-3.006500
-3.986900
-7.908500
-9.869300
-8.888900
-8.888900
-5.947700
-0.065360
2.875800
1.895400
3.856200
6.797400
3.856200
0.915030
-2.026100
0.915030
-0.065360
-2.026100
-2.026100
-1.045800
-3.006500
-2.026100
-3.006500
-2.026100
0.915030
1.895400
0.915030
-3.006500
-2.026100
0.915030
1.895400
0.915030
1.895400
3.856200
5.817000
6.797400
6.797400
8.758200
9.738600
2.875800
-2.026100
-1.045800
-2.026100
-2.026100
-2.026100
0.915030
2.875800
5.817000
7.777800
7.777800
7.777800
6.797400
2.875800
2.875800
-1.045800
-7.908500
-10.850000
-9.869300
-6.928100
-5.947700
-3.006500
-3.006500
-0.065360
-2.026100
-3.006500
-4.967300
-6.928100
-8.888900
-9.869300
