13.398000
3.689300
1.747600
1.747600
-1.488700
-9.902900
-16.375000
-16.375000
-19.612000
-20.906000
-16.375000
-13.786000
-10.550000
-2.135900
0.453070
-2.135900
-3.430400
4.336600
5.631100
8.220100
14.045000
9.514600
3.689300
-0.194170
-6.019400
-9.255700
-9.902900
-5.372200
1.747600
-0.194170
-0.194170
1.100300
1.100300
4.983800
8.867300
5.631100
3.042100
3.689300
1.747600
2.394800
9.514600
4.336600
-0.841420
1.100300
3.689300
9.514600
12.751000
6.278300
1.100300
-4.724900
-7.313900
-4.077700
-1.488700
-2.783200
-1.488700
-2.135900
-3.430400
-3.430400
-7.313900
-9.255700
-7.313900
-2.135900
-2.783200
-3.430400
-0.841420
1.100300
6.925600
9.514600
3.689300
-4.724900
-13.139000
-12.492000
-9.902900
-6.019400
-7.313900
-8.608400
-2.783200
1.100300
-1.488700
-2.783200
-0.194170
-0.194170
-0.841420
4.336600
5.631100
7.572800
7.572800
10.162000
12.104000
13.398000
12.104000
7.572800
8.867300
10.162000
5.631100
-0.841420
0.453070
-2.135900
-9.255700
-11.845000
-12.492000
-11.197000
-6.666700
-1.488700
3.689300
10.162000
13.398000
12.104000
14.693000
19.871000
21.812000
21.165001
17.929001
12.751000
6.925600
1.100300
-2.135900
-1.488700
2.394800
-0.194170
-7.313900
-11.845000
-11.845000
-6.666700
-4.077700
-3.430400
-0.841420
5.631100
10.162000
14.693000
15.987000
15.987000
9.514600
0.453070
-3.430400
-2.135900
-2.135900
-4.077700
-6.019400
-6.666700
-4.724900
-6.666700
-8.608400
-12.492000
-17.670000
-13.786000
-6.666700
-0.841420
8.220100
14.693000
13.398000
15.987000
17.929001
17.282000
14.693000
6.925600
-2.783200
-10.550000
-13.786000
-14.434000
-15.728000
-17.670000
-18.316999
-15.728000
-12.492000
-5.372200
-0.194170
6.278300
16.634001
21.165001
18.576000
14.693000
7.572800
6.925600
3.042100
-4.724900
-9.255700
-6.666700
-6.019400
-3.430400
-0.841420
-1.488700
-0.194170
1.100300
2.394800
2.394800
3.689300
3.042100
3.042100
1.100300
-0.194170
-5.372200
-6.019400
-1.488700
-2.783200
-6.019400
-6.666700
-4.724900
1.100300
0.453070
-2.783200
-4.077700
-6.666700
-3.430400
-0.841420
-0.194170
0.453070
-6.019400
-8.608400
-5.372200
0.453070
-0.194170
-1.488700
-0.841420
4.336600
4.983800
1.100300
-1.488700
-5.372200
-9.255700
-2.783200
-2.135900
-0.841420
2.394800
0.453070
-2.135900
0.453070
4.983800
8.867300
6.278300
-0.841420
-2.783200
-0.194170
-0.841420
-2.135900
-7.313900
-10.550000
-9.902900
-8.608400
-6.666700
-0.194170
6.925600
9.514600
5.631100
6.925600
10.809000
14.045000
14.045000
3.689300
-4.724900
-7.961200
-8.608400
-7.313900
-0.194170
12.104000
6.925600
1.100300
4.336600
4.983800
3.689300
3.042100
0.453070
-2.783200
1.747600
10.809000
8.867300
6.925600
6.278300
-0.841420
-6.666700
-4.724900
-4.724900
-9.255700
-11.845000
-11.845000
-12.492000
-13.139000
-11.197000
-11.197000
-6.019400
-4.724900
-5.372200
-6.019400
-6.019400
-6.666700
-11.845000
-11.197000
-11.197000
-4.077700
2.394800
9.514600
12.104000
5.631100
2.394800
4.983800
6.278300
4.336600
-1.488700
-5.372200
-6.666700
-9.255700
-9.902900
-6.666700
-8.608400
-7.961200
-8.608400
-5.372200
2.394800
8.220100
10.809000
12.104000
14.693000
19.223000
25.695999
23.107000
8.220100
-1.488700
-8.608400
-11.197000
-13.139000
-15.081000
-14.434000
-17.023001
-14.434000
-11.845000
-2.135900
10.162000
18.576000
15.987000
6.925600
4.336600
4.983800
8.867300
12.104000
14.045000
9.514600
4.336600
-2.783200
-1.488700
-1.488700
0.453070
6.278300
4.983800
-1.488700
-6.666700
-7.961200
-7.313900
-4.077700
-4.077700
-4.077700
-0.841420
3.042100
4.336600
4.336600
4.336600
-2.135900
-6.666700
-7.313900
-6.019400
-4.724900
-3.430400
-3.430400
-2.783200
1.100300
6.925600
13.398000
8.867300
4.983800
4.336600
5.631100
13.398000
10.809000
4.336600
1.747600
-0.194170
4.336600
4.983800
-0.194170
-5.372200
-6.019400
-0.841420
-3.430400
-2.135900
2.394800
0.453070
3.689300
6.925600
10.162000
4.336600
-1.488700
0.453070
4.983800
6.278300
10.809000
13.398000
4.983800
0.453070
-6.666700
-11.197000
-12.492000
-12.492000
-15.081000
-13.786000
-7.313900
-1.488700
1.100300
0.453070
3.042100
4.983800
10.809000
16.634001
16.634001
9.514600
-0.841420
-7.961200
-14.434000
-18.316999
-13.139000
-13.786000
-14.434000
-8.608400
-6.666700
-4.077700
-0.194170
-0.194170
1.747600
3.689300
3.042100
1.100300
0.453070
1.747600
-2.135900
-3.430400
-0.841420
-5.372200
-9.902900
-7.313900
-2.135900
-2.783200
-2.783200
-3.430400
3.689300
8.220100
5.631100
2.394800
0.453070
1.747600
6.278300
5.631100
8.867300
8.867300
10.809000
10.162000
4.983800
3.042100
-0.194170
-2.135900
0.453070
-0.841420
-2.783200
-7.313900
-9.255700
-3.430400
-4.077700
-6.666700
-2.783200
-2.135900
-6.019400
1.747600
9.514600
14.045000
10.162000
4.983800
8.220100
8.220100
12.751000
15.340000
11.456000
4.336600
0.453070
-3.430400
-4.724900
1.100300
8.220100
8.867300
4.983800
4.336600
1.100300
1.747600
1.747600
3.689300
3.689300
-0.194170
-1.488700
-9.255700
-11.197000
-7.961200
-4.724900
0.453070
2.394800
1.100300
1.100300
5.631100
4.983800
0.453070
0.453070
-0.841420
-4.724900
-6.019400
-6.666700
-4.724900
-4.724900
-5.372200
-3.430400
-0.841420
1.747600
4.336600
5.631100
6.925600
6.925600
6.925600
4.336600
-2.135900
-8.608400
-15.728000
-13.786000
-9.902900
-6.019400
-7.961200
-8.608400
-4.724900
-2.135900
-2.783200
-0.194170
3.042100
3.689300
5.631100
9.514600
9.514600
6.925600
2.394800
1.747600
4.336600
6.278300
5.631100
-0.841420
-8.608400
-6.666700
-5.372200
-2.135900
-4.724900
-9.255700
-8.608400
-6.666700
-4.724900
-0.841420
-0.194170
0.453070
0.453070
0.453070
3.042100
3.689300
4.983800
-0.194170
-6.019400
-7.961200
-8.608400
-7.313900
-5.372200
-0.841420
5.631100
6.925600
7.572800
2.394800
-3.430400
-3.430400
-4.077700
-2.135900
-5.372200
-7.313900
-7.961200
-6.019400
-2.135900
1.100300
-1.488700
-3.430400
0.453070
2.394800
5.631100
10.162000
13.398000
8.220100
4.983800
9.514600
7.572800
3.042100
-4.724900
-9.255700
-11.197000
-13.139000
-14.434000
-15.728000
-13.139000
-8.608400
-2.135900
1.747600
6.925600
8.220100
8.220100
10.809000
12.104000
14.045000
11.456000
8.867300
12.751000
15.340000
18.576000
16.634001
14.045000
11.456000
4.336600
-3.430400
-10.550000
-20.906000
-16.375000
-15.081000
-13.139000
-9.255700
-7.313900
-2.783200
4.983800
10.162000
15.340000
15.987000
17.282000
14.045000
11.456000
8.867300
3.689300
-4.077700
-9.255700
-13.786000
-15.728000
-13.786000
-8.608400
-6.666700
-4.724900
-3.430400
-2.135900
-1.488700
-3.430400
-2.783200
-6.019400
-6.019400
-4.077700
-2.783200
0.453070
5.631100
8.220100
12.104000
18.576000
17.282000
8.220100
1.747600
-4.077700
-7.313900
-9.902900
-13.139000
-13.786000
-10.550000
-3.430400
4.336600
4.983800
8.220100
8.867300
8.867300
6.925600
4.336600
3.042100
4.983800
1.747600
-4.077700
-7.961200
-6.019400
-6.019400
-6.666700
-4.077700
-2.135900
-1.488700
-0.841420
-0.194170
4.983800
4.336600
3.042100
4.983800
3.689300
1.747600
-0.841420
-3.430400
-1.488700
3.689300
5.631100
4.983800
1.747600
-4.724900
-8.608400
-8.608400
-3.430400
6.278300
8.867300
11.456000
11.456000
10.809000
9.514600
-0.841420
-7.961200
-9.255700
-9.255700
-7.313900
-2.783200
-2.135900
-3.430400
-3.430400
-1.488700
1.100300
4.336600
0.453070
-4.724900
-4.077700
-4.077700
-2.135900
2.394800
2.394800
-1.488700
-7.961200
-11.197000
-6.666700
1.100300
3.689300
-2.135900
-4.724900
-0.841420
2.394800
6.925600
11.456000
14.045000
13.398000
14.045000
12.104000
11.456000
12.104000
12.751000
12.751000
10.162000
6.278300
3.689300
-2.783200
-4.077700
-6.666700
-8.608400
-9.255700
-13.139000
-11.845000
-6.666700
-3.430400
-1.488700
1.100300
5.631100
10.809000
11.456000
10.809000
7.572800
6.278300
8.220100
3.042100
0.453070
0.453070
-1.488700
-4.724900
-7.313900
-12.492000
-15.081000
-13.786000
-2.783200
10.809000
13.398000
10.809000
8.220100
7.572800
11.456000
12.751000
14.045000
12.751000
8.867300
1.100300
-4.724900
-9.902900
-15.081000
-24.790001
-28.025999
-26.084000
-28.025999
-26.084000
-20.906000
-12.492000
-6.019400
4.336600
13.398000
18.576000
17.929001
16.634001
17.282000
18.576000
21.165001
17.929001
8.220100
-4.724900
-13.139000
-16.375000
-15.081000
-19.612000
-24.142000
-20.906000
-17.670000
-13.139000
-2.135900
8.220100
12.751000
13.398000
11.456000
11.456000
12.751000
14.045000
14.045000
9.514600
3.689300
-2.135900
-9.902900
-15.081000
-20.259001
-17.670000
-14.434000
-13.786000
-8.608400
-9.255700
-7.961200
-4.077700
5.631100
10.162000
13.398000
11.456000
6.925600
7.572800
3.689300
3.042100
5.631100
-0.841420
-4.724900
-7.313900
-10.550000
-9.902900
-9.902900
-9.902900
-11.845000
-9.255700
-4.724900
-0.841420
7.572800
12.104000
15.340000
12.104000
6.925600
8.220100
7.572800
2.394800
-7.313900
-11.845000
-13.139000
-9.255700
-7.961200
-6.666700
-4.724900
-2.783200
6.278300
14.045000
17.282000
14.693000
13.398000
10.162000
8.220100
8.867300
1.747600
-2.783200
-7.313900
-10.550000
-10.550000
-13.139000
-13.786000
-9.902900
-4.077700
-2.135900
0.453070
2.394800
4.983800
2.394800
4.336600
5.631100
10.162000
14.045000
11.456000
13.398000
17.282000
17.282000
17.282000
12.104000
8.220100
7.572800
4.983800
3.042100
1.747600
-1.488700
-0.841420
-0.841420
-3.430400
-4.724900
-4.724900
-2.783200
-7.961200
-9.255700
-7.961200
-11.845000
-15.728000
-12.492000
-4.077700
3.042100
6.278300
10.162000
12.751000
14.045000
14.693000
12.104000
6.925600
1.100300
-1.488700
-0.194170
-0.841420
-0.194170
-0.194170
2.394800
6.925600
6.278300
5.631100
11.456000
12.751000
10.162000
6.925600
1.100300
-8.608400
-13.786000
-16.375000
-18.316999
-18.964001
-15.081000
-10.550000
-9.902900
-8.608400
-6.019400
-2.783200
1.100300
6.278300
10.162000
8.220100
5.631100
2.394800
-0.841420
-5.372200
-8.608400
-9.255700
-4.077700
-2.135900
-5.372200
-7.961200
-9.255700
-9.902900
-6.019400
-6.666700
-9.255700
-11.197000
-4.077700
5.631100
8.220100
10.162000
9.514600
8.220100
5.631100
0.453070
-3.430400
-7.961200
-6.666700
0.453070
1.100300
1.100300
-0.194170
-1.488700
0.453070
-0.194170
-4.724900
-3.430400
-2.135900
-2.783200
2.394800
5.631100
1.747600
1.747600
4.336600
1.747600
-5.372200
-5.372200
1.100300
4.336600
6.278300
7.572800
7.572800
7.572800
