10.561000
4.620500
1.320100
-0.660070
-5.940600
-11.221000
-11.221000
-15.182000
-19.142000
-17.162001
-11.221000
-7.920800
-3.960400
-1.320100
1.320100
0.660070
-2.640300
1.980200
1.980200
3.300300
6.600700
-0.660070
-4.620500
-3.300300
-3.960400
-0.660070
1.980200
5.940600
8.580900
9.240900
9.901000
9.240900
10.561000
11.881000
12.541000
10.561000
3.300300
-0.660070
-2.640300
-1.320100
4.620500
5.280500
5.940600
4.620500
3.960400
5.280500
5.280500
5.280500
3.300300
-3.300300
-7.260700
-5.280500
-4.620500
-4.620500
-5.280500
-4.620500
-3.300300
-0.660070
0.000000
-0.660070
-3.960400
-4.620500
-6.600700
-9.240900
-8.580900
-5.280500
-0.660070
3.300300
3.960400
-0.660070
-3.960400
-7.920800
-6.600700
-6.600700
-9.901000
-9.240900
-4.620500
-2.640300
-2.640300
0.000000
0.660070
1.320100
2.640300
4.620500
0.660070
-2.640300
-5.280500
-3.300300
0.000000
4.620500
6.600700
6.600700
9.240900
17.162001
19.142000
17.162001
15.182000
9.240900
1.980200
-3.300300
-6.600700
-6.600700
-5.940600
-6.600700
-4.620500
2.640300
5.940600
9.901000
16.502001
20.462000
24.422001
25.083000
21.122000
17.162001
10.561000
3.300300
-3.300300
-7.260700
-9.240900
-11.881000
-17.162001
-17.162001
-11.881000
-7.920800
-7.260700
-1.980200
3.960400
6.600700
8.580900
7.260700
4.620500
5.280500
1.980200
-4.620500
-4.620500
-2.640300
-1.980200
-7.260700
-6.600700
-1.980200
-1.320100
-1.980200
0.000000
0.000000
-1.980200
1.320100
9.240900
15.842000
20.462000
23.761999
25.083000
23.761999
22.441999
21.782000
14.521000
3.960400
-3.960400
-7.920800
-10.561000
-9.901000
-15.182000
-19.802000
-15.842000
-12.541000
-5.940600
-1.980200
-1.320100
2.640300
8.580900
11.881000
11.221000
5.280500
1.980200
1.320100
0.660070
-3.300300
-6.600700
-7.920800
-8.580900
-5.280500
-4.620500
-9.240900
-12.541000
-14.521000
-13.201000
-11.221000
-9.901000
-8.580900
-6.600700
-5.940600
-7.260700
-8.580900
-5.280500
-2.640300
-3.960400
-5.940600
-3.960400
0.000000
5.280500
5.280500
1.980200
0.000000
-0.660070
2.640300
1.320100
-0.660070
-1.980200
-6.600700
-9.240900
-7.260700
-3.960400
-3.300300
-3.960400
-4.620500
-1.320100
3.960400
-0.660070
-7.920800
-10.561000
-9.240900
-5.280500
-2.640300
-3.300300
-0.660070
2.640300
1.980200
5.280500
5.940600
7.260700
5.280500
2.640300
5.280500
7.260700
5.280500
3.300300
2.640300
2.640300
2.640300
2.640300
2.640300
5.280500
7.260700
9.901000
7.920800
6.600700
7.920800
7.260700
6.600700
0.660070
-5.280500
-8.580900
-7.260700
-1.980200
3.960400
11.221000
8.580900
3.960400
1.320100
2.640300
5.280500
2.640300
-3.960400
-7.920800
-7.920800
-2.640300
-1.320100
1.320100
0.000000
-5.940600
-5.280500
-3.300300
-3.960400
-7.260700
-6.600700
1.980200
7.260700
5.940600
5.940600
3.960400
7.260700
8.580900
6.600700
4.620500
1.320100
-2.640300
-6.600700
-8.580900
-11.221000
-7.920800
-0.660070
5.940600
7.260700
1.980200
-1.980200
1.320100
7.260700
9.240900
6.600700
1.980200
-3.960400
-7.920800
-6.600700
-2.640300
-5.280500
-8.580900
-9.240900
-5.940600
-3.960400
0.000000
1.320100
1.980200
6.600700
13.201000
20.462000
19.802000
9.240900
0.000000
-5.940600
-9.901000
-9.901000
-7.920800
-8.580900
-9.240900
-7.920800
-3.960400
5.940600
15.842000
17.162001
15.842000
5.940600
0.660070
-1.320100
0.000000
3.960400
3.300300
1.980200
1.980200
0.000000
0.660070
3.300300
7.260700
7.920800
5.940600
0.000000
-9.240900
-11.881000
-9.240900
-1.980200
1.320100
1.320100
1.980200
3.300300
6.600700
8.580900
4.620500
-3.960400
-10.561000
-12.541000
-9.240900
-1.320100
2.640300
-3.300300
-3.960400
1.980200
7.920800
11.221000
5.940600
0.660070
-4.620500
-3.960400
1.320100
-0.660070
-5.280500
-5.280500
-5.280500
0.000000
-0.660070
-3.960400
-7.260700
-4.620500
-0.660070
-1.320100
-3.960400
-3.960400
-5.280500
-2.640300
1.320100
1.980200
-0.660070
-7.260700
-6.600700
1.320100
6.600700
7.260700
5.280500
-1.320100
-6.600700
-9.240900
-10.561000
-12.541000
-15.842000
-18.482000
-17.162001
-11.881000
-3.960400
1.320100
-0.660070
-1.980200
-1.980200
-0.660070
3.300300
3.960400
-1.320100
-6.600700
-9.240900
-9.901000
-5.940600
0.660070
4.620500
1.980200
-0.660070
-2.640300
-3.300300
-2.640300
-0.660070
0.000000
-0.660070
0.000000
2.640300
2.640300
0.660070
-0.660070
2.640300
3.960400
1.320100
0.000000
-1.320100
0.660070
1.320100
2.640300
1.980200
3.300300
5.280500
4.620500
5.280500
3.960400
3.960400
6.600700
7.920800
4.620500
3.960400
3.960400
6.600700
5.940600
4.620500
5.280500
4.620500
5.940600
7.260700
5.280500
2.640300
0.660070
1.980200
3.300300
3.300300
-3.300300
-9.901000
-8.580900
0.000000
7.920800
12.541000
11.881000
5.280500
3.300300
4.620500
9.901000
13.201000
9.240900
1.980200
-3.960400
-6.600700
-5.940600
0.000000
6.600700
2.640300
-3.300300
0.660070
2.640300
5.280500
6.600700
9.240900
7.260700
1.320100
-1.320100
-2.640300
-3.300300
-3.300300
-3.300300
-2.640300
0.660070
3.960400
8.580900
7.260700
3.300300
1.320100
0.000000
3.960400
-0.660070
-5.280500
-1.320100
1.320100
2.640300
0.660070
-1.320100
-0.660070
0.660070
1.980200
-1.980200
-1.980200
-2.640300
-1.320100
-5.280500
-9.240900
-8.580900
-10.561000
-7.920800
-5.940600
-3.960400
-2.640300
-1.980200
0.000000
-0.660070
-3.300300
-1.980200
-1.320100
-1.980200
-2.640300
0.660070
2.640300
1.320100
-1.320100
-0.660070
1.980200
3.960400
5.280500
1.980200
-3.300300
-6.600700
-5.280500
-3.300300
-6.600700
-7.920800
-11.221000
-9.240900
-6.600700
-4.620500
-3.300300
1.320100
0.000000
1.980200
8.580900
12.541000
13.201000
11.881000
9.240900
5.940600
1.980200
-1.980200
-4.620500
1.320100
6.600700
9.240900
8.580900
2.640300
-0.660070
-1.980200
0.000000
3.960400
4.620500
5.280500
3.960400
3.960400
0.000000
-2.640300
-3.300300
-2.640300
-0.660070
-1.320100
0.660070
2.640300
5.280500
5.940600
2.640300
3.300300
2.640300
-0.660070
-7.260700
-9.240900
-8.580900
-6.600700
-3.960400
-1.320100
-0.660070
-2.640300
-0.660070
2.640300
3.300300
1.980200
-0.660070
-2.640300
0.660070
1.980200
1.320100
1.980200
6.600700
10.561000
11.881000
11.221000
11.221000
7.260700
3.960400
0.660070
-3.960400
-9.901000
-14.521000
-15.842000
-12.541000
-9.901000
-7.920800
-3.960400
0.660070
5.280500
10.561000
15.182000
13.201000
9.901000
8.580900
6.600700
0.000000
-7.920800
-12.541000
-13.201000
-13.861000
-11.881000
-8.580900
-4.620500
0.660070
0.660070
-1.320100
-7.920800
-11.221000
-11.881000
-13.201000
-14.521000
-17.162001
-15.182000
-8.580900
-3.960400
0.000000
5.280500
9.901000
11.221000
7.260700
3.300300
-0.660070
-4.620500
-9.901000
-13.861000
-17.162001
-12.541000
-4.620500
-2.640300
3.300300
8.580900
10.561000
11.221000
11.221000
6.600700
-0.660070
-3.300300
-7.260700
-11.881000
-12.541000
-7.260700
-3.300300
-3.960400
-2.640300
0.660070
2.640300
1.320100
-0.660070
5.280500
8.580900
11.221000
13.201000
10.561000
3.960400
1.980200
3.960400
7.920800
11.221000
9.240900
7.920800
5.940600
0.660070
-1.320100
4.620500
9.240900
14.521000
17.162001
17.162001
13.861000
10.561000
5.940600
-1.980200
-7.260700
-7.920800
-5.940600
-1.980200
5.940600
7.920800
8.580900
8.580900
6.600700
4.620500
4.620500
3.960400
3.960400
1.320100
-1.980200
-2.640300
0.660070
1.980200
-1.980200
-4.620500
-6.600700
-4.620500
2.640300
7.260700
5.940600
-0.660070
-1.320100
0.000000
0.000000
7.260700
10.561000
9.901000
8.580900
10.561000
16.502001
15.842000
14.521000
11.881000
11.221000
9.240900
3.960400
-1.320100
-3.300300
-4.620500
-5.280500
-6.600700
-5.940600
0.000000
-2.640300
-5.280500
-3.300300
1.320100
3.960400
5.940600
5.280500
5.280500
3.300300
3.960400
3.300300
-1.320100
-3.300300
-1.320100
-1.320100
-3.960400
-7.260700
-10.561000
-9.240900
-6.600700
-0.660070
5.280500
7.260700
4.620500
1.980200
-2.640300
-1.320100
0.660070
2.640300
1.980200
1.980200
-0.660070
-7.920800
-10.561000
-13.861000
-15.182000
-11.881000
-9.240900
-11.881000
-14.521000
-13.201000
-8.580900
-3.300300
2.640300
2.640300
3.960400
5.940600
4.620500
5.280500
8.580900
12.541000
5.940600
-1.320100
-4.620500
-6.600700
-10.561000
-11.881000
-11.221000
-13.861000
-14.521000
-11.881000
-8.580900
-3.300300
2.640300
2.640300
2.640300
2.640300
2.640300
5.940600
7.260700
9.240900
11.881000
7.260700
4.620500
0.000000
-5.280500
-8.580900
-5.940600
-1.320100
1.320100
-0.660070
-5.940600
-7.920800
-2.640300
5.280500
7.920800
7.260700
7.920800
8.580900
8.580900
9.240900
11.221000
13.201000
5.940600
4.620500
0.660070
-3.300300
-2.640300
-3.300300
-7.920800
-12.541000
-9.240900
-4.620500
0.660070
0.660070
0.000000
5.940600
10.561000
9.240900
6.600700
3.960400
0.660070
-7.260700
-12.541000
-13.201000
-11.881000
-11.221000
-10.561000
-5.280500
-1.980200
3.960400
6.600700
7.920800
3.960400
3.300300
2.640300
3.960400
0.660070
-8.580900
-11.221000
-9.901000
-5.280500
-9.240900
-12.541000
-11.221000
-6.600700
-2.640300
1.980200
4.620500
5.280500
4.620500
5.280500
5.940600
6.600700
6.600700
0.000000
-3.300300
-3.300300
-2.640300
-1.320100
-1.320100
-3.960400
-1.980200
1.980200
1.980200
3.300300
6.600700
7.260700
7.260700
5.280500
0.660070
-0.660070
-4.620500
-7.260700
-6.600700
-3.960400
-1.320100
-5.940600
-9.240900
-8.580900
-4.620500
0.660070
2.640300
3.300300
5.280500
9.240900
13.201000
13.201000
13.861000
13.861000
13.861000
11.221000
8.580900
4.620500
-1.320100
-3.300300
-1.980200
-2.640300
-4.620500
-1.980200
-3.960400
-5.280500
-2.640300
-0.660070
-5.940600
-8.580900
-7.920800
-5.940600
-3.300300
-0.660070
1.980200
7.260700
7.260700
3.960400
1.980200
3.960400
5.280500
7.920800
7.920800
5.280500
2.640300
0.000000
-2.640300
-5.280500
-8.580900
-8.580900
-7.260700
-6.600700
-5.940600
-6.600700
-4.620500
-1.320100
-3.300300
-8.580900
-11.881000
-11.221000
-7.260700
-7.920800
-6.600700
-3.960400
0.000000
5.940600
9.240900
9.240900
3.960400
5.940600
10.561000
7.260700
5.280500
4.620500
4.620500
3.300300
1.980200
3.300300
4.620500
4.620500
3.960400
7.260700
9.901000
10.561000
9.901000
10.561000
11.221000
5.940600
3.960400
7.920800
6.600700
5.940600
7.260700
6.600700
6.600700
