-5.015900
-16.444000
-15.810000
-7.555600
-1.206300
-2.476200
-4.381000
-5.650800
-5.650800
-3.746000
-3.746000
-4.381000
-2.476200
-2.476200
-5.650800
-10.095000
-13.905000
-5.015900
1.968300
8.317500
19.111000
23.556000
20.381001
14.032000
-1.841300
-12.000000
-10.095000
-1.206300
7.682500
8.317500
5.777800
0.698410
-5.015900
-2.476200
0.698410
5.777800
8.952400
7.682500
1.333300
-4.381000
-7.555600
-12.000000
-13.270000
-10.730000
-7.555600
0.698410
3.873000
4.507900
7.682500
6.412700
-1.206300
-4.381000
-8.825400
-14.540000
-13.905000
-12.635000
-13.270000
-15.810000
-14.540000
-8.190500
-2.476200
3.238100
3.873000
3.873000
5.142900
1.968300
-1.206300
-0.571430
1.333300
-3.746000
-10.095000
-10.095000
-10.730000
-7.555600
-5.650800
-3.746000
7.047600
5.777800
4.507900
5.777800
6.412700
5.777800
5.777800
5.777800
3.873000
7.047600
7.682500
8.952400
12.127000
14.667000
12.127000
7.682500
10.857000
9.587300
-1.206300
-5.650800
-1.206300
-4.381000
-5.650800
-1.206300
-1.206300
-4.381000
-5.650800
-3.111100
0.063490
5.142900
3.238100
2.603200
5.777800
8.952400
9.587300
5.142900
0.698410
-2.476200
-0.571430
0.063490
1.968300
4.507900
3.238100
-1.841300
-5.650800
-6.285700
-6.920600
-0.571430
1.968300
0.698410
0.063490
1.333300
4.507900
8.952400
8.317500
3.873000
-3.111100
-6.920600
-6.920600
-5.650800
-2.476200
0.698410
2.603200
5.777800
3.238100
-3.746000
-6.920600
-8.825400
-11.365000
-9.460300
-3.746000
-3.111100
0.063490
2.603200
3.873000
8.317500
10.857000
7.682500
1.333300
-3.746000
-1.206300
-0.571430
-1.841300
-1.841300
1.333300
0.063490
1.968300
0.063490
-10.095000
-15.175000
-16.444000
-8.190500
0.698410
10.857000
15.302000
14.032000
14.667000
15.302000
14.032000
7.047600
0.698410
-8.825400
-18.349001
-16.444000
-15.810000
-14.540000
-8.190500
-4.381000
-0.571430
1.968300
2.603200
0.063490
2.603200
4.507900
8.317500
6.412700
-0.571430
0.063490
-0.571430
2.603200
3.873000
1.968300
1.333300
-3.111100
-5.015900
-6.285700
-10.095000
-8.190500
-4.381000
-4.381000
-2.476200
-5.650800
-5.650800
0.063490
0.063490
-5.015900
-5.015900
0.698410
8.317500
9.587300
7.047600
6.412700
5.777800
4.507900
7.047600
-0.571430
-6.920600
-8.190500
-6.285700
-2.476200
2.603200
8.952400
12.127000
7.682500
1.968300
2.603200
0.698410
0.698410
3.873000
-1.206300
-5.650800
-9.460300
-8.825400
-4.381000
0.698410
10.222000
10.857000
-1.206300
-6.920600
-7.555600
-4.381000
3.238100
0.698410
-1.206300
0.063490
1.968300
0.063490
4.507900
12.127000
7.047600
8.317500
13.397000
12.127000
11.492000
7.682500
3.238100
-1.841300
0.698410
7.047600
5.142900
4.507900
7.682500
2.603200
-1.841300
-1.206300
-2.476200
-3.111100
-3.746000
-7.555600
-8.825400
-16.444000
-17.714001
-12.000000
-0.571430
7.047600
10.222000
16.570999
14.667000
8.317500
-5.015900
-9.460300
-12.000000
-13.905000
-15.175000
-13.270000
-8.825400
-6.285700
1.968300
10.222000
11.492000
7.047600
-0.571430
-1.841300
-4.381000
-10.095000
-12.635000
-8.190500
-9.460300
-5.650800
-4.381000
-1.206300
0.063490
3.873000
11.492000
17.205999
19.746000
12.127000
-1.206300
-6.920600
-14.540000
-12.000000
-5.015900
0.063490
3.238100
6.412700
14.667000
16.570999
17.841000
11.492000
1.333300
-11.365000
-26.603001
-31.048000
-23.429001
-10.095000
-1.206300
7.682500
17.205999
25.459999
26.094999
22.285999
12.762000
7.682500
-5.650800
-17.079000
-18.983999
-21.524000
-17.079000
-8.190500
1.968300
3.873000
4.507900
6.412700
9.587300
17.205999
16.570999
10.857000
2.603200
-3.746000
-5.015900
0.063490
3.873000
4.507900
5.777800
-0.571430
-8.190500
-12.635000
-14.540000
-12.635000
-5.650800
-1.841300
3.238100
10.222000
11.492000
14.032000
12.762000
8.952400
0.063490
-6.285700
-1.206300
1.333300
3.238100
3.238100
3.238100
5.142900
2.603200
-0.571430
-1.841300
-8.190500
-9.460300
-4.381000
-1.841300
1.968300
5.142900
8.317500
12.127000
7.682500
5.142900
7.047600
5.142900
8.952400
6.412700
1.333300
-3.111100
-5.015900
-13.270000
-18.349001
-17.714001
-15.810000
-9.460300
-4.381000
7.682500
14.667000
17.841000
24.190001
15.937000
3.873000
-1.841300
-4.381000
-13.905000
-26.603001
-29.778000
-31.683001
-25.968000
-8.825400
10.222000
21.650999
24.190001
22.285999
22.921000
15.937000
7.047600
0.698410
-10.095000
-18.983999
-24.063000
-21.524000
-10.730000
-0.571430
2.603200
7.682500
12.762000
15.302000
17.205999
14.667000
10.857000
4.507900
-4.381000
-10.095000
-12.635000
-17.079000
-17.079000
-14.540000
-3.746000
4.507900
6.412700
3.873000
1.968300
1.968300
2.603200
0.698410
-3.746000
-12.000000
-16.444000
-17.714001
-15.810000
-10.730000
-9.460300
-5.650800
1.968300
5.777800
7.047600
8.952400
1.968300
0.063490
3.238100
5.777800
9.587300
8.952400
3.873000
-1.841300
-2.476200
0.698410
5.777800
8.952400
6.412700
2.603200
3.238100
3.238100
-1.841300
-1.841300
-0.571430
0.698410
-3.746000
-6.285700
-8.825400
-10.730000
-4.381000
-2.476200
0.063490
6.412700
10.857000
10.857000
7.682500
2.603200
-2.476200
-3.746000
-6.920600
-7.555600
-7.555600
-5.650800
-0.571430
4.507900
9.587300
13.397000
9.587300
1.968300
-1.206300
-6.285700
-8.190500
-7.555600
-6.285700
-0.571430
3.238100
1.968300
2.603200
4.507900
4.507900
4.507900
2.603200
-1.206300
-10.095000
-17.714001
-20.889000
-13.905000
-5.650800
-2.476200
-3.111100
-8.190500
-8.190500
-0.571430
7.047600
14.032000
12.762000
9.587300
9.587300
3.873000
-3.111100
-8.825400
-12.635000
-9.460300
0.698410
3.873000
8.952400
12.127000
10.857000
7.682500
3.238100
-0.571430
-2.476200
-5.650800
-5.650800
-5.650800
-3.746000
1.968300
4.507900
1.968300
-1.206300
-3.111100
-6.920600
-3.111100
-0.571430
-0.571430
1.968300
0.698410
1.968300
8.952400
10.857000
10.222000
10.222000
5.142900
-1.841300
-5.650800
-5.015900
-3.111100
2.603200
3.873000
5.142900
3.873000
4.507900
9.587300
12.127000
12.762000
17.205999
19.746000
13.397000
4.507900
5.142900
1.333300
-0.571430
-0.571430
-0.571430
0.698410
-3.746000
-10.730000
-10.730000
-8.190500
-3.746000
-0.571430
0.698410
-1.206300
0.063490
4.507900
5.777800
5.142900
5.142900
-2.476200
-6.285700
-3.746000
-6.920600
-0.571430
5.142900
3.238100
3.238100
0.063490
-4.381000
-9.460300
-12.000000
-12.635000
-17.079000
-14.540000
-5.650800
1.333300
7.047600
10.222000
7.682500
8.317500
11.492000
12.127000
5.142900
-1.206300
-10.095000
-13.270000
-12.000000
-10.730000
-5.650800
1.333300
3.873000
3.873000
3.238100
0.698410
-6.285700
-6.285700
-3.111100
0.063490
-1.841300
-6.285700
-6.285700
-8.825400
-4.381000
5.777800
11.492000
11.492000
7.682500
5.142900
0.698410
-5.650800
-5.650800
-6.920600
-5.015900
-3.111100
-1.206300
3.238100
7.682500
15.302000
7.682500
-5.650800
-8.825400
-5.650800
0.698410
3.873000
7.047600
7.682500
7.682500
11.492000
12.762000
12.762000
11.492000
2.603200
-9.460300
-15.175000
-12.635000
-5.015900
0.698410
6.412700
11.492000
11.492000
9.587300
8.952400
5.142900
-0.571430
-4.381000
-12.635000
-17.079000
-13.270000
-10.730000
-6.285700
0.698410
3.238100
3.873000
0.698410
-6.285700
-8.190500
-9.460300
-5.015900
1.968300
7.682500
12.127000
9.587300
7.682500
7.047600
0.063490
-2.476200
-2.476200
-2.476200
1.333300
3.238100
0.063490
0.698410
-5.650800
-12.000000
-10.730000
-5.650800
0.698410
-4.381000
-11.365000
-10.095000
-5.650800
-0.571430
3.238100
3.873000
1.968300
0.698410
-2.476200
0.698410
9.587300
10.222000
8.317500
8.952400
7.047600
4.507900
2.603200
7.047600
8.952400
10.222000
11.492000
11.492000
11.492000
10.222000
8.317500
2.603200
1.333300
-8.825400
-18.983999
-22.794001
-21.524000
-15.175000
-12.000000
-4.381000
4.507900
10.222000
11.492000
9.587300
6.412700
4.507900
1.333300
-1.841300
3.873000
3.238100
5.142900
9.587300
8.952400
10.222000
14.032000
7.682500
1.333300
-2.476200
-6.285700
-11.365000
-14.540000
-8.825400
2.603200
10.222000
19.746000
21.650999
21.016001
15.302000
3.873000
-4.381000
-6.285700
-5.650800
-5.015900
-15.810000
-25.968000
-34.856998
-39.301998
-34.856998
-28.507999
-25.333000
-20.889000
-8.825400
-4.381000
-0.571430
7.047600
10.857000
12.127000
12.127000
14.032000
11.492000
5.777800
3.873000
5.777800
6.412700
3.873000
1.333300
6.412700
12.762000
16.570999
9.587300
-3.111100
-8.190500
-4.381000
-1.841300
5.142900
7.047600
4.507900
4.507900
5.777800
5.142900
3.873000
7.047600
8.317500
3.873000
-2.476200
-9.460300
-18.983999
-22.794001
-18.349001
-13.905000
-7.555600
-1.206300
5.777800
12.762000
14.032000
9.587300
4.507900
1.333300
-10.730000
-20.889000
-21.524000
-24.063000
-18.983999
-10.730000
-3.111100
7.682500
14.032000
22.285999
22.285999
23.556000
24.190001
22.921000
21.016001
14.667000
5.142900
-7.555600
-13.270000
-5.650800
1.333300
1.333300
-0.571430
-1.206300
-2.476200
-1.206300
0.063490
0.063490
0.063490
-1.841300
-0.571430
-0.571430
0.698410
3.873000
0.063490
-6.285700
-6.285700
-6.920600
-9.460300
-8.190500
-4.381000
-1.206300
-3.746000
-9.460300
-5.015900
-1.841300
-0.571430
-2.476200
-5.650800
-9.460300
-10.730000
-5.650800
3.873000
8.317500
14.667000
12.127000
4.507900
3.873000
3.238100
3.873000
10.857000
11.492000
11.492000
15.302000
17.205999
12.127000
7.047600
0.063490
-10.095000
-17.079000
-18.983999
-21.524000
-20.254000
-13.905000
-10.730000
-6.920600
-1.206300
-3.111100
-0.571430
7.682500
13.397000
14.667000
15.302000
17.841000
17.841000
13.397000
3.873000
-1.206300
-8.190500
-12.635000
-13.270000
-12.635000
-10.730000
-3.746000
3.238100
8.317500
16.570999
17.841000
17.841000
21.016001
15.302000
8.317500
0.698410
-12.635000
-21.524000
-18.983999
-15.175000
-13.905000
-11.365000
-7.555600
-3.111100
1.968300
5.777800
3.873000
-0.571430
-4.381000
-8.825400
-12.635000
-13.905000
-13.270000
-14.540000
-12.635000
-6.285700
-1.841300
1.968300
7.682500
8.317500
11.492000
8.317500
-1.206300
-9.460300
-12.635000
-11.365000
-6.285700
-0.571430
6.412700
13.397000
21.650999
26.730000
24.825001
14.032000
1.968300
-8.190500
-17.079000
-23.429001
-22.159000
-15.810000
-12.000000
-5.650800
-3.111100
-0.571430
2.603200
6.412700
8.952400
9.587300
7.682500
3.238100
3.238100
-0.571430
-5.650800
-4.381000
1.968300
4.507900
1.333300
0.698410
3.873000
3.873000
3.873000
3.873000
5.777800
1.333300
