3.236200
-7.119700
-9.708700
-6.472500
-4.530700
-6.472500
-8.414200
-9.061500
-7.119700
-2.589000
-1.294500
-1.294500
0.000000
-0.647250
-3.883500
-10.356000
-16.827999
-12.945000
-7.119700
1.294500
12.298000
19.417000
22.653999
21.358999
14.239000
7.767000
1.941700
0.000000
0.000000
-2.589000
-3.883500
-6.472500
-5.825200
-0.647250
3.883500
8.414200
11.003000
14.239000
13.592000
9.708700
7.119700
1.941700
-1.941700
-5.825200
-11.003000
-14.239000
-14.239000
-9.061500
1.941700
10.356000
12.298000
10.356000
3.236200
-7.767000
-14.239000
-14.887000
-13.592000
-8.414200
-6.472500
-5.178000
-5.825200
-2.589000
-1.294500
1.294500
3.883500
3.236200
4.530700
5.178000
1.294500
-4.530700
-11.650000
-18.122999
-21.358999
-18.122999
-12.298000
-5.178000
3.883500
7.767000
9.708700
12.298000
12.298000
9.061500
3.236200
-5.178000
-13.592000
-15.534000
-10.356000
-2.589000
4.530700
12.298000
14.887000
14.887000
16.181000
14.239000
5.825200
-1.294500
-3.236200
-5.825200
-7.119700
-6.472500
-10.356000
-12.298000
-9.061500
-5.178000
3.236200
13.592000
17.476000
16.181000
15.534000
12.298000
10.356000
9.708700
8.414200
5.825200
4.530700
3.883500
1.941700
-3.236200
-9.708700
-14.239000
-16.181000
-14.887000
-11.003000
-2.589000
3.883500
10.356000
16.181000
16.827999
12.945000
7.119700
2.589000
-0.647250
-7.767000
-17.476000
-25.243000
-23.948000
-16.181000
-5.178000
4.530700
8.414200
5.825200
1.294500
-2.589000
-3.883500
-6.472500
-6.472500
-5.825200
-5.178000
0.000000
6.472500
10.356000
11.650000
10.356000
11.003000
9.708700
9.708700
11.650000
11.650000
9.061500
6.472500
3.236200
-3.883500
-7.119700
-10.356000
-13.592000
-15.534000
-16.827999
-11.003000
-2.589000
5.178000
11.003000
12.945000
14.887000
15.534000
16.827999
16.827999
12.945000
3.236200
-7.767000
-13.592000
-18.770000
-21.358999
-22.653999
-23.948000
-20.712000
-13.592000
-5.178000
1.941700
9.061500
12.945000
17.476000
14.887000
5.825200
0.000000
-5.178000
-7.119700
-7.767000
-7.119700
-4.530700
-1.941700
1.294500
1.941700
0.647250
3.236200
3.236200
-0.647250
-5.178000
-11.650000
-13.592000
-8.414200
-2.589000
1.941700
7.119700
9.708700
9.708700
7.767000
3.236200
0.647250
-0.647250
0.000000
-1.941700
-8.414200
-12.298000
-9.061500
-1.941700
3.883500
9.061500
12.298000
12.298000
11.650000
12.298000
12.298000
8.414200
4.530700
4.530700
1.294500
-4.530700
-10.356000
-11.650000
-8.414200
-2.589000
5.825200
9.061500
3.883500
0.000000
-3.236200
-2.589000
2.589000
1.294500
-2.589000
-5.178000
-2.589000
-1.294500
2.589000
7.767000
5.825200
11.003000
16.827999
13.592000
10.356000
7.119700
7.119700
6.472500
4.530700
1.941700
-7.119700
-9.061500
-6.472500
-4.530700
-0.647250
0.647250
-2.589000
-2.589000
-1.294500
0.647250
-0.647250
-3.883500
-5.178000
-7.767000
-7.119700
-3.883500
-0.647250
3.236200
7.119700
9.061500
5.825200
3.883500
2.589000
0.647250
-3.236200
-5.178000
-3.883500
-3.236200
0.000000
4.530700
6.472500
5.178000
0.000000
-1.294500
-1.941700
-3.883500
-4.530700
-3.236200
-4.530700
-1.294500
1.941700
7.119700
9.708700
11.650000
11.650000
8.414200
4.530700
-0.647250
-5.825200
-7.119700
-5.825200
-0.647250
1.941700
0.647250
-0.647250
0.000000
6.472500
9.708700
9.708700
0.647250
-10.356000
-21.358999
-25.889999
-22.653999
-17.476000
-8.414200
-0.647250
8.414200
14.887000
18.770000
18.122999
14.239000
8.414200
1.941700
-11.650000
-23.948000
-27.184000
-25.243000
-16.181000
-5.178000
3.883500
6.472500
9.708700
14.239000
15.534000
15.534000
13.592000
12.298000
9.061500
1.941700
-2.589000
-5.178000
-7.767000
-8.414200
-2.589000
-4.530700
-9.708700
-11.650000
-8.414200
-1.294500
7.767000
11.003000
12.298000
12.298000
11.650000
14.239000
12.298000
7.767000
-0.647250
-10.356000
-9.708700
-5.825200
-1.941700
-2.589000
-1.941700
0.647250
5.825200
12.945000
15.534000
10.356000
5.178000
1.941700
1.294500
0.647250
1.941700
1.941700
-1.294500
-5.178000
-8.414200
-5.825200
-3.236200
0.000000
0.647250
0.647250
2.589000
0.000000
-5.178000
-8.414200
-14.239000
-17.476000
-13.592000
-7.767000
-3.236200
-1.941700
0.000000
7.767000
12.298000
14.887000
14.887000
12.298000
1.294500
-14.887000
-23.948000
-29.773001
-29.773001
-18.770000
-3.236200
9.708700
16.827999
19.417000
22.006001
18.770000
11.003000
0.000000
-8.414200
-12.298000
-13.592000
-11.003000
-5.825200
0.000000
6.472500
14.239000
17.476000
15.534000
12.945000
7.767000
3.883500
-3.236200
-11.003000
-14.887000
-15.534000
-13.592000
-8.414200
-5.825200
0.000000
7.119700
9.708700
7.119700
3.236200
0.647250
-2.589000
-7.119700
-9.708700
-9.708700
-5.825200
-1.941700
0.000000
1.294500
-0.647250
-1.941700
0.647250
3.236200
2.589000
0.647250
-4.530700
-3.883500
2.589000
7.119700
10.356000
6.472500
-1.294500
-5.178000
-2.589000
4.530700
8.414200
6.472500
3.236200
0.647250
2.589000
5.178000
3.883500
2.589000
-1.294500
-2.589000
-6.472500
-7.767000
-9.061500
-9.708700
-4.530700
0.647250
4.530700
6.472500
4.530700
3.883500
2.589000
-1.294500
-6.472500
-7.119700
-8.414200
-7.767000
-3.883500
0.647250
3.236200
6.472500
9.061500
9.708700
8.414200
2.589000
-2.589000
-8.414200
-9.708700
-9.708700
-9.708700
-5.178000
1.294500
7.119700
12.945000
16.827999
12.945000
8.414200
3.883500
-2.589000
-9.061500
-15.534000
-21.358999
-25.243000
-25.243000
-20.065001
-11.003000
-1.941700
5.178000
8.414200
10.356000
9.708700
5.178000
4.530700
5.825200
3.236200
-3.883500
-8.414200
-9.708700
-5.178000
1.941700
5.825200
5.825200
3.883500
3.236200
0.000000
-4.530700
-8.414200
-7.119700
-1.294500
6.472500
8.414200
7.767000
10.356000
11.650000
12.945000
11.650000
5.825200
-3.236200
-6.472500
-3.883500
2.589000
10.356000
14.239000
14.887000
14.887000
12.298000
11.003000
9.708700
3.883500
-1.941700
-5.825200
-3.236200
-0.647250
0.647250
0.000000
-1.294500
0.000000
3.236200
9.061500
9.708700
6.472500
4.530700
3.883500
0.000000
-4.530700
-2.589000
-1.941700
0.000000
0.000000
-0.647250
-3.883500
-7.119700
-9.708700
-7.119700
-1.941700
0.000000
-0.647250
-3.883500
-5.825200
-3.883500
-1.294500
-1.294500
0.000000
3.883500
1.941700
-0.647250
0.647250
-1.941700
-4.530700
-9.061500
-13.592000
-14.887000
-12.945000
-8.414200
-1.294500
0.647250
0.647250
-4.530700
-5.178000
3.236200
12.298000
18.770000
19.417000
13.592000
6.472500
1.941700
-1.294500
-8.414200
-12.945000
-14.239000
-11.003000
-5.825200
-3.236200
0.647250
2.589000
1.294500
-1.941700
-5.178000
-6.472500
-11.003000
-11.650000
-9.061500
-5.825200
-1.941700
0.000000
3.236200
6.472500
6.472500
5.825200
3.883500
0.000000
-4.530700
-7.119700
-8.414200
-5.178000
3.236200
7.119700
8.414200
5.825200
1.941700
0.000000
-0.647250
0.647250
1.941700
2.589000
3.236200
1.294500
0.647250
1.294500
2.589000
4.530700
5.825200
5.825200
5.825200
6.472500
6.472500
1.941700
-0.647250
-0.647250
-3.236200
-5.178000
-5.178000
0.000000
5.825200
8.414200
12.945000
16.827999
15.534000
11.003000
4.530700
-3.236200
-8.414200
-11.003000
-14.239000
-13.592000
-5.825200
1.941700
7.767000
9.708700
4.530700
0.000000
-2.589000
0.647250
5.825200
7.767000
6.472500
3.236200
1.294500
0.647250
1.294500
0.647250
0.000000
-0.647250
-0.647250
-0.647250
-4.530700
-6.472500
-9.708700
-11.650000
-11.003000
-8.414200
-3.883500
-2.589000
-2.589000
0.000000
-1.294500
-3.883500
-8.414200
-16.181000
-18.770000
-12.298000
-1.294500
10.356000
20.712000
24.594999
23.301001
21.358999
16.827999
10.356000
3.883500
1.941700
-1.941700
-7.119700
-7.119700
-1.941700
6.472500
16.827999
24.594999
24.594999
22.006001
16.827999
12.298000
8.414200
-1.941700
-10.356000
-15.534000
-14.887000
-11.650000
-12.945000
-14.239000
-11.003000
-3.883500
5.825200
14.239000
16.181000
14.239000
8.414200
5.178000
5.178000
4.530700
1.294500
-3.883500
-10.356000
-8.414200
-0.647250
7.119700
11.650000
10.356000
7.767000
5.825200
5.178000
9.708700
11.003000
11.003000
6.472500
-3.883500
-14.239000
-21.358999
-21.358999
-18.122999
-20.712000
-21.358999
-21.358999
-20.065001
-14.887000
-10.356000
-9.708700
-11.650000
-11.003000
-11.003000
-3.883500
6.472500
14.887000
17.476000
9.708700
0.647250
-5.178000
-7.767000
-8.414200
-10.356000
-12.945000
-13.592000
-11.003000
-5.178000
1.294500
5.825200
10.356000
14.239000
16.181000
11.003000
5.178000
3.883500
1.941700
0.000000
-2.589000
-3.883500
-4.530700
-7.119700
-3.883500
1.941700
5.178000
3.236200
-2.589000
-4.530700
-1.941700
5.825200
9.708700
10.356000
7.767000
7.119700
9.708700
12.945000
14.239000
9.708700
4.530700
-3.883500
-11.003000
-11.650000
-12.298000
-10.356000
-11.650000
-13.592000
-10.356000
-8.414200
-4.530700
0.647250
6.472500
11.003000
9.061500
5.825200
6.472500
7.767000
3.236200
2.589000
7.767000
11.650000
12.298000
11.650000
10.356000
7.767000
5.178000
0.000000
-1.941700
-2.589000
-3.236200
-3.883500
-7.119700
-9.708700
-10.356000
-12.298000
-10.356000
-1.941700
3.883500
3.883500
5.825200
8.414200
11.003000
11.003000
5.825200
-2.589000
-12.298000
-16.827999
-15.534000
-11.650000
-6.472500
-4.530700
-4.530700
-1.941700
0.647250
5.178000
7.767000
10.356000
9.708700
3.883500
-0.647250
1.294500
2.589000
3.883500
5.178000
3.883500
1.941700
1.294500
-1.941700
-5.178000
-11.650000
-18.770000
-19.417000
-13.592000
-4.530700
0.647250
2.589000
3.883500
0.647250
-0.647250
3.236200
6.472500
5.825200
3.236200
2.589000
5.178000
5.178000
1.941700
1.941700
1.941700
2.589000
5.178000
9.061500
9.708700
9.061500
9.708700
11.003000
12.298000
10.356000
6.472500
3.883500
-2.589000
-9.708700
-18.770000
-25.889999
-27.184000
-23.948000
-17.476000
-9.708700
-0.647250
7.767000
14.239000
18.122999
19.417000
18.122999
11.650000
2.589000
-9.708700
-23.948000
-31.715000
-29.125999
-20.065001
-7.119700
2.589000
8.414200
11.650000
12.298000
10.356000
9.061500
4.530700
-0.647250
-3.236200
-3.883500
-0.647250
5.178000
7.767000
8.414200
9.061500
9.708700
12.945000
12.298000
5.178000
-0.647250
-4.530700
-3.883500
-2.589000
-0.647250
0.647250
1.941700
7.119700
7.767000
5.178000
3.236200
3.883500
6.472500
7.119700
7.119700
7.119700
10.356000
10.356000
8.414200
11.650000
16.827999
20.712000
18.770000
12.298000
7.767000
0.000000
-5.825200
-6.472500
-6.472500
-5.825200
