-12.367000
-6.570000
-3.993600
-3.349400
-2.061200
-5.281800
-6.570000
-8.502400
-5.925900
-2.705300
-2.061200
-3.349400
-2.705300
-1.417100
1.159400
1.159400
-0.772950
0.515300
3.091800
5.668300
6.956500
4.380000
3.091800
-3.993600
-9.146500
-6.570000
-5.281800
-2.061200
1.803500
4.380000
6.956500
6.956500
6.312400
-0.772950
2.447700
2.447700
0.515300
5.668300
3.735900
-3.349400
-3.993600
-9.790700
-8.502400
-2.061200
1.159400
0.515300
5.668300
6.956500
1.803500
-2.061200
0.515300
-1.417100
-1.417100
1.159400
-2.705300
-3.349400
-2.705300
-4.637700
-7.214200
-7.214200
-9.146500
-6.570000
2.447700
8.888900
7.600600
3.735900
3.091800
1.803500
-7.858300
-5.925900
-2.061200
-9.146500
-5.925900
-2.705300
-0.128820
1.159400
-5.281800
3.091800
6.956500
2.447700
0.515300
-2.061200
0.515300
7.600600
9.533000
3.091800
7.600600
12.754000
9.533000
7.600600
8.244800
6.956500
-2.705300
-0.772950
3.735900
1.803500
-1.417100
-0.772950
-1.417100
-2.061200
-2.705300
-2.705300
-2.705300
-2.061200
-1.417100
-0.772950
0.515300
0.515300
-0.772950
-0.128820
2.447700
4.380000
5.668300
1.159400
-2.705300
1.803500
1.159400
3.091800
3.735900
6.312400
6.312400
-0.772950
-3.993600
-4.637700
-6.570000
-7.858300
-5.925900
-3.993600
5.024200
13.398000
14.042000
13.398000
11.465000
8.888900
4.380000
-0.772950
-4.637700
-4.637700
-5.281800
-9.146500
-5.925900
-4.637700
-7.858300
-9.146500
-9.146500
-4.637700
-5.925900
-4.637700
-2.705300
-0.128820
3.091800
4.380000
2.447700
2.447700
3.091800
3.735900
-2.061200
-3.993600
-5.925900
-9.146500
-11.079000
-3.993600
-2.705300
-4.637700
-2.705300
-3.993600
-1.417100
0.515300
4.380000
3.091800
6.956500
14.042000
15.974000
9.533000
5.668300
0.515300
-9.790700
-2.705300
1.803500
-0.772950
3.735900
5.024200
5.024200
5.668300
6.956500
8.244800
9.533000
5.668300
-3.349400
-2.061200
-3.993600
-4.637700
-3.349400
-7.214200
-2.705300
-0.128820
1.803500
1.803500
-2.061200
-3.349400
-5.925900
-4.637700
-0.128820
1.803500
0.515300
-1.417100
-2.705300
2.447700
5.024200
1.159400
-1.417100
0.515300
1.159400
-2.705300
-2.705300
5.024200
5.024200
3.091800
4.380000
5.024200
-2.705300
-1.417100
4.380000
1.803500
-2.705300
-4.637700
-2.705300
-0.772950
-5.281800
-1.417100
-2.705300
-8.502400
-5.925900
-3.993600
-9.790700
-7.858300
-6.570000
-2.705300
1.159400
1.803500
5.024200
3.735900
4.380000
5.024200
3.091800
3.735900
5.668300
3.735900
5.668300
4.380000
-2.705300
-2.705300
-2.061200
-5.925900
-3.993600
-0.128820
2.447700
3.091800
4.380000
-2.061200
-0.128820
3.091800
3.735900
6.312400
11.465000
10.821000
8.244800
0.515300
-1.417100
-2.061200
-5.281800
-7.214200
-6.570000
-7.214200
-9.790700
-16.875999
-14.944000
-9.790700
-10.435000
-9.146500
-4.637700
-2.705300
-5.281800
-3.349400
-3.349400
-3.993600
-6.570000
-3.349400
1.803500
2.447700
4.380000
3.735900
3.735900
3.091800
1.803500
1.159400
2.447700
1.803500
-5.925900
-0.128820
6.312400
3.735900
2.447700
1.159400
-2.705300
-0.128820
1.803500
5.024200
5.024200
3.091800
9.533000
14.042000
10.821000
5.668300
-0.772950
0.515300
0.515300
-2.705300
-3.349400
-0.772950
-0.128820
-2.705300
-2.705300
1.159400
3.735900
1.803500
-3.993600
-3.349400
-0.128820
-3.349400
-3.993600
4.380000
11.465000
12.754000
12.754000
10.177000
5.668300
5.024200
2.447700
-0.772950
-0.772950
-2.705300
-3.349400
-2.705300
-1.417100
-3.349400
-3.993600
-2.705300
-3.349400
-3.349400
-3.993600
0.515300
-0.128820
-5.281800
-5.925900
-1.417100
0.515300
1.159400
4.380000
2.447700
1.803500
0.515300
-1.417100
-1.417100
-3.993600
-3.993600
1.159400
5.024200
4.380000
5.024200
5.024200
4.380000
1.159400
-1.417100
-0.772950
0.515300
5.024200
9.533000
6.312400
3.091800
3.091800
-0.772950
-5.925900
-7.858300
-2.705300
-0.128820
-0.772950
3.091800
3.091800
2.447700
3.091800
-0.128820
9.533000
12.754000
9.533000
9.533000
6.312400
3.735900
-2.061200
-4.637700
-10.435000
-2.705300
4.380000
-0.128820
-0.772950
-0.772950
-1.417100
-0.772950
5.668300
8.244800
1.803500
6.956500
8.888900
-0.772950
-5.281800
-10.435000
-13.011000
-17.520000
-18.164000
-11.723000
-4.637700
-3.349400
-0.128820
3.091800
3.091800
1.159400
7.600600
8.244800
-0.772950
2.447700
1.803500
-4.637700
-5.281800
-5.281800
-7.214200
-4.637700
-2.061200
1.159400
2.447700
2.447700
4.380000
3.091800
3.735900
6.312400
5.024200
-0.128820
-2.705300
-0.128820
2.447700
1.803500
1.803500
1.803500
3.091800
2.447700
-0.128820
-0.772950
-2.705300
-0.128820
1.159400
-5.925900
-6.570000
-6.570000
-8.502400
-6.570000
-2.061200
0.515300
2.447700
1.803500
-2.061200
-0.128820
0.515300
-0.772950
1.159400
5.024200
5.024200
2.447700
2.447700
1.159400
3.091800
5.024200
3.091800
2.447700
-2.061200
-3.993600
-0.772950
5.668300
5.668300
2.447700
2.447700
-0.772950
-3.349400
-3.349400
0.515300
-2.705300
-6.570000
-1.417100
1.159400
2.447700
6.956500
3.735900
-2.705300
-2.705300
-0.128820
2.447700
-0.128820
-2.061200
-1.417100
-3.349400
-3.349400
-5.281800
-5.281800
2.447700
5.024200
2.447700
2.447700
0.515300
1.803500
3.091800
2.447700
-0.128820
3.735900
3.735900
-1.417100
-3.993600
-5.925900
-4.637700
-5.281800
-5.925900
-8.502400
-2.061200
5.668300
5.024200
3.735900
-1.417100
-2.061200
-2.705300
-3.993600
-2.061200
-0.128820
5.668300
8.888900
10.821000
14.686000
9.533000
2.447700
-3.993600
-10.435000
-12.367000
-3.349400
3.735900
4.380000
3.091800
-1.417100
-2.705300
-3.993600
-6.570000
-5.925900
-5.281800
-3.349400
-1.417100
-3.993600
-4.637700
-1.417100
-1.417100
-7.214200
-5.925900
-5.925900
-2.705300
-0.128820
-3.993600
-2.061200
-1.417100
-0.772950
5.024200
6.312400
0.515300
-0.772950
2.447700
-0.128820
-3.993600
-4.637700
-6.570000
-2.061200
-1.417100
1.803500
5.024200
3.735900
1.803500
3.735900
4.380000
3.735900
6.956500
6.312400
3.091800
3.091800
1.803500
0.515300
-0.772950
-4.637700
-0.772950
-0.128820
-6.570000
-4.637700
-2.061200
2.447700
3.735900
2.447700
1.803500
2.447700
6.312400
7.600600
5.668300
3.735900
3.735900
-1.417100
4.380000
8.244800
9.533000
13.398000
10.821000
7.600600
-1.417100
-5.281800
-11.723000
-10.435000
-4.637700
-5.925900
-5.925900
-5.925900
-5.281800
-3.349400
4.380000
10.177000
8.244800
8.244800
8.244800
1.803500
1.803500
3.091800
1.159400
-0.772950
-3.993600
-3.993600
-3.349400
-1.417100
-4.637700
-4.637700
3.091800
5.024200
1.803500
-0.772950
-0.128820
0.515300
-9.790700
-5.281800
0.515300
0.515300
5.024200
6.312400
8.244800
6.312400
3.091800
3.735900
2.447700
-0.128820
-2.061200
-3.993600
-4.637700
-3.349400
-2.061200
-6.570000
-0.128820
3.091800
-1.417100
-1.417100
0.515300
3.091800
3.091800
10.177000
14.686000
12.110000
13.398000
8.888900
0.515300
-4.637700
-8.502400
-8.502400
-5.925900
-6.570000
-3.349400
-0.128820
-2.061200
-2.061200
-1.417100
-2.061200
-2.061200
-0.128820
-5.925900
-5.281800
-3.349400
-3.993600
-1.417100
-1.417100
-0.772950
1.159400
-0.772950
-5.281800
-6.570000
-4.637700
-2.705300
-0.128820
0.515300
0.515300
-0.772950
0.515300
-2.061200
-0.772950
1.803500
-2.061200
-2.705300
-0.128820
0.515300
2.447700
5.024200
-0.772950
4.380000
4.380000
-0.128820
-0.128820
0.515300
2.447700
-0.772950
-4.637700
3.735900
6.956500
3.735900
5.668300
2.447700
-0.772950
-0.128820
-3.349400
-2.061200
2.447700
-0.128820
-2.705300
-2.061200
3.735900
7.600600
5.024200
6.312400
6.312400
3.091800
-0.128820
-2.061200
-2.061200
-4.637700
-5.925900
-9.146500
-5.925900
-4.637700
-6.570000
-6.570000
-5.925900
0.515300
4.380000
5.024200
3.735900
7.600600
8.888900
7.600600
3.091800
-0.128820
-0.772950
-6.570000
-2.705300
-2.061200
-2.061200
2.447700
1.803500
-1.417100
-2.061200
-4.637700
-7.858300
-11.079000
-9.790700
-2.705300
-0.772950
0.515300
1.803500
5.024200
11.465000
12.110000
10.821000
9.533000
6.956500
4.380000
2.447700
-0.772950
-3.349400
-9.790700
-14.300000
-11.723000
-9.146500
-11.079000
-5.925900
-1.417100
-2.705300
4.380000
6.956500
3.091800
6.956500
6.956500
6.312400
6.956500
5.024200
8.244800
8.888900
8.888900
11.465000
10.821000
3.091800
-3.349400
-0.128820
-1.417100
-5.925900
-5.925900
-5.925900
-5.281800
3.091800
6.312400
5.668300
7.600600
6.312400
3.735900
4.380000
4.380000
-2.061200
-1.417100
-0.772950
-4.637700
-7.858300
-9.146500
-10.435000
-10.435000
-9.146500
-7.858300
-5.925900
2.447700
0.515300
1.803500
-0.772950
-4.637700
-7.214200
-5.281800
-2.705300
-5.281800
-3.349400
-2.061200
-0.128820
3.091800
5.668300
6.956500
4.380000
3.735900
-0.772950
4.380000
10.821000
10.177000
7.600600
3.735900
-1.417100
-2.061200
-1.417100
-3.993600
0.515300
1.159400
-3.349400
-3.349400
-1.417100
-0.772950
-0.772950
-1.417100
1.159400
2.447700
6.956500
12.754000
8.888900
6.956500
1.803500
-7.214200
-2.705300
0.515300
-2.705300
-3.993600
-8.502400
-8.502400
-7.214200
-5.925900
1.803500
5.668300
1.159400
-0.772950
-0.772950
-2.061200
-5.281800
-3.993600
3.091800
3.091800
5.024200
7.600600
6.956500
6.956500
8.244800
9.533000
13.398000
12.110000
7.600600
1.803500
2.447700
0.515300
-4.637700
-2.705300
-2.061200
-3.993600
-4.637700
-5.925900
-8.502400
-7.858300
-11.079000
-12.367000
-9.146500
-4.637700
0.515300
0.515300
2.447700
5.668300
5.024200
6.956500
6.312400
5.668300
2.447700
1.159400
-2.061200
-2.705300
-2.705300
-0.772950
-2.061200
1.803500
4.380000
3.735900
9.533000
13.398000
14.042000
16.618000
17.907000
10.821000
8.888900
6.312400
-1.417100
-7.858300
-12.367000
-15.588000
-18.164000
-17.520000
-19.452000
-17.520000
-9.146500
-8.502400
-7.858300
-2.061200
3.735900
4.380000
1.159400
3.735900
8.244800
3.735900
3.091800
3.735900
1.803500
2.447700
-2.705300
-0.128820
3.091800
-2.705300
-7.858300
-7.858300
-5.925900
-5.281800
-1.417100
5.668300
5.024200
8.888900
11.465000
6.956500
-0.772950
-7.214200
-9.146500
-13.011000
-14.944000
-15.588000
-11.723000
-10.435000
-9.790700
-11.079000
-9.790700
-4.637700
-5.925900
-7.214200
-9.146500
-14.300000
-13.655000
-9.146500
-8.502400
-9.790700
-13.011000
-11.723000
-10.435000
-8.502400
-5.281800
-2.705300
-2.705300
3.091800
1.159400
0.515300
