-15.033000
-19.608000
-17.646999
-11.765000
-1.307200
3.921600
4.575200
1.960800
2.614400
4.575200
3.268000
1.307200
3.268000
0.653590
-2.614400
-3.268000
-6.535900
0.000000
3.268000
3.921600
9.150300
12.418000
10.458000
9.803900
-2.614400
-9.150300
-7.189500
-2.614400
3.268000
5.882400
3.921600
-1.307200
-5.228800
-5.228800
-3.268000
2.614400
1.307200
1.960800
-0.653590
-4.575200
-6.535900
-9.803900
-11.111000
-9.803900
-8.496700
-3.268000
-1.307200
0.653590
0.653590
-1.307200
-5.882400
-4.575200
-3.268000
-5.882400
-5.228800
-5.228800
-7.843100
-12.418000
-10.458000
-5.228800
-1.960800
1.307200
3.268000
2.614400
2.614400
2.614400
1.307200
2.614400
3.268000
0.000000
-4.575200
-4.575200
-1.960800
-0.653590
0.000000
-0.653590
7.189500
7.189500
5.882400
7.843100
7.189500
7.843100
11.111000
9.150300
6.535900
9.803900
10.458000
9.150300
9.150300
10.458000
6.535900
5.228800
7.189500
5.228800
-0.653590
-3.921600
0.653590
-3.268000
-3.921600
0.653590
-1.307200
-4.575200
-7.189500
-7.843100
-9.150300
-6.535900
-6.535900
-5.882400
-1.307200
4.575200
2.614400
-0.653590
0.653590
-1.960800
-2.614400
-1.307200
-0.653590
1.307200
0.000000
-1.960800
-1.307200
-1.307200
-3.268000
-0.653590
-2.614400
-5.882400
-3.268000
-0.653590
7.843100
18.954000
19.608000
16.993000
11.111000
6.535900
4.575200
0.653590
0.653590
-1.960800
-5.228800
-4.575200
-6.535900
-9.803900
-9.150300
-5.882400
-7.189500
-5.882400
-1.307200
-1.960800
-0.653590
-1.307200
-1.960800
1.960800
3.921600
1.960800
-3.921600
-8.496700
-5.228800
-7.843100
-8.496700
-5.228800
0.653590
3.268000
6.535900
11.111000
1.960800
-5.228800
-5.882400
-2.614400
0.653590
5.228800
4.575200
3.268000
5.228800
6.535900
7.189500
3.268000
-3.921600
-9.150300
-14.379000
-11.111000
-10.458000
-9.803900
-3.921600
-1.960800
-0.653590
3.921600
5.882400
2.614400
0.653590
-1.307200
-1.307200
-1.307200
-2.614400
0.000000
4.575200
9.150300
8.496700
5.228800
4.575200
-0.653590
-3.921600
-2.614400
-6.535900
-7.189500
-2.614400
-2.614400
0.000000
0.653590
1.960800
6.535900
3.921600
-1.307200
-1.307200
0.653590
5.882400
5.882400
3.921600
3.921600
5.228800
5.228800
4.575200
1.307200
-1.960800
-5.228800
-4.575200
-3.921600
-1.307200
3.921600
3.921600
1.307200
-1.307200
-0.653590
0.000000
1.960800
5.882400
-0.653590
-5.228800
-5.882400
-4.575200
-1.307200
1.307200
9.150300
7.843100
-1.307200
-3.268000
-2.614400
0.000000
8.496700
3.921600
0.653590
0.653590
1.960800
0.000000
0.653590
5.228800
-1.307200
-5.228800
-0.653590
1.960800
4.575200
3.921600
4.575200
3.268000
7.843100
18.954000
18.954000
14.379000
12.418000
3.921600
-5.882400
-6.535900
-7.189500
-5.228800
-5.228800
-7.189500
-5.882400
-11.765000
-13.072000
-9.803900
-5.228800
0.000000
0.000000
4.575200
0.653590
-3.268000
-5.882400
-5.882400
-5.228800
-5.228800
-5.228800
-2.614400
-3.268000
-7.843100
-7.843100
-6.535900
-9.803900
-9.803900
-11.765000
-9.803900
-1.960800
-1.307200
-0.653590
4.575200
3.268000
3.921600
3.921600
6.535900
3.268000
0.653590
5.882400
10.458000
13.725000
9.150300
3.268000
-0.653590
-7.189500
-5.228800
1.307200
3.921600
6.535900
7.189500
14.379000
12.418000
11.111000
7.843100
1.960800
-3.921600
-12.418000
-14.379000
-9.150300
-7.843100
-5.882400
-1.307200
2.614400
7.843100
9.150300
9.150300
3.921600
4.575200
-0.653590
-5.228800
-3.921600
-5.228800
-4.575200
-3.268000
1.960800
0.653590
-1.960800
-0.653590
0.653590
9.150300
7.843100
5.228800
4.575200
3.921600
3.921600
6.535900
8.496700
9.803900
7.189500
-0.653590
-5.882400
-8.496700
-9.803900
-8.496700
-6.535900
-9.150300
-7.189500
-2.614400
-0.653590
3.921600
2.614400
2.614400
-1.960800
-4.575200
0.653590
0.653590
3.268000
1.960800
1.307200
5.882400
1.307200
-5.882400
-5.882400
-5.882400
-4.575200
1.960800
0.653590
1.307200
3.268000
6.535900
7.843100
8.496700
9.803900
7.843100
2.614400
5.882400
3.921600
1.307200
0.000000
1.960800
0.000000
1.307200
1.960800
-0.653590
1.960800
0.653590
5.882400
5.882400
5.882400
11.111000
6.535900
0.000000
-5.228800
-5.228800
-13.072000
-19.608000
-15.686000
-18.301001
-15.686000
-6.535900
5.228800
12.418000
13.072000
11.765000
12.418000
9.803900
7.189500
5.228800
-2.614400
-11.111000
-13.072000
-12.418000
-5.882400
-0.653590
-1.307200
1.960800
6.535900
8.496700
10.458000
10.458000
8.496700
6.535900
0.653590
-4.575200
-7.189500
-11.111000
-9.803900
-9.803900
-2.614400
-0.653590
-1.307200
-0.653590
0.000000
1.307200
1.307200
-1.307200
-1.960800
-7.843100
-14.379000
-15.686000
-15.686000
-12.418000
-9.803900
-5.228800
-1.307200
2.614400
5.882400
7.843100
5.228800
3.268000
3.921600
1.307200
3.921600
4.575200
1.307200
-1.960800
-1.307200
-0.653590
0.653590
4.575200
5.228800
1.960800
1.307200
2.614400
-1.307200
-1.960800
0.000000
1.307200
-1.307200
-1.960800
-5.228800
-8.496700
-2.614400
-3.268000
0.000000
5.228800
8.496700
8.496700
5.882400
5.228800
1.307200
1.307200
0.000000
0.000000
-5.882400
-6.535900
-2.614400
0.653590
3.921600
7.189500
9.803900
3.268000
0.653590
0.000000
-3.268000
-3.921600
-3.268000
4.575200
3.268000
0.653590
0.000000
1.307200
1.307200
1.307200
1.307200
3.268000
-0.653590
-6.535900
-9.150300
-4.575200
-1.960800
-1.307200
0.000000
-6.535900
-9.150300
-5.882400
-0.653590
7.189500
8.496700
12.418000
16.993000
16.340000
9.803900
1.307200
-7.189500
-10.458000
-5.882400
-5.882400
-0.653590
5.228800
5.228800
3.921600
2.614400
1.307200
-1.307200
-5.882400
-7.189500
-7.189500
-7.843100
-4.575200
-2.614400
-6.535900
-11.765000
-13.072000
-11.765000
-5.882400
-2.614400
-1.307200
2.614400
-0.653590
-1.307200
4.575200
5.228800
6.535900
5.882400
-0.653590
-5.228800
-5.882400
-4.575200
-3.268000
0.000000
1.960800
6.535900
4.575200
3.921600
7.189500
8.496700
9.150300
11.765000
13.725000
9.150300
2.614400
3.268000
2.614400
1.307200
4.575200
6.535900
8.496700
3.921600
-1.307200
-1.960800
-3.268000
-2.614400
-1.960800
-1.307200
-5.882400
-5.882400
-1.307200
2.614400
3.921600
7.189500
1.307200
-0.653590
1.960800
-1.960800
1.307200
5.882400
3.268000
2.614400
-0.653590
-5.228800
-7.189500
-5.882400
-7.189500
-10.458000
-7.843100
-1.960800
1.307200
3.921600
8.496700
6.535900
5.228800
6.535900
7.189500
3.268000
1.307200
-5.228800
-7.843100
-6.535900
-6.535900
-3.921600
0.653590
2.614400
1.307200
1.307200
1.960800
-1.307200
-2.614400
-3.921600
0.000000
-1.960800
-4.575200
-3.268000
-5.882400
-2.614400
5.882400
9.150300
6.535900
5.228800
4.575200
1.307200
-3.268000
-5.882400
-9.150300
-6.535900
-2.614400
0.000000
3.921600
7.189500
14.379000
7.189500
-2.614400
-4.575200
-3.921600
-1.307200
0.653590
3.921600
8.496700
13.072000
16.993000
16.340000
14.379000
9.803900
4.575200
-5.882400
-11.111000
-7.843100
-3.921600
-3.921600
-3.268000
-1.307200
-1.307200
-5.882400
-6.535900
-4.575200
-4.575200
-3.268000
-7.189500
-9.150300
-3.921600
-5.228800
-5.882400
0.000000
0.000000
0.653590
-0.653590
-4.575200
-5.228800
-9.150300
-7.843100
-2.614400
0.653590
3.268000
3.921600
5.882400
7.189500
1.307200
-0.653590
-0.653590
-1.307200
0.653590
1.960800
1.960800
5.882400
0.653590
-4.575200
-3.921600
-1.960800
2.614400
0.000000
-4.575200
-6.535900
-4.575200
1.307200
3.268000
5.882400
5.228800
6.535900
0.000000
-1.960800
4.575200
3.921600
2.614400
3.268000
2.614400
0.000000
0.653590
4.575200
5.882400
5.228800
5.228800
5.882400
2.614400
1.960800
1.960800
-1.307200
-0.653590
-5.228800
-7.189500
-13.725000
-15.033000
-9.150300
-6.535900
0.653590
5.228800
9.150300
10.458000
11.111000
7.843100
3.921600
0.653590
-3.921600
-3.268000
-3.921600
-1.960800
2.614400
0.653590
0.653590
7.189500
2.614400
0.653590
-0.653590
-2.614400
-3.921600
-9.150300
-7.189500
0.653590
4.575200
12.418000
11.111000
11.765000
6.535900
-1.307200
-3.268000
0.000000
2.614400
3.268000
-2.614400
-3.268000
-13.072000
-17.646999
-13.072000
-12.418000
-12.418000
-12.418000
-5.228800
-7.189500
-7.843100
-1.960800
1.960800
3.921600
4.575200
11.111000
7.189500
4.575200
9.150300
16.340000
20.261000
16.993000
11.111000
8.496700
7.189500
8.496700
3.921600
-2.614400
-4.575200
-2.614400
-0.653590
5.228800
1.960800
-1.307200
0.000000
-1.960800
-4.575200
-5.882400
-3.268000
-1.307200
-3.921600
-6.535900
-7.189500
-11.765000
-11.111000
-7.843100
-3.268000
-4.575200
-5.228800
0.000000
3.268000
3.921600
-0.653590
-2.614400
-1.960800
-7.189500
-9.803900
-7.843100
-11.111000
-9.803900
-5.882400
-0.653590
5.882400
11.111000
18.954000
15.686000
13.725000
15.686000
16.340000
15.686000
9.803900
1.307200
-5.882400
-9.150300
-4.575200
-4.575200
-7.189500
-5.228800
-5.228800
-3.921600
-0.653590
-0.653590
-1.960800
-2.614400
-1.960800
1.307200
1.960800
6.535900
10.458000
3.268000
-3.921600
-5.228800
-5.882400
-7.189500
-6.535900
-4.575200
1.307200
-0.653590
-5.228800
-1.307200
1.307200
2.614400
4.575200
0.653590
-2.614400
-3.268000
-1.960800
1.307200
1.960800
6.535900
3.921600
0.000000
3.268000
5.228800
6.535900
15.033000
14.379000
13.072000
13.072000
11.111000
7.189500
5.228800
0.000000
-7.189500
-9.803900
-9.803900
-12.418000
-13.725000
-12.418000
-14.379000
-16.340000
-11.111000
-9.803900
-3.921600
7.189500
13.725000
13.725000
13.725000
16.340000
16.340000
11.111000
3.268000
2.614400
-6.535900
-12.418000
-11.765000
-10.458000
-9.150300
-6.535900
0.000000
-1.960800
-0.653590
3.921600
5.882400
11.111000
12.418000
16.340000
18.954000
9.150300
0.653590
0.000000
-3.921600
-7.189500
-8.496700
-7.843100
-9.150300
-9.150300
-5.882400
-6.535900
-7.843100
-10.458000
-11.111000
-11.765000
-9.150300
-7.843100
-5.882400
-2.614400
-0.653590
-0.653590
1.960800
3.921600
1.960800
5.228800
6.535900
0.653590
-5.228800
-7.189500
-8.496700
-6.535900
-3.268000
-1.307200
2.614400
10.458000
15.033000
16.340000
12.418000
7.843100
3.921600
-4.575200
-13.072000
-14.379000
-12.418000
-13.725000
-11.765000
-10.458000
-3.921600
-2.614400
0.000000
4.575200
5.228800
4.575200
0.653590
2.614400
-2.614400
-10.458000
-10.458000
-9.803900
-8.496700
-8.496700
-6.535900
-3.268000
-0.653590
0.000000
2.614400
6.535900
2.614400
