1.132100
-1.383600
-3.899400
-1.383600
3.018900
0.503140
1.761000
-6.415100
0.503140
4.905700
1.132100
-0.125790
6.163500
-5.157200
-4.528300
4.905700
4.905700
-0.754720
-5.157200
0.503140
-7.673000
-2.641500
-2.012600
-6.415100
-5.157200
-7.673000
0.503140
-5.786200
-3.899400
2.389900
1.132100
4.276700
4.276700
-0.125790
7.421400
8.679200
20.000000
12.453000
5.534600
6.163500
2.389900
-6.415100
-7.044000
-8.301900
-4.528300
-8.301900
2.389900
0.503140
4.276700
25.031000
9.937100
1.761000
4.905700
9.308200
6.163500
-5.786200
6.792500
3.647800
-4.528300
11.195000
-0.754720
5.534600
0.503140
-2.012600
-12.704000
-15.220000
-13.962000
-8.930800
-3.899400
-2.641500
4.276700
11.195000
14.969000
8.050300
14.340000
16.226000
1.761000
-3.899400
-3.899400
3.018900
-1.383600
2.389900
-5.786200
-8.930800
-4.528300
6.792500
12.453000
9.937100
0.503140
7.421400
1.761000
4.905700
3.647800
4.905700
14.340000
2.389900
3.647800
7.421400
12.453000
6.792500
-0.125790
6.163500
5.534600
-6.415100
5.534600
-3.270400
-3.270400
13.711000
-2.012600
11.195000
-1.383600
-10.818000
0.503140
-7.673000
-9.559700
6.163500
-2.641500
-3.899400
8.679200
6.792500
11.195000
3.647800
1.132100
5.534600
2.389900
0.503140
-17.736000
-17.107000
-3.270400
-2.641500
-3.270400
-3.899400
-3.270400
-6.415100
4.905700
2.389900
3.647800
13.711000
-3.270400
3.018900
3.647800
-0.125790
-1.383600
3.018900
1.761000
-3.899400
3.647800
-7.044000
-9.559700
4.905700
1.132100
8.050300
4.276700
-13.333000
-4.528300
-3.270400
-5.157200
-5.157200
-5.157200
-3.899400
8.050300
-7.044000
-12.075000
-10.818000
-15.220000
-7.044000
-5.157200
-8.930800
-13.962000
-4.528300
-0.125790
-2.641500
6.163500
6.792500
8.050300
6.792500
-2.641500
6.792500
1.132100
-22.767000
-9.559700
-2.641500
-4.528300
-0.125790
8.679200
0.503140
-0.125790
-4.528300
-12.704000
-7.044000
-2.641500
-4.528300
-7.044000
-6.415100
-6.415100
-11.447000
-12.704000
-2.012600
17.483999
2.389900
-0.754720
-4.528300
-1.383600
-10.818000
-15.849000
-13.333000
-7.044000
-4.528300
-5.786200
-0.125790
3.647800
0.503140
15.597000
2.389900
-3.899400
-0.754720
-7.673000
1.761000
-7.673000
-7.673000
-2.012600
6.163500
21.257999
18.742001
11.824000
24.403000
14.340000
0.503140
5.534600
4.905700
1.761000
1.761000
-13.333000
-13.333000
3.018900
-0.754720
-12.075000
3.018900
11.195000
-1.383600
-2.641500
2.389900
0.503140
6.163500
15.597000
13.082000
11.824000
15.597000
4.276700
5.534600
5.534600
-2.012600
-6.415100
-5.786200
-8.301900
-3.899400
-10.189000
-7.044000
-9.559700
-19.622999
-10.189000
-8.930800
3.018900
7.421400
13.711000
6.792500
18.742001
16.855000
14.340000
14.340000
4.905700
20.000000
8.679200
-2.012600
4.905700
-1.383600
-0.125790
7.421400
3.018900
-3.270400
-15.849000
-10.189000
1.761000
-0.754720
6.163500
6.792500
6.792500
6.792500
9.937100
-0.754720
9.308200
10.566000
16.226000
16.855000
4.276700
-5.786200
-7.673000
-13.333000
-3.899400
-8.301900
-2.012600
3.647800
-5.157200
8.050300
7.421400
6.163500
6.163500
0.503140
1.761000
-17.107000
-17.107000
-10.189000
-10.189000
-18.993999
-25.912001
-15.220000
-10.818000
-4.528300
-15.220000
-12.704000
-7.044000
-2.641500
18.113001
21.886999
21.257999
8.679200
9.308200
14.340000
-2.012600
-5.786200
-7.673000
-17.107000
-11.447000
-22.767000
-18.365000
-3.899400
-12.075000
-10.189000
9.308200
7.421400
4.276700
2.389900
4.276700
17.483999
9.308200
3.018900
12.453000
20.000000
15.597000
31.950001
27.547001
4.276700
-2.641500
-6.415100
-12.704000
-12.075000
-11.447000
-23.396000
-16.478001
-10.818000
-7.673000
3.647800
1.761000
17.483999
10.566000
-5.157200
6.163500
6.792500
3.647800
-2.641500
0.503140
-3.270400
-7.673000
0.503140
1.761000
-0.754720
1.761000
3.647800
4.905700
20.000000
2.389900
3.018900
-5.157200
2.389900
-2.641500
-17.107000
-8.930800
-7.044000
-5.157200
-11.447000
-2.012600
4.276700
-2.641500
1.761000
9.937100
-1.383600
-4.528300
-7.044000
-3.270400
-4.528300
-5.157200
-9.559700
-2.641500
-0.754720
0.503140
1.132100
-2.012600
12.453000
-2.641500
-8.930800
-5.157200
-0.754720
1.132100
6.792500
-0.125790
4.276700
13.711000
5.534600
6.792500
11.824000
-2.012600
2.389900
4.905700
-5.157200
-11.447000
-12.704000
-16.478001
-20.881001
-8.930800
-0.125790
9.308200
-1.383600
9.308200
23.774000
22.516001
38.868000
27.547001
18.742001
11.824000
7.421400
1.761000
-3.899400
-8.930800
-4.528300
-5.157200
-1.383600
-3.270400
6.792500
7.421400
11.195000
11.195000
16.855000
14.969000
9.308200
9.308200
19.371000
16.226000
8.050300
15.597000
14.969000
4.905700
3.018900
-0.754720
-1.383600
-0.754720
-4.528300
-6.415100
-15.220000
-10.818000
-13.962000
-22.767000
-18.365000
-15.220000
-22.767000
-19.622999
-11.447000
-8.301900
-5.157200
-1.383600
-15.849000
-12.075000
-13.333000
1.132100
-0.125790
-2.012600
-2.641500
-9.559700
-15.220000
-12.704000
-8.301900
-15.220000
-12.704000
-12.704000
-10.818000
-7.044000
-2.641500
-7.044000
-5.157200
-0.125790
-0.754720
8.679200
12.453000
-0.754720
6.792500
8.050300
11.195000
3.647800
-1.383600
2.389900
9.308200
-0.754720
-2.641500
-10.818000
-1.383600
-3.899400
-3.899400
-0.125790
-4.528300
1.132100
-1.383600
8.050300
7.421400
9.308200
6.792500
9.308200
2.389900
2.389900
1.132100
7.421400
1.761000
7.421400
13.082000
10.566000
12.453000
17.483999
18.742001
8.050300
-1.383600
3.647800
-0.125790
0.503140
8.050300
9.937100
3.018900
6.163500
3.018900
-3.899400
9.308200
13.082000
1.132100
1.761000
7.421400
-1.383600
-4.528300
-3.899400
-0.125790
10.566000
8.679200
-5.157200
3.647800
-0.125790
16.855000
6.792500
-5.157200
-2.012600
-15.220000
-18.993999
-10.818000
-20.252001
-21.509001
-22.138000
-18.365000
-16.478001
-13.962000
-9.559700
-8.301900
-10.189000
-15.220000
-6.415100
-9.559700
1.761000
-7.044000
-5.157200
4.905700
15.597000
23.774000
11.195000
23.145000
20.000000
18.742001
13.711000
6.163500
1.132100
8.679200
7.421400
9.308200
-4.528300
-10.818000
-7.673000
-12.704000
-9.559700
15.597000
-7.673000
-14.591000
-12.075000
-16.478001
-10.818000
-3.899400
-0.754720
-13.333000
-10.818000
-12.704000
-2.012600
-3.270400
-10.189000
-11.447000
3.018900
9.308200
14.969000
16.226000
13.711000
14.969000
14.969000
17.483999
8.050300
8.050300
11.195000
-7.673000
-13.962000
-10.189000
-14.591000
-9.559700
-14.591000
-7.673000
-8.301900
0.503140
-10.818000
1.132100
7.421400
5.534600
16.855000
6.163500
1.761000
4.276700
9.308200
11.195000
20.629000
8.050300
0.503140
-3.270400
-17.107000
-13.333000
-23.396000
-22.138000
-15.220000
-13.962000
-1.383600
-10.818000
-15.220000
-7.673000
-13.333000
2.389900
-4.528300
-9.559700
6.792500
4.905700
-2.012600
-11.447000
-3.899400
-3.899400
-17.107000
-6.415100
-5.786200
-2.641500
8.050300
-3.899400
0.503140
-4.528300
6.792500
0.503140
6.163500
5.534600
5.534600
-2.641500
4.905700
10.566000
14.340000
8.679200
13.082000
5.534600
12.453000
9.937100
5.534600
8.679200
13.082000
9.937100
1.761000
8.050300
8.679200
1.132100
2.389900
-1.383600
4.905700
8.679200
10.566000
13.711000
4.276700
3.018900
-2.012600
-3.899400
-1.383600
3.018900
5.534600
10.566000
8.679200
-3.270400
-4.528300
1.132100
3.018900
-2.012600
-5.157200
3.018900
-4.528300
-1.383600
-2.012600
-1.383600
-8.301900
-2.012600
-7.673000
-7.673000
-2.012600
-3.270400
5.534600
6.163500
8.679200
18.113001
9.937100
10.566000
11.195000
6.792500
-3.270400
-2.012600
-4.528300
-4.528300
-3.899400
-13.962000
-12.704000
-14.591000
-8.301900
4.276700
2.389900
5.534600
9.937100
11.824000
18.113001
21.886999
18.742001
18.742001
12.453000
4.276700
4.905700
-1.383600
-5.157200
-0.754720
-11.447000
-0.754720
-18.365000
-21.509001
-14.591000
-20.252001
-10.818000
-8.301900
-5.157200
-3.899400
0.503140
0.503140
3.647800
1.761000
13.082000
5.534600
4.276700
1.761000
2.389900
0.503140
-11.447000
-17.107000
-10.189000
0.503140
-9.559700
-15.849000
-0.754720
-3.270400
-2.641500
8.050300
12.453000
3.018900
4.276700
8.050300
6.792500
8.679200
0.503140
-6.415100
-10.818000
-19.622999
-20.881001
-15.849000
-7.044000
1.761000
8.050300
12.453000
14.969000
9.937100
11.824000
16.226000
3.647800
4.276700
-2.012600
-6.415100
-9.559700
-13.333000
-3.899400
-3.899400
-5.786200
1.132100
5.534600
13.711000
6.792500
5.534600
6.163500
-0.125790
-9.559700
-20.252001
-23.396000
-20.252001
-7.044000
11.824000
13.082000
9.308200
12.453000
12.453000
6.792500
-0.125790
4.905700
-2.012600
1.132100
0.503140
-4.528300
-1.383600
-10.189000
2.389900
13.711000
13.082000
9.937100
4.905700
3.018900
-0.125790
-1.383600
-7.044000
-2.641500
-10.189000
-9.559700
-5.157200
-4.528300
-0.125790
8.679200
14.969000
5.534600
8.679200
8.050300
-7.044000
-7.673000
-7.673000
-5.786200
-9.559700
-3.270400
-7.044000
-10.189000
-4.528300
4.276700
-3.899400
6.163500
3.647800
2.389900
6.163500
-3.270400
-2.641500
-2.012600
-0.754720
0.503140
-5.157200
-18.365000
-8.930800
-0.754720
-0.125790
1.132100
1.761000
-0.754720
12.453000
0.503140
-0.754720
15.597000
8.679200
2.389900
-0.125790
-8.930800
-8.930800
-8.301900
-3.270400
4.905700
3.018900
4.905700
-7.673000
-4.528300
6.163500
1.132100
1.761000
-2.641500
4.905700
7.421400
6.792500
4.905700
6.792500
11.824000
9.937100
9.308200
8.050300
2.389900
2.389900
-11.447000
-11.447000
-4.528300
-6.415100
-19.622999
-17.736000
-14.591000
-1.383600
14.969000
24.403000
14.340000
6.163500
10.566000
9.937100
8.050300
13.082000
9.937100
3.018900
6.163500
3.018900
3.647800
10.566000
3.018900
0.503140
-3.270400
-0.754720
-7.673000
-10.818000
-11.447000
-8.930800
-5.786200
-3.899400
-0.754720
-3.270400
10.566000
11.195000
9.308200
9.937100
1.761000
3.647800
-2.641500
-12.704000
-20.252001
-17.107000
-7.673000
-5.786200
-10.818000
-3.899400
6.163500
-2.012600
3.018900
3.018900
4.905700
11.195000
4.905700
-1.383600
-7.044000
3.018900
0.503140
4.905700
6.163500
-5.157200
-3.270400
-3.899400
-6.415100
-4.528300
-7.673000
-3.270400
-2.012600
-5.786200
-5.786200
3.018900
9.308200
3.647800
3.647800
4.905700
6.792500
1.132100
-1.383600
-2.641500
-7.044000
-6.415100
-0.125790
-8.301900
-3.899400
4.276700
2.389900
6.792500
10.566000
9.937100
7.421400
7.421400
-2.012600
-0.754720
-7.673000
-9.559700
