-9.773500
-6.537200
-13.010000
-10.421000
-9.773500
1.229800
19.353001
16.117001
10.939000
14.175000
12.880000
2.524300
-0.711970
5.760500
-2.653700
12.233000
8.996800
4.466000
5.760500
-2.006500
-7.831700
-1.359200
-0.064720
-2.653700
5.113300
5.760500
-11.068000
8.349500
15.469000
8.996800
-4.595500
-22.718000
2.524300
8.996800
-0.711970
-3.948200
-24.013000
-5.242700
8.996800
2.524300
2.524300
-3.301000
0.582520
-1.359200
-5.242700
1.877000
14.822000
14.175000
-5.242700
-2.006500
14.822000
17.410999
3.818800
-7.831700
-0.711970
3.171500
12.233000
10.291000
3.818800
12.233000
-3.948200
-6.537200
-11.715000
-7.184500
-11.715000
5.113300
-1.359200
-6.537200
-1.359200
-0.711970
-2.006500
-0.064720
-6.537200
1.229800
8.349500
0.582520
3.171500
-0.711970
3.818800
-0.711970
-3.948200
-28.544001
10.291000
14.175000
1.877000
-8.479000
0.582520
1.877000
3.818800
2.524300
-0.064720
14.175000
7.055000
8.349500
-9.773500
9.644000
15.469000
0.582520
4.466000
5.113300
26.472000
23.236000
1.229800
0.582520
-4.595500
8.996800
-0.064720
2.524300
-13.010000
3.171500
17.410999
10.939000
3.171500
-2.653700
-18.188000
-9.773500
20.000000
3.171500
-5.890000
-5.242700
-2.653700
1.229800
-8.479000
-3.301000
2.524300
7.055000
-7.831700
-3.948200
-20.129000
-2.006500
10.939000
-17.540001
-16.246000
-18.188000
-24.660000
8.996800
17.410999
9.644000
5.760500
5.760500
8.349500
3.171500
5.760500
3.171500
-14.951000
1.877000
-0.711970
-16.246000
-7.184500
-10.421000
21.294001
8.349500
-4.595500
9.644000
-5.242700
15.469000
9.644000
2.524300
-12.362000
-9.773500
17.410999
0.582520
-14.304000
-7.184500
-13.657000
-8.479000
-20.129000
-15.599000
-7.831700
1.229800
5.113300
-6.537200
-0.064720
4.466000
3.818800
13.528000
-2.006500
12.880000
6.407800
0.582520
-1.359200
1.877000
-0.064720
-12.362000
-7.184500
3.818800
-14.304000
7.055000
3.818800
3.171500
-3.301000
2.524300
5.760500
-9.773500
-3.301000
2.524300
-8.479000
-13.010000
3.171500
-0.064720
4.466000
4.466000
-4.595500
-4.595500
-0.064720
-6.537200
-13.010000
-14.951000
-8.479000
-10.421000
-7.831700
-20.129000
-20.129000
0.582520
-0.711970
-3.301000
-3.948200
2.524300
10.939000
13.528000
-0.711970
12.233000
8.349500
7.055000
10.291000
-0.711970
11.586000
-1.359200
10.939000
-3.948200
-0.711970
2.524300
7.702300
-2.653700
-4.595500
-9.773500
-5.890000
-3.301000
6.407800
1.229800
6.407800
6.407800
19.353001
16.117001
-5.890000
20.000000
19.353001
9.644000
23.236000
0.582520
-9.773500
-9.126200
-7.831700
-19.482000
-11.715000
-6.537200
-1.359200
-3.948200
-20.777000
17.410999
25.177999
-14.304000
1.229800
-16.893000
3.171500
-2.006500
25.177999
5.113300
9.644000
15.469000
7.702300
10.291000
7.055000
17.410999
23.236000
-9.773500
-0.711970
1.229800
13.528000
18.058001
-2.653700
-10.421000
-7.184500
-4.595500
-3.301000
-5.890000
8.996800
1.877000
7.055000
0.582520
-10.421000
2.524300
23.236000
17.410999
10.291000
-0.711970
-13.657000
8.996800
18.705999
-3.301000
7.702300
2.524300
-5.242700
2.524300
4.466000
-4.595500
-4.595500
-0.711970
-7.831700
-2.653700
-4.595500
0.582520
-2.653700
-12.362000
-21.424000
-6.537200
10.291000
-7.184500
4.466000
10.291000
-8.479000
1.229800
5.760500
8.349500
4.466000
1.229800
12.233000
5.760500
-7.831700
-0.064720
-5.890000
-7.831700
10.939000
-3.948200
-3.301000
-6.537200
3.171500
-0.711970
-2.653700
-12.362000
-15.599000
-18.834999
8.996800
29.061001
-5.890000
-6.537200
8.349500
10.291000
-2.653700
-13.010000
24.531000
8.349500
-17.540001
-3.301000
-5.242700
-5.242700
7.055000
-5.890000
-9.126200
-14.304000
1.877000
-10.421000
-2.653700
1.229800
4.466000
-2.653700
-5.242700
14.175000
4.466000
12.880000
21.294001
-3.301000
19.353001
14.822000
6.407800
-7.184500
-11.715000
-8.479000
-2.653700
-0.711970
-9.773500
3.818800
-7.831700
-19.482000
-4.595500
-3.301000
-0.711970
-11.068000
-12.362000
-5.890000
15.469000
6.407800
8.996800
-1.359200
5.760500
9.644000
7.055000
-2.006500
-25.306999
-1.359200
1.229800
-14.951000
-7.184500
-17.540001
-22.718000
-32.426998
7.055000
21.941999
3.818800
8.349500
-6.537200
17.410999
21.941999
29.709000
13.528000
-0.711970
-14.951000
-15.599000
16.764000
13.528000
-0.711970
-6.537200
-9.773500
-1.359200
-3.948200
-5.242700
-8.479000
-28.544001
-18.188000
-9.126200
6.407800
4.466000
-0.711970
-6.537200
7.055000
7.702300
13.528000
13.528000
13.528000
1.229800
5.113300
3.171500
1.877000
5.113300
2.524300
-7.184500
-0.711970
3.171500
-0.064720
3.171500
-0.711970
20.646999
21.294001
6.407800
10.291000
18.705999
21.294001
21.941999
27.767000
6.407800
12.233000
-8.479000
18.058001
30.356001
8.996800
4.466000
-0.711970
-10.421000
16.117001
7.702300
-2.653700
-8.479000
-18.188000
-28.544001
-18.188000
-4.595500
-27.249001
-32.426998
-29.837999
-18.188000
-20.777000
-33.074001
-3.301000
-5.242700
-25.955000
-5.242700
-2.006500
-3.948200
-0.064720
-8.479000
-8.479000
-3.301000
-0.711970
-4.595500
-4.595500
5.113300
-31.780001
10.939000
17.410999
-4.595500
7.055000
10.939000
-3.948200
3.818800
7.055000
1.229800
-13.657000
-0.064720
8.996800
-3.948200
2.524300
7.702300
-0.064720
3.171500
-9.126200
-7.831700
-4.595500
-7.831700
5.113300
-0.064720
14.175000
1.877000
3.171500
3.171500
14.175000
3.818800
13.528000
8.349500
0.582520
8.996800
14.175000
8.349500
-1.359200
-10.421000
4.466000
8.996800
-9.773500
1.229800
-1.359200
-6.537200
-6.537200
-7.831700
-7.831700
4.466000
-6.537200
7.055000
-0.064720
-3.301000
18.058001
3.818800
2.524300
4.466000
7.702300
-0.064720
3.818800
-0.064720
0.582520
5.113300
-2.006500
2.524300
-3.301000
-11.715000
1.229800
0.582520
-1.359200
0.582520
-7.184500
10.939000
-6.537200
2.524300
-7.184500
-5.890000
-7.184500
-20.777000
-14.951000
-0.711970
-7.184500
-17.540001
-7.831700
-25.955000
-0.064720
-0.711970
1.877000
7.055000
3.171500
19.353001
18.058001
23.882999
18.705999
17.410999
34.887001
19.353001
-6.537200
12.233000
-0.711970
-6.537200
-7.184500
-2.653700
-18.188000
-11.068000
-14.951000
-7.831700
-13.010000
-20.129000
-14.951000
-8.479000
-8.479000
-10.421000
-11.068000
-7.831700
-10.421000
-9.126200
-14.951000
3.818800
-9.773500
-5.242700
10.939000
-5.890000
-17.540001
22.589001
32.298000
11.586000
18.705999
3.818800
1.229800
-6.537200
-2.653700
0.582520
-14.951000
-4.595500
-0.711970
-7.184500
-20.777000
-4.595500
-3.948200
-2.653700
0.582520
-2.653700
-1.359200
-9.773500
-9.126200
14.175000
20.646999
5.113300
-0.064720
8.996800
-9.126200
9.644000
24.531000
9.644000
3.818800
3.818800
1.877000
7.702300
9.644000
-1.359200
-2.653700
-5.890000
-3.948200
-20.129000
-9.773500
-2.006500
-18.188000
-7.831700
-21.424000
-6.537200
-13.010000
-16.893000
-7.184500
-5.890000
-7.184500
-7.831700
0.582520
12.233000
8.349500
14.822000
7.702300
5.113300
15.469000
1.877000
7.055000
11.586000
0.582520
14.175000
9.644000
12.880000
15.469000
0.582520
5.113300
4.466000
7.702300
1.229800
7.055000
18.058001
21.941999
25.177999
21.941999
18.705999
10.939000
11.586000
7.702300
-4.595500
9.644000
8.349500
-5.242700
-13.010000
-14.304000
-5.242700
-8.479000
0.582520
3.171500
1.229800
7.055000
12.880000
7.055000
-8.479000
-1.359200
-9.773500
-5.890000
-7.184500
-2.006500
-0.064720
-14.304000
-11.715000
-5.242700
5.760500
-13.010000
1.877000
8.349500
-5.242700
-2.006500
-8.479000
-11.068000
-2.653700
-5.242700
1.229800
-0.064720
-3.301000
-0.711970
-0.711970
-1.359200
2.524300
-10.421000
-12.362000
5.113300
-7.184500
-4.595500
-13.010000
-13.010000
-5.890000
-12.362000
1.229800
-3.948200
-16.246000
6.407800
-7.831700
-11.068000
3.818800
-2.653700
3.818800
21.294001
23.236000
3.818800
-3.948200
-6.537200
3.171500
-7.831700
-8.479000
-4.595500
-18.188000
-11.715000
-14.304000
-15.599000
-9.773500
-6.537200
-2.653700
-0.711970
4.466000
15.469000
15.469000
7.702300
9.644000
9.644000
8.349500
3.818800
-5.890000
7.055000
14.822000
-5.242700
-3.948200
-0.064720
1.229800
-0.711970
-8.479000
-1.359200
-12.362000
-7.831700
-11.715000
-3.301000
-3.948200
14.175000
26.472000
5.760500
7.055000
27.767000
10.939000
21.941999
14.175000
14.175000
8.996800
9.644000
2.524300
7.702300
1.229800
-4.595500
6.407800
-12.362000
-0.711970
-0.064720
-14.951000
-0.064720
5.113300
-14.951000
-4.595500
-2.006500
7.055000
9.644000
8.349500
-0.064720
-11.715000
-11.715000
-13.657000
-16.246000
-10.421000
-3.301000
-15.599000
-2.653700
-5.242700
-3.301000
1.229800
-4.595500
0.582520
5.113300
8.349500
3.818800
8.996800
11.586000
8.996800
3.818800
6.407800
10.291000
12.233000
1.229800
3.171500
1.877000
-12.362000
3.171500
6.407800
5.113300
3.818800
-9.126200
-7.831700
7.055000
-5.242700
-13.657000
-11.715000
-9.773500
-3.948200
-14.951000
-11.715000
1.229800
-11.715000
-0.711970
4.466000
11.586000
7.702300
7.702300
-3.301000
-7.831700
1.229800
-6.537200
-2.653700
-11.068000
-1.359200
8.349500
-4.595500
-5.890000
5.760500
6.407800
8.996800
11.586000
17.410999
1.877000
3.818800
-0.064720
-9.126200
-9.773500
-2.653700
-2.653700
-7.831700
-3.948200
-12.362000
-7.184500
0.582520
2.524300
-2.653700
-6.537200
-0.711970
0.582520
4.466000
5.113300
8.349500
7.702300
5.113300
3.171500
1.229800
-5.242700
16.117001
5.760500
6.407800
5.113300
-4.595500
5.760500
7.702300
-0.711970
12.233000
-4.595500
0.582520
1.229800
-0.711970
7.702300
5.113300
-9.126200
-5.890000
-10.421000
-13.010000
-2.006500
3.818800
-7.184500
-9.126200
-0.064720
11.586000
12.233000
10.939000
12.233000
5.113300
1.229800
9.644000
5.760500
19.353001
4.466000
-3.301000
8.996800
2.524300
0.582520
7.055000
-2.653700
7.702300
0.582520
-13.657000
-4.595500
-11.068000
-8.479000
2.524300
5.760500
-2.006500
1.229800
0.582520
-3.301000
-10.421000
-11.715000
-5.890000
-4.595500
-22.718000
-8.479000
1.877000
-10.421000
-9.773500
-12.362000
-2.653700
5.760500
8.349500
6.407800
9.644000
15.469000
5.113300
-9.773500
2.524300
9.644000
-4.595500
-11.068000
-14.951000
-2.006500
-15.599000
-5.890000
1.877000
1.877000
-0.064720
8.996800
7.702300
13.528000
8.349500
7.055000
3.818800
-1.359200
14.822000
12.233000
-5.242700
1.877000
-0.064720
-2.653700
11.586000
-0.711970
7.055000
-5.890000
5.760500
-0.064720
0.582520
0.582520
-6.537200
-1.359200
7.702300
1.877000
-9.126200
