5.000000
-3.333300
-4.615400
-18.077000
-15.513000
10.769000
-2.692300
-0.769230
-2.051300
6.282100
7.564100
5.000000
-5.256400
8.205100
13.974000
15.897000
3.717900
-7.179500
5.000000
9.487200
-7.820500
-9.102600
-5.256400
3.717900
3.076900
-14.231000
-11.667000
5.641000
3.076900
5.000000
11.410000
8.846200
1.153800
-15.513000
-7.179500
2.435900
20.385000
3.717900
-3.333300
-0.769230
-3.333300
-5.256400
-0.769230
-0.128210
0.512820
-0.769230
6.282100
7.564100
2.435900
13.974000
10.769000
7.564100
-3.333300
-3.974400
-3.333300
-6.538500
-19.358999
-1.410300
-0.128210
-0.128210
-7.179500
1.153800
15.897000
-1.410300
-10.385000
-0.128210
3.076900
1.794900
-4.615400
-10.385000
1.794900
15.256000
6.282100
-3.333300
15.897000
3.076900
4.359000
-2.692300
-0.769230
6.282100
6.923100
8.205100
0.512820
-0.128210
6.923100
-2.692300
-5.256400
9.487200
8.205100
-8.461500
4.359000
-7.179500
-0.769230
-3.974400
3.717900
0.512820
-4.615400
13.333000
6.923100
10.128000
9.487200
6.282100
10.128000
2.435900
-11.026000
-1.410300
6.923100
-17.436001
5.000000
-0.769230
-4.615400
-9.102600
-0.128210
8.205100
-0.128210
-3.974400
2.435900
-14.872000
-0.769230
13.333000
4.359000
6.282100
-2.051300
3.717900
-3.333300
-2.051300
-1.410300
-20.641001
-3.974400
1.794900
-16.795000
-3.333300
1.794900
-11.026000
3.717900
5.641000
14.615000
11.410000
6.923100
3.717900
8.846200
-2.051300
-5.256400
-12.949000
0.512820
13.974000
-3.974400
-9.102600
-3.974400
-2.692300
-9.102600
-9.743600
1.794900
-3.974400
-3.333300
12.692000
12.692000
-5.897400
0.512820
3.717900
0.512820
1.153800
-17.436001
-7.820500
-12.308000
-9.102600
-10.385000
-3.333300
-7.179500
-9.743600
-0.769230
-2.051300
9.487200
8.846200
15.256000
-9.102600
-0.769230
17.820999
-7.820500
-9.102600
0.512820
8.846200
-4.615400
-7.820500
-1.410300
-2.692300
-9.102600
3.076900
-4.615400
9.487200
6.282100
-3.974400
3.076900
-11.026000
1.153800
5.000000
-21.282000
12.692000
12.051000
-8.461500
-0.128210
-3.974400
-1.410300
-7.820500
-13.590000
-5.897400
-22.563999
-12.308000
6.282100
8.205100
6.282100
3.076900
-3.333300
4.359000
-0.128210
7.564100
-18.077000
-9.102600
8.846200
-2.692300
-2.692300
-11.667000
8.205100
3.717900
3.076900
12.692000
15.897000
5.000000
6.282100
5.000000
17.179001
5.000000
1.153800
-10.385000
16.538000
8.846200
6.923100
-3.974400
10.128000
3.717900
-5.897400
-0.769230
-17.436001
0.512820
8.205100
-9.743600
2.435900
11.410000
5.641000
2.435900
-8.461500
6.923100
1.794900
4.359000
-5.256400
-14.231000
-11.667000
1.794900
-11.026000
-24.487000
-5.256400
-12.308000
-6.538500
4.359000
-3.333300
12.051000
-0.769230
1.794900
22.948999
13.974000
5.641000
15.897000
-0.769230
3.717900
-7.179500
9.487200
1.794900
-6.538500
6.282100
-3.333300
-5.897400
-0.128210
0.512820
-5.897400
3.076900
12.051000
13.333000
5.000000
15.897000
1.153800
19.103001
18.462000
1.153800
12.692000
4.359000
-5.897400
1.153800
-27.691999
-5.897400
3.076900
-7.820500
-1.410300
-14.231000
-0.128210
6.923100
-2.692300
1.794900
1.794900
1.794900
1.153800
-2.692300
-3.974400
-3.333300
-6.538500
-16.795000
-5.897400
-8.461500
7.564100
-3.333300
-17.436001
4.359000
-17.436001
12.051000
5.641000
-0.128210
-2.051300
-0.769230
-0.128210
-4.615400
5.000000
2.435900
-17.436001
-2.692300
-1.410300
-11.667000
-0.128210
2.435900
-18.077000
6.282100
-0.128210
-19.358999
13.974000
8.846200
2.435900
0.512820
-9.743600
21.025999
14.615000
12.692000
13.333000
4.359000
2.435900
-6.538500
0.512820
-14.231000
-6.538500
-4.615400
-5.256400
3.717900
-2.692300
2.435900
3.717900
10.769000
-1.410300
3.076900
5.000000
5.000000
1.153800
-2.051300
2.435900
-3.333300
-9.743600
-10.385000
-3.974400
3.076900
6.923100
1.794900
-1.410300
6.923100
11.410000
-6.538500
10.769000
-0.769230
10.769000
0.512820
-7.820500
0.512820
-18.718000
1.153800
3.076900
-2.692300
-7.820500
-2.692300
-4.615400
-6.538500
3.076900
-11.667000
-1.410300
13.333000
-2.692300
-3.333300
-4.615400
2.435900
5.641000
-0.769230
-0.769230
-1.410300
9.487200
-3.974400
-10.385000
0.512820
-14.872000
-5.897400
6.282100
-1.410300
-0.769230
-13.590000
12.692000
16.538000
-3.333300
12.692000
8.846200
11.410000
-14.872000
2.435900
8.846200
-3.974400
-4.615400
-10.385000
-2.692300
-2.692300
-14.231000
0.512820
-1.410300
-5.897400
6.282100
-1.410300
10.769000
10.128000
12.692000
10.128000
5.641000
-2.051300
12.692000
7.564100
-8.461500
4.359000
1.794900
-6.538500
-0.769230
2.435900
-1.410300
-8.461500
-16.795000
12.051000
7.564100
-0.128210
5.641000
5.641000
5.641000
-5.256400
3.076900
5.641000
0.512820
-8.461500
-11.667000
-4.615400
-12.308000
-25.128000
-9.102600
-4.615400
6.923100
-5.897400
-14.872000
1.153800
1.153800
-7.179500
6.923100
-1.410300
-3.974400
10.128000
-12.949000
-5.897400
13.333000
-2.051300
3.717900
-4.615400
-6.538500
0.512820
15.256000
13.974000
1.153800
8.846200
12.692000
-12.308000
7.564100
16.538000
6.923100
4.359000
1.153800
3.717900
1.794900
-7.820500
3.717900
-9.743600
0.512820
-5.256400
-5.897400
-5.256400
8.846200
15.897000
2.435900
4.359000
1.153800
-9.743600
10.769000
17.820999
-0.769230
2.435900
5.000000
6.923100
-7.820500
-9.102600
10.769000
7.564100
-3.974400
-0.769230
-12.949000
20.385000
11.410000
-4.615400
0.512820
-3.333300
-9.102600
3.076900
12.692000
5.641000
3.076900
-14.231000
-2.051300
0.512820
8.846200
-1.410300
-10.385000
-11.026000
-3.974400
-16.153999
-7.820500
-0.128210
-14.872000
-16.795000
-7.820500
-7.179500
6.923100
6.282100
3.076900
1.153800
8.205100
5.000000
10.769000
1.153800
6.282100
11.410000
-4.615400
-1.410300
-2.692300
-15.513000
2.435900
-28.333000
-9.743600
-21.282000
-14.231000
-7.179500
-7.820500
-14.872000
2.435900
7.564100
-2.692300
1.153800
-6.538500
-10.385000
-5.256400
-12.308000
-11.026000
6.282100
5.000000
-2.692300
14.615000
10.128000
10.769000
6.923100
-2.051300
10.769000
10.128000
3.717900
12.051000
-1.410300
-20.641001
6.923100
4.359000
-11.026000
-7.179500
-2.051300
2.435900
-21.923000
3.717900
7.564100
-3.974400
12.051000
0.512820
-19.358999
1.153800
7.564100
-9.743600
-9.102600
0.512820
-0.769230
3.076900
11.410000
3.076900
8.846200
4.359000
-5.256400
19.103001
1.153800
10.769000
9.487200
5.641000
-5.256400
-2.692300
-3.974400
-5.897400
-25.128000
6.282100
10.128000
3.076900
-9.102600
4.359000
22.308001
10.128000
11.410000
12.692000
5.000000
-3.974400
13.333000
-6.538500
12.692000
10.128000
-1.410300
-4.615400
-9.743600
-0.769230
-21.282000
1.153800
0.512820
-10.385000
-7.179500
-3.333300
-5.256400
-9.102600
-20.000000
-0.128210
-1.410300
1.153800
-14.231000
0.512820
-4.615400
-4.615400
4.359000
-4.615400
-16.153999
-6.538500
-2.692300
3.717900
2.435900
-0.769230
-2.692300
-3.333300
6.282100
-9.743600
-3.333300
12.692000
5.641000
-4.615400
0.512820
6.282100
-2.692300
-11.667000
1.794900
-0.769230
-7.820500
10.128000
13.974000
3.076900
8.846200
19.103001
9.487200
4.359000
8.205100
1.153800
5.000000
-24.487000
10.769000
-3.333300
-4.615400
8.205100
-6.538500
1.794900
5.000000
5.000000
3.076900
9.487200
4.359000
8.846200
24.872000
5.641000
1.794900
1.153800
-1.410300
-0.769230
-2.692300
-9.743600
-0.769230
-0.769230
-3.333300
-31.538000
6.282100
6.923100
-13.590000
-10.385000
-6.538500
-20.641001
-0.769230
8.846200
10.128000
3.076900
-16.153999
13.974000
5.641000
4.359000
14.615000
-1.410300
-2.692300
-1.410300
-12.308000
-3.333300
1.794900
-15.513000
-1.410300
3.076900
-4.615400
-3.974400
1.153800
6.923100
14.615000
18.462000
18.462000
13.333000
-0.128210
13.333000
11.410000
7.564100
-3.974400
3.076900
-7.820500
-10.385000
-3.974400
-13.590000
-13.590000
-13.590000
-12.308000
-16.795000
5.000000
10.769000
2.435900
12.692000
15.897000
10.769000
-5.897400
-7.820500
13.974000
9.487200
2.435900
-4.615400
-2.692300
-14.231000
1.153800
-12.949000
-9.102600
-17.436001
-3.974400
5.000000
-7.179500
5.000000
1.794900
15.256000
0.512820
15.897000
6.282100
4.359000
8.205100
6.282100
7.564100
-2.692300
-3.974400
-9.743600
1.153800
-1.410300
6.282100
1.794900
-5.897400
-16.153999
-12.949000
11.410000
-2.051300
-1.410300
-9.102600
-14.231000
8.205100
5.641000
1.794900
5.000000
8.205100
12.692000
5.000000
0.512820
-0.769230
-5.897400
10.128000
-5.256400
-20.641001
-27.691999
0.512820
-11.026000
-4.615400
3.076900
10.769000
3.717900
17.179001
1.794900
16.538000
21.025999
-31.538000
26.795000
16.538000
5.000000
5.641000
-7.179500
-4.615400
-4.615400
-0.128210
-10.385000
2.435900
-4.615400
-20.641001
-3.974400
-5.256400
-0.769230
8.846200
9.487200
-4.615400
10.769000
13.333000
-2.692300
12.692000
24.231001
-3.333300
-2.051300
6.282100
-14.231000
-18.077000
-16.153999
-11.026000
-25.128000
-4.615400
-8.461500
-0.769230
3.076900
10.128000
10.128000
5.641000
8.846200
11.410000
13.333000
8.846200
-12.308000
-2.692300
-2.692300
-9.102600
-5.897400
-9.743600
-17.436001
9.487200
2.435900
8.846200
3.717900
3.076900
15.897000
14.615000
2.435900
13.974000
-9.102600
8.846200
13.333000
-16.795000
-2.692300
-5.256400
-9.102600
-2.051300
-12.949000
-20.641001
1.153800
-3.333300
-15.513000
13.974000
5.641000
1.153800
15.256000
-1.410300
6.923100
16.538000
3.717900
-7.179500
-2.051300
3.717900
2.435900
-2.051300
-6.538500
-11.667000
-7.179500
1.153800
-5.256400
5.000000
-11.667000
-5.256400
15.897000
13.333000
11.410000
14.615000
0.512820
2.435900
12.692000
-5.897400
2.435900
6.282100
-7.179500
-3.333300
0.512820
-7.179500
8.846200
-21.923000
-0.128210
9.487200
-0.128210
5.000000
-7.179500
-11.667000
7.564100
2.435900
-2.692300
-2.051300
4.359000
-4.615400
-12.949000
-0.128210
-1.410300
-0.769230
1.794900
3.076900
6.923100
-5.256400
3.076900
8.846200
5.641000
-2.051300
10.769000
4.359000
-11.667000
12.051000
-5.897400
-0.769230
11.410000
-8.461500
-6.538500
-8.461500
-0.128210
13.974000
8.205100
-11.026000
-9.102600
6.282100
8.846200
-2.051300
0.512820
-2.692300
-5.897400
-16.795000
-0.769230
13.974000
5.641000
3.717900
-9.102600
-20.000000
12.692000
7.564100
-2.051300
-4.615400
-2.051300
-0.128210
-3.974400
6.282100
4.359000
-2.692300
7.564100
-10.385000
-2.692300
8.846200
3.076900
2.435900
-12.308000
-6.538500
8.205100
-0.128210
-7.820500
