-2.051300
-3.333300
1.794900
6.923100
12.692000
9.487200
5.000000
5.641000
5.641000
-4.615400
-14.872000
-14.872000
-10.385000
-11.667000
-9.743600
-1.410300
3.717900
1.153800
6.282100
1.794900
-5.897400
-0.128210
3.076900
1.153800
6.282100
3.076900
1.794900
3.076900
1.153800
1.153800
-7.179500
-11.026000
-10.385000
-7.820500
-2.051300
6.282100
8.205100
12.051000
13.333000
16.538000
17.179001
12.692000
12.051000
7.564100
8.205100
5.000000
13.333000
4.359000
-5.256400
0.512820
-1.410300
-8.461500
-4.615400
-1.410300
-0.769230
5.000000
7.564100
3.076900
-2.051300
11.410000
0.512820
1.794900
-2.692300
-4.615400
-3.974400
-5.256400
-7.179500
-6.538500
-7.179500
-5.256400
-7.179500
-2.692300
4.359000
6.282100
3.076900
1.794900
7.564100
1.794900
1.794900
1.153800
-0.128210
-0.128210
5.641000
7.564100
7.564100
9.487200
5.000000
2.435900
7.564100
14.615000
2.435900
10.128000
5.641000
0.512820
-3.974400
-11.026000
-8.461500
-6.538500
-12.949000
-12.308000
-11.667000
-10.385000
-13.590000
-9.743600
-4.615400
-3.974400
-3.974400
1.794900
0.512820
0.512820
3.076900
1.794900
-2.692300
-5.256400
-3.333300
5.641000
3.717900
-0.128210
3.717900
2.435900
5.641000
4.359000
-1.410300
10.128000
4.359000
6.282100
3.076900
6.282100
12.051000
14.615000
8.205100
-0.769230
-4.615400
-15.513000
-8.461500
-9.102600
-12.949000
-5.897400
-11.026000
-4.615400
-0.769230
-7.820500
1.794900
3.076900
0.512820
1.794900
3.717900
1.153800
3.717900
8.205100
15.256000
12.051000
9.487200
-2.692300
-6.538500
-2.692300
-11.667000
-9.102600
-14.231000
-12.949000
0.512820
-7.820500
-6.538500
-2.051300
-7.820500
-7.179500
-0.769230
-3.333300
-5.897400
-3.333300
-5.897400
-11.667000
-7.820500
-9.102600
-9.102600
-17.436001
-14.231000
-11.026000
-2.692300
-3.974400
-5.256400
0.512820
2.435900
-1.410300
5.000000
3.717900
-3.333300
-2.692300
-9.102600
3.717900
0.512820
-5.256400
-2.692300
-3.333300
-0.128210
-1.410300
-3.333300
3.076900
13.974000
8.846200
10.128000
10.128000
21.025999
12.692000
13.333000
8.205100
13.333000
13.974000
6.282100
4.359000
4.359000
1.794900
4.359000
5.641000
5.000000
7.564100
6.923100
13.333000
4.359000
8.205100
11.410000
13.974000
22.948999
11.410000
5.641000
12.051000
-4.615400
-12.949000
-7.820500
-12.308000
-10.385000
-14.231000
-15.513000
-14.872000
-0.128210
1.153800
-0.128210
0.512820
4.359000
5.641000
10.128000
-1.410300
-0.128210
3.717900
3.076900
1.794900
-3.974400
-1.410300
-2.692300
-13.590000
-8.461500
-2.051300
-4.615400
-0.128210
3.717900
4.359000
13.974000
10.769000
6.923100
13.974000
22.308001
11.410000
15.256000
17.820999
18.462000
3.076900
5.000000
-7.179500
-6.538500
-8.461500
-9.102600
-9.102600
-12.949000
-14.231000
-11.667000
-14.231000
-9.743600
-5.256400
0.512820
-2.051300
-0.128210
1.794900
8.846200
8.205100
1.153800
8.846200
4.359000
-3.333300
-2.051300
-9.102600
-13.590000
-12.308000
-8.461500
-3.974400
-6.538500
-2.692300
-9.102600
-14.231000
-5.256400
-5.897400
-2.051300
8.846200
3.717900
10.769000
5.641000
1.153800
3.076900
5.641000
0.512820
-7.820500
-6.538500
-3.974400
-1.410300
-4.615400
-9.743600
4.359000
-3.974400
1.153800
2.435900
3.717900
1.153800
-5.897400
7.564100
0.512820
-0.769230
-0.769230
1.153800
-5.256400
-9.102600
-14.872000
-14.231000
-21.282000
-18.718000
-16.153999
-9.102600
3.717900
12.051000
6.282100
15.897000
13.333000
8.846200
3.717900
9.487200
6.282100
-4.615400
3.076900
8.205100
17.820999
12.051000
19.743999
27.436001
11.410000
15.256000
15.897000
15.897000
11.410000
10.769000
7.564100
3.717900
1.153800
-0.769230
-3.333300
-4.615400
-10.385000
-11.026000
-13.590000
-7.820500
-7.179500
-5.897400
-9.102600
-5.897400
-9.743600
-6.538500
-2.692300
-7.179500
-9.743600
-6.538500
0.512820
-8.461500
1.153800
1.794900
5.000000
-6.538500
-2.692300
-0.128210
-11.667000
-12.308000
-12.308000
-12.308000
-3.333300
3.717900
6.282100
17.179001
15.256000
20.385000
8.846200
6.282100
2.435900
6.282100
2.435900
-0.128210
-0.769230
-0.128210
-3.333300
-14.872000
-17.436001
-11.026000
-12.949000
-14.231000
-8.461500
-12.308000
-3.974400
5.641000
10.769000
10.769000
5.000000
-1.410300
-0.128210
3.717900
4.359000
-2.692300
-2.051300
-0.128210
-5.897400
-0.128210
-3.974400
-5.897400
-11.667000
-7.820500
-2.692300
1.794900
-7.820500
-9.102600
6.923100
23.590000
33.205002
26.153999
15.256000
10.769000
8.205100
3.076900
5.641000
3.076900
11.410000
10.128000
5.641000
5.000000
8.846200
12.692000
7.564100
7.564100
13.974000
8.846200
3.717900
4.359000
8.205100
-0.128210
-3.974400
6.282100
-14.872000
-10.385000
-3.333300
-3.333300
-6.538500
-5.897400
-9.102600
-7.820500
-14.231000
-9.102600
-11.026000
-20.000000
-22.563999
-20.000000
-17.436001
-16.795000
-9.743600
-5.897400
1.153800
6.923100
0.512820
8.846200
6.282100
12.692000
17.820999
6.923100
7.564100
7.564100
-0.128210
-0.128210
-2.692300
-3.333300
-10.385000
-7.820500
-7.820500
-8.461500
-10.385000
-14.231000
-14.231000
-11.667000
-9.102600
-0.128210
8.205100
5.000000
12.692000
9.487200
13.974000
12.692000
10.128000
4.359000
6.282100
-2.051300
-2.692300
-0.128210
-7.179500
-11.026000
-7.179500
-5.897400
-11.026000
-5.897400
-11.667000
-10.385000
-12.308000
-5.897400
-4.615400
0.512820
-9.743600
-2.692300
3.717900
4.359000
-0.769230
-0.128210
-0.128210
-4.615400
1.153800
6.282100
8.205100
1.153800
-0.769230
-7.820500
-2.692300
3.076900
-0.128210
1.794900
1.794900
6.923100
13.333000
9.487200
18.462000
15.256000
11.410000
13.333000
8.846200
11.410000
2.435900
0.512820
1.153800
1.794900
-7.179500
-12.949000
-14.872000
-16.795000
-5.897400
-5.897400
-11.026000
-7.179500
-5.256400
-4.615400
3.076900
-4.615400
1.153800
-0.769230
5.641000
3.076900
-2.692300
1.794900
2.435900
6.923100
6.282100
6.923100
8.846200
8.205100
13.333000
8.846200
6.923100
4.359000
1.794900
4.359000
-0.128210
-6.538500
-3.974400
-4.615400
-3.333300
-4.615400
-1.410300
1.153800
6.923100
7.564100
6.923100
1.153800
1.153800
-0.769230
8.846200
2.435900
-5.897400
-9.743600
-2.692300
1.153800
1.153800
1.153800
-1.410300
-3.974400
-3.974400
1.153800
-2.692300
-0.769230
-2.692300
3.717900
-2.692300
6.282100
5.000000
8.205100
7.564100
4.359000
6.282100
-7.820500
-3.974400
3.717900
-3.333300
-0.128210
-1.410300
-11.026000
-11.026000
-21.282000
-10.385000
-7.820500
-6.538500
-12.949000
-12.308000
-11.667000
-11.026000
-7.820500
-1.410300
1.153800
6.923100
6.282100
2.435900
8.846200
9.487200
10.128000
8.205100
6.923100
5.000000
-3.974400
-0.128210
1.153800
-2.051300
2.435900
-2.051300
-9.102600
-2.051300
-7.179500
-5.256400
-2.692300
-9.102600
-3.974400
0.512820
-1.410300
3.076900
4.359000
-3.333300
-6.538500
-3.333300
3.076900
-2.051300
5.000000
3.717900
-3.974400
-1.410300
6.282100
-5.897400
0.512820
-5.256400
-2.051300
-0.769230
1.794900
5.641000
4.359000
-1.410300
1.794900
3.076900
5.000000
1.794900
-4.615400
-4.615400
-1.410300
1.153800
-1.410300
-0.128210
-5.256400
-0.128210
6.282100
1.153800
6.282100
11.410000
13.333000
10.128000
-0.128210
2.435900
-0.769230
-0.128210
-0.128210
-11.026000
-4.615400
-5.256400
-8.461500
-8.461500
-6.538500
-2.692300
1.794900
1.794900
-3.333300
1.794900
3.717900
5.641000
4.359000
7.564100
3.717900
2.435900
2.435900
-0.128210
-3.333300
-4.615400
-2.692300
7.564100
8.205100
12.692000
13.974000
13.974000
12.051000
8.846200
12.051000
10.128000
6.923100
5.000000
11.410000
3.076900
4.359000
-0.769230
2.435900
-3.333300
-5.897400
3.076900
0.512820
-4.615400
3.076900
1.794900
-7.820500
-5.897400
-8.461500
-5.256400
-3.974400
6.282100
6.923100
13.333000
13.333000
14.615000
15.897000
10.128000
12.692000
10.769000
13.974000
7.564100
-0.128210
-3.974400
1.153800
-7.179500
-4.615400
-15.513000
-11.667000
-12.308000
-12.308000
-16.795000
-13.590000
-9.743600
-9.102600
-8.461500
1.794900
3.076900
0.512820
-1.410300
4.359000
3.717900
-0.769230
-5.256400
-5.256400
-2.051300
-12.308000
-12.949000
-14.231000
-9.102600
-4.615400
-6.538500
-5.256400
-3.333300
-5.897400
-6.538500
-0.128210
-0.769230
6.923100
0.512820
3.076900
-0.128210
3.717900
8.205100
3.717900
11.410000
8.846200
9.487200
8.846200
1.794900
1.153800
-0.769230
-3.333300
3.076900
-1.410300
0.512820
-2.692300
1.794900
1.794900
-7.179500
-14.872000
-19.358999
-15.513000
-20.641001
-9.743600
6.282100
8.846200
3.717900
6.282100
-0.128210
-2.051300
-6.538500
-2.051300
8.846200
0.512820
0.512820
2.435900
1.153800
6.923100
8.205100
12.692000
11.410000
9.487200
12.692000
7.564100
6.282100
-3.333300
-2.692300
-3.333300
-17.436001
-19.358999
-25.128000
-11.667000
-12.308000
-9.102600
-5.256400
-7.179500
6.282100
5.641000
0.512820
10.128000
12.051000
18.462000
14.615000
17.820999
8.846200
2.435900
-0.128210
-7.179500
-20.000000
-15.513000
-15.513000
-14.872000
-11.667000
-12.949000
-5.897400
-3.974400
6.923100
8.205100
15.256000
7.564100
7.564100
8.205100
-0.128210
1.794900
-1.410300
-7.179500
0.512820
-1.410300
-6.538500
3.076900
-2.692300
4.359000
6.282100
2.435900
-2.692300
3.717900
8.205100
16.538000
21.025999
13.974000
10.128000
5.641000
1.794900
1.153800
2.435900
-1.410300
-2.051300
-3.974400
1.153800
-2.692300
0.512820
5.000000
6.282100
11.410000
12.692000
5.000000
0.512820
-0.769230
-1.410300
-6.538500
-21.282000
-27.051001
-27.691999
-17.436001
-7.179500
9.487200
5.641000
2.435900
3.717900
2.435900
10.769000
-0.128210
-4.615400
3.076900
5.641000
10.769000
6.282100
2.435900
0.512820
-7.179500
-3.974400
-12.949000
-11.667000
-12.308000
-2.692300
3.076900
-3.333300
5.641000
11.410000
13.333000
15.897000
12.051000
10.128000
12.692000
12.051000
9.487200
1.153800
1.794900
-4.615400
-7.820500
-9.102600
-16.153999
-17.436001
-13.590000
-8.461500
-4.615400
-9.102600
-2.051300
6.282100
7.564100
14.615000
6.923100
13.333000
13.974000
11.410000
5.000000
7.564100
5.641000
-0.128210
3.717900
-2.051300
-0.769230
-4.615400
-7.820500
3.717900
1.153800
-3.974400
0.512820
-9.102600
-4.615400
-11.026000
-14.872000
-7.820500
-5.256400
-5.256400
-1.410300
-0.128210
-2.051300
-3.974400
2.435900
1.153800
1.153800
1.794900
-5.897400
0.512820
-2.051300
-0.769230
1.153800
1.153800
-3.333300
3.076900
-3.333300
-3.333300
