-6.445500
-15.292000
-20.979000
-21.611000
-17.820000
0.505530
2.401300
-2.654000
0.505530
1.769400
6.192700
7.456600
5.560800
5.560800
1.137400
0.505530
-1.390200
-3.285900
0.505530
-0.126380
4.928900
6.192700
-4.549800
-5.813600
-0.758290
2.401300
8.088500
8.720400
6.192700
8.088500
11.248000
8.720400
9.352300
8.720400
6.824600
6.192700
5.560800
3.033200
3.033200
1.137400
1.769400
-13.397000
-14.028000
-7.709300
-2.022100
4.297000
5.560800
3.665100
-2.022100
1.137400
1.769400
1.137400
1.769400
10.616000
9.984200
9.352300
9.352300
2.401300
-3.917900
-2.654000
-12.133000
-9.605100
1.137400
2.401300
3.665100
3.033200
0.505530
-1.390200
-0.126380
-8.341200
-9.605100
1.769400
9.984200
9.984200
7.456600
2.401300
6.824600
2.401300
-2.654000
4.928900
8.088500
9.984200
8.720400
10.616000
9.352300
10.616000
9.984200
1.769400
5.560800
8.720400
3.665100
-1.390200
-5.181700
1.137400
-5.813600
-10.869000
-12.765000
-15.292000
-8.341200
-5.813600
-8.341200
-9.605100
-10.869000
-7.709300
-7.709300
-6.445500
3.033200
1.769400
-5.813600
-6.445500
-2.654000
-1.390200
4.297000
6.824600
6.192700
2.401300
-0.758290
4.928900
-0.758290
-7.077400
-5.181700
-5.813600
1.137400
0.505530
1.769400
3.033200
6.824600
5.560800
-0.126380
1.769400
-5.813600
-12.765000
-10.869000
-10.237000
-10.237000
-10.869000
-10.237000
-10.237000
-4.549800
1.769400
5.560800
0.505530
1.137400
5.560800
4.297000
1.769400
10.616000
14.408000
7.456600
-7.077400
-11.501000
-5.181700
-1.390200
1.769400
1.769400
-0.126380
11.880000
13.144000
4.928900
2.401300
0.505530
-1.390200
0.505530
2.401300
1.769400
-1.390200
3.665100
3.665100
6.824600
7.456600
1.137400
-2.654000
1.137400
8.088500
11.880000
2.401300
-1.390200
-3.285900
-1.390200
1.769400
2.401300
4.928900
0.505530
3.665100
3.665100
0.505530
-0.758290
-0.758290
1.769400
-3.917900
2.401300
-0.126380
0.505530
10.616000
11.248000
6.824600
0.505530
1.769400
9.984200
2.401300
-10.869000
-8.973100
-8.973100
-7.709300
-4.549800
-5.181700
-8.341200
-8.973100
-6.445500
-8.973100
-6.445500
4.928900
-0.758290
-8.341200
-6.445500
6.192700
8.720400
8.088500
11.880000
6.824600
3.665100
3.665100
9.352300
6.824600
-0.126380
1.769400
-0.758290
0.505530
3.033200
-3.285900
-10.869000
-7.709300
-0.126380
5.560800
2.401300
-6.445500
-8.341200
-7.709300
-8.341200
-10.869000
-7.709300
-9.605100
-17.820000
-19.084000
-13.397000
-13.397000
-5.813600
1.137400
2.401300
4.297000
4.928900
3.033200
3.033200
3.665100
0.505530
3.665100
-1.390200
-6.445500
-2.022100
-6.445500
-14.028000
-14.028000
-9.605100
0.505530
4.297000
5.560800
2.401300
-2.022100
-5.813600
3.665100
5.560800
3.665100
3.665100
4.297000
2.401300
-3.285900
-3.917900
-0.758290
1.137400
0.505530
9.352300
1.137400
-5.181700
-7.077400
-7.709300
-0.758290
1.137400
5.560800
11.880000
8.088500
6.192700
12.512000
13.776000
9.984200
11.248000
8.088500
4.297000
3.033200
-2.654000
8.088500
6.824600
2.401300
4.928900
1.769400
4.297000
6.824600
5.560800
8.088500
5.560800
3.033200
1.137400
9.352300
5.560800
0.505530
3.033200
3.665100
3.033200
-0.126380
-5.813600
-8.973100
-9.605100
-8.973100
-12.765000
-6.445500
-2.022100
-0.126380
-6.445500
-10.237000
-4.549800
-2.022100
0.505530
-5.181700
-7.077400
-2.654000
-0.758290
-1.390200
-5.181700
-4.549800
-2.654000
-5.181700
-11.501000
-14.028000
-12.765000
-13.397000
-10.237000
-5.181700
-5.813600
1.769400
1.137400
-1.390200
0.505530
3.033200
3.665100
6.192700
3.665100
-0.758290
-3.285900
-0.126380
8.720400
8.720400
6.192700
0.505530
-0.758290
3.033200
4.297000
4.297000
4.297000
8.720400
8.088500
3.033200
-0.126380
11.880000
8.720400
4.928900
7.456600
-8.341200
-8.973100
-2.022100
0.505530
6.824600
4.297000
-2.022100
-7.077400
-2.654000
0.505530
-0.758290
-0.126380
5.560800
8.088500
7.456600
-3.285900
-10.237000
-9.605100
-8.973100
-8.341200
-10.237000
-7.077400
-6.445500
-3.285900
-3.285900
-7.077400
5.560800
3.033200
-2.654000
-4.549800
-5.181700
-5.813600
3.033200
0.505530
-1.390200
-3.917900
-7.077400
3.665100
14.408000
25.782000
23.886000
13.776000
13.144000
9.352300
5.560800
15.039000
15.671000
17.566999
19.462999
14.408000
5.560800
-2.022100
-5.813600
-3.285900
-3.285900
-4.549800
-3.917900
5.560800
1.137400
-3.285900
3.033200
-0.758290
0.505530
-0.126380
1.137400
4.928900
4.297000
-4.549800
-8.341200
-3.285900
-1.390200
-1.390200
0.505530
-3.285900
-9.605100
-8.973100
-6.445500
-2.022100
-0.126380
0.505530
-3.285900
-3.917900
-2.022100
-1.390200
6.824600
5.560800
7.456600
6.824600
-0.126380
-3.917900
-0.758290
-2.654000
1.769400
-0.126380
-5.181700
-5.181700
-3.285900
3.665100
-2.654000
-11.501000
-10.869000
-13.397000
-11.501000
-7.077400
-7.709300
-7.709300
6.824600
6.192700
1.137400
1.137400
1.769400
6.824600
7.456600
5.560800
4.928900
13.776000
13.776000
1.769400
-4.549800
-3.917900
1.769400
0.505530
2.401300
8.088500
4.928900
-2.654000
-4.549800
-0.758290
8.720400
7.456600
12.512000
12.512000
-2.022100
-7.077400
-7.077400
-8.341200
-3.285900
0.505530
6.192700
4.928900
4.928900
13.776000
4.297000
-5.181700
1.769400
4.297000
1.769400
0.505530
-0.758290
-2.654000
-3.917900
-7.077400
-5.181700
-8.341200
-7.077400
3.033200
-2.654000
-5.181700
-0.758290
-2.022100
-2.654000
-12.133000
-10.869000
-5.813600
-8.973100
-10.869000
1.769400
4.297000
8.720400
6.192700
4.928900
6.824600
6.824600
11.248000
5.560800
-1.390200
0.505530
10.616000
8.088500
6.824600
6.824600
-3.285900
-3.917900
-0.126380
6.824600
14.408000
4.928900
-8.973100
-12.133000
-10.237000
-6.445500
-10.869000
-10.869000
-5.181700
3.033200
3.665100
1.769400
3.033200
7.456600
2.401300
-0.758290
-2.022100
0.505530
1.769400
1.769400
5.560800
1.137400
-2.654000
-3.285900
1.769400
3.033200
1.769400
10.616000
6.824600
4.297000
6.192700
-0.758290
-3.285900
-6.445500
-6.445500
-2.654000
6.192700
9.352300
3.033200
5.560800
10.616000
11.248000
10.616000
8.088500
8.720400
-0.126380
-1.390200
4.297000
4.928900
6.192700
15.671000
9.352300
3.665100
8.720400
11.880000
13.144000
3.665100
-1.390200
3.033200
5.560800
7.456600
10.616000
6.824600
-0.758290
-0.758290
-2.654000
-4.549800
-5.813600
-7.709300
-11.501000
-12.765000
-10.869000
-10.237000
-8.341200
-11.501000
-13.397000
-15.924000
-20.979000
-17.820000
-12.765000
-4.549800
1.137400
3.665100
2.401300
-2.022100
-3.285900
0.505530
-1.390200
-8.341200
-3.917900
-1.390200
-5.181700
-10.237000
-10.869000
-13.397000
-5.813600
-2.022100
-11.501000
-14.028000
-17.188000
-12.133000
-5.813600
-0.758290
-7.709300
-12.765000
-10.237000
-3.285900
6.824600
8.088500
2.401300
-1.390200
-5.813600
-4.549800
-0.758290
3.665100
3.665100
3.033200
7.456600
1.769400
-6.445500
-3.917900
-0.758290
2.401300
5.560800
3.665100
7.456600
11.880000
7.456600
-0.126380
1.137400
3.033200
3.033200
2.401300
7.456600
16.934999
11.880000
4.297000
7.456600
6.824600
0.505530
4.297000
7.456600
6.824600
9.352300
9.984200
1.137400
-1.390200
3.665100
5.560800
-1.390200
-3.917900
-3.917900
-3.285900
-1.390200
-0.126380
-3.285900
-4.549800
-9.605100
-11.501000
-4.549800
1.769400
-2.654000
-5.181700
-0.758290
-0.758290
-1.390200
7.456600
5.560800
-1.390200
-6.445500
-6.445500
-5.813600
4.297000
4.297000
-1.390200
1.769400
4.297000
-2.022100
6.192700
7.456600
8.720400
6.824600
8.088500
13.776000
4.928900
-4.549800
-0.126380
3.665100
-3.285900
-2.022100
1.769400
1.137400
-0.758290
-0.758290
1.137400
4.928900
7.456600
0.505530
-1.390200
-3.285900
2.401300
-0.126380
-2.654000
-6.445500
-14.028000
-10.237000
-0.126380
-4.549800
-8.341200
-3.917900
-0.126380
-2.022100
-5.813600
-3.917900
-3.285900
-2.654000
1.137400
-5.813600
-5.813600
1.769400
-3.285900
-2.654000
-1.390200
4.928900
8.720400
3.665100
2.401300
-2.022100
-10.237000
-6.445500
-0.758290
-0.758290
2.401300
-5.813600
-5.813600
2.401300
12.512000
12.512000
-0.758290
-2.654000
-3.285900
8.088500
9.352300
1.137400
4.928900
7.456600
4.297000
1.137400
1.769400
0.505530
4.297000
10.616000
6.192700
-4.549800
-4.549800
-5.181700
-7.077400
-13.397000
-11.501000
-1.390200
-3.285900
-3.917900
-5.181700
-0.126380
10.616000
8.720400
8.720400
8.088500
5.560800
-3.917900
-1.390200
14.408000
10.616000
-2.654000
-10.237000
-5.181700
1.137400
-0.758290
2.401300
11.248000
8.720400
2.401300
-6.445500
-5.181700
-3.917900
-0.126380
-0.126380
1.137400
7.456600
5.560800
0.505530
-1.390200
-2.022100
2.401300
4.297000
4.928900
4.928900
3.033200
3.665100
4.297000
0.505530
3.033200
4.928900
6.824600
-0.758290
-5.181700
-4.549800
-4.549800
-5.181700
-3.917900
-5.181700
-3.917900
-4.549800
-0.758290
3.033200
3.665100
8.088500
8.720400
0.505530
-4.549800
4.928900
9.984200
11.880000
2.401300
-8.341200
-7.077400
-3.917900
-4.549800
-3.917900
-2.022100
-0.758290
8.720400
0.505530
3.033200
6.192700
0.505530
-2.022100
-6.445500
-4.549800
-3.917900
-3.917900
3.665100
-3.917900
-3.917900
-4.549800
-2.022100
1.769400
-2.654000
-5.813600
2.401300
2.401300
3.033200
-3.285900
-7.077400
-3.917900
1.137400
-0.758290
0.505530
-3.285900
-2.022100
1.137400
4.928900
8.720400
3.033200
1.769400
9.984200
14.408000
5.560800
-2.022100
-2.022100
0.505530
-1.390200
-7.709300
-5.813600
-2.654000
-3.285900
-6.445500
-2.654000
-0.758290
3.665100
1.137400
-1.390200
-3.917900
-7.077400
-5.813600
-3.285900
-4.549800
-5.813600
4.297000
5.560800
-1.390200
-0.126380
2.401300
6.824600
7.456600
3.665100
-0.758290
-1.390200
-3.917900
-1.390200
-8.341200
-10.237000
-5.181700
5.560800
1.769400
-3.285900
1.137400
0.505530
-0.126380
6.192700
4.928900
-2.022100
-7.709300
0.505530
0.505530
-5.181700
-5.813600
-0.126380
1.137400
4.928900
4.297000
2.401300
7.456600
13.144000
4.928900
-0.758290
-2.654000
-7.077400
-4.549800
5.560800
3.033200
-2.654000
7.456600
9.352300
10.616000
6.192700
1.137400
-0.758290
7.456600
5.560800
-3.917900
-7.077400
-2.022100
6.824600
4.297000
-2.022100
-2.022100
-5.181700
-3.917900
-0.758290
3.033200
0.505530
-0.758290
-1.390200
4.297000
3.665100
-2.654000
-0.758290
2.401300
3.665100
4.297000
4.928900
-0.126380
-2.022100
