-6.252000
-10.718000
-14.545000
-18.372999
-20.924999
-6.252000
0.127590
-3.700200
-3.700200
-4.976100
-3.700200
-3.700200
-2.424200
-0.510370
-2.424200
-4.976100
-6.890000
-8.803800
-3.700200
-1.786300
0.127590
0.765550
-4.338100
-4.338100
-1.786300
-0.510370
2.041500
2.041500
3.955300
6.507200
5.869200
2.041500
2.679400
2.041500
5.869200
5.231300
0.127590
-3.062200
1.403500
5.231300
12.887000
1.403500
-6.252000
-10.718000
-10.080000
-4.976100
-1.148300
-5.614000
-9.441800
-3.062200
4.593300
7.783100
7.783100
14.163000
17.351999
19.266001
19.266001
7.145100
-0.510370
2.679400
-6.252000
-8.803800
-3.700200
-0.510370
2.041500
5.869200
5.231300
3.955300
5.231300
-1.786300
-5.614000
1.403500
11.611000
13.525000
11.611000
2.041500
3.317400
3.955300
2.679400
6.507200
4.593300
4.593300
4.593300
4.593300
0.127590
-3.062200
-1.786300
-4.976100
-4.338100
-3.700200
-1.786300
0.127590
0.765550
7.145100
-0.510370
-6.890000
-10.080000
-10.718000
-1.786300
3.955300
1.403500
-2.424200
-6.252000
-6.890000
-7.527900
-10.080000
-6.252000
-6.890000
-5.614000
-0.510370
3.955300
5.869200
10.973000
12.887000
10.335000
2.679400
0.765550
7.783100
3.955300
-4.338100
-4.976100
-2.424200
3.955300
3.317400
1.403500
2.679400
9.697000
7.145100
0.765550
5.231300
2.679400
-2.424200
-0.510370
-1.148300
-4.976100
-11.356000
-10.718000
-6.890000
-5.614000
-7.527900
-8.165900
-8.165900
-5.614000
0.127590
2.679400
-2.424200
1.403500
5.869200
5.869200
0.127590
-6.252000
-7.527900
-3.700200
2.041500
3.955300
2.679400
15.439000
15.439000
4.593300
3.955300
-1.148300
-6.252000
-6.252000
-4.976100
-1.786300
-3.700200
3.317400
5.231300
6.507200
9.697000
7.783100
-2.424200
-2.424200
8.421100
16.715000
9.059000
2.041500
-0.510370
0.127590
3.317400
3.955300
4.593300
0.765550
2.041500
1.403500
0.765550
-3.062200
-5.614000
-3.062200
-11.356000
-10.080000
-6.890000
-2.424200
6.507200
5.869200
3.955300
0.765550
-0.510370
8.421100
2.679400
-1.786300
3.955300
0.127590
-3.062200
-2.424200
-0.510370
-3.062200
-6.890000
-3.062200
-6.890000
-8.165900
5.869200
6.507200
2.679400
5.869200
13.525000
12.887000
10.973000
14.163000
8.421100
4.593300
3.955300
12.887000
10.335000
3.955300
7.145100
7.145100
6.507200
5.231300
3.317400
-4.338100
-10.080000
-8.165900
0.765550
0.765550
-6.890000
-10.718000
-11.994000
-11.356000
-9.441800
-4.338100
-9.441800
-17.097000
-16.459000
-6.252000
-6.890000
-3.700200
-1.786300
-6.252000
-3.700200
-3.700200
-1.148300
2.679400
1.403500
-1.148300
4.593300
2.041500
-1.786300
-1.148300
-3.700200
-6.890000
-11.356000
-15.183000
-6.890000
-4.338100
-4.338100
0.127590
-1.148300
-2.424200
10.335000
13.525000
11.611000
9.059000
8.421100
0.765550
-4.976100
-10.718000
-13.270000
-10.718000
-8.803800
-1.786300
-6.890000
-14.545000
-19.649000
-19.649000
-8.165900
-1.786300
4.593300
9.059000
9.697000
10.335000
15.439000
18.628000
14.801000
13.525000
12.887000
5.869200
3.317400
-4.338100
3.317400
-3.062200
-10.080000
-2.424200
0.127590
-1.148300
1.403500
1.403500
5.869200
5.869200
3.317400
4.593300
12.887000
8.421100
0.765550
0.765550
-2.424200
-4.338100
-3.062200
-3.700200
-5.614000
-7.527900
-9.441800
-15.183000
-8.165900
-6.252000
-5.614000
-6.252000
-9.441800
-8.165900
-7.527900
-2.424200
-4.338100
-3.700200
3.955300
4.593300
3.317400
2.679400
3.955300
3.955300
3.317400
-0.510370
-6.890000
-10.080000
-13.907000
-10.718000
-7.527900
-10.718000
-3.062200
0.765550
2.679400
4.593300
-1.148300
-1.786300
0.765550
0.765550
-1.148300
-1.786300
-1.148300
2.679400
4.593300
7.783100
6.507200
4.593300
0.765550
-3.062200
-1.148300
1.403500
8.421100
12.887000
13.525000
7.783100
12.887000
7.783100
0.765550
3.955300
0.765550
2.679400
3.317400
-4.338100
-4.976100
-6.252000
-6.252000
-4.338100
2.041500
0.765550
-2.424200
-4.976100
-1.148300
5.231300
7.145100
-3.700200
-14.545000
-17.097000
-15.821000
-12.632000
-10.080000
-5.614000
-3.062200
1.403500
0.765550
-2.424200
8.421100
9.059000
9.059000
9.059000
10.335000
10.973000
15.439000
7.783100
-2.424200
-8.165900
-8.803800
0.765550
9.059000
12.887000
10.973000
7.145100
7.783100
11.611000
14.163000
22.455999
21.180000
20.542000
19.903999
19.266001
12.887000
6.507200
3.317400
2.679400
0.127590
-4.976100
-5.614000
-1.786300
-8.165900
-14.545000
-8.165900
-5.614000
-1.148300
2.679400
2.679400
0.765550
0.127590
-1.148300
3.955300
9.697000
6.507200
-1.786300
-0.510370
-0.510370
-3.700200
-5.614000
-10.718000
-11.994000
-10.718000
-5.614000
0.127590
2.041500
3.955300
4.593300
9.697000
9.059000
14.163000
19.266001
12.887000
9.697000
8.421100
2.041500
-0.510370
-1.786300
-3.700200
-4.976100
-5.614000
-1.786300
-7.527900
-15.821000
-12.632000
-9.441800
-8.165900
-8.165900
-11.356000
-8.165900
2.041500
-1.148300
-3.700200
-1.786300
-1.786300
0.127590
-1.148300
-1.786300
-2.424200
6.507200
10.335000
8.421100
8.421100
3.955300
6.507200
5.231300
3.955300
4.593300
1.403500
-3.700200
-4.338100
-6.252000
-4.976100
-1.786300
2.041500
0.765550
-8.165900
-11.356000
-10.080000
-8.165900
0.127590
4.593300
6.507200
2.041500
-1.148300
9.697000
7.145100
-3.062200
-3.062200
-6.252000
-7.527900
-5.614000
-8.803800
-4.338100
-1.148300
-4.976100
-4.338100
-5.614000
-0.510370
11.611000
9.059000
3.955300
2.679400
3.955300
6.507200
-1.786300
-4.976100
-10.080000
-17.735001
-20.924999
-4.976100
4.593300
7.145100
3.955300
3.317400
5.231300
5.869200
10.335000
12.249000
9.059000
9.059000
16.715000
15.439000
10.973000
6.507200
0.765550
4.593300
0.127590
-2.424200
7.145100
2.041500
-4.338100
-3.062200
-4.976100
-2.424200
-3.700200
-9.441800
-2.424200
10.973000
15.439000
7.783100
6.507200
7.783100
6.507200
6.507200
3.317400
0.127590
-3.062200
-3.700200
-1.148300
-6.252000
-6.890000
-8.165900
0.127590
3.317400
4.593300
13.525000
12.249000
11.611000
14.163000
7.145100
3.955300
0.765550
-1.786300
-4.976100
-2.424200
2.041500
0.127590
2.041500
-0.510370
-4.338100
-3.700200
-4.338100
2.041500
0.765550
-2.424200
-1.148300
0.127590
7.783100
21.818001
22.455999
16.077000
14.163000
8.421100
7.145100
3.317400
-3.062200
-5.614000
-6.890000
-9.441800
-4.976100
0.765550
1.403500
4.593300
6.507200
12.249000
9.059000
3.317400
-0.510370
0.127590
-0.510370
-7.527900
-14.545000
-23.476999
-29.856001
-33.683998
-37.512001
-33.046001
-27.943001
-17.097000
-9.441800
-4.976100
-5.614000
-11.356000
-10.080000
-1.148300
1.403500
1.403500
7.783100
7.783100
-3.062200
-11.994000
-13.907000
-17.097000
-12.632000
-15.183000
-20.924999
-16.459000
-15.183000
-10.718000
-4.976100
-1.786300
-8.165900
-13.907000
-12.632000
-3.062200
12.887000
16.715000
11.611000
9.059000
5.869200
2.041500
2.041500
0.765550
-3.062200
-3.700200
3.955300
7.783100
2.041500
0.765550
2.041500
5.869200
17.351999
21.818001
25.646000
26.284000
16.715000
6.507200
4.593300
1.403500
2.679400
2.679400
1.403500
5.231300
2.679400
-1.148300
8.421100
7.783100
-2.424200
-3.062200
-1.786300
-1.148300
1.403500
1.403500
-3.700200
-8.165900
-4.338100
0.127590
-10.080000
-16.459000
-16.459000
-15.183000
-12.632000
-11.994000
-10.718000
-4.976100
-6.252000
-13.270000
-11.994000
-4.338100
-4.338100
-3.700200
-1.786300
-1.786300
-5.614000
-2.424200
2.041500
2.041500
-5.614000
-2.424200
1.403500
9.697000
14.801000
14.801000
19.266001
24.370001
16.715000
17.990000
14.801000
16.715000
17.990000
19.903999
23.732000
17.990000
9.697000
8.421100
8.421100
2.041500
2.679400
4.593300
3.955300
5.869200
4.593300
1.403500
6.507200
8.421100
-0.510370
-3.062200
-1.786300
3.317400
-1.148300
0.127590
2.679400
-3.700200
-10.080000
-6.252000
-7.527900
-8.165900
-8.803800
-11.994000
-9.441800
-6.890000
-1.786300
3.317400
1.403500
3.955300
-1.148300
-0.510370
5.231300
-0.510370
-1.148300
-2.424200
1.403500
3.955300
-3.062200
-6.252000
-8.165900
-12.632000
-14.545000
-19.649000
-19.649000
-8.803800
-3.700200
1.403500
2.679400
5.231300
3.955300
3.955300
10.973000
5.869200
6.507200
4.593300
0.127590
5.231300
10.335000
12.887000
3.317400
2.679400
5.231300
3.955300
8.421100
11.611000
4.593300
1.403500
-3.062200
-4.976100
-2.424200
1.403500
4.593300
-3.062200
-3.700200
0.127590
0.765550
5.869200
1.403500
-2.424200
-1.786300
2.679400
3.955300
2.041500
8.421100
5.231300
-0.510370
-5.614000
-6.890000
-9.441800
-15.183000
-13.907000
-4.338100
-2.424200
-1.148300
-4.976100
-4.976100
-3.700200
1.403500
2.679400
4.593300
11.611000
11.611000
9.697000
12.249000
8.421100
5.231300
4.593300
2.679400
2.041500
0.765550
1.403500
8.421100
10.973000
7.783100
2.041500
4.593300
0.765550
0.765550
5.231300
4.593300
-1.148300
0.127590
3.317400
3.317400
0.127590
-1.148300
2.041500
3.317400
2.679400
0.127590
-6.252000
-10.718000
-1.148300
1.403500
1.403500
-4.976100
-14.545000
-15.821000
-11.994000
-10.080000
-6.890000
-4.338100
-1.148300
10.335000
9.697000
12.887000
10.335000
3.955300
0.127590
-3.062200
-0.510370
-3.062200
-8.165900
-5.614000
-7.527900
-0.510370
-1.786300
-2.424200
-0.510370
-3.062200
-6.890000
-1.148300
0.127590
0.765550
-8.165900
-16.459000
-10.080000
-3.700200
-6.252000
-5.614000
-4.338100
0.127590
-1.148300
1.403500
12.887000
10.335000
3.317400
7.145100
10.973000
6.507200
0.127590
1.403500
4.593300
3.955300
-1.148300
-1.148300
2.679400
1.403500
-0.510370
5.869200
10.973000
6.507200
-3.700200
-6.890000
-6.890000
-11.994000
-17.735001
-16.459000
-10.718000
-4.976100
2.041500
-4.338100
-11.994000
-8.803800
-3.700200
-1.786300
0.127590
5.231300
5.869200
0.127590
-5.614000
-1.148300
-1.786300
-4.976100
-2.424200
11.611000
9.697000
1.403500
3.317400
5.231300
7.145100
9.697000
9.059000
3.955300
-3.700200
0.765550
-1.786300
-8.803800
-8.165900
-1.148300
2.041500
4.593300
4.593300
5.231300
9.059000
16.077000
8.421100
2.041500
2.041500
1.403500
-1.148300
3.955300
3.317400
-1.148300
7.783100
4.593300
2.679400
4.593300
3.955300
0.127590
-3.062200
-7.527900
-9.441800
-6.890000
-5.614000
-3.062200
-12.632000
-17.097000
-11.356000
-9.441800
-4.338100
1.403500
7.145100
8.421100
9.697000
9.059000
12.249000
11.611000
5.869200
6.507200
7.145100
7.145100
4.593300
2.679400
2.041500
2.041500
