1.691100
-10.016000
-24.976000
-29.528000
-28.228001
-8.065000
-2.861800
-7.414600
-0.910570
4.292700
9.495900
12.748000
5.593500
2.341500
0.390240
-1.561000
-6.113800
-5.463400
-4.162600
-10.667000
-8.715400
-2.211400
-4.813000
-4.813000
-4.813000
1.040700
8.845500
10.797000
11.447000
12.098000
8.845500
8.195100
10.146000
14.699000
15.350000
16.000000
17.301001
12.098000
6.243900
1.040700
-1.561000
-15.220000
-15.220000
-17.171000
-15.870000
-5.463400
-2.861800
-3.512200
-6.113800
-6.113800
-0.910570
3.642300
4.943100
14.049000
11.447000
9.495900
17.301001
10.146000
1.691100
7.544700
2.341500
-0.910570
4.292700
2.991900
4.292700
4.943100
2.341500
2.341500
6.243900
-8.065000
-15.220000
-6.113800
2.991900
7.544700
1.691100
-4.162600
2.341500
4.943100
1.691100
6.894300
7.544700
8.195100
8.845500
12.748000
11.447000
6.243900
5.593500
0.390240
1.691100
3.642300
4.943100
1.040700
-3.512200
6.243900
-2.861800
-8.715400
-10.016000
-10.667000
-4.813000
-3.512200
-7.414600
-10.667000
-10.667000
-6.764200
-6.113800
-4.813000
2.341500
1.691100
-0.260160
1.691100
6.243900
5.593500
10.146000
9.495900
5.593500
1.691100
1.040700
3.642300
-4.162600
-10.667000
-7.414600
-10.016000
-6.764200
-5.463400
-6.113800
0.390240
6.894300
2.341500
-6.113800
-2.211400
-8.065000
-11.317000
-11.967000
-13.919000
-11.317000
-10.016000
-2.861800
-4.813000
-9.365900
-3.512200
3.642300
3.642300
-4.162600
-1.561000
2.341500
2.991900
16.000000
12.098000
1.691100
-2.211400
-4.162600
-9.365900
-7.414600
6.243900
6.894300
4.943100
12.748000
10.146000
0.390240
-0.910570
-0.910570
0.390240
1.040700
-0.260160
-4.162600
-8.065000
4.943100
7.544700
2.991900
2.991900
2.341500
2.991900
3.642300
4.292700
10.146000
8.195100
4.292700
-1.561000
-6.113800
-4.162600
1.691100
11.447000
4.943100
-2.211400
-2.211400
2.991900
4.943100
4.292700
6.894300
0.390240
2.991900
3.642300
8.195100
18.601999
14.699000
8.845500
8.195100
6.894300
16.650000
15.350000
3.642300
1.040700
-2.211400
-5.463400
-6.113800
-3.512200
-7.414600
-14.569000
-11.317000
-10.667000
-8.715400
-2.861800
-11.967000
-16.520000
-11.317000
3.642300
9.495900
4.943100
8.845500
9.495900
8.195100
7.544700
6.243900
-1.561000
-5.463400
-0.260160
-0.260160
6.243900
6.894300
-5.463400
-6.764200
-0.910570
2.991900
8.845500
2.341500
-7.414600
-10.016000
-2.211400
-0.910570
-8.065000
-10.667000
-15.870000
-25.625999
-29.528000
-23.674999
-21.724001
-15.870000
-8.715400
-6.764200
-1.561000
-0.260160
-0.910570
2.991900
8.845500
3.642300
5.593500
1.040700
-7.414600
-3.512200
-5.463400
-8.065000
-10.016000
-11.317000
-2.861800
6.243900
9.495900
6.243900
-6.113800
-10.667000
-2.861800
-3.512200
-1.561000
2.341500
2.341500
-3.512200
-6.113800
-4.162600
1.040700
-2.211400
-7.414600
2.991900
-0.260160
-4.162600
-4.162600
-4.813000
2.991900
6.894300
10.146000
19.252001
17.951000
11.447000
10.146000
8.195100
5.593500
4.943100
7.544700
4.943100
-1.561000
-8.715400
1.040700
4.292700
1.691100
6.243900
3.642300
1.040700
2.991900
4.943100
9.495900
4.292700
2.991900
1.040700
6.243900
6.894300
8.195100
8.195100
6.243900
8.845500
10.146000
-0.260160
-11.317000
-19.122000
-14.569000
-10.667000
-6.764200
-8.715400
-8.065000
-10.016000
-10.016000
-6.113800
-8.065000
1.691100
4.292700
-1.561000
2.991900
6.894300
2.991900
1.040700
1.040700
-1.561000
-5.463400
-7.414600
-9.365900
-10.667000
-12.618000
-11.967000
-10.016000
-7.414600
4.943100
7.544700
10.146000
10.797000
6.243900
6.894300
6.894300
6.894300
2.341500
-2.211400
1.040700
7.544700
15.350000
19.902000
2.991900
-8.715400
-6.764200
-3.512200
1.040700
-1.561000
1.040700
1.691100
-3.512200
-4.162600
12.748000
6.894300
-6.113800
-0.910570
-0.260160
1.040700
0.390240
-5.463400
-1.561000
-0.260160
-0.260160
2.341500
8.195100
3.642300
0.390240
-0.260160
4.943100
15.350000
21.854000
6.894300
-8.065000
-8.715400
-5.463400
-1.561000
1.040700
-1.561000
-8.065000
-8.065000
-6.764200
-10.016000
-0.910570
-2.211400
-5.463400
-5.463400
-2.861800
-0.260160
6.894300
1.040700
-7.414600
-6.764200
-4.162600
1.691100
10.797000
22.504000
16.000000
2.341500
4.943100
8.845500
9.495900
14.049000
11.447000
11.447000
12.098000
11.447000
4.292700
-4.813000
-12.618000
-10.016000
-7.414600
-9.365900
-8.065000
0.390240
-2.211400
-4.813000
4.943100
9.495900
6.243900
-1.561000
2.991900
6.894300
6.243900
0.390240
2.341500
8.845500
8.195100
-0.260160
1.691100
1.691100
-6.113800
-6.764200
-6.764200
-2.861800
2.991900
7.544700
12.098000
17.951000
15.350000
8.845500
15.350000
11.447000
10.146000
13.398000
6.894300
-3.512200
-4.162600
-4.813000
-2.211400
-6.113800
-7.414600
-6.113800
-5.463400
2.991900
-3.512200
-11.317000
-9.365900
-13.268000
-18.472000
-11.317000
-11.317000
-13.268000
1.040700
-0.910570
-9.365900
-8.065000
-6.113800
-9.365900
-13.919000
-7.414600
-4.162600
-0.260160
-0.260160
-6.113800
-11.967000
-9.365900
1.691100
-5.463400
-11.317000
-5.463400
-6.764200
-7.414600
-3.512200
-3.512200
4.943100
2.341500
2.991900
6.894300
-5.463400
-9.365900
-2.861800
-7.414600
-6.113800
-0.910570
8.195100
6.243900
4.943100
13.398000
-0.260160
-9.365900
-0.260160
10.797000
8.195100
3.642300
-0.910570
-4.162600
-4.162600
-5.463400
0.390240
5.593500
1.691100
4.292700
-0.260160
-0.910570
4.943100
6.894300
8.195100
-5.463400
-10.667000
-10.667000
-15.870000
-15.870000
-5.463400
-5.463400
3.642300
6.894300
5.593500
8.195100
3.642300
4.292700
4.292700
2.341500
6.243900
20.552999
16.650000
10.146000
6.894300
2.991900
1.040700
-3.512200
-4.813000
7.544700
3.642300
-4.813000
-7.414600
-12.618000
-10.667000
-8.065000
-14.569000
-12.618000
2.991900
8.845500
11.447000
16.000000
13.398000
6.243900
3.642300
-0.910570
1.691100
3.642300
3.642300
6.894300
0.390240
-5.463400
-6.113800
2.341500
3.642300
-0.260160
12.098000
6.894300
-0.910570
7.544700
2.341500
-4.162600
-2.211400
2.991900
6.894300
10.146000
10.797000
6.243900
10.146000
10.146000
6.243900
2.991900
-2.211400
1.691100
2.341500
1.040700
4.943100
8.195100
15.350000
29.659000
35.512001
34.210999
35.512001
32.259998
28.358000
21.854000
16.000000
10.797000
7.544700
3.642300
8.195100
11.447000
6.894300
-1.561000
-6.764200
-1.561000
1.691100
-2.211400
-10.667000
-11.967000
-8.715400
-10.016000
-12.618000
-20.423000
-26.927000
-27.577000
-26.927000
-24.976000
-23.024000
-18.472000
-13.919000
-3.512200
0.390240
-5.463400
-10.016000
-8.715400
-6.113800
-5.463400
-3.512200
-6.764200
-13.919000
-20.423000
-19.122000
-23.024000
-23.674999
-19.771999
-19.122000
-15.220000
-19.771999
-19.122000
-13.268000
-3.512200
-5.463400
-13.268000
-15.870000
-4.162600
14.049000
18.601999
10.146000
1.691100
-2.861800
-4.162600
-0.260160
7.544700
2.341500
-3.512200
0.390240
-1.561000
-10.016000
-10.667000
-4.162600
-3.512200
-1.561000
-2.211400
-2.861800
2.991900
0.390240
-0.260160
0.390240
-5.463400
-4.813000
0.390240
8.195100
21.202999
20.552999
14.049000
16.000000
10.146000
6.243900
13.398000
14.699000
12.098000
11.447000
14.049000
10.146000
1.691100
2.991900
4.943100
-2.861800
-4.162600
-1.561000
-3.512200
-10.667000
-10.667000
-6.113800
0.390240
-5.463400
-11.967000
-3.512200
6.894300
1.040700
-2.211400
1.691100
2.341500
1.040700
7.544700
3.642300
-6.764200
-8.715400
-4.162600
2.991900
15.350000
10.797000
4.292700
11.447000
14.049000
6.243900
6.243900
6.894300
10.797000
9.495900
12.748000
17.301001
10.146000
-1.561000
-9.365900
-5.463400
-4.162600
-0.260160
3.642300
-3.512200
-4.813000
-4.162600
-6.113800
-1.561000
4.292700
-2.211400
-10.016000
-3.512200
6.894300
2.341500
2.341500
-4.813000
-15.220000
-13.919000
-1.561000
-5.463400
-8.065000
-6.113800
-4.813000
-1.561000
-0.910570
2.991900
-0.910570
-5.463400
0.390240
-0.910570
1.691100
-1.561000
-15.870000
-13.919000
-8.715400
-0.260160
3.642300
-5.463400
-6.113800
-3.512200
-8.065000
-8.065000
-4.162600
-6.113800
0.390240
5.593500
7.544700
6.243900
12.098000
12.098000
4.943100
8.195100
0.390240
6.243900
10.797000
-4.162600
-5.463400
6.243900
12.098000
8.845500
2.991900
-1.561000
-1.561000
1.040700
-2.211400
-6.764200
-8.065000
-2.211400
-1.561000
-5.463400
-8.715400
-7.414600
-8.715400
-3.512200
1.040700
4.292700
9.495900
6.243900
8.195100
9.495900
6.243900
-1.561000
1.691100
16.000000
12.098000
2.991900
-4.813000
-4.813000
-0.910570
-1.561000
0.390240
5.593500
2.991900
2.341500
-0.910570
2.341500
2.991900
4.943100
-2.211400
-9.365900
0.390240
7.544700
2.991900
-0.260160
-4.813000
-2.211400
1.040700
3.642300
3.642300
0.390240
8.195100
12.748000
6.243900
4.943100
5.593500
12.098000
4.943100
2.341500
2.991900
-4.813000
-2.861800
1.691100
-8.065000
-11.317000
-6.764200
-2.211400
-1.561000
-8.065000
-4.813000
2.991900
0.390240
-8.065000
0.390240
8.845500
10.146000
1.040700
-8.715400
-0.910570
7.544700
-0.260160
-2.861800
-1.561000
-0.260160
13.398000
11.447000
9.495900
8.195100
0.390240
-0.910570
1.040700
-3.512200
-10.667000
-11.317000
-2.861800
-1.561000
-4.162600
-10.667000
-6.764200
1.691100
0.390240
-8.065000
-5.463400
-2.211400
3.642300
-5.463400
-12.618000
-6.113800
1.691100
-0.910570
2.341500
1.691100
3.642300
5.593500
8.195100
12.748000
7.544700
4.943100
6.894300
12.748000
9.495900
-2.861800
-4.162600
-4.162600
-5.463400
-7.414600
-8.715400
-6.113800
-8.715400
-10.667000
-5.463400
1.691100
6.894300
-0.260160
-3.512200
1.040700
-4.162600
-9.365900
-7.414600
-2.211400
6.894300
14.049000
3.642300
-4.813000
1.691100
10.146000
14.049000
13.398000
6.894300
-0.260160
-5.463400
-9.365900
-3.512200
-7.414600
-12.618000
-11.967000
0.390240
1.040700
-0.910570
6.243900
7.544700
7.544700
12.748000
10.146000
-2.861800
-11.967000
-2.211400
-2.211400
-11.967000
-13.919000
-2.211400
1.691100
-0.260160
0.390240
-0.910570
4.943100
15.350000
8.195100
6.894300
4.943100
5.593500
6.894300
8.195100
1.040700
-4.813000
4.292700
6.243900
6.243900
4.292700
0.390240
-0.260160
6.243900
7.544700
2.991900
1.040700
5.593500
7.544700
-0.910570
-2.211400
-2.861800
-8.065000
-2.861800
0.390240
2.341500
-2.861800
-8.065000
-10.667000
-1.561000
3.642300
-0.260160
-1.561000
-0.260160
1.040700
6.243900
7.544700
4.943100
2.341500
