-5.853700
-7.154500
-14.309000
-24.065001
-27.966999
-15.610000
-4.552800
-7.154500
-9.756100
-7.804900
-3.902400
-3.902400
-1.300800
1.300800
-5.203300
-5.853700
-9.105700
-13.008000
-7.154500
-9.756100
-8.455300
-5.203300
-11.707000
-9.105700
-2.601600
-1.951200
0.650410
1.300800
7.154500
12.358000
10.407000
5.203300
6.504100
9.756100
15.610000
18.211000
14.959000
7.154500
5.853700
1.300800
0.650410
-13.659000
-20.163000
-18.211000
-12.358000
-5.853700
-1.951200
-7.154500
-11.707000
-3.902400
4.552800
10.407000
13.008000
24.065001
22.764000
18.862000
22.764000
14.309000
3.252000
4.552800
0.000000
-1.951200
3.252000
3.902400
5.203300
5.203300
5.853700
9.756100
9.756100
-4.552800
-8.455300
0.650410
9.105700
15.610000
16.260000
4.552800
3.252000
3.902400
3.902400
9.105700
6.504100
4.552800
2.601600
1.951200
-1.951200
-3.252000
-0.650410
0.000000
1.300800
-1.300800
1.300800
5.203300
3.902400
7.804900
-1.951200
-5.853700
-7.154500
-8.455300
-3.252000
-1.951200
-5.853700
-11.057000
-9.756100
-7.154500
-8.455300
-9.756100
0.650410
2.601600
0.650410
2.601600
7.154500
4.552800
5.203300
7.804900
4.552800
-1.300800
-3.252000
2.601600
-3.252000
-14.309000
-14.959000
-13.008000
-4.552800
-3.902400
-3.902400
-2.601600
3.252000
1.951200
-0.650410
4.552800
-0.650410
-5.203300
-6.504100
-9.105700
-7.154500
-11.057000
-9.105700
-7.154500
-6.504100
-7.804900
-3.902400
-1.951200
-1.951200
3.902400
7.804900
0.650410
1.951200
11.057000
12.358000
3.902400
-8.455300
-11.707000
-7.154500
4.552800
5.853700
-0.650410
10.407000
13.008000
0.000000
-1.951200
0.650410
-0.650410
-3.902400
-1.300800
-3.252000
-11.057000
-0.650410
5.203300
7.804900
11.707000
9.105700
0.650410
0.000000
6.504100
12.358000
6.504100
0.650410
-5.853700
-4.552800
3.252000
3.902400
8.455300
1.300800
0.650410
3.252000
5.203300
2.601600
1.951200
5.853700
-3.252000
-1.951200
-0.650410
5.203300
13.659000
9.756100
7.154500
8.455300
7.154500
10.407000
4.552800
3.252000
8.455300
4.552800
0.000000
-2.601600
-2.601600
-2.601600
-6.504100
-7.804900
-13.659000
-18.211000
-5.853700
-7.154500
-11.057000
-5.203300
5.853700
11.057000
12.358000
12.358000
10.407000
8.455300
9.756100
18.862000
14.959000
8.455300
10.407000
7.804900
8.455300
9.105700
3.902400
-2.601600
-5.203300
-1.300800
6.504100
0.000000
-5.853700
-6.504100
-10.407000
-11.057000
-9.105700
-8.455300
-15.610000
-20.813000
-19.511999
-9.105700
-9.105700
-6.504100
-5.853700
-11.057000
-5.203300
0.000000
1.300800
2.601600
2.601600
-2.601600
0.650410
-3.252000
-6.504100
-5.853700
-10.407000
-14.959000
-18.211000
-16.910999
-7.154500
-4.552800
-3.902400
-3.902400
-6.504100
-7.154500
3.902400
4.552800
3.902400
2.601600
3.902400
-4.552800
-9.105700
-11.707000
-12.358000
-8.455300
-5.203300
0.000000
-3.252000
-9.756100
-16.260000
-16.910999
-5.203300
2.601600
9.105700
14.309000
15.610000
13.659000
16.260000
15.610000
10.407000
11.707000
11.707000
5.203300
1.951200
-1.951200
7.804900
0.650410
-8.455300
1.300800
3.902400
1.300800
0.000000
-3.252000
1.951200
2.601600
0.000000
0.650410
9.756100
7.154500
2.601600
1.951200
-0.650410
-1.300800
-1.300800
-1.300800
-5.853700
-11.057000
-11.057000
-14.309000
-9.105700
-7.804900
-11.707000
-15.610000
-15.610000
-12.358000
-12.358000
-4.552800
-3.252000
-2.601600
2.601600
3.252000
5.203300
4.552800
5.203300
1.951200
-0.650410
-4.552800
-5.853700
-2.601600
-11.057000
-11.707000
-2.601600
-3.902400
1.951200
2.601600
5.203300
7.804900
7.804900
12.358000
13.659000
7.154500
1.300800
2.601600
3.252000
5.203300
9.756100
13.008000
4.552800
-1.951200
-3.902400
-12.358000
-11.057000
-7.154500
0.650410
10.407000
10.407000
3.252000
10.407000
7.804900
-0.650410
1.951200
0.650410
4.552800
6.504100
0.650410
1.300800
-0.650410
-1.300800
1.300800
9.756100
4.552800
-0.650410
-1.951200
5.203300
14.959000
18.862000
3.252000
-9.105700
-8.455300
-9.756100
-6.504100
-4.552800
-7.154500
-10.407000
-7.804900
-5.203300
-3.252000
9.756100
6.504100
5.203300
11.707000
16.260000
13.659000
18.211000
7.804900
-1.951200
-4.552800
-5.203300
4.552800
3.902400
5.203300
9.105700
4.552800
1.300800
2.601600
5.203300
13.008000
11.707000
14.309000
16.910999
14.309000
7.804900
3.252000
-1.951200
-3.902400
-5.203300
-7.154500
-10.407000
-6.504100
-12.358000
-13.659000
-2.601600
0.000000
2.601600
3.902400
5.203300
7.154500
7.804900
4.552800
4.552800
7.804900
7.804900
1.951200
0.000000
1.951200
-0.650410
-5.203300
-12.358000
-10.407000
-2.601600
5.853700
12.358000
16.910999
24.065001
27.316999
26.667000
15.610000
14.309000
19.511999
13.659000
9.105700
8.455300
3.252000
4.552800
3.902400
2.601600
-1.300800
-7.154500
-6.504100
-11.057000
-20.163000
-16.260000
-11.707000
-10.407000
-10.407000
-16.910999
-18.211000
-5.853700
-7.154500
-11.707000
-6.504100
-9.105700
-11.057000
-11.707000
-12.358000
-11.057000
2.601600
2.601600
-5.203300
-5.853700
-5.203300
1.300800
-1.951200
-5.853700
-7.154500
-5.853700
-6.504100
-6.504100
-7.804900
-5.203300
-3.252000
0.000000
-4.552800
-16.260000
-14.959000
-9.105700
-10.407000
-6.504100
-3.252000
3.252000
2.601600
-1.300800
6.504100
0.650410
-7.154500
-2.601600
1.300800
-1.951200
-6.504100
-9.756100
-4.552800
-3.902400
-9.105700
-5.853700
-1.951200
2.601600
14.309000
11.057000
11.707000
15.610000
12.358000
9.756100
1.300800
-1.300800
-6.504100
-16.260000
-24.065001
-11.057000
0.000000
6.504100
5.203300
3.252000
5.203300
2.601600
7.804900
9.756100
5.203300
8.455300
19.511999
14.959000
11.057000
9.105700
1.300800
1.951200
-0.650410
-3.902400
1.951200
-1.951200
-8.455300
-7.804900
-9.105700
-3.252000
0.000000
-5.203300
-1.300800
13.659000
19.511999
11.707000
11.057000
9.756100
8.455300
9.756100
3.902400
3.902400
-1.300800
-5.203300
-5.853700
-12.358000
-9.756100
-9.105700
-3.252000
-0.650410
0.000000
14.959000
16.910999
13.008000
15.610000
9.105700
4.552800
3.252000
5.853700
4.552800
4.552800
5.203300
3.902400
4.552800
1.951200
-0.650410
0.000000
-3.252000
0.650410
0.000000
-0.650410
4.552800
10.407000
20.813000
39.674999
41.625999
35.771999
40.976002
38.374001
32.520000
22.764000
18.211000
15.610000
5.853700
0.000000
5.203300
6.504100
3.902400
2.601600
-0.650410
1.951200
0.000000
-5.203300
-12.358000
-9.756100
-5.853700
-11.057000
-13.659000
-24.065001
-32.520000
-34.472000
-37.723999
-36.423000
-33.820999
-25.365999
-17.561001
-11.707000
-13.659000
-18.862000
-18.211000
-9.756100
-3.252000
-1.300800
2.601600
-5.203300
-14.309000
-16.910999
-20.163000
-25.365999
-21.462999
-24.065001
-25.365999
-17.561001
-17.561001
-14.309000
-7.804900
-5.203300
-14.309000
-18.211000
-16.260000
-8.455300
7.804900
16.260000
13.659000
8.455300
3.902400
1.951200
3.252000
3.252000
-2.601600
-9.105700
0.000000
9.756100
3.252000
-2.601600
-3.252000
1.951200
13.008000
12.358000
13.008000
14.959000
5.203300
-2.601600
-1.300800
-3.902400
-1.300800
0.000000
1.300800
8.455300
5.853700
4.552800
11.057000
11.707000
7.154500
3.252000
0.650410
-3.252000
-5.203300
-5.203300
-9.756100
-15.610000
-14.309000
-11.707000
-14.959000
-17.561001
-19.511999
-16.260000
-14.959000
-14.309000
-9.756100
-1.300800
-3.902400
-17.561001
-19.511999
-9.105700
-8.455300
-6.504100
-3.252000
0.650410
-1.300800
-3.252000
0.000000
3.902400
3.252000
9.756100
18.211000
29.919001
33.820999
33.171001
39.023998
38.374001
27.966999
29.268000
27.316999
26.016001
24.065001
23.415001
29.919001
25.365999
13.008000
9.756100
9.105700
6.504100
6.504100
1.951200
0.000000
3.902400
6.504100
3.252000
1.951200
2.601600
-0.650410
-1.300800
1.951200
8.455300
0.000000
0.000000
1.951200
-5.853700
-9.105700
-4.552800
-5.853700
-8.455300
-8.455300
-7.154500
-3.252000
-1.951200
-1.951200
-1.300800
-1.300800
6.504100
3.252000
-1.951200
0.650410
-6.504100
-5.203300
-7.154500
-3.902400
-4.552800
-12.358000
-15.610000
-19.511999
-20.813000
-18.211000
-22.114000
-22.114000
-11.057000
-1.951200
2.601600
2.601600
10.407000
15.610000
8.455300
11.057000
5.853700
8.455300
9.756100
4.552800
3.252000
3.252000
5.853700
3.902400
7.154500
5.203300
3.252000
1.300800
0.000000
-0.650410
0.650410
-3.252000
-6.504100
-7.804900
-10.407000
-5.853700
-10.407000
-7.154500
-3.252000
-8.455300
1.300800
3.902400
2.601600
1.300800
3.902400
3.902400
4.552800
19.511999
13.659000
0.000000
-3.252000
-3.252000
-2.601600
-4.552800
-4.552800
3.252000
3.902400
0.650410
-6.504100
-10.407000
-9.756100
-2.601600
-3.252000
-5.853700
3.252000
2.601600
0.650410
5.203300
3.252000
2.601600
5.203300
4.552800
5.203300
5.203300
7.154500
14.309000
18.862000
11.707000
5.853700
12.358000
5.853700
1.300800
1.300800
-4.552800
-2.601600
0.650410
-0.650410
-6.504100
-6.504100
0.650410
3.902400
1.951200
0.000000
-8.455300
-13.659000
-9.105700
3.252000
3.252000
2.601600
-4.552800
-13.659000
-5.853700
6.504100
4.552800
-0.650410
-3.902400
-2.601600
9.756100
8.455300
11.707000
13.008000
6.504100
1.300800
-4.552800
-2.601600
-5.853700
-9.105700
-6.504100
-7.154500
0.000000
-3.252000
-4.552800
-0.650410
-3.252000
-6.504100
-1.951200
-5.853700
-6.504100
-11.707000
-19.511999
-11.707000
-2.601600
-3.252000
-2.601600
-1.300800
-1.951200
-0.650410
5.853700
14.959000
8.455300
3.252000
9.756100
14.309000
9.756100
-1.300800
-3.252000
-1.951200
-3.252000
-7.154500
-4.552800
0.650410
-3.252000
-7.154500
1.300800
7.804900
8.455300
-3.252000
-7.804900
-7.154500
-8.455300
-13.659000
-14.959000
-11.057000
-3.902400
7.154500
-1.951200
-9.756100
-7.804900
-2.601600
3.252000
1.951200
4.552800
1.300800
-5.203300
-7.804900
-2.601600
-4.552800
-5.853700
-5.853700
9.756100
11.057000
3.252000
5.853700
7.154500
9.105700
12.358000
13.008000
5.853700
-4.552800
0.650410
-3.252000
-13.659000
-13.008000
-3.902400
0.650410
3.902400
3.902400
6.504100
11.707000
18.211000
11.707000
7.154500
8.455300
9.105700
9.756100
14.309000
3.902400
-1.300800
10.407000
8.455300
7.154500
7.154500
2.601600
-5.203300
-3.252000
-3.252000
-6.504100
-5.853700
-3.902400
-1.951200
-13.659000
-16.260000
-13.659000
-10.407000
-1.951200
3.902400
8.455300
7.154500
6.504100
3.902400
9.105700
10.407000
6.504100
6.504100
6.504100
9.105700
7.154500
3.252000
6.504100
3.902400
