-5.940600
-3.960400
-7.260700
-19.142000
-26.403000
-16.502001
-7.920800
-8.580900
-1.980200
-0.660070
3.300300
3.960400
-1.320100
-0.660070
1.320100
-2.640300
-3.300300
-3.960400
-7.260700
-10.561000
-6.600700
-3.960400
-9.901000
-6.600700
-7.260700
-3.960400
-3.960400
-6.600700
0.000000
9.901000
1.320100
-5.940600
-5.280500
2.640300
7.260700
10.561000
8.580900
7.260700
7.260700
-1.980200
-8.580900
-13.201000
-9.240900
-9.240900
-7.260700
-5.940600
-6.600700
-5.940600
-8.580900
0.000000
7.260700
9.901000
0.660070
7.920800
19.142000
26.403000
25.743000
5.940600
-2.640300
1.980200
-1.980200
7.920800
9.901000
6.600700
8.580900
1.980200
-1.980200
-7.260700
4.620500
13.861000
8.580900
8.580900
4.620500
7.920800
5.280500
5.280500
12.541000
3.960400
-5.280500
-5.940600
-5.280500
-6.600700
-7.260700
0.000000
3.300300
-0.660070
1.980200
-6.600700
-3.300300
4.620500
1.980200
0.660070
-0.660070
12.541000
6.600700
-1.320100
-4.620500
-7.260700
-4.620500
-1.320100
-3.300300
-9.240900
-13.201000
-9.901000
-3.300300
-1.320100
0.660070
-3.960400
-5.280500
-1.320100
7.920800
17.822001
15.842000
1.980200
-1.320100
3.300300
-5.280500
-1.320100
-3.300300
-12.541000
-13.861000
-8.580900
-2.640300
-13.861000
-11.221000
2.640300
9.240900
3.960400
-4.620500
3.960400
0.660070
-11.881000
-9.901000
2.640300
1.980200
-6.600700
-3.960400
-1.320100
1.980200
-1.320100
-0.660070
-5.280500
0.000000
3.960400
1.320100
1.320100
3.960400
5.940600
9.901000
9.901000
-3.300300
-14.521000
-7.260700
-0.660070
1.980200
-1.980200
11.881000
9.240900
-0.660070
7.920800
0.660070
-6.600700
-9.240900
-6.600700
-3.300300
1.980200
5.940600
0.000000
2.640300
11.881000
7.920800
0.000000
-3.300300
-1.980200
12.541000
15.842000
5.940600
-5.280500
-10.561000
-0.660070
1.320100
5.280500
2.640300
1.320100
5.280500
5.940600
-2.640300
-1.980200
3.300300
-3.300300
3.300300
7.260700
3.300300
5.940600
6.600700
3.300300
5.280500
12.541000
23.761999
13.861000
1.980200
11.221000
10.561000
9.901000
11.221000
6.600700
-9.240900
-8.580900
-0.660070
-2.640300
-0.660070
-0.660070
-6.600700
-10.561000
-14.521000
-9.240900
-10.561000
-3.960400
5.280500
-7.260700
-1.980200
1.320100
-1.320100
-1.980200
0.660070
11.221000
8.580900
0.000000
5.940600
4.620500
-7.260700
1.980200
7.260700
11.881000
13.201000
11.221000
7.920800
-1.980200
-2.640300
2.640300
0.660070
-14.521000
-26.403000
-21.122000
-11.881000
-9.240900
-1.320100
0.660070
-2.640300
-5.280500
-6.600700
-3.960400
-2.640300
-3.300300
-1.980200
1.980200
-7.920800
-21.782000
-9.240900
-4.620500
-11.221000
-15.182000
-15.842000
-9.240900
-5.280500
-5.940600
-1.980200
-4.620500
-4.620500
9.901000
5.280500
-7.260700
-3.300300
7.260700
0.000000
-6.600700
-10.561000
-7.260700
-10.561000
-15.842000
1.980200
1.980200
-8.580900
-15.182000
-19.802000
-8.580900
0.000000
9.901000
17.162001
15.182000
0.660070
0.660070
8.580900
10.561000
14.521000
9.901000
-0.660070
-14.521000
-13.861000
11.221000
8.580900
0.660070
3.300300
-5.280500
-5.940600
11.221000
15.842000
7.260700
5.280500
7.260700
-1.980200
0.000000
5.940600
3.960400
3.300300
2.640300
2.640300
3.960400
-9.901000
-12.541000
-7.260700
-15.182000
-18.482000
-9.240900
-18.482000
-15.182000
-13.861000
-15.182000
-10.561000
-19.142000
-13.861000
-0.660070
-1.980200
2.640300
3.300300
2.640300
4.620500
0.660070
-1.320100
3.300300
-0.660070
-8.580900
1.320100
0.000000
-6.600700
0.000000
-3.300300
4.620500
19.142000
17.162001
8.580900
11.881000
6.600700
3.960400
9.240900
5.280500
3.960400
9.240900
13.201000
2.640300
5.940600
-0.660070
-0.660070
1.320100
-5.940600
-3.960400
-1.980200
-2.640300
1.320100
9.240900
7.260700
15.182000
11.881000
3.960400
6.600700
-0.660070
-0.660070
5.280500
7.260700
10.561000
6.600700
0.000000
-5.940600
1.320100
-0.660070
2.640300
14.521000
13.861000
10.561000
11.221000
5.940600
-8.580900
-12.541000
-8.580900
1.320100
0.660070
-1.320100
-5.940600
-7.260700
-6.600700
-11.221000
5.940600
12.541000
11.881000
17.162001
9.240900
10.561000
19.802000
8.580900
-0.660070
-11.881000
-20.462000
-4.620500
10.561000
13.201000
5.280500
-5.280500
-1.980200
2.640300
3.960400
19.802000
11.221000
5.940600
5.280500
8.580900
8.580900
0.000000
1.980200
3.300300
-5.280500
-4.620500
-4.620500
-2.640300
-8.580900
-13.201000
1.980200
9.240900
8.580900
2.640300
1.320100
-1.320100
3.300300
2.640300
2.640300
5.940600
9.240900
4.620500
2.640300
-7.260700
-5.940600
13.861000
24.422001
27.063000
36.964001
50.165001
60.726002
67.327003
65.347000
69.967003
73.927002
58.745998
50.165001
39.604000
23.101999
13.201000
3.300300
-13.201000
-9.240900
-5.940600
-12.541000
-17.822001
-34.323002
-25.743000
-26.403000
-32.342999
-31.683001
-34.323002
-37.624001
-36.304001
-37.624001
-34.983002
-23.101999
-27.063000
-30.363001
-27.723000
-31.023001
-33.662998
-36.964001
-41.584000
-34.323002
-15.842000
-11.221000
-13.201000
-15.842000
-23.761999
-25.083000
-25.743000
-21.122000
-10.561000
-11.881000
-21.782000
-21.122000
-23.101999
-16.502001
-3.300300
-1.320100
-6.600700
-15.182000
-27.063000
-25.083000
-12.541000
0.000000
2.640300
2.640300
-2.640300
-5.940600
10.561000
7.920800
-0.660070
3.300300
-7.920800
-6.600700
2.640300
0.660070
-4.620500
-3.300300
1.980200
3.300300
1.320100
12.541000
19.802000
8.580900
5.940600
16.502001
19.142000
13.201000
2.640300
2.640300
-3.960400
-13.201000
-20.462000
-3.960400
7.260700
8.580900
5.940600
0.660070
9.901000
7.920800
3.300300
7.260700
9.901000
15.182000
21.122000
15.182000
11.221000
3.960400
-3.300300
7.920800
1.320100
-10.561000
-1.980200
-5.280500
-3.960400
5.280500
3.960400
-2.640300
-8.580900
-2.640300
3.960400
9.240900
18.482000
9.240900
7.260700
6.600700
7.920800
15.842000
2.640300
2.640300
5.940600
2.640300
-1.980200
-7.260700
-0.660070
-1.980200
-0.660070
9.901000
11.221000
17.162001
11.221000
7.920800
9.901000
-1.320100
4.620500
11.221000
9.901000
2.640300
-4.620500
-5.280500
-1.980200
9.901000
10.561000
1.980200
-3.960400
-0.660070
5.940600
13.201000
25.083000
38.944000
58.745998
81.848000
83.828003
83.828003
83.828003
83.828003
83.828003
83.828003
83.828003
65.347000
40.924000
20.462000
8.580900
0.660070
-1.980200
-11.881000
-21.122000
-32.342999
-36.964001
-31.683001
-34.323002
-42.903999
-42.243999
-46.205002
-55.445999
-60.726002
-62.706001
-71.946999
-70.626999
-66.007004
-58.085999
-58.745998
-62.046001
-52.145000
-42.243999
-46.205002
-44.223999
-41.584000
-40.924000
-39.604000
-33.002998
-20.462000
-22.441999
-34.323002
-40.264000
-36.964001
-33.002998
-28.382999
-28.382999
-34.983002
-31.683001
-26.403000
-23.101999
-15.182000
-4.620500
-23.101999
-31.683001
-28.382999
-16.502001
3.300300
5.280500
1.980200
4.620500
1.320100
-1.320100
-1.980200
-9.240900
-8.580900
-0.660070
6.600700
11.221000
3.300300
-5.280500
-0.660070
5.280500
20.462000
23.761999
17.822001
19.802000
7.920800
-8.580900
0.000000
8.580900
10.561000
9.901000
11.221000
20.462000
21.122000
9.240900
15.842000
19.802000
15.842000
17.822001
11.881000
8.580900
6.600700
-2.640300
-11.221000
-20.462000
-21.782000
-25.083000
-38.944000
-41.584000
-35.644001
-31.023001
-25.743000
-25.743000
-21.782000
-15.182000
-19.142000
-23.761999
-19.802000
-16.502001
-18.482000
-8.580900
-3.300300
-7.260700
-8.580900
-10.561000
7.260700
28.382999
37.624001
38.944000
54.785000
78.547997
76.568001
72.607002
77.227997
71.946999
48.845001
40.264000
42.903999
44.223999
36.304001
34.323002
31.023001
25.083000
27.063000
17.162001
8.580900
19.802000
25.083000
11.881000
6.600700
14.521000
11.221000
-3.960400
-1.320100
0.000000
1.980200
0.000000
-5.940600
-3.960400
-5.940600
-3.960400
2.640300
-7.260700
-20.462000
-8.580900
-3.960400
-5.940600
-2.640300
-10.561000
-20.462000
-9.901000
0.660070
-0.660070
-4.620500
0.660070
-5.280500
-10.561000
-5.280500
-8.580900
-8.580900
-7.260700
-1.980200
-6.600700
-14.521000
-13.861000
-17.822001
-27.723000
-24.422001
-19.802000
-23.761999
-15.182000
-11.221000
-8.580900
-0.660070
3.960400
4.620500
0.000000
5.940600
-2.640300
-0.660070
5.280500
0.000000
5.280500
3.300300
0.000000
1.320100
-2.640300
-2.640300
-1.320100
-1.320100
3.300300
9.901000
5.280500
-2.640300
-0.660070
-7.920800
-13.201000
-5.280500
-1.320100
-3.960400
-1.320100
-6.600700
-3.300300
-2.640300
4.620500
3.960400
-3.300300
5.280500
16.502001
21.782000
7.920800
1.980200
-0.660070
1.980200
9.901000
1.980200
-3.300300
1.320100
1.320100
7.920800
3.960400
-0.660070
-3.300300
-3.960400
-13.861000
-11.221000
-1.320100
4.620500
6.600700
1.980200
-3.300300
0.660070
7.920800
6.600700
6.600700
1.980200
3.300300
8.580900
15.842000
16.502001
8.580900
11.221000
0.000000
-5.940600
2.640300
5.940600
0.660070
0.660070
-1.980200
-6.600700
-13.861000
3.300300
11.221000
3.300300
1.980200
-5.940600
-18.482000
-12.541000
-0.660070
3.960400
3.300300
-5.280500
-14.521000
-3.960400
13.201000
3.300300
-7.920800
0.000000
1.980200
7.920800
9.901000
9.901000
2.640300
-5.940600
-7.260700
1.320100
9.240900
-1.980200
-9.901000
-2.640300
-3.300300
1.320100
5.280500
1.980200
-0.660070
-7.920800
-12.541000
-8.580900
-5.280500
-0.660070
-12.541000
-21.782000
-6.600700
4.620500
-5.280500
-0.660070
0.660070
3.300300
2.640300
3.300300
5.940600
-0.660070
-1.320100
3.300300
7.260700
-7.920800
-5.940600
9.901000
5.280500
5.940600
-1.980200
-7.920800
-8.580900
-9.240900
1.320100
11.221000
11.881000
8.580900
-5.280500
-5.280500
4.620500
-4.620500
-8.580900
-7.920800
-5.280500
-0.660070
2.640300
-6.600700
-8.580900
2.640300
5.280500
-5.940600
-5.940600
0.660070
2.640300
-0.660070
-1.980200
-1.320100
-7.920800
-7.920800
-13.861000
-9.901000
-1.980200
1.980200
6.600700
5.280500
5.940600
9.901000
-2.640300
-7.920800
3.300300
13.861000
9.901000
-3.300300
-9.901000
-3.300300
-3.300300
-5.940600
0.660070
3.300300
16.502001
27.063000
9.901000
0.000000
3.960400
3.300300
9.901000
17.162001
0.660070
-1.980200
15.182000
5.280500
-6.600700
2.640300
6.600700
0.660070
-3.300300
-3.960400
-1.980200
-7.260700
-3.960400
3.300300
-4.620500
-12.541000
-6.600700
-1.320100
2.640300
0.660070
1.320100
8.580900
9.901000
1.320100
7.260700
11.221000
4.620500
3.960400
1.320100
5.280500
9.240900
-1.980200
3.960400
19.802000
