-2.653400
-8.623500
-17.910000
-27.197001
-31.841000
-17.247000
-9.950200
-9.950200
-3.980100
0.663350
3.316700
1.990000
-0.663350
0.000000
-3.316700
-5.970100
-9.286900
-11.277000
-9.950200
-13.930000
-11.277000
-5.306800
-9.286900
-9.286900
-5.970100
-1.326700
5.970100
9.286900
13.267000
17.247000
13.930000
9.286900
13.267000
17.910000
22.554001
23.881001
19.900000
13.267000
8.623500
3.316700
0.000000
-13.930000
-17.910000
-16.584000
-12.604000
-6.633500
-2.653400
-5.306800
-8.623500
-2.653400
4.643400
7.960200
9.286900
17.910000
20.563999
21.226999
21.891001
11.277000
2.653400
7.296800
1.990000
-0.663350
2.653400
3.316700
4.643400
5.970100
3.316700
0.000000
0.663350
-7.960200
-11.940000
-3.316700
5.306800
8.623500
6.633500
-1.326700
1.326700
1.990000
0.663350
6.633500
7.960200
9.286900
8.623500
8.623500
5.306800
3.980100
8.623500
4.643400
1.990000
-0.663350
0.663350
0.663350
-1.990000
3.316700
-6.633500
-11.277000
-12.604000
-15.920000
-8.623500
-3.980100
-7.960200
-13.930000
-14.594000
-9.286900
-7.296800
-5.306800
3.980100
5.306800
1.990000
3.980100
9.286900
8.623500
9.950200
9.286900
5.306800
0.663350
-0.663350
2.653400
-5.306800
-13.930000
-15.257000
-16.584000
-11.940000
-11.277000
-9.286900
-3.316700
1.990000
-1.326700
-5.970100
-0.663350
-5.970100
-13.267000
-12.604000
-9.950200
-8.623500
-10.614000
-7.296800
-4.643400
-3.316700
-2.653400
0.663350
0.000000
-1.326700
3.980100
7.296800
3.980100
9.950200
13.267000
11.277000
4.643400
-3.980100
-7.960200
-5.306800
3.980100
5.970100
1.990000
11.940000
11.277000
0.000000
0.000000
0.000000
-0.663350
-2.653400
-1.326700
-1.326700
-5.306800
3.316700
5.970100
7.960200
9.950200
5.970100
0.663350
0.663350
6.633500
12.604000
6.633500
1.326700
-2.653400
-3.316700
1.326700
2.653400
7.296800
3.316700
1.990000
3.316700
4.643400
3.980100
2.653400
4.643400
-2.653400
-0.663350
0.663350
5.306800
13.267000
11.277000
7.960200
9.950200
10.614000
17.247000
11.277000
2.653400
5.970100
0.663350
-3.316700
-3.316700
-3.980100
-6.633500
-10.614000
-11.277000
-14.594000
-16.584000
-7.296800
-9.950200
-12.604000
-7.960200
3.316700
8.623500
9.286900
11.940000
8.623500
5.970100
6.633500
12.604000
9.950200
5.970100
8.623500
5.970100
5.970100
5.306800
1.326700
-0.663350
0.663350
3.316700
9.286900
4.643400
-4.643400
-9.286900
-10.614000
-9.950200
-10.614000
-9.950200
-16.584000
-25.207001
-23.881001
-13.930000
-13.930000
-13.267000
-11.277000
-12.604000
-7.296800
-3.980100
-3.316700
0.663350
3.316700
0.000000
1.990000
-3.980100
-9.286900
-3.316700
-3.980100
-7.296800
-10.614000
-11.277000
-1.326700
2.653400
3.316700
2.653400
-3.316700
-6.633500
1.990000
2.653400
0.663350
-0.663350
1.326700
-3.316700
-7.960200
-7.960200
-6.633500
-4.643400
-2.653400
6.633500
3.316700
-4.643400
-8.623500
-6.633500
5.970100
10.614000
12.604000
17.910000
17.910000
15.257000
17.910000
18.573999
13.267000
11.940000
9.950200
3.980100
-0.663350
-3.980100
4.643400
1.326700
-4.643400
1.326700
3.316700
3.316700
3.980100
3.980100
7.296800
5.970100
1.990000
-0.663350
8.623500
7.296800
4.643400
4.643400
1.990000
2.653400
3.980100
-3.316700
-9.950200
-13.930000
-13.267000
-13.267000
-9.286900
-12.604000
-13.930000
-13.267000
-14.594000
-11.277000
-12.604000
-5.306800
-4.643400
-4.643400
0.663350
2.653400
1.990000
0.000000
-2.653400
-5.306800
-7.960200
-11.277000
-13.930000
-11.940000
-16.584000
-16.584000
-9.950200
-8.623500
0.663350
1.990000
4.643400
7.296800
6.633500
7.960200
8.623500
5.306800
3.316700
2.653400
3.980100
9.286900
11.940000
14.594000
5.970100
-0.663350
-1.990000
-6.633500
-7.296800
-5.306800
0.663350
5.306800
4.643400
1.326700
10.614000
5.970100
-2.653400
-0.663350
-2.653400
1.326700
4.643400
-0.663350
0.663350
-1.326700
-1.990000
0.663350
7.296800
5.306800
3.316700
4.643400
9.950200
17.247000
19.900000
5.970100
-5.970100
-7.296800
-6.633500
-3.316700
-4.643400
-5.970100
-8.623500
-7.296800
-7.296800
-7.296800
3.316700
-1.326700
-1.990000
3.980100
8.623500
9.286900
13.930000
5.970100
-1.990000
-2.653400
-3.316700
2.653400
7.296800
12.604000
13.930000
5.306800
1.990000
3.980100
5.970100
15.920000
15.257000
14.594000
17.910000
16.584000
8.623500
-1.326700
-6.633500
-5.970100
-3.980100
-3.980100
-5.970100
-2.653400
-7.960200
-11.277000
0.663350
6.633500
6.633500
3.316700
3.980100
6.633500
9.286900
7.296800
7.296800
9.950200
9.286900
3.980100
2.653400
-0.663350
-5.306800
-5.970100
-10.614000
-9.286900
-3.316700
1.326700
4.643400
8.623500
13.930000
15.257000
17.910000
13.930000
15.257000
15.920000
7.960200
2.653400
3.316700
0.663350
2.653400
1.326700
-0.663350
-2.653400
-3.316700
3.316700
0.000000
-9.950200
-8.623500
-9.286900
-11.940000
-7.960200
-9.286900
-9.950200
-0.663350
-2.653400
-4.643400
-2.653400
-5.970100
-7.960200
-10.614000
-12.604000
-9.286900
1.326700
1.326700
-5.306800
-7.960200
-9.950200
-3.980100
-7.296800
-10.614000
-7.296800
-6.633500
-9.286900
-9.286900
-7.960200
-2.653400
-0.663350
3.980100
5.306800
-9.950200
-15.257000
-10.614000
-11.940000
-6.633500
-1.990000
3.980100
1.326700
-1.990000
5.970100
0.000000
-8.623500
-4.643400
-1.326700
-1.990000
-3.316700
-6.633500
-4.643400
-3.316700
-5.970100
-5.306800
-2.653400
2.653400
11.940000
6.633500
4.643400
7.296800
5.970100
5.306800
-3.980100
-6.633500
-9.950200
-18.573999
-25.871000
-12.604000
-3.980100
3.980100
5.970100
6.633500
7.960200
5.306800
6.633500
5.970100
3.980100
10.614000
22.554001
19.237000
12.604000
8.623500
1.990000
1.990000
-3.316700
-5.306800
3.980100
-0.663350
-4.643400
-5.970100
-10.614000
-8.623500
-8.623500
-11.940000
-6.633500
8.623500
14.594000
13.267000
14.594000
14.594000
9.950200
9.286900
5.306800
5.306800
3.316700
1.326700
0.663350
-9.286900
-12.604000
-12.604000
-5.970100
-1.326700
1.990000
13.267000
11.940000
8.623500
13.267000
7.296800
3.316700
5.970100
12.604000
13.267000
13.267000
13.930000
9.950200
13.930000
12.604000
6.633500
3.980100
0.000000
3.980100
1.326700
-2.653400
0.000000
3.980100
13.930000
30.514000
33.167000
29.187000
31.177000
31.177000
31.841000
25.207001
19.237000
17.247000
9.950200
3.316700
7.960200
9.950200
5.306800
3.316700
0.000000
1.326700
1.990000
-0.663350
-8.623500
-10.614000
-7.296800
-10.614000
-15.257000
-23.216999
-29.187000
-30.514000
-31.841000
-30.514000
-27.197001
-17.247000
-9.286900
-3.980100
-6.633500
-13.267000
-15.920000
-10.614000
-7.296800
-9.286900
-3.980100
-6.633500
-16.584000
-23.216999
-22.554001
-24.544001
-23.881001
-25.871000
-27.861000
-22.554001
-22.554001
-19.900000
-15.257000
-10.614000
-15.257000
-19.900000
-17.247000
-7.296800
9.286900
14.594000
9.950200
7.960200
4.643400
3.980100
5.970100
6.633500
3.316700
0.663350
5.306800
5.970100
0.000000
-4.643400
-5.306800
-2.653400
5.306800
5.306800
5.306800
7.296800
0.663350
-4.643400
-1.990000
-2.653400
-0.663350
3.980100
9.950200
18.573999
17.247000
11.277000
15.257000
13.930000
7.296800
8.623500
5.970100
1.326700
0.000000
-1.326700
-6.633500
-10.614000
-7.960200
-4.643400
-9.950200
-11.277000
-8.623500
-6.633500
-8.623500
-8.623500
-5.306800
0.000000
-3.316700
-11.277000
-8.623500
-0.663350
0.000000
-1.326700
-1.990000
-3.316700
-5.306800
-0.663350
0.663350
-0.663350
-3.316700
0.663350
7.296800
20.563999
23.216999
20.563999
21.891001
21.891001
13.267000
17.247000
18.573999
19.237000
17.247000
16.584000
21.891001
17.910000
7.296800
1.990000
3.316700
2.653400
3.980100
3.316700
0.663350
1.326700
1.326700
-1.326700
1.326700
1.990000
-4.643400
-7.960200
-3.980100
4.643400
-1.990000
-3.316700
-3.980100
-9.950200
-11.940000
-3.980100
-3.980100
-3.980100
-2.653400
-3.316700
0.000000
1.990000
3.316700
1.990000
1.990000
7.296800
1.990000
-1.326700
0.663350
-7.296800
-7.960200
-7.960200
-2.653400
-0.663350
-9.286900
-10.614000
-10.614000
-14.594000
-13.267000
-13.267000
-13.267000
-0.663350
3.980100
5.970100
7.296800
12.604000
11.940000
8.623500
13.267000
5.970100
10.614000
10.614000
-1.326700
-0.663350
5.970100
9.950200
4.643400
1.990000
0.000000
-0.663350
1.326700
1.326700
-2.653400
-5.306800
-6.633500
-7.960200
-9.950200
-9.950200
-5.306800
-8.623500
-6.633500
-2.653400
-0.663350
7.960200
9.950200
9.286900
7.296800
7.296800
6.633500
8.623500
19.900000
13.267000
1.990000
-4.643400
-5.306800
-4.643400
-5.306800
-4.643400
1.990000
1.326700
1.326700
-4.643400
-6.633500
-6.633500
-2.653400
-7.296800
-10.614000
-0.663350
3.980100
1.326700
1.326700
0.000000
3.980100
5.970100
2.653400
1.326700
3.980100
9.286900
14.594000
13.930000
9.286900
7.296800
14.594000
9.286900
6.633500
3.316700
-3.316700
-4.643400
-3.316700
-5.970100
-8.623500
-9.286900
-4.643400
-1.326700
-3.980100
-3.316700
-3.316700
-7.296800
-8.623500
1.326700
5.970100
10.614000
4.643400
-7.296800
-3.980100
3.316700
-0.663350
-0.663350
1.326700
0.663350
11.940000
9.950200
13.267000
12.604000
2.653400
-2.653400
-3.980100
-2.653400
-7.296800
-11.940000
-7.960200
-7.960200
-2.653400
-4.643400
-4.643400
-1.326700
-4.643400
-7.960200
-1.990000
-1.990000
-1.326700
-9.286900
-15.920000
-8.623500
-1.326700
-3.980100
-3.980100
-3.316700
-0.663350
1.326700
5.970100
12.604000
8.623500
5.306800
9.950200
14.594000
7.296800
-2.653400
-3.316700
-3.316700
-4.643400
-7.296800
-4.643400
-0.663350
-3.316700
-5.306800
1.326700
8.623500
11.277000
1.990000
-3.316700
-2.653400
-5.306800
-9.286900
-10.614000
-5.970100
0.000000
7.960200
3.316700
-3.316700
1.990000
9.286900
9.950200
7.296800
6.633500
3.316700
-3.980100
-11.277000
-8.623500
-10.614000
-13.267000
-12.604000
1.990000
3.980100
1.990000
6.633500
7.960200
9.950200
13.930000
10.614000
0.663350
-6.633500
0.000000
-3.980100
-14.594000
-16.584000
-7.296800
-3.316700
-1.326700
-0.663350
1.326700
7.960200
15.257000
9.950200
6.633500
5.970100
5.970100
7.960200
13.930000
7.960200
2.653400
11.940000
7.296800
3.316700
3.316700
1.990000
-0.663350
2.653400
0.663350
-2.653400
-3.316700
-1.326700
0.663350
-9.286900
-12.604000
-8.623500
-9.286900
-5.970100
-0.663350
2.653400
0.663350
2.653400
1.326700
6.633500
9.286900
5.970100
6.633500
9.286900
11.940000
11.277000
7.960200
3.316700
-0.663350
