6.956500
-2.705300
-7.214200
-13.655000
-19.452000
-2.705300
3.735900
1.159400
-0.128820
-4.637700
-3.349400
-2.061200
-11.723000
-3.349400
-3.993600
-3.349400
-3.993600
-3.993600
-0.772950
-9.790700
-4.637700
6.956500
5.024200
6.312400
3.091800
-0.772950
5.668300
16.618000
17.261999
13.398000
12.754000
-0.772950
-13.011000
-16.232000
-8.502400
-1.417100
-3.993600
-3.349400
-0.128820
5.024200
15.330000
18.551001
14.686000
6.956500
3.091800
-2.061200
8.244800
8.888900
0.515300
-0.128820
-0.772950
-7.858300
-14.300000
-2.705300
1.803500
3.735900
8.244800
4.380000
3.091800
8.244800
5.024200
3.091800
6.956500
3.735900
-7.214200
-10.435000
-8.502400
-8.502400
4.380000
2.447700
-7.858300
-6.570000
3.735900
5.024200
2.447700
-5.281800
4.380000
6.956500
6.312400
5.024200
-5.925900
-10.435000
-10.435000
-7.858300
-11.723000
-14.944000
-7.858300
-14.300000
-14.300000
-18.164000
-20.097000
-13.011000
1.803500
15.974000
1.803500
1.159400
3.091800
-5.281800
2.447700
12.110000
5.668300
-6.570000
-10.435000
-2.061200
4.380000
-0.772950
0.515300
2.447700
-0.772950
6.312400
15.330000
11.465000
7.600600
7.600600
8.244800
3.735900
8.888900
15.974000
5.668300
5.668300
12.754000
5.024200
3.735900
1.159400
6.312400
12.754000
12.754000
6.312400
-0.128820
13.398000
10.821000
-0.128820
-1.417100
8.244800
13.398000
1.803500
-7.858300
-7.214200
-6.570000
-3.349400
-0.772950
-5.925900
-7.858300
-6.570000
-5.281800
-5.925900
1.159400
5.668300
3.735900
-0.772950
-11.723000
-12.367000
-10.435000
-0.128820
10.821000
6.956500
18.551001
10.821000
-5.281800
3.091800
6.312400
3.091800
-0.772950
1.159400
1.803500
-0.772950
2.447700
6.312400
4.380000
-1.417100
-4.637700
-4.637700
-6.570000
-2.705300
8.244800
-1.417100
-7.858300
-6.570000
-4.637700
-1.417100
-3.349400
6.956500
4.380000
0.515300
-3.993600
-7.214200
-7.858300
-9.790700
-4.637700
-8.502400
-9.790700
-7.858300
-7.214200
-0.772950
3.091800
1.159400
-0.128820
-3.349400
3.735900
-0.772950
-7.858300
2.447700
2.447700
1.803500
6.956500
0.515300
-5.925900
-3.993600
0.515300
11.465000
10.821000
18.551001
14.686000
-1.417100
-5.281800
3.735900
6.956500
3.091800
5.024200
3.735900
-2.705300
-4.637700
4.380000
6.312400
3.735900
5.668300
2.447700
3.091800
5.024200
-1.417100
0.515300
1.159400
-3.349400
1.803500
-2.061200
-2.061200
5.024200
1.803500
-2.705300
-2.061200
1.159400
-10.435000
-14.300000
-9.790700
-3.993600
-3.349400
-3.993600
-3.993600
-14.300000
-9.790700
-6.570000
-9.790700
-3.349400
1.159400
-5.925900
-4.637700
-2.061200
-1.417100
2.447700
-0.772950
-2.061200
-7.214200
-10.435000
-7.214200
-10.435000
-2.061200
6.956500
10.821000
13.398000
15.974000
14.042000
13.398000
11.465000
13.398000
3.735900
-12.367000
-9.146500
-3.349400
-3.349400
-14.300000
-7.858300
-5.925900
-14.944000
-18.808001
-13.655000
-7.214200
-0.772950
5.024200
10.177000
10.177000
3.735900
8.244800
13.398000
14.042000
14.686000
8.888900
-0.772950
-2.061200
-3.349400
-2.061200
-9.146500
-14.944000
1.159400
1.159400
-5.925900
-3.349400
5.024200
6.312400
6.312400
9.533000
14.042000
18.551001
6.312400
-7.858300
-12.367000
-7.214200
-5.281800
-9.146500
-7.214200
-5.281800
-5.925900
-7.858300
-6.570000
-2.705300
-0.128820
3.091800
-0.128820
-4.637700
-0.772950
-0.772950
6.312400
3.735900
-1.417100
-2.705300
-5.925900
-3.993600
-2.061200
-1.417100
-2.061200
-3.993600
-9.146500
-3.349400
4.380000
-6.570000
-2.705300
2.447700
-3.349400
-0.128820
1.803500
0.515300
-9.790700
-7.214200
-0.772950
-2.705300
-5.281800
-3.993600
-2.705300
-2.705300
-3.349400
-4.637700
-0.772950
-1.417100
-3.993600
4.380000
12.754000
10.821000
5.668300
7.600600
10.821000
9.533000
5.024200
11.465000
9.533000
5.024200
6.312400
-2.061200
-0.772950
-0.772950
-3.993600
1.803500
1.159400
-0.772950
-4.637700
-3.993600
-1.417100
-3.349400
-3.993600
-2.061200
5.024200
12.754000
1.159400
-3.993600
-6.570000
-18.164000
-9.790700
-3.349400
3.091800
0.515300
1.803500
-3.349400
-1.417100
15.974000
8.888900
9.533000
12.754000
5.024200
2.447700
2.447700
-9.146500
-11.723000
-6.570000
-8.502400
-4.637700
1.803500
5.668300
4.380000
-11.079000
-8.502400
-0.772950
-3.993600
6.312400
6.312400
8.888900
10.177000
10.821000
16.618000
22.415001
19.195000
8.888900
3.735900
3.091800
-3.993600
11.465000
4.380000
-15.588000
-16.232000
-14.944000
-11.079000
-9.790700
-7.214200
-3.349400
7.600600
14.042000
17.907000
17.261999
7.600600
6.956500
10.177000
2.447700
-5.281800
-9.146500
-11.723000
-5.281800
0.515300
-0.772950
-3.993600
-7.858300
-3.349400
-4.637700
1.803500
0.515300
12.754000
28.857000
17.907000
-2.061200
-2.705300
-7.214200
-3.349400
1.159400
1.159400
-3.349400
-9.146500
-10.435000
-4.637700
-2.705300
-5.925900
-13.655000
-10.435000
-0.128820
-3.993600
-1.417100
10.821000
9.533000
13.398000
11.465000
6.312400
3.091800
-3.993600
-5.925900
-0.128820
6.312400
9.533000
7.600600
5.024200
5.668300
9.533000
8.888900
11.465000
10.821000
6.312400
-2.061200
-5.925900
-7.858300
-7.858300
-13.011000
-2.705300
0.515300
-13.655000
-10.435000
1.803500
5.024200
6.956500
8.244800
6.312400
-2.705300
-3.349400
5.668300
2.447700
-7.858300
-11.723000
-16.232000
-12.367000
-3.993600
-2.061200
5.024200
-2.705300
-13.655000
-11.079000
-0.128820
10.177000
11.465000
1.159400
3.735900
4.380000
-5.281800
-5.925900
-2.061200
-3.349400
-11.723000
-7.214200
-11.079000
-2.705300
6.956500
6.956500
3.091800
1.803500
4.380000
6.312400
6.956500
10.177000
0.515300
3.091800
15.974000
6.956500
7.600600
5.668300
-5.925900
-4.637700
5.668300
7.600600
10.177000
1.803500
-5.925900
-0.128820
-4.637700
-3.993600
-1.417100
-0.128820
5.668300
11.465000
4.380000
-3.349400
-2.061200
5.024200
5.024200
8.244800
-5.281800
-8.502400
0.515300
-0.772950
0.515300
-0.128820
-5.281800
-9.790700
-5.925900
3.735900
8.244800
11.465000
3.735900
5.668300
14.686000
4.380000
-4.637700
3.735900
10.821000
10.177000
2.447700
1.159400
0.515300
-4.637700
-4.637700
-3.349400
-3.993600
-7.858300
4.380000
8.244800
-0.772950
-3.993600
-2.061200
6.312400
21.127001
18.551001
5.668300
-3.993600
-0.128820
6.312400
-2.705300
-9.790700
-8.502400
-14.300000
-16.232000
-7.858300
-9.146500
-9.790700
-0.128820
7.600600
4.380000
6.956500
14.686000
15.330000
8.244800
6.956500
-2.061200
-3.993600
-9.146500
-11.079000
-11.723000
-19.452000
-22.028999
-19.452000
-14.944000
-14.944000
-7.214200
-9.146500
-3.349400
3.735900
4.380000
-1.417100
-5.925900
11.465000
12.110000
5.668300
-2.705300
-4.637700
-2.705300
-7.214200
-17.520000
-16.232000
-8.502400
-13.655000
-10.435000
-5.281800
-0.772950
-9.146500
-12.367000
-7.858300
-3.349400
6.312400
12.110000
11.465000
10.821000
-3.349400
-3.993600
-0.128820
1.803500
3.735900
-3.993600
-4.637700
-4.637700
-5.925900
-2.061200
-0.772950
5.024200
21.771000
25.636000
22.415001
23.059999
17.261999
8.244800
10.177000
6.956500
-0.772950
-0.772950
-3.993600
-2.061200
-3.349400
-9.146500
-9.790700
-1.417100
3.091800
-3.993600
-10.435000
-3.993600
-4.637700
-0.772950
-1.417100
-1.417100
0.515300
-1.417100
-5.925900
-12.367000
-24.605000
-22.673000
-11.723000
-11.079000
-9.790700
-3.993600
-7.858300
-10.435000
-5.281800
-4.637700
-0.128820
0.515300
4.380000
8.888900
6.312400
-0.772950
3.735900
4.380000
3.091800
5.668300
1.803500
15.974000
12.754000
8.888900
12.754000
16.618000
13.398000
16.618000
6.956500
2.447700
12.110000
24.348000
21.771000
12.754000
12.110000
12.110000
12.110000
14.686000
10.821000
6.956500
12.754000
17.261999
7.600600
3.735900
10.821000
8.244800
-3.349400
-10.435000
-7.214200
3.091800
-1.417100
-3.993600
-4.637700
-7.858300
-5.281800
-7.214200
-12.367000
-10.435000
-8.502400
-10.435000
-2.061200
-2.061200
-5.281800
-4.637700
4.380000
14.042000
-2.061200
-11.723000
1.803500
5.024200
2.447700
-5.281800
0.515300
3.735900
-4.637700
-3.349400
-0.128820
-6.570000
-3.993600
-12.367000
-23.316999
-9.146500
-0.128820
-2.061200
-3.993600
-4.637700
-7.214200
-3.993600
8.244800
1.159400
7.600600
13.398000
8.244800
10.821000
8.244800
0.515300
5.668300
13.398000
6.956500
-1.417100
-4.637700
-4.637700
-9.146500
-11.079000
-3.349400
8.888900
10.177000
6.312400
6.312400
3.735900
5.668300
4.380000
0.515300
10.821000
5.024200
-2.061200
-7.858300
-9.146500
-3.993600
-0.128820
5.024200
-3.349400
-5.925900
3.735900
7.600600
4.380000
-2.061200
-9.790700
-8.502400
-16.875999
-11.723000
-11.723000
-5.281800
1.803500
1.159400
-0.128820
1.159400
13.398000
21.127001
14.686000
9.533000
2.447700
5.024200
8.244800
0.515300
-3.993600
-5.925900
-7.214200
-0.772950
8.244800
5.024200
-3.349400
-2.061200
-2.705300
2.447700
0.515300
-5.925900
-3.993600
1.803500
1.159400
1.803500
1.159400
-0.128820
-1.417100
3.091800
8.244800
8.244800
2.447700
-0.128820
3.735900
-6.570000
-11.079000
-7.214200
-13.011000
-13.655000
-7.858300
-7.214200
-7.214200
-8.502400
-1.417100
15.974000
11.465000
5.024200
4.380000
-2.061200
0.515300
1.159400
1.159400
0.515300
-7.858300
-9.790700
1.803500
11.465000
8.244800
4.380000
-0.772950
-3.993600
-6.570000
-1.417100
1.803500
4.380000
-13.011000
-23.961000
-14.944000
-1.417100
4.380000
-2.061200
-2.061200
4.380000
6.312400
11.465000
10.177000
-7.858300
-11.079000
-1.417100
9.533000
8.244800
1.803500
-0.772950
5.668300
7.600600
0.515300
-0.772950
5.024200
4.380000
-2.061200
0.515300
8.888900
6.312400
-9.790700
-11.079000
-7.214200
-6.570000
-9.146500
-9.146500
-6.570000
-2.705300
3.091800
-3.349400
-6.570000
-7.214200
-5.925900
-1.417100
1.159400
0.515300
-0.772950
-0.772950
-3.349400
1.159400
5.668300
0.515300
-0.772950
12.110000
8.244800
-2.061200
0.515300
4.380000
4.380000
5.024200
-0.128820
-0.128820
-0.128820
6.956500
6.956500
1.803500
-1.417100
2.447700
4.380000
3.735900
1.159400
-1.417100
-2.061200
7.600600
3.091800
-1.417100
-2.705300
0.515300
-1.417100
1.159400
-3.993600
-3.993600
9.533000
-0.128820
-4.637700
1.803500
-0.772950
1.803500
5.668300
-5.281800
-9.146500
-5.281800
-5.281800
1.803500
-2.061200
-13.655000
-13.011000
-9.146500
-6.570000
-5.281800
-1.417100
-0.128820
8.244800
12.110000
14.042000
6.956500
-0.128820
-2.705300
1.159400
9.533000
10.177000
5.024200
7.600600
8.244800
