8.461500
9.423100
7.500000
3.653800
2.692300
1.730800
-0.192310
-5.000000
-13.654000
-11.731000
-8.846200
-10.769000
-10.769000
-5.961500
-3.076900
1.730800
3.653800
5.576900
3.653800
0.769230
3.653800
6.538500
2.692300
-2.115400
-12.692000
-19.423000
-17.500000
-7.884600
-4.038500
1.730800
6.538500
8.461500
11.346000
12.308000
5.576900
1.730800
-4.038500
-8.846200
-14.615000
-10.769000
-3.076900
-2.115400
-0.192310
3.653800
3.653800
3.653800
2.692300
0.769230
2.692300
2.692300
2.692300
5.576900
4.615400
7.500000
6.538500
1.730800
0.769230
-1.153800
-0.192310
-3.076900
-5.000000
1.730800
1.730800
0.769230
4.615400
5.576900
3.653800
4.615400
8.461500
12.308000
6.538500
-0.192310
-4.038500
-3.076900
-4.038500
-5.961500
-6.923100
-10.769000
-12.692000
-10.769000
-6.923100
-4.038500
-5.000000
-2.115400
-1.153800
1.730800
-4.038500
-10.769000
-12.692000
-7.884600
-6.923100
-11.731000
-12.692000
-10.769000
-6.923100
-4.038500
-5.000000
-5.961500
-5.961500
-5.000000
-1.153800
1.730800
4.615400
16.153999
16.153999
7.500000
0.769230
-5.961500
-5.961500
-4.038500
0.769230
0.769230
2.692300
4.615400
4.615400
3.653800
6.538500
6.538500
3.653800
4.615400
8.461500
14.231000
14.231000
8.461500
-1.153800
-8.846200
-12.692000
-9.807700
-6.923100
-6.923100
-5.961500
-3.076900
0.769230
10.385000
15.192000
10.385000
5.576900
2.692300
-1.153800
3.653800
7.500000
6.538500
4.615400
-2.115400
-5.961500
-6.923100
-7.884600
-7.884600
-8.846200
-3.076900
-1.153800
-3.076900
2.692300
8.461500
13.269000
11.346000
6.538500
4.615400
5.576900
7.500000
6.538500
1.730800
-5.961500
-6.923100
-4.038500
-5.000000
1.730800
9.423100
11.346000
13.269000
14.231000
12.308000
8.461500
-1.153800
-6.923100
-3.076900
-1.153800
0.769230
2.692300
11.346000
8.461500
-3.076900
-6.923100
-5.000000
6.538500
13.269000
8.461500
1.730800
-1.153800
-2.115400
-0.192310
-2.115400
-5.000000
-5.961500
-3.076900
-3.076900
-6.923100
-14.615000
-16.538000
-9.807700
-5.000000
-4.038500
-4.038500
-1.153800
1.730800
2.692300
2.692300
-6.923100
-10.769000
-10.769000
-7.884600
-1.153800
2.692300
2.692300
-0.192310
1.730800
5.576900
9.423100
11.346000
5.576900
0.769230
3.653800
4.615400
1.730800
-1.153800
-4.038500
-2.115400
-2.115400
-5.000000
-2.115400
2.692300
0.769230
-2.115400
-5.000000
-5.000000
-0.192310
-5.000000
-6.923100
-4.038500
-2.115400
-5.961500
-11.731000
-7.884600
-5.000000
-3.076900
-4.038500
-6.923100
-4.038500
5.576900
3.653800
-4.038500
-4.038500
2.692300
4.615400
-3.076900
-6.923100
-1.153800
7.500000
4.615400
1.730800
2.692300
3.653800
12.308000
17.115000
10.385000
-0.192310
-4.038500
-6.923100
-5.961500
-7.884600
-7.884600
-0.192310
-0.192310
-4.038500
-5.961500
-4.038500
-2.115400
-3.076900
-5.961500
-5.000000
-1.153800
-2.115400
-1.153800
-0.192310
-0.192310
-4.038500
-6.923100
-8.846200
-6.923100
-2.115400
-3.076900
1.730800
7.500000
5.576900
5.576900
7.500000
0.769230
-0.192310
8.461500
11.346000
8.461500
3.653800
4.615400
2.692300
-0.192310
-2.115400
-8.846200
-10.769000
-6.923100
3.653800
2.692300
-5.000000
-4.038500
-4.038500
-0.192310
1.730800
1.730800
2.692300
3.653800
-1.153800
-5.000000
-3.076900
-0.192310
1.730800
0.769230
-0.192310
-2.115400
-1.153800
-4.038500
-7.884600
-5.000000
-1.153800
3.653800
5.576900
7.500000
10.385000
14.231000
6.538500
-2.115400
-3.076900
-2.115400
4.615400
7.500000
5.576900
0.769230
0.769230
4.615400
5.576900
7.500000
8.461500
6.538500
4.615400
-3.076900
-9.807700
-9.807700
-11.731000
-17.500000
-13.654000
-1.153800
8.461500
7.500000
5.576900
6.538500
6.538500
-2.115400
-14.615000
-18.462000
-15.577000
-9.807700
-6.923100
-10.769000
-12.692000
-5.961500
0.769230
1.730800
-0.192310
-0.192310
-2.115400
-3.076900
-5.961500
-9.807700
-7.884600
-5.000000
-5.000000
-4.038500
-5.000000
-4.038500
8.461500
15.192000
10.385000
6.538500
8.461500
13.269000
17.115000
17.115000
10.385000
6.538500
5.576900
9.423100
13.269000
9.423100
5.576900
2.692300
-3.076900
-1.153800
2.692300
0.769230
-3.076900
-1.153800
2.692300
4.615400
3.653800
6.538500
13.269000
15.192000
13.269000
9.423100
3.653800
-6.923100
-9.807700
-8.846200
-5.961500
-2.115400
-3.076900
-0.192310
0.769230
1.730800
5.576900
4.615400
1.730800
-1.153800
-4.038500
-1.153800
-5.961500
-8.846200
-5.961500
-2.115400
-6.923100
-5.961500
0.769230
3.653800
4.615400
5.576900
1.730800
-1.153800
-0.192310
3.653800
6.538500
10.385000
8.461500
1.730800
-3.076900
-5.000000
-8.846200
-15.577000
-16.538000
-10.769000
-5.961500
-5.961500
-7.884600
-4.038500
0.769230
3.653800
3.653800
0.769230
-6.923100
-6.923100
-7.884600
-6.923100
-5.000000
-3.076900
0.769230
5.576900
4.615400
-0.192310
-5.000000
-4.038500
-4.038500
-4.038500
-8.846200
-7.884600
-5.961500
-4.038500
-1.153800
0.769230
2.692300
11.346000
16.153999
9.423100
2.692300
0.769230
-6.923100
-12.692000
-7.884600
-3.076900
-2.115400
-1.153800
4.615400
8.461500
9.423100
9.423100
7.500000
4.615400
0.769230
-2.115400
-5.961500
-7.884600
-4.038500
-1.153800
2.692300
8.461500
7.500000
3.653800
7.500000
8.461500
4.615400
4.615400
4.615400
5.576900
0.769230
-2.115400
0.769230
5.576900
5.576900
1.730800
1.730800
-2.115400
-4.038500
0.769230
2.692300
-0.192310
-4.038500
-7.884600
-7.884600
-5.000000
-5.000000
-6.923100
-7.884600
-5.000000
-3.076900
-0.192310
-1.153800
-1.153800
0.769230
1.730800
-4.038500
-7.884600
-7.884600
-6.923100
-5.961500
-8.846200
-7.884600
-4.038500
-3.076900
-4.038500
-3.076900
0.769230
-0.192310
-8.846200
-11.731000
-6.923100
0.769230
7.500000
5.576900
2.692300
3.653800
8.461500
5.576900
0.769230
3.653800
6.538500
8.461500
4.615400
-0.192310
4.615400
10.385000
12.308000
10.385000
10.385000
9.423100
8.461500
3.653800
1.730800
3.653800
1.730800
-3.076900
-5.961500
-7.884600
-5.000000
-0.192310
8.461500
6.538500
2.692300
5.576900
4.615400
3.653800
5.576900
5.576900
4.615400
1.730800
-3.076900
-3.076900
-0.192310
1.730800
0.769230
-0.192310
-0.192310
-6.923100
-11.731000
-8.846200
1.730800
5.576900
3.653800
5.576900
8.461500
12.308000
7.500000
-1.153800
3.653800
2.692300
2.692300
-1.153800
-7.884600
-10.769000
-13.654000
-12.692000
-9.807700
-4.038500
6.538500
5.576900
3.653800
0.769230
-0.192310
1.730800
-2.115400
-2.115400
-2.115400
-2.115400
-4.038500
-6.923100
-5.000000
1.730800
-4.038500
-5.000000
0.769230
4.615400
10.385000
7.500000
4.615400
6.538500
10.385000
11.346000
6.538500
0.769230
-0.192310
-5.000000
-8.846200
-10.769000
-5.961500
-4.038500
-8.846200
-9.807700
-9.807700
-6.923100
-0.192310
6.538500
10.385000
10.385000
15.192000
9.423100
0.769230
-4.038500
-4.038500
-1.153800
-6.923100
-16.538000
-19.423000
-15.577000
-14.615000
-13.654000
-10.769000
-3.076900
1.730800
7.500000
5.576900
-1.153800
-8.846200
-15.577000
-13.654000
-8.846200
-5.000000
-4.038500
-2.115400
4.615400
6.538500
7.500000
9.423100
14.231000
12.308000
14.231000
17.115000
16.153999
10.385000
2.692300
1.730800
0.769230
-0.192310
1.730800
-3.076900
-6.923100
0.769230
7.500000
11.346000
8.461500
1.730800
1.730800
1.730800
-4.038500
-5.961500
-1.153800
2.692300
0.769230
-5.961500
-5.961500
-0.192310
-2.115400
-5.961500
-6.923100
-6.923100
-1.153800
-2.115400
-1.153800
1.730800
2.692300
5.576900
4.615400
2.692300
1.730800
0.769230
-2.115400
-0.192310
2.692300
1.730800
-4.038500
-6.923100
-5.961500
-5.000000
-2.115400
2.692300
5.576900
0.769230
1.730800
10.385000
6.538500
-3.076900
-7.884600
-7.884600
-8.846200
-10.769000
-9.807700
-4.038500
-1.153800
1.730800
5.576900
11.346000
12.308000
12.308000
9.423100
8.461500
2.692300
-7.884600
-8.846200
-5.961500
-3.076900
1.730800
1.730800
-1.153800
1.730800
2.692300
2.692300
2.692300
-0.192310
-0.192310
2.692300
9.423100
7.500000
-1.153800
-8.846200
-11.731000
-9.807700
-9.807700
-10.769000
-11.731000
-10.769000
-5.961500
-3.076900
-1.153800
2.692300
-1.153800
1.730800
5.576900
6.538500
9.423100
10.385000
7.500000
2.692300
-4.038500
-4.038500
-2.115400
-0.192310
1.730800
3.653800
6.538500
7.500000
5.576900
6.538500
4.615400
0.769230
0.769230
-0.192310
2.692300
0.769230
-3.076900
-7.884600
-5.961500
-5.961500
-6.923100
-4.038500
-1.153800
-6.923100
-9.807700
-5.961500
-0.192310
4.615400
4.615400
4.615400
7.500000
13.269000
13.269000
6.538500
-2.115400
-4.038500
-8.846200
-8.846200
-7.884600
-5.000000
0.769230
5.576900
7.500000
4.615400
5.576900
6.538500
4.615400
5.576900
5.576900
0.769230
-0.192310
-1.153800
-2.115400
-0.192310
-5.000000
-8.846200
-5.000000
-0.192310
0.769230
-2.115400
-2.115400
2.692300
-1.153800
-1.153800
0.769230
2.692300
-0.192310
-4.038500
-5.961500
-9.807700
-6.923100
-0.192310
-2.115400
-1.153800
-3.076900
-8.846200
-6.923100
-1.153800
4.615400
13.269000
16.153999
19.038000
19.038000
13.269000
2.692300
-8.846200
-17.500000
-21.346001
-19.423000
-15.577000
-10.769000
-4.038500
2.692300
7.500000
8.461500
9.423100
13.269000
13.269000
8.461500
-1.153800
-4.038500
-5.961500
-10.769000
-9.807700
-5.000000
-4.038500
-3.076900
-0.192310
-4.038500
-10.769000
-7.884600
-5.961500
-3.076900
-2.115400
-1.153800
3.653800
4.615400
4.615400
3.653800
3.653800
4.615400
2.692300
3.653800
1.730800
-0.192310
4.615400
9.423100
7.500000
6.538500
9.423100
11.346000
10.385000
6.538500
5.576900
5.576900
6.538500
-1.153800
-7.884600
-9.807700
-8.846200
-8.846200
-7.884600
-5.000000
-0.192310
2.692300
6.538500
4.615400
-3.076900
-7.884600
-8.846200
-11.731000
-9.807700
-5.000000
-12.692000
-13.654000
-6.923100
-5.000000
-1.153800
6.538500
12.308000
15.192000
14.231000
11.346000
9.423100
8.461500
7.500000
8.461500
7.500000
4.615400
8.461500
7.500000
1.730800
-2.115400
-5.961500
-7.884600
-7.884600
-8.846200
-5.000000
-3.076900
0.769230
3.653800
4.615400
3.653800
2.692300
-2.115400
-6.923100
-8.846200
-13.654000
-15.577000
-14.615000
-10.769000
-11.731000
-9.807700
-4.038500
0.769230
-0.192310
1.730800
5.576900
5.576900
-1.153800
-5.961500
-2.115400
-1.153800
-2.115400
-0.192310
-2.115400
0.769230
4.615400
7.500000
6.538500
4.615400
5.576900
5.576900
2.692300
1.730800
-0.192310
-0.192310
5.576900
