4.761900
4.761900
2.857100
-2.857100
2.857100
-3.809500
0.000000
4.761900
1.904800
2.857100
2.857100
0.952380
0.952380
-2.857100
3.809500
6.666700
5.714300
0.952380
0.952380
4.761900
4.761900
2.857100
-1.904800
-7.619000
-3.809500
0.952380
-1.904800
-4.761900
-9.523800
-6.666700
5.714300
7.619000
4.761900
-0.952380
0.000000
9.523800
1.904800
-4.761900
-3.809500
-8.571400
-3.809500
-0.952380
-2.857100
-8.571400
-1.904800
2.857100
-2.857100
-2.857100
0.952380
3.809500
4.761900
2.857100
5.714300
2.857100
-2.857100
-4.761900
-7.619000
-2.857100
2.857100
6.666700
9.523800
8.571400
8.571400
6.666700
5.714300
6.666700
9.523800
6.666700
-0.952380
-1.904800
0.000000
1.904800
3.809500
-2.857100
-4.761900
-3.809500
-4.761900
-6.666700
-2.857100
0.000000
0.952380
-5.714300
-9.523800
-6.666700
-2.857100
-4.761900
0.952380
2.857100
0.952380
0.000000
0.000000
-2.857100
-6.666700
-4.761900
-5.714300
-3.809500
6.666700
6.666700
3.809500
-2.857100
-2.857100
1.904800
2.857100
4.761900
2.857100
2.857100
4.761900
3.809500
1.904800
-2.857100
-1.904800
0.952380
3.809500
-3.809500
-2.857100
3.809500
7.619000
4.761900
7.619000
6.666700
0.952380
3.809500
0.000000
-1.904800
-2.857100
-6.666700
-1.904800
-1.904800
-6.666700
-7.619000
-0.952380
5.714300
5.714300
2.857100
3.809500
7.619000
11.429000
11.429000
0.000000
-0.952380
0.000000
1.904800
0.000000
-4.761900
-2.857100
-1.904800
-5.714300
-5.714300
1.904800
0.952380
-3.809500
-7.619000
-5.714300
-2.857100
-0.952380
-7.619000
-7.619000
-6.666700
-6.666700
-3.809500
-0.952380
0.000000
4.761900
3.809500
-0.952380
0.952380
1.904800
4.761900
11.429000
8.571400
8.571400
7.619000
8.571400
9.523800
3.809500
2.857100
5.714300
2.857100
2.857100
2.857100
3.809500
5.714300
6.666700
5.714300
2.857100
-1.904800
1.904800
0.000000
0.000000
-0.952380
-7.619000
-7.619000
-4.761900
0.000000
1.904800
0.000000
-6.666700
-5.714300
-5.714300
-5.714300
-5.714300
-9.523800
-4.761900
-3.809500
-5.714300
-1.904800
-2.857100
-9.523800
-5.714300
3.809500
1.904800
-2.857100
-1.904800
-0.952380
0.952380
3.809500
1.904800
-2.857100
0.952380
8.571400
5.714300
-0.952380
-0.952380
1.904800
2.857100
-1.904800
0.000000
-0.952380
-0.952380
0.000000
-2.857100
-5.714300
-2.857100
2.857100
4.761900
-5.714300
-6.666700
-3.809500
-10.476000
-1.904800
1.904800
-2.857100
-0.952380
0.952380
-0.952380
3.809500
4.761900
-0.952380
-2.857100
-8.571400
-1.904800
4.761900
2.857100
-0.952380
1.904800
3.809500
0.952380
4.761900
0.952380
2.857100
5.714300
2.857100
0.952380
0.952380
5.714300
8.571400
4.761900
9.523800
6.666700
7.619000
5.714300
2.857100
0.952380
-0.952380
3.809500
0.952380
0.000000
0.000000
-4.761900
-3.809500
-6.666700
-7.619000
-6.666700
-6.666700
-2.857100
-0.952380
-2.857100
-10.476000
-9.523800
-3.809500
-2.857100
-0.952380
-5.714300
-1.904800
1.904800
-1.904800
1.904800
0.952380
0.952380
0.952380
-1.904800
2.857100
1.904800
-1.904800
0.952380
1.904800
0.952380
-2.857100
0.000000
3.809500
0.000000
2.857100
5.714300
2.857100
-4.761900
-0.952380
4.761900
1.904800
5.714300
7.619000
4.761900
2.857100
2.857100
0.000000
1.904800
0.952380
-0.952380
2.857100
2.857100
0.952380
0.952380
-0.952380
-6.666700
-3.809500
1.904800
0.000000
-1.904800
-7.619000
-6.666700
-4.761900
-2.857100
0.000000
-6.666700
-4.761900
0.000000
0.000000
0.952380
3.809500
6.666700
3.809500
-1.904800
-5.714300
-2.857100
0.952380
-0.952380
-3.809500
-0.952380
4.761900
3.809500
4.761900
3.809500
0.000000
-1.904800
-0.952380
-1.904800
-2.857100
-1.904800
-0.952380
-0.952380
-1.904800
-3.809500
-0.952380
-2.857100
-4.761900
-3.809500
4.761900
10.476000
5.714300
4.761900
0.952380
0.000000
0.952380
1.904800
1.904800
1.904800
0.000000
-0.952380
0.952380
-1.904800
-2.857100
-3.809500
0.952380
4.761900
3.809500
0.952380
4.761900
5.714300
6.666700
4.761900
3.809500
1.904800
0.000000
0.952380
0.000000
-5.714300
-1.904800
4.761900
8.571400
4.761900
1.904800
0.952380
-1.904800
1.904800
5.714300
0.952380
2.857100
3.809500
6.666700
-3.809500
-7.619000
-9.523800
-10.476000
-5.714300
-1.904800
-2.857100
-0.952380
1.904800
3.809500
1.904800
0.000000
0.952380
3.809500
-4.761900
-4.761900
-0.952380
-5.714300
-6.666700
-5.714300
-0.952380
0.000000
0.000000
0.952380
4.761900
3.809500
-0.952380
-3.809500
-4.761900
-4.761900
0.000000
4.761900
2.857100
0.000000
0.000000
0.952380
0.952380
1.904800
3.809500
-2.857100
-1.904800
-0.952380
-3.809500
-1.904800
1.904800
3.809500
5.714300
5.714300
-4.761900
-3.809500
-0.952380
2.857100
0.952380
1.904800
0.000000
5.714300
8.571400
1.904800
0.952380
-2.857100
-3.809500
0.952380
6.666700
5.714300
0.000000
-1.904800
-2.857100
1.904800
0.000000
-0.952380
1.904800
-0.952380
-3.809500
-4.761900
-3.809500
-7.619000
-7.619000
-0.952380
-2.857100
-6.666700
-2.857100
-1.904800
1.904800
0.000000
-0.952380
0.000000
-2.857100
-4.761900
-2.857100
-2.857100
-1.904800
0.000000
1.904800
0.000000
0.000000
-0.952380
2.857100
2.857100
0.952380
0.000000
0.000000
0.000000
1.904800
1.904800
2.857100
3.809500
1.904800
2.857100
1.904800
0.952380
0.000000
0.000000
2.857100
3.809500
1.904800
-3.809500
-3.809500
0.000000
2.857100
1.904800
-2.857100
-5.714300
0.952380
5.714300
2.857100
1.904800
0.000000
0.952380
2.857100
0.952380
-0.952380
-0.952380
-0.952380
-4.761900
-7.619000
-0.952380
2.857100
3.809500
-0.952380
-2.857100
0.952380
5.714300
4.761900
2.857100
2.857100
1.904800
0.000000
2.857100
1.904800
0.000000
1.904800
0.952380
0.000000
2.857100
2.857100
1.904800
1.904800
-1.904800
3.809500
2.857100
3.809500
4.761900
0.952380
2.857100
0.952380
0.000000
-2.857100
-2.857100
0.952380
0.952380
-1.904800
-0.952380
0.952380
0.952380
2.857100
1.904800
-1.904800
-5.714300
0.000000
2.857100
0.952380
0.000000
-0.952380
-1.904800
-0.952380
1.904800
-1.904800
-4.761900
2.857100
4.761900
0.000000
0.000000
-6.666700
0.000000
3.809500
-0.952380
-2.857100
-2.857100
2.857100
4.761900
2.857100
3.809500
3.809500
-8.571400
-4.761900
1.904800
-0.952380
-0.952380
0.000000
2.857100
-0.952380
-1.904800
0.000000
0.952380
-0.952380
0.000000
0.952380
3.809500
0.000000
-2.857100
-2.857100
0.000000
2.857100
1.904800
-2.857100
-4.761900
-0.952380
-0.952380
0.000000
0.000000
4.761900
7.619000
0.952380
4.761900
6.666700
4.761900
7.619000
6.666700
-1.904800
1.904800
3.809500
-3.809500
-4.761900
2.857100
4.761900
4.761900
8.571400
7.619000
6.666700
6.666700
8.571400
3.809500
0.000000
0.952380
-3.809500
-8.571400
-11.429000
-6.666700
-4.761900
-6.666700
-6.666700
-1.904800
-3.809500
-7.619000
-5.714300
-6.666700
-4.761900
-4.761900
-2.857100
-2.857100
-6.666700
-0.952380
2.857100
1.904800
2.857100
2.857100
-4.761900
-2.857100
2.857100
5.714300
4.761900
4.761900
7.619000
9.523800
5.714300
1.904800
0.000000
1.904800
-3.809500
-7.619000
-3.809500
0.952380
0.952380
-2.857100
0.000000
2.857100
4.761900
4.761900
0.000000
-1.904800
3.809500
3.809500
0.952380
-0.952380
-0.952380
0.952380
7.619000
4.761900
-0.952380
-1.904800
-1.904800
1.904800
2.857100
0.000000
4.761900
1.904800
1.904800
2.857100
2.857100
-1.904800
-7.619000
-7.619000
-0.952380
-2.857100
-0.952380
-2.857100
-2.857100
-1.904800
-1.904800
0.000000
3.809500
-0.952380
-1.904800
3.809500
0.952380
-1.904800
0.952380
-2.857100
-6.666700
-2.857100
-0.952380
-2.857100
-6.666700
-4.761900
0.000000
0.952380
2.857100
1.904800
2.857100
3.809500
0.952380
0.952380
-3.809500
-5.714300
-4.761900
-1.904800
-2.857100
-5.714300
-1.904800
0.000000
2.857100
6.666700
3.809500
2.857100
0.000000
-0.952380
3.809500
2.857100
0.000000
-0.952380
-1.904800
-1.904800
-1.904800
-2.857100
-1.904800
-3.809500
-0.952380
2.857100
1.904800
2.857100
3.809500
0.000000
1.904800
1.904800
1.904800
1.904800
-4.761900
-0.952380
1.904800
0.000000
-3.809500
-7.619000
-0.952380
3.809500
0.952380
1.904800
1.904800
-5.714300
0.000000
2.857100
0.000000
-2.857100
1.904800
3.809500
3.809500
2.857100
1.904800
0.000000
-6.666700
-2.857100
6.666700
1.904800
-0.952380
0.000000
4.761900
3.809500
3.809500
-0.952380
4.761900
12.381000
7.619000
1.904800
-0.952380
-3.809500
-3.809500
-0.952380
1.904800
1.904800
2.857100
0.952380
-1.904800
0.000000
2.857100
2.857100
-0.952380
1.904800
2.857100
-4.761900
-4.761900
-2.857100
-0.952380
-3.809500
-1.904800
0.000000
-0.952380
-3.809500
-0.952380
0.952380
1.904800
4.761900
0.952380
1.904800
2.857100
-2.857100
0.952380
0.952380
-5.714300
-4.761900
-1.904800
2.857100
2.857100
0.000000
0.000000
-0.952380
3.809500
4.761900
3.809500
4.761900
6.666700
7.619000
1.904800
1.904800
0.952380
-0.952380
0.000000
-2.857100
-4.761900
-1.904800
-4.761900
-0.952380
1.904800
-0.952380
0.952380
-1.904800
0.000000
0.000000
-0.952380
0.000000
1.904800
0.000000
-5.714300
-10.476000
-2.857100
-0.952380
0.000000
-4.761900
0.000000
0.000000
3.809500
3.809500
2.857100
3.809500
0.952380
0.000000
2.857100
-5.714300
-6.666700
0.952380
1.904800
1.904800
1.904800
4.761900
7.619000
5.714300
0.000000
-0.952380
-1.904800
-2.857100
0.000000
2.857100
1.904800
3.809500
4.761900
6.666700
1.904800
-6.666700
-3.809500
1.904800
0.000000
0.952380
-3.809500
-5.714300
-1.904800
-1.904800
-2.857100
2.857100
1.904800
2.857100
0.952380
-3.809500
-4.761900
-1.904800
-4.761900
-8.571400
-8.571400
-5.714300
-1.904800
0.952380
0.952380
0.952380
-0.952380
1.904800
3.809500
0.952380
1.904800
5.714300
3.809500
0.952380
-0.952380
1.904800
2.857100
-3.809500
-0.952380
3.809500
1.904800
7.619000
8.571400
0.000000
1.904800
4.761900
0.952380
-0.952380
0.952380
-0.952380
-4.761900
-3.809500
-1.904800
-4.761900
-4.761900
-1.904800
0.000000
-2.857100
-4.761900
-5.714300
-7.619000
0.000000
0.000000
1.904800
1.904800
0.952380
-0.952380
0.952380
5.714300
0.000000
-0.952380
-0.952380
-4.761900
-6.666700
1.904800
5.714300
3.809500
7.619000
5.714300
3.809500
5.714300
8.571400
