5.732700
10.564000
3.800300
3.800300
7.665100
6.698900
3.800300
-2.963000
-5.861500
-4.895300
-13.591000
-14.557000
-4.895300
-2.963000
-2.963000
2.834100
9.597400
10.564000
8.631200
-0.064410
-4.895300
-1.030600
4.766500
-1.996800
-3.929100
-2.963000
-4.895300
-2.963000
-1.030600
-1.030600
3.800300
3.800300
-1.996800
1.868000
8.631200
1.868000
-1.996800
0.901770
3.800300
5.732700
8.631200
7.665100
-3.929100
-1.030600
-2.963000
-5.861500
-1.996800
-0.064410
2.834100
3.800300
4.766500
3.800300
-1.996800
-3.929100
-1.030600
-1.030600
2.834100
-3.929100
-10.692000
-5.861500
-5.861500
-6.827700
-3.929100
-1.030600
-2.963000
-3.929100
0.901770
4.766500
0.901770
-4.895300
-2.963000
-5.861500
-5.861500
-5.861500
-2.963000
-0.064410
1.868000
7.665100
3.800300
-1.996800
-1.996800
0.901770
7.665100
8.631200
-0.064410
-2.963000
2.834100
1.868000
-1.030600
3.800300
8.631200
6.698900
-0.064410
-4.895300
-1.996800
-1.030600
4.766500
2.834100
-5.861500
-5.861500
-3.929100
0.901770
7.665100
1.868000
-3.929100
-4.895300
-1.996800
1.868000
1.868000
1.868000
1.868000
-4.895300
-2.963000
-0.064410
-0.064410
4.766500
4.766500
2.834100
2.834100
3.800300
-1.030600
-2.963000
1.868000
2.834100
6.698900
3.800300
2.834100
7.665100
0.901770
-4.895300
-1.030600
-2.963000
-5.861500
-2.963000
-1.030600
2.834100
8.631200
5.732700
-1.030600
-4.895300
-5.861500
3.800300
2.834100
1.868000
-0.064410
-2.963000
-1.996800
-2.963000
-1.996800
-2.963000
-3.929100
-2.963000
-2.963000
1.868000
7.665100
1.868000
-3.929100
-6.827700
-3.929100
-1.996800
-1.030600
3.800300
1.868000
0.901770
2.834100
-1.030600
-1.030600
2.834100
1.868000
5.732700
7.665100
2.834100
4.766500
4.766500
2.834100
2.834100
2.834100
0.901770
3.800300
5.732700
4.766500
2.834100
1.868000
-1.030600
-4.895300
-3.929100
-2.963000
1.868000
5.732700
0.901770
-5.861500
-1.996800
1.868000
-0.064410
1.868000
1.868000
2.834100
-0.064410
-5.861500
-0.064410
3.800300
3.800300
2.834100
0.901770
0.901770
0.901770
1.868000
-0.064410
0.901770
1.868000
-2.963000
-1.996800
-2.963000
0.901770
5.732700
0.901770
-2.963000
-1.996800
-1.030600
-3.929100
-5.861500
-1.996800
-2.963000
-2.963000
-5.861500
1.868000
8.631200
12.496000
14.428000
0.901770
-11.659000
-0.064410
-0.064410
0.901770
5.732700
9.597400
5.732700
-1.030600
-3.929100
-1.996800
1.868000
1.868000
-0.064410
0.901770
3.800300
0.901770
-2.963000
-6.827700
-5.861500
-1.996800
-2.963000
-5.861500
-3.929100
-0.064410
-3.929100
-1.996800
1.868000
-2.963000
4.766500
2.834100
-3.929100
-6.827700
-3.929100
2.834100
5.732700
3.800300
-1.996800
-2.963000
0.901770
1.868000
3.800300
4.766500
10.564000
4.766500
-1.030600
-2.963000
-1.030600
-0.064410
1.868000
-0.064410
-4.895300
-3.929100
3.800300
4.766500
1.868000
1.868000
7.665100
6.698900
-5.861500
-8.760100
-1.030600
-3.929100
-4.895300
2.834100
1.868000
-0.064410
-5.861500
-8.760100
-7.793900
-1.030600
-5.861500
-3.929100
0.901770
-1.030600
-2.963000
-6.827700
-4.895300
2.834100
3.800300
-1.030600
-3.929100
-3.929100
-0.064410
-1.030600
-2.963000
-2.963000
0.901770
13.462000
8.631200
0.901770
-3.929100
-6.827700
-1.030600
-0.064410
0.901770
2.834100
-2.963000
-3.929100
4.766500
7.665100
8.631200
5.732700
-0.064410
11.530000
4.766500
-8.760100
-10.692000
-5.861500
-7.793900
-6.827700
-8.760100
-5.861500
-3.929100
-1.030600
5.732700
5.732700
-3.929100
-3.929100
-0.064410
2.834100
-1.030600
1.868000
7.665100
8.631200
0.901770
2.834100
3.800300
3.800300
7.665100
6.698900
3.800300
-0.064410
1.868000
0.901770
8.631200
7.665100
2.834100
0.901770
-1.996800
-1.030600
1.868000
2.834100
-1.996800
-5.861500
-2.963000
-1.030600
-1.030600
6.698900
0.901770
-3.929100
0.901770
5.732700
6.698900
1.868000
1.868000
8.631200
8.631200
8.631200
2.834100
-5.861500
-0.064410
1.868000
8.631200
2.834100
-2.963000
2.834100
1.868000
1.868000
1.868000
1.868000
3.800300
0.901770
2.834100
3.800300
0.901770
1.868000
-0.064410
-0.064410
-0.064410
-1.996800
-2.963000
-1.030600
2.834100
-1.030600
-1.996800
-2.963000
-3.929100
-5.861500
-6.827700
-1.996800
-1.030600
0.901770
0.901770
-3.929100
-2.963000
-3.929100
-7.793900
-7.793900
-2.963000
-1.996800
0.901770
0.901770
0.901770
-1.030600
0.901770
-0.064410
-4.895300
-2.963000
-0.064410
2.834100
6.698900
2.834100
-6.827700
-2.963000
1.868000
-0.064410
8.631200
3.800300
1.868000
4.766500
-1.996800
-1.030600
-1.030600
-4.895300
-6.827700
-3.929100
2.834100
-2.963000
-7.793900
-4.895300
-2.963000
-1.996800
-1.030600
-3.929100
-4.895300
0.901770
-1.030600
0.901770
2.834100
2.834100
2.834100
2.834100
2.834100
4.766500
2.834100
-0.064410
-2.963000
1.868000
8.631200
6.698900
2.834100
3.800300
4.766500
4.766500
-0.064410
-7.793900
-8.760100
-5.861500
-0.064410
2.834100
-1.030600
0.901770
5.732700
3.800300
-1.030600
-8.760100
-5.861500
2.834100
4.766500
4.766500
-1.030600
-5.861500
-0.064410
-0.064410
8.631200
9.597400
4.766500
4.766500
-1.030600
-0.064410
0.901770
2.834100
1.868000
-4.895300
-5.861500
-4.895300
-1.996800
-0.064410
-2.963000
-3.929100
-4.895300
0.901770
8.631200
11.530000
3.800300
0.901770
-2.963000
-7.793900
-4.895300
-4.895300
-2.963000
-0.064410
2.834100
3.800300
4.766500
9.597400
1.868000
-4.895300
0.901770
4.766500
-1.996800
-5.861500
0.901770
-1.996800
2.834100
8.631200
1.868000
-5.861500
-5.861500
-1.996800
-1.996800
-4.895300
-5.861500
-0.064410
-1.030600
-2.963000
0.901770
-1.996800
-0.064410
3.800300
0.901770
-1.030600
2.834100
2.834100
2.834100
-1.996800
-3.929100
1.868000
3.800300
4.766500
7.665100
8.631200
7.665100
7.665100
4.766500
-1.030600
-2.963000
-2.963000
-1.996800
-1.996800
4.766500
4.766500
0.901770
-2.963000
-3.929100
-2.963000
-5.861500
-0.064410
-0.064410
-1.030600
0.901770
-1.030600
-4.895300
-1.996800
-2.963000
-2.963000
2.834100
2.834100
2.834100
3.800300
6.698900
7.665100
2.834100
2.834100
-1.030600
-3.929100
-1.030600
5.732700
0.901770
-1.996800
-1.996800
-4.895300
-4.895300
-0.064410
1.868000
-0.064410
0.901770
0.901770
3.800300
3.800300
1.868000
11.530000
0.901770
-6.827700
-6.827700
-6.827700
-3.929100
-6.827700
-6.827700
-3.929100
4.766500
1.868000
3.800300
5.732700
-4.895300
-3.929100
-2.963000
-3.929100
-4.895300
-7.793900
-0.064410
7.665100
10.564000
9.597400
7.665100
11.530000
11.530000
2.834100
-1.030600
-0.064410
-0.064410
-3.929100
-7.793900
-1.996800
-1.030600
-1.030600
3.800300
4.766500
2.834100
-1.030600
-2.963000
-1.996800
3.800300
6.698900
9.597400
3.800300
-2.963000
-5.861500
-2.963000
0.901770
-0.064410
-3.929100
-8.760100
-6.827700
-2.963000
-4.895300
-6.827700
-4.895300
-1.030600
1.868000
3.800300
5.732700
2.834100
4.766500
1.868000
0.901770
8.631200
-1.996800
-7.793900
-4.895300
-0.064410
5.732700
4.766500
3.800300
6.698900
8.631200
6.698900
1.868000
-1.996800
-2.963000
-2.963000
-6.827700
-5.861500
-0.064410
-2.963000
-1.996800
-0.064410
-2.963000
-3.929100
0.901770
1.868000
-3.929100
-2.963000
2.834100
2.834100
-0.064410
1.868000
0.901770
-1.030600
0.901770
10.564000
1.868000
-10.692000
-6.827700
-1.030600
2.834100
2.834100
3.800300
6.698900
6.698900
1.868000
-1.030600
-0.064410
-0.064410
-1.030600
-1.996800
-1.030600
1.868000
1.868000
7.665100
2.834100
-0.064410
1.868000
2.834100
4.766500
2.834100
-0.064410
-2.963000
-7.793900
-7.793900
-6.827700
-8.760100
-8.760100
-1.996800
1.868000
2.834100
3.800300
6.698900
4.766500
2.834100
-1.030600
-2.963000
0.901770
2.834100
-0.064410
-0.064410
2.834100
1.868000
4.766500
-1.030600
-6.827700
-1.996800
-2.963000
-0.064410
4.766500
7.665100
3.800300
-0.064410
-0.064410
3.800300
7.665100
-1.996800
-7.793900
-1.030600
3.800300
-0.064410
-4.895300
-3.929100
1.868000
3.800300
2.834100
-1.030600
-1.030600
-3.929100
-8.760100
-2.963000
2.834100
0.901770
-3.929100
-2.963000
-2.963000
0.901770
1.868000
-3.929100
-3.929100
-2.963000
3.800300
1.868000
-0.064410
0.901770
2.834100
8.631200
-1.996800
-4.895300
-3.929100
-1.996800
2.834100
-1.996800
0.901770
4.766500
0.901770
-1.996800
-0.064410
-2.963000
0.901770
5.732700
0.901770
5.732700
0.901770
-1.996800
-3.929100
2.834100
10.564000
3.800300
-1.030600
-1.030600
1.868000
2.834100
1.868000
2.834100
-2.963000
-3.929100
5.732700
7.665100
1.868000
1.868000
-1.030600
-1.996800
3.800300
10.564000
13.462000
7.665100
4.766500
1.868000
-1.030600
-1.030600
-0.064410
1.868000
4.766500
6.698900
12.496000
5.732700
-1.996800
-4.895300
-5.861500
-7.793900
-8.760100
-2.963000
0.901770
-0.064410
-1.030600
-1.030600
-1.996800
-5.861500
-6.827700
-7.793900
-12.625000
-11.659000
-10.692000
-11.659000
-11.659000
-1.996800
-0.064410
1.868000
1.868000
1.868000
-0.064410
0.901770
-1.030600
-2.963000
-0.064410
4.766500
4.766500
8.631200
2.834100
8.631200
11.530000
5.732700
0.901770
-0.064410
-0.064410
-1.030600
2.834100
5.732700
6.698900
6.698900
0.901770
-4.895300
-2.963000
-1.030600
-7.793900
-10.692000
-7.793900
-2.963000
0.901770
6.698900
5.732700
3.800300
-1.996800
-5.861500
-3.929100
-4.895300
-2.963000
3.800300
3.800300
-4.895300
-5.861500
-1.030600
2.834100
2.834100
-0.064410
-0.064410
0.901770
0.901770
3.800300
3.800300
1.868000
-0.064410
-3.929100
-1.030600
3.800300
4.766500
5.732700
8.631200
11.530000
5.732700
1.868000
5.732700
7.665100
5.732700
2.834100
1.868000
-4.895300
-2.963000
-0.064410
-1.996800
-1.996800
-1.030600
-0.064410
1.868000
1.868000
-0.064410
1.868000
-4.895300
-6.827700
-1.996800
-1.030600
2.834100
1.868000
-1.996800
-3.929100
-3.929100
-1.996800
-2.963000
-5.861500
-2.963000
-2.963000
-1.996800
-1.030600
1.868000
3.800300
2.834100
2.834100
0.901770
0.901770
2.834100
1.868000
-2.963000
-0.064410
1.868000
5.732700
3.800300
-2.963000
-5.861500
1.868000
7.665100
2.834100
0.901770
3.800300
4.766500
8.631200
6.698900
1.868000
-5.861500
-9.726200
-5.861500
1.868000
1.868000
-2.963000
-6.827700
-6.827700
-4.895300
-1.030600
-0.064410
2.834100
-1.996800
-3.929100
-1.996800
-0.064410
1.868000
0.901770
0.901770
3.800300
4.766500
