5.940600
12.871000
24.752001
17.822001
-6.930700
-18.812000
-9.901000
-2.970300
-3.960400
-13.861000
-15.842000
-11.881000
-2.970300
8.910900
14.851000
10.891000
6.930700
0.990100
0.990100
6.930700
0.000000
-5.940600
0.000000
14.851000
11.881000
2.970300
-0.990100
8.910900
3.960400
0.000000
4.950500
4.950500
2.970300
13.861000
20.792000
6.930700
8.910900
8.910900
3.960400
-3.960400
-6.930700
-0.990100
5.940600
-2.970300
0.990100
13.861000
17.822001
12.871000
1.980200
3.960400
-3.960400
-17.822001
-17.822001
-10.891000
1.980200
-3.960400
-8.910900
3.960400
18.812000
12.871000
4.950500
4.950500
7.920800
7.920800
2.970300
-1.980200
0.000000
4.950500
0.990100
-2.970300
3.960400
9.901000
10.891000
2.970300
6.930700
12.871000
15.842000
7.920800
-1.980200
0.000000
-1.980200
-9.901000
-2.970300
16.832001
22.771999
12.871000
12.871000
21.782000
25.743000
11.881000
12.871000
16.832001
15.842000
12.871000
5.940600
7.920800
18.812000
20.792000
22.771999
12.871000
14.851000
19.802000
16.832001
8.910900
12.871000
17.822001
8.910900
3.960400
1.980200
-4.950500
-9.901000
-10.891000
-5.940600
7.920800
12.871000
13.861000
8.910900
10.891000
14.851000
17.822001
12.871000
8.910900
20.792000
26.733000
34.653000
39.604000
41.584000
22.771999
6.930700
19.802000
18.812000
4.950500
6.930700
8.910900
-0.990100
-10.891000
-8.910900
2.970300
14.851000
8.910900
6.930700
6.930700
8.910900
6.930700
0.000000
11.881000
10.891000
5.940600
11.881000
21.782000
21.782000
8.910900
13.861000
22.771999
21.782000
18.812000
1.980200
0.990100
10.891000
13.861000
18.812000
8.910900
-0.990100
0.990100
4.950500
-3.960400
-16.832001
-5.940600
8.910900
14.851000
15.842000
13.861000
12.871000
15.842000
9.901000
-3.960400
-3.960400
-0.990100
-8.910900
-14.851000
-9.901000
16.832001
26.733000
25.743000
15.842000
2.970300
8.910900
22.771999
24.752001
12.871000
-11.881000
-13.861000
6.930700
26.733000
34.653000
29.702999
25.743000
18.812000
10.891000
-1.980200
-8.910900
-5.940600
0.990100
1.980200
0.990100
6.930700
14.851000
25.743000
19.802000
7.920800
-1.980200
1.980200
18.812000
22.771999
0.000000
-13.861000
2.970300
28.712999
40.594002
26.733000
8.910900
8.910900
14.851000
12.871000
16.832001
17.822001
9.901000
-3.960400
-5.940600
1.980200
2.970300
-1.980200
-2.970300
-3.960400
-7.920800
-11.881000
-4.950500
13.861000
22.771999
16.832001
5.940600
17.822001
35.644001
31.683001
22.771999
14.851000
-0.990100
-15.842000
-15.842000
-4.950500
0.000000
5.940600
11.881000
23.761999
22.771999
10.891000
0.000000
-12.871000
-15.842000
-17.822001
-19.802000
-26.733000
-23.761999
-16.832001
-5.940600
0.990100
-0.990100
0.000000
-8.910900
-16.832001
-20.792000
-5.940600
6.930700
3.960400
-8.910900
-4.950500
5.940600
12.871000
10.891000
9.901000
-17.822001
-46.535000
-41.584000
-12.871000
3.960400
7.920800
7.920800
11.881000
20.792000
20.792000
14.851000
-3.960400
-18.812000
-22.771999
-29.702999
-29.702999
-14.851000
0.000000
20.792000
36.633999
28.712999
21.782000
11.881000
-2.970300
-15.842000
-12.871000
-18.812000
-22.771999
-11.881000
2.970300
10.891000
9.901000
5.940600
1.980200
10.891000
16.832001
6.930700
-2.970300
-11.881000
-8.910900
8.910900
22.771999
15.842000
10.891000
11.881000
10.891000
18.812000
16.832001
8.910900
-0.990100
-7.920800
-6.930700
0.990100
4.950500
0.000000
-4.950500
-1.980200
6.930700
2.970300
2.970300
0.990100
-6.930700
-17.822001
-20.792000
-16.832001
-4.950500
0.000000
5.940600
19.802000
22.771999
21.782000
29.702999
26.733000
26.733000
23.761999
13.861000
14.851000
15.842000
13.861000
4.950500
1.980200
1.980200
7.920800
13.861000
7.920800
8.910900
13.861000
14.851000
25.743000
40.594002
31.683001
15.842000
4.950500
4.950500
6.930700
6.930700
20.792000
37.624001
40.594002
33.662998
36.633999
44.554001
46.535000
34.653000
23.761999
13.861000
10.891000
12.871000
18.812000
25.743000
33.662998
24.752001
26.733000
31.683001
32.673000
31.683001
29.702999
43.563999
53.465000
52.474998
46.535000
36.633999
28.712999
33.662998
35.644001
22.771999
13.861000
15.842000
20.792000
22.771999
16.832001
18.812000
20.792000
22.771999
30.693001
31.683001
29.702999
24.752001
22.771999
6.930700
0.000000
-1.980200
-7.920800
-6.930700
0.000000
7.920800
11.881000
10.891000
16.832001
10.891000
3.960400
7.920800
5.940600
-8.910900
-11.881000
-4.950500
-9.901000
-4.950500
2.970300
15.842000
14.851000
18.812000
24.752001
24.752001
18.812000
12.871000
6.930700
8.910900
12.871000
10.891000
9.901000
4.950500
-4.950500
-14.851000
-10.891000
-13.861000
-18.812000
-15.842000
-12.871000
-8.910900
-11.881000
-9.901000
-10.891000
-7.920800
-4.950500
-5.940600
-9.901000
-3.960400
2.970300
15.842000
26.733000
31.683001
28.712999
24.752001
17.822001
9.901000
14.851000
11.881000
0.000000
-8.910900
-6.930700
0.000000
7.920800
11.881000
14.851000
3.960400
-9.901000
-15.842000
-13.861000
-13.861000
-17.822001
-17.822001
-3.960400
-3.960400
-6.930700
-5.940600
-15.842000
-8.910900
-7.920800
-5.940600
-6.930700
-9.901000
-15.842000
-18.812000
-27.723000
-29.702999
-16.832001
-3.960400
2.970300
-7.920800
-11.881000
-8.910900
-0.990100
-2.970300
-9.901000
-19.802000
-25.743000
-13.861000
-8.910900
-9.901000
-7.920800
-10.891000
-12.871000
-11.881000
-3.960400
-3.960400
-8.910900
-8.910900
-10.891000
-15.842000
-20.792000
-12.871000
-11.881000
-9.901000
-12.871000
-9.901000
2.970300
1.980200
-8.910900
-4.950500
5.940600
7.920800
-0.990100
-8.910900
-10.891000
-16.832001
-10.891000
-9.901000
-11.881000
-17.822001
-24.752001
-21.782000
-15.842000
-20.792000
-32.673000
-31.683001
-19.802000
-20.792000
-29.702999
-30.693001
-29.702999
-31.683001
-34.653000
-31.683001
-25.743000
-20.792000
-21.782000
-14.851000
-9.901000
-9.901000
-14.851000
-17.822001
-18.812000
-6.930700
-4.950500
-13.861000
-12.871000
-17.822001
-17.822001
-6.930700
0.990100
-2.970300
-6.930700
-11.881000
-15.842000
-9.901000
-6.930700
-7.920800
0.000000
2.970300
0.000000
0.990100
2.970300
5.940600
1.980200
-1.980200
-7.920800
-15.842000
-17.822001
-8.910900
-7.920800
-10.891000
-9.901000
-6.930700
-4.950500
-6.930700
-3.960400
9.901000
14.851000
8.910900
-3.960400
-17.822001
-11.881000
-11.881000
-14.851000
-8.910900
0.990100
11.881000
13.861000
-2.970300
-16.832001
-5.940600
4.950500
4.950500
-8.910900
-23.761999
-25.743000
-16.832001
-11.881000
-9.901000
-15.842000
-24.752001
-29.702999
-29.702999
-18.812000
-11.881000
-12.871000
-17.822001
-21.782000
-22.771999
-5.940600
8.910900
19.802000
17.822001
2.970300
-14.851000
-15.842000
-6.930700
-4.950500
-8.910900
-17.822001
-15.842000
1.980200
11.881000
8.910900
7.920800
2.970300
9.901000
-2.970300
-12.871000
-5.940600
-4.950500
-8.910900
-3.960400
6.930700
11.881000
0.990100
-7.920800
-16.832001
-22.771999
-21.782000
-24.752001
-21.782000
-15.842000
-7.920800
0.000000
-2.970300
-0.990100
8.910900
6.930700
5.940600
4.950500
0.990100
-10.891000
-16.832001
-6.930700
0.000000
0.990100
1.980200
8.910900
18.812000
14.851000
-6.930700
-9.901000
-2.970300
-4.950500
-13.861000
-15.842000
-5.940600
1.980200
-6.930700
-16.832001
-9.901000
3.960400
16.832001
3.960400
0.990100
12.871000
9.901000
-13.861000
-21.782000
-20.792000
-17.822001
-12.871000
-5.940600
5.940600
10.891000
15.842000
16.832001
18.812000
18.812000
12.871000
-4.950500
-9.901000
3.960400
9.901000
-7.920800
-18.812000
-2.970300
3.960400
3.960400
5.940600
-0.990100
-11.881000
-18.812000
-20.792000
-25.743000
-28.712999
-21.782000
-18.812000
-26.733000
-32.673000
-17.822001
-9.901000
-16.832001
-18.812000
-5.940600
0.000000
-5.940600
-13.861000
-14.851000
-8.910900
-11.881000
-13.861000
-12.871000
-9.901000
-9.901000
-9.901000
-14.851000
-17.822001
-13.861000
-7.920800
0.000000
2.970300
8.910900
16.832001
15.842000
14.851000
13.861000
10.891000
6.930700
-3.960400
-4.950500
4.950500
22.771999
45.544998
42.574001
18.812000
12.871000
21.782000
24.752001
27.723000
25.743000
16.832001
19.802000
27.723000
16.832001
18.812000
24.752001
24.752001
20.792000
6.930700
1.980200
10.891000
10.891000
4.950500
-2.970300
-10.891000
-3.960400
5.940600
7.920800
-0.990100
-10.891000
-6.930700
3.960400
10.891000
8.910900
4.950500
-1.980200
-6.930700
-2.970300
4.950500
4.950500
1.980200
0.990100
-2.970300
6.930700
17.822001
7.920800
11.881000
10.891000
1.980200
-2.970300
-9.901000
0.990100
9.901000
13.861000
9.901000
13.861000
12.871000
4.950500
5.940600
14.851000
13.861000
10.891000
11.881000
15.842000
25.743000
28.712999
31.683001
29.702999
24.752001
23.761999
19.802000
3.960400
0.990100
5.940600
10.891000
9.901000
13.861000
30.693001
45.544998
28.712999
13.861000
18.812000
25.743000
19.802000
8.910900
5.940600
12.871000
28.712999
18.812000
8.910900
15.842000
17.822001
15.842000
13.861000
8.910900
13.861000
11.881000
0.990100
4.950500
20.792000
30.693001
30.693001
26.733000
18.812000
5.940600
3.960400
0.990100
-6.930700
-5.940600
-1.980200
-7.920800
-8.910900
11.881000
24.752001
32.673000
36.633999
36.633999
37.624001
27.723000
31.683001
30.693001
13.861000
7.920800
12.871000
12.871000
26.733000
39.604000
33.662998
25.743000
21.782000
25.743000
15.842000
-2.970300
-0.990100
10.891000
21.782000
21.782000
22.771999
21.782000
24.752001
17.822001
7.920800
8.910900
9.901000
21.782000
25.743000
12.871000
-5.940600
-0.990100
13.861000
16.832001
16.832001
12.871000
9.901000
12.871000
5.940600
-2.970300
2.970300
-4.950500
-6.930700
7.920800
23.761999
30.693001
29.702999
30.693001
29.702999
16.832001
1.980200
-7.920800
-15.842000
-15.842000
-11.881000
-3.960400
7.920800
15.842000
11.881000
19.802000
28.712999
24.752001
17.822001
8.910900
-1.980200
-2.970300
2.970300
3.960400
6.930700
5.940600
7.920800
17.822001
31.683001
31.683001
19.802000
-3.960400
-26.733000
-30.693001
-11.881000
6.930700
17.822001
18.812000
16.832001
15.842000
19.802000
25.743000
17.822001
4.950500
-8.910900
-11.881000
-10.891000
-10.891000
-7.920800
-7.920800
-10.891000
-6.930700
-3.960400
-5.940600
-11.881000
-9.901000
-4.950500
-9.901000
-13.861000
-11.881000
-9.901000
-8.910900
-12.871000
-22.771999
-24.752001
-33.662998
-37.624001
-29.702999
-22.771999
-18.812000
-14.851000
-16.832001
-19.802000
-13.861000
-2.970300
-0.990100
-12.871000
-16.832001
-13.861000
-10.891000
-16.832001
-24.752001
-19.802000
-9.901000
-6.930700
-13.861000
-17.822001
-20.792000
-26.733000
-26.733000
