-13.199000
-9.158200
7.003400
12.054000
-5.117800
-15.219000
-8.148100
-3.097600
-8.148100
-13.199000
-9.158200
-7.138000
-10.168000
-2.087500
9.023600
7.003400
5.993300
-1.077400
-1.077400
7.003400
9.023600
-1.077400
-7.138000
-3.097600
-6.127900
-5.117800
-0.067340
8.013500
3.973100
3.973100
10.034000
11.044000
2.963000
5.993300
7.003400
-5.117800
-1.077400
13.064000
14.074000
7.003400
1.952900
12.054000
19.125000
7.003400
9.023600
18.114000
12.054000
-1.077400
-10.168000
-0.067340
2.963000
-5.117800
0.942760
5.993300
17.104000
5.993300
-8.148100
-4.107700
3.973100
-2.087500
-5.117800
-1.077400
5.993300
16.094000
15.084000
9.023600
5.993300
4.983200
-6.127900
-15.219000
-14.209000
-9.158200
0.942760
5.993300
14.074000
23.165001
28.215000
18.114000
1.952900
-5.117800
-3.097600
-11.178000
-14.209000
-9.158200
-1.077400
-0.067340
12.054000
26.195000
34.276001
18.114000
11.044000
17.104000
23.165001
20.135000
-0.067340
-12.189000
-8.148100
7.003400
22.155001
26.195000
33.265999
38.316002
21.145000
0.942760
-1.077400
4.983200
-12.189000
-26.330000
-32.390999
-28.350000
-10.168000
0.942760
11.044000
22.155001
29.226000
33.265999
25.184999
14.074000
8.013500
-2.087500
-15.219000
-7.138000
16.094000
31.246000
42.356998
46.396999
46.396999
29.226000
10.034000
22.155001
22.155001
12.054000
8.013500
-0.067340
-11.178000
-10.168000
2.963000
11.044000
9.023600
0.942760
5.993300
16.094000
28.215000
23.165001
9.023600
4.983200
7.003400
4.983200
18.114000
26.195000
18.114000
-0.067340
1.952900
13.064000
16.094000
10.034000
-10.168000
-15.219000
-8.148100
-1.077400
10.034000
9.023600
-2.087500
1.952900
9.023600
12.054000
10.034000
13.064000
16.094000
15.084000
12.054000
14.074000
17.104000
17.104000
11.044000
-6.127900
-9.158200
2.963000
13.064000
12.054000
10.034000
18.114000
17.104000
18.114000
27.205000
18.114000
12.054000
17.104000
15.084000
13.064000
-0.067340
-5.117800
7.003400
27.205000
29.226000
21.145000
12.054000
7.003400
5.993300
-2.087500
-11.178000
-13.199000
-6.127900
1.952900
4.983200
4.983200
16.094000
31.246000
27.205000
10.034000
-1.077400
0.942760
15.084000
18.114000
3.973100
-4.107700
8.013500
22.155001
27.205000
11.044000
1.952900
17.104000
28.215000
23.165001
11.044000
4.983200
1.952900
2.963000
4.983200
0.942760
-11.178000
-15.219000
-6.127900
7.003400
7.003400
-3.097600
-7.138000
-2.087500
4.983200
4.983200
3.973100
13.064000
24.174999
18.114000
10.034000
4.983200
3.973100
1.952900
7.003400
11.044000
9.023600
7.003400
1.952900
8.013500
4.983200
-1.077400
-0.067340
2.963000
4.983200
-0.067340
-11.178000
-23.299999
-26.330000
-20.268999
-20.268999
-22.290001
-19.259001
-8.148100
-5.117800
-7.138000
-9.158200
-3.097600
-3.097600
-9.158200
-12.189000
-15.219000
-20.268999
-15.219000
-4.107700
5.993300
-2.087500
-19.259001
-21.278999
-15.219000
-13.199000
-5.117800
-0.067340
2.963000
4.983200
11.044000
17.104000
15.084000
2.963000
-3.097600
-5.117800
0.942760
3.973100
-9.158200
-11.178000
4.983200
14.074000
17.104000
9.023600
-7.138000
-15.219000
-3.097600
8.013500
4.983200
-5.117800
-19.259001
-28.350000
-23.299999
-10.168000
-5.117800
3.973100
9.023600
9.023600
11.044000
12.054000
19.125000
15.084000
11.044000
-5.117800
-17.239000
-22.290001
-17.239000
-2.087500
5.993300
2.963000
2.963000
2.963000
8.013500
14.074000
12.054000
-0.067340
-7.138000
-2.087500
7.003400
5.993300
-1.077400
-5.117800
-15.219000
-18.249001
-18.249001
-20.268999
-15.219000
-15.219000
-11.178000
0.942760
8.013500
12.054000
27.205000
34.276001
38.316002
28.215000
14.074000
11.044000
14.074000
17.104000
9.023600
0.942760
2.963000
14.074000
27.205000
30.236000
31.246000
32.256001
22.155001
23.165001
28.215000
20.135000
5.993300
1.952900
8.013500
19.125000
18.114000
28.215000
41.347000
41.347000
33.265999
29.226000
31.246000
30.236000
19.125000
17.104000
19.125000
17.104000
21.145000
26.195000
33.265999
36.296001
26.195000
24.174999
31.246000
31.246000
25.184999
21.145000
31.246000
41.347000
43.367001
46.396999
45.387001
39.327000
41.347000
47.407001
37.306000
26.195000
22.155001
21.145000
18.114000
10.034000
8.013500
10.034000
13.064000
22.155001
35.285999
39.327000
34.276001
28.215000
14.074000
10.034000
13.064000
5.993300
0.942760
0.942760
8.013500
17.104000
18.114000
24.174999
13.064000
1.952900
1.952900
5.993300
-3.097600
0.942760
9.023600
1.952900
-4.107700
-4.107700
4.983200
8.013500
12.054000
21.145000
26.195000
22.155001
13.064000
-0.067340
3.973100
10.034000
14.074000
13.064000
4.983200
-5.117800
-8.148100
-3.097600
-3.097600
-8.148100
-10.168000
-7.138000
-2.087500
0.942760
5.993300
1.952900
-9.158200
-17.239000
-17.239000
-7.138000
10.034000
20.135000
30.236000
39.327000
39.327000
31.246000
27.205000
23.165001
12.054000
9.023600
2.963000
-13.199000
-22.290001
-22.290001
-11.178000
3.973100
13.064000
17.104000
16.094000
3.973100
-7.138000
-16.229000
-19.259001
-18.249001
-16.229000
-11.178000
-20.268999
-26.330000
-19.259001
-14.209000
1.952900
7.003400
2.963000
-1.077400
-9.158200
-15.219000
-17.239000
-27.340000
-30.370001
-20.268999
-11.178000
-3.097600
-0.067340
5.993300
8.013500
5.993300
0.942760
-4.107700
-9.158200
-17.239000
-9.158200
-10.168000
-13.199000
-5.117800
-4.107700
-1.077400
3.973100
10.034000
4.983200
0.942760
1.952900
3.973100
-3.097600
-12.189000
-7.138000
-3.097600
-4.107700
-10.168000
-13.199000
-3.097600
-2.087500
-12.189000
-11.178000
-16.229000
-23.299999
-25.320000
-18.249001
-14.209000
-22.290001
-15.219000
-4.107700
-3.097600
-7.138000
-18.249001
-24.309999
-29.360001
-39.460999
-41.480999
-28.350000
-7.138000
-9.158200
-16.229000
-14.209000
-8.148100
-11.178000
-13.199000
-18.249001
-30.370001
-42.492001
-43.501999
-26.330000
-9.158200
-4.107700
-7.138000
-4.107700
-2.087500
10.034000
9.023600
-5.117800
-13.199000
-18.249001
-21.278999
-10.168000
-2.087500
-2.087500
-2.087500
1.952900
1.952900
3.973100
-3.097600
-14.209000
-7.138000
0.942760
1.952900
1.952900
4.983200
1.952900
-1.077400
-1.077400
-6.127900
-19.259001
-25.320000
-19.259001
-15.219000
-15.219000
-15.219000
-11.178000
-6.127900
-8.148100
-9.158200
2.963000
9.023600
8.013500
-3.097600
-18.249001
-18.249001
-17.239000
-18.249001
-13.199000
-7.138000
4.983200
14.074000
5.993300
-5.117800
-2.087500
0.942760
-3.097600
-6.127900
-12.189000
-16.229000
-21.278999
-25.320000
-27.340000
-26.330000
-17.239000
-12.189000
-18.249001
-20.268999
-16.229000
-13.199000
-14.209000
-21.278999
-23.299999
-16.229000
-6.127900
2.963000
5.993300
4.983200
-6.127900
-14.209000
-10.168000
-7.138000
-7.138000
-8.148100
-5.117800
4.983200
3.973100
-5.117800
-8.148100
-2.087500
12.054000
-0.067340
-17.239000
-12.189000
-8.148100
-10.168000
-9.158200
-3.097600
-1.077400
-11.178000
-19.259001
-23.299999
-21.278999
-16.229000
-17.239000
-18.249001
-14.209000
-11.178000
-7.138000
-13.199000
-11.178000
-4.107700
-7.138000
-14.209000
-15.219000
-4.107700
-2.087500
-8.148100
-10.168000
-10.168000
-11.178000
-6.127900
2.963000
15.084000
12.054000
-6.127900
-11.178000
-12.189000
-21.278999
-22.290001
-12.189000
-2.087500
4.983200
-9.158200
-20.268999
-14.209000
-0.067340
9.023600
3.973100
0.942760
12.054000
11.044000
-7.138000
-13.199000
-15.219000
-18.249001
-16.229000
-11.178000
-4.107700
0.942760
2.963000
5.993300
14.074000
18.114000
15.084000
1.952900
-8.148100
0.942760
2.963000
-13.199000
-22.290001
-10.168000
-6.127900
-3.097600
4.983200
-2.087500
-10.168000
-13.199000
-10.168000
-17.239000
-19.259001
-15.219000
-12.189000
-25.320000
-33.401001
-21.278999
-12.189000
-15.219000
-14.209000
2.963000
7.003400
-1.077400
-9.158200
-8.148100
-8.148100
-19.259001
-25.320000
-20.268999
-13.199000
-5.117800
-3.097600
-3.097600
-7.138000
-9.158200
-5.117800
-3.097600
-4.107700
-4.107700
3.973100
7.003400
10.034000
10.034000
10.034000
9.023600
4.983200
2.963000
5.993300
13.064000
32.256001
33.265999
13.064000
10.034000
21.145000
31.246000
33.265999
28.215000
17.104000
23.165001
27.205000
8.013500
8.013500
18.114000
21.145000
18.114000
9.023600
7.003400
16.094000
13.064000
3.973100
-3.097600
-6.127900
-3.097600
3.973100
2.963000
-1.077400
-10.168000
-11.178000
-3.097600
4.983200
3.973100
7.003400
5.993300
1.952900
1.952900
1.952900
0.942760
-6.127900
-11.178000
-15.219000
-0.067340
13.064000
5.993300
10.034000
11.044000
4.983200
3.973100
-1.077400
9.023600
9.023600
4.983200
-1.077400
2.963000
10.034000
7.003400
8.013500
15.084000
17.104000
13.064000
10.034000
8.013500
13.064000
12.054000
14.074000
16.094000
12.054000
13.064000
20.135000
12.054000
10.034000
14.074000
8.013500
-5.117800
-2.087500
24.174999
43.367001
28.215000
16.094000
23.165001
29.226000
26.195000
19.125000
17.104000
20.135000
25.184999
14.074000
11.044000
26.195000
27.205000
24.174999
17.104000
8.013500
9.023600
9.023600
4.983200
9.023600
15.084000
20.135000
27.205000
31.246000
27.205000
14.074000
11.044000
-1.077400
-14.209000
-14.209000
-4.107700
-3.097600
9.023600
27.205000
32.256001
37.306000
42.356998
39.327000
34.276001
18.114000
12.054000
13.064000
-0.067340
5.993300
23.165001
26.195000
32.256001
44.376999
35.285999
26.195000
20.135000
24.174999
19.125000
5.993300
4.983200
9.023600
14.074000
21.145000
32.256001
30.236000
30.236000
19.125000
10.034000
10.034000
5.993300
9.023600
17.104000
24.174999
23.165001
26.195000
30.236000
25.184999
19.125000
14.074000
1.952900
-1.077400
-12.189000
-18.249001
-10.168000
-8.148100
-2.087500
23.165001
42.356998
43.367001
35.285999
32.256001
30.236000
13.064000
1.952900
-7.138000
-16.229000
-15.219000
0.942760
20.135000
30.236000
27.205000
21.145000
25.184999
29.226000
19.125000
12.054000
1.952900
-10.168000
-8.148100
1.952900
9.023600
15.084000
22.155001
23.165001
18.114000
15.084000
13.064000
8.013500
-5.117800
-14.209000
-0.067340
18.114000
18.114000
17.104000
19.125000
15.084000
10.034000
15.084000
20.135000
11.044000
-3.097600
-11.178000
-8.148100
-6.127900
-10.168000
-9.158200
-9.158200
-9.158200
-5.117800
-4.107700
-3.097600
-13.199000
-21.278999
-17.239000
-12.189000
-5.117800
1.952900
1.952900
2.963000
2.963000
-1.077400
-5.117800
-18.249001
-35.421001
-44.512001
-46.532001
-42.492001
-27.340000
-19.259001
-14.209000
-5.117800
10.034000
13.064000
4.983200
-2.087500
-6.127900
-19.259001
-39.460999
-47.542000
-29.360001
-6.127900
7.003400
7.003400
5.993300
9.023600
-0.067340
-8.148100
