-2.970300
-2.970300
1.980200
-1.980200
-6.930700
-15.842000
-11.881000
-8.910900
-5.940600
-13.861000
-16.832001
-15.842000
-10.891000
-8.910900
-9.901000
-11.881000
-10.891000
-9.901000
-7.920800
0.990100
-3.960400
-5.940600
-5.940600
0.990100
-4.950500
-8.910900
-6.930700
2.970300
0.000000
-0.990100
3.960400
0.990100
-0.990100
3.960400
9.901000
2.970300
1.980200
-3.960400
-4.950500
-10.891000
-11.881000
-8.910900
0.000000
1.980200
5.940600
10.891000
9.901000
8.910900
4.950500
6.930700
-3.960400
-7.920800
-0.990100
6.930700
9.901000
11.881000
10.891000
17.822001
18.812000
14.851000
14.851000
11.881000
5.940600
0.990100
4.950500
-3.960400
0.000000
4.950500
4.950500
-0.990100
2.970300
7.920800
12.871000
5.940600
7.920800
12.871000
11.881000
5.940600
6.930700
10.891000
7.920800
7.920800
10.891000
24.752001
25.743000
19.802000
13.861000
17.822001
21.782000
15.842000
12.871000
16.832001
22.771999
27.723000
25.743000
19.802000
23.761999
26.733000
33.662998
28.712999
28.712999
24.752001
18.812000
10.891000
11.881000
12.871000
11.881000
9.901000
9.901000
10.891000
13.861000
19.802000
18.812000
20.792000
14.851000
17.822001
15.842000
15.842000
13.861000
16.832001
19.802000
27.723000
22.771999
23.761999
33.662998
39.604000
41.584000
22.771999
9.901000
13.861000
14.851000
8.910900
14.851000
12.871000
14.851000
10.891000
12.871000
10.891000
15.842000
14.851000
13.861000
11.881000
9.901000
7.920800
4.950500
12.871000
13.861000
13.861000
12.871000
18.812000
20.792000
16.832001
13.861000
15.842000
14.851000
15.842000
8.910900
1.980200
2.970300
0.990100
5.940600
6.930700
4.950500
0.000000
5.940600
5.940600
2.970300
-3.960400
-6.930700
-5.940600
5.940600
10.891000
10.891000
11.881000
12.871000
16.832001
17.822001
16.832001
9.901000
5.940600
0.000000
8.910900
2.970300
0.000000
2.970300
12.871000
19.802000
19.802000
11.881000
0.990100
-0.990100
-6.930700
-4.950500
0.000000
1.980200
12.871000
26.733000
11.881000
3.960400
-1.980200
-3.960400
-8.910900
-15.842000
-20.792000
-13.861000
-4.950500
-0.990100
4.950500
-0.990100
1.980200
5.940600
11.881000
8.910900
5.940600
-0.990100
5.940600
11.881000
15.842000
11.881000
5.940600
3.960400
13.861000
21.782000
16.832001
10.891000
2.970300
0.990100
-4.950500
-3.960400
-4.950500
-7.920800
-10.891000
-4.950500
0.990100
6.930700
7.920800
12.871000
14.851000
7.920800
11.881000
10.891000
9.901000
3.960400
-2.970300
-5.940600
2.970300
2.970300
2.970300
-0.990100
0.990100
-2.970300
-5.940600
-6.930700
-5.940600
-5.940600
-8.910900
-5.940600
-9.901000
-7.920800
-7.920800
-9.901000
-18.812000
-14.851000
-10.891000
-8.910900
-12.871000
-17.822001
-22.771999
-24.752001
-17.822001
-14.851000
-10.891000
-9.901000
-7.920800
-12.871000
-4.950500
-3.960400
-1.980200
-4.950500
-5.940600
-16.832001
-21.782000
-18.812000
-15.842000
-14.851000
-9.901000
-4.950500
-2.970300
0.000000
-3.960400
0.000000
0.000000
-2.970300
-10.891000
-14.851000
-17.822001
-7.920800
-4.950500
-2.970300
0.000000
-2.970300
-6.930700
-9.901000
-12.871000
-17.822001
-14.851000
-15.842000
-13.861000
-11.881000
-4.950500
-5.940600
0.000000
4.950500
3.960400
1.980200
0.990100
0.000000
2.970300
0.990100
0.000000
9.901000
13.861000
12.871000
10.891000
15.842000
13.861000
17.822001
12.871000
11.881000
10.891000
5.940600
0.000000
-2.970300
-3.960400
-6.930700
-6.930700
-7.920800
1.980200
1.980200
-0.990100
-5.940600
-3.960400
-8.910900
-3.960400
1.980200
10.891000
10.891000
14.851000
25.743000
34.653000
44.554001
55.445999
58.416000
49.505001
43.563999
38.613998
42.574001
34.653000
29.702999
26.733000
29.702999
30.693001
33.662998
36.633999
37.624001
35.644001
33.662998
29.702999
28.712999
30.693001
21.782000
20.792000
17.822001
20.792000
19.802000
21.782000
26.733000
34.653000
27.723000
19.802000
19.802000
24.752001
30.693001
20.792000
18.812000
14.851000
15.842000
15.842000
25.743000
24.752001
28.712999
24.752001
28.712999
32.673000
36.633999
42.574001
44.554001
50.494999
49.505001
49.505001
51.485001
53.465000
43.563999
42.574001
42.574001
41.584000
36.633999
36.633999
37.624001
40.594002
34.653000
34.653000
40.594002
44.554001
45.544998
36.633999
39.604000
40.594002
44.554001
32.673000
26.733000
22.771999
21.782000
19.802000
22.771999
27.723000
31.683001
26.733000
29.702999
26.733000
22.771999
24.752001
17.822001
5.940600
0.000000
5.940600
1.980200
7.920800
10.891000
17.822001
19.802000
22.771999
23.761999
24.752001
19.802000
12.871000
9.901000
6.930700
6.930700
4.950500
8.910900
7.920800
10.891000
4.950500
7.920800
6.930700
4.950500
1.980200
-2.970300
-5.940600
-4.950500
0.990100
4.950500
14.851000
17.822001
25.743000
26.733000
32.673000
30.693001
34.653000
33.662998
34.653000
28.712999
25.743000
17.822001
11.881000
13.861000
15.842000
18.812000
16.832001
19.802000
17.822001
21.782000
20.792000
24.752001
17.822001
9.901000
0.000000
0.000000
-4.950500
-10.891000
-3.960400
5.940600
3.960400
3.960400
10.891000
2.970300
5.940600
1.980200
1.980200
-6.930700
-12.871000
-21.782000
-26.733000
-30.693001
-23.761999
-16.832001
-11.881000
-8.910900
-12.871000
-8.910900
-13.861000
-15.842000
-16.832001
-11.881000
-16.832001
-18.812000
-18.812000
-17.822001
-23.761999
-21.782000
-21.782000
-15.842000
-11.881000
-6.930700
-3.960400
-4.950500
-3.960400
-12.871000
-12.871000
-12.871000
-3.960400
-1.980200
3.960400
0.000000
-3.960400
-4.950500
0.990100
0.000000
0.000000
2.970300
1.980200
0.990100
-1.980200
0.990100
-0.990100
4.950500
2.970300
5.940600
-2.970300
-12.871000
-20.792000
-20.792000
-20.792000
-22.771999
-30.693001
-32.673000
-30.693001
-32.673000
-24.752001
-20.792000
-17.822001
-25.743000
-28.712999
-33.662998
-35.644001
-37.624001
-28.712999
-22.771999
-17.822001
-14.851000
-10.891000
-9.901000
-2.970300
-0.990100
-10.891000
-15.842000
-28.712999
-25.743000
-19.802000
-9.901000
-7.920800
-3.960400
-3.960400
-0.990100
0.990100
-1.980200
-3.960400
-3.960400
-2.970300
-1.980200
-1.980200
-6.930700
-4.950500
-6.930700
-6.930700
-16.832001
-27.723000
-38.613998
-35.644001
-32.673000
-30.693001
-29.702999
-23.761999
-20.792000
-20.792000
-15.842000
-15.842000
-15.842000
-16.832001
-10.891000
-16.832001
-13.861000
-15.842000
-11.881000
-10.891000
-7.920800
-7.920800
-8.910900
-12.871000
-17.822001
-15.842000
-17.822001
-17.822001
-18.812000
-12.871000
-13.861000
-14.851000
-17.822001
-13.861000
-18.812000
-20.792000
-22.771999
-22.771999
-19.802000
-19.802000
-13.861000
-10.891000
-8.910900
-8.910900
-3.960400
-1.980200
6.930700
8.910900
13.861000
6.930700
2.970300
-0.990100
0.000000
0.990100
2.970300
2.970300
5.940600
6.930700
2.970300
4.950500
3.960400
10.891000
4.950500
4.950500
4.950500
7.920800
4.950500
0.990100
-4.950500
-5.940600
-14.851000
-23.761999
-26.733000
-30.693001
-29.702999
-27.723000
-20.792000
-15.842000
-11.881000
-14.851000
-9.901000
-9.901000
-9.901000
-11.881000
-11.881000
-17.822001
-16.832001
-17.822001
-25.743000
-26.733000
-23.761999
-11.881000
-3.960400
3.960400
5.940600
11.881000
3.960400
3.960400
1.980200
2.970300
1.980200
-1.980200
-4.950500
-0.990100
-0.990100
-3.960400
0.000000
-0.990100
6.930700
5.940600
6.930700
4.950500
4.950500
-6.930700
-8.910900
-6.930700
-2.970300
-3.960400
0.000000
5.940600
6.930700
8.910900
6.930700
12.871000
9.901000
7.920800
0.000000
2.970300
5.940600
10.891000
2.970300
-2.970300
-4.950500
-2.970300
-1.980200
0.990100
0.000000
-10.891000
-13.861000
-11.881000
-5.940600
-7.920800
-8.910900
-10.891000
-5.940600
-11.881000
-9.901000
-11.881000
-14.851000
-12.871000
-7.920800
-8.910900
-14.851000
-14.851000
-15.842000
-16.832001
-26.733000
-27.723000
-24.752001
-17.822001
-18.812000
-13.861000
-11.881000
-12.871000
-18.812000
-18.812000
-16.832001
-20.792000
-18.812000
-17.822001
-21.782000
-25.743000
-15.842000
-13.861000
-5.940600
-5.940600
-4.950500
-2.970300
0.990100
5.940600
6.930700
-1.980200
-1.980200
1.980200
8.910900
18.812000
21.782000
21.782000
20.792000
28.712999
28.712999
28.712999
21.782000
22.771999
15.842000
9.901000
7.920800
8.910900
-0.990100
-12.871000
-14.851000
-15.842000
-10.891000
-4.950500
-1.980200
-7.920800
-7.920800
-6.930700
-3.960400
-5.940600
-2.970300
-3.960400
-2.970300
1.980200
5.940600
6.930700
6.930700
6.930700
2.970300
2.970300
5.940600
14.851000
10.891000
16.832001
14.851000
12.871000
11.881000
10.891000
14.851000
16.832001
19.802000
12.871000
9.901000
3.960400
-4.950500
-11.881000
-10.891000
-13.861000
-4.950500
-3.960400
2.970300
11.881000
12.871000
6.930700
10.891000
15.842000
17.822001
14.851000
7.920800
9.901000
11.881000
17.822001
19.802000
30.693001
37.624001
43.563999
31.683001
28.712999
35.644001
44.554001
42.574001
35.644001
32.673000
35.644001
41.584000
29.702999
24.752001
30.693001
33.662998
24.752001
27.723000
28.712999
32.673000
29.702999
28.712999
28.712999
30.693001
30.693001
36.633999
36.633999
23.761999
16.832001
21.782000
24.752001
18.812000
17.822001
20.792000
22.771999
16.832001
19.802000
23.761999
32.673000
34.653000
31.683001
27.723000
27.723000
43.563999
48.514999
35.644001
30.693001
31.683001
22.771999
30.693001
36.633999
30.693001
24.752001
25.743000
33.662998
31.683001
23.761999
25.743000
27.723000
27.723000
23.761999
16.832001
16.832001
19.802000
26.733000
24.752001
26.733000
27.723000
35.644001
35.644001
32.673000
22.771999
22.771999
26.733000
24.752001
17.822001
7.920800
6.930700
11.881000
12.871000
7.920800
15.842000
10.891000
9.901000
26.733000
39.604000
30.693001
21.782000
14.851000
10.891000
8.910900
3.960400
-3.960400
-10.891000
-6.930700
0.000000
13.861000
15.842000
15.842000
5.940600
7.920800
10.891000
10.891000
9.901000
0.990100
-4.950500
-2.970300
2.970300
5.940600
10.891000
8.910900
12.871000
13.861000
19.802000
20.792000
18.812000
-0.990100
-14.851000
-18.812000
-14.851000
-9.901000
-1.980200
2.970300
6.930700
17.822001
17.822001
19.802000
15.842000
10.891000
-1.980200
-3.960400
-12.871000
-23.761999
-30.693001
-34.653000
-38.613998
-35.644001
-23.761999
-12.871000
-12.871000
-18.812000
-22.771999
-34.653000
-34.653000
-32.673000
-29.702999
-34.653000
-32.673000
-33.662998
-30.693001
-31.683001
-30.693001
-27.723000
-25.743000
-19.802000
-19.802000
-18.812000
-14.851000
-6.930700
-4.950500
0.990100
-0.990100
2.970300
1.980200
2.970300
-2.970300
-4.950500
-6.930700
-11.881000
-14.851000
-20.792000
-24.752001
-30.693001
-34.653000
-35.644001
