20.354000
24.219000
34.847000
24.219000
-11.530000
-32.785999
-29.886999
-21.191999
-20.225000
-10.564000
9.726200
23.253000
27.118000
33.881001
44.508999
30.016001
5.861500
-26.023001
-34.717999
-20.225000
-15.395000
-16.361000
-11.530000
-2.834100
1.996800
6.827700
18.422001
29.049999
15.523000
0.064410
-7.665100
-12.496000
-21.191999
-13.462000
-1.868000
-8.631200
0.064410
10.692000
14.557000
15.523000
10.692000
22.287001
29.049999
5.861500
-11.530000
-18.292999
-15.395000
-6.698900
-2.834100
4.895300
16.490000
17.455999
19.388000
15.523000
21.320000
11.659000
-0.901770
-1.868000
3.929100
-14.428000
-20.225000
-9.597400
-0.901770
8.760100
14.557000
20.354000
23.253000
23.253000
10.692000
-6.698900
-8.631200
-2.834100
1.996800
-0.901770
1.030600
15.523000
35.813000
41.610001
31.948000
23.253000
22.287001
5.861500
2.963000
6.827700
7.793900
-1.868000
2.963000
7.793900
20.354000
17.455999
26.150999
36.778999
38.712002
30.982000
10.692000
1.030600
-3.800300
-4.766500
2.963000
-4.766500
-5.732700
9.726200
20.354000
23.253000
29.049999
31.948000
14.557000
-2.834100
-15.395000
-22.158001
-26.023001
-32.785999
-25.056000
-0.901770
22.287001
37.745998
42.576000
37.745998
30.982000
29.049999
23.253000
16.490000
17.455999
7.793900
9.726200
13.591000
20.354000
9.726200
7.793900
32.915001
25.184999
6.827700
6.827700
7.793900
-8.631200
-28.921000
-28.921000
-14.428000
6.827700
9.726200
4.895300
7.793900
20.354000
20.354000
20.354000
26.150999
15.523000
-10.564000
-16.361000
-9.597400
-4.766500
1.030600
11.659000
21.320000
23.253000
13.591000
2.963000
1.996800
-7.665100
-23.124001
-21.191999
-10.564000
-8.631200
-3.800300
-3.800300
-11.530000
-11.530000
17.455999
41.610001
48.374001
30.982000
6.827700
-12.496000
-8.631200
-0.901770
-9.597400
-11.530000
-1.868000
-2.834100
-2.834100
-0.901770
22.287001
28.084000
18.422001
12.625000
5.861500
3.929100
2.963000
-3.800300
1.030600
1.030600
-0.901770
11.659000
31.948000
39.678001
20.354000
-6.698900
-13.462000
-14.428000
-24.090000
-26.989000
-12.496000
5.861500
13.591000
14.557000
9.726200
8.760100
20.354000
16.490000
4.895300
-10.564000
-12.496000
9.726200
23.253000
12.625000
-3.800300
-8.631200
-3.800300
10.692000
8.760100
5.861500
3.929100
-0.901770
-3.800300
4.895300
11.659000
16.490000
15.523000
12.625000
19.388000
10.692000
1.996800
3.929100
8.760100
0.064410
-16.361000
-23.124001
-10.564000
12.625000
21.320000
11.659000
11.659000
25.184999
29.049999
26.150999
20.354000
9.726200
-9.597400
-13.462000
-2.834100
5.861500
17.455999
29.049999
42.576000
30.982000
16.490000
-0.901770
-16.361000
-18.292999
-21.191999
-29.886999
-33.751999
-30.853001
-16.361000
-1.868000
5.861500
14.557000
26.150999
18.422001
6.827700
-9.597400
-9.597400
-2.834100
-2.834100
0.064410
9.726200
16.490000
22.287001
24.219000
28.084000
23.253000
5.861500
-2.834100
-4.766500
-9.597400
-4.766500
1.030600
6.827700
8.760100
15.523000
11.659000
-9.597400
-17.327000
-6.698900
5.861500
14.557000
7.793900
-0.901770
-2.834100
2.963000
9.726200
17.455999
10.692000
8.760100
15.523000
28.084000
27.118000
18.422001
2.963000
-2.834100
1.996800
-0.901770
-8.631200
-21.191999
-18.292999
-11.530000
-10.564000
-0.901770
5.861500
6.827700
11.659000
14.557000
-10.564000
-23.124001
-27.955000
-30.853001
-15.395000
-1.868000
-4.766500
2.963000
14.557000
13.591000
7.793900
6.827700
-5.732700
-23.124001
-31.820000
-30.853001
-21.191999
1.996800
21.320000
26.150999
20.354000
14.557000
6.827700
5.861500
0.064410
0.064410
7.793900
3.929100
-14.428000
-23.124001
-17.327000
16.490000
25.184999
25.184999
30.016001
22.287001
9.726200
-0.901770
5.861500
17.455999
21.320000
19.388000
14.557000
24.219000
40.644001
42.576000
47.407001
44.508999
24.219000
-3.800300
-19.259001
-16.361000
-9.597400
-9.597400
-3.800300
0.064410
10.692000
29.049999
41.610001
49.340000
52.237999
39.678001
27.118000
28.084000
32.915001
33.881001
34.847000
42.576000
47.407001
36.778999
31.948000
33.881001
28.084000
26.150999
24.219000
33.881001
42.576000
32.915001
25.184999
29.049999
27.118000
25.184999
30.016001
19.388000
15.523000
22.287001
24.219000
22.287001
15.523000
16.490000
12.625000
7.793900
12.625000
25.184999
26.150999
15.523000
9.726200
3.929100
6.827700
6.827700
-2.834100
-11.530000
-8.631200
1.030600
0.064410
-0.901770
3.929100
-3.800300
0.064410
8.760100
12.625000
2.963000
5.861500
5.861500
-14.428000
-13.462000
2.963000
6.827700
-4.766500
-4.766500
4.895300
8.760100
8.760100
12.625000
10.692000
14.557000
17.455999
12.625000
5.861500
-0.901770
-5.732700
-6.698900
-2.834100
-6.698900
-22.158001
-34.717999
-24.090000
3.929100
17.455999
17.455999
9.726200
3.929100
5.861500
9.726200
4.895300
0.064410
-1.868000
-1.868000
5.861500
32.915001
47.407001
42.576000
31.948000
13.591000
10.692000
3.929100
-18.292999
-23.124001
-15.395000
-9.597400
-5.732700
-6.698900
-3.800300
8.760100
8.760100
5.861500
4.895300
-9.597400
-18.292999
-18.292999
-7.665100
-20.225000
-30.853001
-25.056000
-26.023001
-27.955000
-33.751999
-22.158001
-4.766500
-3.800300
-15.395000
-23.124001
-32.785999
-36.651001
-34.717999
-27.955000
-22.158001
-26.023001
-24.090000
-22.158001
-9.597400
-0.901770
-3.800300
-9.597400
-16.361000
-8.631200
-11.530000
-14.428000
-11.530000
-18.292999
-18.292999
-16.361000
-5.732700
-1.868000
-2.834100
-5.732700
-2.834100
-2.834100
-16.361000
-15.395000
-15.395000
-17.327000
-13.462000
-8.631200
-0.901770
3.929100
3.929100
11.659000
19.388000
9.726200
-18.292999
-35.683998
-28.921000
-21.191999
-8.631200
-0.901770
1.996800
-0.901770
-12.496000
-4.766500
-4.766500
-13.462000
-21.191999
-24.090000
-25.056000
-38.583000
-41.480999
-31.820000
-21.191999
-19.259001
-15.395000
-8.631200
-5.732700
-7.665100
-5.732700
-0.901770
0.064410
-1.868000
-6.698900
-13.462000
-14.428000
-1.868000
5.861500
-1.868000
-1.868000
0.064410
-5.732700
-1.868000
-3.800300
-10.564000
-17.327000
-12.496000
-14.428000
-11.530000
-13.462000
-14.428000
-7.665100
-6.698900
-3.800300
-0.901770
6.827700
17.455999
5.861500
-12.496000
-19.259001
-23.124001
-19.259001
-7.665100
-3.800300
-7.665100
-18.292999
-21.191999
-18.292999
-11.530000
0.064410
17.455999
24.219000
10.692000
-10.564000
-21.191999
-11.530000
-1.868000
-7.665100
-15.395000
-15.395000
2.963000
16.490000
14.557000
6.827700
-0.901770
-12.496000
-18.292999
-24.090000
-27.955000
-24.090000
-16.361000
-10.564000
-20.225000
-39.549000
-39.549000
-26.989000
-25.056000
-20.225000
-11.530000
-15.395000
-17.327000
-17.327000
-11.530000
-6.698900
-6.698900
-0.901770
7.793900
10.692000
8.760100
1.996800
-4.766500
-6.698900
-2.834100
-7.665100
-6.698900
9.726200
11.659000
0.064410
-10.564000
-11.530000
6.827700
-3.800300
-22.158001
-16.361000
-18.292999
-18.292999
-18.292999
-12.496000
1.030600
-4.766500
-11.530000
-18.292999
-25.056000
-25.056000
-30.853001
-28.921000
-15.395000
-14.428000
-10.564000
-15.395000
-11.530000
5.861500
11.659000
6.827700
3.929100
1.030600
-9.597400
-6.698900
5.861500
6.827700
-5.732700
-17.327000
-18.292999
-5.732700
6.827700
7.793900
12.625000
13.591000
6.827700
-8.631200
-14.428000
-5.732700
2.963000
-5.732700
-15.395000
-10.564000
-6.698900
-3.800300
-11.530000
-4.766500
24.219000
29.049999
7.793900
2.963000
-3.800300
-15.395000
-20.225000
-17.327000
-2.834100
4.895300
10.692000
15.523000
19.388000
23.253000
20.354000
8.760100
6.827700
19.388000
21.320000
-4.766500
-19.259001
-3.800300
0.064410
-2.834100
10.692000
16.490000
12.625000
6.827700
-1.868000
-15.395000
-24.090000
-17.327000
-5.732700
-11.530000
-17.327000
-10.564000
-3.800300
-1.868000
1.030600
16.490000
27.118000
11.659000
-10.564000
-17.327000
-11.530000
-5.732700
-7.665100
-4.766500
-0.901770
0.064410
-11.530000
-27.955000
-31.820000
-20.225000
-8.631200
4.895300
6.827700
2.963000
6.827700
10.692000
14.557000
8.760100
1.030600
-6.698900
-11.530000
-5.732700
12.625000
27.118000
43.542999
46.441002
20.354000
11.659000
17.455999
16.490000
13.591000
12.625000
1.030600
4.895300
20.354000
15.523000
17.455999
16.490000
7.793900
10.692000
15.523000
21.320000
16.490000
-3.800300
-19.259001
-22.158001
-8.631200
1.030600
-0.901770
-7.665100
-11.530000
-12.496000
-3.800300
10.692000
16.490000
10.692000
3.929100
-9.597400
-13.462000
-0.901770
16.490000
22.287001
17.455999
15.523000
2.963000
1.996800
9.726200
14.557000
25.184999
22.287001
3.929100
0.064410
-0.901770
1.030600
2.963000
5.861500
2.963000
8.760100
14.557000
10.692000
8.760100
8.760100
6.827700
9.726200
5.861500
1.030600
12.625000
22.287001
31.948000
37.745998
31.948000
21.320000
12.625000
-3.800300
-1.868000
5.861500
7.793900
9.726200
16.490000
38.712002
48.374001
24.219000
4.895300
13.591000
36.778999
48.374001
37.745998
12.625000
1.030600
8.760100
6.827700
17.455999
37.745998
44.508999
40.644001
25.184999
-0.901770
-11.530000
-11.530000
-10.564000
-3.800300
7.793900
18.422001
27.118000
26.150999
20.354000
17.455999
18.422001
-1.868000
-26.023001
-25.056000
0.064410
10.692000
15.523000
31.948000
36.778999
42.576000
49.340000
51.271999
48.374001
22.287001
9.726200
-7.665100
-28.921000
-9.597400
20.354000
33.881001
35.813000
35.813000
24.219000
19.388000
16.490000
19.388000
-0.901770
-37.617001
-42.448002
-15.395000
19.388000
38.712002
42.576000
27.118000
19.388000
11.659000
9.726200
20.354000
21.320000
14.557000
-2.834100
-24.090000
-31.820000
-11.530000
21.320000
34.847000
37.745998
32.915001
19.388000
23.253000
15.523000
1.996800
1.030600
-9.597400
-13.462000
1.030600
17.455999
19.388000
17.455999
19.388000
28.084000
29.049999
23.253000
9.726200
-2.834100
-9.597400
-9.597400
-8.631200
1.030600
7.793900
10.692000
20.354000
27.118000
16.490000
12.625000
13.591000
11.659000
13.591000
4.895300
-3.800300
-4.766500
0.064410
10.692000
28.084000
40.644001
35.813000
15.523000
-5.732700
-13.462000
-3.800300
8.760100
14.557000
6.827700
4.895300
4.895300
2.963000
11.659000
13.591000
2.963000
-4.766500
-7.665100
-5.732700
0.064410
0.064410
3.929100
2.963000
-5.732700
-11.530000
-27.955000
-45.346001
-43.414001
-15.395000
-1.868000
-9.597400
-20.225000
-17.327000
-13.462000
-11.530000
-13.462000
-15.395000
-23.124001
-50.176998
-55.973999
-26.023001
-6.698900
-6.698900
-4.766500
-5.732700
0.064410
4.895300
14.557000
14.557000
-4.766500
-24.090000
-33.751999
-26.989000
-19.259001
-15.395000
-8.631200
-9.597400
-5.732700
0.064410
10.692000
14.557000
-3.800300
-26.989000
