15.829000
20.754999
29.622000
24.695999
-7.816100
-25.549999
-21.608999
-19.639000
-21.608999
-9.786500
4.991800
12.874000
15.829000
32.577999
46.370998
37.504002
16.813999
-20.624001
-38.358002
-25.549999
-11.757000
-11.757000
-8.801300
-2.890000
-0.919540
4.991800
13.859000
23.711000
11.888000
-2.890000
-8.801300
-11.757000
-22.594000
-17.667999
-6.830900
-8.801300
0.065680
15.829000
20.754999
18.785000
10.903000
16.813999
17.799999
-1.904800
-11.757000
-13.727000
-9.786500
-4.860400
-0.919540
12.874000
23.711000
22.726000
29.622000
27.652000
30.608000
10.903000
-6.830900
-14.713000
-15.698000
-30.476000
-29.490999
-16.683001
-5.845600
6.962200
14.844000
24.695999
31.593000
32.577999
17.799999
4.006600
0.065680
1.050900
3.021300
10.903000
16.813999
24.695999
39.474998
39.474998
27.652000
20.754999
20.754999
5.977000
-0.919540
-2.890000
-0.919540
-9.786500
-1.904800
6.962200
17.799999
6.962200
13.859000
32.577999
46.370998
41.445000
12.874000
-5.845600
-14.713000
-9.786500
-0.919540
-0.919540
11.888000
28.636999
17.799999
7.947500
12.874000
17.799999
-0.919540
-9.786500
-15.698000
-22.594000
-24.565001
-30.476000
-20.624001
2.036100
22.726000
36.519001
42.430000
40.459999
36.519001
24.695999
12.874000
13.859000
20.754999
11.888000
10.903000
15.829000
18.785000
11.888000
3.021300
21.740999
18.785000
7.947500
8.932700
14.844000
2.036100
-18.653999
-27.521000
-12.742000
3.021300
2.036100
3.021300
10.903000
24.695999
26.667000
27.652000
30.608000
17.799999
-7.816100
-15.698000
-15.698000
-12.742000
-16.683001
-2.890000
9.917900
17.799999
16.813999
6.962200
4.006600
-1.904800
-16.683001
-22.594000
-20.624001
-21.608999
-12.742000
-5.845600
-3.875200
-0.919540
23.711000
40.459999
38.488998
18.785000
1.050900
-4.860400
-1.904800
-6.830900
-21.608999
-17.667999
4.006600
19.770000
20.754999
22.726000
31.593000
24.695999
10.903000
10.903000
4.006600
2.036100
-0.919540
-8.801300
-8.801300
-7.816100
3.021300
18.785000
33.563000
27.652000
3.021300
-18.653999
-14.713000
-8.801300
-15.698000
-25.549999
-17.667999
-3.875200
7.947500
14.844000
13.859000
11.888000
12.874000
8.932700
1.050900
-5.845600
-8.801300
8.932700
21.740999
15.829000
3.021300
7.947500
12.874000
15.829000
6.962200
7.947500
15.829000
13.859000
4.991800
-2.890000
-5.845600
-8.801300
-2.890000
4.991800
13.859000
10.903000
6.962200
7.947500
18.785000
17.799999
6.962200
-3.875200
-8.801300
-2.890000
0.065680
-0.919540
4.006600
20.754999
24.695999
31.593000
31.593000
24.695999
4.991800
-2.890000
3.021300
8.932700
11.888000
16.813999
26.667000
19.770000
8.932700
0.065680
-3.875200
-4.860400
-4.860400
-15.698000
-26.535000
-30.476000
-21.608999
-22.594000
-18.653999
-8.801300
4.991800
7.947500
7.947500
5.977000
10.903000
13.859000
7.947500
6.962200
7.947500
8.932700
12.874000
22.726000
31.593000
24.695999
8.932700
6.962200
6.962200
0.065680
-4.860400
-8.801300
-3.875200
5.977000
17.799999
17.799999
8.932700
0.065680
11.888000
19.770000
22.726000
14.844000
-2.890000
-17.667999
-21.608999
-9.786500
7.947500
8.932700
4.006600
6.962200
23.711000
34.548000
28.636999
14.844000
-0.919540
-3.875200
-10.772000
-15.698000
-18.653999
-3.875200
6.962200
7.947500
14.844000
17.799999
20.754999
16.813999
9.917900
-16.683001
-29.490999
-43.284000
-52.151001
-44.269001
-25.549999
-14.713000
1.050900
11.888000
19.770000
25.681000
26.667000
8.932700
-17.667999
-34.417000
-40.327999
-24.565001
-1.904800
17.799999
17.799999
15.829000
17.799999
15.829000
12.874000
4.006600
-1.904800
-3.875200
-15.698000
-28.506001
-26.535000
-21.608999
4.991800
20.754999
29.622000
36.519001
36.519001
26.667000
19.770000
20.754999
21.740999
20.754999
21.740999
19.770000
32.577999
57.209000
56.223000
49.327000
42.430000
21.740999
-9.786500
-24.565001
-26.535000
-20.624001
-15.698000
-0.919540
9.917900
16.813999
24.695999
35.534000
44.401001
43.415001
32.577999
27.652000
32.577999
33.563000
31.593000
31.593000
45.386002
59.179001
58.194000
52.282001
43.415001
28.636999
21.740999
22.726000
36.519001
42.430000
29.622000
19.770000
15.829000
16.813999
25.681000
38.488998
27.652000
17.799999
14.844000
15.829000
16.813999
14.844000
14.844000
8.932700
3.021300
8.932700
22.726000
32.577999
38.488998
33.563000
21.740999
14.844000
13.859000
1.050900
-6.830900
-9.786500
-8.801300
-12.742000
-19.639000
-12.742000
-13.727000
-8.801300
3.021300
11.888000
4.991800
12.874000
19.770000
8.932700
-3.875200
-6.830900
-11.757000
-18.653999
-16.683001
1.050900
14.844000
19.770000
18.785000
6.962200
6.962200
7.947500
4.991800
-1.904800
-0.919540
-1.904800
1.050900
4.006600
-4.860400
-16.683001
-15.698000
-6.830900
6.962200
10.903000
7.947500
0.065680
-4.860400
-3.875200
-3.875200
-5.845600
-7.816100
-1.904800
8.932700
22.726000
37.504002
43.415001
40.459999
30.608000
11.888000
8.932700
6.962200
-10.772000
-23.580000
-29.490999
-19.639000
-5.845600
0.065680
1.050900
9.917900
12.874000
14.844000
5.977000
-4.860400
-13.727000
-13.727000
-6.830900
-21.608999
-38.358002
-41.313999
-47.224998
-44.269001
-36.388000
-21.608999
-4.860400
-6.830900
-13.727000
-15.698000
-20.624001
-25.549999
-30.476000
-36.388000
-38.358002
-34.417000
-18.653999
-1.904800
12.874000
17.799999
9.917900
1.050900
-15.698000
-9.786500
-9.786500
-13.727000
-18.653999
-26.535000
-28.506001
-23.580000
-9.786500
-1.904800
1.050900
1.050900
5.977000
4.006600
-3.875200
-5.845600
-14.713000
-29.490999
-30.476000
-21.608999
-7.816100
-3.875200
-4.860400
7.947500
15.829000
5.977000
-18.653999
-26.535000
-24.565001
-26.535000
-21.608999
-15.698000
-15.698000
-7.816100
-5.845600
4.991800
8.932700
-4.860400
-24.565001
-32.446999
-23.580000
-20.624001
-22.594000
-22.594000
-18.653999
-20.624001
-15.698000
-12.742000
-9.786500
-12.742000
-10.772000
-4.860400
-0.919540
-2.890000
-7.816100
-8.801300
-7.816100
3.021300
3.021300
-5.845600
-2.890000
2.036100
-2.890000
0.065680
-4.860400
-11.757000
-14.713000
-9.786500
-11.757000
-8.801300
-9.786500
-15.698000
-11.757000
-6.830900
-3.875200
-8.801300
-3.875200
-0.919540
-4.860400
-7.816100
-1.904800
-8.801300
-15.698000
-16.683001
-15.698000
-19.639000
-24.565001
-20.624001
-11.757000
-11.757000
-9.786500
9.917900
15.829000
9.917900
-8.801300
-21.608999
-15.698000
-6.830900
-7.816100
-9.786500
-11.757000
2.036100
19.770000
21.740999
12.874000
5.977000
-2.890000
-10.772000
-11.757000
-17.667999
-22.594000
-26.535000
-29.490999
-35.402000
-35.402000
-26.535000
-17.667999
-17.667999
-18.653999
-21.608999
-25.549999
-24.565001
-21.608999
-13.727000
-5.845600
-2.890000
-2.890000
2.036100
6.962200
8.932700
3.021300
-0.919540
-3.875200
-3.875200
-8.801300
-3.875200
12.874000
13.859000
2.036100
-3.875200
3.021300
16.813999
4.006600
-21.608999
-22.594000
-22.594000
-21.608999
-24.565001
-18.653999
-9.786500
-8.801300
-10.772000
-14.713000
-14.713000
-12.742000
-17.667999
-23.580000
-20.624001
-19.639000
-9.786500
-15.698000
-12.742000
0.065680
4.991800
0.065680
-0.919540
4.006600
0.065680
-1.904800
2.036100
-4.860400
-17.667999
-19.639000
-13.727000
0.065680
2.036100
-1.904800
2.036100
7.947500
5.977000
4.006600
1.050900
1.050900
2.036100
-9.786500
-15.698000
-13.727000
-12.742000
-16.683001
-19.639000
-6.830900
25.681000
33.563000
14.844000
6.962200
-0.919540
-14.713000
-22.594000
-20.624001
-7.816100
1.050900
7.947500
11.888000
10.903000
13.859000
16.813999
16.813999
12.874000
18.785000
11.888000
-10.772000
-23.580000
-8.801300
-2.890000
1.050900
13.859000
16.813999
12.874000
2.036100
-5.845600
-18.653999
-20.624001
-15.698000
-9.786500
-19.639000
-21.608999
-6.830900
6.962200
8.932700
12.874000
27.652000
27.652000
13.859000
1.050900
-5.845600
-12.742000
-16.683001
-14.713000
-4.860400
-1.904800
4.006600
3.021300
-10.772000
-28.506001
-27.521000
-17.667999
-7.816100
-8.801300
-8.801300
5.977000
13.859000
18.785000
13.859000
8.932700
6.962200
6.962200
6.962200
13.859000
18.785000
36.519001
37.504002
21.740999
20.754999
24.695999
20.754999
14.844000
13.859000
6.962200
12.874000
21.740999
8.932700
6.962200
11.888000
5.977000
9.917900
12.874000
12.874000
9.917900
-3.875200
-12.742000
-10.772000
1.050900
6.962200
3.021300
-7.816100
-7.816100
-9.786500
-7.816100
-0.919540
5.977000
2.036100
1.050900
-2.890000
0.065680
5.977000
10.903000
13.859000
8.932700
4.006600
-10.772000
-7.816100
0.065680
5.977000
21.740999
27.652000
15.829000
15.829000
8.932700
9.917900
2.036100
-5.845600
-10.772000
-2.890000
6.962200
3.021300
6.962200
13.859000
17.799999
17.799999
12.874000
1.050900
9.917900
12.874000
18.785000
21.740999
21.740999
18.785000
22.726000
17.799999
15.829000
16.813999
8.932700
4.006600
8.932700
29.622000
42.430000
24.695999
5.977000
15.829000
36.519001
47.355999
41.445000
30.608000
23.711000
23.711000
11.888000
10.903000
34.548000
41.445000
37.504002
19.770000
-2.890000
-17.667999
-22.594000
-17.667999
0.065680
12.874000
15.829000
17.799999
18.785000
16.813999
12.874000
15.829000
-2.890000
-23.580000
-24.565001
-3.875200
6.962200
22.726000
42.430000
46.370998
50.312000
57.209000
54.252998
44.401001
17.799999
1.050900
-9.786500
-21.608999
1.050900
24.695999
29.622000
31.593000
37.504002
27.652000
23.711000
15.829000
11.888000
-4.860400
-32.446999
-32.446999
-7.816100
21.740999
34.548000
39.474998
25.681000
20.754999
10.903000
12.874000
19.770000
17.799999
8.932700
-7.816100
-33.431999
-40.327999
-16.683001
13.859000
27.652000
32.577999
30.608000
20.754999
25.681000
18.785000
9.917900
4.991800
-10.772000
-22.594000
-6.830900
10.903000
18.785000
14.844000
19.770000
32.577999
30.608000
24.695999
9.917900
0.065680
-4.860400
-0.919540
-0.919540
2.036100
2.036100
2.036100
11.888000
23.711000
20.754999
23.711000
24.695999
20.754999
18.785000
10.903000
0.065680
-5.845600
-0.919540
6.962200
16.813999
25.681000
27.652000
12.874000
-4.860400
-5.845600
16.813999
33.563000
31.593000
20.754999
4.991800
-15.698000
-25.549999
-11.757000
-0.919540
-3.875200
-8.801300
-3.875200
4.991800
15.829000
14.844000
16.813999
8.932700
-3.875200
-17.667999
-35.402000
-37.373001
-26.535000
-9.786500
-8.801300
-17.667999
-19.639000
-8.801300
-3.875200
-2.890000
-7.816100
-12.742000
-18.653999
-34.417000
-43.284000
-34.417000
-29.490999
-33.431999
-23.580000
-16.683001
-5.845600
5.977000
23.711000
24.695999
8.932700
-7.816100
-10.772000
-8.801300
-7.816100
-14.713000
-15.698000
-18.653999
-11.757000
2.036100
13.859000
19.770000
5.977000
-9.786500
