-2.991900
-3.967500
-3.967500
1.886200
-2.991900
-6.894300
3.837400
2.861800
-11.772000
-13.724000
-3.967500
-5.918700
-8.845500
2.861800
6.764200
0.910570
1.886200
-1.040700
-1.040700
-2.016300
-3.967500
-8.845500
-8.845500
0.910570
-0.065040
-2.016300
1.886200
8.715400
3.837400
-0.065040
6.764200
10.667000
10.667000
8.715400
3.837400
1.886200
16.520000
23.350000
24.325001
11.642000
9.691100
16.520000
16.520000
4.813000
6.764200
13.593000
14.569000
9.691100
10.667000
15.545000
10.667000
3.837400
15.545000
21.398001
22.374001
12.618000
2.861800
0.910570
7.739800
11.642000
13.593000
9.691100
7.739800
15.545000
21.398001
19.447001
16.520000
13.593000
2.861800
-6.894300
-9.821100
-4.943100
3.837400
14.569000
18.472000
23.350000
31.153999
21.398001
-0.065040
-6.894300
5.788600
1.886200
-13.724000
-10.797000
10.667000
15.545000
18.472000
15.545000
15.545000
7.739800
7.739800
11.642000
17.496000
11.642000
-2.016300
-3.967500
-2.991900
8.715400
20.423000
28.228001
36.033001
30.179001
10.667000
-1.040700
3.837400
2.861800
-21.528000
-23.480000
-10.797000
-4.943100
4.813000
11.642000
12.618000
16.520000
24.325001
25.301001
13.593000
-0.065040
-5.918700
-7.869900
-7.869900
9.691100
26.275999
23.350000
24.325001
24.325001
22.374001
17.496000
-6.894300
-3.967500
3.837400
-2.991900
-3.967500
14.569000
11.642000
0.910570
0.910570
7.739800
12.618000
-6.894300
-11.772000
-0.065040
10.667000
12.618000
11.642000
15.545000
7.739800
-6.894300
0.910570
9.691100
6.764200
-7.869900
-7.869900
-0.065040
-0.065040
-2.016300
-12.748000
-7.869900
-7.869900
-12.748000
-3.967500
4.813000
-9.821100
-5.918700
6.764200
1.886200
-0.065040
12.618000
25.301001
14.569000
0.910570
3.837400
10.667000
6.764200
2.861800
-2.016300
-0.065040
-2.991900
-2.016300
5.788600
12.618000
11.642000
4.813000
4.813000
18.472000
11.642000
6.764200
5.788600
2.861800
1.886200
-6.894300
-3.967500
9.691100
17.496000
4.813000
-2.016300
-8.845500
-11.772000
-8.845500
-9.821100
-16.650000
-19.577000
-11.772000
0.910570
2.861800
-2.991900
-1.040700
10.667000
5.788600
-1.040700
0.910570
4.813000
5.788600
9.691100
4.813000
-4.943100
-3.967500
-2.991900
2.861800
-1.040700
-0.065040
13.593000
13.593000
4.813000
-0.065040
-2.991900
-1.040700
2.861800
8.715400
12.618000
0.910570
-8.845500
-2.991900
6.764200
3.837400
-6.894300
-12.748000
-8.845500
2.861800
6.764200
4.813000
8.715400
8.715400
1.886200
1.886200
-2.991900
-3.967500
1.886200
8.715400
15.545000
13.593000
13.593000
3.837400
0.910570
-2.016300
0.910570
1.886200
0.910570
4.813000
2.861800
-1.040700
-9.821100
-15.675000
-20.552999
-22.504000
-11.772000
-13.724000
-6.894300
1.886200
5.788600
0.910570
2.861800
2.861800
-7.869900
-11.772000
-5.918700
-2.016300
-0.065040
4.813000
12.618000
7.739800
-6.894300
-5.918700
-6.894300
-9.821100
-1.040700
6.764200
12.618000
20.423000
15.545000
11.642000
8.715400
2.861800
2.861800
4.813000
7.739800
10.667000
1.886200
-2.991900
-0.065040
6.764200
12.618000
10.667000
-5.918700
-6.894300
2.861800
8.715400
2.861800
-8.845500
-17.625999
-17.625999
-7.869900
-1.040700
-2.991900
6.764200
13.593000
6.764200
10.667000
8.715400
6.764200
5.788600
6.764200
-2.991900
0.910570
-9.821100
-7.869900
-7.869900
-0.065040
6.764200
5.788600
4.813000
10.667000
12.618000
3.837400
-2.016300
3.837400
6.764200
10.667000
12.618000
7.739800
8.715400
-3.967500
-19.577000
-17.625999
-7.869900
-1.040700
-1.040700
1.886200
15.545000
14.569000
2.861800
12.618000
16.520000
27.252001
25.301001
1.886200
1.886200
11.642000
11.642000
8.715400
6.764200
16.520000
21.398001
18.472000
19.447001
27.252001
33.105999
18.472000
15.545000
29.202999
22.374001
-0.065040
12.618000
14.569000
18.472000
21.398001
26.275999
33.105999
37.007999
13.593000
11.642000
27.252001
28.228001
21.398001
16.520000
16.520000
19.447001
28.228001
36.033001
41.886002
50.667000
37.007999
27.252001
35.056999
33.105999
32.130001
36.033001
32.130001
34.081001
33.105999
41.886002
46.764000
39.935001
27.252001
28.228001
25.301001
21.398001
21.398001
17.496000
14.569000
10.667000
8.715400
12.618000
16.520000
28.228001
36.033001
20.423000
5.788600
10.667000
5.788600
7.739800
21.398001
16.520000
0.910570
-3.967500
1.886200
13.593000
3.837400
-2.016300
-0.065040
9.691100
4.813000
5.788600
8.715400
4.813000
5.788600
-1.040700
-3.967500
-2.016300
-0.065040
5.788600
7.739800
1.886200
6.764200
12.618000
10.667000
6.764200
2.861800
-6.894300
-4.943100
0.910570
8.715400
-1.040700
-5.918700
5.788600
9.691100
3.837400
1.886200
-0.065040
-1.040700
4.813000
12.618000
1.886200
-3.967500
-6.894300
-1.040700
2.861800
11.642000
18.472000
24.325001
37.984001
43.837002
30.179001
30.179001
22.374001
-7.869900
-11.772000
-1.040700
-6.894300
-13.724000
-10.797000
-5.918700
-2.991900
3.837400
5.788600
8.715400
8.715400
-0.065040
-20.552999
-24.455000
-22.504000
-14.699000
-5.918700
-13.724000
-20.552999
-21.528000
-11.772000
1.886200
5.788600
0.910570
-3.967500
-15.675000
-23.480000
-26.407000
-18.601999
-12.748000
-18.601999
-24.455000
-21.528000
-19.577000
-9.821100
-7.869900
-13.724000
-8.845500
-16.650000
-17.625999
-9.821100
-1.040700
-4.943100
0.910570
5.788600
6.764200
-4.943100
-9.821100
4.813000
-0.065040
-1.040700
-4.943100
-5.918700
-3.967500
-2.991900
0.910570
-0.065040
-2.991900
-3.967500
-9.821100
-5.918700
-3.967500
-13.724000
-9.821100
-6.894300
2.861800
-10.797000
-16.650000
-10.797000
-17.625999
-17.625999
-10.797000
-2.016300
-0.065040
-9.821100
-16.650000
-12.748000
-2.991900
-9.821100
-16.650000
-4.943100
-1.040700
-6.894300
-3.967500
-9.821100
-23.480000
-18.601999
-7.869900
-21.528000
-25.431000
-28.358000
-32.259998
-22.504000
-12.748000
-15.675000
-4.943100
-6.894300
-7.869900
-11.772000
-16.650000
-15.675000
-11.772000
-12.748000
-5.918700
4.813000
-9.821100
-12.748000
2.861800
-5.918700
-2.991900
-2.016300
-16.650000
-9.821100
5.788600
1.886200
-1.040700
5.788600
4.813000
-7.869900
-14.699000
-10.797000
-17.625999
-13.724000
-4.943100
-2.991900
-7.869900
-16.650000
-24.455000
-10.797000
-2.016300
-1.040700
8.715400
1.886200
-1.040700
-2.016300
-18.601999
-16.650000
-6.894300
-4.943100
-3.967500
-12.748000
-3.967500
4.813000
9.691100
4.813000
-1.040700
-10.797000
-15.675000
-8.845500
-4.943100
-6.894300
-7.869900
-8.845500
-18.601999
-20.552999
-9.821100
-15.675000
-11.772000
-12.748000
-13.724000
-8.845500
-11.772000
-16.650000
-17.625999
-13.724000
1.886200
-0.065040
-9.821100
-9.821100
-6.894300
-1.040700
0.910570
2.861800
-1.040700
-2.991900
6.764200
10.667000
6.764200
-2.991900
-5.918700
5.788600
11.642000
-6.894300
-20.552999
-7.869900
-2.016300
-3.967500
-9.821100
-5.918700
-2.991900
-9.821100
-15.675000
-13.724000
-11.772000
-13.724000
-13.724000
-14.699000
-8.845500
-2.016300
-1.040700
-9.821100
-12.748000
-12.748000
-17.625999
-23.480000
-18.601999
-9.821100
2.861800
1.886200
-9.821100
-20.552999
-19.577000
-8.845500
2.861800
22.374001
-0.065040
-21.528000
-14.699000
-14.699000
-8.845500
-8.845500
-2.016300
-0.065040
7.739800
-4.943100
-7.869900
-17.625999
-14.699000
-2.991900
-2.016300
1.886200
14.569000
15.545000
8.715400
1.886200
-2.016300
-7.869900
-6.894300
-2.991900
-2.016300
-15.675000
-16.650000
-6.894300
-1.040700
-3.967500
0.910570
-6.894300
-10.797000
-4.943100
-1.040700
-10.797000
-21.528000
-12.748000
-6.894300
-4.943100
-7.869900
-6.894300
-3.967500
-12.748000
-9.821100
-12.748000
-19.577000
-13.724000
-3.967500
-3.967500
-14.699000
-12.748000
-9.821100
-11.772000
-9.821100
3.837400
-2.016300
-0.065040
-0.065040
-9.821100
-13.724000
-20.552999
-22.504000
-13.724000
-5.918700
-2.991900
-7.869900
-7.869900
-7.869900
-9.821100
-6.894300
-2.991900
-7.869900
-6.894300
-1.040700
2.861800
3.837400
6.764200
2.861800
-1.040700
1.886200
5.788600
2.861800
-0.065040
16.520000
21.398001
8.715400
10.667000
20.423000
32.130001
30.179001
34.081001
11.642000
12.618000
21.398001
8.715400
17.496000
26.275999
19.447001
10.667000
11.642000
12.618000
13.593000
6.764200
4.813000
5.788600
3.837400
6.764200
3.837400
-1.040700
-2.016300
-9.821100
-2.016300
-2.991900
-8.845500
-6.894300
5.788600
7.739800
9.691100
4.813000
3.837400
-2.016300
-3.967500
-1.040700
-2.991900
8.715400
12.618000
-2.991900
5.788600
10.667000
5.788600
11.642000
8.715400
19.447001
22.374001
9.691100
-13.724000
-8.845500
2.861800
-2.016300
1.886200
8.715400
8.715400
5.788600
5.788600
0.910570
8.715400
6.764200
10.667000
4.813000
-0.065040
2.861800
13.593000
17.496000
10.667000
4.813000
7.739800
1.886200
10.667000
31.153999
22.374001
-3.967500
-3.967500
2.861800
18.472000
21.398001
11.642000
19.447001
21.398001
31.153999
24.325001
16.520000
20.423000
18.472000
17.496000
7.739800
4.813000
4.813000
17.496000
4.813000
-1.040700
11.642000
17.496000
16.520000
19.447001
4.813000
-6.894300
3.837400
4.813000
5.788600
5.788600
2.861800
6.764200
13.593000
23.350000
28.228001
33.105999
26.275999
16.520000
21.398001
14.569000
17.496000
29.202999
19.447001
21.398001
37.007999
31.153999
31.153999
38.959000
23.350000
18.472000
16.520000
23.350000
14.569000
7.739800
13.593000
32.130001
26.275999
28.228001
27.252001
16.520000
26.275999
26.275999
10.667000
-3.967500
-0.065040
17.496000
22.374001
27.252001
27.252001
18.472000
26.275999
16.520000
6.764200
10.667000
4.813000
7.739800
-9.821100
-8.845500
14.569000
14.569000
11.642000
22.374001
30.179001
21.398001
7.739800
20.423000
21.398001
4.813000
8.715400
-3.967500
0.910570
8.715400
10.667000
5.788600
14.569000
22.374001
3.837400
-1.040700
10.667000
8.715400
23.350000
7.739800
-10.797000
-3.967500
7.739800
15.545000
18.472000
27.252001
21.398001
0.910570
-2.991900
1.886200
4.813000
15.545000
12.618000
15.545000
16.520000
10.667000
13.593000
12.618000
11.642000
12.618000
0.910570
-4.943100
1.886200
-1.040700
11.642000
10.667000
12.618000
11.642000
12.618000
0.910570
-3.967500
2.861800
-0.065040
-8.845500
-19.577000
-22.504000
-4.943100
-6.894300
-2.991900
1.886200
-2.016300
5.788600
5.788600
-9.821100
-16.650000
-10.797000
-15.675000
-11.772000
-14.699000
-18.601999
-12.748000
-7.869900
-3.967500
-3.967500
10.667000
6.764200
-7.869900
-3.967500
0.910570
-1.040700
-15.675000
-13.724000
3.837400
-2.991900
-8.845500
-3.967500
-0.065040
2.861800
-0.065040
-10.797000
