-5.882400
5.882400
10.784000
8.823500
7.843100
1.960800
-4.902000
4.902000
14.706000
8.823500
-1.960800
-7.843100
-8.823500
5.882400
4.902000
3.921600
4.902000
2.941200
6.862700
14.706000
13.725000
4.902000
-3.921600
-4.902000
4.902000
4.902000
1.960800
-2.941200
-5.882400
3.921600
14.706000
4.902000
2.941200
-2.941200
4.902000
7.843100
-1.960800
-3.921600
-5.882400
-1.960800
3.921600
4.902000
-3.921600
-6.862700
-7.843100
0.000000
0.980390
-0.980390
-3.921600
-1.960800
-4.902000
-2.941200
-0.980390
1.960800
5.882400
2.941200
0.980390
-1.960800
0.980390
2.941200
2.941200
3.921600
0.000000
-2.941200
0.980390
-2.941200
-3.921600
-0.980390
0.000000
-2.941200
-0.980390
-3.921600
1.960800
6.862700
3.921600
3.921600
0.980390
1.960800
0.000000
0.980390
0.000000
-5.882400
-8.823500
-2.941200
0.980390
-2.941200
-3.921600
1.960800
8.823500
6.862700
11.765000
8.823500
0.980390
5.882400
17.646999
8.823500
9.803900
3.921600
6.862700
3.921600
-0.980390
-4.902000
-5.882400
3.921600
-5.882400
-3.921600
-4.902000
-1.960800
-6.862700
-16.667000
-12.745000
-0.980390
4.902000
8.823500
-0.980390
0.000000
5.882400
2.941200
2.941200
5.882400
7.843100
6.862700
10.784000
5.882400
2.941200
3.921600
0.980390
-9.803900
-8.823500
-12.745000
-15.686000
-11.765000
-9.803900
0.980390
2.941200
-2.941200
-5.882400
8.823500
9.803900
8.823500
8.823500
10.784000
5.882400
0.980390
-1.960800
-1.960800
-1.960800
-4.902000
-9.803900
-5.882400
-0.980390
-4.902000
-5.882400
-8.823500
-4.902000
0.980390
4.902000
1.960800
0.000000
3.921600
9.803900
2.941200
-1.960800
1.960800
3.921600
4.902000
1.960800
0.000000
-6.862700
0.000000
3.921600
0.000000
-2.941200
-0.980390
-3.921600
-0.980390
-1.960800
-3.921600
-3.921600
2.941200
7.843100
6.862700
1.960800
-4.902000
-4.902000
1.960800
4.902000
2.941200
0.980390
0.000000
2.941200
1.960800
-0.980390
-4.902000
2.941200
10.784000
7.843100
4.902000
1.960800
3.921600
0.980390
1.960800
-1.960800
1.960800
0.980390
2.941200
1.960800
1.960800
-1.960800
-4.902000
-7.843100
-2.941200
0.980390
-3.921600
0.980390
0.980390
-5.882400
-6.862700
-6.862700
0.000000
3.921600
-5.882400
-5.882400
-3.921600
0.980390
6.862700
2.941200
-4.902000
-1.960800
7.843100
4.902000
-0.980390
-6.862700
1.960800
4.902000
0.980390
-4.902000
-10.784000
-7.843100
1.960800
1.960800
-3.921600
-4.902000
2.941200
3.921600
-1.960800
1.960800
0.980390
6.862700
0.980390
-1.960800
0.980390
0.980390
0.980390
-1.960800
-3.921600
-1.960800
-3.921600
-0.980390
1.960800
1.960800
0.980390
3.921600
0.000000
-0.980390
4.902000
4.902000
0.000000
-5.882400
-0.980390
0.000000
-1.960800
-4.902000
0.000000
3.921600
2.941200
-2.941200
-2.941200
1.960800
3.921600
10.784000
5.882400
1.960800
5.882400
5.882400
-1.960800
1.960800
4.902000
6.862700
-2.941200
-0.980390
1.960800
-1.960800
-3.921600
-1.960800
2.941200
4.902000
2.941200
-3.921600
0.980390
1.960800
-3.921600
-7.843100
-1.960800
-1.960800
-0.980390
-1.960800
1.960800
2.941200
5.882400
9.803900
9.803900
3.921600
5.882400
10.784000
13.725000
13.725000
4.902000
5.882400
8.823500
6.862700
0.000000
0.980390
6.862700
6.862700
6.862700
1.960800
3.921600
3.921600
1.960800
3.921600
6.862700
7.843100
10.784000
11.765000
10.784000
10.784000
10.784000
0.980390
0.000000
-0.980390
-3.921600
-7.843100
-14.706000
-10.784000
-9.803900
-15.686000
-23.528999
-13.725000
-10.784000
-14.706000
-14.706000
-12.745000
-5.882400
-5.882400
-7.843100
-4.902000
-1.960800
-0.980390
0.000000
1.960800
2.941200
3.921600
5.882400
0.000000
0.000000
0.980390
0.980390
-1.960800
-4.902000
-8.823500
-5.882400
-4.902000
-2.941200
-6.862700
-7.843100
-2.941200
-2.941200
-1.960800
-3.921600
-5.882400
-1.960800
-0.980390
-7.843100
-4.902000
-2.941200
-2.941200
-1.960800
-1.960800
0.000000
0.000000
1.960800
3.921600
7.843100
2.941200
3.921600
-6.862700
-0.980390
-0.980390
2.941200
3.921600
0.000000
3.921600
2.941200
2.941200
1.960800
0.980390
0.980390
-1.960800
-1.960800
-5.882400
-2.941200
6.862700
5.882400
1.960800
-4.902000
2.941200
6.862700
3.921600
0.980390
0.000000
2.941200
3.921600
3.921600
1.960800
1.960800
2.941200
4.902000
1.960800
0.980390
-0.980390
0.980390
1.960800
1.960800
-2.941200
-3.921600
-2.941200
1.960800
3.921600
1.960800
-4.902000
-0.980390
2.941200
-1.960800
-3.921600
-4.902000
-1.960800
2.941200
2.941200
-2.941200
-2.941200
-3.921600
-6.862700
0.980390
0.980390
-1.960800
0.980390
1.960800
-0.980390
-2.941200
-2.941200
0.980390
-6.862700
-1.960800
1.960800
2.941200
-2.941200
-1.960800
2.941200
1.960800
5.882400
0.000000
-3.921600
2.941200
10.784000
11.765000
6.862700
-2.941200
2.941200
8.823500
5.882400
8.823500
7.843100
3.921600
5.882400
2.941200
-6.862700
-4.902000
-4.902000
1.960800
1.960800
0.980390
-3.921600
-3.921600
0.980390
-1.960800
-0.980390
0.000000
-3.921600
-0.980390
1.960800
0.000000
-4.902000
-4.902000
5.882400
-0.980390
-5.882400
-4.902000
0.000000
5.882400
5.882400
3.921600
0.980390
5.882400
8.823500
2.941200
2.941200
2.941200
4.902000
6.862700
2.941200
4.902000
-0.980390
-4.902000
0.000000
6.862700
3.921600
-5.882400
-14.706000
-10.784000
-0.980390
-2.941200
-10.784000
-8.823500
-0.980390
2.941200
4.902000
0.000000
1.960800
2.941200
1.960800
-1.960800
0.000000
0.000000
7.843100
9.803900
7.843100
2.941200
-7.843100
-1.960800
5.882400
4.902000
0.980390
-1.960800
-5.882400
-1.960800
-3.921600
-2.941200
-1.960800
0.000000
-2.941200
2.941200
6.862700
3.921600
-0.980390
-5.882400
0.980390
4.902000
6.862700
0.980390
1.960800
4.902000
8.823500
5.882400
5.882400
3.921600
-4.902000
-4.902000
-2.941200
-1.960800
0.000000
-5.882400
-7.843100
-5.882400
-7.843100
-2.941200
-3.921600
0.980390
-2.941200
-0.980390
0.000000
-0.980390
-3.921600
0.980390
1.960800
0.980390
-0.980390
2.941200
2.941200
-2.941200
-1.960800
-2.941200
-1.960800
0.000000
-5.882400
-5.882400
-2.941200
-5.882400
-5.882400
-3.921600
-6.862700
0.980390
5.882400
5.882400
2.941200
0.000000
-0.980390
2.941200
6.862700
13.725000
18.627001
33.333000
56.862999
84.314003
101.959999
117.650002
124.510002
112.750000
100.000000
91.176003
71.569000
47.058998
23.528999
3.921600
-7.843100
-23.528999
-28.431000
-38.235001
-36.275002
-35.293999
-38.235001
-45.098000
-48.039001
-54.902000
-58.824001
-59.804001
-63.724998
-57.842999
-54.902000
-50.980000
-49.020000
-44.118000
-46.077999
-46.077999
-47.058998
-45.098000
-41.175999
-37.255001
-35.293999
-29.412001
-24.510000
-23.528999
-24.510000
-28.431000
-23.528999
-27.451000
-23.528999
-19.608000
-19.608000
-13.725000
-2.941200
-4.902000
-6.862700
-5.882400
-4.902000
3.921600
4.902000
-1.960800
-5.882400
-5.882400
-9.803900
-3.921600
-7.843100
-2.941200
-5.882400
-7.843100
-0.980390
-3.921600
-1.960800
1.960800
0.000000
4.902000
11.765000
9.803900
10.784000
14.706000
22.549000
16.667000
15.686000
13.725000
7.843100
8.823500
16.667000
14.706000
10.784000
10.784000
4.902000
6.862700
8.823500
3.921600
4.902000
6.862700
6.862700
18.627001
17.646999
6.862700
11.765000
22.549000
17.646999
16.667000
11.765000
10.784000
8.823500
-1.960800
-0.980390
1.960800
5.882400
5.882400
8.823500
1.960800
4.902000
6.862700
5.882400
0.000000
1.960800
7.843100
7.843100
-0.980390
-2.941200
8.823500
11.765000
3.921600
5.882400
11.765000
14.706000
12.745000
3.921600
5.882400
9.803900
9.803900
2.941200
5.882400
13.725000
8.823500
-1.960800
-2.941200
-0.980390
-1.960800
-0.980390
-8.823500
-3.921600
-0.980390
1.960800
0.000000
0.980390
0.980390
0.980390
0.980390
2.941200
-2.941200
0.980390
2.941200
1.960800
0.000000
-1.960800
0.980390
-0.980390
-6.862700
-7.843100
-4.902000
-8.823500
-2.941200
-3.921600
-7.843100
-8.823500
-5.882400
1.960800
1.960800
0.000000
-3.921600
-2.941200
-1.960800
-2.941200
-1.960800
0.980390
-4.902000
-7.843100
-2.941200
-2.941200
-0.980390
3.921600
-0.980390
3.921600
2.941200
-3.921600
1.960800
5.882400
9.803900
5.882400
3.921600
1.960800
2.941200
2.941200
4.902000
3.921600
3.921600
5.882400
7.843100
3.921600
8.823500
12.745000
9.803900
3.921600
-2.941200
3.921600
4.902000
2.941200
-6.862700
-7.843100
-4.902000
-3.921600
-4.902000
-5.882400
-11.765000
-10.784000
0.000000
1.960800
-5.882400
-4.902000
-1.960800
-5.882400
1.960800
3.921600
-3.921600
-12.745000
-2.941200
0.980390
-1.960800
-5.882400
-3.921600
0.000000
-1.960800
1.960800
0.980390
2.941200
3.921600
5.882400
-0.980390
-2.941200
-3.921600
-4.902000
-1.960800
-1.960800
-5.882400
-2.941200
-0.980390
-0.980390
-0.980390
0.980390
5.882400
5.882400
4.902000
1.960800
3.921600
3.921600
1.960800
-1.960800
0.980390
-0.980390
-2.941200
-5.882400
-2.941200
-0.980390
0.000000
1.960800
-2.941200
1.960800
7.843100
7.843100
10.784000
6.862700
3.921600
5.882400
4.902000
3.921600
-2.941200
-6.862700
-5.882400
-3.921600
-0.980390
-2.941200
-0.980390
4.902000
7.843100
6.862700
10.784000
7.843100
10.784000
10.784000
7.843100
3.921600
1.960800
3.921600
0.000000
-0.980390
-1.960800
-2.941200
-3.921600
-1.960800
-4.902000
-3.921600
-2.941200
0.000000
0.980390
0.980390
0.980390
0.980390
5.882400
10.784000
9.803900
4.902000
1.960800
0.980390
-0.980390
-4.902000
-2.941200
-6.862700
-0.980390
-2.941200
-1.960800
-5.882400
-8.823500
-1.960800
0.000000
-2.941200
-4.902000
-8.823500
0.000000
4.902000
0.980390
-3.921600
-7.843100
-0.980390
1.960800
1.960800
-3.921600
-4.902000
-6.862700
3.921600
6.862700
0.980390
-4.902000
-0.980390
0.000000
-0.980390
3.921600
0.000000
-5.882400
-4.902000
2.941200
6.862700
6.862700
1.960800
-0.980390
-1.960800
1.960800
6.862700
2.941200
-0.980390
1.960800
1.960800
-3.921600
-0.980390
-2.941200
-3.921600
-0.980390
-0.980390
-2.941200
-1.960800
-1.960800
-1.960800
-3.921600
0.980390
3.921600
-0.980390
-4.902000
-9.803900
-2.941200
0.980390
-0.980390
-2.941200
-2.941200
0.980390
5.882400
-0.980390
-5.882400
-0.980390
8.823500
4.902000
0.980390
-4.902000
-4.902000
3.921600
1.960800
0.980390
-2.941200
-4.902000
-0.980390
3.921600
2.941200
-0.980390
0.000000
0.000000
-6.862700
