2.955700
2.955700
0.000000
2.955700
6.896600
7.881800
4.926100
2.955700
3.940900
5.911300
10.837000
9.852200
5.911300
4.926100
1.970400
1.970400
0.985220
-2.955700
-3.940900
0.000000
0.985220
-0.985220
-3.940900
-0.985220
0.000000
-1.970400
-5.911300
-5.911300
-2.955700
0.985220
0.985220
-0.985220
0.000000
0.000000
0.985220
0.000000
-0.985220
-1.970400
-4.926100
-1.970400
0.000000
2.955700
3.940900
1.970400
2.955700
4.926100
-0.985220
-1.970400
-4.926100
-3.940900
-3.940900
-2.955700
-1.970400
-4.926100
-5.911300
-3.940900
-4.926100
-8.867000
-8.867000
-5.911300
0.000000
0.985220
0.000000
-3.940900
-2.955700
0.000000
-0.985220
-1.970400
-3.940900
-0.985220
0.985220
0.000000
0.000000
-1.970400
0.000000
-1.970400
-2.955700
-5.911300
-7.881800
-4.926100
-3.940900
-2.955700
-1.970400
0.985220
2.955700
3.940900
1.970400
1.970400
4.926100
2.955700
-0.985220
-1.970400
-2.955700
-3.940900
-3.940900
-5.911300
-4.926100
0.000000
0.985220
1.970400
0.985220
0.000000
0.985220
3.940900
0.985220
0.985220
-2.955700
-5.911300
-3.940900
-5.911300
-8.867000
-3.940900
-0.985220
0.985220
1.970400
2.955700
1.970400
4.926100
5.911300
2.955700
5.911300
5.911300
7.881800
6.896600
4.926100
1.970400
0.985220
1.970400
4.926100
6.896600
5.911300
1.970400
2.955700
3.940900
5.911300
6.896600
5.911300
4.926100
6.896600
5.911300
3.940900
3.940900
5.911300
9.852200
4.926100
-3.940900
-4.926100
-7.881800
-8.867000
-7.881800
-6.896600
-3.940900
-1.970400
0.000000
-2.955700
-1.970400
2.955700
0.000000
-0.985220
-0.985220
-0.985220
-0.985220
3.940900
6.896600
6.896600
8.867000
10.837000
8.867000
3.940900
-2.955700
-3.940900
-0.985220
-2.955700
-3.940900
0.985220
4.926100
7.881800
10.837000
9.852200
6.896600
6.896600
5.911300
4.926100
3.940900
0.000000
-2.955700
-2.955700
-0.985220
-0.985220
0.000000
3.940900
4.926100
2.955700
0.000000
0.985220
-2.955700
-4.926100
-2.955700
-2.955700
-3.940900
-2.955700
-1.970400
0.985220
0.985220
0.985220
0.985220
0.000000
0.985220
0.985220
0.000000
1.970400
3.940900
1.970400
0.000000
0.985220
0.985220
1.970400
1.970400
2.955700
0.985220
1.970400
2.955700
3.940900
3.940900
2.955700
1.970400
1.970400
0.000000
0.000000
1.970400
0.985220
-2.955700
-2.955700
-0.985220
1.970400
-1.970400
-4.926100
-6.896600
-8.867000
-11.823000
-11.823000
-8.867000
-6.896600
-2.955700
1.970400
6.896600
7.881800
6.896600
8.867000
7.881800
2.955700
0.000000
-1.970400
-5.911300
-8.867000
-12.808000
-14.778000
-15.764000
-12.808000
-9.852200
-6.896600
-3.940900
-3.940900
-1.970400
2.955700
5.911300
4.926100
1.970400
1.970400
-0.985220
-1.970400
-3.940900
-3.940900
-3.940900
-7.881800
-7.881800
-4.926100
-3.940900
-4.926100
-5.911300
-2.955700
-1.970400
-0.985220
0.000000
3.940900
5.911300
9.852200
12.808000
17.733999
18.719000
7.881800
0.000000
-0.985220
-0.985220
-1.970400
-1.970400
-3.940900
-3.940900
-4.926100
-1.970400
1.970400
0.000000
0.000000
0.000000
-3.940900
-2.955700
0.000000
0.000000
-1.970400
-3.940900
-1.970400
2.955700
2.955700
0.985220
4.926100
8.867000
3.940900
1.970400
0.985220
-0.985220
-1.970400
-1.970400
-0.985220
-0.985220
-0.985220
0.000000
4.926100
9.852200
8.867000
8.867000
10.837000
11.823000
8.867000
4.926100
2.955700
0.000000
0.985220
1.970400
-0.985220
-3.940900
-2.955700
0.000000
2.955700
4.926100
3.940900
5.911300
5.911300
3.940900
5.911300
7.881800
2.955700
2.955700
6.896600
6.896600
7.881800
6.896600
4.926100
4.926100
2.955700
-5.911300
-4.926100
-1.970400
-0.985220
0.000000
0.000000
0.985220
-0.985220
-3.940900
-6.896600
-6.896600
-9.852200
-9.852200
-12.808000
-14.778000
-12.808000
-10.837000
-9.852200
-5.911300
0.000000
1.970400
2.955700
5.911300
8.867000
10.837000
9.852200
7.881800
7.881800
6.896600
5.911300
6.896600
7.881800
4.926100
3.940900
0.000000
-2.955700
-4.926100
-4.926100
-2.955700
-1.970400
2.955700
3.940900
4.926100
-2.955700
-7.881800
-6.896600
-3.940900
-2.955700
-4.926100
-7.881800
-9.852200
-10.837000
-8.867000
-14.778000
-17.733999
-13.793000
-13.793000
-11.823000
-7.881800
-1.970400
1.970400
1.970400
5.911300
8.867000
9.852200
7.881800
7.881800
7.881800
7.881800
11.823000
14.778000
17.733999
17.733999
19.704000
18.719000
17.733999
15.764000
14.778000
11.823000
9.852200
4.926100
0.000000
-4.926100
-6.896600
-8.867000
-8.867000
-5.911300
-6.896600
-9.852200
-7.881800
-7.881800
-5.911300
-0.985220
-1.970400
-6.896600
-7.881800
-2.955700
-1.970400
-3.940900
-1.970400
-0.985220
1.970400
0.985220
0.985220
5.911300
2.955700
3.940900
4.926100
4.926100
4.926100
2.955700
2.955700
0.985220
-0.985220
0.000000
-0.985220
0.000000
2.955700
0.000000
2.955700
4.926100
2.955700
2.955700
0.985220
0.985220
1.970400
0.000000
-0.985220
-1.970400
-5.911300
-9.852200
-12.808000
-12.808000
-13.793000
-8.867000
-3.940900
-4.926100
-1.970400
0.985220
3.940900
3.940900
2.955700
5.911300
5.911300
2.955700
5.911300
2.955700
0.000000
-0.985220
-1.970400
-5.911300
-7.881800
-10.837000
-7.881800
-7.881800
-8.867000
-5.911300
-1.970400
0.000000
2.955700
0.000000
-4.926100
-4.926100
-2.955700
-1.970400
1.970400
2.955700
2.955700
3.940900
3.940900
1.970400
0.985220
6.896600
8.867000
5.911300
4.926100
3.940900
0.000000
0.985220
5.911300
8.867000
6.896600
9.852200
8.867000
10.837000
12.808000
9.852200
8.867000
3.940900
2.955700
0.985220
-0.985220
1.970400
0.985220
-0.985220
-0.985220
-2.955700
-3.940900
-6.896600
-8.867000
-9.852200
-13.793000
-14.778000
-10.837000
-5.911300
-5.911300
-7.881800
-6.896600
-3.940900
-0.985220
0.000000
-1.970400
-2.955700
-3.940900
-7.881800
-5.911300
-2.955700
2.955700
3.940900
0.985220
1.970400
1.970400
-1.970400
-3.940900
-4.926100
-3.940900
0.000000
0.985220
2.955700
4.926100
5.911300
2.955700
2.955700
7.881800
7.881800
1.970400
-1.970400
-5.911300
-8.867000
-7.881800
-6.896600
-8.867000
-5.911300
-0.985220
3.940900
9.852200
14.778000
15.764000
16.749001
19.704000
16.749001
8.867000
3.940900
2.955700
2.955700
-2.955700
-4.926100
-2.955700
-2.955700
-3.940900
-1.970400
-0.985220
1.970400
3.940900
2.955700
2.955700
4.926100
5.911300
5.911300
1.970400
-1.970400
-4.926100
-2.955700
-2.955700
-4.926100
-2.955700
0.000000
0.000000
-1.970400
-0.985220
-0.985220
-1.970400
-2.955700
-1.970400
-5.911300
-5.911300
-6.896600
-5.911300
-3.940900
-2.955700
-0.985220
-1.970400
-1.970400
-1.970400
-1.970400
-2.955700
-5.911300
-1.970400
0.000000
-0.985220
0.985220
2.955700
2.955700
7.881800
8.867000
7.881800
5.911300
0.000000
-1.970400
-0.985220
-0.985220
-0.985220
0.985220
3.940900
4.926100
4.926100
2.955700
3.940900
1.970400
1.970400
0.985220
0.000000
-0.985220
-4.926100
-3.940900
-1.970400
0.000000
0.000000
0.985220
-0.985220
-0.985220
-1.970400
0.985220
3.940900
0.985220
0.985220
2.955700
4.926100
5.911300
6.896600
7.881800
8.867000
6.896600
6.896600
7.881800
8.867000
-0.985220
-0.985220
1.970400
3.940900
5.911300
4.926100
2.955700
0.000000
-1.970400
-2.955700
0.985220
1.970400
-2.955700
-2.955700
-1.970400
-0.985220
0.000000
-0.985220
-0.985220
-3.940900
-3.940900
-3.940900
-0.985220
1.970400
2.955700
1.970400
2.955700
3.940900
2.955700
0.985220
-2.955700
0.000000
0.985220
0.985220
2.955700
-0.985220
-3.940900
-2.955700
-1.970400
-3.940900
-4.926100
2.955700
5.911300
6.896600
3.940900
-0.985220
0.000000
-0.985220
0.985220
2.955700
1.970400
3.940900
3.940900
5.911300
5.911300
1.970400
-1.970400
-5.911300
-3.940900
-0.985220
-1.970400
0.000000
1.970400
3.940900
1.970400
2.955700
4.926100
2.955700
-1.970400
-2.955700
-1.970400
-5.911300
-12.808000
-14.778000
-13.793000
-22.660000
-20.690001
-12.808000
-10.837000
-3.940900
0.985220
1.970400
0.985220
2.955700
3.940900
3.940900
6.896600
4.926100
1.970400
-0.985220
1.970400
1.970400
0.985220
-2.955700
0.000000
1.970400
0.985220
0.000000
-3.940900
-6.896600
-5.911300
-7.881800
-4.926100
-1.970400
-2.955700
0.000000
3.940900
1.970400
-5.911300
-7.881800
-4.926100
0.985220
2.955700
0.985220
0.985220
0.985220
1.970400
2.955700
1.970400
0.000000
-2.955700
-4.926100
-0.985220
4.926100
4.926100
7.881800
7.881800
6.896600
7.881800
4.926100
7.881800
8.867000
7.881800
1.970400
-0.985220
0.985220
3.940900
0.985220
0.000000
3.940900
2.955700
0.985220
-3.940900
-7.881800
-8.867000
-7.881800
-4.926100
-4.926100
-3.940900
-3.940900
-2.955700
-1.970400
-2.955700
-7.881800
-12.808000
-9.852200
-3.940900
0.000000
1.970400
2.955700
3.940900
5.911300
10.837000
9.852200
9.852200
5.911300
5.911300
8.867000
5.911300
4.926100
4.926100
4.926100
4.926100
4.926100
6.896600
7.881800
3.940900
0.985220
0.000000
-1.970400
-1.970400
-1.970400
0.985220
-0.985220
-1.970400
-3.940900
0.000000
5.911300
2.955700
2.955700
3.940900
3.940900
-0.985220
0.000000
3.940900
3.940900
0.000000
-4.926100
-7.881800
-6.896600
-8.867000
-7.881800
-2.955700
-0.985220
-0.985220
2.955700
1.970400
4.926100
7.881800
5.911300
1.970400
0.985220
3.940900
4.926100
1.970400
-0.985220
-5.911300
-7.881800
-4.926100
-3.940900
-3.940900
-3.940900
-0.985220
1.970400
1.970400
2.955700
1.970400
-0.985220
0.000000
1.970400
4.926100
7.881800
5.911300
0.000000
-5.911300
-8.867000
-8.867000
-7.881800
-9.852200
-10.837000
-4.926100
-1.970400
-0.985220
3.940900
7.881800
8.867000
7.881800
6.896600
5.911300
6.896600
6.896600
2.955700
0.000000
0.985220
0.985220
-3.940900
-2.955700
-0.985220
-1.970400
-2.955700
1.970400
4.926100
8.867000
6.896600
6.896600
3.940900
0.985220
0.000000
-2.955700
-7.881800
-5.911300
-4.926100
-3.940900
-5.911300
-4.926100
-0.985220
-0.985220
0.000000
-0.985220
-1.970400
-2.955700
-1.970400
0.000000
1.970400
2.955700
5.911300
5.911300
5.911300
4.926100
2.955700
-1.970400
1.970400
5.911300
4.926100
5.911300
0.985220
-3.940900
-4.926100
-1.970400
0.000000
0.985220
0.985220
3.940900
7.881800
9.852200
10.837000
11.823000
10.837000
9.852200
7.881800
1.970400
-0.985220
-4.926100
-5.911300
-6.896600
-9.852200
-8.867000
-4.926100
-1.970400
