9.852200
7.881800
0.985220
-5.911300
-9.852200
-13.793000
-15.764000
-13.793000
-15.764000
-12.808000
-4.926100
2.955700
10.837000
17.733999
21.674999
16.749001
11.823000
7.881800
4.926100
2.955700
-0.985220
-2.955700
-8.867000
-20.690001
-21.674999
-18.719000
-8.867000
0.985220
3.940900
9.852200
22.660000
24.631001
16.749001
11.823000
0.000000
-4.926100
-7.881800
-12.808000
-15.764000
-17.733999
-17.733999
-13.793000
-11.823000
-4.926100
3.940900
7.881800
10.837000
14.778000
12.808000
16.749001
20.690001
15.764000
7.881800
2.955700
0.985220
-6.896600
-8.867000
-13.793000
-15.764000
-11.823000
-5.911300
1.970400
5.911300
9.852200
17.733999
23.645000
20.690001
16.749001
13.793000
11.823000
6.896600
0.985220
-2.955700
-7.881800
-12.808000
-15.764000
-21.674999
-16.749001
-12.808000
-8.867000
-4.926100
0.000000
6.896600
13.793000
15.764000
8.867000
8.867000
3.940900
0.000000
-2.955700
-1.970400
-3.940900
-4.926100
-7.881800
-11.823000
-7.881800
-4.926100
-4.926100
-0.985220
1.970400
-2.955700
-2.955700
-3.940900
-5.911300
-9.852200
-10.837000
-4.926100
-2.955700
-1.970400
0.000000
0.985220
0.000000
0.000000
-5.911300
-4.926100
0.985220
1.970400
1.970400
4.926100
0.000000
-3.940900
-0.985220
0.000000
-4.926100
-1.970400
0.000000
-5.911300
-6.896600
-7.881800
-13.793000
-15.764000
-17.733999
-21.674999
-20.690001
-18.719000
-12.808000
-8.867000
-6.896600
-0.985220
1.970400
1.970400
0.000000
1.970400
2.955700
-0.985220
-6.896600
-9.852200
-17.733999
-21.674999
-16.749001
-9.852200
-4.926100
-0.985220
5.911300
10.837000
14.778000
21.674999
24.631001
26.601000
18.719000
14.778000
11.823000
4.926100
0.000000
-11.823000
-14.778000
-17.733999
-14.778000
-7.881800
0.985220
3.940900
8.867000
13.793000
18.719000
24.631001
20.690001
20.690001
17.733999
11.823000
0.985220
-1.970400
-6.896600
-8.867000
-9.852200
-7.881800
-7.881800
-1.970400
-1.970400
3.940900
9.852200
10.837000
7.881800
9.852200
7.881800
0.985220
-0.985220
-0.985220
0.000000
0.000000
-1.970400
-1.970400
0.985220
-1.970400
0.985220
0.000000
-1.970400
5.911300
7.881800
17.733999
22.660000
18.719000
8.867000
8.867000
3.940900
0.000000
-1.970400
-6.896600
-10.837000
-13.793000
-16.749001
-17.733999
-16.749001
-10.837000
-6.896600
-2.955700
-2.955700
-1.970400
1.970400
3.940900
10.837000
7.881800
5.911300
4.926100
5.911300
7.881800
7.881800
7.881800
7.881800
15.764000
14.778000
10.837000
12.808000
14.778000
2.955700
-0.985220
-1.970400
-5.911300
-7.881800
-8.867000
-12.808000
-9.852200
-13.793000
-12.808000
-9.852200
-2.955700
6.896600
10.837000
21.674999
23.645000
23.645000
20.690001
18.719000
16.749001
13.793000
7.881800
1.970400
0.985220
0.000000
2.955700
11.823000
4.926100
4.926100
10.837000
11.823000
12.808000
3.940900
-3.940900
-10.837000
-9.852200
-10.837000
-7.881800
-9.852200
-15.764000
-15.764000
-8.867000
-4.926100
-2.955700
0.985220
5.911300
13.793000
17.733999
20.690001
13.793000
8.867000
-1.970400
-8.867000
-12.808000
-16.749001
-19.704000
-13.793000
-13.793000
-19.704000
-17.733999
-9.852200
-0.985220
3.940900
2.955700
2.955700
7.881800
14.778000
19.704000
19.704000
17.733999
10.837000
0.985220
-7.881800
-6.896600
-9.852200
-16.749001
-19.704000
-17.733999
-10.837000
-7.881800
-2.955700
0.985220
2.955700
1.970400
4.926100
6.896600
7.881800
5.911300
0.985220
-4.926100
-9.852200
-7.881800
-4.926100
-4.926100
-9.852200
-5.911300
-1.970400
0.000000
2.955700
10.837000
13.793000
11.823000
4.926100
3.940900
2.955700
0.000000
-7.881800
-13.793000
-15.764000
-18.719000
-16.749001
-14.778000
-3.940900
0.985220
10.837000
14.778000
20.690001
26.601000
24.631001
17.733999
10.837000
4.926100
0.985220
-4.926100
-12.808000
-12.808000
-14.778000
-11.823000
-4.926100
-2.955700
-0.985220
8.867000
10.837000
13.793000
12.808000
8.867000
0.985220
-2.955700
-3.940900
-2.955700
-4.926100
-9.852200
-11.823000
-13.793000
-9.852200
-4.926100
-1.970400
-1.970400
-2.955700
-3.940900
0.985220
4.926100
1.970400
4.926100
10.837000
8.867000
0.000000
-10.837000
-10.837000
-8.867000
-13.793000
-11.823000
-9.852200
-6.896600
-0.985220
4.926100
10.837000
12.808000
12.808000
15.764000
18.719000
14.778000
10.837000
3.940900
1.970400
-3.940900
-7.881800
-2.955700
-0.985220
-12.808000
-7.881800
-4.926100
-0.985220
1.970400
5.911300
7.881800
0.000000
4.926100
4.926100
0.985220
-2.955700
-3.940900
-5.911300
-7.881800
-11.823000
-9.852200
-4.926100
-2.955700
0.985220
3.940900
4.926100
9.852200
7.881800
2.955700
0.985220
-1.970400
0.000000
0.985220
2.955700
8.867000
4.926100
2.955700
1.970400
-1.970400
-1.970400
-4.926100
-4.926100
-1.970400
-4.926100
-4.926100
-6.896600
-2.955700
2.955700
3.940900
3.940900
8.867000
1.970400
0.985220
0.000000
-1.970400
-4.926100
-5.911300
-8.867000
-9.852200
-9.852200
-9.852200
-6.896600
-12.808000
-16.749001
-13.793000
-12.808000
-15.764000
-16.749001
-14.778000
-14.778000
-12.808000
-6.896600
-7.881800
-4.926100
-6.896600
-6.896600
-12.808000
-21.674999
-27.586000
-34.483002
-35.467999
-34.483002
-28.570999
-20.690001
-15.764000
-10.837000
-8.867000
-7.881800
5.911300
15.764000
19.704000
14.778000
9.852200
2.955700
-1.970400
-0.985220
-5.911300
-6.896600
-11.823000
-11.823000
-6.896600
-7.881800
-1.970400
11.823000
16.749001
24.631001
28.570999
28.570999
22.660000
23.645000
22.660000
19.704000
12.808000
6.896600
2.955700
2.955700
10.837000
6.896600
3.940900
4.926100
8.867000
9.852200
9.852200
13.793000
18.719000
18.719000
16.749001
15.764000
16.749001
20.690001
15.764000
13.793000
8.867000
3.940900
0.000000
-0.985220
-1.970400
-1.970400
-4.926100
-3.940900
4.926100
0.985220
4.926100
6.896600
11.823000
14.778000
9.852200
3.940900
7.881800
8.867000
5.911300
2.955700
2.955700
0.000000
-1.970400
0.000000
0.000000
-0.985220
-3.940900
-2.955700
0.000000
0.985220
1.970400
3.940900
7.881800
6.896600
8.867000
12.808000
2.955700
-1.970400
-6.896600
-9.852200
-7.881800
-10.837000
-9.852200
-3.940900
0.985220
2.955700
4.926100
7.881800
7.881800
0.985220
-0.985220
-2.955700
-8.867000
-12.808000
-15.764000
-10.837000
-5.911300
-0.985220
-6.896600
-1.970400
0.985220
3.940900
0.985220
1.970400
3.940900
3.940900
4.926100
2.955700
0.985220
0.985220
-3.940900
-2.955700
1.970400
-3.940900
-10.837000
-10.837000
-4.926100
0.985220
2.955700
0.985220
5.911300
6.896600
9.852200
11.823000
4.926100
2.955700
0.000000
-0.985220
0.985220
0.985220
-2.955700
-1.970400
-1.970400
1.970400
0.985220
0.000000
1.970400
9.852200
5.911300
0.985220
1.970400
1.970400
-1.970400
1.970400
0.985220
-5.911300
-8.867000
-8.867000
-4.926100
-3.940900
0.985220
3.940900
5.911300
6.896600
5.911300
9.852200
8.867000
7.881800
4.926100
0.000000
-2.955700
0.000000
0.985220
-0.985220
-5.911300
0.000000
0.000000
1.970400
2.955700
4.926100
1.970400
-2.955700
0.000000
0.000000
0.000000
-3.940900
-5.911300
-1.970400
-1.970400
-4.926100
-4.926100
-4.926100
-3.940900
-4.926100
-4.926100
-1.970400
8.867000
12.808000
8.867000
10.837000
9.852200
7.881800
2.955700
1.970400
1.970400
0.000000
-4.926100
-4.926100
-1.970400
0.985220
-2.955700
2.955700
8.867000
5.911300
3.940900
3.940900
3.940900
0.000000
-3.940900
-13.793000
-17.733999
-18.719000
-10.837000
-5.911300
-5.911300
-2.955700
4.926100
6.896600
9.852200
15.764000
18.719000
12.808000
5.911300
1.970400
0.985220
2.955700
-4.926100
-8.867000
-7.881800
-4.926100
-4.926100
-5.911300
-2.955700
2.955700
5.911300
10.837000
12.808000
8.867000
5.911300
7.881800
4.926100
-2.955700
-5.911300
-11.823000
-16.749001
-20.690001
-19.704000
-19.704000
-10.837000
0.000000
7.881800
13.793000
15.764000
17.733999
15.764000
9.852200
7.881800
1.970400
-3.940900
-8.867000
-14.778000
-15.764000
-11.823000
-12.808000
-5.911300
4.926100
0.985220
2.955700
8.867000
7.881800
9.852200
7.881800
3.940900
-2.955700
-3.940900
-6.896600
-9.852200
-11.823000
-8.867000
-0.985220
1.970400
0.000000
2.955700
8.867000
12.808000
10.837000
4.926100
6.896600
4.926100
-0.985220
-15.764000
-18.719000
-21.674999
-21.674999
-26.601000
-35.467999
-35.467999
-30.542000
-31.527000
-26.601000
-12.808000
-5.911300
-2.955700
1.970400
8.867000
15.764000
19.704000
12.808000
7.881800
-2.955700
-11.823000
-13.793000
-14.778000
-14.778000
-9.852200
-6.896600
-6.896600
-2.955700
4.926100
3.940900
8.867000
23.645000
28.570999
29.556999
25.615999
18.719000
7.881800
-3.940900
-12.808000
-12.808000
-10.837000
-8.867000
-2.955700
4.926100
4.926100
3.940900
2.955700
-0.985220
0.985220
2.955700
10.837000
12.808000
16.749001
14.778000
13.793000
12.808000
8.867000
4.926100
-4.926100
-4.926100
-9.852200
-9.852200
-4.926100
-1.970400
0.985220
11.823000
17.733999
18.719000
15.764000
14.778000
12.808000
9.852200
6.896600
6.896600
-0.985220
-9.852200
-10.837000
-10.837000
-5.911300
-1.970400
-1.970400
0.000000
3.940900
8.867000
8.867000
2.955700
3.940900
0.000000
-0.985220
2.955700
0.985220
4.926100
4.926100
1.970400
-3.940900
-7.881800
-2.955700
-1.970400
-3.940900
1.970400
-1.970400
0.985220
8.867000
9.852200
6.896600
-0.985220
-6.896600
-6.896600
-1.970400
-2.955700
-3.940900
-4.926100
-4.926100
-5.911300
-4.926100
0.000000
3.940900
5.911300
4.926100
3.940900
8.867000
11.823000
15.764000
5.911300
-5.911300
-0.985220
4.926100
5.911300
3.940900
-3.940900
-9.852200
-4.926100
0.000000
1.970400
0.985220
-4.926100
-5.911300
-4.926100
3.940900
8.867000
3.940900
0.000000
4.926100
7.881800
5.911300
3.940900
2.955700
-8.867000
-9.852200
-2.955700
-4.926100
-0.985220
-3.940900
-8.867000
-7.881800
-4.926100
-2.955700
-4.926100
1.970400
4.926100
3.940900
6.896600
-0.985220
-7.881800
-13.793000
-11.823000
-6.896600
-12.808000
-12.808000
-8.867000
-7.881800
0.985220
7.881800
5.911300
2.955700
1.970400
3.940900
0.000000
-4.926100
-1.970400
-2.955700
-0.985220
1.970400
-2.955700
-9.852200
-2.955700
-1.970400
-2.955700
-1.970400
-6.896600
-3.940900
0.000000
-3.940900
-0.985220
4.926100
8.867000
7.881800
11.823000
5.911300
2.955700
2.955700
4.926100
4.926100
1.970400
-1.970400
-10.837000
-15.764000
-9.852200
-0.985220
0.000000
0.000000
3.940900
6.896600
8.867000
12.808000
11.823000
10.837000
9.852200
2.955700
-0.985220
-1.970400
4.926100
-1.970400
-6.896600
