5.797100
7.729500
6.763300
2.898600
2.898600
1.932400
2.898600
2.898600
-9.661800
-12.560000
-4.830900
5.797100
11.594000
15.459000
21.256001
16.424999
10.628000
8.695700
-0.966180
-9.661800
-17.391001
-23.188000
-24.155001
-22.222000
-16.424999
-6.763300
4.830900
15.459000
18.357000
18.357000
19.323999
11.594000
1.932400
-0.966180
-8.695700
-20.290001
-26.087000
-26.087000
-17.391001
-10.628000
-5.797100
0.966180
5.797100
10.628000
20.290001
26.087000
25.121000
25.121000
21.256001
14.493000
6.763300
2.898600
-3.864700
-13.527000
-17.391001
-23.188000
-28.986000
-28.986000
-23.188000
-19.323999
-14.493000
-7.729500
4.830900
16.424999
28.018999
35.749001
36.715000
28.986000
19.323999
8.695700
-7.729500
-23.188000
-28.986000
-28.018999
-26.087000
-20.290001
-17.391001
-9.661800
0.966180
13.527000
23.188000
28.986000
30.917999
31.884001
28.018999
15.459000
10.628000
8.695700
2.898600
-2.898600
-8.695700
-10.628000
-8.695700
-3.864700
-3.864700
-4.830900
-6.763300
-6.763300
-2.898600
3.864700
3.864700
3.864700
6.763300
5.797100
2.898600
-5.797100
-12.560000
-10.628000
-1.932400
3.864700
2.898600
2.898600
3.864700
5.797100
4.830900
7.729500
6.763300
3.864700
0.966180
-5.797100
-12.560000
-13.527000
-11.594000
-12.560000
-12.560000
-11.594000
-5.797100
0.966180
5.797100
15.459000
16.424999
15.459000
11.594000
3.864700
-3.864700
-7.729500
-17.391001
-20.290001
-23.188000
-25.121000
-15.459000
-6.763300
2.898600
13.527000
17.391001
16.424999
16.424999
11.594000
1.932400
-6.763300
-12.560000
-11.594000
-12.560000
-12.560000
-7.729500
1.932400
4.830900
3.864700
10.628000
5.797100
2.898600
1.932400
0.000000
2.898600
1.932400
6.763300
8.695700
10.628000
11.594000
8.695700
5.797100
4.830900
2.898600
-2.898600
-5.797100
-8.695700
-7.729500
0.000000
10.628000
17.391001
19.323999
20.290001
16.424999
7.729500
1.932400
-3.864700
-11.594000
-18.357000
-18.357000
-15.459000
-13.527000
-7.729500
4.830900
9.661800
7.729500
5.797100
8.695700
4.830900
-5.797100
-15.459000
-20.290001
-18.357000
-15.459000
-13.527000
-10.628000
-6.763300
-0.966180
5.797100
15.459000
17.391001
17.391001
13.527000
12.560000
8.695700
-1.932400
-13.527000
-19.323999
-17.391001
-11.594000
-8.695700
-6.763300
-10.628000
-11.594000
-8.695700
-4.830900
-1.932400
0.000000
6.763300
14.493000
16.424999
10.628000
5.797100
5.797100
0.966180
-1.932400
-2.898600
-12.560000
-13.527000
-5.797100
-1.932400
0.000000
2.898600
12.560000
19.323999
23.188000
21.256001
13.527000
9.661800
5.797100
-1.932400
-6.763300
-11.594000
-6.763300
-1.932400
5.797100
4.830900
6.763300
15.459000
14.493000
15.459000
18.357000
14.493000
5.797100
-2.898600
-6.763300
-10.628000
-8.695700
-8.695700
-3.864700
0.966180
-1.932400
0.966180
3.864700
-0.966180
-3.864700
-9.661800
-14.493000
-9.661800
-4.830900
-1.932400
5.797100
3.864700
0.000000
1.932400
4.830900
0.000000
-5.797100
-4.830900
-5.797100
-8.695700
-9.661800
-4.830900
-2.898600
0.966180
8.695700
16.424999
20.290001
21.256001
16.424999
10.628000
5.797100
-1.932400
-5.797100
-10.628000
-16.424999
-20.290001
-17.391001
-12.560000
-4.830900
2.898600
3.864700
7.729500
11.594000
12.560000
11.594000
8.695700
11.594000
3.864700
-3.864700
-7.729500
-8.695700
-14.493000
-24.155001
-25.121000
-17.391001
-2.898600
5.797100
5.797100
3.864700
3.864700
5.797100
1.932400
1.932400
0.000000
-1.932400
-3.864700
-5.797100
-2.898600
0.966180
9.661800
12.560000
14.493000
13.527000
10.628000
9.661800
3.864700
3.864700
0.966180
1.932400
2.898600
4.830900
10.628000
8.695700
6.763300
3.864700
0.966180
-0.966180
-3.864700
-10.628000
-13.527000
-12.560000
-12.560000
-16.424999
-16.424999
-11.594000
-11.594000
-11.594000
-6.763300
-1.932400
5.797100
11.594000
9.661800
8.695700
9.661800
10.628000
7.729500
5.797100
8.695700
3.864700
-3.864700
-6.763300
-13.527000
-17.391001
-16.424999
-12.560000
-5.797100
-5.797100
-4.830900
0.000000
5.797100
11.594000
20.290001
21.256001
17.391001
16.424999
12.560000
7.729500
7.729500
-1.932400
-17.391001
-29.952000
-29.952000
-30.917999
-27.052999
-19.323999
-10.628000
-1.932400
10.628000
25.121000
34.783001
35.749001
36.715000
29.952000
18.357000
8.695700
0.966180
-9.661800
-12.560000
-12.560000
-12.560000
-9.661800
-4.830900
-6.763300
-1.932400
5.797100
13.527000
17.391001
24.155001
28.018999
24.155001
16.424999
8.695700
-1.932400
-9.661800
-12.560000
-17.391001
-17.391001
-16.424999
-12.560000
-5.797100
-3.864700
1.932400
9.661800
15.459000
21.256001
20.290001
13.527000
4.830900
-4.830900
-8.695700
-10.628000
-16.424999
-15.459000
-18.357000
-17.391001
-10.628000
-6.763300
-5.797100
-4.830900
-0.966180
3.864700
5.797100
3.864700
4.830900
1.932400
0.966180
-2.898600
-7.729500
-9.661800
-10.628000
-17.391001
-19.323999
-13.527000
-14.493000
-7.729500
-2.898600
0.000000
1.932400
0.966180
0.966180
-1.932400
-4.830900
-3.864700
-1.932400
-11.594000
-14.493000
-15.459000
-17.391001
-17.391001
-8.695700
0.000000
8.695700
15.459000
19.323999
19.323999
13.527000
8.695700
10.628000
11.594000
6.763300
0.000000
-0.966180
-7.729500
-14.493000
-11.594000
-9.661800
-0.966180
8.695700
16.424999
16.424999
15.459000
15.459000
17.391001
12.560000
4.830900
0.000000
-3.864700
-7.729500
-7.729500
-3.864700
4.830900
10.628000
9.661800
9.661800
8.695700
10.628000
8.695700
6.763300
5.797100
5.797100
0.000000
-3.864700
-7.729500
-11.594000
-4.830900
2.898600
3.864700
7.729500
7.729500
5.797100
6.763300
9.661800
7.729500
3.864700
3.864700
-1.932400
-4.830900
-1.932400
-8.695700
-14.493000
-19.323999
-21.256001
-23.188000
-17.391001
-9.661800
-6.763300
-3.864700
0.000000
6.763300
1.932400
0.966180
3.864700
-0.966180
-6.763300
-11.594000
-8.695700
-1.932400
0.966180
2.898600
9.661800
8.695700
3.864700
1.932400
2.898600
3.864700
0.966180
-1.932400
-6.763300
-6.763300
-5.797100
-15.459000
-21.256001
-14.493000
-2.898600
6.763300
13.527000
17.391001
24.155001
24.155001
19.323999
21.256001
12.560000
8.695700
7.729500
1.932400
0.966180
2.898600
1.932400
-2.898600
-9.661800
-12.560000
-13.527000
-15.459000
-15.459000
-9.661800
1.932400
10.628000
12.560000
10.628000
14.493000
15.459000
11.594000
5.797100
1.932400
0.966180
-3.864700
-6.763300
-6.763300
-3.864700
-2.898600
-1.932400
2.898600
6.763300
1.932400
-1.932400
-1.932400
-2.898600
-0.966180
-8.695700
-14.493000
-7.729500
-10.628000
-14.493000
-15.459000
-16.424999
-9.661800
-1.932400
5.797100
5.797100
4.830900
8.695700
9.661800
8.695700
6.763300
3.864700
-2.898600
-10.628000
-12.560000
-8.695700
-3.864700
0.966180
3.864700
6.763300
11.594000
7.729500
9.661800
10.628000
10.628000
17.391001
17.391001
14.493000
10.628000
10.628000
6.763300
-3.864700
-7.729500
-9.661800
-5.797100
-5.797100
-11.594000
-15.459000
-15.459000
-12.560000
-6.763300
0.000000
5.797100
7.729500
7.729500
6.763300
8.695700
6.763300
-1.932400
-2.898600
-3.864700
-5.797100
-7.729500
-7.729500
-2.898600
-4.830900
-7.729500
-7.729500
-3.864700
4.830900
12.560000
16.424999
15.459000
10.628000
5.797100
4.830900
5.797100
5.797100
5.797100
0.000000
-2.898600
-8.695700
-12.560000
-10.628000
-3.864700
0.966180
6.763300
8.695700
8.695700
6.763300
3.864700
3.864700
9.661800
8.695700
5.797100
4.830900
0.966180
-6.763300
-7.729500
-3.864700
-2.898600
-6.763300
-10.628000
-11.594000
-7.729500
-4.830900
-0.966180
5.797100
6.763300
6.763300
6.763300
1.932400
0.000000
-3.864700
-4.830900
-3.864700
-3.864700
-4.830900
-7.729500
-5.797100
0.966180
-1.932400
-6.763300
-6.763300
-5.797100
-4.830900
0.966180
3.864700
6.763300
4.830900
5.797100
9.661800
12.560000
8.695700
4.830900
2.898600
-3.864700
-7.729500
-2.898600
1.932400
-0.966180
-4.830900
-4.830900
-9.661800
-11.594000
-9.661800
-6.763300
-5.797100
-0.966180
0.000000
-0.966180
4.830900
9.661800
9.661800
15.459000
12.560000
5.797100
2.898600
0.000000
-3.864700
-4.830900
-3.864700
-4.830900
-6.763300
-1.932400
0.000000
5.797100
9.661800
4.830900
6.763300
6.763300
1.932400
-1.932400
-10.628000
-11.594000
-12.560000
-15.459000
-9.661800
-10.628000
-13.527000
-6.763300
-2.898600
-1.932400
-1.932400
0.966180
3.864700
8.695700
14.493000
16.424999
9.661800
3.864700
0.000000
-4.830900
-5.797100
-8.695700
-11.594000
-17.391001
-22.222000
-21.256001
-12.560000
-8.695700
-7.729500
-5.797100
-1.932400
-0.966180
9.661800
17.391001
18.357000
18.357000
17.391001
13.527000
9.661800
3.864700
-6.763300
-10.628000
-7.729500
0.966180
8.695700
15.459000
19.323999
26.087000
28.986000
28.018999
24.155001
14.493000
1.932400
-10.628000
-14.493000
-14.493000
-12.560000
-3.864700
7.729500
5.797100
6.763300
14.493000
8.695700
10.628000
8.695700
0.966180
-1.932400
-6.763300
-11.594000
-11.594000
-11.594000
-16.424999
-14.493000
-6.763300
3.864700
9.661800
13.527000
15.459000
8.695700
0.000000
-7.729500
-9.661800
-5.797100
-8.695700
-13.527000
-12.560000
-9.661800
-6.763300
-4.830900
-7.729500
-7.729500
-4.830900
0.966180
6.763300
4.830900
8.695700
6.763300
0.000000
-1.932400
-0.966180
0.000000
1.932400
0.966180
2.898600
3.864700
0.000000
2.898600
0.966180
-2.898600
-0.966180
-4.830900
-5.797100
-7.729500
-6.763300
-3.864700
-1.932400
-1.932400
-1.932400
-4.830900
0.966180
6.763300
7.729500
5.797100
-1.932400
-2.898600
-4.830900
-2.898600
-0.966180
-4.830900
-3.864700
0.000000
2.898600
7.729500
5.797100
3.864700
5.797100
8.695700
10.628000
4.830900
0.966180
0.966180
2.898600
6.763300
8.695700
6.763300
0.966180
0.966180
1.932400
-4.830900
-6.763300
-5.797100
-9.661800
-11.594000
-12.560000
-10.628000
-4.830900
-0.966180
-0.966180
0.000000
1.932400
4.830900
6.763300
10.628000
6.763300
5.797100
9.661800
6.763300
3.864700
0.966180
-0.966180
2.898600
1.932400
3.864700
9.661800
4.830900
6.763300
8.695700
9.661800
9.661800
9.661800
10.628000
5.797100
-0.966180
-2.898600
-3.864700
-8.695700
-8.695700
-11.594000
-13.527000
-6.763300
-4.830900
-0.966180
8.695700
9.661800
9.661800
6.763300
6.763300
5.797100
7.729500
7.729500
-1.932400
-2.898600
-3.864700
-2.898600
-2.898600
-3.864700
-3.864700
-5.797100
-4.830900
-3.864700
-7.729500
-4.830900
1.932400
-2.898600
-6.763300
-4.830900
-4.830900
-2.898600
1.932400
4.830900
9.661800
12.560000
11.594000
10.628000
12.560000
14.493000
8.695700
-0.966180
