-5.650800
-5.650800
-7.555600
-7.555600
-9.460300
-11.365000
-18.983999
-18.983999
-17.079000
-11.365000
-1.841300
-7.555600
-13.270000
0.063490
0.063490
-3.746000
1.968300
5.777800
-3.746000
-3.746000
5.777800
-3.746000
5.777800
9.587300
7.682500
3.873000
5.777800
7.682500
0.063490
3.873000
9.587300
13.397000
9.587300
21.016001
15.302000
13.397000
19.111000
13.397000
17.205999
7.682500
15.302000
13.397000
11.492000
15.302000
11.492000
3.873000
0.063490
-5.650800
-17.079000
-18.983999
-22.794001
-22.794001
-11.365000
-15.175000
-17.079000
-7.555600
-15.175000
-7.555600
3.873000
1.968300
5.777800
19.111000
11.492000
5.777800
11.492000
5.777800
9.587300
13.397000
13.397000
15.302000
17.205999
7.682500
-3.746000
-9.460300
-3.746000
-7.555600
-5.650800
-3.746000
0.063490
-17.079000
-7.555600
1.968300
-1.841300
5.777800
9.587300
3.873000
11.492000
13.397000
13.397000
13.397000
13.397000
13.397000
11.492000
22.921000
21.016001
1.968300
0.063490
-5.650800
-15.175000
-17.079000
-17.079000
-15.175000
-22.794001
-15.175000
-22.794001
-20.889000
-24.698000
-18.983999
-15.175000
-13.270000
-11.365000
-11.365000
-9.460300
-5.650800
-3.746000
-7.555600
-9.460300
-5.650800
1.968300
3.873000
13.397000
28.635000
17.205999
11.492000
11.492000
17.205999
11.492000
13.397000
9.587300
1.968300
5.777800
5.777800
-3.746000
5.777800
0.063490
5.777800
-1.841300
-5.650800
-9.460300
-13.270000
-11.365000
-9.460300
-9.460300
-13.270000
-11.365000
-9.460300
-7.555600
-5.650800
-5.650800
3.873000
7.682500
5.777800
1.968300
1.968300
1.968300
7.682500
1.968300
-1.841300
-3.746000
-5.650800
0.063490
3.873000
5.777800
5.777800
11.492000
19.111000
19.111000
13.397000
3.873000
1.968300
3.873000
5.777800
-7.555600
-3.746000
-3.746000
-1.841300
-5.650800
-5.650800
-7.555600
-7.555600
0.063490
-1.841300
-13.270000
-1.841300
3.873000
0.063490
-3.746000
7.682500
5.777800
1.968300
5.777800
7.682500
7.682500
3.873000
5.777800
1.968300
7.682500
11.492000
15.302000
15.302000
13.397000
13.397000
5.777800
5.777800
3.873000
-3.746000
13.397000
3.873000
-3.746000
5.777800
7.682500
9.587300
7.682500
5.777800
5.777800
3.873000
0.063490
-1.841300
-7.555600
-3.746000
-9.460300
-9.460300
-15.175000
-20.889000
-13.270000
-22.794001
-24.698000
-11.365000
-9.460300
-3.746000
13.397000
13.397000
19.111000
26.730000
24.825001
13.397000
19.111000
11.492000
9.587300
9.587300
11.492000
1.968300
0.063490
-1.841300
-7.555600
-3.746000
-18.983999
-15.175000
-17.079000
-13.270000
-5.650800
-11.365000
-7.555600
-7.555600
-5.650800
-9.460300
1.968300
3.873000
-3.746000
3.873000
3.873000
1.968300
-3.746000
-13.270000
-7.555600
-15.175000
-22.794001
-17.079000
-11.365000
-1.841300
-5.650800
-5.650800
-9.460300
-3.746000
7.682500
7.682500
3.873000
9.587300
11.492000
5.777800
3.873000
11.492000
13.397000
19.111000
13.397000
26.730000
22.921000
19.111000
24.825001
17.205999
22.921000
22.921000
28.635000
24.825001
17.205999
17.205999
11.492000
9.587300
5.777800
7.682500
0.063490
1.968300
0.063490
-7.555600
-3.746000
-13.270000
-15.175000
-9.460300
-3.746000
-3.746000
1.968300
7.682500
-1.841300
5.777800
7.682500
21.016001
9.587300
7.682500
3.873000
0.063490
1.968300
0.063490
5.777800
7.682500
7.682500
7.682500
3.873000
3.873000
7.682500
7.682500
19.111000
5.777800
-7.555600
-5.650800
0.063490
11.492000
5.777800
5.777800
3.873000
-13.270000
-13.270000
-7.555600
-7.555600
-7.555600
-13.270000
-9.460300
-5.650800
1.968300
3.873000
0.063490
0.063490
0.063490
-3.746000
-1.841300
-13.270000
-17.079000
-20.889000
-22.794001
-20.889000
-24.698000
-20.889000
-18.983999
-20.889000
-15.175000
-7.555600
-1.841300
0.063490
1.968300
-5.650800
3.873000
5.777800
3.873000
11.492000
7.682500
5.777800
13.397000
9.587300
22.921000
5.777800
7.682500
1.968300
3.873000
3.873000
1.968300
5.777800
5.777800
5.777800
13.397000
7.682500
15.302000
11.492000
17.205999
11.492000
-1.841300
-1.841300
-7.555600
0.063490
5.777800
0.063490
11.492000
9.587300
7.682500
-1.841300
-7.555600
0.063490
-13.270000
-9.460300
0.063490
5.777800
-7.555600
-11.365000
-5.650800
-3.746000
3.873000
-1.841300
-1.841300
-1.841300
3.873000
0.063490
3.873000
-3.746000
-9.460300
-13.270000
-7.555600
-5.650800
-7.555600
-7.555600
-7.555600
-13.270000
-7.555600
-5.650800
-7.555600
-5.650800
3.873000
1.968300
-1.841300
-1.841300
1.968300
3.873000
1.968300
-1.841300
-1.841300
-1.841300
0.063490
9.587300
7.682500
-1.841300
-1.841300
7.682500
0.063490
9.587300
1.968300
-3.746000
13.397000
15.302000
17.205999
0.063490
5.777800
17.205999
3.873000
1.968300
7.682500
5.777800
5.777800
11.492000
1.968300
-7.555600
3.873000
3.873000
-1.841300
-3.746000
0.063490
-9.460300
-3.746000
0.063490
7.682500
13.397000
1.968300
3.873000
11.492000
7.682500
5.777800
0.063490
3.873000
11.492000
7.682500
7.682500
1.968300
5.777800
7.682500
1.968300
1.968300
-13.270000
-13.270000
-3.746000
-1.841300
-3.746000
-11.365000
-13.270000
1.968300
-11.365000
-15.175000
-7.555600
-1.841300
9.587300
7.682500
11.492000
1.968300
-3.746000
0.063490
3.873000
0.063490
-1.841300
-1.841300
-13.270000
-5.650800
-7.555600
-9.460300
-3.746000
-3.746000
5.777800
1.968300
-1.841300
-1.841300
-7.555600
0.063490
-5.650800
-9.460300
5.777800
1.968300
-3.746000
-7.555600
-5.650800
11.492000
13.397000
11.492000
11.492000
13.397000
0.063490
-7.555600
3.873000
3.873000
-1.841300
9.587300
5.777800
5.777800
3.873000
-1.841300
-5.650800
-5.650800
-3.746000
7.682500
1.968300
1.968300
1.968300
3.873000
3.873000
5.777800
15.302000
5.777800
1.968300
17.205999
17.205999
22.921000
19.111000
21.016001
22.921000
13.397000
9.587300
9.587300
7.682500
11.492000
-5.650800
-15.175000
-22.794001
-17.079000
-17.079000
-20.889000
-17.079000
-18.983999
-20.889000
-26.603001
-20.889000
-15.175000
-5.650800
-1.841300
0.063490
1.968300
-3.746000
-5.650800
-1.841300
-5.650800
-3.746000
5.777800
9.587300
-7.555600
-1.841300
-1.841300
-15.175000
-9.460300
-5.650800
0.063490
-7.555600
-3.746000
1.968300
7.682500
3.873000
5.777800
9.587300
24.825001
19.111000
11.492000
7.682500
-1.841300
-1.841300
3.873000
5.777800
11.492000
1.968300
0.063490
0.063490
-5.650800
-1.841300
-5.650800
-1.841300
0.063490
3.873000
-5.650800
-1.841300
9.587300
9.587300
5.777800
-3.746000
11.492000
22.921000
32.444000
13.397000
5.777800
1.968300
-5.650800
-1.841300
-5.650800
-9.460300
-9.460300
-9.460300
-9.460300
15.302000
1.968300
-1.841300
0.063490
0.063490
5.777800
13.397000
-1.841300
1.968300
-3.746000
-5.650800
7.682500
5.777800
9.587300
15.302000
0.063490
-7.555600
-7.555600
-7.555600
-1.841300
0.063490
3.873000
9.587300
13.397000
1.968300
1.968300
-1.841300
1.968300
-1.841300
-3.746000
-9.460300
-9.460300
3.873000
1.968300
3.873000
-13.270000
-9.460300
-1.841300
0.063490
1.968300
-3.746000
0.063490
7.682500
1.968300
9.587300
7.682500
1.968300
7.682500
7.682500
9.587300
9.587300
3.873000
3.873000
-13.270000
-15.175000
-1.841300
1.968300
0.063490
-9.460300
-7.555600
-17.079000
-22.794001
-20.889000
-18.983999
-11.365000
-13.270000
-7.555600
-9.460300
-1.841300
1.968300
0.063490
1.968300
-1.841300
1.968300
-1.841300
1.968300
3.873000
11.492000
11.492000
5.777800
9.587300
13.397000
9.587300
9.587300
7.682500
19.111000
13.397000
13.397000
3.873000
-3.746000
-11.365000
-15.175000
0.063490
-1.841300
-1.841300
-17.079000
-15.175000
-18.983999
-20.889000
-3.746000
-1.841300
7.682500
7.682500
11.492000
17.205999
17.205999
13.397000
5.777800
3.873000
-3.746000
1.968300
13.397000
21.016001
17.205999
13.397000
1.968300
-5.650800
3.873000
0.063490
1.968300
11.492000
-9.460300
-7.555600
-5.650800
11.492000
7.682500
-11.365000
-7.555600
-9.460300
-13.270000
-7.555600
5.777800
7.682500
13.397000
11.492000
13.397000
15.302000
13.397000
9.587300
5.777800
7.682500
9.587300
0.063490
-3.746000
-1.841300
-3.746000
-3.746000
-1.841300
-3.746000
-3.746000
-3.746000
1.968300
7.682500
-11.365000
-17.079000
-7.555600
-9.460300
-5.650800
7.682500
9.587300
-3.746000
-3.746000
11.492000
15.302000
7.682500
7.682500
3.873000
3.873000
0.063490
0.063490
9.587300
-3.746000
-7.555600
-11.365000
0.063490
-7.555600
-13.270000
-7.555600
7.682500
9.587300
5.777800
9.587300
3.873000
19.111000
17.205999
19.111000
13.397000
13.397000
11.492000
5.777800
11.492000
13.397000
11.492000
1.968300
-1.841300
-5.650800
-1.841300
-7.555600
-5.650800
-18.983999
-9.460300
-7.555600
-11.365000
-18.983999
-11.365000
-5.650800
-1.841300
1.968300
-5.650800
1.968300
11.492000
5.777800
-3.746000
-9.460300
-9.460300
-11.365000
-15.175000
-17.079000
-18.983999
-15.175000
-5.650800
-9.460300
-5.650800
-11.365000
-15.175000
-18.983999
-7.555600
-11.365000
-15.175000
-11.365000
-7.555600
-1.841300
0.063490
11.492000
24.825001
13.397000
9.587300
26.730000
19.111000
11.492000
9.587300
11.492000
3.873000
5.777800
7.682500
9.587300
1.968300
-3.746000
1.968300
0.063490
-5.650800
-5.650800
-11.365000
-17.079000
-17.079000
-13.270000
-7.555600
-13.270000
-5.650800
0.063490
1.968300
0.063490
1.968300
0.063490
9.587300
9.587300
7.682500
-3.746000
11.492000
7.682500
5.777800
3.873000
-9.460300
-1.841300
1.968300
-3.746000
-13.270000
-9.460300
7.682500
-1.841300
-7.555600
5.777800
3.873000
1.968300
-1.841300
0.063490
5.777800
3.873000
0.063490
0.063490
9.587300
9.587300
0.063490
-7.555600
-9.460300
-3.746000
-1.841300
-11.365000
-9.460300
-1.841300
-9.460300
-5.650800
1.968300
5.777800
11.492000
1.968300
-1.841300
0.063490
-1.841300
0.063490
11.492000
7.682500
5.777800
1.968300
-5.650800
3.873000
-5.650800
-5.650800
0.063490
-3.746000
1.968300
1.968300
11.492000
1.968300
0.063490
3.873000
7.682500
1.968300
0.063490
-7.555600
-13.270000
-1.841300
7.682500
1.968300
3.873000
11.492000
13.397000
11.492000
5.777800
9.587300
3.873000
1.968300
-5.650800
-11.365000
-13.270000
-7.555600
-9.460300
-15.175000
-7.555600
-3.746000
3.873000
1.968300
5.777800
11.492000
17.205999
15.302000
17.205999
24.825001
13.397000
9.587300
5.777800
-1.841300
-1.841300
3.873000
1.968300
13.397000
17.205999
22.921000
17.205999
19.111000
19.111000
21.016001
19.111000
13.397000
15.302000
15.302000
17.205999
17.205999
