-3.902400
-5.853700
-3.902400
-5.853700
-15.610000
-17.561001
-17.561001
-19.511999
-19.511999
-3.902400
3.902400
-5.853700
-7.804900
1.951200
9.756100
-3.902400
5.853700
11.707000
-1.951200
0.000000
9.756100
-1.951200
3.902400
9.756100
3.902400
9.756100
-1.951200
9.756100
-3.902400
0.000000
5.853700
3.902400
-13.659000
-1.951200
-5.853700
0.000000
7.804900
-9.756100
0.000000
-1.951200
13.659000
19.511999
21.462999
11.707000
9.756100
-1.951200
5.853700
9.756100
-7.804900
-17.561001
-21.462999
-27.316999
-23.415001
-25.365999
-23.415001
-15.610000
-33.171001
-25.365999
-19.511999
-17.561001
-7.804900
-1.951200
-13.659000
-7.804900
-7.804900
-7.804900
3.902400
11.707000
15.610000
13.659000
19.511999
13.659000
1.951200
-3.902400
3.902400
-1.951200
7.804900
7.804900
9.756100
-7.804900
7.804900
11.707000
7.804900
23.415001
13.659000
13.659000
25.365999
11.707000
17.561001
21.462999
17.561001
21.462999
7.804900
27.316999
17.561001
-1.951200
11.707000
1.951200
-3.902400
-11.707000
-7.804900
-7.804900
-11.707000
-7.804900
-9.756100
-13.659000
-23.415001
-21.462999
-9.756100
-13.659000
-11.707000
-13.659000
-3.902400
-13.659000
-9.756100
-1.951200
-15.610000
-13.659000
-1.951200
0.000000
11.707000
27.316999
27.316999
13.659000
7.804900
21.462999
7.804900
5.853700
3.902400
0.000000
1.951200
5.853700
-1.951200
1.951200
-3.902400
0.000000
1.951200
-1.951200
0.000000
-7.804900
-1.951200
-5.853700
-3.902400
-15.610000
-3.902400
-13.659000
-11.707000
-1.951200
-7.804900
3.902400
5.853700
3.902400
0.000000
3.902400
-1.951200
0.000000
-5.853700
-9.756100
-13.659000
-13.659000
-5.853700
-3.902400
-5.853700
-3.902400
1.951200
9.756100
15.610000
7.804900
7.804900
-3.902400
-1.951200
0.000000
-5.853700
-5.853700
0.000000
-1.951200
-1.951200
-1.951200
-3.902400
-9.756100
-3.902400
-3.902400
-11.707000
7.804900
11.707000
5.853700
-3.902400
9.756100
11.707000
3.902400
7.804900
17.561001
13.659000
5.853700
0.000000
-3.902400
-1.951200
0.000000
11.707000
13.659000
11.707000
9.756100
1.951200
7.804900
3.902400
-5.853700
7.804900
5.853700
0.000000
11.707000
21.462999
21.462999
7.804900
7.804900
5.853700
9.756100
-5.853700
-7.804900
-13.659000
-11.707000
-11.707000
-13.659000
-23.415001
-31.219999
-7.804900
-33.171001
-27.316999
-11.707000
-9.756100
7.804900
27.316999
19.511999
27.316999
27.316999
33.171001
15.610000
17.561001
3.902400
0.000000
0.000000
-5.853700
-15.610000
-13.659000
-23.415001
-17.561001
-11.707000
-37.073002
-31.219999
-33.171001
-29.268000
-25.365999
-25.365999
-19.511999
-13.659000
-13.659000
-17.561001
0.000000
3.902400
1.951200
5.853700
11.707000
1.951200
1.951200
-1.951200
3.902400
-7.804900
-9.756100
-5.853700
1.951200
13.659000
7.804900
9.756100
9.756100
9.756100
27.316999
21.462999
27.316999
35.122002
23.415001
25.365999
19.511999
25.365999
23.415001
33.171001
19.511999
35.122002
27.316999
25.365999
21.462999
17.561001
25.365999
21.462999
27.316999
27.316999
15.610000
17.561001
11.707000
-5.853700
-1.951200
-3.902400
-5.853700
-3.902400
-3.902400
-9.756100
-3.902400
-15.610000
-23.415001
-7.804900
0.000000
0.000000
-3.902400
1.951200
-9.756100
5.853700
5.853700
5.853700
-1.951200
5.853700
-1.951200
-5.853700
-7.804900
-5.853700
-7.804900
-5.853700
3.902400
0.000000
-5.853700
-11.707000
-7.804900
-7.804900
1.951200
-11.707000
-17.561001
-13.659000
-3.902400
3.902400
9.756100
-1.951200
-1.951200
-7.804900
-7.804900
3.902400
0.000000
1.951200
-5.853700
-3.902400
-3.902400
9.756100
0.000000
1.951200
7.804900
1.951200
-1.951200
-9.756100
-21.462999
-23.415001
-33.171001
-27.316999
-15.610000
-21.462999
-15.610000
-13.659000
-17.561001
-13.659000
0.000000
0.000000
1.951200
3.902400
-1.951200
1.951200
-3.902400
-9.756100
-3.902400
-3.902400
-13.659000
-7.804900
-9.756100
1.951200
-5.853700
-5.853700
-11.707000
-5.853700
-15.610000
-9.756100
-3.902400
-1.951200
3.902400
15.610000
13.659000
23.415001
13.659000
11.707000
21.462999
3.902400
11.707000
-3.902400
3.902400
13.659000
9.756100
13.659000
23.415001
21.462999
5.853700
9.756100
35.122002
5.853700
-1.951200
9.756100
7.804900
-1.951200
-11.707000
0.000000
0.000000
3.902400
3.902400
-7.804900
-5.853700
9.756100
-5.853700
1.951200
-5.853700
-11.707000
-7.804900
-15.610000
-3.902400
-9.756100
-5.853700
-5.853700
-11.707000
-7.804900
1.951200
11.707000
17.561001
15.610000
9.756100
5.853700
-1.951200
9.756100
3.902400
7.804900
9.756100
5.853700
0.000000
1.951200
5.853700
1.951200
-5.853700
1.951200
3.902400
0.000000
11.707000
9.756100
1.951200
9.756100
27.316999
7.804900
-1.951200
15.610000
17.561001
-1.951200
-3.902400
0.000000
-1.951200
-19.511999
-11.707000
-17.561001
-29.268000
-9.756100
-7.804900
-19.511999
-21.462999
-19.511999
-25.365999
-7.804900
-9.756100
-1.951200
3.902400
0.000000
0.000000
13.659000
9.756100
7.804900
7.804900
11.707000
9.756100
1.951200
13.659000
11.707000
11.707000
15.610000
15.610000
13.659000
-3.902400
-3.902400
5.853700
0.000000
-1.951200
-5.853700
-11.707000
7.804900
-9.756100
-7.804900
-3.902400
0.000000
15.610000
3.902400
5.853700
-5.853700
-5.853700
3.902400
5.853700
1.951200
5.853700
15.610000
3.902400
7.804900
9.756100
-1.951200
0.000000
-3.902400
9.756100
0.000000
5.853700
-1.951200
-7.804900
-1.951200
-9.756100
-11.707000
11.707000
3.902400
-9.756100
-9.756100
-9.756100
9.756100
1.951200
5.853700
0.000000
15.610000
-5.853700
-17.561001
-1.951200
-3.902400
0.000000
0.000000
1.951200
-1.951200
-13.659000
-13.659000
-13.659000
-7.804900
-13.659000
-17.561001
-5.853700
-7.804900
-7.804900
-3.902400
-5.853700
0.000000
13.659000
9.756100
9.756100
21.462999
11.707000
15.610000
9.756100
27.316999
35.122002
27.316999
19.511999
19.511999
9.756100
11.707000
-7.804900
-11.707000
-25.365999
-21.462999
-13.659000
-21.462999
-15.610000
-21.462999
-13.659000
-23.415001
-15.610000
-5.853700
7.804900
1.951200
13.659000
1.951200
3.902400
1.951200
0.000000
-3.902400
-3.902400
5.853700
11.707000
-1.951200
5.853700
7.804900
-11.707000
-5.853700
-5.853700
-5.853700
-17.561001
-5.853700
-5.853700
-3.902400
-7.804900
-7.804900
0.000000
15.610000
1.951200
-1.951200
0.000000
-13.659000
-7.804900
1.951200
5.853700
9.756100
9.756100
-5.853700
-3.902400
-13.659000
-15.610000
-9.756100
-7.804900
-3.902400
9.756100
3.902400
-5.853700
9.756100
7.804900
3.902400
-13.659000
0.000000
7.804900
29.268000
7.804900
0.000000
-1.951200
-11.707000
-3.902400
-7.804900
-7.804900
-11.707000
0.000000
-19.511999
7.804900
1.951200
-1.951200
5.853700
9.756100
11.707000
35.122002
15.610000
7.804900
9.756100
1.951200
13.659000
19.511999
23.415001
27.316999
0.000000
-15.610000
-13.659000
-15.610000
-13.659000
-13.659000
-3.902400
-3.902400
15.610000
5.853700
11.707000
3.902400
5.853700
7.804900
-5.853700
-9.756100
-9.756100
3.902400
3.902400
15.610000
-13.659000
-7.804900
7.804900
7.804900
7.804900
-1.951200
3.902400
1.951200
-3.902400
11.707000
17.561001
3.902400
9.756100
1.951200
15.610000
1.951200
-1.951200
0.000000
-19.511999
-17.561001
-11.707000
3.902400
5.853700
-9.756100
-9.756100
-15.610000
-21.462999
-19.511999
-25.365999
-15.610000
-17.561001
-9.756100
-19.511999
-7.804900
-1.951200
1.951200
1.951200
3.902400
3.902400
7.804900
17.561001
7.804900
9.756100
3.902400
-3.902400
-7.804900
1.951200
-7.804900
3.902400
-7.804900
7.804900
7.804900
-1.951200
-3.902400
-19.511999
-25.365999
-27.316999
-13.659000
-13.659000
-11.707000
-15.610000
-7.804900
-21.462999
-7.804900
0.000000
1.951200
17.561001
17.561001
17.561001
25.365999
27.316999
11.707000
3.902400
5.853700
-1.951200
1.951200
11.707000
13.659000
21.462999
15.610000
9.756100
0.000000
5.853700
1.951200
7.804900
7.804900
-9.756100
7.804900
-3.902400
15.610000
13.659000
-17.561001
-9.756100
-3.902400
-13.659000
1.951200
1.951200
9.756100
19.511999
13.659000
21.462999
17.561001
23.415001
23.415001
11.707000
0.000000
11.707000
3.902400
-3.902400
-7.804900
-9.756100
-9.756100
-7.804900
-15.610000
-5.853700
-9.756100
0.000000
7.804900
-11.707000
-7.804900
0.000000
0.000000
-1.951200
11.707000
9.756100
0.000000
-3.902400
9.756100
5.853700
5.853700
3.902400
-5.853700
-7.804900
-7.804900
-3.902400
-1.951200
-9.756100
-11.707000
-17.561001
-9.756100
-5.853700
-11.707000
-7.804900
1.951200
15.610000
13.659000
19.511999
9.756100
35.122002
29.268000
21.462999
21.462999
21.462999
21.462999
7.804900
9.756100
9.756100
5.853700
-1.951200
-3.902400
-13.659000
3.902400
-15.610000
-17.561001
-25.365999
-19.511999
-17.561001
-17.561001
-15.610000
-15.610000
0.000000
1.951200
9.756100
-1.951200
7.804900
17.561001
15.610000
5.853700
1.951200
-1.951200
-5.853700
-15.610000
-17.561001
-15.610000
-13.659000
-3.902400
-17.561001
-3.902400
-11.707000
-9.756100
-11.707000
-1.951200
-3.902400
-13.659000
-9.756100
-5.853700
1.951200
-1.951200
9.756100
13.659000
9.756100
7.804900
17.561001
0.000000
-3.902400
-9.756100
-5.853700
-15.610000
-9.756100
3.902400
-9.756100
-11.707000
-13.659000
-13.659000
-5.853700
-15.610000
-11.707000
-15.610000
-23.415001
-19.511999
-19.511999
-11.707000
-15.610000
-5.853700
-3.902400
0.000000
3.902400
1.951200
-1.951200
5.853700
5.853700
-1.951200
0.000000
1.951200
5.853700
-1.951200
3.902400
-11.707000
0.000000
0.000000
0.000000
-3.902400
-5.853700
19.511999
3.902400
1.951200
15.610000
17.561001
11.707000
9.756100
1.951200
11.707000
5.853700
1.951200
0.000000
7.804900
9.756100
0.000000
-11.707000
-11.707000
-7.804900
-7.804900
-15.610000
-11.707000
-3.902400
-13.659000
0.000000
-3.902400
5.853700
5.853700
7.804900
3.902400
5.853700
3.902400
5.853700
19.511999
5.853700
7.804900
-3.902400
-11.707000
-1.951200
-9.756100
-19.511999
-7.804900
-9.756100
-3.902400
0.000000
11.707000
0.000000
1.951200
1.951200
3.902400
0.000000
-3.902400
-7.804900
-9.756100
5.853700
1.951200
1.951200
5.853700
13.659000
13.659000
17.561001
5.853700
7.804900
5.853700
-3.902400
-13.659000
-9.756100
-9.756100
-11.707000
-9.756100
-13.659000
-5.853700
-3.902400
7.804900
1.951200
11.707000
15.610000
19.511999
21.462999
23.415001
21.462999
15.610000
7.804900
1.951200
-5.853700
-7.804900
3.902400
1.951200
19.511999
17.561001
23.415001
15.610000
15.610000
17.561001
21.462999
17.561001
5.853700
7.804900
5.853700
7.804900
5.853700
