-11.530000
-10.564000
-7.665100
-7.665100
-10.564000
-14.428000
-18.292999
-20.225000
-23.124001
-23.124001
-25.056000
-26.023001
-26.023001
-26.989000
-27.955000
-26.989000
-25.056000
-25.056000
-19.259001
-12.496000
-14.428000
-23.124001
-30.853001
-39.549000
-44.380001
-44.380001
-43.414001
-40.514999
-36.651001
-30.853001
-22.158001
-11.530000
-3.800300
0.064410
4.895300
5.861500
4.895300
5.861500
5.861500
2.963000
2.963000
2.963000
0.064410
-0.901770
1.030600
6.827700
15.523000
22.287001
26.150999
26.150999
24.219000
20.354000
10.692000
5.861500
2.963000
1.996800
5.861500
12.625000
19.388000
26.150999
30.016001
30.982000
37.745998
43.542999
47.407001
51.271999
50.306000
45.474998
42.576000
41.610001
38.712002
37.745998
32.915001
27.118000
26.150999
24.219000
26.150999
32.915001
33.881001
29.049999
24.219000
21.320000
13.591000
2.963000
-1.868000
-6.698900
-10.564000
-13.462000
-17.327000
-18.292999
-18.292999
-19.259001
-22.158001
-23.124001
-21.191999
-18.292999
-16.361000
-18.292999
-20.225000
-19.259001
-19.259001
-19.259001
-17.327000
-14.428000
-10.564000
-5.732700
-5.732700
-12.496000
-26.023001
-38.583000
-49.210999
-54.042000
-49.210999
-38.583000
-26.023001
-11.530000
-2.834100
6.827700
16.490000
22.287001
25.184999
25.184999
22.287001
18.422001
10.692000
2.963000
-3.800300
-6.698900
-4.766500
-0.901770
3.929100
10.692000
13.591000
12.625000
11.659000
14.557000
17.455999
18.422001
19.388000
19.388000
16.490000
14.557000
16.490000
20.354000
22.287001
19.388000
11.659000
4.895300
2.963000
-0.901770
-0.901770
1.030600
1.030600
-0.901770
-3.800300
-7.665100
-10.564000
-8.631200
-5.732700
-4.766500
-4.766500
-4.766500
-3.800300
-1.868000
-0.901770
-2.834100
-6.698900
-7.665100
-6.698900
-3.800300
-0.901770
-1.868000
-5.732700
-2.834100
3.929100
7.793900
8.760100
3.929100
-2.834100
-7.665100
-9.597400
-11.530000
-13.462000
-14.428000
-17.327000
-18.292999
-13.462000
-10.564000
-8.631200
-6.698900
-5.732700
-0.901770
6.827700
6.827700
1.996800
-0.901770
1.030600
1.996800
1.030600
0.064410
-4.766500
-9.597400
-10.564000
-8.631200
-4.766500
-1.868000
-1.868000
-5.732700
-8.631200
-8.631200
-2.834100
1.030600
2.963000
4.895300
7.793900
10.692000
13.591000
12.625000
6.827700
-0.901770
-12.496000
-24.090000
-28.921000
-26.989000
-24.090000
-18.292999
-5.732700
3.929100
11.659000
19.388000
28.084000
34.847000
34.847000
28.084000
19.388000
11.659000
4.895300
-3.800300
-8.631200
-10.564000
-10.564000
-5.732700
1.030600
8.760100
17.455999
21.320000
14.557000
3.929100
-2.834100
-12.496000
-19.259001
-21.191999
-22.158001
-20.225000
-12.496000
-2.834100
6.827700
14.557000
15.523000
10.692000
6.827700
0.064410
-11.530000
-20.225000
-29.886999
-36.651001
-36.651001
-27.955000
-15.395000
-1.868000
6.827700
11.659000
17.455999
23.253000
25.184999
26.150999
26.150999
25.184999
22.287001
13.591000
1.030600
-8.631200
-14.428000
-13.462000
-7.665100
1.030600
8.760100
16.490000
24.219000
30.982000
36.778999
40.644001
37.745998
29.049999
22.287001
15.523000
2.963000
-9.597400
-14.428000
-15.395000
-16.361000
-15.395000
-12.496000
-7.665100
-0.901770
3.929100
7.793900
6.827700
1.996800
-1.868000
-4.766500
-6.698900
-5.732700
-5.732700
-10.564000
-17.327000
-25.056000
-32.785999
-36.651001
-35.683998
-35.683998
-31.820000
-26.989000
-21.191999
-12.496000
-0.901770
7.793900
12.625000
17.455999
18.422001
11.659000
3.929100
-4.766500
-15.395000
-21.191999
-21.191999
-21.191999
-18.292999
-14.428000
-13.462000
-7.665100
1.030600
6.827700
9.726200
11.659000
16.490000
24.219000
30.016001
27.118000
16.490000
2.963000
-8.631200
-16.361000
-20.225000
-20.225000
-17.327000
-7.665100
4.895300
19.388000
32.915001
39.678001
40.644001
40.644001
34.847000
23.253000
11.659000
3.929100
-0.901770
-3.800300
-2.834100
-0.901770
2.963000
9.726200
15.523000
20.354000
23.253000
22.287001
16.490000
5.861500
-7.665100
-19.259001
-25.056000
-26.023001
-23.124001
-19.259001
-17.327000
-14.428000
-10.564000
-9.597400
-10.564000
-13.462000
-21.191999
-26.989000
-27.955000
-26.023001
-21.191999
-15.395000
-11.530000
-9.597400
-4.766500
1.030600
4.895300
9.726200
14.557000
12.625000
4.895300
-7.665100
-18.292999
-25.056000
-27.955000
-22.158001
-15.395000
-8.631200
1.030600
7.793900
17.455999
24.219000
24.219000
21.320000
22.287001
26.150999
27.118000
22.287001
16.490000
12.625000
11.659000
8.760100
1.996800
-7.665100
-11.530000
-12.496000
-15.395000
-16.361000
-16.361000
-16.361000
-15.395000
-13.462000
-9.597400
-2.834100
6.827700
18.422001
26.150999
27.118000
22.287001
10.692000
-3.800300
-11.530000
-16.361000
-20.225000
-21.191999
-21.191999
-18.292999
-11.530000
-2.834100
5.861500
11.659000
13.591000
10.692000
12.625000
17.455999
17.455999
6.827700
-9.597400
-21.191999
-25.056000
-21.191999
-12.496000
-1.868000
9.726200
21.320000
30.016001
34.847000
36.778999
34.847000
32.915001
30.016001
27.118000
23.253000
15.523000
6.827700
-2.834100
-11.530000
-13.462000
-11.530000
-7.665100
-3.800300
1.996800
4.895300
8.760100
16.490000
24.219000
29.049999
28.084000
19.388000
9.726200
1.996800
-4.766500
-12.496000
-21.191999
-26.023001
-28.921000
-26.989000
-19.259001
-11.530000
-3.800300
-2.834100
-6.698900
-9.597400
-9.597400
-4.766500
-2.834100
-4.766500
-7.665100
-9.597400
-12.496000
-15.395000
-14.428000
-9.597400
-4.766500
-4.766500
-5.732700
-3.800300
1.030600
8.760100
14.557000
13.591000
13.591000
11.659000
8.760100
8.760100
8.760100
4.895300
1.030600
-2.834100
-6.698900
-7.665100
-5.732700
-2.834100
-1.868000
-0.901770
-0.901770
1.996800
6.827700
3.929100
1.996800
5.861500
11.659000
17.455999
21.320000
23.253000
22.287001
17.455999
8.760100
1.030600
-1.868000
-0.901770
1.030600
6.827700
11.659000
12.625000
12.625000
10.692000
4.895300
-0.901770
-3.800300
-4.766500
-7.665100
-11.530000
-16.361000
-19.259001
-20.225000
-19.259001
-16.361000
-5.732700
3.929100
6.827700
3.929100
-0.901770
-5.732700
-7.665100
-9.597400
-12.496000
-14.428000
-19.259001
-24.090000
-25.056000
-21.191999
-15.395000
-6.698900
1.030600
2.963000
2.963000
0.064410
-9.597400
-19.259001
-25.056000
-24.090000
-18.292999
-6.698900
7.793900
18.422001
24.219000
26.150999
27.118000
25.184999
20.354000
11.659000
2.963000
1.030600
2.963000
3.929100
5.861500
9.726200
12.625000
8.760100
-4.766500
-14.428000
-23.124001
-29.886999
-30.853001
-25.056000
-11.530000
2.963000
11.659000
18.422001
23.253000
24.219000
22.287001
15.523000
7.793900
0.064410
-8.631200
-13.462000
-15.395000
-11.530000
-8.631200
-5.732700
-4.766500
-0.901770
3.929100
8.760100
12.625000
8.760100
-1.868000
-12.496000
-20.225000
-26.023001
-26.989000
-26.023001
-26.023001
-22.158001
-7.665100
9.726200
22.287001
27.118000
27.118000
24.219000
20.354000
13.591000
4.895300
-3.800300
-11.530000
-15.395000
-11.530000
-7.665100
-3.800300
1.030600
5.861500
11.659000
15.523000
12.625000
2.963000
-1.868000
-3.800300
-4.766500
-2.834100
-0.901770
3.929100
10.692000
13.591000
14.557000
12.625000
7.793900
2.963000
1.996800
1.996800
0.064410
0.064410
-0.901770
1.030600
8.760100
18.422001
25.184999
26.150999
21.320000
11.659000
-1.868000
-12.496000
-20.225000
-21.191999
-20.225000
-19.259001
-18.292999
-12.496000
-6.698900
-1.868000
5.861500
13.591000
18.422001
13.591000
0.064410
-14.428000
-19.259001
-21.191999
-22.158001
-20.225000
-15.395000
-6.698900
7.793900
22.287001
32.915001
39.678001
41.610001
37.745998
32.915001
25.184999
13.591000
3.929100
-3.800300
-10.564000
-12.496000
-8.631200
-0.901770
9.726200
21.320000
26.150999
21.320000
13.591000
1.030600
-11.530000
-17.327000
-14.428000
-8.631200
-6.698900
-5.732700
-5.732700
-4.766500
-4.766500
-1.868000
1.996800
2.963000
-1.868000
-7.665100
-14.428000
-19.259001
-15.395000
-5.732700
6.827700
15.523000
19.388000
18.422001
13.591000
4.895300
-3.800300
-15.395000
-24.090000
-27.955000
-30.853001
-28.921000
-23.124001
-13.462000
-0.901770
8.760100
17.455999
24.219000
24.219000
18.422001
11.659000
0.064410
-14.428000
-25.056000
-28.921000
-31.820000
-35.683998
-34.717999
-28.921000
-18.292999
-4.766500
7.793900
13.591000
15.523000
15.523000
11.659000
7.793900
7.793900
4.895300
5.861500
4.895300
4.895300
7.793900
3.929100
-3.800300
-9.597400
-13.462000
-13.462000
-11.530000
-8.631200
-5.732700
-2.834100
1.030600
5.861500
9.726200
15.523000
18.422001
16.490000
6.827700
-4.766500
-6.698900
-1.868000
3.929100
8.760100
12.625000
11.659000
9.726200
6.827700
1.996800
2.963000
8.760100
10.692000
7.793900
5.861500
3.929100
3.929100
8.760100
10.692000
8.760100
6.827700
7.793900
6.827700
3.929100
0.064410
-4.766500
-11.530000
-20.225000
-25.056000
-22.158001
-17.327000
-12.496000
-9.597400
-6.698900
-4.766500
-2.834100
1.996800
5.861500
4.895300
-0.901770
-8.631200
-19.259001
-25.056000
-23.124001
-14.428000
-2.834100
5.861500
11.659000
16.490000
19.388000
16.490000
9.726200
1.030600
-6.698900
-6.698900
-8.631200
-11.530000
-13.462000
-14.428000
-16.361000
-16.361000
-15.395000
-15.395000
-14.428000
-12.496000
-9.597400
-4.766500
-0.901770
1.996800
2.963000
2.963000
-1.868000
-4.766500
-5.732700
-5.732700
-2.834100
1.996800
7.793900
11.659000
13.591000
13.591000
11.659000
7.793900
1.996800
-2.834100
-6.698900
-10.564000
-11.530000
-11.530000
-10.564000
-10.564000
-6.698900
-1.868000
2.963000
6.827700
10.692000
9.726200
3.929100
-0.901770
-5.732700
-10.564000
-9.597400
-3.800300
7.793900
17.455999
18.422001
18.422001
17.455999
14.557000
12.625000
9.726200
5.861500
1.030600
-2.834100
-10.564000
-15.395000
-12.496000
-4.766500
4.895300
14.557000
25.184999
30.016001
30.016001
27.118000
22.287001
15.523000
4.895300
-12.496000
-26.023001
-31.820000
-30.853001
-21.191999
-5.732700
6.827700
19.388000
32.915001
39.678001
35.813000
25.184999
7.793900
-6.698900
-16.361000
-25.056000
-31.820000
-31.820000
-28.921000
-25.056000
-16.361000
-4.766500
6.827700
15.523000
20.354000
19.388000
15.523000
12.625000
7.793900
-0.901770
-8.631200
-13.462000
-15.395000
-16.361000
-16.361000
-13.462000
-9.597400
-6.698900
-0.901770
3.929100
8.760100
12.625000
12.625000
12.625000
15.523000
18.422001
22.287001
26.150999
28.084000
28.084000
23.253000
15.523000
7.793900
-2.834100
-9.597400
-17.327000
-24.090000
-20.225000
-8.631200
1.996800
11.659000
18.422001
25.184999
30.982000
33.881001
30.982000
21.320000
10.692000
-2.834100
-12.496000
-16.361000
-22.158001
-28.921000
-31.820000
-30.853001
-28.921000
-27.955000
-25.056000
-20.225000
-15.395000
-14.428000
