-16.650000
-13.724000
-9.821100
-9.821100
-10.797000
-10.797000
-7.869900
-10.797000
-12.748000
-15.675000
-18.601999
-16.650000
-14.699000
-8.845500
-9.821100
-11.772000
-7.869900
0.910570
9.691100
14.569000
15.545000
12.618000
6.764200
1.886200
1.886200
3.837400
3.837400
1.886200
-7.869900
-13.724000
-13.724000
-6.894300
0.910570
10.667000
19.447001
21.398001
21.398001
20.423000
20.423000
14.569000
11.642000
11.642000
3.837400
0.910570
-4.943100
-6.894300
-7.869900
-8.845500
-7.869900
-6.894300
-7.869900
-5.918700
-3.967500
-0.065040
1.886200
4.813000
9.691100
9.691100
6.764200
5.788600
1.886200
-1.040700
0.910570
-2.991900
-2.991900
-0.065040
0.910570
-2.016300
-5.918700
-6.894300
-5.918700
-4.943100
-1.040700
3.837400
2.861800
1.886200
4.813000
6.764200
7.739800
3.837400
0.910570
4.813000
3.837400
0.910570
-0.065040
-1.040700
1.886200
4.813000
6.764200
9.691100
11.642000
16.520000
16.520000
13.593000
9.691100
6.764200
2.861800
2.861800
2.861800
-3.967500
-9.821100
-10.797000
-4.943100
0.910570
1.886200
5.788600
11.642000
16.520000
16.520000
14.569000
17.496000
19.447001
17.496000
10.667000
4.813000
3.837400
-1.040700
-6.894300
-12.748000
-14.699000
-15.675000
-21.528000
-23.480000
-19.577000
-14.699000
-4.943100
2.861800
9.691100
17.496000
21.398001
21.398001
15.545000
10.667000
6.764200
0.910570
-2.991900
-5.918700
-10.797000
-7.869900
-4.943100
1.886200
4.813000
5.788600
0.910570
-2.016300
-2.991900
-4.943100
-7.869900
-10.797000
-14.699000
-18.601999
-26.407000
-30.309000
-21.528000
-16.650000
-7.869900
-0.065040
5.788600
9.691100
7.739800
9.691100
16.520000
15.545000
17.496000
17.496000
11.642000
-1.040700
-15.675000
-21.528000
-22.504000
-16.650000
-6.894300
-1.040700
-1.040700
-2.016300
0.910570
1.886200
3.837400
4.813000
5.788600
2.861800
-3.967500
-13.724000
-21.528000
-19.577000
-11.772000
-6.894300
-3.967500
-2.991900
-1.040700
6.764200
12.618000
14.569000
11.642000
8.715400
1.886200
-3.967500
-11.772000
-17.625999
-19.577000
-17.625999
-13.724000
-5.918700
-1.040700
3.837400
6.764200
10.667000
12.618000
12.618000
8.715400
4.813000
5.788600
2.861800
-2.016300
-7.869900
-14.699000
-17.625999
-18.601999
-15.675000
-6.894300
1.886200
5.788600
8.715400
14.569000
16.520000
16.520000
11.642000
2.861800
-2.991900
-3.967500
-0.065040
0.910570
0.910570
-1.040700
-4.943100
-8.845500
-8.845500
-6.894300
-3.967500
-1.040700
5.788600
8.715400
6.764200
5.788600
7.739800
6.764200
8.715400
14.569000
16.520000
20.423000
18.472000
12.618000
9.691100
6.764200
9.691100
13.593000
14.569000
10.667000
4.813000
2.861800
4.813000
4.813000
6.764200
14.569000
20.423000
22.374001
18.472000
14.569000
4.813000
-3.967500
-9.821100
-9.821100
-8.845500
-8.845500
-9.821100
-8.845500
-1.040700
0.910570
-2.016300
-2.016300
-2.991900
-4.943100
-8.845500
-13.724000
-12.748000
-9.821100
-7.869900
-5.918700
-6.894300
-6.894300
-2.016300
-1.040700
0.910570
-0.065040
-4.943100
-10.797000
-8.845500
-7.869900
-7.869900
-5.918700
-6.894300
-2.991900
-4.943100
-6.894300
-3.967500
-0.065040
4.813000
0.910570
-1.040700
2.861800
3.837400
0.910570
-0.065040
-0.065040
0.910570
-0.065040
0.910570
1.886200
-1.040700
-2.991900
-2.991900
-2.016300
0.910570
-1.040700
-2.016300
-2.991900
-6.894300
-6.894300
-5.918700
-7.869900
-7.869900
-1.040700
4.813000
6.764200
8.715400
10.667000
6.764200
3.837400
-0.065040
-4.943100
-8.845500
-10.797000
-15.675000
-20.552999
-21.528000
-16.650000
-6.894300
5.788600
13.593000
15.545000
18.472000
19.447001
21.398001
17.496000
15.545000
14.569000
8.715400
1.886200
-3.967500
-6.894300
-7.869900
-9.821100
-11.772000
-13.724000
-9.821100
-2.016300
4.813000
10.667000
13.593000
12.618000
11.642000
6.764200
0.910570
-2.016300
-5.918700
-9.821100
-8.845500
-4.943100
-0.065040
7.739800
10.667000
7.739800
2.861800
-3.967500
-6.894300
-7.869900
-8.845500
-5.918700
-3.967500
-2.016300
0.910570
7.739800
10.667000
6.764200
1.886200
-1.040700
-1.040700
-2.991900
-5.918700
-5.918700
-5.918700
-4.943100
-2.991900
0.910570
0.910570
2.861800
8.715400
13.593000
15.545000
10.667000
4.813000
0.910570
-2.991900
-5.918700
-6.894300
-7.869900
-8.845500
-11.772000
-12.748000
-4.943100
2.861800
4.813000
3.837400
2.861800
4.813000
11.642000
9.691100
4.813000
4.813000
4.813000
3.837400
2.861800
1.886200
1.886200
1.886200
5.788600
10.667000
16.520000
18.472000
14.569000
7.739800
6.764200
4.813000
5.788600
9.691100
11.642000
14.569000
13.593000
10.667000
6.764200
6.764200
5.788600
5.788600
5.788600
2.861800
-0.065040
-2.991900
-2.991900
-5.918700
-10.797000
-12.748000
-7.869900
-8.845500
-11.772000
-11.772000
-12.748000
-11.772000
-7.869900
-5.918700
-5.918700
-9.821100
-11.772000
-10.797000
-5.918700
-0.065040
0.910570
1.886200
-3.967500
-8.845500
-17.625999
-21.528000
-14.699000
-9.821100
-3.967500
0.910570
4.813000
3.837400
2.861800
6.764200
7.739800
5.788600
-2.016300
-10.797000
-14.699000
-15.675000
-11.772000
-11.772000
-10.797000
-5.918700
-0.065040
5.788600
15.545000
22.374001
27.252001
25.301001
23.350000
18.472000
12.618000
8.715400
7.739800
10.667000
11.642000
11.642000
9.691100
8.715400
6.764200
8.715400
11.642000
15.545000
14.569000
5.788600
0.910570
-3.967500
-8.845500
-14.699000
-22.504000
-26.407000
-30.309000
-38.113998
-40.064999
-39.089001
-32.259998
-25.431000
-22.504000
-23.480000
-27.382000
-30.309000
-30.309000
-31.285000
-29.333000
-28.358000
-29.333000
-32.259998
-36.162998
-36.162998
-32.259998
-27.382000
-22.504000
-15.675000
-6.894300
-5.918700
-5.918700
-8.845500
-12.748000
-9.821100
-7.869900
-4.943100
0.910570
6.764200
15.545000
18.472000
19.447001
22.374001
24.325001
24.325001
25.301001
25.301001
28.228001
28.228001
29.202999
27.252001
27.252001
27.252001
26.275999
27.252001
29.202999
33.105999
36.033001
37.984001
37.007999
34.081001
32.130001
30.179001
29.202999
31.153999
31.153999
32.130001
30.179001
24.325001
12.618000
1.886200
-3.967500
-7.869900
-12.748000
-12.748000
-13.724000
-13.724000
-13.724000
-20.552999
-22.504000
-20.552999
-20.552999
-13.724000
-4.943100
-4.943100
-2.016300
0.910570
-0.065040
4.813000
2.861800
-3.967500
-6.894300
-11.772000
-12.748000
-13.724000
-10.797000
-9.821100
-4.943100
-2.991900
-7.869900
-11.772000
-10.797000
-8.845500
-9.821100
-16.650000
-19.577000
-24.455000
-30.309000
-22.504000
-12.748000
-3.967500
7.739800
11.642000
9.691100
13.593000
16.520000
11.642000
8.715400
7.739800
4.813000
2.861800
4.813000
5.788600
9.691100
12.618000
14.569000
16.520000
16.520000
14.569000
15.545000
18.472000
17.496000
17.496000
17.496000
16.520000
17.496000
11.642000
8.715400
11.642000
10.667000
8.715400
7.739800
8.715400
5.788600
1.886200
2.861800
2.861800
2.861800
1.886200
-6.894300
-14.699000
-18.601999
-16.650000
-9.821100
-1.040700
2.861800
-0.065040
0.910570
0.910570
-6.894300
-4.943100
-4.943100
-4.943100
1.886200
1.886200
8.715400
13.593000
7.739800
4.813000
-6.894300
-15.675000
-19.577000
-19.577000
-13.724000
-7.869900
-1.040700
4.813000
10.667000
11.642000
9.691100
12.618000
18.472000
19.447001
23.350000
22.374001
17.496000
10.667000
11.642000
1.886200
-3.967500
-2.016300
-6.894300
-4.943100
-0.065040
7.739800
11.642000
11.642000
12.618000
13.593000
16.520000
17.496000
14.569000
17.496000
17.496000
14.569000
8.715400
8.715400
10.667000
14.569000
17.496000
15.545000
10.667000
6.764200
3.837400
0.910570
0.910570
-5.918700
-2.016300
-4.943100
-9.821100
3.837400
-1.040700
-3.967500
11.642000
5.788600
4.813000
2.861800
-6.894300
-14.699000
-15.675000
-22.504000
-23.480000
-21.528000
-29.333000
-24.455000
-8.845500
4.813000
12.618000
8.715400
6.764200
0.910570
-12.748000
-16.650000
-25.431000
-28.358000
-43.966999
-42.992001
-34.210999
-38.113998
-36.162998
-35.187000
-29.333000
-25.431000
-16.650000
-4.943100
-1.040700
-1.040700
-7.869900
-6.894300
-11.772000
-13.724000
-5.918700
1.886200
-2.991900
-1.040700
3.837400
11.642000
24.325001
34.081001
37.007999
34.081001
32.130001
24.325001
14.569000
15.545000
11.642000
11.642000
9.691100
12.618000
1.886200
2.861800
-1.040700
-5.918700
-5.918700
-2.991900
-2.016300
-4.943100
1.886200
10.667000
16.520000
13.593000
8.715400
16.520000
12.618000
-0.065040
-1.040700
-3.967500
-0.065040
6.764200
4.813000
5.788600
3.837400
-1.040700
0.910570
10.667000
14.569000
-2.016300
-5.918700
-16.650000
-21.528000
-25.431000
-24.455000
-11.772000
-4.943100
2.861800
-1.040700
-13.724000
-14.699000
-13.724000
-12.748000
-9.821100
-3.967500
-5.918700
-3.967500
6.764200
10.667000
2.861800
14.569000
17.496000
5.788600
1.886200
-8.845500
-16.650000
-16.650000
-12.748000
-2.016300
0.910570
-2.991900
-5.918700
-6.894300
-3.967500
-8.845500
-8.845500
-10.797000
-15.675000
-14.699000
-16.650000
-25.431000
-17.625999
-12.748000
-2.016300
6.764200
8.715400
6.764200
1.886200
-1.040700
0.910570
1.886200
5.788600
10.667000
5.788600
-0.065040
-6.894300
-13.724000
-14.699000
-10.797000
-8.845500
-3.967500
3.837400
4.813000
2.861800
8.715400
4.813000
2.861800
2.861800
6.764200
3.837400
-3.967500
-17.625999
-20.552999
-13.724000
-2.016300
-0.065040
7.739800
11.642000
14.569000
12.618000
7.739800
10.667000
3.837400
-2.016300
-1.040700
-5.918700
-8.845500
-5.918700
-6.894300
-2.991900
-8.845500
-5.918700
6.764200
16.520000
23.350000
20.423000
20.423000
26.275999
28.228001
21.398001
8.715400
-10.797000
-20.552999
-22.504000
-21.528000
-19.577000
-15.675000
-2.016300
9.691100
18.472000
24.325001
30.179001
25.301001
16.520000
8.715400
-0.065040
-5.918700
-12.748000
-19.577000
-24.455000
-25.431000
-27.382000
-18.601999
-9.821100
-6.894300
-9.821100
-3.967500
-9.821100
-19.577000
-15.675000
-14.699000
-14.699000
-6.894300
-2.016300
2.861800
3.837400
0.910570
-2.991900
-2.991900
-4.943100
1.886200
5.788600
9.691100
17.496000
17.496000
19.447001
21.398001
23.350000
29.202999
32.130001
38.959000
38.959000
36.033001
32.130001
26.275999
22.374001
21.398001
17.496000
18.472000
18.472000
22.374001
27.252001
35.056999
35.056999
30.179001
25.301001
18.472000
9.691100
3.837400
4.813000
-2.991900
-7.869900
-7.869900
-6.894300
-2.991900
1.886200
3.837400
7.739800
10.667000
5.788600
8.715400
12.618000
14.569000
19.447001
17.496000
14.569000
10.667000
6.764200
5.788600
-2.016300
-6.894300
-5.918700
-6.894300
-10.797000
-14.699000
-20.552999
-27.382000
