12.625000
15.523000
19.388000
23.253000
25.184999
26.150999
24.219000
16.490000
5.861500
1.030600
-0.901770
0.064410
3.929100
7.793900
7.793900
6.827700
7.793900
7.793900
7.793900
7.793900
7.793900
2.963000
-3.800300
-8.631200
-5.732700
1.030600
8.760100
11.659000
8.760100
4.895300
2.963000
1.996800
2.963000
3.929100
1.996800
-2.834100
-6.698900
-6.698900
-2.834100
0.064410
3.929100
10.692000
12.625000
8.760100
-3.800300
-16.361000
-26.989000
-30.853001
-31.820000
-29.886999
-25.056000
-19.259001
-12.496000
-4.766500
4.895300
15.523000
22.287001
21.320000
19.388000
21.320000
19.388000
14.557000
6.827700
-2.834100
-8.631200
-9.597400
-7.665100
-0.901770
6.827700
12.625000
15.523000
17.455999
15.523000
6.827700
-5.732700
-19.259001
-29.886999
-29.886999
-26.023001
-19.259001
-12.496000
-2.834100
6.827700
14.557000
22.287001
28.084000
26.150999
16.490000
1.996800
-13.462000
-24.090000
-29.886999
-30.853001
-25.056000
-16.361000
-6.698900
-1.868000
1.030600
4.895300
9.726200
10.692000
6.827700
2.963000
1.030600
3.929100
10.692000
16.490000
20.354000
20.354000
19.388000
19.388000
18.422001
14.557000
11.659000
10.692000
9.726200
6.827700
4.895300
5.861500
10.692000
15.523000
23.253000
26.150999
24.219000
20.354000
12.625000
1.030600
-17.327000
-34.717999
-45.346001
-41.480999
-28.921000
-12.496000
6.827700
25.184999
36.778999
40.644001
41.610001
37.745998
28.084000
15.523000
0.064410
-16.361000
-25.056000
-26.023001
-22.158001
-17.327000
-10.564000
-3.800300
1.996800
2.963000
-0.901770
-3.800300
-4.766500
-7.665100
-9.597400
-14.428000
-22.158001
-28.921000
-33.751999
-28.921000
-14.428000
-0.901770
10.692000
19.388000
20.354000
14.557000
6.827700
1.030600
-4.766500
-13.462000
-19.259001
-26.023001
-28.921000
-27.955000
-24.090000
-19.259001
-13.462000
-5.732700
-0.901770
1.030600
0.064410
-6.698900
-14.428000
-21.191999
-20.225000
-13.462000
-6.698900
-1.868000
1.996800
7.793900
11.659000
10.692000
6.827700
-1.868000
-12.496000
-21.191999
-26.023001
-20.225000
-10.564000
-2.834100
5.861500
12.625000
13.591000
11.659000
7.793900
2.963000
-0.901770
-8.631200
-18.292999
-18.292999
-8.631200
1.996800
8.760100
13.591000
20.354000
27.118000
30.982000
33.881001
31.948000
26.150999
19.388000
11.659000
2.963000
-1.868000
-4.766500
-7.665100
-10.564000
-13.462000
-12.496000
-9.597400
-6.698900
-1.868000
0.064410
-0.901770
-2.834100
0.064410
5.861500
14.557000
27.118000
36.778999
38.712002
35.813000
32.915001
28.084000
23.253000
17.455999
7.793900
-1.868000
-10.564000
-13.462000
-10.564000
-5.732700
0.064410
7.793900
15.523000
20.354000
22.287001
20.354000
15.523000
10.692000
1.030600
-13.462000
-23.124001
-28.921000
-26.023001
-17.327000
-7.665100
3.929100
18.422001
27.118000
26.150999
17.455999
8.760100
-2.834100
-13.462000
-20.225000
-21.191999
-21.191999
-17.327000
-13.462000
-7.665100
-1.868000
0.064410
-2.834100
-7.665100
-8.631200
-5.732700
-2.834100
1.030600
6.827700
10.692000
11.659000
10.692000
9.726200
10.692000
11.659000
10.692000
10.692000
8.760100
2.963000
-3.800300
-9.597400
-14.428000
-13.462000
-3.800300
4.895300
9.726200
13.591000
18.422001
21.320000
20.354000
15.523000
5.861500
-7.665100
-19.259001
-28.921000
-33.751999
-30.853001
-19.259001
-6.698900
0.064410
2.963000
6.827700
5.861500
6.827700
8.760100
11.659000
14.557000
11.659000
2.963000
-6.698900
-13.462000
-18.292999
-19.259001
-13.462000
-8.631200
-5.732700
-2.834100
-4.766500
-8.631200
-11.530000
-12.496000
-15.395000
-17.327000
-13.462000
-5.732700
1.996800
4.895300
5.861500
4.895300
-1.868000
-7.665100
-8.631200
-7.665100
-8.631200
-12.496000
-15.395000
-16.361000
-12.496000
-4.766500
2.963000
7.793900
11.659000
11.659000
8.760100
2.963000
-3.800300
-10.564000
-14.428000
-20.225000
-26.989000
-27.955000
-21.191999
-7.665100
3.929100
14.557000
19.388000
18.422001
15.523000
10.692000
1.030600
-9.597400
-20.225000
-22.158001
-16.361000
-8.631200
3.929100
12.625000
17.455999
19.388000
18.422001
12.625000
3.929100
-2.834100
-2.834100
-3.800300
-0.901770
5.861500
14.557000
21.320000
26.150999
28.084000
29.049999
26.150999
24.219000
19.388000
10.692000
1.030600
-6.698900
-10.564000
-8.631200
-3.800300
4.895300
14.557000
22.287001
28.084000
31.948000
34.847000
34.847000
27.118000
16.490000
10.692000
10.692000
9.726200
5.861500
0.064410
-1.868000
1.996800
7.793900
9.726200
7.793900
1.030600
-2.834100
-1.868000
-0.901770
-0.901770
-3.800300
-4.766500
-4.766500
-0.901770
1.996800
2.963000
0.064410
-5.732700
-11.530000
-15.395000
-20.225000
-23.124001
-26.989000
-29.886999
-29.886999
-28.921000
-23.124001
-17.327000
-14.428000
-13.462000
-16.361000
-22.158001
-27.955000
-31.820000
-30.853001
-26.023001
-26.023001
-26.989000
-29.886999
-31.820000
-26.989000
-13.462000
-1.868000
1.030600
2.963000
4.895300
4.895300
2.963000
-0.901770
-2.834100
-5.732700
-4.766500
-2.834100
2.963000
10.692000
15.523000
20.354000
23.253000
22.287001
15.523000
5.861500
1.030600
1.996800
5.861500
5.861500
1.030600
1.030600
4.895300
10.692000
18.422001
26.150999
30.982000
31.948000
30.982000
29.049999
28.084000
30.016001
31.948000
33.881001
35.813000
36.778999
40.644001
44.508999
45.474998
44.508999
42.576000
40.644001
30.016001
10.692000
-3.800300
-12.496000
-21.191999
-26.989000
-28.921000
-24.090000
-20.225000
-19.259001
-17.327000
-15.395000
-13.462000
-11.530000
-10.564000
-10.564000
-5.732700
0.064410
2.963000
3.929100
1.996800
-2.834100
-6.698900
-8.631200
-9.597400
-9.597400
-9.597400
-10.564000
-12.496000
-16.361000
-22.158001
-26.023001
-27.955000
-26.023001
-23.124001
-19.259001
-19.259001
-16.361000
-9.597400
-3.800300
-0.901770
2.963000
1.996800
-0.901770
-2.834100
-3.800300
-2.834100
-3.800300
-6.698900
-7.665100
-6.698900
-3.800300
1.030600
5.861500
7.793900
8.760100
7.793900
3.929100
-2.834100
-11.530000
-15.395000
-11.530000
-5.732700
-1.868000
1.996800
6.827700
8.760100
6.827700
3.929100
1.996800
-0.901770
-3.800300
-3.800300
-0.901770
4.895300
12.625000
21.320000
27.118000
29.049999
30.982000
31.948000
27.118000
19.388000
10.692000
1.996800
-5.732700
-11.530000
-16.361000
-19.259001
-13.462000
-7.665100
-0.901770
5.861500
9.726200
15.523000
23.253000
32.915001
39.678001
39.678001
36.778999
33.881001
27.118000
19.388000
9.726200
1.030600
-6.698900
-10.564000
-11.530000
-8.631200
-7.665100
-6.698900
-1.868000
-1.868000
-1.868000
0.064410
2.963000
0.064410
-9.597400
-20.225000
-26.023001
-27.955000
-29.886999
-29.886999
-29.886999
-26.989000
-21.191999
-17.327000
-12.496000
-8.631200
-2.834100
-2.834100
-5.732700
-11.530000
-16.361000
-20.225000
-21.191999
-21.191999
-21.191999
-20.225000
-18.292999
-17.327000
-15.395000
-14.428000
-14.428000
-14.428000
-11.530000
-7.665100
-5.732700
-3.800300
-3.800300
-2.834100
-2.834100
-1.868000
0.064410
1.996800
1.996800
1.030600
1.996800
5.861500
9.726200
12.625000
13.591000
11.659000
11.659000
10.692000
8.760100
5.861500
4.895300
3.929100
2.963000
1.996800
1.996800
-1.868000
-3.800300
1.996800
10.692000
17.455999
23.253000
25.184999
20.354000
12.625000
1.996800
-4.766500
-5.732700
-8.631200
-13.462000
-14.428000
-14.428000
-11.530000
-7.665100
-3.800300
-4.766500
-6.698900
-1.868000
-2.834100
1.996800
13.591000
24.219000
32.915001
37.745998
36.778999
28.084000
13.591000
-0.901770
-8.631200
-13.462000
-17.327000
-27.955000
-30.853001
-27.955000
-21.191999
-5.732700
10.692000
18.422001
26.150999
34.847000
39.678001
37.745998
30.982000
23.253000
16.490000
10.692000
6.827700
3.929100
1.996800
1.030600
2.963000
5.861500
9.726200
15.523000
28.084000
34.847000
33.881001
29.049999
22.287001
16.490000
9.726200
3.929100
1.030600
-0.901770
-5.732700
-12.496000
-14.428000
-17.327000
-23.124001
-20.225000
-16.361000
-14.428000
-15.395000
-15.395000
-10.564000
-9.597400
-8.631200
-5.732700
-1.868000
1.030600
-2.834100
-11.530000
-25.056000
-39.549000
-50.176998
-53.076000
-47.278999
-37.617001
-26.023001
-17.327000
-12.496000
-7.665100
-4.766500
-1.868000
-3.800300
-7.665100
-17.327000
-29.886999
-39.549000
-45.346001
-44.380001
-37.617001
-33.751999
-30.853001
-26.989000
-20.225000
-13.462000
-6.698900
0.064410
4.895300
12.625000
18.422001
21.320000
21.320000
21.320000
19.388000
13.591000
6.827700
0.064410
-6.698900
-10.564000
-9.597400
-2.834100
5.861500
13.591000
19.388000
23.253000
26.150999
26.150999
23.253000
20.354000
19.388000
16.490000
9.726200
2.963000
-0.901770
-3.800300
-3.800300
-4.766500
-3.800300
-0.901770
0.064410
2.963000
4.895300
5.861500
3.929100
1.996800
7.793900
16.490000
24.219000
32.915001
42.576000
49.340000
53.205002
54.171001
50.306000
40.644001
29.049999
16.490000
6.827700
-3.800300
-12.496000
-22.158001
-27.955000
-31.820000
-29.886999
-24.090000
-19.259001
-13.462000
-9.597400
-8.631200
-10.564000
-13.462000
-13.462000
-12.496000
-12.496000
-11.530000
-8.631200
-1.868000
1.030600
0.064410
-0.901770
-4.766500
-8.631200
-11.530000
-12.496000
-6.698900
2.963000
8.760100
10.692000
9.726200
1.996800
-8.631200
-13.462000
-16.361000
-17.327000
-16.361000
-17.327000
-15.395000
-11.530000
-3.800300
5.861500
11.659000
11.659000
6.827700
1.996800
-2.834100
-10.564000
-20.225000
-30.853001
-40.514999
-46.312000
-47.278999
-38.583000
-26.023001
-7.665100
15.523000
31.948000
35.813000
31.948000
24.219000
13.591000
2.963000
-0.901770
0.064410
3.929100
7.793900
7.793900
4.895300
-0.901770
-6.698900
-12.496000
-19.259001
-25.056000
-26.989000
-23.124001
-11.530000
5.861500
21.320000
33.881001
40.644001
42.576000
40.644001
38.712002
32.915001
23.253000
10.692000
-6.698900
-19.259001
-19.259001
-11.530000
-0.901770
8.760100
18.422001
27.118000
33.881001
39.678001
41.610001
45.474998
50.306000
47.407001
34.847000
22.287001
11.659000
5.861500
0.064410
-2.834100
-1.868000
1.996800
4.895300
6.827700
10.692000
14.557000
13.591000
11.659000
10.692000
12.625000
15.523000
20.354000
21.320000
23.253000
29.049999
30.016001
27.118000
21.320000
11.659000
6.827700
3.929100
-2.834100
-11.530000
-15.395000
-17.327000
-15.395000
-14.428000
-12.496000
-8.631200
-6.698900
-7.665100
-10.564000
-15.395000
-18.292999
-16.361000
-13.462000
-13.462000
-15.395000
-18.292999
-21.191999
-20.225000
-15.395000
-11.530000
-9.597400
-6.698900
-6.698900
-8.631200
-9.597400
-11.530000
-17.327000
-26.023001
-34.717999
-37.617001
-34.717999
-28.921000
-25.056000
-22.158001
-18.292999
-15.395000
-15.395000
-16.361000
-17.327000
-18.292999
-17.327000
-13.462000
-7.665100
-5.732700
