-20.889000
-13.270000
-12.317000
-11.365000
-7.555600
-6.603200
-9.460300
-8.507900
-10.413000
-14.222000
-14.222000
-14.222000
-19.937000
-21.841000
-18.983999
-21.841000
-13.270000
-1.841300
6.730200
14.349000
17.205999
16.254000
11.492000
2.920600
0.063490
4.825400
5.777800
1.015900
-7.555600
-15.175000
-15.175000
-11.365000
0.063490
17.205999
25.778000
25.778000
22.921000
24.825001
30.540001
26.730000
16.254000
11.492000
4.825400
-1.841300
-11.365000
-17.079000
-19.937000
-19.937000
-14.222000
-6.603200
-8.507900
-2.793700
2.920600
3.873000
7.682500
10.540000
13.397000
10.540000
6.730200
1.968300
0.063490
1.015900
-1.841300
-6.603200
-6.603200
-4.698400
-0.888890
0.063490
0.063490
1.968300
3.873000
5.777800
5.777800
7.682500
-0.888890
-8.507900
-5.650800
-3.746000
-7.555600
-5.650800
-2.793700
3.873000
7.682500
9.587300
9.587300
4.825400
6.730200
8.634900
5.777800
1.968300
1.968300
7.682500
4.825400
6.730200
4.825400
4.825400
8.634900
9.587300
10.540000
5.777800
-0.888890
-4.698400
-5.650800
-5.650800
-3.746000
-9.460300
-6.603200
-2.793700
-4.698400
0.063490
5.777800
11.492000
14.349000
15.302000
11.492000
6.730200
5.777800
2.920600
-1.841300
-6.603200
-12.317000
-18.983999
-19.937000
-27.556000
-31.365000
-20.889000
-8.507900
2.920600
12.444000
16.254000
18.159000
17.205999
15.302000
14.349000
10.540000
8.634900
5.777800
-1.841300
-0.888890
-0.888890
-3.746000
-7.555600
-8.507900
-6.603200
-8.507900
-5.650800
1.015900
1.968300
2.920600
4.825400
-1.841300
-7.555600
-9.460300
-12.317000
-16.127001
-10.413000
-5.650800
-0.888890
5.777800
8.634900
8.634900
11.492000
16.254000
21.968000
23.872999
18.159000
4.825400
-11.365000
-19.937000
-19.937000
-19.937000
-14.222000
-7.555600
-4.698400
-1.841300
0.063490
0.063490
3.873000
7.682500
10.540000
7.682500
1.015900
-8.507900
-15.175000
-12.317000
-3.746000
0.063490
-3.746000
-4.698400
-9.460300
-7.555600
0.063490
3.873000
4.825400
6.730200
2.920600
-2.793700
-3.746000
-14.222000
-20.889000
-16.127001
-11.365000
-4.698400
-1.841300
-2.793700
-1.841300
3.873000
9.587300
10.540000
12.444000
10.540000
9.587300
9.587300
5.777800
0.063490
-5.650800
-12.317000
-12.317000
-7.555600
-0.888890
5.777800
11.492000
17.205999
16.254000
12.444000
9.587300
2.920600
-3.746000
-7.555600
-8.507900
-6.603200
0.063490
3.873000
-2.793700
-6.603200
-6.603200
-6.603200
-4.698400
-3.746000
1.015900
2.920600
1.968300
-3.746000
-5.650800
-2.793700
-2.793700
3.873000
15.302000
22.921000
28.635000
26.730000
20.063000
15.302000
14.349000
12.444000
11.492000
11.492000
7.682500
3.873000
2.920600
1.015900
-0.888890
-1.841300
5.777800
8.634900
10.540000
10.540000
5.777800
2.920600
-0.888890
-6.603200
-8.507900
-11.365000
-10.413000
-15.175000
-15.175000
-10.413000
-7.555600
-2.793700
-1.841300
-2.793700
-4.698400
-9.460300
-15.175000
-14.222000
-8.507900
-5.650800
-6.603200
-3.746000
1.015900
4.825400
8.634900
9.587300
6.730200
5.777800
-3.746000
-7.555600
-2.793700
-1.841300
-0.888890
-3.746000
-7.555600
-12.317000
-14.222000
-8.507900
-4.698400
4.825400
4.825400
2.920600
6.730200
8.634900
5.777800
4.825400
3.873000
2.920600
1.968300
1.015900
1.015900
-2.793700
-2.793700
1.968300
0.063490
-0.888890
0.063490
-1.841300
-1.841300
-6.603200
-7.555600
-6.603200
-10.413000
-12.317000
-8.507900
-7.555600
-6.603200
-0.888890
-0.888890
-2.793700
-0.888890
1.015900
0.063490
1.968300
-2.793700
-8.507900
-10.413000
-9.460300
-10.413000
-5.650800
1.015900
10.540000
14.349000
13.397000
8.634900
9.587300
9.587300
10.540000
10.540000
7.682500
3.873000
1.015900
-1.841300
-2.793700
-6.603200
-9.460300
-11.365000
-12.317000
-7.555600
-0.888890
6.730200
8.634900
12.444000
7.682500
1.015900
-0.888890
-0.888890
-0.888890
-2.793700
-1.841300
1.015900
2.920600
5.777800
6.730200
4.825400
0.063490
-8.507900
-12.317000
-13.270000
-9.460300
-2.793700
2.920600
7.682500
9.587300
12.444000
8.634900
4.825400
0.063490
-2.793700
-5.650800
-7.555600
-7.555600
-1.841300
1.968300
3.873000
0.063490
1.968300
6.730200
9.587300
13.397000
14.349000
12.444000
5.777800
-4.698400
-9.460300
-8.507900
-5.650800
-0.888890
-0.888890
0.063490
-3.746000
-5.650800
0.063490
7.682500
13.397000
13.397000
9.587300
10.540000
9.587300
1.968300
-0.888890
-1.841300
-2.793700
-3.746000
-1.841300
1.015900
6.730200
5.777800
5.777800
9.587300
15.302000
11.492000
1.968300
-1.841300
-1.841300
-0.888890
-4.698400
-6.603200
-3.746000
1.015900
2.920600
4.825400
5.777800
7.682500
9.587300
11.492000
11.492000
2.920600
-3.746000
-6.603200
-11.365000
-12.317000
-16.127001
-17.079000
-12.317000
-5.650800
0.063490
-1.841300
-4.698400
0.063490
5.777800
5.777800
4.825400
0.063490
-3.746000
-6.603200
-8.507900
-8.507900
-9.460300
-11.365000
-12.317000
-11.365000
-13.270000
-11.365000
-2.793700
-0.888890
1.015900
3.873000
4.825400
1.968300
-2.793700
1.015900
7.682500
6.730200
1.968300
-3.746000
-4.698400
-4.698400
-3.746000
-4.698400
-6.603200
-4.698400
-1.841300
2.920600
8.634900
14.349000
19.111000
19.111000
19.111000
17.205999
13.397000
12.444000
14.349000
15.302000
16.254000
11.492000
8.634900
6.730200
3.873000
4.825400
3.873000
3.873000
1.968300
-2.793700
-0.888890
-0.888890
-4.698400
-11.365000
-16.127001
-20.889000
-25.650999
-30.413000
-29.459999
-28.507999
-26.603001
-18.032000
-15.175000
-18.032000
-19.937000
-22.794001
-23.746000
-19.937000
-19.937000
-18.983999
-17.079000
-20.889000
-26.603001
-28.507999
-27.556000
-20.889000
-18.983999
-18.032000
-12.317000
-9.460300
-6.603200
-7.555600
-9.460300
-9.460300
-6.603200
-2.793700
1.015900
3.873000
10.540000
14.349000
14.349000
17.205999
18.159000
20.063000
21.016001
21.968000
23.872999
25.778000
21.968000
21.968000
20.063000
19.111000
22.921000
25.778000
25.778000
26.730000
27.683001
27.683001
25.778000
23.872999
21.968000
22.921000
21.968000
22.921000
21.016001
18.159000
17.205999
10.540000
2.920600
-2.793700
-6.603200
-7.555600
-13.270000
-15.175000
-16.127001
-18.032000
-18.983999
-26.603001
-29.459999
-25.650999
-20.889000
-16.127001
-6.603200
-0.888890
0.063490
-1.841300
-2.793700
-1.841300
-4.698400
-5.650800
-3.746000
-5.650800
-6.603200
-6.603200
-8.507900
-9.460300
-9.460300
-10.413000
-13.270000
-16.127001
-14.222000
-10.413000
-6.603200
-16.127001
-19.937000
-18.983999
-21.841000
-14.222000
-5.650800
1.015900
7.682500
13.397000
14.349000
11.492000
14.349000
10.540000
6.730200
8.634900
7.682500
7.682500
8.634900
12.444000
20.063000
24.825001
27.683001
26.730000
25.778000
21.016001
18.159000
16.254000
13.397000
10.540000
12.444000
14.349000
15.302000
12.444000
11.492000
13.397000
13.397000
12.444000
10.540000
9.587300
9.587300
9.587300
2.920600
1.015900
3.873000
1.968300
-2.793700
-9.460300
-14.222000
-15.175000
-8.507900
-4.698400
0.063490
2.920600
4.825400
-1.841300
-9.460300
-10.413000
-9.460300
-6.603200
-0.888890
-0.888890
1.968300
2.920600
1.015900
-5.650800
-10.413000
-13.270000
-13.270000
-11.365000
-10.413000
-7.555600
-4.698400
-3.746000
-1.841300
0.063490
0.063490
1.968300
5.777800
12.444000
19.111000
21.968000
19.111000
7.682500
7.682500
1.968300
-0.888890
0.063490
1.015900
1.968300
1.015900
4.825400
6.730200
-1.841300
-5.650800
-3.746000
2.920600
13.397000
15.302000
17.205999
17.205999
14.349000
10.540000
13.397000
18.159000
22.921000
26.730000
28.635000
23.872999
21.968000
16.254000
12.444000
8.634900
5.777800
6.730200
1.968300
-2.793700
-2.793700
0.063490
2.920600
8.634900
7.682500
7.682500
8.634900
2.920600
-1.841300
-1.841300
-3.746000
-8.507900
-12.317000
-14.222000
-15.175000
-19.937000
-12.317000
-1.841300
-1.841300
0.063490
-5.650800
-14.222000
-24.698000
-33.270000
-38.984001
-42.793999
-43.745998
-39.937000
-37.078999
-36.126999
-33.270000
-26.603001
-23.746000
-19.937000
-12.317000
-12.317000
-15.175000
-15.175000
-18.032000
-20.889000
-19.937000
-9.460300
1.968300
7.682500
6.730200
13.397000
17.205999
17.205999
21.016001
20.063000
21.016001
20.063000
11.492000
1.968300
-1.841300
0.063490
3.873000
1.968300
-0.888890
1.015900
2.920600
4.825400
3.873000
3.873000
9.587300
11.492000
11.492000
11.492000
12.444000
14.349000
17.205999
17.205999
14.349000
12.444000
9.587300
7.682500
6.730200
10.540000
14.349000
12.444000
14.349000
13.397000
12.444000
16.254000
15.302000
13.397000
10.540000
3.873000
-12.317000
-20.889000
-18.032000
-12.317000
-6.603200
-9.460300
-13.270000
-14.222000
-16.127001
-12.317000
-7.555600
-2.793700
0.063490
1.015900
2.920600
2.920600
0.063490
4.825400
5.777800
3.873000
5.777800
3.873000
-4.698400
-12.317000
-17.079000
-15.175000
-14.222000
-13.270000
-6.603200
-4.698400
-2.793700
-5.650800
-8.507900
-10.413000
-5.650800
-7.555600
-11.365000
-11.365000
-14.222000
-18.983999
-18.032000
-12.317000
-8.507900
-7.555600
-4.698400
-8.507900
-11.365000
-8.507900
-5.650800
-2.793700
-1.841300
-0.888890
-0.888890
-2.793700
-9.460300
-23.746000
-29.459999
-25.650999
-18.032000
-7.555600
0.063490
3.873000
1.968300
1.968300
-0.888890
-0.888890
2.920600
1.015900
-1.841300
-6.603200
-9.460300
-6.603200
-6.603200
0.063490
0.063490
1.015900
4.825400
5.777800
7.682500
11.492000
6.730200
2.920600
5.777800
12.444000
11.492000
10.540000
13.397000
15.302000
17.205999
16.254000
14.349000
16.254000
20.063000
21.968000
20.063000
18.159000
17.205999
16.254000
16.254000
10.540000
-2.793700
-13.270000
-15.175000
-11.365000
-8.507900
-0.888890
3.873000
12.444000
22.921000
24.825001
30.540001
33.396999
30.540001
25.778000
15.302000
1.968300
-6.603200
-12.317000
-22.794001
-28.507999
-27.556000
-16.127001
-5.650800
-0.888890
2.920600
-2.793700
-5.650800
-9.460300
-14.222000
-16.127001
-18.032000
-18.032000
-16.127001
-10.413000
-11.365000
-10.413000
-4.698400
-4.698400
-3.746000
0.063490
3.873000
1.015900
1.968300
5.777800
6.730200
9.587300
7.682500
6.730200
13.397000
20.063000
21.968000
23.872999
24.825001
19.111000
16.254000
12.444000
11.492000
16.254000
13.397000
11.492000
16.254000
21.016001
25.778000
29.587000
30.540001
22.921000
15.302000
6.730200
-0.888890
-5.650800
-8.507900
-10.413000
-11.365000
-8.507900
-5.650800
0.063490
8.634900
8.634900
7.682500
9.587300
13.397000
18.159000
17.205999
16.254000
16.254000
10.540000
0.063490
-4.698400
-3.746000
0.063490
-0.888890
-6.603200
-6.603200
-8.507900
-14.222000
-23.746000
