22.753000
18.773001
15.788000
13.798000
14.793000
17.778000
14.793000
12.803000
16.783001
15.788000
15.788000
14.793000
13.798000
10.813000
9.817600
7.827500
8.822600
10.813000
7.827500
1.857400
2.852400
2.852400
4.842500
4.842500
2.852400
0.862350
-3.117700
-5.107800
-4.112800
-5.107800
-2.122700
-4.112800
-6.102800
-5.107800
-3.117700
-0.132670
-1.127700
-7.097800
-8.092900
-5.107800
-2.122700
-0.132670
-2.122700
-5.107800
-4.112800
-2.122700
-3.117700
-3.117700
-4.112800
-4.112800
-5.107800
-7.097800
-7.097800
-5.107800
-3.117700
-1.127700
-0.132670
-5.107800
-8.092900
-11.078000
-13.068000
-12.073000
-13.068000
-14.063000
-17.048000
-19.038000
-24.013000
-25.007999
-24.013000
-23.018000
-22.023001
-21.028000
-19.038000
-18.042999
-20.033001
-16.052999
-13.068000
-9.087900
-8.092900
-6.102800
-2.122700
-3.117700
-7.097800
-5.107800
-7.097800
-13.068000
-14.063000
-10.083000
-6.102800
-3.117700
1.857400
1.857400
5.837500
8.822600
4.842500
3.847400
1.857400
0.862350
4.842500
4.842500
-0.132670
-4.112800
-4.112800
-0.132670
2.852400
0.862350
-0.132670
2.852400
2.852400
-2.122700
-6.102800
-5.107800
-7.097800
-10.083000
-9.087900
-5.107800
-3.117700
-7.097800
-8.092900
-9.087900
-10.083000
-9.087900
-4.112800
-2.122700
-8.092900
-6.102800
2.852400
3.847400
0.862350
-0.132670
2.852400
-0.132670
-8.092900
-14.063000
-17.048000
-18.042999
-20.033001
-22.023001
-22.023001
-22.023001
-23.018000
-19.038000
-18.042999
-12.073000
-1.127700
5.837500
6.832500
7.827500
6.832500
2.852400
-1.127700
-0.132670
1.857400
1.857400
-2.122700
-6.102800
-5.107800
4.842500
3.847400
-3.117700
-4.112800
-4.112800
-1.127700
-4.112800
-6.102800
-5.107800
-0.132670
6.832500
6.832500
10.813000
11.808000
9.817600
5.837500
1.857400
3.847400
1.857400
-0.132670
1.857400
1.857400
-0.132670
-3.117700
-3.117700
-0.132670
0.862350
2.852400
6.832500
5.837500
6.832500
7.827500
5.837500
5.837500
12.803000
14.793000
9.817600
2.852400
1.857400
3.847400
5.837500
6.832500
7.827500
6.832500
8.822600
12.803000
10.813000
6.832500
7.827500
10.813000
11.808000
7.827500
-0.132670
-8.092900
-6.102800
-5.107800
-9.087900
-6.102800
-0.132670
2.852400
0.862350
0.862350
0.862350
1.857400
1.857400
2.852400
6.832500
9.817600
5.837500
3.847400
5.837500
7.827500
9.817600
12.803000
12.803000
11.808000
11.808000
11.808000
12.803000
13.798000
11.808000
8.822600
2.852400
-5.107800
-7.097800
-6.102800
-9.087900
-12.073000
-12.073000
-11.078000
-11.078000
-13.068000
-10.083000
-9.087900
-11.078000
-10.083000
-9.087900
-2.122700
1.857400
0.862350
-0.132670
-0.132670
-1.127700
-0.132670
-2.122700
-6.102800
-11.078000
-11.078000
-9.087900
-10.083000
-15.058000
-19.038000
-24.013000
-26.003000
-25.007999
-20.033001
-17.048000
-14.063000
-10.083000
-9.087900
-8.092900
-7.097800
-6.102800
-5.107800
-1.127700
-2.122700
-6.102800
-7.097800
-6.102800
-7.097800
-12.073000
-14.063000
-17.048000
-18.042999
-19.038000
-21.028000
-22.023001
-21.028000
-19.038000
-16.052999
-15.058000
-14.063000
-14.063000
-9.087900
-2.122700
-1.127700
0.862350
5.837500
6.832500
7.827500
3.847400
-2.122700
-5.107800
-4.112800
-4.112800
-2.122700
-3.117700
-6.102800
-8.092900
-7.097800
-1.127700
1.857400
3.847400
4.842500
8.822600
8.822600
10.813000
11.808000
8.822600
7.827500
5.837500
3.847400
6.832500
9.817600
9.817600
6.832500
5.837500
8.822600
12.803000
11.808000
10.813000
11.808000
13.798000
17.778000
18.773001
16.783001
11.808000
13.798000
10.813000
5.837500
4.842500
5.837500
5.837500
2.852400
-3.117700
-6.102800
-8.092900
-8.092900
-12.073000
-16.052999
-17.048000
-16.052999
-12.073000
-6.102800
-2.122700
6.832500
10.813000
9.817600
15.788000
22.753000
22.753000
18.773001
17.778000
17.778000
12.803000
6.832500
5.837500
7.827500
8.822600
4.842500
0.862350
2.852400
4.842500
3.847400
2.852400
4.842500
7.827500
8.822600
10.813000
10.813000
11.808000
10.813000
6.832500
3.847400
2.852400
1.857400
-1.127700
-2.122700
4.842500
0.862350
-3.117700
3.847400
5.837500
2.852400
0.862350
1.857400
1.857400
2.852400
3.847400
1.857400
-0.132670
-3.117700
-2.122700
-6.102800
-10.083000
-8.092900
-4.112800
-3.117700
-2.122700
-2.122700
-2.122700
-6.102800
-6.102800
-0.132670
3.847400
2.852400
3.847400
5.837500
2.852400
-3.117700
-6.102800
-9.087900
-4.112800
4.842500
5.837500
3.847400
4.842500
8.822600
14.793000
15.788000
11.808000
10.813000
13.798000
13.798000
14.793000
18.773001
22.753000
22.753000
20.763000
22.753000
27.728001
31.708000
32.702999
29.718000
24.743000
15.788000
12.803000
16.783001
19.768000
16.783001
10.813000
6.832500
0.862350
-4.112800
-4.112800
-0.132670
9.817600
10.813000
10.813000
15.788000
11.808000
3.847400
0.862350
3.847400
4.842500
4.842500
6.832500
7.827500
1.857400
-5.107800
-4.112800
-6.102800
-11.078000
-14.063000
-16.052999
-16.052999
-19.038000
-22.023001
-19.038000
-13.068000
-6.102800
-6.102800
-5.107800
-3.117700
0.862350
5.837500
4.842500
-0.132670
-4.112800
-6.102800
-4.112800
-5.107800
-5.107800
-3.117700
-4.112800
-4.112800
-8.092900
-9.087900
-8.092900
-10.083000
-14.063000
-18.042999
-15.058000
-11.078000
-5.107800
-1.127700
-6.102800
-8.092900
-2.122700
-3.117700
-4.112800
-5.107800
-8.092900
-9.087900
-8.092900
-6.102800
-4.112800
-1.127700
1.857400
0.862350
1.857400
8.822600
11.808000
8.822600
8.822600
12.803000
15.788000
16.783001
14.793000
14.793000
16.783001
20.763000
15.788000
3.847400
1.857400
4.842500
6.832500
5.837500
1.857400
-0.132670
0.862350
1.857400
2.852400
2.852400
1.857400
-1.127700
-3.117700
-5.107800
-8.092900
-10.083000
-7.097800
-6.102800
-4.112800
-4.112800
-7.097800
-7.097800
-2.122700
3.847400
1.857400
-0.132670
4.842500
9.817600
9.817600
4.842500
-0.132670
-3.117700
-7.097800
-10.083000
-12.073000
-15.058000
-17.048000
-23.018000
-26.997999
-23.018000
-18.042999
-14.063000
-11.078000
-11.078000
-12.073000
-14.063000
-19.038000
-17.048000
-13.068000
-14.063000
-19.038000
-18.042999
-17.048000
-19.038000
-21.028000
-21.028000
-20.033001
-21.028000
-23.018000
-25.007999
-25.007999
-23.018000
-18.042999
-13.068000
-7.097800
-7.097800
-6.102800
-5.107800
-6.102800
-6.102800
-6.102800
-5.107800
0.862350
1.857400
3.847400
6.832500
10.813000
13.798000
11.808000
9.817600
5.837500
3.847400
3.847400
2.852400
0.862350
-0.132670
2.852400
0.862350
-4.112800
-1.127700
0.862350
-0.132670
-0.132670
1.857400
6.832500
11.808000
12.803000
15.788000
26.733000
34.693001
36.682999
35.688000
34.693001
32.702999
27.728001
20.763000
17.778000
21.757999
22.753000
24.743000
27.728001
28.723000
28.723000
26.733000
20.763000
15.788000
12.803000
12.803000
15.788000
14.793000
9.817600
7.827500
8.822600
8.822600
4.842500
5.837500
4.842500
0.862350
1.857400
2.852400
1.857400
1.857400
3.847400
6.832500
10.813000
11.808000
13.798000
17.778000
18.773001
14.793000
10.813000
6.832500
6.832500
8.822600
10.813000
11.808000
11.808000
10.813000
8.822600
9.817600
9.817600
13.798000
14.793000
14.793000
13.798000
11.808000
6.832500
3.847400
6.832500
5.837500
4.842500
10.813000
15.788000
18.773001
21.757999
24.743000
23.747999
22.753000
22.753000
22.753000
23.747999
21.757999
18.773001
13.798000
5.837500
1.857400
6.832500
8.822600
7.827500
0.862350
-6.102800
-11.078000
-13.068000
-8.092900
-0.132670
4.842500
9.817600
6.832500
-1.127700
-2.122700
-2.122700
-1.127700
-3.117700
-9.087900
-12.073000
-17.048000
-20.033001
-19.038000
-16.052999
-13.068000
-14.063000
-14.063000
-6.102800
-3.117700
-4.112800
-8.092900
-5.107800
-5.107800
-10.083000
-16.052999
-18.042999
-15.058000
-11.078000
-9.087900
-9.087900
-9.087900
-8.092900
-9.087900
-7.097800
-4.112800
-2.122700
-1.127700
-5.107800
-3.117700
3.847400
4.842500
6.832500
10.813000
13.798000
17.778000
17.778000
19.768000
17.778000
7.827500
3.847400
5.837500
3.847400
2.852400
5.837500
10.813000
8.822600
8.822600
11.808000
11.808000
7.827500
4.842500
3.847400
1.857400
0.862350
3.847400
5.837500
2.852400
3.847400
4.842500
2.852400
1.857400
-2.122700
-2.122700
-3.117700
-4.112800
-4.112800
-3.117700
-4.112800
-5.107800
-4.112800
-7.097800
-8.092900
-8.092900
-5.107800
-3.117700
-3.117700
-5.107800
-4.112800
-5.107800
-5.107800
-3.117700
-7.097800
-8.092900
-3.117700
2.852400
4.842500
8.822600
11.808000
8.822600
7.827500
-0.132670
-9.087900
-10.083000
-13.068000
-13.068000
-13.068000
-12.073000
-13.068000
-15.058000
-20.033001
-21.028000
-18.042999
-18.042999
-17.048000
-14.063000
-10.083000
-9.087900
-11.078000
-16.052999
-17.048000
-13.068000
-10.083000
-6.102800
3.847400
11.808000
13.798000
11.808000
9.817600
8.822600
11.808000
12.803000
9.817600
6.832500
0.862350
-5.107800
-10.083000
-11.078000
-8.092900
-3.117700
-3.117700
1.857400
9.817600
11.808000
14.793000
13.798000
14.793000
15.788000
13.798000
11.808000
10.813000
12.803000
15.788000
14.793000
15.788000
17.778000
9.817600
-0.132670
4.842500
5.837500
2.852400
3.847400
6.832500
7.827500
5.837500
6.832500
7.827500
8.822600
4.842500
-2.122700
-5.107800
-8.092900
-11.078000
-10.083000
-7.097800
-3.117700
-4.112800
-10.083000
-14.063000
-13.068000
-14.063000
-14.063000
-15.058000
-16.052999
-18.042999
-16.052999
-11.078000
-5.107800
-0.132670
-1.127700
-6.102800
-4.112800
-2.122700
-3.117700
-10.083000
-13.068000
-8.092900
-3.117700
-3.117700
-3.117700
-3.117700
-0.132670
-0.132670
-1.127700
4.842500
9.817600
8.822600
7.827500
9.817600
18.773001
17.778000
8.822600
5.837500
6.832500
9.817600
10.813000
5.837500
3.847400
2.852400
-1.127700
-3.117700
-1.127700
-2.122700
-4.112800
-4.112800
-2.122700
0.862350
6.832500
9.817600
9.817600
2.852400
9.817600
16.783001
15.788000
11.808000
8.822600
-0.132670
-8.092900
-4.112800
1.857400
-1.127700
-0.132670
0.862350
2.852400
6.832500
9.817600
11.808000
11.808000
9.817600
5.837500
3.847400
2.852400
-0.132670
-1.127700
4.842500
3.847400
-9.087900
-15.058000
-10.083000
-11.078000
-16.052999
-13.068000
-9.087900
-10.083000
-8.092900
-4.112800
0.862350
7.827500
10.813000
10.813000
11.808000
14.793000
13.798000
10.813000
12.803000
10.813000
8.822600
6.832500
8.822600
14.793000
12.803000
6.832500
-0.132670
-3.117700
-2.122700
-0.132670
2.852400
-0.132670
1.857400
-0.132670
-2.122700
1.857400
1.857400
-0.132670
-7.097800
-10.083000
-4.112800
4.842500
5.837500
