12.557000
10.615000
11.586000
12.557000
11.586000
11.586000
6.731400
1.877000
4.789600
4.789600
1.877000
1.877000
2.847900
3.818800
2.847900
-1.035600
-0.064720
4.789600
5.760500
4.789600
4.789600
4.789600
7.702300
5.760500
1.877000
-0.064720
-1.035600
-2.977300
-7.831700
-7.831700
-2.006500
0.906150
-0.064720
-2.006500
-4.919100
-4.919100
-6.860800
-11.715000
-11.715000
-7.831700
-5.890000
-2.977300
-2.977300
-3.948200
-2.006500
0.906150
-2.977300
-5.890000
-6.860800
-5.890000
-5.890000
-7.831700
-8.802600
-8.802600
-6.860800
-2.977300
-2.006500
-2.006500
-1.035600
-3.948200
-3.948200
-1.035600
-2.977300
-2.977300
-2.977300
-2.006500
-2.006500
-3.948200
-6.860800
-8.802600
-7.831700
-7.831700
-8.802600
-6.860800
-8.802600
-6.860800
-3.948200
-3.948200
-6.860800
-3.948200
-1.035600
-2.006500
-1.035600
1.877000
-0.064720
-2.006500
1.877000
3.818800
1.877000
-0.064720
1.877000
-1.035600
1.877000
6.731400
5.760500
3.818800
0.906150
2.847900
6.731400
8.673100
6.731400
1.877000
-0.064720
-0.064720
-0.064720
-1.035600
-2.977300
-1.035600
2.847900
3.818800
0.906150
-2.977300
-4.919100
-6.860800
-6.860800
-3.948200
-2.006500
-3.948200
-2.977300
-4.919100
-4.919100
0.906150
6.731400
6.731400
2.847900
-0.064720
2.847900
0.906150
-2.977300
-2.977300
-2.977300
-5.890000
-9.773500
-10.744000
-10.744000
-12.686000
-12.686000
-11.715000
-10.744000
-11.715000
-13.657000
-11.715000
-12.686000
-5.890000
-0.064720
-0.064720
-2.977300
-4.919100
-4.919100
-2.977300
-2.977300
0.906150
0.906150
0.906150
-2.006500
-5.890000
-7.831700
5.760500
10.615000
4.789600
2.847900
0.906150
3.818800
1.877000
-0.064720
-2.006500
-0.064720
4.789600
6.731400
9.644000
8.673100
7.702300
6.731400
3.818800
5.760500
7.702300
7.702300
6.731400
6.731400
9.644000
8.673100
7.702300
10.615000
11.586000
9.644000
9.644000
7.702300
9.644000
11.586000
9.644000
4.789600
7.702300
10.615000
9.644000
6.731400
5.760500
4.789600
4.789600
3.818800
4.789600
3.818800
4.789600
5.760500
5.760500
4.789600
0.906150
2.847900
6.731400
7.702300
1.877000
0.906150
3.818800
3.818800
-0.064720
-2.006500
-2.006500
-2.977300
-3.948200
-0.064720
-1.035600
-1.035600
-1.035600
-1.035600
-0.064720
1.877000
-0.064720
-0.064720
0.906150
-1.035600
-2.006500
-1.035600
-2.977300
-2.977300
-2.977300
-1.035600
1.877000
2.847900
0.906150
-1.035600
-2.977300
-2.977300
-2.006500
-1.035600
-2.006500
-2.977300
-2.977300
-2.977300
-2.977300
-3.948200
-2.006500
-0.064720
1.877000
4.789600
0.906150
1.877000
2.847900
2.847900
0.906150
-2.006500
-1.035600
0.906150
2.847900
1.877000
-2.977300
-4.919100
-1.035600
-2.977300
-6.860800
-7.831700
-8.802600
-9.773500
-8.802600
-2.977300
-2.006500
-3.948200
-1.035600
-1.035600
-2.977300
-5.890000
-9.773500
-10.744000
-6.860800
-6.860800
-9.773500
-10.744000
-11.715000
-11.715000
-9.773500
-7.831700
-9.773500
-10.744000
-8.802600
-4.919100
-2.977300
-2.977300
-3.948200
-5.890000
-7.831700
-10.744000
-9.773500
-4.919100
-2.006500
-2.977300
-1.035600
3.818800
6.731400
8.673100
5.760500
0.906150
-1.035600
-2.977300
-0.064720
2.847900
0.906150
-1.035600
-3.948200
-4.919100
-2.006500
-2.006500
-2.977300
-3.948200
-2.006500
-3.948200
-2.977300
-2.977300
-4.919100
-4.919100
-5.890000
-7.831700
-7.831700
-6.860800
-7.831700
-10.744000
-15.599000
-13.657000
-8.802600
-4.919100
-3.948200
-4.919100
-2.977300
-0.064720
1.877000
1.877000
3.818800
5.760500
3.818800
3.818800
6.731400
8.673100
7.702300
5.760500
2.847900
2.847900
-0.064720
-1.035600
-1.035600
-1.035600
-1.035600
-2.977300
-1.035600
1.877000
2.847900
5.760500
3.818800
-2.006500
1.877000
6.731400
5.760500
1.877000
1.877000
4.789600
4.789600
1.877000
-1.035600
2.847900
4.789600
1.877000
-1.035600
-1.035600
2.847900
5.760500
5.760500
3.818800
1.877000
4.789600
7.702300
8.673100
6.731400
3.818800
3.818800
3.818800
4.789600
4.789600
3.818800
5.760500
6.731400
-0.064720
-5.890000
-2.006500
0.906150
1.877000
2.847900
3.818800
0.906150
-1.035600
1.877000
2.847900
4.789600
4.789600
4.789600
0.906150
-2.977300
-2.006500
-0.064720
3.818800
4.789600
2.847900
0.906150
-1.035600
-1.035600
0.906150
1.877000
-1.035600
2.847900
8.673100
8.673100
6.731400
8.673100
9.644000
11.586000
10.615000
7.702300
4.789600
3.818800
2.847900
2.847900
3.818800
0.906150
1.877000
5.760500
4.789600
3.818800
4.789600
6.731400
5.760500
6.731400
10.615000
13.528000
11.586000
7.702300
8.673100
10.615000
6.731400
3.818800
8.673100
11.586000
10.615000
8.673100
7.702300
6.731400
6.731400
7.702300
6.731400
8.673100
9.644000
6.731400
6.731400
2.847900
0.906150
2.847900
5.760500
4.789600
1.877000
2.847900
4.789600
1.877000
0.906150
0.906150
-2.006500
-2.977300
-1.035600
-3.948200
-2.977300
-4.919100
-4.919100
-2.977300
-2.006500
-4.919100
-3.948200
-0.064720
-0.064720
-2.006500
-1.035600
1.877000
1.877000
1.877000
0.906150
0.906150
-1.035600
-0.064720
3.818800
2.847900
0.906150
-2.977300
-7.831700
-6.860800
-2.977300
-3.948200
-4.919100
-2.977300
-2.006500
0.906150
5.760500
6.731400
8.673100
14.498000
16.440001
17.410999
17.410999
16.440001
17.410999
16.440001
15.469000
10.615000
9.644000
9.644000
6.731400
4.789600
5.760500
6.731400
5.760500
8.673100
11.586000
14.498000
16.440001
14.498000
12.557000
14.498000
16.440001
16.440001
10.615000
11.586000
14.498000
14.498000
12.557000
11.586000
8.673100
8.673100
10.615000
11.586000
10.615000
5.760500
3.818800
2.847900
4.789600
6.731400
8.673100
7.702300
-0.064720
-3.948200
-2.977300
-6.860800
-10.744000
-12.686000
-11.715000
-13.657000
-14.628000
-10.744000
-8.802600
-6.860800
-8.802600
-10.744000
-9.773500
-8.802600
-7.831700
-7.831700
-9.773500
-10.744000
-15.599000
-16.570000
-13.657000
-12.686000
-13.657000
-13.657000
-14.628000
-17.540001
-16.570000
-18.511000
-16.570000
-13.657000
-16.570000
-20.452999
-17.540001
-12.686000
-13.657000
-12.686000
-8.802600
-8.802600
-8.802600
-8.802600
-7.831700
-5.890000
-5.890000
-7.831700
-5.890000
-1.035600
-2.006500
-1.035600
0.906150
1.877000
1.877000
0.906150
-2.006500
-2.977300
-3.948200
-1.035600
-1.035600
-0.064720
2.847900
4.789600
5.760500
2.847900
-1.035600
-0.064720
0.906150
3.818800
3.818800
3.818800
3.818800
2.847900
8.673100
13.528000
11.586000
11.586000
8.673100
6.731400
7.702300
4.789600
0.906150
5.760500
9.644000
6.731400
1.877000
1.877000
2.847900
6.731400
7.702300
6.731400
6.731400
4.789600
6.731400
7.702300
6.731400
7.702300
6.731400
2.847900
2.847900
3.818800
3.818800
6.731400
7.702300
2.847900
2.847900
5.760500
5.760500
4.789600
6.731400
4.789600
1.877000
3.818800
6.731400
7.702300
8.673100
7.702300
5.760500
5.760500
4.789600
4.789600
5.760500
3.818800
0.906150
-2.977300
-3.948200
-0.064720
3.818800
3.818800
3.818800
3.818800
1.877000
-2.006500
-1.035600
1.877000
3.818800
2.847900
2.847900
2.847900
4.789600
3.818800
2.847900
6.731400
9.644000
8.673100
9.644000
14.498000
15.469000
10.615000
9.644000
8.673100
8.673100
7.702300
7.702300
8.673100
6.731400
7.702300
5.760500
-0.064720
-2.006500
0.906150
3.818800
5.760500
4.789600
0.906150
-2.006500
-2.977300
0.906150
3.818800
2.847900
4.789600
3.818800
-2.977300
-2.006500
0.906150
1.877000
-0.064720
-3.948200
-2.977300
-2.977300
-4.919100
-4.919100
-2.977300
-0.064720
1.877000
0.906150
4.789600
5.760500
4.789600
1.877000
4.789600
3.818800
2.847900
2.847900
-0.064720
1.877000
2.847900
4.789600
3.818800
-0.064720
0.906150
1.877000
3.818800
4.789600
2.847900
1.877000
-1.035600
-0.064720
0.906150
1.877000
6.731400
9.644000
9.644000
7.702300
3.818800
5.760500
7.702300
3.818800
0.906150
2.847900
0.906150
-1.035600
0.906150
4.789600
2.847900
2.847900
5.760500
6.731400
7.702300
5.760500
2.847900
1.877000
4.789600
6.731400
4.789600
0.906150
1.877000
7.702300
9.644000
8.673100
6.731400
4.789600
3.818800
2.847900
1.877000
2.847900
-0.064720
-2.977300
-2.006500
-0.064720
-0.064720
-0.064720
-0.064720
-0.064720
-0.064720
-3.948200
-2.977300
-1.035600
-2.977300
-2.006500
-2.977300
-3.948200
-0.064720
1.877000
1.877000
3.818800
2.847900
0.906150
1.877000
-0.064720
-2.977300
-3.948200
-3.948200
-3.948200
-2.977300
0.906150
-0.064720
-3.948200
-8.802600
-8.802600
-5.890000
-5.890000
-3.948200
-3.948200
-3.948200
-3.948200
-5.890000
-11.715000
-12.686000
-10.744000
-6.860800
-2.977300
-0.064720
-0.064720
-0.064720
-0.064720
-0.064720
-0.064720
2.847900
3.818800
1.877000
0.906150
-1.035600
-0.064720
-1.035600
-2.977300
-3.948200
-1.035600
-1.035600
-0.064720
0.906150
-1.035600
-2.977300
-2.006500
-1.035600
-0.064720
1.877000
-0.064720
-0.064720
1.877000
1.877000
0.906150
0.906150
5.760500
8.673100
7.702300
6.731400
6.731400
4.789600
4.789600
4.789600
0.906150
-2.977300
-1.035600
0.906150
3.818800
0.906150
-1.035600
1.877000
2.847900
0.906150
-0.064720
2.847900
6.731400
5.760500
0.906150
-3.948200
-2.006500
-0.064720
3.818800
5.760500
2.847900
2.847900
4.789600
7.702300
8.673100
8.673100
7.702300
5.760500
5.760500
6.731400
8.673100
7.702300
1.877000
1.877000
3.818800
3.818800
3.818800
4.789600
4.789600
1.877000
1.877000
5.760500
8.673100
6.731400
7.702300
7.702300
8.673100
4.789600
2.847900
4.789600
2.847900
4.789600
7.702300
7.702300
4.789600
2.847900
0.906150
1.877000
2.847900
1.877000
-2.977300
-7.831700
-8.802600
-7.831700
-4.919100
-3.948200
-5.890000
-15.599000
-7.831700
2.847900
2.847900
0.906150
0.906150
-2.977300
-8.802600
-2.006500
4.789600
-1.035600
-1.035600
0.906150
3.818800
4.789600
2.847900
0.906150
-1.035600
-2.977300
-1.035600
-1.035600
-2.977300
-4.919100
-3.948200
1.877000
6.731400
2.847900
-0.064720
-0.064720
-3.948200
-6.860800
-4.919100
-4.919100
-8.802600
-6.860800
-6.860800
-6.860800
-2.977300
-2.006500
-3.948200
-5.890000
-2.977300
1.877000
3.818800
2.847900
0.906150
2.847900
7.702300
8.673100
8.673100
7.702300
4.789600
3.818800
4.789600
0.906150
-1.035600
-0.064720
0.906150
2.847900
-1.035600
-3.948200
2.847900
5.760500
7.702300
3.818800
-0.064720
-2.006500
-2.006500
-2.006500
