9.626000
6.699200
6.699200
3.772400
-0.130080
-0.130080
0.845530
-0.130080
8.650400
7.674800
3.772400
9.626000
5.723600
4.748000
7.674800
4.748000
8.650400
14.504000
15.480000
13.528000
18.407000
13.528000
9.626000
4.748000
0.845530
-0.130080
-0.130080
-1.105700
-4.032500
-9.886200
-1.105700
0.845530
0.845530
5.723600
9.626000
9.626000
8.650400
4.748000
0.845530
2.796700
3.772400
2.796700
-1.105700
-1.105700
2.796700
3.772400
-3.056900
-6.959300
-10.862000
-14.764000
-14.764000
-9.886200
-5.008100
-3.056900
-6.959300
-5.983700
-2.081300
-4.032500
-7.935000
-8.910600
-8.910600
-10.862000
-11.837000
-5.983700
-6.959300
-13.789000
-16.715000
-11.837000
-6.959300
-9.886200
-12.813000
-9.886200
-9.886200
-12.813000
-17.691000
-15.740000
-11.837000
-7.935000
-5.983700
-5.008100
-4.032500
-6.959300
-8.910600
-5.008100
-11.837000
-12.813000
-8.910600
-10.862000
-9.886200
-8.910600
-3.056900
-3.056900
-3.056900
-0.130080
1.821100
0.845530
-3.056900
-5.008100
-3.056900
2.796700
2.796700
-1.105700
-3.056900
-0.130080
-1.105700
-5.008100
-6.959300
-8.910600
-8.910600
-8.910600
-9.886200
-3.056900
-5.983700
-10.862000
-9.886200
-5.983700
0.845530
1.821100
6.699200
6.699200
-1.105700
-0.130080
6.699200
7.674800
-1.105700
-3.056900
3.772400
0.845530
-4.032500
-1.105700
4.748000
2.796700
-4.032500
-2.081300
0.845530
-1.105700
-4.032500
-5.983700
-5.008100
-7.935000
-9.886200
-5.983700
-12.813000
-9.886200
-4.032500
-4.032500
0.845530
4.748000
3.772400
3.772400
2.796700
7.674800
6.699200
-1.105700
-6.959300
-4.032500
1.821100
4.748000
-3.056900
-7.935000
-4.032500
2.796700
7.674800
-0.130080
-6.959300
-6.959300
1.821100
5.723600
2.796700
3.772400
5.723600
4.748000
6.699200
5.723600
2.796700
3.772400
7.674800
7.674800
1.821100
2.796700
9.626000
11.577000
13.528000
13.528000
8.650400
9.626000
12.553000
13.528000
16.455000
12.553000
6.699200
7.674800
8.650400
5.723600
9.626000
10.602000
3.772400
3.772400
-5.008100
-11.837000
-8.910600
-3.056900
-2.081300
-4.032500
-6.959300
-5.983700
-3.056900
-2.081300
-1.105700
-5.008100
-9.886200
-6.959300
-6.959300
-11.837000
-10.862000
-5.983700
-3.056900
-0.130080
6.699200
9.626000
8.650400
10.602000
15.480000
11.577000
6.699200
0.845530
1.821100
4.748000
5.723600
4.748000
6.699200
6.699200
5.723600
6.699200
10.602000
9.626000
9.626000
4.748000
0.845530
-4.032500
-2.081300
-0.130080
-3.056900
-6.959300
-8.910600
-8.910600
-5.983700
-6.959300
-14.764000
-14.764000
-7.935000
-4.032500
-2.081300
-1.105700
-0.130080
0.845530
1.821100
0.845530
-0.130080
-1.105700
-2.081300
-4.032500
-6.959300
-11.837000
-11.837000
-4.032500
-3.056900
-10.862000
-10.862000
-8.910600
-9.886200
-9.886200
-6.959300
-6.959300
-6.959300
-7.935000
-8.910600
-8.910600
-5.983700
-4.032500
-1.105700
2.796700
2.796700
-5.008100
-9.886200
-2.081300
-0.130080
-2.081300
-3.056900
-6.959300
-9.886200
-10.862000
-11.837000
-8.910600
-5.008100
-5.008100
-6.959300
-3.056900
-4.032500
-9.886200
-7.935000
-2.081300
-3.056900
1.821100
6.699200
5.723600
4.748000
-2.081300
-8.910600
-8.910600
-3.056900
-2.081300
-3.056900
-3.056900
-6.959300
-9.886200
-6.959300
-3.056900
1.821100
3.772400
1.821100
3.772400
3.772400
6.699200
6.699200
4.748000
4.748000
5.723600
7.674800
1.821100
-2.081300
-1.105700
-1.105700
1.821100
4.748000
8.650400
11.577000
10.602000
7.674800
8.650400
12.553000
11.577000
8.650400
8.650400
18.407000
21.333000
11.577000
3.772400
5.723600
5.723600
2.796700
1.821100
2.796700
3.772400
0.845530
-5.983700
-6.959300
-2.081300
-0.130080
2.796700
4.748000
5.723600
12.553000
14.504000
12.553000
18.407000
20.358000
20.358000
22.309000
15.480000
12.553000
11.577000
4.748000
1.821100
2.796700
2.796700
1.821100
0.845530
3.772400
4.748000
1.821100
-2.081300
-1.105700
-0.130080
4.748000
6.699200
5.723600
0.845530
-2.081300
-0.130080
1.821100
-0.130080
-0.130080
-1.105700
0.845530
8.650400
1.821100
-5.008100
4.748000
8.650400
7.674800
1.821100
1.821100
3.772400
11.577000
16.455000
10.602000
8.650400
5.723600
7.674800
8.650400
4.748000
5.723600
3.772400
5.723600
7.674800
9.626000
10.602000
6.699200
4.748000
8.650400
7.674800
2.796700
1.821100
1.821100
-1.105700
-3.056900
-2.081300
-0.130080
3.772400
6.699200
6.699200
4.748000
6.699200
7.674800
10.602000
11.577000
10.602000
10.602000
12.553000
11.577000
8.650400
9.626000
12.553000
10.602000
11.577000
15.480000
17.431000
15.480000
17.431000
21.333000
17.431000
7.674800
5.723600
10.602000
5.723600
-0.130080
-5.983700
-5.008100
-4.032500
-4.032500
-0.130080
-3.056900
-0.130080
2.796700
-1.105700
1.821100
2.796700
0.845530
0.845530
4.748000
2.796700
-1.105700
0.845530
2.796700
-1.105700
-6.959300
-5.008100
-4.032500
-5.008100
-5.983700
-3.056900
2.796700
0.845530
-6.959300
-9.886200
-5.983700
-3.056900
-3.056900
-3.056900
-2.081300
-4.032500
-5.983700
-5.983700
-3.056900
-0.130080
-0.130080
-4.032500
-6.959300
-4.032500
-4.032500
-6.959300
-7.935000
-7.935000
-7.935000
-8.910600
-13.789000
-20.618000
-21.593000
-16.715000
-12.813000
-6.959300
-5.008100
-6.959300
-6.959300
-4.032500
-5.983700
-4.032500
-5.008100
-10.862000
-9.886200
-7.935000
-6.959300
-8.910600
-3.056900
0.845530
-1.105700
-1.105700
-0.130080
-2.081300
-5.983700
-5.008100
0.845530
10.602000
16.455000
16.455000
12.553000
11.577000
16.455000
10.602000
6.699200
11.577000
14.504000
12.553000
8.650400
2.796700
-3.056900
-1.105700
1.821100
7.674800
11.577000
6.699200
3.772400
6.699200
7.674800
6.699200
5.723600
6.699200
3.772400
2.796700
9.626000
14.504000
15.480000
10.602000
9.626000
8.650400
3.772400
5.723600
3.772400
-0.130080
-2.081300
-5.008100
-6.959300
-7.935000
-6.959300
-5.983700
-7.935000
-8.910600
-9.886200
-9.886200
-5.983700
-3.056900
-3.056900
-5.008100
-5.983700
-5.008100
-8.910600
-10.862000
-5.008100
-2.081300
-10.862000
-19.642000
-14.764000
-8.910600
-6.959300
-13.789000
-18.667000
-16.715000
-10.862000
-5.008100
-7.935000
-9.886200
-3.056900
-3.056900
-2.081300
-3.056900
-5.008100
-1.105700
4.748000
8.650400
7.674800
7.674800
5.723600
10.602000
9.626000
4.748000
6.699200
8.650400
2.796700
1.821100
2.796700
-0.130080
1.821100
3.772400
6.699200
7.674800
4.748000
7.674800
7.674800
5.723600
4.748000
3.772400
6.699200
9.626000
10.602000
8.650400
8.650400
4.748000
4.748000
14.504000
17.431000
13.528000
14.504000
13.528000
11.577000
10.602000
11.577000
10.602000
10.602000
12.553000
15.480000
17.431000
14.504000
11.577000
10.602000
12.553000
12.553000
13.528000
15.480000
16.455000
14.504000
8.650400
0.845530
2.796700
5.723600
2.796700
6.699200
5.723600
2.796700
4.748000
7.674800
5.723600
0.845530
-0.130080
5.723600
7.674800
4.748000
6.699200
7.674800
6.699200
7.674800
8.650400
4.748000
-3.056900
-1.105700
4.748000
7.674800
8.650400
7.674800
5.723600
6.699200
9.626000
9.626000
10.602000
11.577000
13.528000
12.553000
5.723600
4.748000
8.650400
10.602000
11.577000
11.577000
11.577000
10.602000
10.602000
15.480000
11.577000
7.674800
10.602000
10.602000
5.723600
1.821100
2.796700
5.723600
3.772400
-0.130080
2.796700
5.723600
6.699200
-0.130080
-5.983700
-5.008100
-5.983700
-3.056900
5.723600
8.650400
8.650400
7.674800
-0.130080
-3.056900
-4.032500
0.845530
-0.130080
-5.983700
-3.056900
-0.130080
-2.081300
-2.081300
-3.056900
-1.105700
-2.081300
-10.862000
-8.910600
-4.032500
-5.008100
-11.837000
-13.789000
-12.813000
-11.837000
-14.764000
-17.691000
-13.789000
-11.837000
-6.959300
-5.983700
-10.862000
-7.935000
-7.935000
-8.910600
-7.935000
-5.983700
-5.008100
-5.008100
-5.008100
0.845530
2.796700
0.845530
-0.130080
0.845530
6.699200
8.650400
8.650400
5.723600
1.821100
0.845530
5.723600
9.626000
10.602000
7.674800
10.602000
11.577000
9.626000
5.723600
1.821100
-1.105700
1.821100
7.674800
2.796700
-0.130080
2.796700
6.699200
9.626000
8.650400
7.674800
3.772400
1.821100
1.821100
1.821100
1.821100
-1.105700
-3.056900
-3.056900
-5.008100
-6.959300
-5.008100
-4.032500
-5.008100
-5.983700
-2.081300
-1.105700
-5.008100
-7.935000
-6.959300
-9.886200
-10.862000
-5.983700
-7.935000
-12.813000
-7.935000
-0.130080
-4.032500
-7.935000
-6.959300
-6.959300
-1.105700
-4.032500
-9.886200
-9.886200
-8.910600
-5.983700
-4.032500
0.845530
-1.105700
-4.032500
-7.935000
-4.032500
-0.130080
-3.056900
-4.032500
-4.032500
-3.056900
-4.032500
-6.959300
-5.983700
-6.959300
-5.983700
-2.081300
-2.081300
-1.105700
1.821100
0.845530
-0.130080
-1.105700
-1.105700
0.845530
1.821100
1.821100
0.845530
2.796700
4.748000
4.748000
-0.130080
1.821100
4.748000
-0.130080
2.796700
8.650400
7.674800
7.674800
10.602000
15.480000
16.455000
10.602000
5.723600
9.626000
14.504000
13.528000
3.772400
5.723600
13.528000
8.650400
-0.130080
3.772400
8.650400
7.674800
5.723600
4.748000
0.845530
-1.105700
2.796700
9.626000
10.602000
5.723600
0.845530
-0.130080
1.821100
2.796700
1.821100
-1.105700
-4.032500
-3.056900
-5.008100
-5.983700
-0.130080
3.772400
4.748000
3.772400
0.845530
-3.056900
-3.056900
0.845530
5.723600
4.748000
2.796700
2.796700
4.748000
-0.130080
-7.935000
-12.813000
-7.935000
-5.008100
-4.032500
-5.008100
-5.983700
-5.983700
-0.130080
-0.130080
-3.056900
-4.032500
-3.056900
-6.959300
-4.032500
0.845530
6.699200
3.772400
-4.032500
-5.008100
-3.056900
-1.105700
0.845530
0.845530
0.845530
-1.105700
-3.056900
-3.056900
-3.056900
-3.056900
-6.959300
-13.789000
-15.740000
-10.862000
-6.959300
-5.008100
-5.008100
-7.935000
-0.130080
6.699200
4.748000
2.796700
6.699200
5.723600
-0.130080
2.796700
7.674800
4.748000
7.674800
6.699200
6.699200
3.772400
-4.032500
-5.008100
0.845530
1.821100
1.821100
0.845530
-0.130080
-1.105700
-4.032500
-1.105700
-1.105700
-13.789000
-15.740000
-9.886200
-10.862000
-11.837000
-5.983700
-1.105700
-5.008100
-3.056900
5.723600
7.674800
7.674800
4.748000
-1.105700
-0.130080
2.796700
3.772400
1.821100
1.821100
-1.105700
0.845530
-3.056900
-3.056900
6.699200
8.650400
7.674800
7.674800
10.602000
8.650400
6.699200
9.626000
7.674800
12.553000
10.602000
10.602000
14.504000
15.480000
15.480000
6.699200
3.772400
11.577000
15.480000
8.650400
