21.698999
20.719000
20.719000
16.797001
12.876000
11.895000
8.954200
8.954200
18.757999
17.778000
9.934600
11.895000
7.973900
5.032700
7.973900
6.993500
12.876000
22.680000
21.698999
15.817000
15.817000
12.876000
11.895000
13.856000
12.876000
9.934600
3.071900
3.071900
0.130720
-0.849670
2.091500
0.130720
2.091500
6.993500
3.071900
4.052300
4.052300
-2.810500
-7.712400
-4.771200
-2.810500
-3.790800
-6.732000
-7.712400
-4.771200
-3.790800
-6.732000
-9.673200
-17.516001
-24.379000
-26.340000
-22.417999
-18.497000
-12.614000
-9.673200
-6.732000
-8.692800
-13.595000
-10.654000
-15.556000
-20.458000
-19.476999
-18.497000
-13.595000
-13.595000
-15.556000
-17.516001
-14.575000
-10.654000
-13.595000
-14.575000
-16.535999
-16.535999
-17.516001
-19.476999
-20.458000
-16.535999
-9.673200
-3.790800
2.091500
3.071900
-6.732000
-11.634000
-6.732000
-9.673200
-18.497000
-18.497000
-15.556000
-13.595000
-13.595000
-10.654000
-12.614000
-10.654000
-4.771200
-2.810500
-0.849670
-3.790800
-3.790800
-2.810500
-2.810500
-0.849670
1.111100
2.091500
4.052300
2.091500
-0.849670
-5.751600
-10.654000
-12.614000
-16.535999
-15.556000
-7.712400
-8.692800
-9.673200
-10.654000
-8.692800
-7.712400
-7.712400
-2.810500
-0.849670
-0.849670
1.111100
6.013100
4.052300
-9.673200
-13.595000
-6.732000
-8.692800
-12.614000
-8.692800
0.130720
0.130720
-5.751600
-8.692800
-9.673200
-11.634000
-10.654000
-7.712400
-5.751600
-9.673200
-13.595000
-11.634000
-16.535999
-12.614000
-4.771200
-2.810500
-0.849670
0.130720
-2.810500
-1.830100
-0.849670
4.052300
3.071900
-1.830100
-7.712400
-11.634000
-8.692800
-2.810500
-6.732000
-6.732000
-0.849670
4.052300
7.973900
1.111100
0.130720
2.091500
5.032700
4.052300
0.130720
5.032700
8.954200
11.895000
12.876000
12.876000
12.876000
13.856000
10.915000
6.993500
3.071900
6.993500
14.837000
16.797001
14.837000
16.797001
20.719000
24.641001
24.641001
21.698999
19.739000
14.837000
13.856000
16.797001
14.837000
10.915000
13.856000
13.856000
10.915000
6.013100
1.111100
-3.790800
-5.751600
1.111100
5.032700
0.130720
-4.771200
-6.732000
-3.790800
0.130720
-0.849670
-3.790800
-8.692800
-6.732000
-7.712400
-17.516001
-19.476999
-10.654000
-3.790800
-0.849670
2.091500
1.111100
1.111100
4.052300
6.993500
6.993500
6.013100
4.052300
6.993500
7.973900
6.013100
6.013100
9.934600
10.915000
11.895000
9.934600
6.993500
4.052300
6.013100
6.993500
2.091500
-2.810500
-3.790800
-6.732000
-8.692800
-13.595000
-12.614000
-4.771200
-3.790800
-7.712400
-11.634000
-13.595000
-11.634000
-7.712400
0.130720
2.091500
5.032700
6.993500
4.052300
1.111100
-0.849670
-1.830100
1.111100
3.071900
-0.849670
-11.634000
-15.556000
-11.634000
-11.634000
-14.575000
-14.575000
-11.634000
-5.751600
-4.771200
-2.810500
-5.751600
-14.575000
-16.535999
-15.556000
-14.575000
-10.654000
-5.751600
-4.771200
-2.810500
-4.771200
-8.692800
-7.712400
-1.830100
2.091500
0.130720
0.130720
-8.692800
-16.535999
-18.497000
-17.516001
-15.556000
-15.556000
-12.614000
-8.692800
-7.712400
-2.810500
-8.692800
-11.634000
-4.771200
-7.712400
-8.692800
-2.810500
-2.810500
-3.790800
-8.692800
-10.654000
-7.712400
-2.810500
-2.810500
-1.830100
-0.849670
-4.771200
-7.712400
-9.673200
-6.732000
-0.849670
4.052300
6.993500
10.915000
12.876000
16.797001
15.817000
15.817000
18.757999
15.817000
11.895000
9.934600
8.954200
9.934600
7.973900
8.954200
9.934600
8.954200
9.934600
6.993500
6.993500
8.954200
12.876000
11.895000
10.915000
11.895000
21.698999
22.680000
13.856000
11.895000
11.895000
13.856000
11.895000
5.032700
5.032700
6.013100
3.071900
1.111100
3.071900
6.013100
6.993500
11.895000
13.856000
11.895000
19.739000
17.778000
14.837000
23.660000
20.719000
14.837000
14.837000
11.895000
15.817000
12.876000
5.032700
4.052300
8.954200
8.954200
8.954200
5.032700
7.973900
12.876000
10.915000
3.071900
0.130720
0.130720
3.071900
5.032700
6.013100
3.071900
1.111100
3.071900
1.111100
-4.771200
-4.771200
-6.732000
-2.810500
6.993500
2.091500
-0.849670
10.915000
17.778000
15.817000
7.973900
6.013100
7.973900
14.837000
18.757999
13.856000
13.856000
9.934600
10.915000
10.915000
9.934600
6.993500
6.993500
8.954200
9.934600
9.934600
11.895000
10.915000
8.954200
10.915000
8.954200
1.111100
3.071900
6.993500
1.111100
-2.810500
-1.830100
0.130720
4.052300
6.993500
10.915000
15.817000
14.837000
12.876000
13.856000
13.856000
10.915000
9.934600
13.856000
16.797001
11.895000
13.856000
22.680000
20.719000
18.757999
24.641001
26.601000
28.562000
31.503000
32.484001
26.601000
15.817000
11.895000
16.797001
13.856000
8.954200
4.052300
2.091500
1.111100
-1.830100
-1.830100
0.130720
6.993500
5.032700
0.130720
5.032700
4.052300
2.091500
4.052300
6.013100
6.013100
6.993500
8.954200
6.013100
1.111100
-3.790800
-2.810500
-0.849670
-2.810500
-4.771200
-3.790800
-3.790800
-4.771200
-7.712400
-8.692800
-4.771200
3.071900
2.091500
-3.790800
-5.751600
0.130720
1.111100
-1.830100
-2.810500
0.130720
3.071900
0.130720
-4.771200
-2.810500
-3.790800
-9.673200
-14.575000
-16.535999
-12.614000
-12.614000
-15.556000
-19.476999
-18.497000
-15.556000
-13.595000
-8.692800
-5.751600
-11.634000
-14.575000
-10.654000
-12.614000
-15.556000
-15.556000
-22.417999
-22.417999
-18.497000
-11.634000
-10.654000
-8.692800
-4.771200
-7.712400
-10.654000
-7.712400
-4.771200
-8.692800
-8.692800
-5.751600
4.052300
8.954200
7.973900
9.934600
12.876000
14.837000
7.973900
-0.849670
5.032700
7.973900
2.091500
0.130720
-3.790800
-6.732000
-3.790800
1.111100
3.071900
6.993500
8.954200
6.013100
5.032700
3.071900
3.071900
6.993500
6.993500
1.111100
2.091500
10.915000
14.837000
12.876000
12.876000
11.895000
6.013100
4.052300
4.052300
-0.849670
-4.771200
-9.673200
-14.575000
-13.595000
-10.654000
-14.575000
-18.497000
-18.497000
-14.575000
-13.595000
-13.595000
-11.634000
-12.614000
-10.654000
-8.692800
-6.732000
-3.790800
-3.790800
-6.732000
-4.771200
-3.790800
-8.692800
-15.556000
-14.575000
-11.634000
-13.595000
-15.556000
-17.516001
-19.476999
-20.458000
-19.476999
-17.516001
-12.614000
-4.771200
-5.751600
-6.732000
-3.790800
-3.790800
-1.830100
4.052300
4.052300
0.130720
-0.849670
2.091500
8.954200
6.013100
0.130720
-3.790800
-1.830100
-0.849670
-4.771200
-0.849670
-1.830100
-3.790800
-2.810500
1.111100
5.032700
3.071900
2.091500
0.130720
-1.830100
3.071900
2.091500
-1.830100
3.071900
6.993500
9.934600
9.934600
5.032700
6.993500
16.797001
20.719000
22.680000
20.719000
16.797001
12.876000
10.915000
11.895000
15.817000
22.680000
23.660000
25.621000
23.660000
18.757999
13.856000
12.876000
12.876000
12.876000
13.856000
15.817000
14.837000
12.876000
6.993500
4.052300
10.915000
13.856000
8.954200
9.934600
9.934600
8.954200
9.934600
9.934600
2.091500
-1.830100
-3.790800
-3.790800
-0.849670
2.091500
6.993500
9.934600
10.915000
12.876000
13.856000
12.876000
10.915000
9.934600
8.954200
6.993500
6.013100
4.052300
5.032700
8.954200
12.876000
12.876000
9.934600
9.934600
8.954200
4.052300
1.111100
0.130720
6.993500
5.032700
6.013100
13.856000
16.797001
14.837000
13.856000
16.797001
13.856000
15.817000
16.797001
13.856000
11.895000
11.895000
12.876000
11.895000
10.915000
10.915000
11.895000
10.915000
6.013100
0.130720
-2.810500
-2.810500
-4.771200
-2.810500
1.111100
4.052300
10.915000
9.934600
4.052300
0.130720
-5.751600
-13.595000
-17.516001
-16.535999
-13.595000
-13.595000
-10.654000
-8.692800
-6.732000
-4.771200
-5.751600
-7.712400
-2.810500
-2.810500
-1.830100
-7.712400
-9.673200
-10.654000
-14.575000
-19.476999
-22.417999
-15.556000
-12.614000
-9.673200
-8.692800
-8.692800
-5.751600
-3.790800
1.111100
0.130720
-3.790800
-0.849670
-1.830100
1.111100
5.032700
6.993500
10.915000
11.895000
12.876000
15.817000
13.856000
17.778000
12.876000
4.052300
8.954200
12.876000
9.934600
6.993500
7.973900
11.895000
12.876000
13.856000
12.876000
11.895000
11.895000
12.876000
6.993500
6.013100
7.973900
8.954200
8.954200
8.954200
10.915000
11.895000
7.973900
2.091500
0.130720
2.091500
6.013100
7.973900
4.052300
-5.751600
-7.712400
-3.790800
-1.830100
-3.790800
-3.790800
-7.712400
-9.673200
-6.732000
-8.692800
-11.634000
-8.692800
-10.654000
-11.634000
-11.634000
-13.595000
-17.516001
-16.535999
-10.654000
-10.654000
-13.595000
-12.614000
-8.692800
-1.830100
-5.751600
-12.614000
-13.595000
-10.654000
-7.712400
-7.712400
-5.751600
-7.712400
-8.692800
-9.673200
-4.771200
-1.830100
-3.790800
-2.810500
-0.849670
-0.849670
-4.771200
-7.712400
-10.654000
-11.634000
-7.712400
-0.849670
-0.849670
-2.810500
1.111100
1.111100
2.091500
3.071900
1.111100
5.032700
8.954200
8.954200
6.993500
6.013100
6.013100
5.032700
6.013100
8.954200
12.876000
9.934600
6.993500
8.954200
11.895000
21.698999
25.621000
27.582001
25.621000
16.797001
13.856000
16.797001
17.778000
19.739000
17.778000
14.837000
16.797001
8.954200
2.091500
6.993500
6.993500
2.091500
2.091500
5.032700
6.013100
1.111100
4.052300
10.915000
15.817000
11.895000
2.091500
-2.810500
-5.751600
-8.692800
-6.732000
-2.810500
-7.712400
-11.634000
-10.654000
-10.654000
-8.692800
-6.732000
-5.751600
-5.751600
-11.634000
-18.497000
-18.497000
-16.535999
-12.614000
-6.732000
-6.732000
-6.732000
-6.732000
-12.614000
-13.595000
-8.692800
-7.712400
-10.654000
-11.634000
-8.692800
-7.712400
-2.810500
5.032700
3.071900
-1.830100
3.071900
6.013100
4.052300
2.091500
2.091500
8.954200
7.973900
-0.849670
-2.810500
-1.830100
-2.810500
-1.830100
-4.771200
-2.810500
-2.810500
-8.692800
-13.595000
-11.634000
-7.712400
-11.634000
-14.575000
-12.614000
-7.712400
-4.771200
-1.830100
2.091500
-4.771200
3.071900
13.856000
16.797001
15.817000
14.837000
9.934600
2.091500
7.973900
14.837000
6.013100
3.071900
0.130720
1.111100
2.091500
-2.810500
-2.810500
-0.849670
1.111100
-0.849670
-8.692800
-9.673200
-13.595000
-17.516001
-10.654000
-11.634000
-26.340000
-30.261000
-20.458000
-15.556000
-13.595000
-4.771200
-2.810500
-7.712400
-4.771200
1.111100
5.032700
6.993500
6.993500
3.071900
1.111100
2.091500
3.071900
1.111100
8.954200
6.013100
2.091500
5.032700
6.993500
10.915000
13.856000
10.915000
11.895000
13.856000
17.778000
16.797001
19.739000
15.817000
15.817000
12.876000
9.934600
12.876000
11.895000
10.915000
4.052300
0.130720
5.032700
15.817000
15.817000
