-15.229000
-19.021000
-19.968000
-19.968000
-21.864000
-19.968000
-14.281000
-14.281000
-13.333000
-10.490000
-9.541900
-6.698300
-2.906800
-2.906800
-2.906800
-1.958900
-3.854700
-8.594000
-8.594000
-6.698300
-9.541900
-10.490000
-12.385000
-13.333000
-14.281000
-18.073000
-18.073000
-11.438000
-8.594000
1.832500
4.676100
3.728300
2.780400
3.728300
9.415500
12.259000
4.676100
-1.011100
-1.011100
-1.011100
-0.063190
5.624000
4.676100
-3.854700
-11.438000
-12.385000
-14.281000
-16.177000
-13.333000
-9.541900
-8.594000
-7.646100
-6.698300
-7.646100
-4.802500
-1.011100
0.884680
-1.011100
-1.011100
0.884680
2.780400
5.624000
7.519700
2.780400
-3.854700
-8.594000
-11.438000
-12.385000
-9.541900
-3.854700
-1.011100
-0.063190
3.728300
8.467600
6.571900
10.363000
13.207000
11.311000
14.155000
14.155000
12.259000
14.155000
14.155000
16.997999
19.841999
22.686001
22.686001
26.476999
24.580999
20.790001
21.738001
16.997999
7.519700
0.884680
-6.698300
-16.177000
-20.916000
-21.864000
-19.021000
-18.073000
-13.333000
-5.750400
-2.906800
-3.854700
-0.063190
0.884680
1.832500
6.571900
5.624000
-0.063190
-1.958900
1.832500
1.832500
2.780400
-1.011100
-0.063190
-4.802500
-16.177000
-21.864000
-19.021000
-15.229000
-15.229000
-17.125000
-15.229000
-10.490000
-10.490000
-13.333000
-7.646100
0.884680
1.832500
-0.063190
1.832500
4.676100
5.624000
11.311000
12.259000
8.467600
5.624000
5.624000
4.676100
-0.063190
0.884680
4.676100
-1.011100
-1.958900
-0.063190
-8.594000
-9.541900
-7.646100
-6.698300
-4.802500
-4.802500
-2.906800
-0.063190
-1.958900
-0.063190
2.780400
9.415500
12.259000
14.155000
16.997999
12.259000
5.624000
7.519700
11.311000
9.415500
6.571900
5.624000
3.728300
-1.958900
-6.698300
-11.438000
-9.541900
-6.698300
-2.906800
-0.063190
0.884680
1.832500
0.884680
2.780400
2.780400
7.519700
10.363000
15.103000
16.051001
16.997999
21.738001
23.632999
19.841999
16.051001
13.207000
6.571900
-1.011100
-1.958900
-2.906800
-8.594000
-9.541900
-5.750400
-13.333000
-11.438000
-4.802500
-8.594000
-4.802500
4.676100
6.571900
8.467600
6.571900
4.676100
4.676100
3.728300
-1.011100
-4.802500
-3.854700
-3.854700
-7.646100
-18.073000
-25.656000
-31.343000
-31.343000
-30.395000
-30.395000
-25.656000
-23.760000
-21.864000
-19.021000
-12.385000
-0.063190
11.311000
16.997999
16.997999
14.155000
12.259000
9.415500
4.676100
5.624000
6.571900
2.780400
3.728300
8.467600
6.571900
8.467600
9.415500
9.415500
11.311000
7.519700
7.519700
9.415500
8.467600
12.259000
15.103000
12.259000
12.259000
15.103000
12.259000
4.676100
-0.063190
-0.063190
-2.906800
-3.854700
-11.438000
-19.021000
-14.281000
-9.541900
-13.333000
-13.333000
-8.594000
-2.906800
0.884680
7.519700
12.259000
14.155000
14.155000
17.945999
16.051001
14.155000
12.259000
8.467600
8.467600
4.676100
-3.854700
-7.646100
-13.333000
-18.073000
-19.021000
-15.229000
-8.594000
-2.906800
1.832500
9.415500
11.311000
13.207000
16.051001
16.051001
17.945999
15.103000
9.415500
9.415500
5.624000
-0.063190
-1.958900
-4.802500
-4.802500
-5.750400
-2.906800
3.728300
4.676100
5.624000
5.624000
5.624000
7.519700
13.207000
11.311000
4.676100
1.832500
-3.854700
-10.490000
-17.125000
-21.864000
-19.021000
-20.916000
-19.021000
-16.177000
-18.073000
-18.073000
-21.864000
-16.177000
-5.750400
-1.011100
1.832500
0.884680
5.624000
5.624000
7.519700
8.467600
5.624000
5.624000
2.780400
0.884680
-1.958900
-8.594000
-12.385000
-7.646100
-3.854700
-6.698300
-7.646100
-4.802500
-2.906800
4.676100
10.363000
8.467600
7.519700
6.571900
-2.906800
-7.646100
-5.750400
-11.438000
-13.333000
-11.438000
-16.177000
-22.812000
-20.916000
-17.125000
-6.698300
0.884680
5.624000
9.415500
12.259000
19.841999
24.580999
23.632999
21.738001
19.841999
15.103000
10.363000
5.624000
-2.906800
-10.490000
-14.281000
-25.656000
-34.186001
-31.343000
-29.447001
-20.916000
-13.333000
-7.646100
-1.011100
0.884680
6.571900
10.363000
16.051001
19.841999
21.738001
24.580999
21.738001
20.790001
20.790001
16.997999
10.363000
2.780400
-1.011100
-0.063190
3.728300
6.571900
5.624000
7.519700
4.676100
3.728300
10.363000
12.259000
16.997999
17.945999
18.893999
23.632999
27.424999
22.686001
16.997999
10.363000
-0.063190
-5.750400
-5.750400
-6.698300
-9.541900
-12.385000
-20.916000
-25.656000
-23.760000
-15.229000
-5.750400
0.884680
5.624000
4.676100
4.676100
6.571900
8.467600
10.363000
9.415500
7.519700
4.676100
-3.854700
-9.541900
-15.229000
-17.125000
-18.073000
-20.916000
-22.812000
-23.760000
-23.760000
-19.021000
-15.229000
-16.177000
-15.229000
-14.281000
-13.333000
-16.177000
-14.281000
-13.333000
-9.541900
-3.854700
1.832500
3.728300
3.728300
6.571900
5.624000
1.832500
-2.906800
-6.698300
-6.698300
-3.854700
2.780400
6.571900
1.832500
0.884680
1.832500
2.780400
5.624000
9.415500
19.841999
29.320999
32.164001
36.903999
44.487000
49.226002
43.539001
38.799000
33.112000
20.790001
9.415500
-4.802500
-19.021000
-27.551001
-27.551001
-22.812000
-20.916000
-19.021000
-14.281000
-9.541900
-0.063190
-1.011100
-1.958900
-1.011100
-1.958900
-5.750400
-5.750400
-7.646100
-14.281000
-16.177000
-19.021000
-15.229000
-12.385000
-12.385000
-7.646100
-2.906800
6.571900
11.311000
11.311000
12.259000
15.103000
22.686001
23.632999
16.997999
10.363000
5.624000
3.728300
4.676100
5.624000
10.363000
15.103000
15.103000
17.945999
13.207000
7.519700
3.728300
-0.063190
1.832500
5.624000
3.728300
-1.958900
-6.698300
-10.490000
-6.698300
-3.854700
-3.854700
-0.063190
-0.063190
1.832500
6.571900
6.571900
9.415500
13.207000
16.051001
15.103000
7.519700
5.624000
5.624000
6.571900
8.467600
11.311000
16.997999
19.841999
14.155000
9.415500
10.363000
4.676100
0.884680
2.780400
0.884680
1.832500
2.780400
-1.011100
0.884680
1.832500
0.884680
-1.011100
-3.854700
-5.750400
-5.750400
-1.958900
-9.541900
-18.073000
-19.968000
-22.812000
-25.656000
-24.708000
-26.603001
-27.551001
-20.916000
-15.229000
-9.541900
-5.750400
-3.854700
-2.906800
2.780400
9.415500
5.624000
2.780400
1.832500
-0.063190
-0.063190
-4.802500
-9.541900
-19.021000
-26.603001
-28.499001
-21.864000
-20.916000
-15.229000
-1.011100
-0.063190
8.467600
12.259000
12.259000
13.207000
11.311000
4.676100
5.624000
0.884680
-5.750400
-7.646100
-3.854700
-2.906800
-2.906800
-0.063190
2.780400
4.676100
6.571900
0.884680
-4.802500
-6.698300
-5.750400
-4.802500
-6.698300
0.884680
7.519700
9.415500
5.624000
4.676100
1.832500
0.884680
-1.011100
-3.854700
-8.594000
-15.229000
-19.021000
-23.760000
-23.760000
-23.760000
-27.551001
-31.343000
-27.551001
-18.073000
-11.438000
-5.750400
-2.906800
3.728300
12.259000
16.997999
17.945999
24.580999
29.320999
21.738001
13.207000
9.415500
10.363000
9.415500
3.728300
1.832500
1.832500
-1.958900
-9.541900
-11.438000
-4.802500
1.832500
4.676100
6.571900
9.415500
13.207000
6.571900
-0.063190
1.832500
-1.958900
-0.063190
3.728300
2.780400
4.676100
7.519700
14.155000
16.051001
15.103000
14.155000
15.103000
15.103000
12.259000
10.363000
10.363000
15.103000
14.155000
10.363000
7.519700
1.832500
-8.594000
-13.333000
-13.333000
-15.229000
-17.125000
-11.438000
-7.646100
-2.906800
3.728300
12.259000
19.841999
34.060001
35.956001
26.476999
21.738001
17.945999
10.363000
3.728300
-2.906800
-10.490000
-16.177000
-22.812000
-21.864000
-20.916000
-20.916000
-22.812000
-20.916000
-17.125000
-15.229000
-9.541900
-3.854700
2.780400
3.728300
10.363000
20.790001
25.528999
27.424999
29.320999
21.738001
12.259000
8.467600
7.519700
1.832500
-4.802500
-17.125000
-28.499001
-35.133999
-38.925999
-36.082001
-28.499001
-25.656000
-23.760000
-13.333000
1.832500
10.363000
13.207000
19.841999
28.372999
34.060001
32.164001
25.528999
26.476999
30.268999
21.738001
13.207000
4.676100
-3.854700
-11.438000
-19.021000
-33.238998
-39.874001
-39.874001
-37.029999
-38.925999
-39.874001
-32.291000
-25.656000
-23.760000
-18.073000
-4.802500
6.571900
16.051001
20.790001
17.945999
19.841999
25.528999
21.738001
19.841999
21.738001
27.424999
26.476999
21.738001
16.051001
9.415500
2.780400
-4.802500
-8.594000
-9.541900
-7.646100
-4.802500
-7.646100
-5.750400
-0.063190
11.311000
19.841999
20.790001
23.632999
28.372999
28.372999
23.632999
14.155000
3.728300
3.728300
5.624000
0.884680
-7.646100
-11.438000
-15.229000
-13.333000
-19.968000
-23.760000
-22.812000
-23.760000
-18.073000
-13.333000
-8.594000
-2.906800
-2.906800
-3.854700
-3.854700
1.832500
7.519700
6.571900
6.571900
5.624000
2.780400
-0.063190
-1.011100
-3.854700
-6.698300
-6.698300
-3.854700
-2.906800
0.884680
10.363000
9.415500
12.259000
14.155000
10.363000
12.259000
13.207000
4.676100
-0.063190
-7.646100
-8.594000
-6.698300
1.832500
3.728300
5.624000
6.571900
0.884680
-8.594000
-16.177000
-19.968000
-11.438000
-5.750400
-7.646100
0.884680
3.728300
6.571900
10.363000
8.467600
4.676100
7.519700
5.624000
0.884680
-2.906800
-2.906800
-6.698300
-4.802500
1.832500
2.780400
0.884680
1.832500
4.676100
5.624000
8.467600
9.415500
6.571900
5.624000
2.780400
-0.063190
0.884680
-9.541900
-14.281000
-16.177000
-19.968000
-18.073000
-15.229000
-10.490000
-4.802500
1.832500
7.519700
12.259000
15.103000
14.155000
14.155000
10.363000
9.415500
3.728300
-1.958900
-8.594000
-14.281000
-19.021000
-22.812000
-21.864000
-21.864000
-23.760000
-19.021000
-16.177000
-9.541900
-6.698300
-10.490000
-11.438000
-4.802500
2.780400
10.363000
16.051001
20.790001
18.893999
14.155000
15.103000
15.103000
11.311000
10.363000
3.728300
2.780400
9.415500
7.519700
10.363000
10.363000
7.519700
8.467600
12.259000
14.155000
13.207000
16.997999
14.155000
14.155000
19.841999
21.738001
17.945999
16.997999
11.311000
11.311000
12.259000
3.728300
-5.750400
-9.541900
-19.021000
-28.499001
-31.343000
-29.447001
-25.656000
-22.812000
-17.125000
-12.385000
-5.750400
-4.802500
-6.698300
-5.750400
-8.594000
-11.438000
-4.802500
-3.854700
-6.698300
-5.750400
-7.646100
-9.541900
-14.281000
-15.229000
-17.125000
-18.073000
-12.385000
-13.333000
-19.021000
-19.021000
-20.916000
-19.968000
-14.281000
-9.541900
-1.011100
8.467600
16.997999
19.841999
17.945999
15.103000
14.155000
13.207000
14.155000
16.997999
13.207000
4.676100
4.676100
5.624000
9.415500
14.155000
19.841999
22.686001
22.686001
17.945999
8.467600
0.884680
-0.063190
-1.958900
-1.958900
2.780400
9.415500
9.415500
8.467600
11.311000
13.207000
10.363000
16.051001
13.207000
