-10.667000
-12.618000
-13.593000
-12.618000
-11.642000
-8.715400
-4.813000
-2.861800
-3.837400
-4.813000
-3.837400
-1.886200
-0.910570
-4.813000
-4.813000
-7.739800
-10.667000
-11.642000
-12.618000
-12.618000
-13.593000
-15.545000
-18.472000
-20.423000
-18.472000
-17.496000
-14.569000
-7.739800
-2.861800
6.894300
9.821100
11.772000
9.821100
7.869900
10.797000
11.772000
2.991900
-2.861800
-0.910570
1.040700
2.991900
4.943100
2.991900
-2.861800
-8.715400
-10.667000
-10.667000
-10.667000
-7.739800
-5.788600
-4.813000
-6.764200
-7.739800
-9.691100
-9.691100
-7.739800
-2.861800
-0.910570
-2.861800
2.016300
4.943100
7.869900
7.869900
6.894300
0.065040
-4.813000
-4.813000
-5.788600
-5.788600
-3.837400
-1.886200
-0.910570
2.016300
3.967500
1.040700
2.016300
2.991900
3.967500
8.845500
13.724000
14.699000
17.625999
21.528000
26.407000
29.333000
30.309000
29.333000
33.236000
31.285000
26.407000
26.407000
18.601999
4.943100
-6.764200
-14.569000
-20.423000
-22.374001
-24.325001
-22.374001
-17.496000
-11.642000
-5.788600
-2.861800
-0.910570
2.016300
3.967500
4.943100
6.894300
4.943100
1.040700
2.991900
5.918700
5.918700
4.943100
-0.910570
-3.837400
-6.764200
-14.569000
-21.398001
-20.423000
-20.423000
-22.374001
-23.350000
-21.398001
-17.496000
-17.496000
-18.472000
-11.642000
-0.910570
4.943100
4.943100
4.943100
7.869900
11.772000
17.625999
20.552999
17.625999
11.772000
11.772000
10.797000
6.894300
2.016300
0.065040
-3.837400
-4.813000
-6.764200
-15.545000
-14.569000
-9.691100
-6.764200
-2.861800
1.040700
6.894300
12.748000
14.699000
16.650000
18.601999
24.455000
22.504000
20.552999
20.552999
14.699000
7.869900
2.991900
2.016300
0.065040
-1.886200
-0.910570
-1.886200
-2.861800
-3.837400
-5.788600
-3.837400
0.065040
3.967500
5.918700
2.991900
1.040700
-3.837400
-5.788600
-5.788600
-3.837400
-2.861800
1.040700
2.991900
5.918700
11.772000
13.724000
13.724000
11.772000
8.845500
6.894300
-0.910570
-3.837400
-2.861800
-11.642000
-17.496000
-12.618000
-14.569000
-9.691100
-3.837400
-7.739800
-6.764200
2.991900
7.869900
7.869900
6.894300
6.894300
6.894300
5.918700
0.065040
-3.837400
-1.886200
-1.886200
-6.764200
-13.593000
-19.447001
-27.252001
-29.202999
-29.202999
-31.153999
-27.252001
-25.301001
-24.325001
-18.472000
-10.667000
0.065040
7.869900
11.772000
9.821100
6.894300
3.967500
1.040700
-1.886200
-0.910570
-0.910570
-3.837400
-2.861800
2.016300
1.040700
3.967500
5.918700
7.869900
14.699000
15.675000
17.625999
19.577000
18.601999
17.625999
17.625999
15.675000
12.748000
7.869900
3.967500
-1.886200
-3.837400
-0.910570
0.065040
3.967500
2.016300
0.065040
2.991900
3.967500
1.040700
0.065040
4.943100
8.845500
8.845500
11.772000
16.650000
17.625999
13.724000
11.772000
7.869900
2.991900
2.016300
2.016300
5.918700
5.918700
3.967500
2.016300
0.065040
-1.886200
-0.910570
1.040700
1.040700
0.065040
-0.910570
-2.861800
-5.788600
-3.837400
-2.861800
-2.861800
0.065040
1.040700
-0.910570
1.040700
2.991900
3.967500
-0.910570
-3.837400
-1.886200
0.065040
2.016300
4.943100
3.967500
-0.910570
-4.813000
-6.764200
-7.739800
-6.764200
-7.739800
-9.691100
-8.715400
-10.667000
-13.593000
-13.593000
-10.667000
-5.788600
-7.739800
-9.691100
-11.642000
-15.545000
-14.569000
-14.569000
-10.667000
-3.837400
1.040700
2.991900
0.065040
0.065040
1.040700
3.967500
4.943100
1.040700
-3.837400
-5.788600
-5.788600
-5.788600
-6.764200
-7.739800
-1.886200
0.065040
-1.886200
-0.910570
-0.910570
1.040700
5.918700
7.869900
5.918700
2.991900
0.065040
-6.764200
-9.691100
-4.813000
-5.788600
-3.837400
0.065040
-1.886200
-4.813000
-1.886200
2.991900
10.797000
13.724000
15.675000
16.650000
16.650000
15.675000
17.625999
17.625999
11.772000
4.943100
0.065040
-1.886200
-5.788600
-15.545000
-23.350000
-26.275999
-30.179001
-31.153999
-22.374001
-14.569000
-4.813000
1.040700
6.894300
10.797000
13.724000
16.650000
16.650000
19.577000
22.504000
22.504000
22.504000
13.724000
6.894300
2.991900
1.040700
-1.886200
-6.764200
-7.739800
-4.813000
2.991900
7.869900
8.845500
9.821100
9.821100
9.821100
11.772000
13.724000
17.625999
18.601999
20.552999
24.455000
27.382000
24.455000
17.625999
9.821100
-2.861800
-11.642000
-16.520000
-20.423000
-25.301001
-28.228001
-34.081001
-37.007999
-33.105999
-20.423000
-8.715400
-0.910570
4.943100
9.821100
11.772000
11.772000
12.748000
14.699000
13.724000
12.748000
7.869900
-0.910570
-6.764200
-13.593000
-14.569000
-13.593000
-14.569000
-16.520000
-14.569000
-10.667000
-2.861800
2.991900
3.967500
6.894300
5.918700
5.918700
5.918700
9.821100
10.797000
13.724000
16.650000
18.601999
15.675000
14.699000
13.724000
10.797000
3.967500
-4.813000
-8.715400
-13.593000
-14.569000
-10.667000
-7.739800
-9.691100
-8.715400
-6.764200
-2.861800
2.016300
6.894300
11.772000
17.625999
19.577000
20.552999
19.577000
18.601999
13.724000
9.821100
5.918700
-2.861800
-11.642000
-23.350000
-35.056999
-42.862000
-42.862000
-36.033001
-30.179001
-26.275999
-22.374001
-14.569000
-6.764200
-2.861800
0.065040
2.991900
3.967500
0.065040
2.016300
1.040700
-3.837400
-3.837400
-2.861800
0.065040
1.040700
2.016300
5.918700
8.845500
12.748000
13.724000
10.797000
10.797000
11.772000
14.699000
11.772000
2.991900
-1.886200
-3.837400
0.065040
5.918700
10.797000
16.650000
24.455000
27.382000
32.259998
29.333000
23.480000
18.601999
14.699000
12.748000
12.748000
4.943100
-5.788600
-9.691100
-14.569000
-10.667000
-3.837400
-0.910570
3.967500
4.943100
10.797000
12.748000
9.821100
9.821100
12.748000
15.675000
13.724000
6.894300
2.991900
0.065040
-2.861800
-5.788600
-0.910570
4.943100
9.821100
9.821100
8.845500
13.724000
10.797000
5.918700
3.967500
0.065040
-2.861800
-5.788600
-8.715400
-5.788600
-5.788600
-3.837400
-2.861800
-2.861800
-3.837400
-3.837400
-3.837400
-8.715400
-14.569000
-18.472000
-22.374001
-27.252001
-29.202999
-31.153999
-29.202999
-23.350000
-15.545000
-8.715400
-5.788600
-5.788600
-2.861800
3.967500
8.845500
5.918700
4.943100
5.918700
2.016300
-3.837400
-10.667000
-14.569000
-20.423000
-25.301001
-27.252001
-21.398001
-15.545000
-6.764200
2.016300
0.065040
3.967500
6.894300
8.845500
10.797000
10.797000
6.894300
2.991900
-5.788600
-16.520000
-20.423000
-18.472000
-16.520000
-11.642000
-4.813000
2.016300
8.845500
13.724000
13.724000
12.748000
11.772000
12.748000
13.724000
9.821100
14.699000
17.625999
16.650000
12.748000
9.821100
5.918700
5.918700
1.040700
-0.910570
-3.837400
-8.715400
-8.715400
-10.667000
-10.667000
-13.593000
-17.496000
-20.423000
-19.447001
-9.691100
0.065040
5.918700
6.894300
10.797000
15.675000
18.601999
17.625999
17.625999
14.699000
2.016300
-11.642000
-19.447001
-21.398001
-21.398001
-23.350000
-24.325001
-21.398001
-18.472000
-14.569000
-12.618000
-4.813000
3.967500
8.845500
12.748000
16.650000
18.601999
16.650000
10.797000
5.918700
0.065040
0.065040
2.016300
1.040700
1.040700
4.943100
10.797000
16.650000
18.601999
18.601999
20.552999
19.577000
18.601999
14.699000
13.724000
15.675000
14.699000
7.869900
0.065040
-6.764200
-18.472000
-29.202999
-33.105999
-32.130001
-26.275999
-13.593000
0.065040
8.845500
14.699000
21.528000
28.358000
40.064999
44.943001
37.138000
28.358000
21.528000
13.724000
3.967500
-2.861800
-9.691100
-16.520000
-24.325001
-28.228001
-30.179001
-28.228001
-27.252001
-23.350000
-17.496000
-10.667000
-3.837400
1.040700
6.894300
9.821100
17.625999
28.358000
31.285000
29.333000
32.259998
24.455000
13.724000
6.894300
1.040700
-7.739800
-17.496000
-29.202999
-38.959000
-46.764000
-50.667000
-46.764000
-32.130001
-24.325001
-16.520000
-1.886200
15.675000
29.333000
34.210999
42.015999
49.820999
53.723999
48.846001
41.041000
37.138000
32.259998
22.504000
7.869900
-10.667000
-24.325001
-36.033001
-44.813000
-55.544998
-60.423000
-57.495998
-53.592999
-48.715000
-44.813000
-33.105999
-21.398001
-14.569000
-3.837400
10.797000
25.431000
35.187000
36.162998
30.309000
28.358000
25.431000
20.552999
17.625999
16.650000
19.577000
19.577000
15.675000
10.797000
4.943100
0.065040
-8.715400
-10.667000
-10.667000
-7.739800
-4.813000
-3.837400
3.967500
13.724000
23.480000
29.333000
31.285000
32.259998
34.210999
32.259998
25.431000
15.675000
4.943100
-0.910570
-1.886200
-9.691100
-18.472000
-21.398001
-23.350000
-22.374001
-28.228001
-29.202999
-27.252001
-22.374001
-15.545000
-11.642000
-4.813000
3.967500
5.918700
6.894300
10.797000
14.699000
16.650000
13.724000
10.797000
7.869900
3.967500
-1.886200
-4.813000
-8.715400
-10.667000
-14.569000
-18.472000
-21.398001
-21.398001
-17.496000
-16.520000
-12.618000
-5.788600
-0.910570
6.894300
10.797000
5.918700
4.943100
2.016300
2.016300
2.991900
5.918700
3.967500
3.967500
3.967500
0.065040
-3.837400
-8.715400
-11.642000
-5.788600
-1.886200
1.040700
10.797000
12.748000
13.724000
14.699000
13.724000
11.772000
13.724000
11.772000
8.845500
4.943100
2.016300
-4.813000
-4.813000
-4.813000
-6.764200
-9.691100
-13.593000
-11.642000
-8.715400
-4.813000
-1.886200
-0.910570
4.943100
5.918700
3.967500
6.894300
2.016300
-0.910570
-3.837400
-7.739800
-6.764200
-7.739800
-6.764200
-3.837400
2.016300
6.894300
9.821100
12.748000
11.772000
8.845500
6.894300
3.967500
1.040700
-1.886200
-6.764200
-9.691100
-12.618000
-16.520000
-16.520000
-15.545000
-17.496000
-15.545000
-15.545000
-12.618000
-10.667000
-12.618000
-12.618000
-6.764200
-0.910570
4.943100
10.797000
15.675000
15.675000
12.748000
11.772000
9.821100
5.918700
5.918700
2.016300
2.016300
5.918700
3.967500
3.967500
0.065040
-2.861800
-0.910570
2.991900
5.918700
6.894300
13.724000
13.724000
16.650000
23.480000
25.431000
22.504000
23.480000
19.577000
15.675000
11.772000
5.918700
-2.861800
-12.618000
-24.325001
-31.153999
-32.130001
-30.179001
-27.252001
-24.325001
-15.545000
-4.813000
3.967500
4.943100
3.967500
3.967500
3.967500
1.040700
1.040700
-4.813000
-13.593000
-18.472000
-25.301001
-32.130001
-37.984001
-37.984001
-38.959000
-38.959000
-31.153999
-25.301001
-25.301001
-24.325001
-21.398001
-15.545000
-3.837400
8.845500
22.504000
33.236000
39.089001
40.064999
35.187000
31.285000
28.358000
25.431000
23.480000
20.552999
14.699000
6.894300
3.967500
1.040700
3.967500
10.797000
17.625999
22.504000
26.407000
23.480000
17.625999
13.724000
13.724000
13.724000
13.724000
20.552999
28.358000
24.455000
19.577000
19.577000
15.675000
9.821100
9.821100
6.894300
