-24.584999
-29.462999
-25.561001
-22.634001
-25.561001
-18.732000
-14.829000
-15.805000
-18.732000
-11.902000
-6.048800
-7.024400
-5.073200
-8.000000
-11.902000
-13.854000
-14.829000
-10.927000
-13.854000
-17.756001
-22.634001
-18.732000
-12.878000
-9.951200
-9.951200
-21.659000
-21.659000
-9.951200
-8.975600
2.731700
-3.122000
-5.073200
-2.146300
-2.146300
3.707300
13.463000
-1.170700
-11.902000
-7.024400
-2.146300
1.756100
7.609800
4.682900
-1.170700
-1.170700
-0.195120
-8.975600
-17.756001
-12.878000
-8.975600
-5.073200
-2.146300
-2.146300
-6.048800
-8.000000
0.780490
3.707300
6.634100
1.756100
-5.073200
-1.170700
7.609800
7.609800
3.707300
0.780490
-4.097600
-8.975600
-8.975600
-9.951200
-1.170700
-2.146300
0.780490
6.634100
16.389999
7.609800
6.634100
15.415000
13.463000
19.316999
21.268000
16.389999
17.365999
15.415000
16.389999
19.316999
17.365999
11.512000
18.341000
18.341000
15.415000
18.341000
14.439000
6.634100
-0.195120
-2.146300
-5.073200
-8.975600
-17.756001
-17.756001
-15.805000
-8.975600
-3.122000
-4.097600
-8.975600
-6.048800
-2.146300
-5.073200
3.707300
2.731700
-1.170700
0.780490
3.707300
6.634100
8.585400
0.780490
4.682900
4.682900
-3.122000
-13.854000
-17.756001
-15.805000
-16.780001
-23.610001
-22.634001
-8.000000
-11.902000
-14.829000
-3.122000
6.634100
11.512000
5.658500
6.634100
15.415000
18.341000
21.268000
21.268000
12.488000
-1.170700
-6.048800
-1.170700
3.707300
-3.122000
-5.073200
-11.902000
-13.854000
-4.097600
-24.584999
-29.462999
-18.732000
-18.732000
-13.854000
-14.829000
-15.805000
-8.975600
-8.000000
-7.024400
-3.122000
-2.146300
-3.122000
5.658500
15.415000
14.439000
1.756100
4.682900
11.512000
12.488000
8.585400
17.365999
14.439000
7.609800
6.634100
-3.122000
-1.170700
6.634100
9.561000
6.634100
3.707300
5.658500
10.537000
15.415000
7.609800
6.634100
8.585400
13.463000
10.537000
15.415000
21.268000
17.365999
8.585400
8.585400
9.561000
6.634100
0.780490
-2.146300
-6.048800
-9.951200
-3.122000
-3.122000
-12.878000
-11.902000
-8.975600
-12.878000
-4.097600
9.561000
5.658500
5.658500
1.756100
-0.195120
1.756100
2.731700
-5.073200
-10.927000
-7.024400
-6.048800
-2.146300
-9.951200
-18.732000
-32.389999
-27.511999
-19.707001
-18.732000
-8.975600
-12.878000
-11.902000
-8.975600
-4.097600
9.561000
14.439000
15.415000
16.389999
16.389999
8.585400
6.634100
0.780490
-3.122000
0.780490
-0.195120
1.756100
6.634100
-7.024400
-3.122000
4.682900
8.585400
10.537000
-0.195120
0.780490
7.609800
9.561000
15.415000
15.415000
5.658500
4.682900
14.439000
12.488000
6.634100
-2.146300
-5.073200
-5.073200
-0.195120
-8.975600
-18.732000
-19.707001
-12.878000
-10.927000
-10.927000
-1.170700
5.658500
9.561000
10.537000
14.439000
14.439000
16.389999
28.098000
18.341000
9.561000
8.585400
7.609800
12.488000
11.512000
-6.048800
-16.780001
-19.707001
-27.511999
-31.415001
-21.659000
-13.854000
-7.024400
-4.097600
12.488000
13.463000
14.439000
21.268000
16.389999
22.243999
21.268000
9.561000
9.561000
5.658500
-2.146300
0.780490
-8.000000
-10.927000
-7.024400
-3.122000
2.731700
9.561000
11.512000
7.609800
8.585400
12.488000
16.389999
19.316999
-1.170700
-9.951200
-8.000000
-17.756001
-24.584999
-25.561001
-24.584999
-30.438999
-30.438999
-24.584999
-23.610001
-16.780001
-17.756001
-12.878000
-0.195120
7.609800
8.585400
5.658500
7.609800
8.585400
8.585400
10.537000
6.634100
9.561000
-1.170700
-3.122000
-5.073200
-11.902000
-17.756001
-8.000000
-5.073200
-7.024400
0.780490
7.609800
9.561000
19.316999
16.389999
13.463000
15.415000
16.389999
-4.097600
-13.854000
-3.122000
-8.000000
-13.854000
-7.024400
-15.805000
-25.561001
-20.683001
-12.878000
-1.170700
13.463000
11.512000
15.415000
17.365999
22.243999
34.926998
25.171000
12.488000
13.463000
12.488000
7.609800
8.585400
-6.048800
-18.732000
-14.829000
-24.584999
-32.389999
-35.317001
-43.122002
-39.220001
-26.537001
-15.805000
-12.878000
-15.805000
-8.000000
1.756100
7.609800
14.439000
16.389999
25.171000
24.195000
20.292999
29.073000
29.073000
17.365999
8.585400
3.707300
2.731700
2.731700
3.707300
4.682900
5.658500
-5.073200
-8.000000
-4.097600
1.756100
2.731700
0.780490
10.537000
20.292999
25.171000
14.439000
9.561000
10.537000
3.707300
3.707300
7.609800
3.707300
1.756100
2.731700
-7.024400
-12.878000
-11.902000
-2.146300
6.634100
11.512000
16.389999
14.439000
15.415000
13.463000
8.585400
10.537000
3.707300
8.585400
10.537000
4.682900
-7.024400
-18.732000
-22.634001
-26.537001
-28.488001
-35.317001
-36.292999
-32.389999
-27.511999
-20.683001
-24.584999
-19.707001
-26.537001
-30.438999
-30.438999
-22.634001
-17.756001
-15.805000
-0.195120
2.731700
2.731700
3.707300
9.561000
10.537000
6.634100
8.585400
5.658500
2.731700
9.561000
22.243999
25.171000
20.292999
15.415000
12.488000
12.488000
12.488000
13.463000
26.146000
39.805000
35.902000
40.779999
47.610001
49.561001
39.805000
32.000000
28.098000
16.389999
3.707300
-9.951200
-24.584999
-36.292999
-35.317001
-28.488001
-21.659000
-17.756001
-21.659000
-17.756001
-8.000000
-8.975600
-11.902000
-9.951200
-6.048800
-16.780001
-15.805000
-7.024400
-19.707001
-19.707001
-12.878000
-0.195120
0.780490
-5.073200
-2.146300
2.731700
16.389999
15.415000
9.561000
12.488000
15.415000
26.146000
27.122000
20.292999
15.415000
9.561000
5.658500
7.609800
5.658500
2.731700
8.585400
6.634100
13.463000
11.512000
2.731700
-4.097600
-2.146300
0.780490
5.658500
8.585400
8.585400
2.731700
-8.000000
-8.975600
-5.073200
-6.048800
0.780490
-4.097600
-7.024400
4.682900
6.634100
8.585400
14.439000
25.171000
32.976002
24.195000
20.292999
21.268000
21.268000
23.219999
23.219999
23.219999
23.219999
15.415000
9.561000
14.439000
0.780490
-6.048800
-5.073200
-8.000000
-8.975600
-8.000000
-11.902000
-10.927000
-12.878000
-10.927000
-11.902000
-9.951200
-15.805000
-24.584999
-17.756001
-19.707001
-30.438999
-28.488001
-25.561001
-30.438999
-23.610001
-22.634001
-24.584999
-14.829000
-9.951200
-9.951200
-8.975600
-3.122000
-3.122000
0.780490
14.439000
0.780490
-6.048800
-1.170700
-2.146300
-0.195120
-5.073200
-5.073200
-14.829000
-24.584999
-26.537001
-17.756001
-19.707001
-17.756001
-2.146300
-7.024400
-4.097600
3.707300
3.707300
4.682900
10.537000
-0.195120
-3.122000
-6.048800
-8.975600
-5.073200
-3.122000
-8.975600
-8.975600
-2.146300
0.780490
7.609800
13.463000
2.731700
-4.097600
-2.146300
5.658500
15.415000
7.609800
9.561000
20.292999
25.171000
23.219999
21.268000
12.488000
7.609800
7.609800
6.634100
-4.097600
-11.902000
-8.000000
-18.732000
-25.561001
-22.634001
-32.389999
-32.389999
-25.561001
-22.634001
-21.659000
-12.878000
-5.073200
-2.146300
8.585400
16.389999
14.439000
20.292999
33.951000
21.268000
12.488000
12.488000
12.488000
10.537000
0.780490
3.707300
17.365999
12.488000
-2.146300
-1.170700
-0.195120
-0.195120
5.658500
7.609800
6.634100
14.439000
10.537000
-0.195120
-4.097600
-11.902000
-8.975600
-1.170700
-8.000000
-10.927000
-7.024400
2.731700
8.585400
7.609800
5.658500
0.780490
1.756100
3.707300
-0.195120
1.756100
4.682900
4.682900
4.682900
1.756100
-1.170700
-8.975600
-13.854000
-11.902000
-9.951200
-11.902000
2.731700
4.682900
0.780490
1.756100
8.585400
17.365999
36.877998
37.854000
28.098000
23.219999
20.292999
13.463000
11.512000
5.658500
-8.000000
-11.902000
-16.780001
-21.659000
-23.610001
-20.683001
-23.610001
-21.659000
-15.805000
-11.902000
-7.024400
-0.195120
3.707300
0.780490
2.731700
16.389999
20.292999
26.146000
32.000000
18.341000
3.707300
6.634100
9.561000
6.634100
5.658500
-12.878000
-27.511999
-24.584999
-28.488001
-27.511999
-21.659000
-20.683001
-22.634001
-14.829000
1.756100
5.658500
6.634100
17.365999
24.195000
25.171000
29.073000
26.146000
32.000000
35.902000
26.146000
15.415000
8.585400
1.756100
-4.097600
-8.975600
-28.488001
-42.146000
-43.122002
-40.195000
-44.098000
-43.122002
-27.511999
-22.634001
-26.537001
-22.634001
-8.975600
3.707300
15.415000
13.463000
11.512000
18.341000
28.098000
19.316999
14.439000
18.341000
25.171000
23.219999
19.316999
4.682900
-4.097600
-7.024400
-9.951200
-13.854000
-5.073200
-12.878000
-8.000000
-3.122000
-2.146300
3.707300
16.389999
28.098000
30.049000
29.073000
35.902000
37.854000
37.854000
24.195000
10.537000
13.463000
18.341000
5.658500
-8.000000
-11.902000
-14.829000
-6.048800
-15.805000
-18.732000
-14.829000
-14.829000
-12.878000
-15.805000
-14.829000
-7.024400
-8.000000
-10.927000
-13.854000
-13.854000
-7.024400
-4.097600
0.780490
0.780490
-5.073200
-3.122000
-0.195120
0.780490
-1.170700
0.780490
4.682900
-1.170700
-4.097600
11.512000
13.463000
19.316999
12.488000
1.756100
2.731700
1.756100
-7.024400
-8.975600
-14.829000
-19.707001
-16.780001
-2.146300
2.731700
9.561000
14.439000
13.463000
0.780490
-10.927000
-8.975600
-7.024400
-5.073200
-11.902000
-4.097600
-3.122000
3.707300
0.780490
-8.000000
-9.951200
-0.195120
-0.195120
1.756100
-1.170700
-2.146300
1.756100
11.512000
20.292999
20.292999
16.389999
14.439000
13.463000
13.463000
13.463000
18.341000
3.707300
2.731700
4.682900
7.609800
8.585400
-8.975600
-16.780001
-9.951200
-16.780001
-16.780001
-5.073200
-0.195120
-6.048800
4.682900
14.439000
18.341000
14.439000
10.537000
12.488000
10.537000
15.415000
-1.170700
-7.024400
-9.951200
-19.707001
-22.634001
-25.561001
-20.683001
-20.683001
-26.537001
-19.707001
-13.854000
-9.951200
-8.975600
-21.659000
-23.610001
-23.610001
-13.854000
0.780490
8.585400
14.439000
8.585400
-0.195120
2.731700
9.561000
5.658500
6.634100
2.731700
8.585400
14.439000
15.415000
20.292999
18.341000
9.561000
13.463000
11.512000
13.463000
6.634100
2.731700
-5.073200
-3.122000
-1.170700
2.731700
-5.073200
-7.024400
-13.854000
-9.951200
-4.097600
-16.780001
-24.584999
-23.610001
-29.462999
-30.438999
-26.537001
-18.732000
-19.707001
-20.683001
-13.854000
-6.048800
3.707300
-3.122000
-5.073200
3.707300
2.731700
-3.122000
6.634100
2.731700
-4.097600
3.707300
12.488000
15.415000
9.561000
1.756100
-4.097600
-8.000000
-2.146300
-4.097600
-13.854000
-16.780001
-16.780001
-12.878000
2.731700
7.609800
12.488000
25.171000
29.073000
25.171000
21.268000
19.316999
11.512000
8.585400
13.463000
10.537000
-0.195120
-12.878000
-14.829000
-7.024400
-4.097600
-4.097600
-0.195120
9.561000
13.463000
15.415000
12.488000
0.780490
1.756100
4.682900
10.537000
16.389999
25.171000
23.219999
17.365999
22.243999
20.292999
21.268000
31.024000
26.146000
