-27.249001
-31.132999
-35.015999
-30.162001
-33.074001
-29.191000
-24.337000
-16.570000
-14.628000
-11.715000
-6.860800
-12.686000
-14.628000
-8.802600
-2.006500
-2.977300
-5.890000
-11.715000
-9.773500
-2.977300
-5.890000
-7.831700
-2.977300
-6.860800
-10.744000
-2.977300
-2.977300
-6.860800
-6.860800
-14.628000
-1.035600
5.760500
-2.006500
-2.977300
-0.064720
-4.919100
-5.890000
1.877000
5.760500
4.789600
-2.006500
0.906150
4.789600
3.818800
-2.006500
-19.482000
-11.715000
2.847900
-2.006500
-4.919100
0.906150
-1.035600
-2.977300
2.847900
4.789600
-4.919100
-0.064720
5.760500
10.615000
12.557000
13.528000
7.702300
4.789600
4.789600
-4.919100
-3.948200
-0.064720
-2.977300
-2.977300
-8.802600
1.877000
5.760500
2.847900
-4.919100
5.760500
17.410999
11.586000
15.469000
11.586000
15.469000
13.528000
3.818800
10.615000
14.498000
10.615000
10.615000
13.528000
14.498000
9.644000
3.818800
5.760500
4.789600
6.731400
4.789600
0.906150
-2.006500
-15.599000
-11.715000
-9.773500
-8.802600
-7.831700
-11.715000
-7.831700
-1.035600
-2.006500
-6.860800
-4.919100
-7.831700
6.731400
10.615000
3.818800
1.877000
-2.006500
2.847900
6.731400
0.906150
-3.948200
-7.831700
-4.919100
-2.006500
-7.831700
-12.686000
-9.773500
-10.744000
-18.511000
-11.715000
-1.035600
0.906150
3.818800
-1.035600
4.789600
8.673100
5.760500
9.644000
5.760500
3.818800
10.615000
2.847900
-5.890000
-6.860800
-16.570000
-13.657000
-14.628000
-17.540001
-15.599000
-30.162001
-25.306999
-20.452999
-29.191000
-26.278000
-19.482000
-14.628000
-9.773500
-10.744000
-12.686000
-12.686000
-16.570000
-4.919100
8.673100
9.644000
6.731400
1.877000
14.498000
17.410999
17.410999
23.236000
19.353001
10.615000
17.410999
20.323999
9.644000
6.731400
8.673100
5.760500
4.789600
11.586000
15.469000
12.557000
11.586000
9.644000
15.469000
23.236000
25.177999
21.294001
23.236000
21.294001
20.323999
24.207001
22.264999
14.498000
10.615000
6.731400
-0.064720
-0.064720
3.818800
0.906150
-17.540001
-7.831700
-4.919100
-8.802600
-7.831700
-12.686000
-12.686000
-8.802600
-7.831700
-5.890000
-8.802600
-10.744000
-15.599000
-13.657000
-3.948200
-1.035600
-2.006500
-1.035600
-13.657000
-10.744000
-2.006500
-4.919100
-7.831700
-12.686000
-13.657000
-23.365999
-6.860800
2.847900
-1.035600
4.789600
0.906150
12.557000
21.294001
18.382000
3.818800
13.528000
15.469000
2.847900
3.818800
4.789600
4.789600
-1.035600
-4.919100
2.847900
4.789600
-2.977300
-7.831700
-2.006500
1.877000
-0.064720
-0.064720
-3.948200
-5.890000
-1.035600
9.644000
10.615000
6.731400
6.731400
-4.919100
1.877000
4.789600
0.906150
-11.715000
-15.599000
-16.570000
-11.715000
-12.686000
-12.686000
-10.744000
-11.715000
-12.686000
-10.744000
3.818800
16.440001
18.382000
16.440001
7.702300
15.469000
18.382000
13.528000
14.498000
1.877000
-3.948200
1.877000
-5.890000
-16.570000
-20.452999
-15.599000
-12.686000
-17.540001
-8.802600
5.760500
5.760500
15.469000
26.149000
20.323999
21.294001
14.498000
18.382000
18.382000
5.760500
2.847900
2.847900
-13.657000
-6.860800
-2.977300
-5.890000
-1.035600
1.877000
-2.977300
2.847900
13.528000
11.586000
10.615000
10.615000
0.906150
5.760500
5.760500
-9.773500
-13.657000
-17.540001
-23.365999
-17.540001
-20.452999
-21.424000
-21.424000
-24.337000
-20.452999
-9.773500
3.818800
6.731400
9.644000
7.702300
-3.948200
1.877000
1.877000
1.877000
11.586000
9.644000
-5.890000
-2.977300
-2.977300
-5.890000
-10.744000
-12.686000
-17.540001
-16.570000
-2.977300
4.789600
0.906150
-0.064720
-2.006500
11.586000
12.557000
4.789600
5.760500
12.557000
3.818800
-2.006500
-9.773500
-12.686000
-20.452999
-16.570000
-11.715000
-9.773500
-9.773500
-3.948200
-2.977300
10.615000
19.353001
16.440001
10.615000
6.731400
19.353001
23.236000
13.528000
8.673100
10.615000
5.760500
5.760500
0.906150
-16.570000
-15.599000
-22.395000
-21.424000
-24.337000
-29.191000
-22.395000
-25.306999
-20.452999
-3.948200
4.789600
6.731400
9.644000
12.557000
26.149000
27.120001
21.294001
23.236000
20.323999
21.294001
17.410999
4.789600
0.906150
-2.977300
-3.948200
-7.831700
-11.715000
-6.860800
2.847900
5.760500
4.789600
0.906150
7.702300
9.644000
9.644000
13.528000
9.644000
20.323999
21.294001
8.673100
4.789600
0.906150
2.847900
13.528000
10.615000
5.760500
3.818800
-3.948200
2.847900
6.731400
3.818800
0.906150
-2.006500
-12.686000
-9.773500
2.847900
1.877000
-6.860800
-5.890000
-4.919100
-2.977300
-10.744000
-6.860800
-7.831700
-20.452999
-17.540001
-17.540001
-17.540001
-24.337000
-29.191000
-24.337000
-32.104000
-35.015999
-37.929001
-32.104000
-29.191000
-29.191000
-22.395000
-26.278000
-22.395000
-23.365999
-7.831700
1.877000
7.702300
8.673100
11.586000
12.557000
8.673100
14.498000
19.353001
19.353001
21.294001
22.264999
20.323999
22.264999
24.207001
14.498000
21.294001
34.887001
37.799000
37.799000
42.653999
42.653999
40.712002
39.741001
49.450001
43.625000
24.207001
8.673100
-9.773500
-32.104000
-34.044998
-21.424000
-15.599000
-16.570000
-6.860800
-3.948200
-0.064720
1.877000
-2.006500
-4.919100
-3.948200
-2.977300
-7.831700
-6.860800
-6.860800
-16.570000
-12.686000
-10.744000
-15.599000
-22.395000
-16.570000
-14.628000
-9.773500
-4.919100
-10.744000
-2.977300
7.702300
15.469000
17.410999
19.353001
25.177999
19.353001
13.528000
6.731400
-6.860800
-18.511000
-6.860800
-0.064720
-11.715000
-12.686000
-15.599000
-15.599000
-5.890000
5.760500
7.702300
11.586000
16.440001
23.236000
14.498000
15.469000
15.469000
13.528000
15.469000
9.644000
-0.064720
3.818800
4.789600
-3.948200
4.789600
12.557000
11.586000
16.440001
14.498000
20.323999
28.091000
31.974001
27.120001
22.264999
27.120001
28.091000
26.149000
21.294001
14.498000
2.847900
4.789600
11.586000
7.702300
0.906150
-1.035600
-2.977300
-5.890000
-8.802600
-5.890000
-7.831700
-11.715000
-19.482000
-20.452999
-21.424000
-26.278000
-33.074001
-41.812000
-50.549999
-42.783001
-22.395000
-15.599000
-13.657000
-10.744000
-12.686000
-8.802600
-1.035600
-2.977300
-13.657000
-6.860800
-3.948200
-15.599000
-7.831700
-5.890000
-12.686000
-8.802600
-4.919100
-2.006500
-11.715000
-6.860800
-5.890000
-14.628000
-20.452999
-16.570000
-10.744000
-16.570000
-6.860800
4.789600
1.877000
-2.006500
-7.831700
-18.511000
-11.715000
-10.744000
-8.802600
-3.948200
-6.860800
-2.977300
11.586000
13.528000
8.673100
9.644000
11.586000
8.673100
6.731400
7.702300
3.818800
1.877000
-2.006500
6.731400
9.644000
7.702300
11.586000
12.557000
9.644000
16.440001
13.528000
-2.006500
-1.035600
-0.064720
-5.890000
-10.744000
-8.802600
-11.715000
-21.424000
-22.395000
-25.306999
-33.074001
-23.365999
-8.802600
-5.890000
-14.628000
-2.977300
5.760500
6.731400
16.440001
29.061001
26.149000
29.061001
25.177999
21.294001
21.294001
19.353001
19.353001
14.498000
-1.035600
-2.977300
5.760500
-6.860800
-0.064720
11.586000
6.731400
6.731400
8.673100
-2.977300
-4.919100
6.731400
1.877000
-3.948200
-2.977300
-11.715000
-5.890000
-2.006500
-2.977300
-7.831700
0.906150
10.615000
3.818800
3.818800
-0.064720
-6.860800
-2.006500
-3.948200
-1.035600
7.702300
6.731400
-1.035600
-3.948200
-6.860800
-1.035600
2.847900
-2.006500
-1.035600
-13.657000
2.847900
11.586000
1.877000
7.702300
17.410999
5.760500
23.236000
30.032000
18.382000
9.644000
3.818800
-5.890000
-5.890000
-4.919100
-16.570000
-16.570000
-12.686000
-15.599000
-20.452999
-10.744000
-5.890000
-14.628000
-9.773500
-1.035600
-2.977300
0.906150
5.760500
5.760500
3.818800
7.702300
4.789600
5.760500
10.615000
12.557000
7.702300
8.673100
7.702300
3.818800
-3.948200
-2.977300
-7.831700
-12.686000
-11.715000
-8.802600
-9.773500
-3.948200
-2.977300
-8.802600
-2.977300
-2.006500
-8.802600
5.760500
24.207001
23.236000
20.323999
13.528000
12.557000
25.177999
19.353001
9.644000
2.847900
-6.860800
-18.511000
-17.540001
-20.452999
-24.337000
-25.306999
-22.395000
-25.306999
-32.104000
-25.306999
-19.482000
-16.570000
-10.744000
-8.802600
-3.948200
14.498000
19.353001
13.528000
13.528000
17.410999
22.264999
13.528000
15.469000
23.236000
13.528000
11.586000
8.673100
-2.006500
-11.715000
-7.831700
-9.773500
5.760500
5.760500
8.673100
14.498000
14.498000
19.353001
22.264999
25.177999
31.003000
28.091000
24.207001
12.557000
18.382000
14.498000
2.847900
5.760500
1.877000
-0.064720
0.906150
-3.948200
-15.599000
-13.657000
-7.831700
-17.540001
-13.657000
-9.773500
-8.802600
-8.802600
-6.860800
-17.540001
-25.306999
-16.570000
-13.657000
-11.715000
-7.831700
-9.773500
-2.977300
4.789600
-1.035600
2.847900
5.760500
1.877000
-6.860800
3.818800
15.469000
20.323999
19.353001
19.353001
3.818800
12.557000
15.469000
8.673100
-0.064720
-7.831700
-15.599000
-17.540001
-10.744000
-5.890000
-8.802600
-0.064720
2.847900
-0.064720
-2.006500
-1.035600
-3.948200
-17.540001
-10.744000
-3.948200
2.847900
0.906150
-2.977300
-7.831700
-2.977300
3.818800
-2.977300
-5.890000
-1.035600
-8.802600
-5.890000
-1.035600
-2.006500
7.702300
12.557000
19.353001
29.061001
27.120001
23.236000
15.469000
17.410999
-1.035600
6.731400
15.469000
9.644000
-1.035600
-5.890000
-6.860800
-8.802600
-24.337000
-16.570000
-6.860800
-3.948200
6.731400
17.410999
14.498000
15.469000
15.469000
26.149000
25.177999
15.469000
15.469000
-1.035600
1.877000
-2.006500
-16.570000
-18.511000
-19.482000
-29.191000
-32.104000
-25.306999
-21.424000
-17.540001
-14.628000
-14.628000
-14.628000
0.906150
2.847900
-3.948200
-1.035600
-0.064720
1.877000
7.702300
11.586000
7.702300
1.877000
0.906150
10.615000
17.410999
4.789600
1.877000
4.789600
3.818800
15.469000
19.353001
11.586000
5.760500
3.818800
-4.919100
-0.064720
-1.035600
-2.977300
-3.948200
-1.035600
-10.744000
-5.890000
-4.919100
-15.599000
-21.424000
-18.511000
-4.919100
-2.006500
-4.919100
-7.831700
-12.686000
-12.686000
-19.482000
-11.715000
-6.860800
-7.831700
-2.977300
-5.890000
-1.035600
0.906150
-7.831700
-7.831700
-3.948200
-7.831700
2.847900
17.410999
21.294001
22.264999
11.586000
10.615000
20.323999
16.440001
9.644000
3.818800
-0.064720
-5.890000
-12.686000
-7.831700
-10.744000
-22.395000
-13.657000
-8.802600
-10.744000
-11.715000
3.818800
11.586000
11.586000
13.528000
10.615000
1.877000
-2.977300
3.818800
2.847900
1.877000
-5.890000
-3.948200
5.760500
8.673100
-3.948200
0.906150
1.877000
-5.890000
-5.890000
-7.831700
-16.570000
-20.452999
-11.715000
-9.773500
-3.948200
-1.035600
-7.831700
0.906150
-1.035600
1.877000
18.382000
