18.983999
10.413000
4.698400
4.698400
4.698400
10.413000
11.365000
8.507900
5.650800
2.793700
-0.063490
-0.063490
0.888890
1.841300
9.460300
11.365000
9.460300
10.413000
6.603200
3.746000
-1.968300
-6.730200
-7.682500
-7.682500
0.888890
11.365000
17.079000
19.937000
22.794001
24.698000
22.794001
24.698000
24.698000
24.698000
25.650999
25.650999
16.127001
9.460300
9.460300
1.841300
-9.587300
-16.254000
-26.730000
-32.444000
-35.301998
-24.825001
-11.492000
-0.063490
9.460300
16.127001
17.079000
13.270000
9.460300
2.793700
-2.920600
-9.587300
-13.397000
-18.159000
-26.730000
-33.396999
-41.967999
-37.206001
-21.968000
-7.682500
4.698400
10.413000
15.175000
16.127001
13.270000
10.413000
9.460300
7.555600
2.793700
2.793700
-4.825400
-9.587300
-10.540000
-12.444000
-10.540000
-13.397000
-21.968000
-21.968000
-13.397000
-5.777800
1.841300
11.365000
18.032000
25.650999
23.746000
20.889000
23.746000
13.270000
0.888890
-10.540000
-21.016001
-25.778000
-22.921000
-23.872999
-20.063000
-13.397000
-7.682500
-7.682500
-4.825400
-0.063490
6.603200
10.413000
13.270000
18.032000
18.032000
11.365000
2.793700
-2.920600
-13.397000
-17.205999
-16.254000
-13.397000
-7.682500
-3.873000
-2.920600
1.841300
2.793700
-0.063490
3.746000
6.603200
3.746000
-0.063490
-1.968300
0.888890
-0.063490
-4.825400
-11.492000
-13.397000
-12.444000
-9.587300
-2.920600
4.698400
9.460300
11.365000
18.983999
22.794001
20.889000
16.127001
14.222000
11.365000
10.413000
6.603200
3.746000
9.460300
14.222000
16.127001
17.079000
13.270000
8.507900
7.555600
11.365000
17.079000
18.032000
22.794001
24.698000
23.746000
21.841000
11.365000
4.698400
0.888890
-5.777800
-13.397000
-19.111000
-21.016001
-22.921000
-24.825001
-25.778000
-18.159000
-4.825400
6.603200
11.365000
15.175000
12.317000
13.270000
10.413000
5.650800
3.746000
4.698400
0.888890
-3.873000
-6.730200
-10.540000
-13.397000
-19.111000
-16.254000
-7.682500
3.746000
13.270000
12.317000
12.317000
12.317000
5.650800
-1.015900
0.888890
-4.825400
-9.587300
-6.730200
-10.540000
-16.254000
-15.302000
-17.205999
-17.205999
-8.634900
-1.015900
1.841300
5.650800
8.507900
6.603200
8.507900
3.746000
0.888890
-1.968300
-5.777800
-10.540000
-11.492000
-18.159000
-24.825001
-26.730000
-25.778000
-24.825001
-20.063000
-10.540000
-3.873000
-1.968300
-0.063490
-1.015900
-5.777800
-4.825400
-5.777800
-6.730200
-1.015900
-0.063490
-3.873000
-7.682500
-7.682500
-9.587300
-4.825400
-1.015900
3.746000
13.270000
14.222000
10.413000
8.507900
7.555600
6.603200
3.746000
-0.063490
-1.015900
-0.063490
0.888890
-1.015900
0.888890
6.603200
10.413000
16.127001
17.079000
17.079000
18.983999
18.032000
14.222000
11.365000
12.317000
10.413000
4.698400
-1.015900
-5.777800
-9.587300
-15.302000
-15.302000
-12.444000
-10.540000
-2.920600
5.650800
12.317000
15.175000
17.079000
21.841000
22.794001
22.794001
22.794001
21.841000
15.175000
6.603200
-0.063490
-10.540000
-19.111000
-25.778000
-29.587000
-30.540001
-25.778000
-21.016001
-13.397000
-0.063490
12.317000
20.889000
18.983999
18.983999
19.937000
19.937000
18.983999
18.983999
12.317000
4.698400
-5.777800
-15.302000
-20.063000
-20.063000
-24.825001
-27.683001
-21.968000
-18.159000
-15.302000
-10.540000
-3.873000
8.507900
13.270000
16.127001
17.079000
14.222000
13.270000
11.365000
9.460300
8.507900
7.555600
2.793700
-7.682500
-16.254000
-16.254000
-14.349000
-14.349000
-12.444000
-7.682500
-1.015900
5.650800
12.317000
15.175000
16.127001
18.032000
16.127001
9.460300
4.698400
-5.777800
-10.540000
-14.349000
-21.968000
-26.730000
-27.683001
-27.683001
-25.778000
-20.063000
-8.634900
-2.920600
6.603200
14.222000
16.127001
16.127001
14.222000
10.413000
8.507900
0.888890
-7.682500
-15.302000
-18.159000
-19.111000
-14.349000
-8.634900
-7.682500
-6.730200
-1.968300
2.793700
8.507900
9.460300
8.507900
7.555600
7.555600
5.650800
7.555600
9.460300
10.413000
9.460300
8.507900
11.365000
18.983999
21.841000
19.937000
20.889000
21.841000
20.889000
15.175000
10.413000
4.698400
-4.825400
-12.444000
-14.349000
-14.349000
-11.492000
-9.587300
-1.968300
7.555600
15.175000
22.794001
25.650999
24.698000
24.698000
22.794001
20.889000
12.317000
3.746000
0.888890
-1.968300
-6.730200
-12.444000
-17.205999
-19.111000
-17.205999
-9.587300
-5.777800
-8.634900
-12.444000
-13.397000
-14.349000
-12.444000
-6.730200
-3.873000
-4.825400
-5.777800
-7.682500
-9.587300
-11.492000
-12.444000
-9.587300
-5.777800
1.841300
4.698400
3.746000
4.698400
3.746000
5.650800
8.507900
9.460300
6.603200
2.793700
0.888890
2.793700
-2.920600
-1.015900
5.650800
5.650800
1.841300
-2.920600
-3.873000
-4.825400
-4.825400
-5.777800
-4.825400
-6.730200
-5.777800
-2.920600
-0.063490
-0.063490
-6.730200
-6.730200
-9.587300
-11.492000
-9.587300
-9.587300
-13.397000
-10.540000
-3.873000
2.793700
6.603200
9.460300
7.555600
3.746000
2.793700
6.603200
7.555600
6.603200
-0.063490
-7.682500
-9.587300
-9.587300
-10.540000
-13.397000
-13.397000
-9.587300
-7.682500
-3.873000
1.841300
6.603200
9.460300
13.270000
14.222000
11.365000
8.507900
5.650800
-0.063490
-10.540000
-11.492000
-11.492000
-11.492000
-10.540000
-8.634900
-5.777800
-0.063490
6.603200
12.317000
14.222000
16.127001
18.032000
11.365000
2.793700
-5.777800
-10.540000
-15.302000
-17.205999
-14.349000
-8.634900
-1.015900
6.603200
9.460300
13.270000
18.983999
23.746000
27.556000
20.889000
12.317000
9.460300
3.746000
1.841300
6.603200
1.841300
-3.873000
-2.920600
-4.825400
-2.920600
1.841300
3.746000
3.746000
-1.015900
-0.063490
-1.015900
-5.777800
-6.730200
-13.397000
-20.063000
-23.872999
-28.635000
-31.492001
-33.396999
-33.396999
-27.683001
-15.302000
-8.634900
-7.682500
-3.873000
-0.063490
4.698400
2.793700
2.793700
4.698400
2.793700
0.888890
-1.015900
-1.968300
2.793700
3.746000
-0.063490
-1.968300
-2.920600
0.888890
6.603200
10.413000
13.270000
12.317000
12.317000
9.460300
6.603200
6.603200
3.746000
0.888890
-2.920600
-1.015900
5.650800
7.555600
7.555600
11.365000
16.127001
18.032000
17.079000
18.983999
18.983999
15.175000
10.413000
5.650800
3.746000
4.698400
9.460300
16.127001
21.841000
24.698000
30.413000
38.032001
36.126999
36.126999
32.317001
29.459999
28.507999
24.698000
23.746000
21.841000
14.222000
5.650800
1.841300
-1.968300
-3.873000
-5.777800
-4.825400
-6.730200
-9.587300
-13.397000
-20.063000
-18.159000
-19.111000
-18.159000
-15.302000
-16.254000
-12.444000
-13.397000
-17.205999
-21.016001
-23.872999
-27.683001
-21.968000
-21.968000
-21.968000
-22.921000
-25.778000
-23.872999
-18.159000
-10.540000
-5.777800
-1.968300
-1.015900
-2.920600
0.888890
4.698400
1.841300
-8.634900
-11.492000
-11.492000
-9.587300
-9.587300
-6.730200
0.888890
-2.920600
-3.873000
-2.920600
-2.920600
-5.777800
-11.492000
-13.397000
-12.444000
-10.540000
-6.730200
-9.587300
-8.634900
-4.825400
-7.682500
-8.634900
-6.730200
-4.825400
-1.015900
3.746000
6.603200
6.603200
9.460300
14.222000
17.079000
18.983999
18.032000
17.079000
13.270000
7.555600
1.841300
2.793700
9.460300
10.413000
8.507900
11.365000
12.317000
11.365000
8.507900
3.746000
0.888890
-4.825400
-8.634900
-12.444000
-13.397000
-8.634900
-2.920600
5.650800
9.460300
9.460300
10.413000
12.317000
19.937000
24.698000
18.983999
16.127001
17.079000
16.127001
11.365000
12.317000
14.222000
9.460300
5.650800
5.650800
5.650800
3.746000
-2.920600
-8.634900
-9.587300
-11.492000
-9.587300
-5.777800
0.888890
2.793700
3.746000
9.460300
13.270000
13.270000
16.127001
12.317000
5.650800
0.888890
-0.063490
-8.634900
-18.159000
-25.778000
-28.635000
-32.444000
-29.587000
-21.968000
-10.540000
-5.777800
-4.825400
1.841300
10.413000
17.079000
16.127001
18.032000
24.698000
23.746000
12.317000
-1.015900
-8.634900
-12.444000
-11.492000
-10.540000
-13.397000
-12.444000
-7.682500
-3.873000
-3.873000
-1.015900
1.841300
0.888890
-4.825400
-11.492000
-11.492000
-11.492000
-11.492000
-7.682500
-2.920600
3.746000
4.698400
4.698400
4.698400
7.555600
9.460300
11.365000
15.175000
17.079000
19.937000
20.889000
17.079000
11.365000
6.603200
1.841300
-5.777800
-6.730200
-4.825400
-2.920600
-2.920600
-5.777800
-7.682500
-7.682500
-7.682500
-9.587300
-16.254000
-21.016001
-30.540001
-38.159000
-39.111000
-38.159000
-32.444000
-21.016001
-7.682500
-0.063490
0.888890
4.698400
7.555600
7.555600
2.793700
-1.015900
-3.873000
-6.730200
-8.634900
-12.444000
-8.634900
0.888890
7.555600
13.270000
20.889000
28.507999
32.317001
27.556000
21.841000
18.032000
14.222000
6.603200
-1.968300
-11.492000
-14.349000
-19.111000
-20.063000
-21.016001
-21.968000
-21.016001
-19.111000
-16.254000
-5.777800
4.698400
16.127001
24.698000
29.459999
35.174999
37.078999
37.078999
29.459999
18.032000
3.746000
-6.730200
-11.492000
-12.444000
-3.873000
-0.063490
6.603200
21.841000
29.459999
36.126999
42.793999
43.745998
43.745998
42.793999
36.126999
24.698000
19.937000
13.270000
1.841300
-14.349000
-23.872999
-28.635000
-31.492001
-38.159000
-42.921001
-41.015999
-38.159000
-33.396999
-25.778000
-19.111000
-14.349000
-7.682500
-1.968300
-0.063490
0.888890
3.746000
-1.015900
-2.920600
-8.634900
-16.254000
-19.111000
-24.825001
-23.872999
-21.016001
-19.111000
-20.063000
-20.063000
-13.397000
-15.302000
-18.159000
-14.349000
-12.444000
-13.397000
-13.397000
-14.349000
-8.634900
-4.825400
-5.777800
-3.873000
-5.777800
-6.730200
-1.968300
0.888890
7.555600
16.127001
18.983999
17.079000
16.127001
20.889000
25.650999
27.556000
28.507999
26.603001
26.603001
27.556000
25.650999
20.889000
24.698000
16.127001
6.603200
3.746000
-1.015900
-1.968300
-6.730200
-9.587300
-6.730200
3.746000
8.507900
12.317000
20.889000
21.841000
27.556000
34.222000
35.174999
39.937000
40.889000
30.413000
24.698000
20.889000
16.127001
9.460300
3.746000
-4.825400
-8.634900
-7.682500
-9.587300
-8.634900
-8.634900
-2.920600
3.746000
4.698400
1.841300
-0.063490
-1.968300
-4.825400
-10.540000
-11.492000
-13.397000
-16.254000
-13.397000
-14.349000
-15.302000
-14.349000
-9.587300
-5.777800
-4.825400
0.888890
0.888890
-2.920600
-7.682500
-10.540000
-11.492000
-13.397000
-13.397000
-12.444000
-10.540000
-6.730200
-1.968300
-1.015900
2.793700
4.698400
3.746000
7.555600
10.413000
9.460300
8.507900
10.413000
8.507900
8.507900
8.507900
10.413000
8.507900
3.746000
-1.015900
-3.873000
-6.730200
-4.825400
-8.634900
-12.444000
-4.825400
2.793700
1.841300
0.888890
-0.063490
-4.825400
-9.587300
-14.349000
-22.921000
