0.063490
-8.507900
-16.127001
-18.032000
-21.841000
-21.841000
-18.032000
-16.127001
-15.175000
-13.270000
-10.413000
-6.603200
-0.888890
1.015900
5.777800
8.634900
7.682500
7.682500
6.730200
5.777800
2.920600
-0.888890
-4.698400
-9.460300
-10.413000
-10.413000
-8.507900
-3.746000
1.015900
7.682500
10.540000
12.444000
14.349000
16.254000
18.159000
19.111000
11.492000
6.730200
5.777800
4.825400
1.015900
0.063490
-5.650800
-13.270000
-19.937000
-21.841000
-19.937000
-16.127001
-11.365000
-7.555600
-6.603200
-8.507900
-10.413000
-11.365000
-9.460300
-8.507900
-4.698400
-3.746000
-4.698400
-1.841300
1.015900
2.920600
2.920600
-1.841300
-9.460300
-15.175000
-15.175000
-13.270000
-11.365000
-7.555600
-3.746000
-0.888890
2.920600
6.730200
6.730200
10.540000
13.397000
14.349000
16.254000
16.254000
9.587300
7.682500
11.492000
16.254000
20.063000
21.968000
24.825001
31.492001
30.540001
26.730000
24.825001
16.254000
2.920600
-8.507900
-17.079000
-23.746000
-26.603001
-25.650999
-22.794001
-18.983999
-14.222000
-8.507900
-4.698400
-1.841300
2.920600
5.777800
9.587300
15.302000
15.302000
10.540000
7.682500
6.730200
2.920600
-0.888890
-6.603200
-10.413000
-16.127001
-24.698000
-28.507999
-24.698000
-21.841000
-19.937000
-17.079000
-14.222000
-12.317000
-13.270000
-14.222000
-9.460300
-4.698400
-2.793700
-3.746000
-2.793700
-1.841300
0.063490
2.920600
2.920600
0.063490
-1.841300
1.968300
5.777800
3.873000
2.920600
4.825400
2.920600
2.920600
3.873000
-0.888890
1.968300
6.730200
9.587300
9.587300
5.777800
4.825400
5.777800
6.730200
9.587300
14.349000
24.825001
28.635000
28.635000
27.683001
20.063000
15.302000
14.349000
14.349000
9.587300
2.920600
-1.841300
-4.698400
-11.365000
-17.079000
-16.127001
-10.413000
-4.698400
1.015900
5.777800
3.873000
1.968300
0.063490
-0.888890
1.015900
5.777800
7.682500
12.444000
15.302000
17.205999
21.016001
20.063000
17.205999
12.444000
8.634900
2.920600
-8.507900
-13.270000
-13.270000
-18.032000
-20.889000
-15.175000
-17.079000
-10.413000
-2.793700
-3.746000
-3.746000
2.920600
5.777800
6.730200
7.682500
6.730200
4.825400
2.920600
-0.888890
-2.793700
0.063490
-1.841300
-6.603200
-12.317000
-17.079000
-24.698000
-27.556000
-32.317001
-38.032001
-40.889000
-40.889000
-39.937000
-32.317001
-22.794001
-10.413000
0.063490
6.730200
8.634900
7.682500
8.634900
9.587300
9.587300
14.349000
18.159000
18.159000
16.254000
18.159000
15.302000
16.254000
14.349000
10.540000
10.540000
5.777800
1.015900
-1.841300
-2.793700
-0.888890
2.920600
5.777800
8.634900
12.444000
15.302000
13.397000
12.444000
13.397000
12.444000
11.492000
4.825400
-2.793700
-3.746000
-5.650800
-10.413000
-12.317000
-12.317000
-11.365000
-9.460300
-4.698400
1.015900
2.920600
1.015900
2.920600
4.825400
4.825400
5.777800
6.730200
7.682500
7.682500
5.777800
5.777800
4.825400
1.968300
2.920600
3.873000
4.825400
5.777800
7.682500
8.634900
6.730200
6.730200
6.730200
7.682500
10.540000
10.540000
7.682500
7.682500
7.682500
6.730200
2.920600
0.063490
0.063490
0.063490
1.968300
4.825400
2.920600
-0.888890
-2.793700
-3.746000
-4.698400
-1.841300
-1.841300
-3.746000
-1.841300
-3.746000
-6.603200
-9.460300
-13.270000
-10.413000
-12.317000
-13.270000
-14.222000
-18.032000
-18.032000
-18.983999
-15.175000
-9.460300
-4.698400
-1.841300
-2.793700
-0.888890
3.873000
9.587300
13.397000
11.492000
9.587300
7.682500
7.682500
6.730200
2.920600
-0.888890
0.063490
-2.793700
-8.507900
-12.317000
-16.127001
-16.127001
-11.365000
-7.555600
-9.460300
-9.460300
-8.507900
-12.317000
-13.270000
-10.413000
-12.317000
-12.317000
-9.460300
-11.365000
-15.175000
-15.175000
-13.270000
-7.555600
-3.746000
-1.841300
2.920600
5.777800
10.540000
17.205999
22.921000
21.016001
18.159000
15.302000
13.397000
10.540000
2.920600
-3.746000
-9.460300
-15.175000
-19.937000
-15.175000
-9.460300
0.063490
4.825400
8.634900
12.444000
15.302000
19.111000
19.111000
21.016001
20.063000
21.016001
20.063000
15.302000
10.540000
8.634900
5.777800
2.920600
0.063490
1.015900
4.825400
11.492000
16.254000
16.254000
20.063000
22.921000
22.921000
23.872999
24.825001
25.778000
23.872999
21.968000
23.872999
22.921000
15.302000
3.873000
-8.507900
-20.889000
-26.603001
-27.556000
-27.556000
-29.459999
-31.365000
-34.222000
-34.222000
-29.459999
-19.937000
-12.317000
-8.507900
-6.603200
-5.650800
-3.746000
-0.888890
1.015900
3.873000
4.825400
5.777800
3.873000
-0.888890
-2.793700
-4.698400
-5.650800
-2.793700
-2.793700
-5.650800
-6.603200
-6.603200
-4.698400
-4.698400
-4.698400
-1.841300
-0.888890
-0.888890
-3.746000
-5.650800
-6.603200
-4.698400
-2.793700
0.063490
1.015900
1.968300
3.873000
3.873000
-0.888890
-10.413000
-15.175000
-18.032000
-17.079000
-12.317000
-9.460300
-12.317000
-11.365000
-5.650800
-1.841300
2.920600
7.682500
12.444000
15.302000
18.159000
22.921000
26.730000
30.540001
24.825001
20.063000
15.302000
6.730200
-1.841300
-12.317000
-21.841000
-27.556000
-28.507999
-23.746000
-17.079000
-12.317000
-6.603200
1.968300
9.587300
9.587300
9.587300
9.587300
6.730200
1.015900
0.063490
-2.793700
-8.507900
-10.413000
-14.222000
-17.079000
-18.032000
-17.079000
-10.413000
-2.793700
6.730200
14.349000
18.159000
20.063000
20.063000
22.921000
20.063000
12.444000
7.682500
2.920600
1.015900
1.968300
5.777800
12.444000
18.159000
20.063000
23.872999
19.111000
12.444000
7.682500
2.920600
1.968300
6.730200
3.873000
-5.650800
-9.460300
-10.413000
-5.650800
1.015900
2.920600
6.730200
5.777800
7.682500
8.634900
3.873000
2.920600
2.920600
2.920600
-0.888890
-6.603200
-8.507900
-9.460300
-7.555600
-4.698400
1.968300
8.634900
11.492000
9.587300
8.634900
9.587300
5.777800
2.920600
2.920600
1.968300
2.920600
3.873000
2.920600
2.920600
3.873000
1.968300
0.063490
-2.793700
-2.793700
1.968300
6.730200
6.730200
0.063490
-6.603200
-11.365000
-16.127001
-18.032000
-20.889000
-20.889000
-15.175000
-8.507900
-1.841300
1.968300
0.063490
2.920600
10.540000
16.254000
15.302000
12.444000
9.587300
6.730200
4.825400
0.063490
-4.698400
-13.270000
-18.032000
-17.079000
-15.175000
-12.317000
-3.746000
8.634900
11.492000
17.205999
19.111000
16.254000
13.397000
12.444000
10.540000
10.540000
3.873000
-3.746000
-7.555600
-6.603200
-3.746000
-1.841300
1.968300
4.825400
5.777800
5.777800
-1.841300
-7.555600
-15.175000
-19.937000
-20.889000
-22.794001
-18.983999
-17.079000
-18.983999
-22.794001
-23.746000
-21.841000
-17.079000
-17.079000
-16.127001
-17.079000
-18.983999
-18.983999
-18.983999
-18.032000
-18.983999
-20.889000
-22.794001
-20.889000
-11.365000
-2.793700
1.015900
0.063490
3.873000
8.634900
10.540000
12.444000
17.205999
21.016001
17.205999
11.492000
9.587300
11.492000
10.540000
4.825400
-0.888890
-4.698400
-8.507900
-11.365000
-13.270000
-7.555600
1.015900
2.920600
6.730200
8.634900
8.634900
5.777800
3.873000
2.920600
1.968300
4.825400
10.540000
11.492000
15.302000
20.063000
24.825001
28.635000
25.778000
23.872999
26.730000
28.635000
26.730000
25.778000
25.778000
25.778000
23.872999
17.205999
8.634900
1.968300
-9.460300
-17.079000
-18.983999
-20.889000
-19.937000
-17.079000
-8.507900
0.063490
5.777800
14.349000
21.016001
29.587000
32.444000
23.872999
17.205999
12.444000
6.730200
-1.841300
-5.650800
-7.555600
-12.317000
-18.032000
-18.032000
-17.079000
-16.127001
-18.032000
-18.983999
-17.079000
-14.222000
-9.460300
-6.603200
-2.793700
-1.841300
1.968300
9.587300
15.302000
17.205999
19.111000
15.302000
7.682500
2.920600
1.015900
-5.650800
-13.270000
-25.650999
-35.174999
-42.793999
-45.651001
-39.937000
-30.413000
-25.650999
-21.841000
-10.413000
5.777800
18.159000
21.968000
27.683001
36.254002
40.063000
34.348999
23.872999
19.111000
16.254000
11.492000
3.873000
-4.698400
-13.270000
-22.794001
-27.556000
-34.222000
-35.174999
-31.365000
-28.507999
-29.459999
-31.365000
-26.603001
-21.841000
-17.079000
-8.507900
3.873000
15.302000
21.968000
25.778000
23.872999
23.872999
24.825001
21.968000
23.872999
26.730000
32.444000
32.444000
27.683001
21.968000
14.349000
7.682500
-0.888890
-5.650800
-9.460300
-9.460300
-11.365000
-15.175000
-13.270000
-8.507900
-1.841300
1.968300
0.063490
1.015900
1.968300
0.063490
-4.698400
-11.365000
-19.937000
-18.983999
-12.317000
-11.365000
-13.270000
-13.270000
-13.270000
-12.317000
-15.175000
-17.079000
-17.079000
-16.127001
-10.413000
-5.650800
1.015900
7.682500
9.587300
10.540000
14.349000
21.016001
22.921000
19.111000
15.302000
14.349000
13.397000
9.587300
4.825400
0.063490
-5.650800
-8.507900
-5.650800
-2.793700
1.015900
4.825400
4.825400
8.634900
15.302000
20.063000
26.730000
31.492001
27.683001
25.778000
21.968000
22.921000
21.016001
19.111000
14.349000
7.682500
0.063490
-9.460300
-17.079000
-22.794001
-24.698000
-15.175000
-6.603200
-1.841300
7.682500
14.349000
20.063000
24.825001
22.921000
15.302000
10.540000
5.777800
0.063490
-3.746000
-8.507900
-18.032000
-21.841000
-23.746000
-27.556000
-30.413000
-32.317001
-30.413000
-25.650999
-19.937000
-17.079000
-16.127001
-10.413000
-8.507900
-8.507900
-3.746000
-7.555600
-10.413000
-12.317000
-16.127001
-16.127001
-17.079000
-15.175000
-10.413000
-5.650800
-2.793700
0.063490
4.825400
3.873000
1.968300
1.015900
1.968300
1.015900
-0.888890
-3.746000
-7.555600
-11.365000
-16.127001
-15.175000
-14.222000
-15.175000
-12.317000
-8.507900
-1.841300
4.825400
3.873000
3.873000
8.634900
14.349000
19.111000
22.921000
25.778000
25.778000
24.825001
24.825001
23.872999
20.063000
18.159000
7.682500
1.968300
3.873000
1.015900
1.968300
0.063490
0.063490
4.825400
14.349000
22.921000
29.587000
38.159000
41.015999
42.921001
49.587002
53.396999
51.492001
48.634998
39.111000
33.396999
29.587000
19.111000
6.730200
-5.650800
-20.889000
-34.222000
-39.937000
-41.841000
-38.984001
-35.174999
-27.556000
-18.032000
-10.413000
-6.603200
-7.555600
-6.603200
-7.555600
-7.555600
-4.698400
-7.555600
-15.175000
-19.937000
-25.650999
-29.459999
-31.365000
-28.507999
-26.603001
-25.650999
-18.983999
-16.127001
-16.127001
-16.127001
-18.032000
-22.794001
-23.746000
-21.841000
-17.079000
-8.507900
0.063490
6.730200
8.634900
11.492000
13.397000
16.254000
19.111000
21.968000
21.968000
19.111000
21.016001
23.872999
24.825001
28.635000
30.540001
29.587000
28.635000
20.063000
9.587300
1.015900
-2.793700
-7.555600
-11.365000
-8.507900
-2.793700
-5.650800
-5.650800
-2.793700
-1.841300
-4.698400
-3.746000
-5.650800
