-22.351000
-24.283001
-35.877998
-39.742001
-35.877998
-35.877998
-29.114000
-21.385000
-15.588000
-7.858300
-3.993600
-9.790700
-3.027400
-1.095000
2.769700
2.769700
1.803500
1.803500
-1.095000
-3.993600
-3.993600
-1.095000
1.803500
-3.027400
-3.027400
-3.027400
-4.959700
-3.993600
-6.892100
-1.095000
-1.095000
-1.095000
0.837360
1.803500
5.668300
8.566800
2.769700
-3.993600
5.668300
11.465000
10.499000
5.668300
-0.128820
-3.027400
-11.723000
-16.554001
-11.723000
-5.925900
-8.824500
-7.858300
-7.858300
-12.689000
-7.858300
-2.061200
-4.959700
-3.027400
2.769700
4.702100
7.600600
3.735900
5.668300
10.499000
9.533000
1.803500
-6.892100
-7.858300
-8.824500
-7.858300
-11.723000
-5.925900
-1.095000
-1.095000
-2.061200
0.837360
5.668300
8.566800
5.668300
13.398000
16.296000
14.364000
3.735900
-2.061200
1.803500
6.634500
10.499000
11.465000
11.465000
17.261999
10.499000
10.499000
6.634500
-0.128820
-7.858300
-1.095000
-0.128820
-10.757000
-7.858300
-6.892100
-9.790700
-9.790700
-5.925900
-13.655000
-10.757000
-4.959700
-6.892100
-5.925900
-3.027400
2.769700
6.634500
7.600600
5.668300
-1.095000
-4.959700
3.735900
5.668300
-3.027400
-4.959700
-4.959700
-6.892100
-1.095000
-5.925900
-6.892100
-3.027400
-2.061200
-0.128820
-1.095000
-4.959700
-3.993600
-1.095000
1.803500
-7.858300
-4.959700
2.769700
0.837360
3.735900
2.769700
0.837360
-10.757000
-10.757000
-4.959700
-6.892100
-7.858300
-4.959700
-10.757000
-10.757000
-15.588000
-22.351000
-21.385000
-18.486000
-10.757000
-9.790700
-7.858300
-3.993600
-4.959700
-3.993600
-3.027400
-3.993600
5.668300
16.296000
16.296000
18.229000
17.261999
20.160999
15.330000
20.160999
21.127001
12.432000
8.566800
6.634500
-3.027400
-11.723000
-9.790700
-7.858300
-10.757000
-7.858300
-1.095000
-1.095000
0.837360
5.668300
7.600600
2.769700
12.432000
19.195000
17.261999
22.093000
24.025999
24.025999
24.992001
23.059999
13.398000
9.533000
11.465000
2.769700
1.803500
4.702100
-3.027400
-8.824500
-1.095000
-7.858300
-3.027400
5.668300
4.702100
0.837360
-0.128820
-2.061200
-0.128820
-1.095000
-7.858300
-4.959700
-0.128820
2.769700
3.735900
6.634500
3.735900
-3.993600
-2.061200
-3.027400
-15.588000
-17.520000
-16.554001
-18.486000
-18.486000
-14.622000
-5.925900
-0.128820
1.803500
1.803500
7.600600
17.261999
20.160999
17.261999
14.364000
18.229000
12.432000
11.465000
11.465000
6.634500
9.533000
5.668300
-0.128820
3.735900
0.837360
-3.027400
-3.027400
-6.892100
-9.790700
-7.858300
-6.892100
-5.925900
-3.027400
2.769700
6.634500
7.600600
4.702100
0.837360
-1.095000
-4.959700
-3.993600
-3.027400
-16.554001
-16.554001
-17.520000
-23.316999
-24.283001
-28.148001
-23.316999
-13.655000
-14.622000
-3.027400
5.668300
8.566800
8.566800
9.533000
17.261999
13.398000
11.465000
14.364000
7.600600
5.668300
-0.128820
-6.892100
-6.892100
-15.588000
-14.622000
-7.858300
-9.790700
-0.128820
5.668300
9.533000
9.533000
16.296000
18.229000
22.093000
23.059999
20.160999
14.364000
8.566800
2.769700
6.634500
1.803500
-6.892100
-12.689000
-7.858300
-1.095000
3.735900
1.803500
1.803500
-0.128820
5.668300
6.634500
2.769700
6.634500
8.566800
7.600600
-0.128820
-6.892100
-8.824500
-8.824500
-5.925900
-11.723000
-9.790700
-6.892100
-7.858300
-8.824500
-6.892100
-1.095000
2.769700
9.533000
7.600600
3.735900
6.634500
4.702100
5.668300
12.432000
13.398000
9.533000
2.769700
1.803500
-6.892100
-8.824500
-7.858300
-11.723000
-10.757000
-11.723000
-10.757000
-7.858300
-9.790700
-3.993600
4.702100
2.769700
-0.128820
2.769700
2.769700
-2.061200
-3.993600
-11.723000
-13.655000
-13.655000
-26.216000
-21.385000
-16.554001
-21.385000
-15.588000
-14.622000
-4.959700
3.735900
6.634500
6.634500
4.702100
21.127001
24.025999
12.432000
10.499000
11.465000
8.566800
3.735900
-3.027400
-7.858300
-15.588000
-19.452000
-18.486000
-26.216000
-23.316999
-15.588000
-7.858300
-4.959700
0.837360
13.398000
21.127001
22.093000
20.160999
23.059999
24.992001
21.127001
14.364000
9.533000
11.465000
11.465000
0.837360
-1.095000
-0.128820
4.702100
2.769700
-2.061200
2.769700
10.499000
4.702100
9.533000
11.465000
10.499000
9.533000
11.465000
12.432000
14.364000
19.195000
12.432000
7.600600
-3.993600
0.837360
10.499000
7.600600
2.769700
0.837360
-0.128820
-8.824500
-9.790700
-3.027400
-3.993600
-3.027400
-6.892100
-14.622000
-13.655000
-7.858300
-9.790700
-10.757000
-8.824500
-11.723000
-7.858300
-8.824500
-7.858300
-5.925900
-8.824500
-8.824500
-7.858300
-9.790700
-16.554001
-18.486000
-28.148001
-32.013000
-28.148001
-27.181999
-24.283001
-22.351000
-23.316999
-17.520000
-18.486000
-20.419001
-18.486000
-8.824500
-1.095000
5.668300
5.668300
6.634500
8.566800
3.735900
3.735900
2.769700
11.465000
17.261999
14.364000
12.432000
10.499000
11.465000
8.566800
11.465000
27.889999
32.721001
35.619999
43.348999
40.451000
40.451000
47.214001
49.146999
43.348999
32.721001
17.261999
3.735900
-12.689000
-23.316999
-21.385000
-13.655000
-9.790700
-2.061200
-0.128820
2.769700
12.432000
10.499000
11.465000
11.465000
13.398000
12.432000
4.702100
-0.128820
-1.095000
-10.757000
-15.588000
-18.486000
-25.250000
-32.013000
-29.114000
-22.351000
-15.588000
-12.689000
-8.824500
1.803500
14.364000
14.364000
19.195000
17.261999
11.465000
9.533000
0.837360
-7.858300
-10.757000
-14.622000
-13.655000
-20.419001
-22.351000
-14.622000
-8.824500
-7.858300
-7.858300
-9.790700
-2.061200
6.634500
17.261999
12.432000
10.499000
8.566800
11.465000
10.499000
4.702100
2.769700
-1.095000
-5.925900
-3.993600
3.735900
8.566800
7.600600
13.398000
14.364000
11.465000
16.296000
7.600600
20.160999
25.958000
27.889999
31.754999
28.857000
21.127001
13.398000
11.465000
5.668300
11.465000
8.566800
9.533000
9.533000
4.702100
6.634500
3.735900
3.735900
-2.061200
-2.061200
-2.061200
-10.757000
-14.622000
-19.452000
-20.419001
-26.216000
-34.910999
-34.910999
-20.419001
-16.554001
-14.622000
-8.824500
-3.027400
1.803500
1.803500
-3.027400
-4.959700
4.702100
8.566800
3.735900
-0.128820
-5.925900
-11.723000
-7.858300
-3.993600
-0.128820
1.803500
-5.925900
-11.723000
-11.723000
-9.790700
-16.554001
-13.655000
-4.959700
-1.095000
3.735900
-1.095000
-4.959700
-14.622000
-14.622000
-15.588000
-7.858300
1.803500
3.735900
5.668300
9.533000
12.432000
6.634500
9.533000
11.465000
12.432000
15.330000
10.499000
3.735900
-6.892100
-11.723000
-11.723000
-10.757000
-14.622000
-9.790700
-1.095000
-5.925900
-3.993600
-0.128820
-2.061200
-10.757000
-9.790700
-13.655000
-20.419001
-18.486000
-15.588000
-20.419001
-25.250000
-27.181999
-30.080999
-29.114000
-21.385000
-8.824500
-3.993600
-7.858300
-1.095000
0.837360
9.533000
16.296000
25.958000
28.857000
21.127001
21.127001
21.127001
22.093000
24.992001
19.195000
16.296000
12.432000
4.702100
0.837360
-8.824500
-4.959700
6.634500
1.803500
-1.095000
1.803500
0.837360
-0.128820
-1.095000
-4.959700
-7.858300
0.837360
9.533000
10.499000
9.533000
13.398000
8.566800
4.702100
15.330000
18.229000
12.432000
11.465000
9.533000
12.432000
11.465000
14.364000
16.296000
13.398000
12.432000
11.465000
4.702100
-0.128820
3.735900
-0.128820
-4.959700
-9.790700
0.837360
1.803500
-5.925900
4.702100
12.432000
15.330000
19.195000
18.229000
10.499000
-0.128820
0.837360
0.837360
-3.993600
-10.757000
-15.588000
-17.520000
-20.419001
-15.588000
-15.588000
-14.622000
-10.757000
-12.689000
-10.757000
-3.027400
-3.027400
1.803500
6.634500
-3.993600
-1.095000
4.702100
9.533000
14.364000
8.566800
3.735900
0.837360
-2.061200
-4.959700
0.837360
-2.061200
-4.959700
-6.892100
-14.622000
-14.622000
-12.689000
-13.655000
-12.689000
-8.824500
-5.925900
-4.959700
-9.790700
-16.554001
-3.027400
13.398000
11.465000
12.432000
6.634500
4.702100
11.465000
6.634500
3.735900
3.735900
-3.027400
-7.858300
-15.588000
-21.385000
-17.520000
-16.554001
-19.452000
-28.148001
-28.148001
-20.419001
-20.419001
-14.622000
-3.993600
-2.061200
2.769700
6.634500
11.465000
16.296000
14.364000
15.330000
18.229000
16.296000
19.195000
18.229000
16.296000
16.296000
6.634500
0.837360
-6.892100
-5.925900
-4.959700
6.634500
8.566800
3.735900
13.398000
17.261999
21.127001
20.160999
17.261999
16.296000
20.160999
13.398000
9.533000
11.465000
3.735900
0.837360
4.702100
1.803500
-2.061200
3.735900
2.769700
-3.993600
-9.790700
-10.757000
-14.622000
-18.486000
-13.655000
-9.790700
-5.925900
-3.027400
-5.925900
-13.655000
-12.689000
-5.925900
-1.095000
-7.858300
-0.128820
3.735900
4.702100
-3.027400
-3.993600
0.837360
-0.128820
-0.128820
3.735900
15.330000
24.025999
28.857000
26.924000
21.127001
16.296000
9.533000
7.600600
8.566800
-1.095000
-4.959700
-9.790700
-13.655000
-18.486000
-22.351000
-13.655000
-4.959700
-3.993600
-5.925900
-10.757000
-17.520000
-15.588000
-16.554001
-3.993600
5.668300
5.668300
8.566800
8.566800
6.634500
8.566800
2.769700
-1.095000
-6.892100
-16.554001
-15.588000
-11.723000
-11.723000
-3.993600
2.769700
5.668300
11.465000
12.432000
6.634500
12.432000
18.229000
17.261999
17.261999
14.364000
10.499000
4.702100
-5.925900
-14.622000
-7.858300
-3.993600
-3.993600
-0.128820
-1.095000
2.769700
7.600600
8.566800
12.432000
17.261999
23.059999
21.127001
13.398000
15.330000
11.465000
1.803500
-2.061200
-7.858300
-14.622000
-20.419001
-32.013000
-27.181999
-24.283001
-29.114000
-31.047001
-24.283001
-8.824500
-3.027400
-5.925900
-3.027400
3.735900
7.600600
10.499000
9.533000
16.296000
20.160999
14.364000
11.465000
11.465000
11.465000
13.398000
3.735900
-2.061200
-2.061200
5.668300
11.465000
5.668300
2.769700
1.803500
1.803500
4.702100
9.533000
12.432000
3.735900
7.600600
12.432000
6.634500
4.702100
4.702100
-1.095000
-2.061200
-5.925900
-8.824500
-3.993600
-6.892100
-12.689000
-18.486000
-19.452000
-18.486000
-16.554001
-19.452000
-11.723000
0.837360
-0.128820
-3.027400
-4.959700
-5.925900
-5.925900
-4.959700
1.803500
5.668300
4.702100
12.432000
14.364000
9.533000
7.600600
10.499000
9.533000
8.566800
7.600600
5.668300
-4.959700
-12.689000
-12.689000
-17.520000
-25.250000
-32.013000
-30.080999
-19.452000
-15.588000
-9.790700
-3.027400
3.735900
9.533000
2.769700
2.769700
8.566800
16.296000
13.398000
8.566800
7.600600
5.668300
3.735900
2.769700
2.769700
3.735900
-4.959700
-14.622000
-22.351000
-26.216000
-32.013000
-28.148001
-29.114000
-28.148001
-21.385000
-15.588000
-7.858300
-7.858300
-7.858300
1.803500
6.634500
