15.256000
7.564100
0.833330
5.641000
8.525600
12.372000
14.295000
11.410000
4.679500
1.794900
0.833330
0.833330
2.756400
2.756400
9.487200
7.564100
3.717900
4.679500
2.756400
3.717900
-1.089700
-2.051300
-4.935900
-3.012800
4.679500
10.449000
15.256000
19.103001
18.141001
17.179001
16.218000
19.103001
19.103001
18.141001
18.141001
21.025999
9.487200
-1.089700
-2.051300
-4.935900
-11.667000
-16.474001
-18.396999
-18.396999
-16.474001
-5.897400
2.756400
8.525600
12.372000
11.410000
11.410000
4.679500
-3.012800
-8.782100
-12.628000
-17.436001
-16.474001
-21.282000
-28.974001
-28.974001
-28.013000
-18.396999
-5.897400
4.679500
10.449000
14.295000
14.295000
11.410000
8.525600
4.679500
3.717900
-0.128210
-5.897400
-4.935900
-13.590000
-20.320999
-18.396999
-19.358999
-15.513000
-12.628000
-16.474001
-11.667000
-0.128210
7.564100
13.333000
19.103001
22.948999
27.756001
20.063999
13.333000
14.295000
5.641000
-3.974400
-11.667000
-22.243999
-27.051001
-20.320999
-17.436001
-11.667000
-3.974400
3.717900
6.602600
12.372000
11.410000
12.372000
16.218000
16.218000
19.103001
13.333000
2.756400
-6.859000
-12.628000
-20.320999
-25.128000
-25.128000
-21.282000
-13.590000
-3.974400
-2.051300
2.756400
7.564100
7.564100
13.333000
12.372000
9.487200
7.564100
1.794900
-0.128210
-3.012800
-7.820500
-16.474001
-18.396999
-17.436001
-14.551000
-6.859000
2.756400
7.564100
7.564100
15.256000
21.025999
21.025999
18.141001
16.218000
13.333000
14.295000
7.564100
1.794900
7.564100
11.410000
11.410000
10.449000
8.525600
6.602600
8.525600
8.525600
12.372000
16.218000
17.179001
17.179001
16.218000
14.295000
3.717900
-1.089700
-3.012800
-7.820500
-12.628000
-15.513000
-8.782100
-6.859000
-4.935900
-2.051300
-0.128210
5.641000
10.449000
12.372000
15.256000
8.525600
4.679500
2.756400
-1.089700
-3.012800
-1.089700
-6.859000
-13.590000
-13.590000
-13.590000
-12.628000
-11.667000
-8.782100
-2.051300
5.641000
8.525600
6.602600
7.564100
5.641000
0.833330
-3.974400
2.756400
-4.935900
-12.628000
-8.782100
-9.743600
-13.590000
-10.705000
-14.551000
-16.474001
-9.743600
-3.012800
-0.128210
3.717900
7.564100
7.564100
11.410000
5.641000
-2.051300
-2.051300
-6.859000
-11.667000
-7.820500
-14.551000
-21.282000
-20.320999
-18.396999
-18.396999
-15.513000
-9.743600
0.833330
0.833330
1.794900
2.756400
-0.128210
-0.128210
-3.012800
-4.935900
0.833330
-1.089700
-8.782100
-13.590000
-9.743600
-9.743600
-1.089700
5.641000
10.449000
21.025999
18.141001
11.410000
11.410000
10.449000
8.525600
4.679500
0.833330
-5.897400
-7.820500
-7.820500
-10.705000
-8.782100
-2.051300
-0.128210
4.679500
10.449000
14.295000
19.103001
19.103001
17.179001
10.449000
8.525600
8.525600
4.679500
0.833330
-3.012800
-5.897400
-12.628000
-14.551000
-11.667000
-10.705000
-4.935900
1.794900
10.449000
10.449000
14.295000
20.063999
21.987000
22.948999
21.987000
21.025999
12.372000
2.756400
-2.051300
-10.705000
-17.436001
-21.282000
-23.205000
-27.051001
-22.243999
-11.667000
-2.051300
12.372000
23.910000
32.563999
26.795000
21.987000
21.987000
21.025999
17.179001
15.256000
8.525600
-3.012800
-14.551000
-23.205000
-28.013000
-26.090000
-25.128000
-21.282000
-10.705000
-7.820500
-7.820500
-2.051300
3.717900
13.333000
14.295000
16.218000
9.487200
1.794900
0.833330
-2.051300
-4.935900
-3.974400
-3.012800
-6.859000
-15.513000
-17.436001
-12.628000
-7.820500
-1.089700
-0.128210
1.794900
6.602600
10.449000
15.256000
14.295000
11.410000
15.256000
9.487200
0.833330
-3.012800
-8.782100
-12.628000
-15.513000
-16.474001
-19.358999
-21.282000
-20.320999
-16.474001
-11.667000
-0.128210
-2.051300
-1.089700
3.717900
6.602600
6.602600
6.602600
4.679500
6.602600
-1.089700
-7.820500
-7.820500
-7.820500
-7.820500
-3.012800
-1.089700
-4.935900
-6.859000
-5.897400
-4.935900
-1.089700
-5.897400
-9.743600
-7.820500
-2.051300
0.833330
8.525600
15.256000
21.987000
20.063999
19.103001
21.025999
24.872000
27.756001
21.025999
16.218000
15.256000
10.449000
2.756400
-3.974400
-9.743600
-20.320999
-26.090000
-20.320999
-11.667000
-0.128210
6.602600
21.025999
25.833000
26.795000
28.718000
28.718000
23.910000
21.025999
15.256000
13.333000
1.794900
-8.782100
-11.667000
-13.590000
-13.590000
-18.396999
-23.205000
-23.205000
-19.358999
-11.667000
-5.897400
-6.859000
-5.897400
-9.743600
-12.628000
-10.705000
-7.820500
-8.782100
-11.667000
-9.743600
-11.667000
-11.667000
-6.859000
-3.012800
3.717900
6.602600
12.372000
17.179001
14.295000
12.372000
10.449000
12.372000
14.295000
14.295000
8.525600
1.794900
-4.935900
-4.935900
-11.667000
-11.667000
-4.935900
-3.012800
-2.051300
-0.128210
0.833330
0.833330
5.641000
8.525600
14.295000
14.295000
12.372000
10.449000
11.410000
7.564100
-0.128210
0.833330
-1.089700
-3.974400
-3.012800
-6.859000
-13.590000
-10.705000
-4.935900
0.833330
3.717900
7.564100
5.641000
-2.051300
-2.051300
-0.128210
-1.089700
-2.051300
-3.974400
-10.705000
-15.513000
-15.513000
-12.628000
-13.590000
-8.782100
-3.974400
-4.935900
-3.012800
1.794900
4.679500
7.564100
9.487200
13.333000
8.525600
2.756400
0.833330
-3.974400
-11.667000
-8.782100
-8.782100
-9.743600
-3.012800
2.756400
6.602600
10.449000
15.256000
21.987000
18.141001
15.256000
13.333000
5.641000
-1.089700
-11.667000
-18.396999
-22.243999
-24.167000
-19.358999
-13.590000
-3.012800
7.564100
7.564100
8.525600
14.295000
19.103001
28.718000
19.103001
9.487200
6.602600
1.794900
0.833330
5.641000
-1.089700
-8.782100
-7.820500
-7.820500
-5.897400
-1.089700
3.717900
10.449000
3.717900
2.756400
4.679500
1.794900
1.794900
-2.051300
-6.859000
-7.820500
-16.474001
-24.167000
-25.128000
-27.051001
-23.205000
-11.667000
-8.782100
-9.743600
-4.935900
-1.089700
5.641000
-0.128210
-3.012800
-0.128210
-2.051300
-4.935900
-4.935900
-3.012800
4.679500
9.487200
5.641000
3.717900
4.679500
8.525600
12.372000
15.256000
11.410000
5.641000
4.679500
0.833330
-2.051300
-2.051300
-4.935900
-3.974400
-8.782100
-8.782100
0.833330
12.372000
12.372000
11.410000
13.333000
14.295000
11.410000
9.487200
6.602600
-3.974400
-10.705000
-12.628000
-10.705000
-5.897400
0.833330
10.449000
18.141001
19.103001
21.987000
31.603001
30.641001
30.641001
24.872000
21.987000
21.025999
13.333000
6.602600
6.602600
2.756400
-2.051300
-1.089700
-1.089700
-3.974400
-4.935900
-2.051300
-3.012800
-3.012800
-5.897400
-12.628000
-12.628000
-10.705000
-10.705000
-4.935900
-7.820500
-5.897400
-3.974400
-2.051300
-3.012800
-3.012800
-5.897400
-0.128210
-4.935900
-12.628000
-17.436001
-23.205000
-24.167000
-21.282000
-14.551000
-13.590000
-10.705000
-7.820500
-5.897400
-0.128210
6.602600
12.372000
4.679500
0.833330
1.794900
1.794900
-0.128210
-1.089700
1.794900
-7.820500
-16.474001
-19.358999
-23.205000
-24.167000
-27.051001
-28.013000
-25.128000
-16.474001
-6.859000
-8.782100
-6.859000
2.756400
1.794900
2.756400
7.564100
11.410000
16.218000
18.141001
21.025999
15.256000
11.410000
13.333000
12.372000
10.449000
7.564100
5.641000
2.756400
2.756400
-3.974400
-4.935900
2.756400
7.564100
7.564100
4.679500
4.679500
7.564100
4.679500
0.833330
-3.974400
-10.705000
-14.551000
-13.590000
-15.513000
-8.782100
0.833330
12.372000
17.179001
16.218000
18.141001
16.218000
21.987000
23.910000
14.295000
10.449000
12.372000
11.410000
10.449000
13.333000
17.179001
14.295000
9.487200
9.487200
10.449000
11.410000
3.717900
-3.012800
-3.974400
-5.897400
-4.935900
-3.012800
3.717900
0.833330
-2.051300
3.717900
6.602600
5.641000
8.525600
0.833330
-9.743600
-14.551000
-15.513000
-21.282000
-25.128000
-24.167000
-17.436001
-17.436001
-14.551000
-7.820500
4.679500
5.641000
3.717900
8.525600
15.256000
18.141001
13.333000
10.449000
12.372000
14.295000
1.794900
-9.743600
-10.705000
-8.782100
-2.051300
-2.051300
-3.974400
-2.051300
-2.051300
2.756400
-3.012800
-5.897400
-6.859000
-7.820500
-9.743600
-12.628000
-4.935900
-1.089700
-1.089700
3.717900
7.564100
12.372000
13.333000
14.295000
8.525600
5.641000
6.602600
4.679500
8.525600
4.679500
0.833330
0.833330
-0.128210
-3.974400
-6.859000
-11.667000
-16.474001
-13.590000
-10.705000
-8.782100
-7.820500
-11.667000
-13.590000
-9.743600
-8.782100
-8.782100
-11.667000
-12.628000
-21.282000
-27.051001
-23.205000
-18.396999
-8.782100
-3.012800
5.641000
12.372000
11.410000
13.333000
16.218000
14.295000
5.641000
0.833330
-2.051300
-2.051300
-1.089700
-6.859000
-5.897400
4.679500
10.449000
17.179001
25.833000
30.641001
29.679001
26.795000
22.948999
20.063999
16.218000
7.564100
-5.897400
-16.474001
-20.320999
-24.167000
-20.320999
-23.205000
-23.205000
-18.396999
-14.551000
-9.743600
-1.089700
7.564100
20.063999
24.872000
22.948999
26.795000
26.795000
24.872000
11.410000
-1.089700
-10.705000
-17.436001
-16.474001
-10.705000
7.564100
11.410000
11.410000
21.025999
24.872000
26.795000
34.487000
36.410000
31.603001
27.756001
23.910000
12.372000
7.564100
2.756400
-6.859000
-20.320999
-27.051001
-29.936001
-28.013000
-33.782001
-37.627998
-31.858999
-27.051001
-21.282000
-14.551000
-5.897400
-3.012800
-3.012800
-0.128210
1.794900
0.833330
5.641000
-1.089700
-3.974400
-7.820500
-12.628000
-13.590000
-15.513000
-12.628000
-12.628000
-13.590000
-10.705000
-9.743600
-2.051300
-7.820500
-13.590000
-9.743600
-6.859000
-4.935900
-8.782100
-11.667000
-4.935900
-1.089700
-0.128210
2.756400
-2.051300
-7.820500
-3.974400
-3.974400
-1.089700
6.602600
5.641000
4.679500
8.525600
17.179001
23.910000
24.872000
27.756001
21.987000
18.141001
20.063999
17.179001
14.295000
19.103001
8.525600
-3.012800
-6.859000
-11.667000
-8.782100
-9.743600
-10.705000
-3.012800
7.564100
13.333000
15.256000
23.910000
20.063999
19.103001
24.872000
23.910000
25.833000
28.718000
16.218000
3.717900
-2.051300
-6.859000
-11.667000
-12.628000
-20.320999
-21.282000
-15.513000
-12.628000
-7.820500
-3.974400
2.756400
8.525600
11.410000
12.372000
9.487200
8.525600
5.641000
-3.012800
-5.897400
-7.820500
-12.628000
-10.705000
-17.436001
-20.320999
-17.436001
-9.743600
-3.012800
-0.128210
5.641000
3.717900
-3.012800
-5.897400
-8.782100
-9.743600
-8.782100
-10.705000
-6.859000
-1.089700
3.717900
8.525600
4.679500
6.602600
10.449000
9.487200
12.372000
13.333000
8.525600
3.717900
3.717900
-2.051300
-5.897400
-9.743600
-8.782100
-14.551000
-19.358999
-19.358999
-21.282000
-20.320999
-14.551000
-15.513000
-19.358999
-11.667000
-1.089700
-3.012800
-6.859000
-3.974400
-3.974400
-5.897400
-4.935900
-4.935900
