-13.333000
-24.872000
-25.833000
-10.449000
13.590000
31.858999
32.820999
28.013000
24.167000
9.743600
-7.564100
-17.179001
-4.679500
12.628000
22.243999
41.473999
45.320999
23.205000
-1.794900
-15.256000
-29.679001
-34.487000
-30.641001
-17.179001
3.012800
12.628000
23.205000
24.167000
20.320999
3.974400
-25.833000
-41.217999
-39.294998
-25.833000
-4.679500
18.396999
37.627998
39.550999
30.896999
20.320999
5.897400
-7.564100
-12.372000
-14.295000
-15.256000
-11.410000
2.051300
23.205000
29.936001
28.974001
17.436001
7.820500
-0.833330
-3.717900
-8.525600
-14.295000
-17.179001
-8.525600
2.051300
14.551000
12.628000
3.974400
-10.449000
-12.372000
-5.641000
-3.717900
-0.833330
6.859000
11.667000
14.551000
15.513000
9.743600
3.012800
-3.717900
-5.641000
-2.756400
1.089700
5.897400
9.743600
12.628000
12.628000
10.705000
7.820500
6.859000
6.859000
6.859000
13.590000
27.051001
30.896999
10.705000
-2.756400
-6.602600
-9.487200
0.128210
0.128210
-9.487200
-14.295000
-11.410000
-2.756400
0.128210
11.667000
10.705000
-6.602600
-13.333000
-15.256000
-22.948999
-30.641001
-22.948999
-6.602600
5.897400
15.513000
14.551000
4.935900
-4.679500
-20.063999
-37.372002
-38.333000
-25.833000
-1.794900
24.167000
25.128000
12.628000
6.859000
-1.794900
-24.872000
-32.563999
-28.718000
-21.987000
-11.410000
-0.833330
8.782100
14.551000
13.590000
1.089700
-14.295000
-39.294998
-46.987000
-43.140999
-33.526001
-12.372000
8.782100
24.167000
26.090000
10.705000
-5.641000
-24.872000
-46.026001
-48.910000
-35.449001
-11.410000
9.743600
17.436001
20.320999
19.358999
-1.794900
-28.718000
-43.140999
-46.026001
-34.487000
-21.987000
-13.333000
-3.717900
7.820500
10.705000
3.974400
-19.103001
-42.179001
-52.756001
-54.679001
-40.256001
-17.179001
5.897400
18.396999
18.396999
10.705000
-13.333000
-41.217999
-64.294998
-60.449001
-35.449001
-2.756400
21.282000
29.936001
25.128000
15.513000
-0.833330
-19.103001
-38.333000
-45.063999
-40.256001
-23.910000
-1.794900
14.551000
29.936001
19.358999
8.782100
-7.564100
-27.756001
-27.756001
-19.103001
-13.333000
0.128210
16.474001
13.590000
6.859000
0.128210
-12.372000
-21.025999
-21.987000
-14.295000
-8.525600
0.128210
2.051300
-3.717900
-7.564100
-16.218000
-21.987000
-21.025999
-12.372000
-6.602600
-8.525600
-7.564100
-8.525600
-13.333000
-11.410000
-13.333000
-18.141001
-21.025999
-21.025999
-18.141001
-10.449000
-7.564100
-10.449000
-10.449000
-8.525600
-4.679500
-0.833330
2.051300
9.743600
10.705000
8.782100
4.935900
-8.525600
-13.333000
-12.372000
-8.525600
-5.641000
-4.679500
-6.602600
-0.833330
4.935900
6.859000
6.859000
7.820500
3.974400
-0.833330
3.012800
8.782100
13.590000
21.282000
27.051001
28.013000
22.243999
13.590000
3.974400
-6.602600
-10.449000
6.859000
20.320999
24.167000
25.128000
21.282000
9.743600
3.012800
-3.717900
-1.794900
4.935900
3.974400
16.474001
27.051001
23.205000
15.513000
2.051300
-10.449000
-15.256000
-4.679500
12.628000
26.090000
34.743999
30.896999
16.474001
-7.564100
-20.063999
-18.141001
-8.525600
7.820500
14.551000
15.513000
16.474001
9.743600
0.128210
-2.756400
-0.833330
0.128210
5.897400
11.667000
16.474001
15.513000
13.590000
19.358999
10.705000
3.012800
0.128210
4.935900
6.859000
7.820500
11.667000
7.820500
3.012800
-9.487200
-20.063999
-23.910000
-13.333000
1.089700
7.820500
13.590000
12.628000
2.051300
-8.525600
-21.987000
-34.487000
-32.563999
-12.372000
6.859000
21.282000
31.858999
28.974001
14.551000
-0.833330
-19.103001
-26.795000
-23.910000
-14.295000
6.859000
26.090000
30.896999
26.090000
21.282000
16.474001
4.935900
-9.487200
-16.218000
-11.410000
0.128210
20.320999
30.896999
33.782001
28.013000
12.628000
-6.602600
-16.218000
-16.218000
-10.449000
1.089700
3.974400
-1.794900
5.897400
13.590000
10.705000
2.051300
7.820500
22.243999
7.820500
2.051300
-0.833330
6.859000
19.358999
8.782100
-3.717900
-13.333000
-15.256000
-12.372000
-8.525600
-7.564100
-12.372000
-10.449000
-6.602600
5.897400
1.089700
-6.602600
-8.525600
-16.218000
-20.063999
-21.987000
-17.179001
-8.525600
4.935900
13.590000
11.667000
1.089700
-6.602600
-12.372000
-12.372000
-13.333000
-5.641000
1.089700
11.667000
28.974001
23.205000
11.667000
7.820500
4.935900
2.051300
1.089700
-1.794900
3.012800
4.935900
10.705000
19.358999
27.051001
23.205000
15.513000
7.820500
-0.833330
-14.295000
-16.218000
-14.295000
-13.333000
0.128210
10.705000
12.628000
18.396999
17.436001
7.820500
-2.756400
-5.641000
-6.602600
-14.295000
-13.333000
1.089700
13.590000
14.551000
11.667000
12.628000
10.705000
0.128210
-0.833330
1.089700
8.782100
21.282000
34.743999
39.550999
34.743999
32.820999
10.705000
3.974400
4.935900
-2.756400
3.974400
10.705000
14.551000
9.743600
3.974400
5.897400
10.705000
15.513000
11.667000
1.089700
-7.564100
-14.295000
-10.449000
-0.833330
9.743600
20.320999
16.474001
8.782100
3.012800
-5.641000
-16.218000
-13.333000
-10.449000
-9.487200
-0.833330
12.628000
25.128000
21.282000
5.897400
-8.525600
-12.372000
-18.141001
-21.025999
-13.333000
8.782100
19.358999
11.667000
14.551000
11.667000
3.012800
6.859000
3.012800
-3.717900
-5.641000
-10.449000
4.935900
12.628000
13.590000
23.205000
22.243999
8.782100
-3.717900
-3.717900
3.012800
-1.794900
-9.487200
-2.756400
7.820500
15.513000
13.590000
21.282000
16.474001
12.628000
7.820500
9.743600
2.051300
-7.564100
-1.794900
-1.794900
4.935900
17.436001
19.358999
18.396999
13.590000
4.935900
3.974400
-1.794900
3.974400
8.782100
14.551000
24.167000
23.205000
19.358999
12.628000
4.935900
-2.756400
-3.717900
-3.717900
2.051300
15.513000
22.243999
26.090000
31.858999
21.282000
8.782100
-3.717900
-7.564100
-13.333000
-16.218000
-7.564100
8.782100
13.590000
15.513000
18.396999
7.820500
-11.410000
-20.063999
-20.063999
-15.256000
-8.525600
5.897400
15.513000
23.205000
29.936001
29.936001
12.628000
-4.679500
-15.256000
-24.872000
-20.063999
-9.487200
-2.756400
10.705000
15.513000
13.590000
7.820500
-0.833330
-14.295000
-21.025999
-21.987000
-20.063999
-9.487200
6.859000
13.590000
8.782100
6.859000
1.089700
-10.449000
-21.025999
-37.372002
-35.449001
-20.063999
-12.372000
-5.641000
7.820500
14.551000
18.396999
17.436001
2.051300
-8.525600
-16.218000
-24.872000
-10.449000
-1.794900
-3.717900
-3.717900
-0.833330
12.628000
22.243999
3.974400
-26.795000
-46.987000
-49.872002
-46.987000
-33.526001
-11.410000
7.820500
16.474001
19.358999
13.590000
-7.564100
-24.872000
-35.449001
-33.526001
-11.410000
6.859000
18.396999
19.358999
12.628000
10.705000
0.128210
-9.487200
-14.295000
-12.372000
-4.679500
3.974400
11.667000
15.513000
22.243999
23.205000
18.396999
7.820500
-4.679500
-8.525600
-3.717900
6.859000
13.590000
22.243999
19.358999
9.743600
2.051300
-1.794900
-7.564100
-16.218000
-18.141001
0.128210
5.897400
4.935900
5.897400
3.012800
-6.602600
-13.333000
-24.872000
-27.756001
-31.603001
-23.910000
-23.910000
-18.141001
-12.372000
-8.525600
-6.602600
-12.372000
-21.025999
-26.795000
-26.795000
-27.756001
-25.833000
-28.718000
-12.372000
4.935900
4.935900
2.051300
-9.487200
-20.063999
-31.603001
-46.026001
-47.949001
-33.526001
-5.641000
9.743600
12.628000
7.820500
-0.833330
-14.295000
-21.987000
-25.833000
-28.718000
-31.603001
-24.872000
-16.218000
2.051300
11.667000
9.743600
10.705000
5.897400
-11.410000
-30.641001
-36.410000
-24.872000
-9.487200
13.590000
31.858999
37.627998
33.782001
4.935900
-21.025999
-36.410000
-59.487000
-66.218002
-43.140999
-11.410000
12.628000
28.974001
33.782001
25.128000
5.897400
-23.910000
-40.256001
-52.756001
-61.410000
-46.026001
-15.256000
16.474001
42.436001
53.013000
53.013000
34.743999
3.974400
-25.833000
-46.026001
-47.949001
-12.372000
14.551000
30.896999
53.013000
63.590000
61.667000
40.513000
3.974400
-25.833000
-48.910000
-56.603001
-46.026001
-21.987000
8.782100
30.896999
45.320999
53.013000
41.473999
12.628000
-11.410000
-30.641001
-36.410000
-24.872000
-22.948999
-11.410000
6.859000
15.513000
14.551000
6.859000
0.128210
-13.333000
-20.063999
-18.141001
-20.063999
-27.756001
-30.641001
-18.141001
0.128210
12.628000
15.513000
11.667000
-0.833330
-5.641000
-4.679500
-11.410000
-18.141001
-15.256000
12.628000
21.282000
12.628000
15.513000
7.820500
-5.641000
-16.218000
-17.179001
-7.564100
1.089700
8.782100
9.743600
13.590000
11.667000
4.935900
-4.679500
-17.179001
-20.063999
-19.103001
-9.487200
6.859000
18.396999
25.128000
21.282000
12.628000
8.782100
-8.525600
-20.063999
-21.987000
-11.410000
3.012800
16.474001
29.936001
36.667000
32.820999
19.358999
-4.679500
-21.987000
-28.718000
-18.141001
-2.756400
5.897400
13.590000
24.167000
30.896999
27.051001
13.590000
-2.756400
-14.295000
-15.256000
-8.525600
7.820500
19.358999
24.167000
28.013000
31.858999
28.974001
19.358999
2.051300
-2.756400
-1.794900
6.859000
18.396999
16.474001
17.436001
20.320999
26.090000
26.090000
18.396999
11.667000
7.820500
6.859000
12.628000
11.667000
12.628000
11.667000
8.782100
10.705000
8.782100
3.012800
-0.833330
3.012800
6.859000
3.974400
-1.794900
-2.756400
4.935900
3.012800
1.089700
2.051300
-2.756400
1.089700
5.897400
7.820500
8.782100
3.012800
-6.602600
-18.141001
-18.141001
-11.410000
-12.372000
-0.833330
8.782100
11.667000
18.396999
14.551000
9.743600
14.551000
10.705000
-2.756400
-3.717900
-0.833330
8.782100
15.513000
33.782001
40.513000
27.051001
17.436001
12.628000
-0.833330
-13.333000
-17.179001
-12.372000
3.012800
23.205000
30.896999
30.896999
24.167000
5.897400
-6.602600
-3.717900
-2.756400
-1.794900
4.935900
6.859000
8.782100
15.513000
21.282000
20.320999
14.551000
8.782100
1.089700
-6.602600
-9.487200
-7.564100
3.974400
12.628000
16.474001
21.282000
19.358999
7.820500
0.128210
-1.794900
-6.602600
3.974400
9.743600
4.935900
16.474001
30.896999
30.896999
14.551000
-2.756400
-17.179001
-25.833000
-20.063999
-6.602600
5.897400
13.590000
23.205000
23.205000
13.590000
4.935900
-9.487200
-18.141001
-25.833000
-21.987000
-0.833330
10.705000
25.128000
32.820999
31.858999
23.205000
-0.833330
-16.218000
-21.025999
-22.948999
-15.256000
1.089700
16.474001
15.513000
12.628000
12.628000
5.897400
-5.641000
-16.218000
-22.948999
-28.718000
-23.910000
-10.449000
8.782100
21.282000
26.090000
24.167000
17.436001
12.628000
0.128210
-11.410000
-18.141001
-25.833000
-19.103001
-4.679500
14.551000
32.820999
33.782001
26.090000
21.282000
9.743600
-10.449000
-30.641001
-44.103001
-44.103001
-32.563999
-15.256000
-3.717900
13.590000
30.896999
39.550999
30.896999
