-2.824300
-11.691000
-15.632000
-5.780000
12.939000
28.702999
27.718000
22.791000
20.820999
13.924000
6.042700
2.101800
12.939000
19.836000
17.865000
28.702999
33.629002
14.910000
0.131360
-5.780000
-14.647000
-22.528999
-22.528999
-14.647000
0.131360
5.057500
8.998400
9.983600
11.954000
7.027900
-12.677000
-21.544001
-23.514000
-15.632000
-4.794700
8.998400
18.851000
21.806000
17.865000
12.939000
3.087000
-2.824300
-4.794700
-8.735600
-13.662000
-15.632000
-7.750400
7.027900
12.939000
15.895000
11.954000
8.013100
2.101800
-2.824300
-9.720900
-18.587999
-23.514000
-18.587999
-9.720900
4.072200
6.042700
4.072200
-3.809500
-2.824300
-3.809500
-5.780000
-10.706000
-7.750400
-3.809500
2.101800
7.027900
7.027900
7.027900
5.057500
0.131360
-2.824300
-3.809500
-3.809500
-3.809500
-3.809500
0.131360
4.072200
9.983600
13.924000
12.939000
7.027900
8.998400
18.851000
22.791000
6.042700
-3.809500
-6.765200
-8.735600
4.072200
6.042700
0.131360
-5.780000
-8.735600
-7.750400
-6.765200
0.131360
3.087000
-8.735600
-8.735600
-7.750400
-12.677000
-18.587999
-14.647000
-5.780000
-2.824300
1.116600
1.116600
-2.824300
-5.780000
-8.735600
-14.647000
-11.691000
-6.765200
6.042700
18.851000
15.895000
7.027900
7.027900
7.027900
-5.780000
-6.765200
-3.809500
-3.809500
-4.794700
-0.853860
3.087000
8.013100
8.013100
4.072200
-4.794700
-20.558001
-23.514000
-20.558001
-18.587999
-9.720900
-0.853860
8.013100
11.954000
2.101800
-4.794700
-16.617001
-27.455000
-27.455000
-17.603001
-5.780000
6.042700
6.042700
6.042700
8.013100
-4.794700
-19.573000
-24.499001
-24.499001
-19.573000
-15.632000
-14.647000
-11.691000
-5.780000
-3.809500
-4.794700
-14.647000
-28.440001
-31.396000
-31.396000
-22.528999
-14.647000
-7.750400
-3.809500
-2.824300
-2.824300
-13.662000
-24.499001
-32.381001
-25.483999
-13.662000
1.116600
9.983600
8.013100
2.101800
-1.839100
-7.750400
-11.691000
-18.587999
-18.587999
-16.617001
-12.677000
-3.809500
2.101800
9.983600
1.116600
4.072200
2.101800
-6.765200
-5.780000
-2.824300
-4.794700
-0.853860
7.027900
2.101800
-0.853860
-1.839100
-5.780000
-9.720900
-8.735600
-6.765200
-4.794700
-1.839100
-1.839100
-10.706000
-13.662000
-14.647000
-9.720900
-6.765200
-2.824300
0.131360
-4.794700
-5.780000
-9.720900
-13.662000
-9.720900
-8.735600
-10.706000
-11.691000
-15.632000
-16.617001
-14.647000
-9.720900
-11.691000
-11.691000
-8.735600
-5.780000
-2.824300
0.131360
10.969000
13.924000
13.924000
8.998400
-0.853860
-6.765200
-6.765200
-3.809500
-2.824300
-2.824300
-4.794700
0.131360
5.057500
7.027900
6.042700
7.027900
5.057500
4.072200
8.998400
13.924000
13.924000
18.851000
19.836000
19.836000
18.851000
16.879999
9.983600
3.087000
0.131360
8.998400
15.895000
15.895000
16.879999
13.924000
9.983600
8.998400
7.027900
6.042700
7.027900
0.131360
8.013100
15.895000
14.910000
13.924000
7.027900
-1.839100
-6.765200
0.131360
8.998400
16.879999
22.791000
19.836000
11.954000
1.116600
-5.780000
-4.794700
-0.853860
9.983600
12.939000
10.969000
10.969000
8.013100
5.057500
3.087000
7.027900
5.057500
8.013100
8.998400
10.969000
7.027900
7.027900
12.939000
8.013100
5.057500
3.087000
8.013100
7.027900
5.057500
7.027900
2.101800
-0.853860
-5.780000
-7.750400
-4.794700
1.116600
7.027900
6.042700
7.027900
2.101800
-3.809500
-8.735600
-9.720900
-11.691000
-7.750400
5.057500
11.954000
13.924000
16.879999
13.924000
5.057500
0.131360
-9.720900
-9.720900
-4.794700
-0.853860
8.013100
18.851000
19.836000
16.879999
16.879999
14.910000
10.969000
0.131360
-0.853860
3.087000
8.998400
16.879999
19.836000
19.836000
17.865000
8.998400
-2.824300
-7.750400
-6.765200
-1.839100
8.013100
8.998400
-0.853860
5.057500
10.969000
9.983600
3.087000
10.969000
23.777000
13.924000
7.027900
3.087000
5.057500
13.924000
5.057500
-0.853860
-4.794700
-6.765200
-6.765200
-8.735600
-8.735600
-12.677000
-11.691000
-9.720900
2.101800
0.131360
-5.780000
-7.750400
-13.662000
-13.662000
-13.662000
-7.750400
-0.853860
8.998400
11.954000
8.998400
2.101800
-0.853860
-5.780000
-4.794700
-5.780000
2.101800
7.027900
12.939000
21.806000
12.939000
2.101800
1.116600
4.072200
4.072200
4.072200
-2.824300
3.087000
3.087000
4.072200
7.027900
13.924000
10.969000
8.013100
5.057500
1.116600
-7.750400
-8.735600
-7.750400
-4.794700
4.072200
7.027900
7.027900
8.998400
6.042700
-0.853860
-5.780000
-5.780000
-3.809500
-7.750400
-5.780000
4.072200
8.998400
3.087000
-3.809500
-1.839100
-0.853860
-4.794700
-5.780000
-1.839100
5.057500
15.895000
23.777000
28.702999
22.791000
21.806000
3.087000
0.131360
3.087000
-2.824300
4.072200
9.983600
13.924000
10.969000
7.027900
4.072200
5.057500
8.013100
8.013100
0.131360
-4.794700
-9.720900
-5.780000
0.131360
6.042700
13.924000
9.983600
3.087000
-3.809500
-10.706000
-20.558001
-9.720900
-3.809500
-0.853860
5.057500
11.954000
17.865000
11.954000
-1.839100
-13.662000
-15.632000
-14.647000
-10.706000
-0.853860
17.865000
21.806000
6.042700
2.101800
-2.824300
-7.750400
-0.853860
1.116600
0.131360
0.131360
-1.839100
12.939000
16.879999
14.910000
18.851000
17.865000
7.027900
-3.809500
-3.809500
5.057500
3.087000
1.116600
7.027900
11.954000
13.924000
8.013100
8.998400
4.072200
2.101800
-0.853860
5.057500
2.101800
-2.824300
4.072200
3.087000
2.101800
7.027900
5.057500
6.042700
8.013100
10.969000
12.939000
7.027900
7.027900
7.027900
10.969000
18.851000
17.865000
13.924000
9.983600
3.087000
-0.853860
4.072200
6.042700
6.042700
11.954000
12.939000
11.954000
16.879999
8.998400
2.101800
-5.780000
-6.765200
-6.765200
-4.794700
-0.853860
6.042700
5.057500
4.072200
6.042700
1.116600
-10.706000
-11.691000
-10.706000
-7.750400
-1.839100
7.027900
9.983600
9.983600
12.939000
14.910000
6.042700
-5.780000
-8.735600
-15.632000
-9.720900
-3.809500
-0.853860
5.057500
5.057500
1.116600
-4.794700
-3.809500
-5.780000
-5.780000
-4.794700
-3.809500
0.131360
8.998400
8.013100
0.131360
-3.809500
-5.780000
-10.706000
-12.677000
-18.587999
-14.647000
-5.780000
-3.809500
-1.839100
3.087000
6.042700
5.057500
7.027900
-1.839100
-0.853860
-2.824300
-6.765200
4.072200
6.042700
-4.794700
-9.720900
-11.691000
1.116600
12.939000
0.131360
-17.603001
-26.469999
-24.499001
-23.514000
-16.617001
-10.706000
-3.809500
-2.824300
-0.853860
0.131360
-5.780000
-8.735600
-11.691000
-9.720900
3.087000
8.013100
7.027900
2.101800
-5.780000
-4.794700
-7.750400
-4.794700
-0.853860
5.057500
8.013100
11.954000
10.969000
5.057500
6.042700
6.042700
5.057500
2.101800
1.116600
4.072200
8.998400
13.924000
13.924000
12.939000
8.013100
-2.824300
-8.735600
-6.765200
-2.824300
-4.794700
-5.780000
5.057500
2.101800
-0.853860
-2.824300
-9.720900
-18.587999
-21.544001
-24.499001
-19.573000
-19.573000
-10.706000
-12.677000
-11.691000
-13.662000
-13.662000
-13.662000
-17.603001
-21.544001
-21.544001
-17.603001
-18.587999
-13.662000
-15.632000
-3.809500
2.101800
-5.780000
-10.706000
-17.603001
-20.558001
-20.558001
-27.455000
-26.469999
-17.603001
-1.839100
3.087000
-1.839100
-5.780000
-11.691000
-15.632000
-15.632000
-10.706000
-9.720900
-15.632000
-16.617001
-15.632000
-5.780000
1.116600
-1.839100
0.131360
-0.853860
-7.750400
-13.662000
-11.691000
-2.824300
1.116600
12.939000
19.836000
20.820999
17.865000
0.131360
-15.632000
-18.587999
-28.440001
-28.440001
-12.677000
0.131360
7.027900
9.983600
9.983600
3.087000
-2.824300
-16.617001
-18.587999
-20.558001
-23.514000
-16.617001
-5.780000
5.057500
16.879999
22.791000
22.791000
14.910000
-1.839100
-18.587999
-25.483999
-17.603001
12.939000
25.747000
23.777000
30.673000
30.673000
26.732000
17.865000
1.116600
-15.632000
-28.440001
-32.381001
-25.483999
-10.706000
4.072200
10.969000
13.924000
21.806000
18.851000
3.087000
-9.720900
-20.558001
-24.499001
-14.647000
-11.691000
-3.809500
4.072200
4.072200
1.116600
-3.809500
-4.794700
-10.706000
-11.691000
-10.706000
-11.691000
-18.587999
-21.544001
-17.603001
-8.735600
0.131360
6.042700
9.983600
5.057500
4.072200
2.101800
-4.794700
-13.662000
-9.720900
12.939000
18.851000
8.013100
11.954000
6.042700
-0.853860
-6.765200
-10.706000
-6.765200
-3.809500
1.116600
0.131360
5.057500
8.013100
4.072200
-0.853860
-11.691000
-13.662000
-13.662000
-10.706000
0.131360
8.013100
12.939000
7.027900
1.116600
1.116600
-8.735600
-15.632000
-19.573000
-12.677000
-2.824300
6.042700
12.939000
15.895000
11.954000
5.057500
-8.735600
-13.662000
-18.587999
-13.662000
-3.809500
1.116600
3.087000
7.027900
8.998400
7.027900
2.101800
-2.824300
-3.809500
-4.794700
-1.839100
6.042700
10.969000
13.924000
16.879999
17.865000
16.879999
12.939000
3.087000
4.072200
7.027900
12.939000
18.851000
15.895000
13.924000
14.910000
13.924000
14.910000
12.939000
11.954000
12.939000
14.910000
20.820999
17.865000
13.924000
9.983600
8.013100
7.027900
7.027900
5.057500
7.027900
9.983600
12.939000
10.969000
7.027900
4.072200
9.983600
6.042700
1.116600
2.101800
0.131360
7.027900
11.954000
12.939000
11.954000
6.042700
-2.824300
-10.706000
-11.691000
-2.824300
-5.780000
5.057500
11.954000
10.969000
13.924000
12.939000
11.954000
16.879999
12.939000
3.087000
6.042700
8.013100
13.924000
15.895000
31.658001
37.570000
28.702999
21.806000
20.820999
9.983600
2.101800
1.116600
3.087000
12.939000
25.747000
27.718000
24.761999
20.820999
8.013100
0.131360
2.101800
2.101800
2.101800
7.027900
7.027900
9.983600
15.895000
19.836000
18.851000
13.924000
9.983600
0.131360
-5.780000
-7.750400
-2.824300
7.027900
10.969000
8.013100
10.969000
10.969000
5.057500
1.116600
0.131360
-4.794700
3.087000
8.013100
0.131360
6.042700
13.924000
14.910000
4.072200
-3.809500
-15.632000
-20.558001
-13.662000
0.131360
8.013100
8.998400
12.939000
8.998400
1.116600
-0.853860
-8.735600
-12.677000
-14.647000
-11.691000
5.057500
9.983600
18.851000
21.806000
21.806000
14.910000
-1.839100
-9.720900
-11.691000
-11.691000
-3.809500
8.013100
14.910000
8.013100
-0.853860
-2.824300
-9.720900
-12.677000
-16.617001
-15.632000
-16.617001
-6.765200
1.116600
8.013100
8.998400
8.998400
7.027900
3.087000
2.101800
-4.794700
-6.765200
-3.809500
-4.794700
0.131360
7.027900
12.939000
21.806000
17.865000
8.013100
6.042700
-0.853860
-9.720900
-18.587999
-20.558001
-17.603001
-7.750400
-0.853860
-1.839100
2.101800
10.969000
12.939000
8.013100
