-3.682500
0.126980
-1.777800
-0.825400
2.031700
7.746000
12.508000
9.650800
-1.777800
-11.302000
-9.396800
-3.682500
-1.777800
4.888900
2.984100
1.079400
5.841300
7.746000
8.698400
-3.682500
-10.349000
-11.302000
-7.492100
-5.587300
-4.634900
-3.682500
-2.730200
6.793700
7.746000
10.603000
2.031700
-13.206000
-18.921000
-14.159000
-2.730200
-2.730200
-3.682500
-0.825400
3.936500
8.698400
13.460000
16.316999
18.222000
10.603000
3.936500
6.793700
9.650800
5.841300
0.126980
1.079400
4.888900
0.126980
1.079400
-0.825400
-4.634900
-5.587300
-6.539700
-0.825400
4.888900
2.984100
0.126980
2.984100
2.984100
-1.777800
-6.539700
-3.682500
-2.730200
-5.587300
-1.777800
-0.825400
-0.825400
-6.539700
-4.634900
-5.587300
-10.349000
-11.302000
-9.396800
-14.159000
-15.111000
-8.444400
-11.302000
-15.111000
-10.349000
-8.444400
-5.587300
-2.730200
-7.492100
-12.254000
-11.302000
-4.634900
2.031700
1.079400
0.126980
1.079400
0.126980
4.888900
8.698400
7.746000
-1.777800
-4.634900
-4.634900
-0.825400
3.936500
5.841300
7.746000
11.556000
6.793700
5.841300
3.936500
-3.682500
-10.349000
-10.349000
-2.730200
1.079400
1.079400
0.126980
-0.825400
9.650800
9.650800
10.603000
6.793700
-0.825400
-0.825400
2.984100
-0.825400
1.079400
9.650800
13.460000
12.508000
6.793700
3.936500
5.841300
1.079400
-1.777800
1.079400
6.793700
8.698400
1.079400
5.841300
14.413000
11.556000
11.556000
7.746000
-2.730200
-2.730200
2.031700
-3.682500
-11.302000
-9.396800
-1.777800
2.031700
3.936500
11.556000
7.746000
-1.777800
-5.587300
-8.444400
-2.730200
1.079400
5.841300
8.698400
12.508000
11.556000
12.508000
11.556000
9.650800
8.698400
8.698400
12.508000
7.746000
0.126980
-1.777800
-6.539700
-7.492100
-10.349000
-12.254000
-6.539700
-4.634900
-4.634900
-12.254000
-11.302000
-9.396800
-4.634900
-0.825400
-4.634900
-9.396800
-5.587300
0.126980
-1.777800
-5.587300
-5.587300
-1.777800
1.079400
3.936500
2.984100
-0.825400
2.984100
7.746000
2.984100
2.984100
0.126980
-3.682500
-9.396800
-15.111000
-10.349000
-8.444400
-7.492100
-8.444400
-11.302000
-12.254000
-11.302000
-9.396800
-9.396800
-9.396800
-5.587300
-3.682500
1.079400
10.603000
9.650800
12.508000
9.650800
7.746000
12.508000
2.984100
-2.730200
-2.730200
3.936500
0.126980
-6.539700
-11.302000
-15.111000
-10.349000
-8.444400
-10.349000
-5.587300
0.126980
-0.825400
-8.444400
-7.492100
-1.777800
1.079400
1.079400
0.126980
-1.777800
0.126980
-1.777800
2.031700
-0.825400
1.079400
1.079400
-7.492100
-9.396800
-8.444400
-1.777800
5.841300
11.556000
17.270000
15.365000
14.413000
16.316999
17.270000
10.603000
3.936500
0.126980
-4.634900
-9.396800
-8.444400
-1.777800
-6.539700
-4.634900
8.698400
14.413000
16.316999
20.127001
12.508000
8.698400
13.460000
5.841300
0.126980
4.888900
9.650800
7.746000
2.984100
-2.730200
-9.396800
-16.063000
-14.159000
-9.396800
-4.634900
-0.825400
-1.777800
1.079400
3.936500
4.888900
1.079400
-9.396800
-14.159000
-10.349000
-5.587300
-1.777800
-2.730200
-0.825400
-1.777800
-1.777800
5.841300
7.746000
6.793700
1.079400
1.079400
4.888900
0.126980
-1.777800
7.746000
13.460000
11.556000
10.603000
15.365000
14.413000
9.650800
4.888900
3.936500
2.031700
2.031700
2.984100
2.984100
2.984100
1.079400
2.984100
2.031700
1.079400
-4.634900
-11.302000
-9.396800
-9.396800
-10.349000
-10.349000
-14.159000
-12.254000
-15.111000
-17.968000
-12.254000
-6.539700
-10.349000
-4.634900
4.888900
5.841300
5.841300
11.556000
12.508000
12.508000
12.508000
9.650800
6.793700
2.984100
-5.587300
-9.396800
-10.349000
-13.206000
-14.159000
-14.159000
-11.302000
-7.492100
-7.492100
-8.444400
-10.349000
-11.302000
-10.349000
-4.634900
-1.777800
3.936500
13.460000
9.650800
4.888900
12.508000
13.460000
9.650800
2.031700
-4.634900
-14.159000
-21.778000
-22.730000
-15.111000
-3.682500
0.126980
1.079400
5.841300
5.841300
11.556000
13.460000
11.556000
12.508000
11.556000
9.650800
10.603000
10.603000
6.793700
9.650800
11.556000
11.556000
7.746000
7.746000
6.793700
3.936500
2.031700
0.126980
-3.682500
-4.634900
-10.349000
-8.444400
-12.254000
-15.111000
-9.396800
-3.682500
-6.539700
-8.444400
-4.634900
-1.777800
-6.539700
-10.349000
-10.349000
-11.302000
-2.730200
-0.825400
2.031700
5.841300
-0.825400
-7.492100
-5.587300
-4.634900
-2.730200
-0.825400
0.126980
4.888900
6.793700
2.031700
2.984100
7.746000
7.746000
7.746000
4.888900
2.984100
4.888900
1.079400
-1.777800
-7.492100
-10.349000
-6.539700
-3.682500
-5.587300
-6.539700
-4.634900
-1.777800
-0.825400
0.126980
-0.825400
-3.682500
-3.682500
-2.730200
-7.492100
-5.587300
-5.587300
-11.302000
-10.349000
-2.730200
1.079400
-0.825400
2.984100
2.984100
1.079400
3.936500
7.746000
8.698400
11.556000
9.650800
10.603000
9.650800
9.650800
11.556000
9.650800
9.650800
6.793700
3.936500
2.031700
-0.825400
-5.587300
-4.634900
-4.634900
-4.634900
1.079400
2.984100
0.126980
-5.587300
-4.634900
-4.634900
-2.730200
0.126980
-2.730200
-3.682500
-4.634900
0.126980
2.031700
1.079400
3.936500
7.746000
6.793700
11.556000
13.460000
10.603000
13.460000
12.508000
12.508000
6.793700
-0.825400
0.126980
-1.777800
-0.825400
2.984100
2.984100
3.936500
-4.634900
-6.539700
0.126980
-5.587300
-11.302000
-5.587300
-5.587300
-11.302000
-10.349000
-9.396800
-10.349000
-9.396800
-7.492100
-6.539700
-6.539700
-7.492100
-5.587300
-9.396800
-6.539700
-3.682500
-0.825400
-3.682500
-5.587300
-0.825400
-3.682500
1.079400
9.650800
4.888900
8.698400
10.603000
8.698400
11.556000
13.460000
12.508000
11.556000
5.841300
7.746000
6.793700
7.746000
8.698400
6.793700
8.698400
4.888900
-2.730200
-3.682500
-0.825400
-3.682500
-2.730200
1.079400
6.793700
3.936500
2.031700
5.841300
2.031700
-1.777800
-6.539700
-5.587300
0.126980
2.984100
8.698400
8.698400
7.746000
-1.777800
-4.634900
-2.730200
-3.682500
-5.587300
-5.587300
1.079400
2.984100
-0.825400
-4.634900
-1.777800
0.126980
0.126980
2.031700
0.126980
-5.587300
-5.587300
-5.587300
-10.349000
-10.349000
-3.682500
-0.825400
-2.730200
1.079400
5.841300
8.698400
9.650800
7.746000
3.936500
-0.825400
-5.587300
-6.539700
-6.539700
-5.587300
-10.349000
-9.396800
-4.634900
-3.682500
0.126980
-0.825400
2.031700
2.984100
2.984100
4.888900
5.841300
3.936500
3.936500
9.650800
3.936500
3.936500
8.698400
3.936500
1.079400
-0.825400
1.079400
-1.777800
-5.587300
-2.730200
1.079400
-0.825400
1.079400
-0.825400
-3.682500
0.126980
-3.682500
-1.777800
2.031700
5.841300
3.936500
2.031700
3.936500
3.936500
2.984100
2.984100
5.841300
2.984100
2.031700
1.079400
-4.634900
-4.634900
-1.777800
4.888900
11.556000
4.888900
-2.730200
-1.777800
0.126980
2.984100
0.126980
-1.777800
-3.682500
-1.777800
-0.825400
1.079400
2.031700
-2.730200
-3.682500
1.079400
2.031700
2.031700
2.984100
3.936500
2.031700
2.984100
4.888900
2.031700
2.031700
1.079400
-5.587300
-8.444400
-9.396800
-7.492100
-8.444400
-4.634900
-2.730200
-3.682500
-6.539700
-10.349000
-10.349000
-16.063000
-18.921000
-11.302000
-14.159000
-16.063000
-15.111000
-9.396800
2.031700
9.650800
10.603000
2.031700
-4.634900
-4.634900
-5.587300
-1.777800
1.079400
-2.730200
0.126980
8.698400
3.936500
0.126980
1.079400
-0.825400
-1.777800
-5.587300
-1.777800
-1.777800
-5.587300
0.126980
-0.825400
0.126980
4.888900
9.650800
15.365000
19.174999
13.460000
3.936500
0.126980
-2.730200
0.126980
2.031700
-0.825400
-2.730200
-8.444400
-14.159000
-15.111000
-11.302000
-8.444400
0.126980
7.746000
5.841300
3.936500
2.031700
1.079400
3.936500
2.031700
5.841300
10.603000
3.936500
0.126980
2.984100
13.460000
20.127001
14.413000
10.603000
6.793700
3.936500
3.936500
1.079400
0.126980
1.079400
4.888900
4.888900
1.079400
-1.777800
-3.682500
2.984100
1.079400
-7.492100
-12.254000
-13.206000
-7.492100
-4.634900
2.984100
11.556000
9.650800
2.984100
5.841300
4.888900
1.079400
3.936500
5.841300
5.841300
1.079400
-2.730200
-2.730200
-5.587300
-5.587300
-3.682500
-4.634900
-2.730200
-3.682500
-7.492100
-7.492100
-9.396800
-13.206000
-16.063000
-17.968000
-8.444400
3.936500
1.079400
1.079400
7.746000
19.174999
17.270000
10.603000
12.508000
11.556000
11.556000
12.508000
11.556000
5.841300
-0.825400
2.984100
8.698400
10.603000
8.698400
0.126980
2.031700
4.888900
-0.825400
-4.634900
-4.634900
-1.777800
-4.634900
-12.254000
-11.302000
-4.634900
-0.825400
1.079400
3.936500
7.746000
11.556000
11.556000
7.746000
4.888900
5.841300
4.888900
0.126980
-3.682500
-9.396800
-10.349000
-7.492100
-4.634900
-9.396800
-10.349000
-5.587300
-2.730200
1.079400
2.031700
-2.730200
-0.825400
2.984100
0.126980
1.079400
4.888900
5.841300
2.031700
-1.777800
5.841300
6.793700
2.984100
-2.730200
0.126980
-1.777800
-1.777800
-11.302000
-18.921000
-20.825001
-20.825001
-18.921000
-14.159000
-11.302000
-4.634900
-3.682500
-1.777800
-6.539700
-13.206000
-13.206000
-5.587300
-4.634900
-5.587300
1.079400
2.984100
-3.682500
-3.682500
3.936500
5.841300
6.793700
8.698400
13.460000
10.603000
2.031700
4.888900
6.793700
-0.825400
-5.587300
-10.349000
-15.111000
-13.206000
-13.206000
-13.206000
-9.396800
-6.539700
-0.825400
1.079400
2.984100
-1.777800
0.126980
9.650800
7.746000
-1.777800
0.126980
2.984100
2.031700
7.746000
3.936500
-4.634900
-1.777800
1.079400
2.984100
3.936500
8.698400
13.460000
12.508000
15.365000
13.460000
9.650800
7.746000
5.841300
6.793700
2.031700
-3.682500
-11.302000
-7.492100
-3.682500
-1.777800
0.126980
0.126980
2.984100
8.698400
6.793700
5.841300
7.746000
10.603000
10.603000
12.508000
9.650800
4.888900
4.888900
8.698400
11.556000
6.793700
-3.682500
-10.349000
-13.206000
-11.302000
-6.539700
0.126980
-1.777800
-10.349000
-10.349000
0.126980
4.888900
2.984100
1.079400
1.079400
-1.777800
4.888900
11.556000
12.508000
19.174999
21.079000
16.316999
9.650800
8.698400
4.888900
-1.777800
-1.777800
-7.492100
-11.302000
-7.492100
0.126980
3.936500
2.984100
0.126980
-0.825400
2.984100
4.888900
4.888900
-1.777800
-14.159000
-19.872999
-26.540001
-27.492001
-25.587000
-24.635000
-19.872999
-19.872999
-18.921000
-14.159000
-8.444400
-7.492100
-2.730200
5.841300
7.746000
6.793700
9.650800
11.556000
5.841300
2.984100
-0.825400
3.936500
2.984100
