-7.555600
0.063490
0.063490
1.968300
11.492000
8.634900
7.682500
2.920600
6.730200
9.587300
-7.555600
-5.650800
5.777800
1.015900
5.777800
3.873000
4.825400
10.540000
5.777800
-9.460300
1.015900
-5.650800
-11.365000
4.825400
2.920600
-12.317000
-9.460300
0.063490
4.825400
-3.746000
-0.888890
-6.603200
-12.317000
-19.937000
-13.270000
-1.841300
3.873000
4.825400
-6.603200
-4.698400
3.873000
20.063000
21.016001
11.492000
-0.888890
-3.746000
3.873000
1.968300
4.825400
9.587300
2.920600
-9.460300
-10.413000
3.873000
9.587300
6.730200
-12.317000
-4.698400
3.873000
1.015900
1.968300
5.777800
8.634900
8.634900
1.968300
-18.983999
-5.650800
10.540000
2.920600
9.587300
4.825400
-10.413000
-7.555600
6.730200
5.777800
4.825400
1.968300
-0.888890
-11.365000
-16.127001
1.968300
1.968300
-8.507900
-11.365000
-9.460300
-5.650800
1.968300
0.063490
-7.555600
-5.650800
-0.888890
-3.746000
-16.127001
-5.650800
7.682500
13.397000
9.587300
3.873000
-2.793700
-18.032000
-5.650800
12.444000
5.777800
1.968300
2.920600
6.730200
6.730200
2.920600
1.015900
-12.317000
-10.413000
-1.841300
0.063490
-2.793700
2.920600
0.063490
-7.555600
9.587300
10.540000
1.968300
-8.507900
4.825400
7.682500
5.777800
-6.603200
1.015900
-4.698400
7.682500
15.302000
6.730200
-8.507900
-8.507900
10.540000
18.159000
9.587300
-4.698400
-6.603200
7.682500
11.492000
8.634900
9.587300
8.634900
-8.507900
-13.270000
-13.270000
-10.413000
-0.888890
-12.317000
-3.746000
6.730200
-0.888890
6.730200
16.254000
7.682500
2.920600
-3.746000
-13.270000
0.063490
5.777800
1.968300
0.063490
-5.650800
-1.841300
8.634900
10.540000
12.444000
5.777800
1.015900
1.968300
-2.793700
6.730200
8.634900
1.968300
8.634900
-2.793700
-5.650800
8.634900
7.682500
6.730200
3.873000
-2.793700
2.920600
2.920600
3.873000
0.063490
0.063490
-2.793700
-5.650800
0.063490
2.920600
-9.460300
-7.555600
2.920600
0.063490
-3.746000
6.730200
-7.555600
-2.793700
1.015900
0.063490
1.015900
2.920600
-4.698400
-19.937000
-12.317000
-3.746000
-7.555600
-11.365000
-13.270000
-0.888890
1.968300
-7.555600
-16.127001
-0.888890
1.968300
-4.698400
5.777800
-0.888890
-4.698400
1.015900
0.063490
6.730200
3.873000
-3.746000
0.063490
-0.888890
-1.841300
1.968300
6.730200
-9.460300
-14.222000
-11.365000
-9.460300
5.777800
14.349000
5.777800
-9.460300
-2.793700
1.015900
0.063490
6.730200
2.920600
-3.746000
7.682500
7.682500
-5.650800
8.634900
-4.698400
-8.507900
6.730200
-7.555600
-17.079000
-7.555600
2.920600
16.254000
11.492000
12.444000
1.015900
-9.460300
5.777800
13.397000
18.159000
7.682500
-1.841300
-9.460300
-4.698400
4.825400
-10.413000
-8.507900
10.540000
0.063490
1.015900
12.444000
2.920600
6.730200
7.682500
6.730200
1.015900
1.968300
5.777800
-3.746000
1.015900
3.873000
1.968300
-1.841300
-7.555600
1.015900
1.968300
-1.841300
-6.603200
-5.650800
7.682500
11.492000
4.825400
-4.698400
-8.507900
-7.555600
-7.555600
4.825400
1.968300
-2.793700
1.968300
-0.888890
1.015900
0.063490
3.873000
10.540000
2.920600
1.015900
1.015900
-0.888890
1.968300
4.825400
-0.888890
-7.555600
1.968300
13.397000
11.492000
7.682500
10.540000
10.540000
-2.793700
0.063490
5.777800
1.015900
0.063490
10.540000
11.492000
-0.888890
-6.603200
1.015900
5.777800
2.920600
-6.603200
0.063490
2.920600
-11.365000
-14.222000
-16.127001
-7.555600
-2.793700
-1.841300
-11.365000
-19.937000
-18.983999
-7.555600
9.587300
1.968300
1.015900
8.634900
3.873000
-11.365000
-12.317000
12.444000
2.920600
-0.888890
0.063490
-9.460300
-0.888890
11.492000
3.873000
0.063490
-0.888890
-5.650800
1.968300
-6.603200
3.873000
5.777800
-1.841300
-9.460300
-17.079000
5.777800
15.302000
8.634900
6.730200
-5.650800
-7.555600
-11.365000
-6.603200
-1.841300
-2.793700
-6.603200
-19.937000
-6.603200
-0.888890
1.968300
5.777800
9.587300
1.015900
0.063490
5.777800
3.873000
-0.888890
-8.507900
0.063490
1.968300
5.777800
7.682500
5.777800
-0.888890
-10.413000
-2.793700
7.682500
4.825400
-6.603200
-11.365000
-10.413000
-10.413000
-2.793700
-3.746000
-0.888890
2.920600
3.873000
1.968300
-5.650800
7.682500
20.063000
15.302000
6.730200
8.634900
12.444000
8.634900
4.825400
10.540000
6.730200
8.634900
12.444000
3.873000
-3.746000
2.920600
17.205999
10.540000
3.873000
7.682500
6.730200
9.587300
6.730200
3.873000
1.015900
10.540000
5.777800
1.015900
4.825400
1.015900
-2.793700
0.063490
-1.841300
-2.793700
7.682500
10.540000
6.730200
-7.555600
-13.270000
-15.175000
-5.650800
6.730200
2.920600
-11.365000
-8.507900
-9.460300
-7.555600
-3.746000
0.063490
-2.793700
-3.746000
-8.507900
-13.270000
-8.507900
-2.793700
1.015900
1.015900
-7.555600
-1.841300
2.920600
-1.841300
2.920600
5.777800
-4.698400
-15.175000
2.920600
10.540000
-0.888890
2.920600
1.968300
-16.127001
-19.937000
-1.841300
5.777800
8.634900
4.825400
-2.793700
0.063490
1.015900
0.063490
-10.413000
-1.841300
5.777800
-6.603200
-2.793700
7.682500
8.634900
-2.793700
-5.650800
4.825400
0.063490
-2.793700
11.492000
10.540000
4.825400
2.920600
6.730200
4.825400
-5.650800
-10.413000
-6.603200
6.730200
13.397000
1.015900
-1.841300
-4.698400
-2.793700
-5.650800
2.920600
1.015900
-2.793700
-4.698400
-5.650800
-6.603200
0.063490
0.063490
-7.555600
-4.698400
-5.650800
-7.555600
2.920600
8.634900
-0.888890
-0.888890
-4.698400
1.968300
-6.603200
-0.888890
5.777800
0.063490
-3.746000
-11.365000
4.825400
20.063000
15.302000
9.587300
2.920600
2.920600
0.063490
8.634900
6.730200
12.444000
2.920600
-9.460300
-6.603200
4.825400
16.254000
6.730200
-4.698400
-0.888890
-12.317000
-8.507900
3.873000
6.730200
1.968300
-3.746000
-5.650800
-4.698400
-6.603200
-0.888890
0.063490
1.015900
-6.603200
0.063490
0.063490
0.063490
6.730200
-1.841300
-7.555600
7.682500
11.492000
2.920600
-13.270000
-5.650800
-3.746000
4.825400
10.540000
2.920600
-6.603200
-15.175000
-7.555600
3.873000
5.777800
4.825400
-5.650800
-10.413000
-1.841300
1.968300
3.873000
4.825400
5.777800
-2.793700
5.777800
12.444000
11.492000
8.634900
-9.460300
-8.507900
3.873000
3.873000
-4.698400
-6.603200
-13.270000
-13.270000
1.968300
1.968300
1.015900
-1.841300
0.063490
0.063490
2.920600
0.063490
7.682500
8.634900
11.492000
4.825400
2.920600
7.682500
-2.793700
-4.698400
4.825400
-2.793700
-2.793700
1.015900
-0.888890
-9.460300
-1.841300
4.825400
7.682500
-1.841300
-5.650800
12.444000
5.777800
-0.888890
2.920600
-7.555600
-4.698400
4.825400
-4.698400
-8.507900
-6.603200
4.825400
-5.650800
0.063490
14.349000
3.873000
-5.650800
-6.603200
1.968300
-2.793700
1.015900
13.397000
3.873000
-5.650800
-6.603200
0.063490
-11.365000
-0.888890
14.349000
12.444000
-3.746000
-8.507900
-5.650800
-6.603200
1.015900
9.587300
2.920600
-8.507900
-8.507900
-1.841300
7.682500
-4.698400
0.063490
10.540000
11.492000
-2.793700
-8.507900
-4.698400
-3.746000
-2.793700
0.063490
1.015900
0.063490
0.063490
0.063490
-5.650800
-6.603200
-3.746000
-1.841300
-2.793700
-5.650800
-12.317000
3.873000
16.254000
12.444000
-1.841300
-18.983999
-14.222000
1.968300
0.063490
-0.888890
-12.317000
-18.032000
6.730200
3.873000
-5.650800
-4.698400
-13.270000
-8.507900
3.873000
-2.793700
-5.650800
-5.650800
-15.175000
-15.175000
9.587300
18.159000
4.825400
-5.650800
-2.793700
-1.841300
12.444000
12.444000
0.063490
4.825400
-1.841300
-0.888890
5.777800
1.968300
-2.793700
-7.555600
-8.507900
-13.270000
4.825400
11.492000
-2.793700
-5.650800
-7.555600
-0.888890
20.063000
8.634900
-6.603200
5.777800
-3.746000
-0.888890
3.873000
9.587300
6.730200
11.492000
14.349000
5.777800
3.873000
7.682500
-2.793700
-8.507900
11.492000
16.254000
4.825400
-8.507900
-6.603200
1.968300
7.682500
5.777800
-8.507900
-13.270000
3.873000
-1.841300
-3.746000
4.825400
-1.841300
-0.888890
18.159000
14.349000
6.730200
3.873000
2.920600
5.777800
1.015900
0.063490
1.968300
-0.888890
-2.793700
-7.555600
-6.603200
8.634900
1.015900
-10.413000
-6.603200
-6.603200
-11.365000
-1.841300
-11.365000
-6.603200
-6.603200
-18.983999
-6.603200
7.682500
10.540000
5.777800
-1.841300
8.634900
7.682500
3.873000
12.444000
10.540000
9.587300
-1.841300
-6.603200
6.730200
14.349000
8.634900
6.730200
-9.460300
-18.032000
4.825400
20.063000
7.682500
-11.365000
-1.841300
18.159000
1.015900
-7.555600
-9.460300
-6.603200
14.349000
15.302000
10.540000
8.634900
-8.507900
5.777800
15.302000
10.540000
-2.793700
-0.888890
1.968300
6.730200
-3.746000
-26.603001
-12.317000
-5.650800
-9.460300
-4.698400
-17.079000
-14.222000
3.873000
-1.841300
-3.746000
-8.507900
-7.555600
11.492000
10.540000
2.920600
9.587300
0.063490
5.777800
16.254000
7.682500
12.444000
6.730200
5.777800
7.682500
-1.841300
4.825400
-1.841300
-1.841300
-2.793700
-13.270000
-10.413000
6.730200
-13.270000
-9.460300
4.825400
0.063490
0.063490
-8.507900
-3.746000
-0.888890
-0.888890
5.777800
-4.698400
-1.841300
-8.507900
-4.698400
7.682500
-8.507900
3.873000
1.968300
-2.793700
3.873000
4.825400
-6.603200
-2.793700
0.063490
-6.603200
-0.888890
-13.270000
-23.746000
-2.793700
9.587300
4.825400
-8.507900
-12.317000
0.063490
9.587300
0.063490
-4.698400
0.063490
-0.888890
9.587300
1.968300
10.540000
6.730200
-0.888890
19.111000
14.349000
14.349000
12.444000
-14.222000
-6.603200
4.825400
19.111000
17.205999
10.540000
0.063490
-7.555600
4.825400
10.540000
2.920600
-8.507900
-4.698400
1.968300
1.968300
4.825400
-11.365000
-13.270000
3.873000
9.587300
14.349000
-2.793700
-8.507900
1.968300
1.968300
-6.603200
3.873000
3.873000
6.730200
2.920600
2.920600
-5.650800
1.968300
-3.746000
1.968300
-9.460300
-11.365000
-0.888890
6.730200
-1.841300
0.063490
10.540000
5.777800
8.634900
5.777800
-4.698400
3.873000
4.825400
-2.793700
4.825400
10.540000
13.397000
3.873000
2.920600
3.873000
2.920600
3.873000
-9.460300
-13.270000
-3.746000
-3.746000
-12.317000
-5.650800
3.873000
-6.603200
-9.460300
2.920600
7.682500
2.920600
0.063490
-4.698400
-13.270000
-25.650999
-13.270000
-0.888890
-10.413000
-16.127001
-9.460300
-9.460300
-12.317000
-23.746000
-11.365000
9.587300
12.444000
9.587300
1.968300
3.873000
-3.746000
4.825400
14.349000
0.063490
-0.888890
5.777800
