-0.910570
0.065040
2.016300
4.943100
7.869900
2.991900
5.918700
7.869900
7.869900
10.797000
9.821100
1.040700
-3.837400
-4.813000
-10.667000
-14.569000
-13.593000
-12.618000
-9.691100
-1.886200
5.918700
12.748000
17.625999
17.625999
13.724000
13.724000
15.675000
16.650000
15.675000
14.699000
18.601999
27.382000
24.455000
18.601999
16.650000
14.699000
11.772000
8.845500
7.869900
5.918700
4.943100
3.967500
6.894300
7.869900
9.821100
9.821100
11.772000
15.675000
19.577000
18.601999
12.748000
7.869900
2.016300
-2.861800
-8.715400
-12.618000
-15.545000
-12.618000
-20.423000
-27.252001
-27.252001
-27.252001
-27.252001
-20.423000
-14.569000
-10.667000
-6.764200
-4.813000
-3.837400
-1.886200
3.967500
2.016300
-1.886200
-1.886200
-1.886200
-6.764200
-9.691100
-10.667000
-9.691100
-6.764200
-1.886200
1.040700
1.040700
-3.837400
-7.739800
-6.764200
-1.886200
2.016300
5.918700
10.797000
14.699000
20.552999
24.455000
27.382000
25.431000
19.577000
10.797000
-0.910570
-6.764200
-14.569000
-21.398001
-22.374001
-20.423000
-21.398001
-21.398001
-17.496000
-13.593000
-7.739800
-0.910570
7.869900
17.625999
21.528000
23.480000
22.504000
22.504000
26.407000
28.358000
23.480000
12.748000
6.894300
2.991900
-4.813000
-8.715400
-11.642000
-14.569000
-14.569000
-14.569000
-13.593000
-12.618000
-10.667000
-8.715400
-3.837400
1.040700
2.991900
3.967500
7.869900
10.797000
8.845500
13.724000
13.724000
7.869900
2.991900
0.065040
-3.837400
-7.739800
-6.764200
-5.788600
-6.764200
-7.739800
-2.861800
-2.861800
-4.813000
0.065040
3.967500
2.991900
4.943100
9.821100
17.625999
21.528000
26.407000
28.358000
26.407000
26.407000
23.480000
19.577000
8.845500
-3.837400
-8.715400
-9.691100
-15.545000
-20.423000
-25.301001
-23.350000
-18.472000
-16.520000
-18.472000
-17.496000
-14.569000
-14.569000
-11.642000
-8.715400
-10.667000
-13.593000
-11.642000
-8.715400
-7.739800
-5.788600
-0.910570
-1.886200
-5.788600
-8.715400
-5.788600
-6.764200
-6.764200
-1.886200
-2.861800
-8.715400
-9.691100
-10.667000
-11.642000
-16.520000
-17.496000
-14.569000
-14.569000
-12.618000
-15.545000
-21.398001
-21.398001
-20.423000
-17.496000
-15.545000
-15.545000
-8.715400
-4.813000
-2.861800
0.065040
5.918700
10.797000
14.699000
16.650000
16.650000
19.577000
16.650000
16.650000
15.675000
10.797000
8.845500
8.845500
8.845500
5.918700
5.918700
7.869900
6.894300
8.845500
10.797000
14.699000
21.528000
24.455000
22.504000
20.552999
13.724000
6.894300
-1.886200
-5.788600
-6.764200
-10.667000
-5.788600
0.065040
1.040700
7.869900
13.724000
18.601999
25.431000
24.455000
21.528000
19.577000
21.528000
18.601999
16.650000
8.845500
2.991900
2.991900
2.016300
-5.788600
-6.764200
-8.715400
-6.764200
-1.886200
1.040700
10.797000
14.699000
13.724000
15.675000
16.650000
14.699000
11.772000
11.772000
9.821100
4.943100
7.869900
5.918700
2.016300
8.845500
18.601999
20.552999
16.650000
9.821100
-1.886200
-2.861800
-0.910570
-2.861800
-5.788600
-7.739800
-7.739800
-6.764200
-11.642000
-16.520000
-19.447001
-21.398001
-25.301001
-27.252001
-22.374001
-20.423000
-22.374001
-17.496000
-9.691100
-2.861800
2.016300
2.991900
-1.886200
-9.691100
-8.715400
-13.593000
-24.325001
-33.105999
-39.935001
-44.813000
-44.813000
-42.862000
-35.056999
-27.252001
-24.325001
-16.520000
-2.861800
5.918700
15.675000
21.528000
21.528000
21.528000
22.504000
14.699000
8.845500
14.699000
15.675000
9.821100
4.943100
3.967500
2.016300
-1.886200
-0.910570
0.065040
3.967500
8.845500
9.821100
6.894300
8.845500
11.772000
19.577000
26.407000
25.431000
23.480000
20.552999
15.675000
11.772000
2.991900
-2.861800
-7.739800
-13.593000
-16.520000
-17.496000
-17.496000
-15.545000
-11.642000
-9.691100
-6.764200
1.040700
5.918700
12.748000
17.625999
23.480000
27.382000
28.358000
30.309000
30.309000
31.285000
21.528000
13.724000
10.797000
7.869900
9.821100
11.772000
9.821100
4.943100
0.065040
-4.813000
-13.593000
-20.423000
-27.252001
-34.081001
-38.959000
-40.910999
-36.033001
-27.252001
-24.325001
-13.593000
-3.837400
3.967500
9.821100
11.772000
12.748000
16.650000
13.724000
0.065040
-12.618000
-16.520000
-17.496000
-23.350000
-27.252001
-30.179001
-28.228001
-22.374001
-18.472000
-13.593000
-3.837400
2.016300
4.943100
12.748000
18.601999
19.577000
17.625999
21.528000
21.528000
19.577000
19.577000
16.650000
18.601999
17.625999
12.748000
7.869900
2.991900
2.991900
5.918700
3.967500
5.918700
5.918700
6.894300
7.869900
6.894300
2.991900
1.040700
-2.861800
-6.764200
-7.739800
-0.910570
-1.886200
-5.788600
-8.715400
-6.764200
-1.886200
2.016300
5.918700
10.797000
11.772000
14.699000
11.772000
10.797000
13.724000
11.772000
4.943100
2.016300
-0.910570
-5.788600
-9.691100
-8.715400
-7.739800
-7.739800
-4.813000
1.040700
0.065040
-9.691100
-12.618000
-16.520000
-18.472000
-14.569000
-15.545000
-16.520000
-15.545000
-8.715400
-2.861800
-0.910570
1.040700
-0.910570
-0.910570
2.991900
5.918700
4.943100
4.943100
1.040700
-1.886200
-1.886200
-0.910570
-1.886200
1.040700
6.894300
11.772000
12.748000
14.699000
15.675000
11.772000
3.967500
-0.910570
-8.715400
-10.667000
-10.667000
-12.618000
-13.593000
-13.593000
-8.715400
-4.813000
2.991900
8.845500
8.845500
8.845500
6.894300
12.748000
14.699000
12.748000
10.797000
7.869900
3.967500
1.040700
-7.739800
-15.545000
-15.545000
-15.545000
-19.447001
-20.423000
-12.618000
-0.910570
3.967500
8.845500
9.821100
9.821100
11.772000
13.724000
20.552999
20.552999
18.601999
17.625999
11.772000
2.991900
-3.837400
-10.667000
-14.569000
-11.642000
-12.618000
-14.569000
-8.715400
-4.813000
-3.837400
-2.861800
-6.764200
-10.667000
-7.739800
-4.813000
-7.739800
-8.715400
-14.569000
-16.520000
-16.520000
-14.569000
-8.715400
-3.837400
2.016300
6.894300
11.772000
11.772000
13.724000
10.797000
10.797000
11.772000
10.797000
17.625999
25.431000
27.382000
28.358000
26.407000
23.480000
18.601999
17.625999
11.772000
4.943100
2.991900
-1.886200
-5.788600
-5.788600
-5.788600
-9.691100
-16.520000
-16.520000
-11.642000
-9.691100
-8.715400
-11.642000
-11.642000
-11.642000
-13.593000
-14.569000
-14.569000
-4.813000
1.040700
2.016300
2.991900
5.918700
7.869900
9.821100
12.748000
18.601999
18.601999
15.675000
11.772000
3.967500
0.065040
-5.788600
-8.715400
-9.691100
-12.618000
-11.642000
-9.691100
-7.739800
-2.861800
1.040700
2.016300
3.967500
2.991900
-0.910570
-4.813000
-4.813000
-10.667000
-11.642000
-15.545000
-19.447001
-20.423000
-21.398001
-19.447001
-18.472000
-17.496000
-13.593000
-14.569000
-13.593000
-11.642000
-3.837400
3.967500
6.894300
10.797000
12.748000
17.625999
18.601999
16.650000
17.625999
17.625999
10.797000
7.869900
5.918700
5.918700
4.943100
2.991900
4.943100
3.967500
3.967500
5.918700
7.869900
9.821100
8.845500
2.991900
-3.837400
-2.861800
3.967500
7.869900
1.040700
-8.715400
-6.764200
-1.886200
-0.910570
2.991900
5.918700
4.943100
9.821100
11.772000
8.845500
10.797000
13.724000
17.625999
15.675000
11.772000
9.821100
5.918700
-0.910570
-3.837400
-2.861800
-2.861800
-2.861800
-3.837400
-8.715400
-6.764200
-1.886200
-1.886200
0.065040
-2.861800
2.016300
4.943100
2.016300
-0.910570
-1.886200
0.065040
-3.837400
-6.764200
-1.886200
2.991900
3.967500
3.967500
5.918700
6.894300
2.991900
1.040700
-0.910570
-4.813000
-5.788600
-3.837400
-4.813000
-8.715400
-7.739800
-2.861800
-7.739800
-15.545000
-14.569000
-16.520000
-20.423000
-21.398001
-19.447001
-16.520000
-15.545000
-12.618000
-13.593000
-13.593000
-9.691100
-6.764200
-4.813000
-2.861800
-1.886200
2.991900
3.967500
1.040700
1.040700
6.894300
13.724000
13.724000
9.821100
10.797000
7.869900
12.748000
17.625999
16.650000
15.675000
15.675000
13.724000
11.772000
9.821100
8.845500
6.894300
5.918700
11.772000
18.601999
24.455000
30.309000
29.333000
18.601999
7.869900
5.918700
3.967500
3.967500
5.918700
6.894300
7.869900
7.869900
6.894300
4.943100
4.943100
7.869900
6.894300
6.894300
9.821100
13.724000
12.748000
1.040700
2.991900
2.991900
-4.813000
-4.813000
-6.764200
-9.691100
-14.569000
-17.496000
-15.545000
-15.545000
-20.423000
-27.252001
-25.301001
-19.447001
-14.569000
-14.569000
-13.593000
-11.642000
-2.861800
3.967500
12.748000
18.601999
21.528000
25.431000
23.480000
14.699000
11.772000
6.894300
-3.837400
-11.642000
-22.374001
-37.007999
-45.789001
-46.764000
-44.813000
-44.813000
-39.935001
-35.056999
-32.130001
-26.275999
-16.520000
-10.667000
-2.861800
4.943100
4.943100
5.918700
7.869900
14.699000
19.577000
21.528000
20.552999
22.504000
19.577000
20.552999
18.601999
10.797000
2.016300
-0.910570
-0.910570
-3.837400
0.065040
7.869900
12.748000
14.699000
16.650000
16.650000
13.724000
7.869900
0.065040
0.065040
2.016300
-2.861800
-5.788600
-1.886200
5.918700
3.967500
1.040700
2.016300
1.040700
-5.788600
-5.788600
-1.886200
-4.813000
-13.593000
-19.447001
-18.472000
-17.496000
-13.593000
-8.715400
-5.788600
-4.813000
-0.910570
10.797000
10.797000
11.772000
12.748000
12.748000
16.650000
20.552999
21.528000
19.577000
12.748000
2.991900
-5.788600
-11.642000
-16.520000
-18.472000
-15.545000
-12.618000
-10.667000
-7.739800
-8.715400
-8.715400
-5.788600
-0.910570
4.943100
10.797000
18.601999
18.601999
9.821100
2.016300
-2.861800
-6.764200
-6.764200
-4.813000
-1.886200
0.065040
-0.910570
1.040700
2.016300
4.943100
6.894300
5.918700
0.065040
-2.861800
-4.813000
-4.813000
-9.691100
-10.667000
-16.520000
-14.569000
-7.739800
-2.861800
1.040700
6.894300
13.724000
15.675000
17.625999
25.431000
27.382000
21.528000
22.504000
21.528000
18.601999
10.797000
-0.910570
-15.545000
-23.350000
-27.252001
-32.130001
-34.081001
-28.228001
-24.325001
-15.545000
-5.788600
4.943100
15.675000
22.504000
29.333000
34.210999
34.210999
37.138000
35.187000
33.236000
27.382000
24.455000
28.358000
29.333000
23.480000
22.504000
22.504000
15.675000
12.748000
4.943100
-2.861800
-6.764200
-8.715400
-12.618000
-15.545000
-12.618000
-2.861800
2.991900
-2.861800
-9.691100
-15.545000
-18.472000
-20.423000
-24.325001
-23.350000
-17.496000
-15.545000
-16.520000
-15.545000
-14.569000
-12.618000
-11.642000
-9.691100
-11.642000
-13.593000
-14.569000
-15.545000
-17.496000
-18.472000
-19.447001
-20.423000
-11.642000
-0.910570
1.040700
-1.886200
0.065040
-2.861800
-4.813000
-2.861800
-7.739800
-12.618000
-14.569000
-15.545000
-14.569000
-9.691100
-2.861800
6.894300
19.577000
29.333000
34.210999
39.089001
42.992001
43.966999
46.894001
42.992001
