1.015900
-1.841300
-1.841300
0.063490
1.015900
-3.746000
-2.793700
1.015900
1.968300
2.920600
0.063490
-7.555600
-13.270000
-14.222000
-20.889000
-22.794001
-19.937000
-18.032000
-15.175000
-9.460300
-1.841300
2.920600
5.777800
7.682500
2.920600
-0.888890
-0.888890
-1.841300
-3.746000
-5.650800
-1.841300
7.682500
11.492000
12.444000
16.254000
18.159000
19.111000
19.111000
20.063000
19.111000
17.205999
14.349000
9.587300
4.825400
1.015900
-0.888890
-0.888890
1.968300
7.682500
8.634900
4.825400
0.063490
-5.650800
-8.507900
-11.365000
-15.175000
-18.983999
-17.079000
-23.746000
-28.507999
-29.459999
-35.174999
-38.984001
-36.126999
-31.365000
-25.650999
-21.841000
-20.889000
-20.889000
-15.175000
-5.650800
-1.841300
-2.793700
-1.841300
-2.793700
-7.555600
-6.603200
-3.746000
-2.793700
-2.793700
-1.841300
1.015900
1.015900
-2.793700
-1.841300
0.063490
4.825400
9.587300
13.397000
17.205999
20.063000
24.825001
31.492001
33.396999
32.444000
27.683001
21.016001
9.587300
0.063490
-15.175000
-28.507999
-30.413000
-25.650999
-22.794001
-16.127001
-7.555600
1.968300
14.349000
25.778000
39.111000
50.540001
54.348999
54.348999
51.492001
49.587002
50.540001
47.682999
38.159000
21.968000
10.540000
2.920600
-9.460300
-20.889000
-28.507999
-34.222000
-34.222000
-35.174999
-31.365000
-26.603001
-23.746000
-24.698000
-18.983999
-17.079000
-17.079000
-19.937000
-17.079000
-15.175000
-15.175000
-8.507900
-3.746000
-6.603200
-5.650800
-4.698400
-2.793700
-3.746000
-1.841300
1.015900
0.063490
-0.888890
1.968300
0.063490
-1.841300
1.968300
8.634900
11.492000
13.397000
18.159000
20.063000
21.016001
21.968000
24.825001
25.778000
27.683001
27.683001
23.872999
15.302000
5.777800
2.920600
1.968300
-4.698400
-11.365000
-18.032000
-17.079000
-12.317000
-10.413000
-11.365000
-10.413000
-5.650800
-2.793700
1.015900
4.825400
5.777800
6.730200
12.444000
16.254000
17.205999
17.205999
16.254000
11.492000
5.777800
2.920600
2.920600
-1.841300
-5.650800
-4.698400
-9.460300
-15.175000
-18.983999
-20.889000
-22.794001
-29.459999
-30.413000
-26.603001
-27.556000
-25.650999
-26.603001
-30.413000
-27.556000
-23.746000
-18.032000
-12.317000
-9.460300
-2.793700
0.063490
2.920600
6.730200
10.540000
13.397000
16.254000
16.254000
18.159000
19.111000
15.302000
14.349000
12.444000
7.682500
7.682500
9.587300
9.587300
6.730200
7.682500
10.540000
7.682500
4.825400
3.873000
4.825400
9.587300
9.587300
3.873000
3.873000
3.873000
5.777800
7.682500
8.634900
9.587300
6.730200
9.587300
12.444000
10.540000
16.254000
20.063000
18.159000
19.111000
12.444000
7.682500
2.920600
1.015900
-1.841300
-1.841300
-6.603200
-10.413000
-9.460300
-8.507900
-14.222000
-15.175000
-17.079000
-16.127001
-13.270000
-14.222000
-9.460300
-7.555600
-9.460300
-5.650800
-1.841300
0.063490
2.920600
8.634900
11.492000
8.634900
14.349000
14.349000
11.492000
17.205999
25.778000
26.730000
21.016001
14.349000
2.920600
0.063490
2.920600
0.063490
0.063490
-0.888890
0.063490
2.920600
-1.841300
-6.603200
-11.365000
-13.270000
-17.079000
-19.937000
-18.983999
-19.937000
-22.794001
-19.937000
-10.413000
-4.698400
-1.841300
-1.841300
-6.603200
-12.317000
-9.460300
-9.460300
-13.270000
-15.175000
-18.032000
-18.983999
-17.079000
-15.175000
-8.507900
-1.841300
-0.888890
-0.888890
4.825400
7.682500
13.397000
15.302000
9.587300
6.730200
6.730200
1.015900
-1.841300
4.825400
9.587300
11.492000
11.492000
15.302000
16.254000
12.444000
11.492000
10.540000
10.540000
11.492000
4.825400
-3.746000
-4.698400
-4.698400
2.920600
10.540000
12.444000
13.397000
10.540000
7.682500
9.587300
4.825400
2.920600
2.920600
0.063490
-1.841300
-5.650800
-8.507900
-13.270000
-16.127001
-20.889000
-21.841000
-16.127001
-11.365000
-4.698400
0.063490
5.777800
12.444000
13.397000
15.302000
14.349000
16.254000
10.540000
6.730200
5.777800
1.968300
0.063490
-2.793700
-6.603200
-10.413000
-11.365000
-15.175000
-22.794001
-27.556000
-30.413000
-35.174999
-40.889000
-44.698002
-40.889000
-35.174999
-32.317001
-19.937000
-8.507900
2.920600
9.587300
14.349000
16.254000
19.111000
17.205999
9.587300
3.873000
3.873000
3.873000
-1.841300
-2.793700
-5.650800
-5.650800
-3.746000
-5.650800
-3.746000
3.873000
9.587300
15.302000
25.778000
34.348999
34.348999
30.540001
31.492001
27.683001
20.063000
15.302000
11.492000
11.492000
7.682500
2.920600
-0.888890
-3.746000
-0.888890
2.920600
3.873000
5.777800
9.587300
12.444000
13.397000
13.397000
12.444000
12.444000
10.540000
5.777800
3.873000
3.873000
-0.888890
-5.650800
-9.460300
-10.413000
-7.555600
-4.698400
-4.698400
-3.746000
-2.793700
-0.888890
-4.698400
-2.793700
3.873000
7.682500
7.682500
6.730200
4.825400
1.015900
-2.793700
-6.603200
-6.603200
-8.507900
-11.365000
-13.270000
-19.937000
-33.270000
-42.793999
-48.507999
-49.459999
-39.937000
-31.365000
-23.746000
-15.175000
-2.793700
6.730200
11.492000
15.302000
15.302000
12.444000
15.302000
19.111000
19.111000
21.968000
18.159000
15.302000
15.302000
17.205999
15.302000
14.349000
16.254000
19.111000
17.205999
16.254000
14.349000
6.730200
-0.888890
-5.650800
-11.365000
-10.413000
-8.507900
-8.507900
-8.507900
-6.603200
-1.841300
2.920600
8.634900
11.492000
7.682500
4.825400
1.968300
3.873000
1.968300
-1.841300
-5.650800
-9.460300
-11.365000
-9.460300
-10.413000
-8.507900
-3.746000
-2.793700
-4.698400
-5.650800
-0.888890
6.730200
6.730200
8.634900
7.682500
7.682500
8.634900
10.540000
15.302000
12.444000
7.682500
1.968300
-8.507900
-17.079000
-24.698000
-29.459999
-32.317001
-29.459999
-32.317001
-35.174999
-27.556000
-19.937000
-14.222000
-8.507900
-7.555600
-7.555600
-2.793700
-1.841300
-5.650800
-7.555600
-13.270000
-15.175000
-16.127001
-13.270000
-7.555600
-0.888890
4.825400
10.540000
14.349000
15.302000
18.159000
16.254000
17.205999
16.254000
12.444000
18.159000
24.825001
25.778000
26.730000
27.683001
27.683001
25.778000
29.587000
22.921000
12.444000
8.634900
3.873000
1.015900
0.063490
0.063490
0.063490
-3.746000
-2.793700
1.968300
4.825400
7.682500
5.777800
7.682500
6.730200
1.015900
-3.746000
-6.603200
1.968300
7.682500
9.587300
14.349000
18.159000
20.063000
21.016001
22.921000
23.872999
19.111000
15.302000
6.730200
-6.603200
-12.317000
-17.079000
-18.032000
-16.127001
-18.032000
-16.127001
-14.222000
-15.175000
-11.365000
-10.413000
-11.365000
-11.365000
-11.365000
-15.175000
-17.079000
-15.175000
-16.127001
-13.270000
-14.222000
-16.127001
-13.270000
-8.507900
-5.650800
-4.698400
-1.841300
1.015900
-1.841300
-4.698400
-7.555600
-2.793700
0.063490
-1.841300
-1.841300
-2.793700
2.920600
3.873000
2.920600
4.825400
4.825400
0.063490
-2.793700
-0.888890
0.063490
-3.746000
-5.650800
-3.746000
-2.793700
-0.888890
1.968300
5.777800
7.682500
5.777800
0.063490
-3.746000
0.063490
3.873000
7.682500
1.968300
-5.650800
-3.746000
-1.841300
-0.888890
1.015900
2.920600
3.873000
6.730200
4.825400
-0.888890
-1.841300
-2.793700
1.015900
1.015900
0.063490
3.873000
6.730200
6.730200
9.587300
11.492000
11.492000
10.540000
7.682500
2.920600
1.968300
2.920600
-0.888890
-4.698400
-6.603200
-0.888890
5.777800
6.730200
5.777800
6.730200
9.587300
4.825400
-0.888890
2.920600
4.825400
1.968300
1.015900
2.920600
3.873000
1.968300
1.968300
2.920600
1.968300
1.015900
2.920600
1.015900
-2.793700
-2.793700
-1.841300
-10.413000
-21.841000
-21.841000
-22.794001
-25.650999
-25.650999
-22.794001
-18.983999
-18.983999
-14.222000
-12.317000
-10.413000
-6.603200
-6.603200
-6.603200
-5.650800
-5.650800
-1.841300
-3.746000
-8.507900
-10.413000
-6.603200
1.015900
3.873000
3.873000
6.730200
7.682500
18.159000
24.825001
27.683001
25.778000
24.825001
23.872999
24.825001
23.872999
23.872999
21.016001
18.159000
15.302000
13.397000
12.444000
17.205999
19.111000
12.444000
6.730200
10.540000
13.397000
14.349000
18.159000
21.016001
21.968000
20.063000
17.205999
12.444000
8.634900
6.730200
1.015900
-1.841300
-0.888890
-0.888890
-4.698400
-17.079000
-16.127001
-16.127001
-21.841000
-18.032000
-15.175000
-14.222000
-17.079000
-17.079000
-12.317000
-11.365000
-15.175000
-20.889000
-23.746000
-21.841000
-19.937000
-23.746000
-25.650999
-26.603001
-20.889000
-14.222000
-5.650800
2.920600
8.634900
14.349000
17.205999
13.397000
15.302000
17.205999
12.444000
8.634900
-0.888890
-11.365000
-20.889000
-23.746000
-22.794001
-23.746000
-19.937000
-16.127001
-17.079000
-14.222000
-8.507900
-7.555600
-4.698400
2.920600
7.682500
12.444000
21.968000
32.444000
40.063000
42.921001
41.015999
41.015999
38.159000
36.254002
30.540001
20.063000
8.634900
0.063490
-7.555600
-17.079000
-18.032000
-15.175000
-12.317000
-8.507900
-8.507900
-10.413000
-13.270000
-17.079000
-20.889000
-19.937000
-18.983999
-19.937000
-16.127001
-8.507900
1.968300
5.777800
8.634900
14.349000
17.205999
15.302000
14.349000
16.254000
13.397000
6.730200
-1.841300
-8.507900
-11.365000
-13.270000
-11.365000
-9.460300
-9.460300
-6.603200
4.825400
9.587300
14.349000
17.205999
17.205999
20.063000
21.968000
21.016001
18.159000
14.349000
7.682500
1.015900
-6.603200
-14.222000
-18.983999
-18.032000
-15.175000
-11.365000
-7.555600
-6.603200
-5.650800
-1.841300
3.873000
7.682500
11.492000
14.349000
11.492000
1.968300
-4.698400
-11.365000
-17.079000
-18.983999
-18.983999
-18.032000
-15.175000
-14.222000
-10.413000
-6.603200
1.015900
2.920600
1.968300
-0.888890
-1.841300
-3.746000
-3.746000
-9.460300
-14.222000
-22.794001
-25.650999
-20.889000
-15.175000
-9.460300
2.920600
10.540000
13.397000
16.254000
27.683001
32.444000
28.635000
29.587000
28.635000
28.635000
24.825001
13.397000
-0.888890
-11.365000
-18.983999
-26.603001
-32.317001
-29.459999
-24.698000
-15.175000
-6.603200
1.968300
9.587300
13.397000
17.205999
21.016001
20.063000
21.968000
21.016001
21.968000
19.111000
17.205999
20.063000
19.111000
17.205999
19.111000
21.016001
16.254000
14.349000
8.634900
2.920600
-0.888890
-2.793700
-7.555600
-13.270000
-14.222000
-10.413000
-10.413000
-18.032000
-24.698000
-28.507999
-30.413000
-32.317001
-35.174999
-33.270000
-27.556000
-25.650999
-24.698000
-19.937000
-18.983999
-16.127001
-11.365000
-7.555600
-11.365000
-16.127001
-19.937000
-20.889000
-19.937000
-18.032000
-14.222000
-9.460300
3.873000
18.159000
26.730000
31.492001
38.159000
38.159000
37.206001
40.063000
38.159000
32.444000
27.683001
20.063000
12.444000
10.540000
11.492000
13.397000
18.159000
21.016001
22.921000
28.635000
34.348999
33.396999
36.254002
38.159000
