-4.766500
-4.766500
-1.868000
1.996800
3.929100
-0.901770
1.030600
2.963000
3.929100
5.861500
3.929100
-4.766500
-10.564000
-10.564000
-15.395000
-16.361000
-11.530000
-7.665100
-4.766500
0.064410
7.793900
11.659000
13.591000
13.591000
7.793900
4.895300
3.929100
2.963000
1.030600
-0.901770
-1.868000
4.895300
4.895300
1.996800
2.963000
3.929100
5.861500
7.793900
9.726200
8.760100
8.760100
6.827700
4.895300
1.996800
0.064410
-1.868000
-0.901770
1.030600
3.929100
4.895300
1.996800
-0.901770
-5.732700
-9.597400
-10.564000
-12.496000
-15.395000
-12.496000
-19.259001
-25.056000
-26.023001
-31.820000
-34.717999
-30.853001
-26.989000
-21.191999
-17.327000
-15.395000
-13.462000
-7.665100
1.030600
2.963000
1.030600
1.996800
1.996800
-2.834100
-2.834100
-0.901770
1.030600
1.996800
3.929100
7.793900
8.760100
3.929100
2.963000
4.895300
8.760100
12.625000
13.591000
14.557000
16.490000
21.320000
27.118000
30.016001
30.016001
28.084000
22.287001
12.625000
4.895300
-8.631200
-21.191999
-24.090000
-21.191999
-21.191999
-17.327000
-8.631200
1.030600
13.591000
25.184999
38.712002
50.306000
54.171001
55.137001
52.237999
50.306000
51.271999
49.340000
40.644001
26.150999
15.523000
7.793900
-3.800300
-11.530000
-17.327000
-24.090000
-26.989000
-28.921000
-27.955000
-26.989000
-26.989000
-29.886999
-29.886999
-29.886999
-29.886999
-31.820000
-27.955000
-24.090000
-24.090000
-17.327000
-13.462000
-15.395000
-15.395000
-12.496000
-10.564000
-10.564000
-6.698900
-2.834100
-3.800300
-5.732700
-2.834100
-4.766500
-8.631200
-4.766500
2.963000
5.861500
9.726200
17.455999
23.253000
24.219000
25.184999
28.084000
27.118000
30.016001
30.982000
29.049999
21.320000
8.760100
3.929100
-0.901770
-9.597400
-17.327000
-22.158001
-20.225000
-14.428000
-8.631200
-7.665100
-1.868000
5.861500
9.726200
16.490000
20.354000
17.455999
15.523000
18.422001
20.354000
19.388000
19.388000
18.422001
12.625000
5.861500
1.996800
0.064410
-5.732700
-9.597400
-8.631200
-12.496000
-18.292999
-21.191999
-22.158001
-21.191999
-26.023001
-27.955000
-25.056000
-26.023001
-25.056000
-26.023001
-28.921000
-25.056000
-21.191999
-16.361000
-11.530000
-8.631200
-0.901770
2.963000
3.929100
6.827700
9.726200
11.659000
13.591000
12.625000
10.692000
9.726200
5.861500
4.895300
4.895300
-0.901770
-1.868000
0.064410
2.963000
1.996800
2.963000
4.895300
2.963000
1.030600
1.030600
1.030600
4.895300
5.861500
4.895300
4.895300
2.963000
2.963000
3.929100
5.861500
8.760100
8.760100
13.591000
20.354000
22.287001
28.084000
31.948000
31.948000
34.847000
31.948000
29.049999
24.219000
21.320000
16.490000
13.591000
5.861500
-1.868000
-4.766500
-7.665100
-16.361000
-18.292999
-20.225000
-20.225000
-16.361000
-17.327000
-11.530000
-8.631200
-9.597400
-5.732700
-2.834100
-2.834100
-2.834100
1.030600
1.030600
-1.868000
4.895300
5.861500
3.929100
11.659000
21.320000
24.219000
22.287001
17.455999
7.793900
4.895300
4.895300
-0.901770
-4.766500
-11.530000
-15.395000
-16.361000
-24.090000
-29.886999
-32.785999
-34.717999
-37.617001
-38.583000
-34.717999
-30.853001
-31.820000
-25.056000
-13.462000
-7.665100
-3.800300
-0.901770
-4.766500
-8.631200
-5.732700
-5.732700
-9.597400
-15.395000
-19.259001
-23.124001
-22.158001
-19.259001
-11.530000
-3.800300
-3.800300
-2.834100
1.996800
3.929100
8.760100
11.659000
9.726200
7.793900
9.726200
5.861500
6.827700
16.490000
24.219000
27.118000
29.049999
32.915001
33.881001
29.049999
25.184999
21.320000
19.388000
16.490000
10.692000
1.996800
1.030600
1.030600
7.793900
14.557000
17.455999
19.388000
19.388000
15.523000
15.523000
9.726200
7.793900
5.861500
1.030600
-1.868000
-5.732700
-8.631200
-14.428000
-17.327000
-23.124001
-26.023001
-20.225000
-14.428000
-4.766500
2.963000
8.760100
16.490000
17.455999
17.455999
17.455999
20.354000
15.523000
9.726200
7.793900
2.963000
1.030600
-2.834100
-5.732700
-11.530000
-15.395000
-19.259001
-25.056000
-28.921000
-30.853001
-34.717999
-40.514999
-45.346001
-43.414001
-38.583000
-36.651001
-25.056000
-11.530000
0.064410
9.726200
15.523000
18.422001
21.320000
17.455999
7.793900
-0.901770
-2.834100
-4.766500
-10.564000
-10.564000
-12.496000
-12.496000
-9.597400
-9.597400
-5.732700
1.030600
7.793900
12.625000
24.219000
33.881001
33.881001
30.982000
32.915001
28.084000
19.388000
14.557000
9.726200
9.726200
8.760100
3.929100
-0.901770
-2.834100
1.030600
4.895300
4.895300
5.861500
7.793900
8.760100
8.760100
6.827700
5.861500
6.827700
5.861500
3.929100
4.895300
8.760100
6.827700
1.996800
-1.868000
-3.800300
-1.868000
-0.901770
-0.901770
-0.901770
-1.868000
0.064410
-3.800300
-4.766500
-1.868000
0.064410
-0.901770
0.064410
-0.901770
-3.800300
-5.732700
-4.766500
-1.868000
-2.834100
-3.800300
-3.800300
-8.631200
-21.191999
-30.853001
-39.549000
-43.414001
-36.651001
-31.820000
-27.955000
-23.124001
-13.462000
-2.834100
2.963000
7.793900
8.760100
8.760100
14.557000
18.422001
19.388000
22.287001
19.388000
14.557000
12.625000
11.659000
6.827700
3.929100
3.929100
7.793900
6.827700
7.793900
8.760100
5.861500
0.064410
-1.868000
-5.732700
-4.766500
-3.800300
-3.800300
-5.732700
-4.766500
-0.901770
2.963000
8.760100
14.557000
14.557000
14.557000
14.557000
21.320000
21.320000
15.523000
9.726200
2.963000
-1.868000
-3.800300
-9.597400
-13.462000
-12.496000
-12.496000
-14.428000
-13.462000
-3.800300
7.793900
12.625000
17.455999
17.455999
17.455999
16.490000
15.523000
19.388000
17.455999
11.659000
4.895300
-6.698900
-17.327000
-25.056000
-32.785999
-37.617001
-34.717999
-36.651001
-38.583000
-31.820000
-25.056000
-20.225000
-17.327000
-18.292999
-19.259001
-14.428000
-12.496000
-13.462000
-13.462000
-19.259001
-22.158001
-23.124001
-22.158001
-16.361000
-10.564000
-5.732700
1.030600
5.861500
7.793900
9.726200
8.760100
13.591000
13.591000
9.726200
14.557000
21.320000
23.253000
24.219000
23.253000
22.287001
20.354000
24.219000
17.455999
7.793900
3.929100
-1.868000
-5.732700
-5.732700
-2.834100
-0.901770
0.064410
3.929100
11.659000
15.523000
18.422001
15.523000
15.523000
12.625000
5.861500
0.064410
-2.834100
4.895300
13.591000
18.422001
25.184999
31.948000
36.778999
39.678001
41.610001
45.474998
42.576000
37.745998
28.084000
10.692000
-0.901770
-9.597400
-12.496000
-10.564000
-12.496000
-10.564000
-7.665100
-7.665100
-3.800300
-3.800300
-6.698900
-7.665100
-8.631200
-12.496000
-13.462000
-11.530000
-13.462000
-12.496000
-15.395000
-18.292999
-18.292999
-16.361000
-15.395000
-15.395000
-14.428000
-11.530000
-13.462000
-15.395000
-15.395000
-11.530000
-9.597400
-10.564000
-8.631200
-10.564000
-7.665100
-4.766500
-3.800300
-1.868000
-2.834100
-5.732700
-5.732700
-2.834100
1.030600
0.064410
0.064410
2.963000
4.895300
6.827700
9.726200
14.557000
15.523000
13.591000
7.793900
1.996800
1.996800
3.929100
7.793900
2.963000
-2.834100
0.064410
3.929100
4.895300
7.793900
11.659000
12.625000
18.422001
17.455999
10.692000
8.760100
7.793900
8.760100
4.895300
1.030600
-0.901770
-1.868000
-5.732700
-8.631200
-9.597400
-12.496000
-17.327000
-21.191999
-25.056000
-22.158001
-15.395000
-14.428000
-12.496000
-10.564000
-1.868000
5.861500
7.793900
8.760100
9.726200
12.625000
7.793900
1.030600
2.963000
3.929100
1.996800
0.064410
1.996800
1.030600
-3.800300
-3.800300
-4.766500
-6.698900
-8.631200
-8.631200
-11.530000
-16.361000
-17.327000
-14.428000
-17.327000
-25.056000
-24.090000
-23.124001
-24.090000
-22.158001
-18.292999
-15.395000
-17.327000
-12.496000
-10.564000
-9.597400
-8.631200
-8.631200
-7.665100
-4.766500
-4.766500
-1.868000
-2.834100
-5.732700
-5.732700
1.030600
9.726200
12.625000
10.692000
11.659000
11.659000
20.354000
27.118000
28.084000
25.184999
23.253000
19.388000
19.388000
17.455999
15.523000
13.591000
11.659000
13.591000
13.591000
11.659000
13.591000
13.591000
9.726200
8.760100
19.388000
26.150999
30.982000
36.778999
40.644001
43.542999
42.576000
41.610001
37.745998
32.915001
30.016001
21.320000
17.455999
15.523000
14.557000
9.726200
-4.766500
-8.631200
-10.564000
-18.292999
-18.292999
-19.259001
-21.191999
-25.056000
-26.023001
-22.158001
-20.225000
-23.124001
-26.989000
-26.989000
-24.090000
-20.225000
-24.090000
-26.023001
-26.023001
-20.225000
-13.462000
-4.766500
2.963000
5.861500
8.760100
7.793900
1.030600
0.064410
1.030600
-3.800300
-7.665100
-15.395000
-26.023001
-34.717999
-35.683998
-33.751999
-31.820000
-26.023001
-21.191999
-18.292999
-13.462000
-5.732700
-2.834100
2.963000
11.659000
13.591000
15.523000
20.354000
27.118000
31.948000
31.948000
26.150999
24.219000
19.388000
17.455999
11.659000
1.996800
-8.631200
-14.428000
-18.292999
-23.124001
-19.259001
-12.496000
-7.665100
-3.800300
-3.800300
-5.732700
-8.631200
-15.395000
-22.158001
-23.124001
-22.158001
-23.124001
-18.292999
-10.564000
1.030600
6.827700
11.659000
20.354000
25.184999
25.184999
25.184999
27.118000
24.219000
15.523000
6.827700
1.030600
-2.834100
-3.800300
1.030600
5.861500
9.726200
13.591000
23.253000
26.150999
28.084000
29.049999
27.118000
27.118000
26.150999
22.287001
16.490000
9.726200
1.996800
-6.698900
-13.462000
-20.225000
-24.090000
-20.225000
-16.361000
-11.530000
-7.665100
-4.766500
-0.901770
2.963000
7.793900
12.625000
17.455999
22.287001
17.455999
4.895300
-5.732700
-13.462000
-18.292999
-20.225000
-20.225000
-18.292999
-15.395000
-15.395000
-11.530000
-7.665100
1.996800
6.827700
7.793900
4.895300
2.963000
-1.868000
-5.732700
-15.395000
-20.225000
-26.989000
-27.955000
-23.124001
-17.327000
-11.530000
-0.901770
6.827700
8.760100
12.625000
21.320000
25.184999
21.320000
22.287001
21.320000
19.388000
13.591000
1.996800
-9.597400
-17.327000
-23.124001
-28.921000
-29.886999
-22.158001
-14.428000
-3.800300
4.895300
14.557000
21.320000
23.253000
25.184999
26.150999
25.184999
26.150999
24.219000
23.253000
20.354000
18.422001
21.320000
19.388000
11.659000
10.692000
11.659000
4.895300
1.996800
-5.732700
-12.496000
-15.395000
-19.259001
-25.056000
-30.853001
-31.820000
-25.056000
-21.191999
-25.056000
-28.921000
-28.921000
-28.921000
-28.921000
-31.820000
-28.921000
-22.158001
-19.259001
-19.259001
-14.428000
-10.564000
-5.732700
-4.766500
-3.800300
-9.597400
-15.395000
-20.225000
-21.191999
-22.158001
-20.225000
-15.395000
-10.564000
1.030600
13.591000
19.388000
23.253000
30.016001
29.049999
26.150999
29.049999
23.253000
14.557000
7.793900
0.064410
-6.698900
-6.698900
-3.800300
1.996800
10.692000
19.388000
26.150999
33.881001
40.644001
43.542999
49.340000
54.171001
