-7.456600
0.126380
8.657200
-2.717200
-4.613000
0.126380
2.022100
9.605100
19.084000
13.397000
12.449000
1.074200
9.605100
20.032000
25.719000
20.032000
19.084000
9.605100
8.657200
12.449000
8.657200
-3.665100
7.709300
11.501000
2.970000
-1.769400
0.126380
3.917900
13.397000
22.875000
6.761500
8.657200
20.032000
15.292000
10.553000
7.709300
3.917900
1.074200
-2.717200
11.501000
14.344000
2.022100
1.074200
-16.934999
-12.196000
1.074200
2.970000
-15.987000
-14.092000
-5.560800
-3.665100
-15.039000
-8.404400
-0.821480
2.970000
2.970000
-2.717200
2.022100
-13.144000
-2.717200
3.917900
3.917900
11.501000
8.657200
6.761500
-0.821480
15.292000
20.032000
11.501000
10.553000
-0.821480
11.501000
5.813600
1.074200
-8.404400
-5.560800
9.605100
4.865700
3.917900
0.126380
-5.560800
5.813600
-1.769400
2.970000
0.126380
-2.717200
2.970000
-13.144000
-15.039000
-12.196000
-18.830999
-16.934999
-8.404400
-12.196000
-21.674999
-21.674999
-7.456600
0.126380
2.970000
2.022100
-4.613000
-0.821480
3.917900
5.813600
5.813600
-13.144000
-11.248000
1.074200
0.126380
-6.508700
-6.508700
0.126380
6.761500
8.657200
2.970000
4.865700
6.761500
13.397000
20.979000
16.240000
10.553000
3.917900
3.917900
6.761500
13.397000
9.605100
-6.508700
-9.352300
-6.508700
-6.508700
-10.300000
-9.352300
-4.613000
-1.769400
3.917900
4.865700
1.074200
-1.769400
1.074200
16.240000
13.397000
1.074200
8.657200
14.344000
6.761500
-4.613000
-7.456600
-1.769400
0.126380
4.865700
2.970000
-12.196000
-14.092000
-7.456600
5.813600
4.865700
1.074200
-1.769400
2.022100
12.449000
21.927000
16.240000
-2.717200
-0.821480
0.126380
-3.665100
3.917900
-8.404400
-13.144000
-5.560800
-7.456600
-15.987000
0.126380
2.970000
-2.717200
3.917900
-0.821480
-7.456600
5.813600
7.709300
5.813600
3.917900
-10.300000
-14.092000
-7.456600
-3.665100
-7.456600
-15.039000
-4.613000
-7.456600
-8.404400
-8.404400
-5.560800
0.126380
10.553000
6.761500
-2.717200
9.605100
11.501000
0.126380
2.022100
2.970000
-3.665100
-3.665100
-5.560800
-4.613000
-3.665100
-13.144000
-15.039000
1.074200
2.022100
4.865700
-7.456600
-7.456600
2.970000
10.553000
10.553000
6.761500
-6.508700
-10.300000
-5.560800
-0.821480
-6.508700
-16.934999
1.074200
11.501000
1.074200
3.917900
-0.821480
6.761500
14.344000
8.657200
8.657200
13.397000
13.397000
12.449000
9.605100
2.022100
10.553000
2.970000
1.074200
-1.769400
1.074200
0.126380
-15.987000
-17.882999
-15.987000
-3.665100
-5.560800
-12.196000
0.126380
-0.821480
3.917900
12.449000
6.761500
-1.769400
10.553000
19.084000
10.553000
11.501000
6.761500
7.709300
13.397000
17.188000
15.292000
9.605100
0.126380
1.074200
19.084000
15.292000
12.449000
12.449000
1.074200
3.917900
13.397000
7.709300
-2.717200
2.022100
9.605100
6.761500
0.126380
-3.665100
-14.092000
1.074200
5.813600
4.865700
2.022100
-17.882999
-15.987000
-3.665100
-3.665100
-14.092000
-23.570000
-32.101002
-30.205000
-16.934999
-5.560800
-7.456600
-10.300000
-16.934999
-11.248000
-5.560800
5.813600
12.449000
5.813600
-4.613000
-14.092000
-1.769400
2.022100
-10.300000
-12.196000
-7.456600
1.074200
-1.769400
-12.196000
-11.248000
-11.248000
-0.821480
-3.665100
-3.665100
4.865700
10.553000
5.813600
-11.248000
-3.665100
1.074200
11.501000
6.761500
3.917900
9.605100
5.813600
-0.821480
2.970000
-4.613000
0.126380
4.865700
-0.821480
-9.352300
-10.300000
-10.300000
-25.466000
-19.778999
0.126380
2.970000
0.126380
2.970000
1.074200
-2.717200
20.979000
31.406000
12.449000
16.240000
15.292000
14.344000
9.605100
-4.613000
0.126380
7.709300
-5.560800
-0.821480
13.397000
14.344000
6.761500
6.761500
3.917900
10.553000
18.136000
10.553000
22.875000
29.510000
7.709300
8.657200
16.240000
12.449000
1.074200
7.709300
16.240000
8.657200
2.022100
2.022100
-6.508700
1.074200
0.126380
-5.560800
-10.300000
-15.039000
-8.404400
-4.613000
-7.456600
-1.769400
-5.560800
-14.092000
-6.508700
1.074200
-5.560800
0.126380
6.761500
5.813600
-4.613000
-2.717200
3.917900
-6.508700
-4.613000
-2.717200
-2.717200
0.126380
-3.665100
-11.248000
-10.300000
-6.508700
0.126380
6.761500
2.970000
2.022100
-4.613000
-5.560800
1.074200
10.553000
5.813600
0.126380
-7.456600
-8.404400
4.865700
10.553000
-2.717200
0.126380
-7.456600
2.022100
12.449000
7.709300
-4.613000
-7.456600
2.970000
7.709300
-1.769400
-5.560800
-8.404400
-14.092000
-20.726999
-10.300000
-5.560800
-5.560800
-13.144000
-2.717200
4.865700
0.126380
-1.769400
9.605100
5.813600
3.917900
11.501000
12.449000
7.709300
0.126380
-2.717200
9.605100
10.553000
5.813600
-2.717200
-12.196000
-12.196000
3.917900
3.917900
-5.560800
-1.769400
-5.560800
-1.769400
2.022100
5.813600
2.970000
2.970000
2.022100
-9.352300
-0.821480
8.657200
-4.613000
-5.560800
-12.196000
-3.665100
2.022100
-4.613000
-0.821480
2.022100
-3.665100
5.813600
11.501000
1.074200
4.865700
2.022100
-2.717200
2.022100
1.074200
-1.769400
-2.717200
-9.352300
-13.144000
-3.665100
5.813600
10.553000
10.553000
1.074200
-0.821480
6.761500
7.709300
-3.665100
-2.717200
-8.404400
-12.196000
-1.769400
-2.717200
-11.248000
-7.456600
-6.508700
3.917900
10.553000
19.084000
24.771000
13.397000
14.344000
5.813600
4.865700
3.917900
-1.769400
-15.039000
-12.196000
-10.300000
-7.456600
4.865700
8.657200
12.449000
3.917900
3.917900
14.344000
12.449000
3.917900
-7.456600
-8.404400
0.126380
1.074200
4.865700
3.917900
1.074200
-0.821480
-2.717200
7.709300
12.449000
15.292000
10.553000
-2.717200
8.657200
12.449000
-5.560800
-27.362000
-20.726999
-6.508700
-10.300000
-12.196000
-3.665100
1.074200
-5.560800
-11.248000
-11.248000
7.709300
18.136000
9.605100
9.605100
3.917900
-9.352300
-1.769400
-2.717200
-0.821480
-2.717200
-15.039000
-14.092000
-2.717200
-0.821480
2.022100
9.605100
-0.821480
1.074200
2.970000
5.813600
16.240000
10.553000
2.022100
-5.560800
-15.039000
-8.404400
0.126380
-11.248000
-1.769400
7.709300
2.022100
-2.717200
-15.039000
-9.352300
-3.665100
-3.665100
-0.821480
1.074200
-0.821480
0.126380
-2.717200
-0.821480
-13.144000
-2.717200
6.761500
9.605100
7.709300
-2.717200
8.657200
5.813600
1.074200
7.709300
9.605100
8.657200
2.022100
1.074200
9.605100
4.865700
3.917900
5.813600
1.074200
-1.769400
11.501000
9.605100
2.022100
8.657200
4.865700
2.022100
-3.665100
-15.039000
-6.508700
0.126380
1.074200
-1.769400
-12.196000
-13.144000
-14.092000
2.970000
10.553000
2.970000
9.605100
9.605100
6.761500
-7.456600
7.709300
13.397000
1.074200
-3.665100
-5.560800
-7.456600
-3.665100
4.865700
3.917900
-1.769400
-3.665100
-11.248000
-2.717200
-1.769400
-4.613000
0.126380
-12.196000
-18.830999
-1.769400
3.917900
-2.717200
-3.665100
-8.404400
-8.404400
2.970000
13.397000
13.397000
10.553000
14.344000
11.501000
8.657200
6.761500
19.084000
27.615000
12.449000
16.240000
10.553000
9.605100
11.501000
8.657200
-4.613000
-14.092000
-25.466000
-23.570000
-10.300000
-8.404400
-13.144000
-14.092000
-16.934999
-10.300000
-3.665100
3.917900
8.657200
11.501000
-7.456600
-9.352300
-4.613000
2.022100
-1.769400
-1.769400
-2.717200
-15.987000
-10.300000
-8.404400
-7.456600
-11.248000
-3.665100
5.813600
-1.769400
-4.613000
-6.508700
-8.404400
0.126380
2.022100
2.970000
2.970000
-5.560800
-6.508700
-1.769400
6.761500
12.449000
9.605100
10.553000
13.397000
11.501000
7.709300
-2.717200
-5.560800
0.126380
4.865700
4.865700
-2.717200
-8.404400
-13.144000
-0.821480
8.657200
6.761500
9.605100
5.813600
0.126380
10.553000
15.292000
8.657200
-8.404400
-12.196000
-3.665100
2.022100
-5.560800
-1.769400
-2.717200
7.709300
10.553000
2.022100
-7.456600
8.657200
19.084000
15.292000
8.657200
12.449000
13.397000
10.553000
9.605100
-4.613000
8.657200
15.292000
6.761500
2.970000
-15.987000
3.917900
13.397000
3.917900
-5.560800
-15.039000
-8.404400
-2.717200
0.126380
0.126380
-4.613000
-19.778999
-9.352300
2.970000
1.074200
-5.560800
-11.248000
-2.717200
1.074200
-2.717200
0.126380
-14.092000
-3.665100
5.813600
-0.821480
2.970000
2.970000
-0.821480
-8.404400
2.022100
17.188000
8.657200
2.970000
-1.769400
-11.248000
2.022100
4.865700
-3.665100
-17.882999
-26.414000
-12.196000
-20.726999
-8.404400
1.074200
-8.404400
-9.352300
-2.717200
2.022100
6.761500
2.970000
0.126380
-1.769400
4.865700
1.074200
-8.404400
-1.769400
-1.769400
-17.882999
-16.934999
-13.144000
-24.518000
-20.726999
-22.622000
-26.414000
-19.778999
-12.196000
-10.300000
-15.039000
-8.404400
13.397000
16.240000
21.927000
22.875000
28.562000
25.719000
20.032000
33.301998
38.041000
26.667000
19.084000
8.657200
-1.769400
2.970000
13.397000
10.553000
0.126380
-6.508700
-16.934999
-7.456600
-9.352300
-13.144000
-12.196000
-16.934999
-21.674999
-31.153000
-14.092000
-2.717200
-4.613000
-1.769400
-10.300000
3.917900
12.449000
22.875000
20.979000
19.084000
15.292000
12.449000
11.501000
10.553000
2.022100
-2.717200
-10.300000
3.917900
3.917900
-1.769400
1.074200
7.709300
-5.560800
0.126380
16.240000
14.344000
8.657200
-1.769400
2.970000
7.709300
12.449000
9.605100
-10.300000
-4.613000
-0.821480
4.865700
-5.560800
0.126380
14.344000
14.344000
13.397000
7.709300
15.292000
14.344000
17.188000
13.397000
-4.613000
-0.821480
4.865700
1.074200
-8.404400
-10.300000
-8.404400
-1.769400
-4.613000
-8.404400
-8.404400
-6.508700
2.970000
9.605100
11.501000
12.449000
17.188000
14.344000
-4.613000
-1.769400
2.970000
-7.456600
-15.987000
-5.560800
0.126380
-6.508700
-10.300000
-9.352300
-14.092000
-3.665100
3.917900
3.917900
8.657200
1.074200
-10.300000
0.126380
5.813600
10.553000
10.553000
0.126380
4.865700
14.344000
8.657200
12.449000
14.344000
-0.821480
7.709300
5.813600
3.917900
6.761500
5.813600
-2.717200
-8.404400
1.074200
3.917900
-0.821480
-11.248000
-7.456600
-8.404400
-15.987000
-11.248000
-23.570000
-15.039000
-3.665100
-2.717200
-3.665100
-5.560800
-8.404400
1.074200
12.449000
11.501000
5.813600
0.126380
2.970000
6.761500
6.761500
7.709300
5.813600
-6.508700
-1.769400
1.074200
3.917900
-1.769400
0.126380
-20.726999
-15.987000
-4.613000
-6.508700
-15.039000
-23.570000
-39.683998
-33.997002
-33.049000
-35.893002
-34.945000
-29.257999
-22.622000
-21.674999
-17.882999
-15.987000
-20.726999
-1.769400
5.813600
9.605100
12.449000
15.292000
-0.821480
10.553000
20.979000
10.553000
