-0.691820
1.823900
3.081800
2.452800
-2.578600
-4.465400
-3.836500
-1.949700
-1.949700
-6.981100
-7.610100
-1.320800
3.710700
5.597500
4.968600
5.597500
6.226400
7.484300
4.968600
3.081800
-0.691820
-2.578600
-4.465400
-6.981100
-3.207500
-3.836500
-4.465400
-3.836500
-4.465400
-4.465400
-1.949700
-0.691820
5.597500
8.113200
13.145000
11.887000
8.742100
2.452800
-1.320800
0.566040
-0.062890
0.566040
-0.062890
-3.207500
-0.062890
4.339600
5.597500
2.452800
1.195000
2.452800
7.484300
8.113200
5.597500
3.081800
-0.691820
4.968600
8.113200
2.452800
-2.578600
-4.465400
0.566040
-1.320800
3.081800
-5.094300
-8.867900
-5.094300
-5.723300
-6.352200
-5.723300
-5.094300
-7.610100
-8.239000
-6.981100
-6.981100
-10.755000
-11.384000
-8.867900
-6.981100
-4.465400
1.823900
1.823900
6.855300
9.371100
7.484300
6.855300
4.968600
6.855300
6.855300
6.855300
6.226400
-0.062890
-3.836500
-0.062890
1.823900
3.081800
1.195000
4.339600
3.710700
3.081800
3.081800
1.823900
0.566040
0.566040
-0.062890
2.452800
-0.691820
-3.207500
-1.949700
1.823900
2.452800
-2.578600
-8.239000
-9.496900
-7.610100
-5.723300
-5.094300
-5.094300
-3.207500
-1.949700
-0.062890
-0.691820
2.452800
-0.062890
-0.062890
3.710700
4.339600
8.113200
5.597500
2.452800
3.081800
6.226400
10.629000
17.547001
21.320999
11.258000
1.195000
-3.836500
-4.465400
-6.981100
-7.610100
-4.465400
0.566040
-0.691820
-0.691820
1.823900
1.823900
1.195000
-1.949700
-8.867900
-5.723300
-2.578600
2.452800
7.484300
6.226400
2.452800
-1.949700
1.823900
-0.062890
-6.981100
-8.867900
-10.126000
-16.415001
-18.931000
-15.786000
-9.496900
-5.094300
-4.465400
-1.949700
3.081800
4.968600
5.597500
6.855300
6.855300
8.113200
12.516000
13.145000
8.742100
6.226400
4.339600
3.710700
5.597500
6.855300
5.597500
3.081800
3.081800
5.597500
1.823900
-1.949700
-0.691820
-2.578600
1.195000
-0.062890
2.452800
1.195000
1.823900
4.968600
-0.691820
-6.981100
-1.949700
-5.723300
-8.867900
-10.126000
-9.496900
-6.352200
-3.207500
1.823900
1.195000
-0.062890
4.968600
8.113200
10.000000
15.031000
15.031000
10.000000
5.597500
3.710700
-1.320800
-9.496900
-9.496900
-7.610100
-12.013000
-10.126000
-5.723300
-7.610100
-7.610100
-0.062890
7.484300
4.339600
3.081800
9.371100
12.516000
13.145000
11.258000
3.081800
-3.207500
-5.094300
-3.836500
-1.320800
0.566040
2.452800
0.566040
-0.691820
-0.062890
1.195000
5.597500
2.452800
1.195000
4.339600
8.742100
2.452800
-1.320800
-3.836500
-3.836500
-6.352200
-4.465400
-0.691820
4.968600
-1.320800
-5.723300
-6.981100
-5.094300
-3.836500
-0.062890
-3.207500
-5.723300
-7.610100
-8.867900
-10.755000
-13.270000
-11.384000
-12.013000
-6.352200
-5.723300
-5.094300
-1.320800
-0.062890
1.195000
4.339600
3.081800
4.339600
4.968600
2.452800
4.968600
3.710700
4.339600
3.081800
8.742100
8.742100
10.629000
9.371100
4.339600
1.823900
3.710700
0.566040
-5.094300
-2.578600
1.195000
1.195000
-1.949700
-1.949700
-3.836500
-3.836500
-4.465400
0.566040
1.823900
3.710700
1.823900
1.195000
-1.320800
-3.207500
-6.352200
-6.352200
-4.465400
1.195000
3.710700
0.566040
2.452800
3.081800
1.195000
1.823900
2.452800
-0.691820
-5.094300
-8.867900
-8.239000
-7.610100
-7.610100
-6.352200
-3.836500
-2.578600
3.710700
6.855300
6.226400
8.113200
11.887000
12.516000
8.113200
3.081800
0.566040
-1.949700
-3.836500
-3.836500
-1.320800
-3.207500
-1.949700
1.195000
3.710700
-0.691820
-9.496900
-8.867900
-8.239000
-12.013000
-7.610100
-1.320800
5.597500
7.484300
4.339600
2.452800
3.081800
1.195000
-0.691820
0.566040
2.452800
3.081800
-0.062890
-1.949700
-5.094300
-1.949700
-0.062890
0.566040
-2.578600
1.195000
1.823900
3.710700
-3.836500
-4.465400
-4.465400
-2.578600
-0.691820
-5.723300
-3.836500
1.195000
1.195000
-6.981100
-7.610100
-4.465400
1.823900
1.823900
-1.320800
3.081800
3.710700
6.226400
4.339600
3.710700
1.823900
-0.062890
-0.062890
-0.691820
0.566040
-2.578600
-1.949700
5.597500
4.339600
6.226400
5.597500
6.855300
10.000000
8.742100
1.823900
-1.949700
-1.949700
-5.723300
-10.126000
-15.157000
-16.415001
-13.899000
-5.094300
-1.320800
2.452800
8.742100
5.597500
-0.691820
2.452800
8.113200
8.742100
3.710700
1.823900
4.339600
4.968600
6.226400
3.081800
3.081800
3.710700
1.823900
-2.578600
-1.949700
-1.949700
-1.949700
1.195000
4.339600
-0.062890
-3.836500
-5.723300
-7.610100
-3.836500
-0.691820
1.195000
1.823900
2.452800
3.710700
2.452800
0.566040
9.371100
10.000000
8.113200
5.597500
0.566040
0.566040
2.452800
4.968600
1.823900
1.195000
2.452800
-1.949700
-1.949700
-0.691820
-0.691820
-1.949700
1.823900
5.597500
6.226400
-2.578600
-4.465400
-5.094300
-6.352200
-5.094300
0.566040
-1.949700
-0.062890
3.710700
7.484300
10.629000
12.516000
11.258000
11.258000
12.516000
12.516000
9.371100
9.371100
2.452800
-4.465400
-5.094300
-6.352200
-6.981100
-8.867900
-8.867900
-10.126000
-9.496900
-8.867900
-10.755000
-13.270000
-10.126000
-3.836500
-8.239000
-10.126000
-5.723300
-2.578600
0.566040
2.452800
-0.691820
-0.062890
5.597500
2.452800
-0.062890
0.566040
-0.691820
1.195000
4.339600
5.597500
8.113200
5.597500
6.226400
9.371100
7.484300
8.113200
15.031000
10.000000
6.226400
6.226400
9.371100
9.371100
6.226400
6.226400
3.710700
2.452800
-1.320800
-5.723300
-6.352200
-3.836500
-1.320800
-2.578600
-7.610100
-6.981100
-12.642000
-12.642000
-4.465400
1.195000
3.710700
4.968600
3.081800
2.452800
-1.949700
-2.578600
-1.320800
-6.352200
-7.610100
-9.496900
-12.642000
-14.528000
-8.867900
-9.496900
-9.496900
-6.981100
-4.465400
-0.691820
4.339600
6.226400
6.855300
5.597500
3.710700
-0.062890
-1.320800
0.566040
-0.062890
2.452800
-0.062890
1.823900
-0.691820
-3.836500
-3.836500
-4.465400
-2.578600
-3.207500
-6.352200
-11.384000
-12.013000
-10.126000
-6.352200
-8.867900
-3.207500
-1.320800
-0.691820
9.371100
16.917999
20.063000
20.063000
13.145000
12.516000
13.774000
14.403000
11.258000
11.887000
13.774000
15.031000
11.887000
11.258000
15.031000
13.145000
7.484300
8.742100
6.226400
-1.320800
-1.949700
-5.094300
-11.384000
-7.610100
-6.981100
-3.207500
-1.949700
-1.949700
-1.320800
-5.094300
-9.496900
-5.723300
-5.723300
-3.836500
-8.239000
-8.867900
-10.126000
-15.786000
-15.786000
-14.528000
-5.723300
-1.949700
-1.949700
-6.352200
-8.239000
-7.610100
-6.352200
-6.352200
-11.384000
-13.899000
-8.867900
-6.352200
-5.723300
-6.352200
-6.981100
-0.691820
4.968600
9.371100
8.113200
7.484300
10.000000
10.000000
4.968600
0.566040
-1.320800
-0.062890
1.823900
-1.949700
-2.578600
-3.207500
-1.949700
0.566040
4.968600
4.968600
2.452800
1.823900
5.597500
3.081800
-2.578600
-1.320800
1.823900
7.484300
13.774000
10.629000
7.484300
6.226400
-0.062890
-2.578600
-3.836500
-1.949700
1.195000
6.226400
1.823900
3.081800
7.484300
8.113200
4.339600
2.452800
-2.578600
-7.610100
-15.157000
-16.415001
-16.415001
-16.415001
-17.044001
-22.075001
-13.270000
-6.981100
-5.094300
5.597500
19.434000
28.868000
25.723000
14.403000
3.081800
-12.013000
-22.704000
-17.673000
-14.528000
-10.755000
-3.207500
3.081800
5.597500
-1.320800
-7.610100
-7.610100
-10.755000
-3.836500
6.226400
14.403000
18.176001
17.547001
12.516000
6.855300
2.452800
3.081800
8.742100
6.855300
5.597500
3.081800
8.113200
6.855300
3.081800
1.823900
3.710700
9.371100
14.403000
13.145000
10.000000
5.597500
-2.578600
-13.270000
-18.931000
-11.384000
-3.836500
8.113200
14.403000
13.145000
9.371100
8.742100
7.484300
2.452800
-9.496900
-12.013000
-8.239000
-6.981100
-5.094300
-0.062890
3.710700
4.339600
0.566040
-0.062890
3.081800
-4.465400
-9.496900
-7.610100
-6.981100
-3.836500
-3.207500
-8.239000
-5.723300
1.195000
3.710700
1.823900
3.710700
-2.578600
-4.465400
-0.062890
-4.465400
-8.867900
-18.931000
-22.075001
-11.384000
2.452800
6.226400
8.742100
7.484300
4.968600
1.195000
-5.094300
-3.836500
-0.691820
-2.578600
-0.691820
0.566040
3.081800
11.258000
8.742100
-3.836500
-7.610100
-5.094300
-3.836500
5.597500
7.484300
1.823900
-0.062890
-0.062890
5.597500
12.516000
10.629000
4.339600
-3.207500
-6.981100
-4.465400
-1.320800
-3.207500
-4.465400
-3.836500
-7.610100
-8.239000
1.195000
6.855300
9.371100
4.968600
4.968600
8.113200
6.855300
-5.094300
-6.981100
1.195000
8.113200
7.484300
4.339600
1.823900
0.566040
-1.320800
-4.465400
-3.836500
-3.207500
-0.062890
6.226400
13.145000
12.516000
6.855300
1.195000
-1.949700
-6.981100
-9.496900
-6.352200
-1.949700
1.823900
7.484300
9.371100
-1.320800
-11.384000
-15.786000
-9.496900
-0.691820
10.000000
13.774000
13.774000
9.371100
3.710700
-8.239000
-17.044001
-12.642000
-10.126000
-7.610100
-0.062890
3.081800
-1.320800
-5.094300
-5.723300
-1.949700
-1.949700
2.452800
7.484300
6.855300
7.484300
7.484300
-1.320800
-1.949700
3.081800
-1.949700
-3.207500
-6.352200
-6.352200
-3.207500
-1.320800
2.452800
3.710700
6.226400
8.742100
4.339600
-1.320800
-1.320800
-0.062890
8.742100
7.484300
-0.062890
0.566040
-0.691820
-5.094300
1.195000
4.968600
3.710700
4.339600
7.484300
6.226400
4.339600
4.339600
2.452800
3.081800
3.710700
2.452800
2.452800
-0.691820
-3.207500
1.195000
3.081800
4.339600
3.081800
-0.062890
-1.320800
-0.062890
-0.062890
-6.981100
-11.384000
-3.836500
5.597500
8.742100
10.000000
3.081800
-4.465400
-8.867900
-9.496900
-10.755000
-6.981100
-7.610100
-1.320800
4.339600
8.742100
8.113200
1.823900
-0.062890
3.081800
4.339600
4.968600
3.710700
0.566040
3.710700
3.710700
1.195000
-5.094300
-14.528000
-17.673000
-5.094300
-1.949700
2.452800
-1.949700
-2.578600
-5.094300
-3.836500
0.566040
-1.949700
1.195000
4.968600
8.742100
7.484300
1.195000
-11.384000
-15.157000
-15.786000
-11.384000
-8.867900
-3.207500
4.339600
3.710700
4.968600
4.339600
-3.836500
-8.867900
-8.867900
-6.352200
-3.836500
-10.755000
-11.384000
-4.465400
3.710700
11.887000
16.289000
13.145000
8.742100
9.371100
4.339600
-6.352200
-10.755000
-5.723300
2.452800
5.597500
6.226400
10.629000
8.113200
3.081800
-1.320800
-0.691820
-0.062890
6.226400
8.742100
9.371100
8.113200
1.195000
1.195000
-3.836500
-6.981100
-8.867900
2.452800
11.887000
12.516000
12.516000
11.258000
6.226400
