10.222000
15.937000
9.587300
0.698410
-5.650800
-10.095000
-11.365000
-13.270000
-13.270000
-10.730000
-5.650800
-3.746000
-3.111100
0.698410
-1.206300
0.698410
0.063490
3.238100
7.047600
7.047600
5.777800
-2.476200
-10.095000
-16.444000
-12.000000
-4.381000
0.063490
3.238100
0.698410
-5.650800
-4.381000
-5.650800
-5.650800
-3.746000
5.142900
11.492000
8.952400
4.507900
3.873000
3.238100
0.698410
-3.111100
-6.285700
-6.920600
1.968300
9.587300
12.762000
12.762000
13.397000
8.317500
7.047600
5.142900
-3.111100
-5.650800
-1.206300
1.333300
5.142900
8.317500
7.047600
4.507900
4.507900
-1.841300
-3.111100
-6.920600
-10.095000
-10.095000
-9.460300
-6.920600
-5.650800
-1.841300
4.507900
0.063490
-3.111100
-1.206300
-7.555600
-7.555600
-6.285700
-3.111100
-1.206300
4.507900
3.238100
5.142900
8.317500
5.777800
-3.111100
-5.015900
-1.206300
-0.571430
3.238100
4.507900
1.333300
-2.476200
1.968300
-1.206300
1.333300
5.142900
5.142900
0.063490
-1.206300
1.333300
3.238100
0.063490
3.238100
1.968300
0.698410
-0.571430
-1.206300
2.603200
7.047600
6.412700
3.238100
-1.206300
-1.206300
2.603200
0.698410
-1.841300
-1.206300
1.968300
-4.381000
-3.746000
-2.476200
-0.571430
3.238100
2.603200
-0.571430
-0.571430
1.333300
-1.841300
-2.476200
-2.476200
-1.841300
1.333300
0.063490
4.507900
0.698410
-3.111100
-3.746000
-3.746000
0.063490
2.603200
2.603200
2.603200
4.507900
2.603200
0.063490
0.063490
0.063490
-3.111100
-5.650800
-2.476200
-3.111100
-2.476200
0.698410
-1.206300
-3.111100
-3.746000
-2.476200
1.968300
-2.476200
-5.650800
-5.015900
-8.190500
-6.920600
-8.190500
-4.381000
-1.206300
1.333300
3.873000
7.682500
9.587300
8.317500
9.587300
8.952400
5.142900
7.682500
9.587300
5.777800
5.142900
4.507900
7.047600
8.952400
7.047600
7.047600
5.777800
4.507900
6.412700
2.603200
-1.841300
-3.111100
-3.746000
-4.381000
-3.746000
-4.381000
-4.381000
-4.381000
-5.015900
-5.015900
-4.381000
-1.206300
-1.841300
0.698410
4.507900
3.873000
3.238100
5.777800
8.317500
4.507900
3.238100
5.142900
7.047600
8.952400
14.032000
11.492000
1.968300
-2.476200
-4.381000
-6.920600
-10.730000
-10.095000
-6.285700
-10.730000
-9.460300
-6.920600
-13.270000
-10.730000
-5.650800
-2.476200
-0.571430
3.238100
10.857000
15.302000
10.222000
5.142900
-3.746000
-11.365000
-10.730000
-9.460300
-5.015900
-2.476200
1.333300
3.873000
3.238100
2.603200
-2.476200
-3.746000
-4.381000
-6.285700
-6.285700
-5.015900
-5.650800
-8.825400
-10.095000
-8.190500
-5.015900
-3.111100
1.333300
8.317500
7.047600
6.412700
8.317500
6.412700
-1.206300
-4.381000
-5.650800
-6.285700
-8.190500
-13.270000
-13.905000
-10.730000
-7.555600
-7.555600
-3.111100
-1.206300
1.968300
5.142900
3.238100
1.968300
6.412700
5.142900
4.507900
3.873000
4.507900
6.412700
4.507900
2.603200
3.873000
6.412700
8.317500
12.762000
9.587300
9.587300
5.777800
4.507900
3.238100
2.603200
4.507900
8.952400
3.873000
-1.206300
0.698410
0.063490
0.063490
-1.206300
2.603200
3.873000
1.968300
7.682500
4.507900
-2.476200
-4.381000
-6.920600
-5.650800
-1.841300
-1.206300
0.063490
-3.746000
-1.206300
6.412700
5.142900
3.873000
0.063490
-3.111100
-9.460300
-12.635000
-10.095000
-9.460300
-10.095000
-8.825400
-3.111100
-2.476200
1.333300
6.412700
5.142900
4.507900
7.047600
4.507900
0.063490
-2.476200
-3.111100
-10.095000
-13.905000
-11.365000
-5.015900
-6.920600
-2.476200
1.333300
7.682500
5.777800
-1.206300
2.603200
0.063490
-5.015900
-4.381000
-2.476200
-2.476200
0.063490
0.698410
1.333300
3.238100
-5.015900
-6.920600
-1.206300
6.412700
8.317500
7.047600
5.777800
5.142900
7.047600
5.777800
3.238100
0.063490
1.333300
0.698410
4.507900
-3.111100
-4.381000
-5.650800
0.063490
2.603200
-1.841300
2.603200
3.873000
2.603200
1.333300
3.873000
2.603200
3.238100
-1.841300
-1.841300
0.698410
3.238100
6.412700
5.142900
5.777800
3.238100
2.603200
5.142900
-0.571430
-3.746000
-6.285700
-4.381000
5.777800
5.777800
3.873000
5.777800
7.682500
9.587300
5.777800
1.333300
0.698410
-1.206300
-6.920600
-7.555600
-8.190500
-9.460300
-10.730000
-5.650800
-3.111100
-1.841300
-0.571430
-2.476200
-4.381000
-4.381000
-1.206300
4.507900
5.777800
5.142900
2.603200
-1.206300
1.968300
1.968300
1.333300
0.698410
-0.571430
-4.381000
-3.111100
1.333300
1.968300
3.238100
9.587300
8.317500
4.507900
1.968300
0.698410
2.603200
4.507900
4.507900
6.412700
11.492000
10.857000
5.777800
0.698410
0.063490
3.238100
1.333300
-5.015900
-10.095000
-7.555600
-1.841300
-0.571430
-1.206300
-1.206300
1.333300
-3.746000
-4.381000
-3.746000
-1.841300
-1.841300
-1.841300
-0.571430
1.333300
1.968300
-2.476200
-2.476200
-4.381000
-5.015900
3.238100
4.507900
5.142900
5.777800
8.317500
14.667000
11.492000
7.682500
7.047600
6.412700
7.047600
1.968300
-1.206300
-1.206300
-3.746000
0.063490
-2.476200
-8.190500
-5.015900
-8.190500
-8.825400
-2.476200
-0.571430
-2.476200
-4.381000
-2.476200
0.698410
1.333300
-3.746000
-6.920600
-6.285700
-3.746000
0.063490
-5.650800
-8.190500
-4.381000
-5.650800
-7.555600
-5.650800
-1.206300
-1.206300
1.333300
3.873000
5.142900
5.777800
5.142900
7.682500
10.857000
8.952400
12.127000
12.127000
8.317500
7.682500
10.857000
8.952400
7.682500
7.047600
7.047600
5.142900
2.603200
1.333300
1.333300
3.873000
4.507900
-0.571430
-5.015900
-8.190500
-10.095000
-11.365000
-7.555600
-5.650800
-3.746000
-0.571430
-1.841300
-3.746000
-4.381000
-0.571430
0.698410
3.873000
1.968300
-3.111100
-3.746000
-4.381000
-3.111100
-5.650800
-8.190500
-6.920600
-6.285700
-4.381000
3.873000
5.142900
6.412700
5.142900
1.333300
-4.381000
-6.920600
-4.381000
0.698410
3.238100
1.333300
-1.206300
-10.730000
-13.270000
-8.825400
-9.460300
-8.825400
-8.190500
-7.555600
-7.555600
-12.000000
-10.730000
-5.650800
-4.381000
-3.746000
-1.841300
-1.841300
1.968300
7.047600
14.032000
16.570999
8.317500
8.952400
7.682500
4.507900
5.142900
7.682500
8.317500
6.412700
8.317500
7.047600
10.857000
16.570999
15.302000
21.016001
17.841000
7.682500
10.222000
7.047600
2.603200
0.698410
-3.111100
-1.206300
0.698410
2.603200
2.603200
-5.015900
-6.285700
-1.841300
-0.571430
-1.206300
-6.920600
-6.920600
-6.920600
-8.825400
-8.190500
-11.365000
-8.190500
-2.476200
-2.476200
-8.825400
-12.000000
-9.460300
-8.825400
-8.825400
-8.190500
-4.381000
1.968300
1.968300
0.698410
3.238100
2.603200
6.412700
9.587300
13.397000
11.492000
7.682500
8.952400
3.238100
-1.841300
-4.381000
-5.015900
-4.381000
-8.190500
-13.270000
-9.460300
-3.746000
0.063490
3.873000
9.587300
8.317500
-0.571430
-8.825400
-8.825400
-10.730000
-11.365000
-3.111100
1.968300
4.507900
6.412700
4.507900
7.047600
9.587300
8.952400
5.777800
1.333300
-1.841300
-1.841300
-0.571430
-5.015900
-4.381000
-2.476200
-1.206300
0.698410
1.333300
1.333300
2.603200
-0.571430
-5.650800
-12.635000
-21.524000
-24.698000
-19.618999
-3.111100
12.127000
19.111000
20.381001
21.016001
24.190001
14.032000
4.507900
2.603200
-5.650800
-9.460300
-8.190500
-10.095000
-10.730000
-5.015900
7.047600
11.492000
5.142900
5.142900
7.682500
1.333300
-3.111100
-2.476200
-1.841300
-0.571430
8.317500
12.127000
10.857000
11.492000
12.762000
14.032000
10.222000
1.968300
-10.095000
-13.905000
-18.349001
-18.983999
-15.175000
-8.825400
2.603200
17.841000
21.016001
17.841000
15.937000
10.857000
1.968300
-6.285700
-17.079000
-24.698000
-19.618999
-15.175000
-9.460300
-3.111100
2.603200
2.603200
7.682500
10.857000
9.587300
5.142900
-0.571430
-4.381000
-5.015900
-5.650800
-8.190500
-10.095000
-2.476200
5.777800
9.587300
10.857000
10.857000
3.238100
-12.000000
-20.889000
-24.698000
-18.349001
-5.650800
5.777800
12.127000
15.302000
17.205999
19.111000
15.937000
9.587300
1.968300
-5.650800
-10.730000
-10.095000
0.063490
4.507900
2.603200
0.698410
1.333300
1.333300
1.333300
0.698410
2.603200
-0.571430
1.333300
-3.746000
-9.460300
-3.111100
1.968300
0.698410
-0.571430
2.603200
-1.206300
-5.650800
-5.650800
-15.810000
-17.714001
-10.095000
-1.206300
8.317500
14.667000
13.397000
10.222000
4.507900
-3.746000
-4.381000
-15.175000
-20.889000
-11.365000
-5.015900
1.968300
10.222000
14.667000
9.587300
-0.571430
-3.746000
-3.111100
0.698410
-2.476200
-6.920600
-3.111100
4.507900
3.873000
-1.206300
-0.571430
-5.650800
-12.000000
-16.444000
-15.810000
-12.635000
-6.920600
2.603200
11.492000
13.397000
10.222000
6.412700
6.412700
4.507900
1.968300
0.698410
-2.476200
-6.285700
-5.015900
-1.841300
-3.746000
0.063490
4.507900
3.873000
4.507900
7.682500
0.063490
-6.920600
-2.476200
7.682500
11.492000
13.397000
15.937000
10.222000
1.968300
-1.841300
0.063490
-2.476200
-3.111100
-1.206300
4.507900
5.142900
4.507900
4.507900
0.698410
-2.476200
-6.920600
-10.730000
-8.190500
-0.571430
3.238100
1.968300
0.063490
-0.571430
-1.841300
-1.206300
1.968300
5.142900
14.032000
17.205999
16.570999
14.667000
2.603200
-8.190500
-8.825400
-13.905000
-12.635000
-8.825400
-3.111100
0.698410
9.587300
11.492000
3.873000
1.968300
1.333300
-1.841300
0.698410
1.968300
2.603200
5.142900
1.968300
-4.381000
-7.555600
-10.730000
-10.095000
-2.476200
-1.206300
-5.650800
-4.381000
-0.571430
2.603200
5.142900
8.317500
7.682500
4.507900
6.412700
13.397000
8.317500
-5.650800
-19.618999
-24.698000
-24.063000
-15.810000
-5.015900
6.412700
6.412700
-0.571430
-1.841300
1.333300
-3.111100
-9.460300
-4.381000
1.333300
5.777800
11.492000
15.937000
19.111000
22.921000
25.459999
15.937000
2.603200
-5.650800
-11.365000
-8.825400
-13.905000
-14.540000
-12.000000
-3.111100
7.682500
15.302000
14.667000
10.222000
8.317500
3.873000
1.968300
-4.381000
-14.540000
-21.524000
-26.603001
-25.333000
-14.540000
0.698410
16.570999
28.635000
26.094999
17.205999
5.142900
-6.285700
-17.079000
-25.968000
-25.333000
-25.333000
-27.872999
-18.983999
-5.650800
10.857000
22.285999
28.000000
26.094999
23.556000
22.921000
19.111000
7.047600
-1.206300
-10.730000
-19.618999
-25.968000
-29.778000
-22.794001
-9.460300
0.698410
12.127000
15.937000
17.841000
26.094999
26.730000
16.570999
7.047600
-1.841300
-7.555600
-15.810000
-18.983999
-19.618999
-12.000000
-1.841300
4.507900
5.142900
7.047600
10.857000
