14.032000
10.222000
7.047600
1.968300
-6.920600
-22.794001
-18.983999
3.238100
2.603200
-5.015900
-3.746000
0.063490
-0.571430
-8.825400
-18.983999
-8.825400
2.603200
7.682500
5.777800
1.333300
-6.285700
-2.476200
-4.381000
-7.555600
-14.540000
-6.920600
5.142900
7.682500
1.968300
-4.381000
-7.555600
-10.730000
-8.825400
-0.571430
-1.206300
-5.650800
6.412700
10.222000
5.142900
3.873000
5.142900
5.142900
4.507900
-1.206300
-5.650800
12.762000
21.650999
10.857000
-0.571430
5.142900
10.857000
7.682500
8.317500
-1.206300
-15.175000
-5.015900
3.238100
-0.571430
3.873000
2.603200
3.238100
3.873000
5.777800
-3.746000
-10.730000
-1.841300
5.142900
2.603200
4.507900
0.698410
-2.476200
-4.381000
-1.206300
-10.095000
-4.381000
5.142900
8.317500
8.317500
6.412700
0.698410
3.238100
1.333300
-1.841300
-8.190500
-0.571430
3.873000
-0.571430
-1.841300
-6.285700
-1.206300
-4.381000
-3.746000
-12.000000
2.603200
20.381001
11.492000
7.047600
3.238100
1.968300
-2.476200
-7.555600
-3.746000
-7.555600
3.873000
10.222000
1.968300
1.968300
1.968300
-1.841300
6.412700
12.762000
7.682500
-1.841300
-8.190500
0.698410
6.412700
-0.571430
-6.285700
-5.650800
-1.841300
-4.381000
-3.746000
-12.000000
1.333300
9.587300
5.777800
-3.746000
-3.746000
-3.746000
0.698410
0.698410
-6.285700
-5.650800
-11.365000
-5.650800
2.603200
7.047600
12.127000
8.317500
8.317500
0.698410
-1.206300
-8.190500
-7.555600
11.492000
10.857000
-2.476200
0.063490
-1.206300
-0.571430
-3.111100
-12.635000
-13.905000
-3.746000
5.142900
8.317500
2.603200
-7.555600
-4.381000
-2.476200
-1.841300
-0.571430
-10.730000
0.698410
5.142900
-1.841300
2.603200
1.968300
-3.746000
-8.825400
-3.111100
-1.206300
-10.730000
1.333300
8.952400
3.238100
3.873000
3.873000
6.412700
5.777800
1.333300
-0.571430
8.952400
11.492000
5.777800
0.698410
-1.206300
-1.841300
2.603200
-1.206300
-5.650800
-12.635000
-7.555600
1.968300
-1.206300
0.063490
3.238100
1.968300
5.142900
0.698410
-1.206300
-3.746000
2.603200
6.412700
10.222000
13.397000
5.142900
-3.746000
0.698410
-4.381000
-1.841300
-5.015900
-15.175000
-3.111100
2.603200
-0.571430
-2.476200
-8.825400
-3.111100
-3.111100
-6.285700
-1.206300
-7.555600
-1.841300
-1.841300
-4.381000
-0.571430
-5.015900
-7.555600
-15.175000
-10.095000
-7.555600
-3.111100
2.603200
1.333300
-3.746000
1.333300
1.333300
5.142900
5.777800
10.857000
7.047600
-8.190500
0.063490
9.587300
-4.381000
-7.555600
-12.635000
-4.381000
-1.206300
-7.555600
-10.095000
-6.285700
-5.015900
1.333300
7.047600
5.142900
12.762000
10.222000
5.142900
7.047600
3.238100
-1.841300
-8.825400
-11.365000
0.063490
1.333300
-3.111100
-8.190500
-6.285700
4.507900
5.142900
5.142900
0.063490
-8.825400
4.507900
12.762000
1.968300
2.603200
-1.841300
-3.746000
-1.206300
3.873000
7.047600
1.968300
2.603200
14.032000
17.205999
8.952400
9.587300
8.952400
6.412700
5.777800
8.952400
3.238100
1.333300
-5.015900
4.507900
14.032000
7.047600
-2.476200
-1.841300
1.333300
-2.476200
-0.571430
0.698410
-6.920600
-2.476200
3.873000
1.333300
0.698410
-1.841300
2.603200
2.603200
-0.571430
-5.015900
-4.381000
-7.555600
-1.206300
5.777800
4.507900
-4.381000
-2.476200
4.507900
4.507900
5.777800
0.698410
-6.920600
-14.540000
-0.571430
8.317500
-3.111100
-1.206300
0.698410
0.063490
0.698410
-1.841300
-5.015900
-13.270000
-5.015900
1.968300
0.698410
-3.746000
-0.571430
2.603200
0.063490
-3.746000
0.063490
5.142900
-1.206300
3.873000
-1.206300
-3.746000
1.968300
-0.571430
-2.476200
-0.571430
0.063490
-13.270000
-2.476200
7.682500
2.603200
4.507900
8.317500
4.507900
3.873000
7.047600
-1.206300
-0.571430
7.682500
8.952400
0.063490
0.698410
5.777800
3.873000
1.968300
0.063490
-12.000000
2.603200
8.952400
-0.571430
1.968300
4.507900
8.317500
0.698410
-5.650800
-11.365000
-0.571430
3.873000
-0.571430
-2.476200
-0.571430
3.238100
3.238100
2.603200
-3.746000
-10.095000
3.873000
10.857000
2.603200
-2.476200
-4.381000
-5.015900
-1.206300
-3.111100
-2.476200
-3.746000
1.333300
7.682500
4.507900
5.142900
1.968300
-1.206300
-1.841300
0.698410
0.063490
-9.460300
-5.650800
1.333300
0.063490
-1.841300
-4.381000
1.333300
2.603200
1.333300
0.698410
-8.825400
-0.571430
3.873000
-8.825400
-3.746000
-6.285700
-2.476200
-2.476200
-3.111100
1.333300
-4.381000
-1.206300
2.603200
1.968300
9.587300
15.302000
8.317500
7.047600
3.238100
3.873000
5.142900
-0.571430
0.698410
15.302000
12.762000
2.603200
1.968300
-2.476200
-2.476200
-6.920600
-8.825400
-6.920600
-6.920600
-2.476200
-1.206300
0.063490
-1.841300
0.698410
4.507900
0.698410
-5.015900
-3.746000
-5.015900
0.063490
-10.095000
-5.650800
7.682500
5.142900
1.333300
5.142900
1.333300
-0.571430
4.507900
8.317500
5.142900
-1.206300
8.952400
10.857000
3.238100
-1.841300
-1.841300
-0.571430
-9.460300
-9.460300
-12.635000
-16.444000
-1.206300
4.507900
-3.746000
2.603200
5.777800
7.047600
5.777800
2.603200
-4.381000
-0.571430
-4.381000
-1.206300
5.777800
1.333300
-2.476200
-3.746000
-5.015900
-6.285700
-8.190500
-6.920600
-12.000000
-7.555600
5.142900
5.142900
1.968300
0.063490
0.698410
-1.206300
-3.746000
-5.015900
-1.206300
5.777800
7.047600
5.777800
-1.841300
0.698410
-0.571430
-5.015900
-3.746000
5.777800
1.968300
-6.920600
5.777800
7.047600
-0.571430
3.238100
0.063490
7.682500
5.142900
0.063490
-0.571430
-7.555600
2.603200
8.317500
-2.476200
-5.015900
-6.920600
3.873000
7.682500
5.777800
3.873000
3.873000
-7.555600
0.698410
6.412700
2.603200
5.142900
2.603200
5.777800
7.682500
5.777800
6.412700
3.873000
-7.555600
9.587300
19.111000
5.142900
4.507900
0.698410
0.063490
-1.841300
0.063490
-0.571430
-5.650800
-12.000000
-3.746000
1.333300
-6.285700
-0.571430
4.507900
-0.571430
0.063490
5.777800
0.698410
0.698410
-6.285700
-3.111100
1.968300
-2.476200
-3.746000
-7.555600
-3.746000
-6.285700
-5.015900
2.603200
-7.555600
-3.746000
7.047600
7.047600
3.238100
0.698410
-1.206300
-4.381000
-0.571430
0.698410
4.507900
6.412700
-5.650800
2.603200
12.762000
7.047600
9.587300
3.238100
-3.111100
-5.015900
-5.650800
-8.190500
-15.175000
-12.000000
2.603200
7.047600
1.968300
-3.746000
-6.920600
-10.730000
-12.000000
-8.190500
-6.920600
-3.746000
1.333300
4.507900
3.873000
9.587300
9.587300
4.507900
1.968300
2.603200
1.333300
-1.841300
-1.841300
-0.571430
5.142900
3.238100
5.142900
14.667000
21.016001
19.111000
19.111000
15.937000
10.222000
9.587300
16.570999
10.222000
6.412700
1.333300
-9.460300
-7.555600
1.333300
1.968300
3.873000
0.698410
1.968300
2.603200
1.333300
-3.746000
-5.015900
-19.618999
-16.444000
-6.285700
-1.841300
0.063490
-6.285700
0.063490
5.777800
3.873000
0.698410
-2.476200
8.317500
1.333300
1.333300
6.412700
-1.841300
-5.015900
-8.825400
-17.079000
-16.444000
-16.444000
-8.190500
-6.285700
-6.285700
3.238100
10.222000
10.222000
3.238100
-3.746000
-4.381000
-2.476200
0.698410
-3.111100
-2.476200
-8.190500
-13.905000
-8.190500
-2.476200
1.333300
5.142900
2.603200
7.682500
4.507900
4.507900
7.682500
1.333300
7.682500
22.921000
21.650999
18.476000
10.222000
-2.476200
-12.000000
-9.460300
-9.460300
-21.524000
-4.381000
17.841000
12.127000
4.507900
4.507900
1.333300
0.063490
-6.920600
-5.015900
-9.460300
-22.794001
-12.635000
-1.206300
-7.555600
-6.285700
-3.746000
-2.476200
-4.381000
-2.476200
-5.015900
-3.111100
-0.571430
-1.841300
-3.746000
-1.841300
-7.555600
-6.285700
2.603200
1.968300
-5.650800
3.873000
10.857000
3.873000
1.968300
-1.841300
-3.111100
4.507900
6.412700
2.603200
-1.206300
-13.270000
-2.476200
10.222000
2.603200
1.968300
0.698410
-9.460300
-13.270000
-5.015900
3.238100
0.063490
8.952400
19.746000
12.127000
11.492000
23.556000
14.032000
10.222000
6.412700
6.412700
8.952400
-1.206300
2.603200
14.667000
10.222000
-0.571430
-3.111100
-2.476200
-1.206300
-1.206300
1.968300
-8.190500
1.333300
9.587300
6.412700
-5.015900
-7.555600
-5.650800
-5.650800
-8.825400
-13.905000
-22.794001
-12.635000
-3.746000
-6.920600
-0.571430
7.682500
7.047600
3.238100
1.968300
-0.571430
3.238100
-5.015900
-3.746000
-0.571430
-6.920600
-3.746000
-2.476200
3.238100
-1.206300
3.238100
1.968300
-6.920600
-1.841300
-1.206300
3.238100
-1.206300
-5.015900
-5.650800
-6.285700
-5.650800
-14.540000
-13.905000
-18.349001
-20.254000
-12.635000
-6.920600
-8.825400
-5.015900
1.333300
3.238100
5.777800
10.857000
5.777800
-5.015900
7.047600
12.127000
7.047600
1.333300
-2.476200
4.507900
1.968300
0.698410
5.777800
6.412700
5.142900
-6.920600
-1.206300
4.507900
-3.746000
3.238100
14.667000
16.570999
12.127000
8.317500
-3.111100
-10.095000
-11.365000
-2.476200
-1.841300
4.507900
7.682500
4.507900
7.047600
5.142900
-3.746000
0.063490
-0.571430
-5.015900
-5.015900
-8.825400
4.507900
15.937000
8.952400
2.603200
-0.571430
0.063490
7.047600
13.397000
12.127000
12.762000
0.063490
-1.206300
5.777800
-1.206300
-7.555600
-6.285700
-5.650800
-0.571430
4.507900
3.873000
1.333300
1.333300
-2.476200
-7.555600
6.412700
12.127000
-1.206300
-5.015900
-8.825400
-6.285700
-3.746000
-8.190500
-8.190500
1.968300
1.968300
-7.555600
0.063490
7.682500
-0.571430
1.333300
10.222000
7.682500
0.063490
-2.476200
1.333300
1.968300
-12.000000
-7.555600
-1.841300
-6.920600
-6.285700
-5.650800
-6.920600
-5.650800
-0.571430
1.333300
0.063490
-9.460300
-7.555600
4.507900
-1.206300
-13.905000
-11.365000
-6.920600
0.063490
7.047600
8.952400
8.952400
0.063490
11.492000
21.650999
8.317500
7.047600
7.047600
3.873000
-1.206300
-1.841300
1.333300
-2.476200
-11.365000
2.603200
4.507900
0.698410
3.238100
0.063490
3.238100
1.968300
-2.476200
-1.841300
-7.555600
-6.285700
3.873000
14.032000
12.127000
4.507900
3.873000
4.507900
-1.206300
-6.920600
-11.365000
-24.063000
-10.095000
2.603200
-0.571430
1.333300
0.698410
7.047600
10.857000
12.762000
10.222000
7.682500
0.063490
1.333300
5.777800
-3.746000
-5.015900
-6.285700
-5.650800
-3.746000
-5.650800
-3.111100
-10.730000
1.333300
12.127000
10.222000
6.412700
-1.206300
-9.460300
-13.270000
-10.095000
-9.460300
-13.905000
-10.730000
4.507900
5.142900
-0.571430
-1.841300
-1.206300
-3.746000
