0.893140
3.764000
7.591700
8.548600
10.463000
10.463000
11.419000
11.419000
7.591700
6.634800
7.591700
1.850100
-2.934600
-4.848500
-6.762400
-7.719300
-8.676200
-5.805400
-0.063800
3.764000
2.807000
0.893140
-0.063800
-1.020700
-2.934600
-8.676200
-9.633200
-10.590000
-9.633200
-13.461000
-17.289000
-16.332001
-13.461000
-8.676200
-2.934600
0.893140
3.764000
4.720900
2.807000
0.893140
2.807000
-0.063800
-3.891500
-5.805400
-7.719300
-7.719300
-9.633200
-7.719300
-1.977700
5.677800
10.463000
10.463000
8.548600
11.419000
12.376000
8.548600
6.634800
-1.020700
-6.762400
-6.762400
-9.633200
-11.547000
-10.590000
-6.762400
-1.977700
-1.020700
2.807000
5.677800
5.677800
2.807000
2.807000
-0.063800
-2.934600
-7.719300
-7.719300
-4.848500
-3.891500
-3.891500
-1.977700
-0.063800
1.850100
5.677800
8.548600
6.634800
2.807000
4.720900
2.807000
-0.063800
-1.977700
-0.063800
-0.063800
0.893140
1.850100
-1.020700
-2.934600
-1.977700
0.893140
4.720900
8.548600
8.548600
7.591700
4.720900
0.893140
-2.934600
-1.020700
-0.063800
0.893140
1.850100
-1.977700
-2.934600
-4.848500
-2.934600
1.850100
5.677800
13.333000
14.290000
12.376000
8.548600
3.764000
3.764000
-1.977700
-8.676200
-13.461000
-15.375000
-11.547000
-6.762400
-1.977700
4.720900
12.376000
20.032000
26.730000
29.601000
27.687000
20.989000
12.376000
4.720900
-4.848500
-10.590000
-15.375000
-19.202999
-22.073000
-22.073000
-16.332001
-8.676200
-1.977700
6.634800
14.290000
18.118000
14.290000
12.376000
7.591700
-0.063800
-5.805400
-12.504000
-16.332001
-12.504000
-5.805400
1.850100
12.376000
16.204000
16.204000
18.118000
16.204000
10.463000
9.505600
4.720900
0.893140
-1.977700
-5.805400
-7.719300
-8.676200
-4.848500
1.850100
1.850100
2.807000
1.850100
1.850100
0.893140
-1.020700
-0.063800
-0.063800
-1.977700
-3.891500
-3.891500
-6.762400
-12.504000
-18.246000
-24.944000
-23.987000
-19.202999
-17.289000
-13.461000
-8.676200
-3.891500
-1.020700
-1.977700
-1.977700
-3.891500
-4.848500
-1.020700
-1.020700
-4.848500
-3.891500
-1.977700
-1.020700
-1.020700
1.850100
3.764000
1.850100
0.893140
-1.020700
1.850100
2.807000
3.764000
1.850100
-1.977700
-2.934600
-4.848500
-5.805400
-3.891500
-2.934600
-4.848500
-4.848500
-4.848500
-4.848500
-6.762400
-6.762400
-1.977700
-0.063800
3.764000
1.850100
-1.020700
0.893140
0.893140
1.850100
5.677800
8.548600
7.591700
2.807000
-1.020700
0.893140
0.893140
2.807000
2.807000
2.807000
0.893140
-1.020700
1.850100
3.764000
0.893140
-0.063800
0.893140
5.677800
6.634800
4.720900
2.807000
-1.020700
-1.977700
-1.977700
-4.848500
-4.848500
-6.762400
-6.762400
-5.805400
-1.977700
-1.020700
1.850100
1.850100
1.850100
3.764000
5.677800
0.893140
0.893140
5.677800
8.548600
5.677800
1.850100
4.720900
5.677800
6.634800
6.634800
5.677800
8.548600
8.548600
3.764000
2.807000
5.677800
2.807000
-3.891500
-7.719300
-5.805400
-2.934600
-1.020700
-0.063800
1.850100
6.634800
10.463000
9.505600
4.720900
3.764000
1.850100
0.893140
1.850100
-0.063800
0.893140
4.720900
9.505600
13.333000
16.204000
20.032000
19.075001
15.247000
15.247000
8.548600
1.850100
0.893140
-0.063800
0.893140
0.893140
-2.934600
-3.891500
-6.762400
-8.676200
-5.805400
-2.934600
-2.934600
-0.063800
0.893140
-0.063800
-2.934600
-4.848500
-7.719300
-12.504000
-16.332001
-21.115999
-24.944000
-22.073000
-15.375000
-5.805400
5.677800
13.333000
14.290000
14.290000
20.032000
18.118000
10.463000
3.764000
-2.934600
-6.762400
-12.504000
-15.375000
-14.418000
-8.676200
-4.848500
-0.063800
-0.063800
0.893140
3.764000
6.634800
7.591700
6.634800
0.893140
-4.848500
-9.633200
-12.504000
-11.547000
-5.805400
1.850100
8.548600
17.160999
18.118000
18.118000
19.075001
17.160999
12.376000
5.677800
0.893140
-2.934600
-7.719300
-14.418000
-19.202999
-12.504000
-2.934600
6.634800
14.290000
20.032000
21.945999
17.160999
12.376000
8.548600
7.591700
3.764000
-1.977700
-5.805400
-7.719300
-8.676200
-14.418000
-19.202999
-19.202999
-12.504000
-3.891500
1.850100
2.807000
5.677800
7.591700
5.677800
1.850100
1.850100
3.764000
1.850100
-3.891500
-9.633200
-10.590000
-10.590000
-7.719300
1.850100
11.419000
15.247000
15.247000
14.290000
11.419000
3.764000
3.764000
3.764000
-1.977700
-0.063800
-2.934600
-10.590000
-13.461000
-9.633200
-5.805400
-2.934600
2.807000
6.634800
7.591700
8.548600
4.720900
-2.934600
-8.676200
-13.461000
-14.418000
-11.547000
-7.719300
-5.805400
-4.848500
-3.891500
0.893140
6.634800
5.677800
2.807000
0.893140
-1.977700
-2.934600
-7.719300
-10.590000
-14.418000
-12.504000
-4.848500
1.850100
4.720900
8.548600
12.376000
11.419000
8.548600
3.764000
0.893140
-5.805400
-10.590000
-12.504000
-11.547000
-7.719300
-4.848500
-4.848500
-4.848500
-1.020700
1.850100
3.764000
4.720900
2.807000
-0.063800
-1.020700
-2.934600
-4.848500
-4.848500
-7.719300
-13.461000
-16.332001
-13.461000
-6.762400
2.807000
11.419000
15.247000
17.160999
12.376000
9.505600
5.677800
0.893140
-5.805400
-10.590000
-11.547000
-11.547000
-8.676200
-3.891500
3.764000
10.463000
10.463000
9.505600
7.591700
9.505600
12.376000
8.548600
-0.063800
-6.762400
-10.590000
-12.504000
-13.461000
-10.590000
-6.762400
0.893140
6.634800
13.333000
13.333000
11.419000
11.419000
10.463000
7.591700
4.720900
-1.977700
-3.891500
-2.934600
-1.020700
-3.891500
-8.676200
-10.590000
-9.633200
-3.891500
0.893140
7.591700
8.548600
10.463000
14.290000
15.247000
12.376000
11.419000
9.505600
4.720900
2.807000
-3.891500
-6.762400
-8.676200
-14.418000
-13.461000
-7.719300
-1.020700
3.764000
4.720900
8.548600
10.463000
7.591700
7.591700
6.634800
3.764000
0.893140
-1.020700
-1.020700
-2.934600
-4.848500
-2.934600
-0.063800
-1.020700
-1.020700
-2.934600
-3.891500
-4.848500
-3.891500
-5.805400
-5.805400
-5.805400
-5.805400
-3.891500
0.893140
7.591700
10.463000
8.548600
8.548600
5.677800
5.677800
4.720900
1.850100
-1.020700
-2.934600
-2.934600
-0.063800
5.677800
2.807000
-0.063800
-1.020700
-0.063800
2.807000
1.850100
1.850100
0.893140
1.850100
2.807000
-2.934600
-8.676200
-13.461000
-13.461000
-10.590000
-11.547000
-6.762400
-1.020700
1.850100
4.720900
5.677800
4.720900
3.764000
2.807000
0.893140
-1.977700
-6.762400
-9.633200
-16.332001
-16.332001
-13.461000
-8.676200
-1.977700
0.893140
1.850100
9.505600
13.333000
13.333000
8.548600
2.807000
-1.020700
-2.934600
-2.934600
-0.063800
3.764000
6.634800
9.505600
9.505600
6.634800
6.634800
10.463000
13.333000
12.376000
9.505600
9.505600
9.505600
3.764000
-3.891500
-8.676200
-10.590000
-11.547000
-10.590000
-6.762400
-2.934600
3.764000
11.419000
19.075001
22.903000
20.989000
14.290000
9.505600
6.634800
-0.063800
-2.934600
-4.848500
-4.848500
-1.977700
-2.934600
-5.805400
-5.805400
-5.805400
-1.977700
2.807000
-1.020700
-3.891500
0.893140
-1.020700
-7.719300
-6.762400
-3.891500
-1.977700
-2.934600
-4.848500
-5.805400
-8.676200
-6.762400
-1.977700
-0.063800
-4.848500
-5.805400
-2.934600
-0.063800
1.850100
4.720900
7.591700
11.419000
10.463000
10.463000
10.463000
10.463000
6.634800
-3.891500
-6.762400
-11.547000
-16.332001
-11.547000
-6.762400
-2.934600
-1.977700
-1.977700
-2.934600
-1.020700
-3.891500
-3.891500
-3.891500
-3.891500
-1.020700
2.807000
-0.063800
-2.934600
-2.934600
-1.020700
-0.063800
-0.063800
-0.063800
-0.063800
-1.977700
-4.848500
-3.891500
-1.020700
3.764000
4.720900
5.677800
7.591700
12.376000
10.463000
7.591700
9.505600
2.807000
-5.805400
-10.590000
-11.547000
-13.461000
-14.418000
-8.676200
-6.762400
-1.020700
7.591700
14.290000
15.247000
10.463000
12.376000
13.333000
11.419000
5.677800
1.850100
-6.762400
-13.461000
-17.289000
-16.332001
-14.418000
-10.590000
-1.977700
3.764000
7.591700
11.419000
12.376000
11.419000
9.505600
5.677800
1.850100
-0.063800
-2.934600
-3.891500
-1.020700
-4.848500
-7.719300
-4.848500
-5.805400
-2.934600
1.850100
1.850100
6.634800
14.290000
16.204000
15.247000
13.333000
12.376000
8.548600
5.677800
0.893140
-2.934600
-4.848500
-1.977700
0.893140
1.850100
3.764000
6.634800
8.548600
5.677800
1.850100
-1.977700
-5.805400
-5.805400
-11.547000
-13.461000
-12.504000
-13.461000
-13.461000
-11.547000
-7.719300
-1.977700
0.893140
5.677800
5.677800
6.634800
6.634800
-1.020700
-5.805400
-2.934600
-1.977700
-6.762400
-8.676200
-8.676200
-11.547000
-9.633200
-3.891500
0.893140
7.591700
8.548600
9.505600
5.677800
-0.063800
1.850100
-1.977700
-2.934600
-1.977700
-3.891500
-5.805400
-12.504000
-15.375000
-15.375000
-8.676200
4.720900
9.505600
9.505600
6.634800
2.807000
-1.020700
-4.848500
-5.805400
-8.676200
-11.547000
-10.590000
-7.719300
-6.762400
-6.762400
-5.805400
-0.063800
7.591700
15.247000
17.160999
16.204000
13.333000
9.505600
4.720900
1.850100
3.764000
2.807000
-0.063800
-3.891500
-3.891500
0.893140
7.591700
12.376000
14.290000
17.160999
15.247000
10.463000
5.677800
2.807000
-0.063800
-4.848500
-11.547000
-13.461000
-13.461000
-15.375000
-18.246000
-19.202999
-15.375000
-7.719300
-1.977700
4.720900
10.463000
12.376000
12.376000
13.333000
8.548600
1.850100
-3.891500
-6.762400
-10.590000
-14.418000
-16.332001
-19.202999
-17.289000
-9.633200
-1.020700
5.677800
10.463000
13.333000
14.290000
15.247000
14.290000
8.548600
1.850100
-6.762400
-10.590000
-11.547000
-8.676200
-8.676200
-4.848500
0.893140
7.591700
11.419000
10.463000
9.505600
7.591700
5.677800
2.807000
0.893140
-1.977700
-5.805400
-7.719300
-8.676200
-12.504000
-13.461000
-5.805400
1.850100
8.548600
14.290000
20.989000
20.032000
18.118000
19.075001
12.376000
8.548600
5.677800
-0.063800
-4.848500
-7.719300
-10.590000
-10.590000
-6.762400
-1.977700
1.850100
11.419000
15.247000
19.075001
19.075001
16.204000
13.333000
9.505600
7.591700
2.807000
-1.020700
-1.977700
-2.934600
-6.762400
-6.762400
-1.020700
4.720900
5.677800
9.505600
11.419000
15.247000
14.290000
9.505600
7.591700
5.677800
1.850100
-0.063800
-4.848500
-8.676200
-10.590000
-14.418000
-14.418000
-11.547000
-8.676200
-7.719300
-5.805400
-5.805400
1.850100
7.591700
8.548600
7.591700
5.677800
1.850100
-7.719300
-14.418000
-15.375000
-15.375000
-15.375000
-11.547000
-12.504000
-9.633200
-3.891500
-1.020700
4.720900
10.463000
14.290000
16.204000
14.290000
9.505600
4.720900
2.807000
-1.020700
-3.891500
-3.891500
-3.891500
