3.700200
8.484800
1.786300
-2.041500
-1.084500
4.657100
16.139999
10.399000
1.786300
1.786300
3.700200
-1.084500
-1.084500
2.743200
3.700200
3.700200
1.786300
-3.955300
-6.826200
-11.611000
-21.180000
-21.180000
-11.611000
-6.826200
-4.912300
-2.041500
-3.955300
-2.998400
-1.084500
-10.654000
-14.482000
-13.525000
-16.396000
-15.439000
-9.697000
-1.084500
2.743200
-0.127590
-1.084500
4.657100
11.356000
6.571000
-0.127590
4.657100
-0.127590
-8.740000
-10.654000
-10.654000
-7.783100
-0.127590
2.743200
9.441800
0.829350
-3.955300
2.743200
8.484800
14.226000
22.839001
20.924999
19.968000
18.054001
15.183000
18.054001
16.139999
3.700200
0.829350
-3.955300
-7.783100
-13.525000
-20.223000
-18.309000
-16.396000
-15.439000
-14.482000
-9.697000
-10.654000
-6.826200
-4.912300
-6.826200
-0.127590
2.743200
4.657100
6.571000
0.829350
-1.084500
0.829350
3.700200
4.657100
-0.127590
1.786300
-3.955300
-5.869200
-0.127590
0.829350
-1.084500
-2.998400
-0.127590
-0.127590
-4.912300
-2.041500
-2.998400
-5.869200
-2.041500
-4.912300
-7.783100
-4.912300
-6.826200
-7.783100
-4.912300
-2.041500
-2.998400
-1.084500
-1.084500
-2.041500
1.786300
-3.955300
-12.568000
-11.611000
-12.568000
-12.568000
-9.697000
-7.783100
-12.568000
-13.525000
-11.611000
-8.740000
-6.826200
-4.912300
-4.912300
-3.955300
-1.084500
3.700200
4.657100
5.614000
3.700200
4.657100
6.571000
3.700200
5.614000
2.743200
-0.127590
5.614000
7.527900
12.313000
15.183000
16.139999
18.054001
13.270000
10.399000
7.527900
11.356000
12.313000
2.743200
-3.955300
-6.826200
-12.568000
-14.482000
-21.180000
-23.094000
-15.439000
-4.912300
1.786300
-0.127590
-0.127590
5.614000
11.356000
11.356000
13.270000
13.270000
14.226000
10.399000
5.614000
2.743200
3.700200
4.657100
2.743200
2.743200
4.657100
2.743200
-2.041500
1.786300
4.657100
2.743200
0.829350
-6.826200
-2.998400
3.700200
-1.084500
0.829350
1.786300
12.313000
8.484800
2.743200
5.614000
5.614000
0.829350
-3.955300
-4.912300
-3.955300
-2.041500
1.786300
-1.084500
4.657100
13.270000
10.399000
-0.127590
-6.826200
-4.912300
0.829350
0.829350
10.399000
12.313000
4.657100
-3.955300
-4.912300
1.786300
6.571000
3.700200
3.700200
5.614000
0.829350
4.657100
1.786300
0.829350
4.657100
1.786300
2.743200
2.743200
0.829350
0.829350
0.829350
2.743200
1.786300
0.829350
-0.127590
0.829350
0.829350
-2.998400
-2.998400
0.829350
1.786300
1.786300
-2.998400
-2.998400
-2.041500
-4.912300
-7.783100
-2.041500
-4.912300
-9.697000
-13.525000
-15.439000
-7.783100
-9.697000
-17.351999
-12.568000
-6.826200
0.829350
3.700200
2.743200
8.484800
2.743200
-1.084500
5.614000
4.657100
2.743200
0.829350
2.743200
1.786300
-0.127590
-4.912300
-5.869200
0.829350
4.657100
0.829350
-2.041500
-1.084500
-2.041500
-2.041500
-12.568000
-14.482000
-7.783100
-2.998400
-5.869200
-7.783100
-5.869200
-3.955300
-9.697000
-15.439000
-11.611000
-3.955300
-2.998400
1.786300
-4.912300
-4.912300
0.829350
4.657100
12.313000
2.743200
-2.041500
3.700200
7.527900
8.484800
11.356000
4.657100
5.614000
3.700200
-3.955300
3.700200
-3.955300
-6.826200
-2.041500
-3.955300
-1.084500
2.743200
1.786300
-4.912300
-9.697000
-8.740000
-7.783100
-4.912300
-2.998400
2.743200
3.700200
5.614000
13.270000
10.399000
4.657100
6.571000
3.700200
3.700200
6.571000
7.527900
8.484800
3.700200
-5.869200
-6.826200
-5.869200
-2.041500
5.614000
3.700200
7.527900
3.700200
-5.869200
-6.826200
-3.955300
1.786300
-2.998400
-7.783100
-3.955300
0.829350
12.313000
12.313000
0.829350
1.786300
5.614000
6.571000
5.614000
1.786300
4.657100
5.614000
12.313000
11.356000
10.399000
9.441800
0.829350
2.743200
9.441800
18.054001
21.882000
9.441800
-2.041500
-4.912300
-3.955300
-3.955300
-8.740000
-3.955300
-9.697000
-17.351999
-13.525000
-9.697000
-4.912300
1.786300
11.356000
8.484800
4.657100
16.139999
18.054001
11.356000
10.399000
11.356000
0.829350
-7.783100
-4.912300
-2.041500
3.700200
4.657100
3.700200
-2.041500
-2.041500
4.657100
2.743200
3.700200
-2.041500
-5.869200
-13.525000
-16.396000
-10.654000
-2.998400
-3.955300
-5.869200
-0.127590
-0.127590
3.700200
6.571000
9.441800
10.399000
8.484800
-1.084500
-13.525000
-14.482000
-8.740000
-3.955300
-3.955300
-8.740000
-6.826200
-4.912300
-1.084500
-0.127590
5.614000
11.356000
17.097000
17.097000
15.183000
12.313000
19.011000
24.753000
19.011000
19.011000
7.527900
-0.127590
-0.127590
4.657100
2.743200
-3.955300
-11.611000
-12.568000
-17.351999
-15.439000
-12.568000
-10.654000
-2.998400
-0.127590
-0.127590
-2.041500
1.786300
8.484800
12.313000
12.313000
2.743200
-3.955300
-9.697000
-8.740000
1.786300
6.571000
7.527900
6.571000
14.226000
4.657100
-2.041500
7.527900
8.484800
2.743200
-0.127590
-7.783100
-11.611000
-7.783100
4.657100
-2.041500
-6.826200
-2.041500
-7.783100
-17.351999
-18.309000
-12.568000
-3.955300
-3.955300
-5.869200
-5.869200
-6.826200
-4.912300
-2.998400
-1.084500
2.743200
5.614000
1.786300
5.614000
10.399000
8.484800
6.571000
3.700200
-2.998400
-8.740000
-14.482000
-11.611000
-15.439000
-20.223000
-17.351999
-21.180000
-25.007999
-17.351999
-6.826200
-10.654000
-10.654000
-4.912300
2.743200
13.270000
16.139999
17.097000
20.924999
11.356000
2.743200
11.356000
17.097000
19.968000
10.399000
-1.084500
3.700200
-2.041500
-2.998400
-0.127590
-5.869200
-4.912300
-5.869200
-1.084500
-5.869200
-7.783100
-6.826200
-8.740000
-11.611000
-8.740000
-4.912300
-2.041500
-4.912300
-2.041500
2.743200
5.614000
0.829350
-1.084500
2.743200
5.614000
3.700200
5.614000
9.441800
15.183000
12.313000
11.356000
11.356000
12.313000
14.226000
4.657100
-2.041500
1.786300
-0.127590
2.743200
7.527900
9.441800
13.270000
13.270000
4.657100
2.743200
5.614000
0.829350
-3.955300
-11.611000
-13.525000
-6.826200
-19.266001
-24.051001
-17.351999
-12.568000
-12.568000
-9.697000
-1.084500
-1.084500
-10.654000
-6.826200
0.829350
-2.041500
-2.998400
1.786300
3.700200
6.571000
7.527900
2.743200
4.657100
7.527900
1.786300
-1.084500
1.786300
-2.041500
-3.955300
-5.869200
-6.826200
-6.826200
-3.955300
4.657100
11.356000
9.441800
4.657100
9.441800
9.441800
4.657100
9.441800
13.270000
14.226000
9.441800
6.571000
10.399000
5.614000
0.829350
2.743200
8.484800
4.657100
-3.955300
-3.955300
-3.955300
-4.912300
-2.041500
-5.869200
-6.826200
-8.740000
-12.568000
-6.826200
0.829350
5.614000
5.614000
5.614000
1.786300
0.829350
2.743200
5.614000
6.571000
5.614000
7.527900
6.571000
12.313000
12.313000
10.399000
15.183000
15.183000
17.097000
16.139999
10.399000
-0.127590
-3.955300
0.829350
-0.127590
-2.998400
-2.998400
-1.084500
-1.084500
1.786300
2.743200
1.786300
-1.084500
-1.084500
-5.869200
-6.826200
-5.869200
-4.912300
-1.084500
-1.084500
-2.041500
-2.998400
-4.912300
-1.084500
-4.912300
-12.568000
-17.351999
-17.351999
-18.309000
-24.051001
-25.965000
-22.136999
-19.266001
-20.223000
-23.094000
-18.309000
-7.783100
-2.998400
-3.955300
-7.783100
-11.611000
-12.568000
-8.740000
-5.869200
-2.041500
-2.041500
-2.041500
0.829350
4.657100
5.614000
1.786300
7.527900
7.527900
-0.127590
-2.998400
1.786300
3.700200
-0.127590
-2.998400
0.829350
7.527900
-0.127590
-3.955300
4.657100
7.527900
4.657100
3.700200
-4.912300
-8.740000
-3.955300
-6.826200
-10.654000
-2.041500
-0.127590
4.657100
2.743200
2.743200
6.571000
9.441800
12.313000
11.356000
11.356000
15.183000
13.270000
17.097000
23.796000
23.796000
22.839001
16.139999
19.011000
15.183000
4.657100
2.743200
1.786300
1.786300
-0.127590
-3.955300
-5.869200
-9.697000
-7.783100
-2.998400
-4.912300
-3.955300
-3.955300
-2.041500
-2.041500
1.786300
1.786300
-0.127590
1.786300
-2.998400
-0.127590
6.571000
5.614000
5.614000
1.786300
-2.998400
-0.127590
3.700200
3.700200
7.527900
15.183000
12.313000
9.441800
1.786300
-3.955300
1.786300
5.614000
5.614000
-1.084500
5.614000
10.399000
1.786300
2.743200
7.527900
6.571000
8.484800
8.484800
5.614000
-0.127590
-0.127590
0.829350
-2.998400
-2.998400
-1.084500
8.484800
9.441800
-2.041500
-2.998400
0.829350
-0.127590
-0.127590
2.743200
3.700200
-4.912300
-13.525000
-13.525000
-17.351999
-18.309000
-19.266001
-18.309000
-16.396000
-17.351999
-12.568000
-13.525000
-13.525000
-6.826200
-2.041500
3.700200
1.786300
1.786300
2.743200
6.571000
9.441800
3.700200
6.571000
10.399000
9.441800
5.614000
0.829350
8.484800
13.270000
8.484800
10.399000
16.139999
18.054001
6.571000
-2.041500
1.786300
3.700200
3.700200
2.743200
0.829350
1.786300
7.527900
13.270000
11.356000
9.441800
9.441800
7.527900
5.614000
3.700200
6.571000
14.226000
13.270000
13.270000
1.786300
-2.998400
0.829350
-7.783100
-15.439000
-9.697000
-14.482000
-11.611000
-2.998400
-3.955300
-3.955300
-13.525000
-14.482000
-9.697000
-13.525000
-9.697000
-8.740000
-3.955300
-14.482000
-19.266001
-14.482000
-10.654000
-11.611000
-11.611000
-10.654000
-7.783100
-9.697000
-12.568000
-10.654000
0.829350
-2.998400
-9.697000
-2.998400
3.700200
11.356000
0.829350
-6.826200
-1.084500
-2.998400
-6.826200
-7.783100
-7.783100
-2.998400
-1.084500
-11.611000
-16.396000
-10.654000
-10.654000
-13.525000
-12.568000
-7.783100
-8.740000
-8.740000
-4.912300
-1.084500
-1.084500
-0.127590
1.786300
2.743200
5.614000
7.527900
6.571000
9.441800
11.356000
9.441800
3.700200
5.614000
10.399000
5.614000
0.829350
1.786300
10.399000
8.484800
5.614000
6.571000
4.657100
5.614000
4.657100
3.700200
11.356000
11.356000
2.743200
1.786300
2.743200
3.700200
9.441800
11.356000
11.356000
7.527900
7.527900
4.657100
-2.998400
-2.998400
-7.783100
-8.740000
-7.783100
-6.826200
-1.084500
1.786300
1.786300
4.657100
6.571000
5.614000
4.657100
9.441800
3.700200
-1.084500
-2.041500
-2.041500
-2.041500
-0.127590
-1.084500
1.786300
1.786300
-1.084500
4.657100
7.527900
3.700200
5.614000
7.527900
6.571000
10.399000
5.614000
4.657100
4.657100
0.829350
-0.127590
3.700200
0.829350
0.829350
9.441800
12.313000
9.441800
9.441800
7.527900
3.700200
1.786300
-0.127590
1.786300
-2.998400
-7.783100
-12.568000
-20.223000
-22.136999
-16.396000
-11.611000
-12.568000
-5.869200
-1.084500
-3.955300
-2.041500
-2.998400
-3.955300
-4.912300
-2.041500
-0.127590
-0.127590
5.614000
2.743200
-3.955300
-5.869200
-3.955300
-2.998400
-1.084500
-0.127590
