8.502400
-0.193240
-1.159400
15.266000
14.300000
-15.652000
-25.313999
2.705300
11.401000
-11.787000
-5.990300
-4.058000
9.468600
12.367000
24.927999
31.691000
10.435000
3.671500
11.401000
2.705300
7.536200
8.502400
14.300000
21.063000
8.502400
10.435000
-1.159400
12.367000
4.637700
14.300000
25.893999
4.637700
-10.821000
8.502400
17.198000
2.705300
-2.125600
-32.077000
-26.280001
11.401000
11.401000
4.637700
-6.956500
-11.787000
7.536200
-5.024200
-1.159400
14.300000
24.927999
13.333000
0.772950
5.603900
1.739100
-15.652000
0.772950
17.198000
6.570000
5.603900
-4.058000
-5.024200
-4.058000
-3.091800
-14.686000
-17.584999
-3.091800
0.772950
6.570000
1.739100
3.671500
9.468600
0.772950
10.435000
0.772950
-10.821000
11.401000
9.468600
-0.193240
1.739100
-0.193240
-11.787000
-29.179001
-34.009998
-18.551001
-4.058000
-3.091800
3.671500
10.435000
13.333000
21.063000
20.097000
10.435000
-8.888900
-7.922700
17.198000
20.097000
-3.091800
-7.922700
-10.821000
-2.125600
0.772950
-2.125600
9.468600
20.097000
12.367000
16.232000
-2.125600
-0.193240
3.671500
-21.448999
-18.551001
-5.024200
-5.990300
4.637700
11.401000
3.671500
5.603900
-1.159400
16.232000
31.691000
14.300000
2.705300
-3.091800
-1.159400
-0.193240
-21.448999
-32.077000
-33.042999
-27.246000
-16.618000
-14.686000
-15.652000
2.705300
3.671500
-0.193240
10.435000
29.757999
15.266000
3.671500
23.961000
30.725000
6.570000
2.705300
14.300000
12.367000
3.671500
-1.159400
-5.990300
-9.855100
-23.382000
-13.720000
1.739100
4.637700
-1.159400
-2.125600
10.435000
7.536200
0.772950
-7.922700
-2.125600
-6.956500
-12.754000
-21.448999
-30.145000
-21.448999
-3.091800
-2.125600
-12.754000
-10.821000
-5.990300
-6.956500
-6.956500
-7.922700
7.536200
23.961000
23.961000
16.232000
-6.956500
-5.024200
9.468600
11.401000
19.129999
6.570000
-14.686000
-14.686000
-6.956500
-3.091800
-7.922700
-8.888900
-4.058000
-11.787000
-6.956500
4.637700
-2.125600
-14.686000
-2.125600
1.739100
3.671500
9.468600
3.671500
5.603900
4.637700
-6.956500
-17.584999
-3.091800
7.536200
6.570000
20.097000
20.097000
-2.125600
13.333000
26.860001
18.164000
14.300000
2.705300
-11.787000
-11.787000
-22.415001
-23.382000
-12.754000
-29.179001
-12.754000
-2.125600
-17.584999
8.502400
8.502400
8.502400
24.927999
22.028999
-4.058000
0.772950
2.705300
-13.720000
-12.754000
1.739100
19.129999
21.063000
-0.193240
18.164000
30.725000
24.927999
13.333000
-3.091800
-1.159400
9.468600
8.502400
19.129999
3.671500
0.772950
5.603900
2.705300
-11.787000
-5.024200
-0.193240
-15.652000
-19.517000
-20.483000
-5.990300
1.739100
-8.888900
-15.652000
-13.720000
4.637700
22.028999
10.435000
-1.159400
1.739100
5.603900
-6.956500
-8.888900
-4.058000
-13.720000
2.705300
26.860001
31.691000
26.860001
22.995001
14.300000
18.164000
13.333000
8.502400
-7.922700
-15.652000
-5.024200
-2.125600
-9.855100
-0.193240
9.468600
12.367000
-8.888900
-19.517000
16.232000
22.995001
0.772950
-10.821000
-12.754000
-13.720000
-14.686000
-13.720000
2.705300
11.401000
4.637700
6.570000
-3.091800
5.603900
5.603900
-10.821000
-12.754000
-14.686000
-24.348000
-12.754000
-10.821000
-16.618000
-8.888900
-4.058000
-1.159400
5.603900
0.772950
5.603900
2.705300
4.637700
5.603900
8.502400
8.502400
-9.855100
4.637700
12.367000
4.637700
-1.159400
-7.922700
-4.058000
-9.855100
-0.193240
30.725000
32.657001
22.995001
8.502400
-10.821000
14.300000
19.129999
2.705300
0.772950
-8.888900
-22.415001
-3.091800
22.028999
16.232000
14.300000
16.232000
11.401000
5.603900
-6.956500
-1.159400
-3.091800
-18.551001
-18.551001
-8.888900
-11.787000
-10.821000
-3.091800
-5.024200
-22.415001
-5.024200
3.671500
5.603900
6.570000
-2.125600
-14.686000
-13.720000
0.772950
-5.990300
-3.091800
0.772950
-24.348000
-19.517000
12.367000
9.468600
-5.024200
-10.821000
-5.024200
-5.024200
-8.888900
-4.058000
-10.821000
-20.483000
-10.821000
-3.091800
-3.091800
7.536200
8.502400
10.435000
-7.922700
0.772950
21.063000
16.232000
8.502400
-0.193240
-7.922700
-14.686000
-13.720000
1.739100
6.570000
-2.125600
-6.956500
-5.990300
-15.652000
8.502400
21.063000
-0.193240
-6.956500
-11.787000
-16.618000
-20.483000
-21.448999
-11.787000
-25.313999
-29.179001
-0.193240
9.468600
8.502400
15.266000
14.300000
1.739100
-8.888900
6.570000
17.198000
15.266000
2.705300
-7.922700
-13.720000
-17.584999
-5.990300
-0.193240
-0.193240
4.637700
21.063000
33.623001
25.893999
32.657001
38.453999
39.419998
25.893999
8.502400
13.333000
5.603900
4.637700
-4.058000
-7.922700
-4.058000
-24.348000
-23.382000
-8.888900
-9.855100
-19.517000
-22.415001
-11.787000
-11.787000
-1.159400
2.705300
13.333000
0.772950
8.502400
16.232000
1.739100
9.468600
14.300000
9.468600
-4.058000
1.739100
30.725000
20.097000
17.198000
5.603900
14.300000
5.603900
27.826000
44.250999
23.961000
21.063000
16.232000
25.893999
22.995001
10.435000
14.300000
13.333000
4.637700
-1.159400
1.739100
0.772950
-5.024200
-11.787000
-5.024200
-3.091800
-11.787000
2.705300
4.637700
9.468600
11.401000
-10.821000
-22.415001
-21.448999
-22.415001
-33.042999
-33.042999
-14.686000
4.637700
13.333000
-4.058000
3.671500
27.826000
27.826000
10.435000
6.570000
21.063000
9.468600
-3.091800
-13.720000
-17.584999
-19.517000
-25.313999
-28.212999
-30.145000
-35.942001
-25.313999
-17.584999
0.772950
-1.159400
-22.415001
-12.754000
-13.720000
-20.483000
-23.382000
-30.145000
-45.604000
-57.198002
-40.772999
-41.738998
-49.469002
-12.754000
-2.125600
-14.686000
-13.720000
-5.024200
-4.058000
-0.193240
-0.193240
-21.448999
-2.125600
7.536200
-8.888900
-9.855100
-15.652000
-3.091800
6.570000
9.468600
16.232000
8.502400
8.502400
-14.686000
-8.888900
14.300000
10.435000
1.739100
2.705300
4.637700
-4.058000
14.300000
31.691000
27.826000
21.063000
13.333000
14.300000
14.300000
8.502400
-10.821000
8.502400
14.300000
11.401000
1.739100
-4.058000
3.671500
18.164000
25.893999
32.657001
25.893999
27.826000
36.521999
24.927999
26.860001
33.623001
38.453999
26.860001
18.164000
26.860001
18.164000
-0.193240
7.536200
23.961000
27.826000
10.435000
2.705300
9.468600
12.367000
1.739100
1.739100
1.739100
1.739100
-0.193240
-7.922700
-1.159400
3.671500
-13.720000
2.705300
17.198000
-1.159400
-22.415001
-20.483000
-2.125600
7.536200
0.772950
-14.686000
-21.448999
-21.448999
-10.821000
-11.787000
-19.517000
-10.821000
-8.888900
-31.111000
-31.111000
-28.212999
-34.976002
-28.212999
-24.348000
-50.435001
-19.517000
18.164000
24.927999
20.097000
5.603900
-9.855100
-8.888900
-18.551001
-15.652000
8.502400
-5.024200
-8.888900
16.232000
27.826000
12.367000
3.671500
-2.125600
-13.720000
-14.686000
-9.855100
-21.448999
-16.618000
-11.787000
-11.787000
27.826000
40.386002
19.129999
26.860001
22.028999
13.333000
3.671500
12.367000
11.401000
-11.787000
-5.990300
1.739100
2.705300
13.333000
19.129999
21.063000
22.028999
24.927999
27.826000
12.367000
17.198000
13.333000
-2.125600
-14.686000
0.772950
-4.058000
10.435000
18.164000
6.570000
12.367000
4.637700
-6.956500
-0.193240
7.536200
-11.787000
-3.091800
-1.159400
5.603900
18.164000
7.536200
0.772950
-8.888900
-11.787000
-14.686000
-19.517000
-26.280001
-23.382000
-14.686000
-46.570000
-31.111000
-5.990300
-15.652000
-32.077000
-46.570000
-34.009998
-4.058000
-12.754000
-21.448999
-5.024200
-26.280001
-15.652000
11.401000
4.637700
-12.754000
-23.382000
-30.145000
-11.787000
-5.024200
-0.193240
-12.754000
-5.990300
6.570000
15.266000
14.300000
4.637700
-14.686000
-3.091800
-19.517000
-6.956500
3.671500
-2.125600
2.705300
8.502400
18.164000
10.435000
2.705300
22.028999
36.521999
26.860001
19.129999
2.705300
-6.956500
6.570000
14.300000
6.570000
-5.990300
1.739100
19.129999
13.333000
18.164000
32.657001
22.995001
18.164000
23.961000
12.367000
-11.787000
3.671500
12.367000
-8.888900
-4.058000
-1.159400
2.705300
-5.990300
-11.787000
-6.956500
-6.956500
0.772950
8.502400
-5.024200
-5.990300
-15.652000
-19.517000
-2.125600
-5.990300
-20.483000
9.468600
28.792000
19.129999
16.232000
9.468600
15.266000
17.198000
11.401000
-2.125600
10.435000
13.333000
-6.956500
-3.091800
-1.159400
-6.956500
4.637700
-2.125600
9.468600
23.961000
10.435000
12.367000
-4.058000
-7.922700
-12.754000
-19.517000
-8.888900
-1.159400
6.570000
1.739100
13.333000
19.129999
12.367000
11.401000
27.826000
22.028999
-2.125600
3.671500
9.468600
-3.091800
-12.754000
-16.618000
-15.652000
-13.720000
-2.125600
8.502400
7.536200
-7.922700
-18.551001
-18.551001
-4.058000
-6.956500
-11.787000
-4.058000
-10.821000
-7.922700
-0.193240
-10.821000
-17.584999
-14.686000
-3.091800
0.772950
-10.821000
12.367000
15.266000
5.603900
3.671500
-1.159400
-6.956500
5.603900
11.401000
-5.990300
-13.720000
-28.212999
-12.754000
-4.058000
-17.584999
2.705300
6.570000
-11.787000
-2.125600
-6.956500
-5.990300
5.603900
2.705300
-5.990300
-2.125600
-5.024200
-2.125600
0.772950
7.536200
2.705300
-6.956500
11.401000
6.570000
3.671500
15.266000
11.401000
4.637700
-1.159400
16.232000
30.725000
18.164000
2.705300
-5.990300
-14.686000
-14.686000
-5.990300
-4.058000
-2.125600
4.637700
6.570000
5.603900
3.671500
10.435000
13.333000
5.603900
12.367000
6.570000
-5.990300
-17.584999
-0.193240
-3.091800
-6.956500
1.739100
-4.058000
-8.888900
-11.787000
-28.212999
-28.212999
-16.618000
-3.091800
-2.125600
-3.091800
-0.193240
6.570000
30.725000
37.487999
20.097000
11.401000
9.468600
-2.125600
-5.024200
-6.956500
-12.754000
-4.058000
-11.787000
-20.483000
-3.091800
5.603900
1.739100
-9.855100
-16.618000
0.772950
16.232000
19.129999
9.468600
5.603900
15.266000
15.266000
13.333000
10.435000
-1.159400
2.705300
3.671500
8.502400
7.536200
4.637700
13.333000
12.367000
-4.058000
-24.348000
-17.584999
1.739100
-3.091800
-18.551001
-14.686000
-8.888900
-17.584999
-16.618000
-6.956500
-11.787000
-32.077000
-5.024200
2.705300
-0.193240
10.435000
-0.193240
-9.855100
-12.754000
-2.125600
-7.922700
-11.787000
-2.125600
1.739100
-13.720000
-0.193240
21.063000
19.129999
11.401000
-5.024200
-5.990300
6.570000
-1.159400
-15.652000
-11.787000
-20.483000
2.705300
10.435000
-0.193240
0.772950
6.570000
20.097000
2.705300
15.266000
22.028999
13.333000
21.063000
17.198000
1.739100
3.671500
3.671500
-7.922700
-7.922700
3.671500
6.570000
-15.652000
-4.058000
9.468600
-5.024200
1.739100
2.705300
-2.125600
-0.193240
-7.922700
-7.922700
-4.058000
-5.990300
-13.720000
2.705300
11.401000
6.570000
