16.504999
21.358999
24.271999
25.243000
23.301001
16.504999
8.737900
0.970870
1.941700
3.883500
9.708700
24.271999
22.330000
21.358999
16.504999
9.708700
1.941700
-7.767000
-8.737900
-4.854400
-4.854400
1.941700
15.534000
11.650000
8.737900
2.912600
6.796100
12.621000
7.767000
0.000000
7.767000
6.796100
5.825200
3.883500
2.912600
1.941700
-1.941700
-2.912600
7.767000
3.883500
-8.737900
-4.854400
0.000000
0.000000
-0.970870
4.854400
5.825200
7.767000
-0.970870
-9.708700
-7.767000
0.970870
11.650000
6.796100
3.883500
-3.883500
-1.941700
-0.970870
3.883500
5.825200
-4.854400
-8.737900
-0.970870
-0.970870
7.767000
7.767000
-8.737900
-8.737900
-0.970870
4.854400
9.708700
7.767000
5.825200
-1.941700
0.000000
0.970870
10.680000
17.476000
14.563000
4.854400
-2.912600
-8.737900
-18.447001
-6.796100
10.680000
3.883500
3.883500
4.854400
9.708700
14.563000
10.680000
0.000000
-7.767000
-3.883500
6.796100
1.941700
-2.912600
0.970870
1.941700
0.000000
4.854400
7.767000
9.708700
12.621000
12.621000
5.825200
-7.767000
-2.912600
-7.767000
-4.854400
-8.737900
-2.912600
5.825200
6.796100
1.941700
0.000000
6.796100
18.447001
24.271999
26.214001
7.767000
11.650000
17.476000
9.708700
8.737900
5.825200
-0.970870
-16.504999
-25.243000
-22.330000
-16.504999
-11.650000
0.970870
-1.941700
-6.796100
-2.912600
-8.737900
-8.737900
-7.767000
-3.883500
-3.883500
-3.883500
-6.796100
-5.825200
-6.796100
3.883500
8.737900
9.708700
2.912600
4.854400
6.796100
-4.854400
-12.621000
-8.737900
-8.737900
-6.796100
-5.825200
-10.680000
-14.563000
-11.650000
-7.767000
-5.825200
-7.767000
-4.854400
0.000000
7.767000
2.912600
-1.941700
-4.854400
-2.912600
-11.650000
-20.388000
-23.301001
-19.417000
-5.825200
-5.825200
2.912600
4.854400
1.941700
8.737900
22.330000
28.155001
24.271999
22.330000
18.447001
19.417000
20.388000
4.854400
1.941700
10.680000
17.476000
12.621000
13.592000
5.825200
-3.883500
-0.970870
16.504999
14.563000
6.796100
16.504999
29.125999
25.243000
6.796100
0.970870
-2.912600
-5.825200
-6.796100
-12.621000
-19.417000
-22.330000
-25.243000
-25.243000
-21.358999
-32.039001
-34.951000
-23.301001
-22.330000
-19.417000
-14.563000
-7.767000
-4.854400
-4.854400
-6.796100
-0.970870
2.912600
-1.941700
-2.912600
-9.708700
-9.708700
-10.680000
-5.825200
0.000000
6.796100
14.563000
15.534000
15.534000
12.621000
0.970870
-3.883500
-6.796100
-4.854400
-0.970870
3.883500
0.970870
-8.737900
-0.970870
9.708700
22.330000
26.214001
19.417000
13.592000
0.000000
2.912600
0.000000
-8.737900
-10.680000
-13.592000
-12.621000
-5.825200
-0.970870
-0.970870
-2.912600
1.941700
3.883500
-2.912600
3.883500
3.883500
-3.883500
3.883500
3.883500
-5.825200
2.912600
8.737900
10.680000
19.417000
28.155001
32.039001
32.039001
32.039001
27.184000
22.330000
6.796100
-4.854400
-7.767000
-13.592000
-27.184000
-25.243000
-5.825200
0.000000
0.970870
-0.970870
-7.767000
1.941700
11.650000
1.941700
-0.970870
4.854400
0.970870
-3.883500
1.941700
-2.912600
-8.737900
-3.883500
-2.912600
-11.650000
-8.737900
-3.883500
-5.825200
-4.854400
-0.970870
-5.825200
-0.970870
10.680000
5.825200
7.767000
10.680000
0.000000
-8.737900
-6.796100
-9.708700
-6.796100
-4.854400
-4.854400
0.000000
2.912600
2.912600
-1.941700
-1.941700
0.000000
-0.970870
3.883500
10.680000
18.447001
17.476000
8.737900
7.767000
14.563000
16.504999
2.912600
-5.825200
-6.796100
-12.621000
-13.592000
-9.708700
-4.854400
-1.941700
-2.912600
-2.912600
-3.883500
1.941700
-0.970870
3.883500
15.534000
6.796100
4.854400
3.883500
-3.883500
0.000000
0.970870
-2.912600
-4.854400
-1.941700
-2.912600
0.000000
5.825200
0.970870
1.941700
-3.883500
-9.708700
0.000000
3.883500
8.737900
8.737900
3.883500
0.000000
-4.854400
-14.563000
-26.214001
-22.330000
-26.214001
-27.184000
-16.504999
-8.737900
2.912600
15.534000
16.504999
26.214001
13.592000
2.912600
0.970870
-7.767000
-8.737900
-9.708700
-16.504999
-16.504999
-10.680000
-7.767000
-1.941700
2.912600
0.000000
10.680000
16.504999
11.650000
9.708700
5.825200
3.883500
1.941700
-0.970870
0.970870
-8.737900
-5.825200
1.941700
1.941700
-1.941700
-13.592000
-5.825200
-2.912600
-6.796100
-3.883500
-4.854400
-3.883500
-2.912600
0.000000
-0.970870
3.883500
13.592000
12.621000
13.592000
10.680000
9.708700
8.737900
6.796100
2.912600
7.767000
5.825200
0.970870
6.796100
0.000000
12.621000
24.271999
18.447001
14.563000
22.330000
28.155001
27.184000
28.155001
20.388000
19.417000
27.184000
15.534000
6.796100
-13.592000
-34.951000
-35.922001
-36.893002
-27.184000
-25.243000
-20.388000
-4.854400
7.767000
22.330000
34.951000
40.777000
41.748001
35.922001
24.271999
13.592000
16.504999
13.592000
7.767000
4.854400
-1.941700
-5.825200
-9.708700
-11.650000
-3.883500
1.941700
10.680000
11.650000
8.737900
8.737900
0.000000
-9.708700
-12.621000
-12.621000
-9.708700
-0.970870
8.737900
12.621000
14.563000
12.621000
14.563000
4.854400
8.737900
15.534000
18.447001
20.388000
14.563000
6.796100
-7.767000
-8.737900
-12.621000
-19.417000
-24.271999
-33.980999
-33.980999
-36.893002
-36.893002
-34.951000
-33.009998
-32.039001
-31.068001
-21.358999
-20.388000
-25.243000
-27.184000
-26.214001
-22.330000
-23.301001
-28.155001
-28.155001
-20.388000
-23.301001
-20.388000
-11.650000
-1.941700
3.883500
6.796100
2.912600
10.680000
5.825200
-4.854400
-15.534000
-19.417000
-19.417000
-18.447001
-14.563000
-5.825200
0.000000
2.912600
5.825200
3.883500
15.534000
20.388000
22.330000
5.825200
-2.912600
0.970870
7.767000
9.708700
6.796100
5.825200
11.650000
23.301001
30.097000
28.155001
18.447001
7.767000
3.883500
0.970870
0.970870
6.796100
11.650000
17.476000
24.271999
27.184000
25.243000
20.388000
22.330000
20.388000
8.737900
2.912600
1.941700
1.941700
6.796100
11.650000
7.767000
-0.970870
-5.825200
-0.970870
-1.941700
1.941700
0.000000
-3.883500
-0.970870
1.941700
6.796100
5.825200
-0.970870
-4.854400
-17.476000
-18.447001
-17.476000
-20.388000
-19.417000
-20.388000
-26.214001
-22.330000
-26.214001
-33.009998
-39.806000
-30.097000
-20.388000
-13.592000
-6.796100
-2.912600
-1.941700
0.000000
8.737900
13.592000
3.883500
-3.883500
-14.563000
-23.301001
-5.825200
4.854400
0.000000
-0.970870
3.883500
-0.970870
-10.680000
-12.621000
-21.358999
-15.534000
-16.504999
-21.358999
-24.271999
-23.301001
-27.184000
-33.980999
-31.068001
-23.301001
-16.504999
-10.680000
2.912600
8.737900
5.825200
-0.970870
-5.825200
0.970870
-0.970870
-1.941700
12.621000
19.417000
19.417000
23.301001
26.214001
26.214001
25.243000
19.417000
14.563000
5.825200
-15.534000
-17.476000
-18.447001
-25.243000
-28.155001
-17.476000
-2.912600
7.767000
15.534000
15.534000
9.708700
2.912600
9.708700
9.708700
8.737900
16.504999
19.417000
15.534000
23.301001
27.184000
45.631001
44.660000
31.068001
27.184000
16.504999
11.650000
12.621000
6.796100
8.737900
12.621000
12.621000
8.737900
10.680000
17.476000
26.214001
33.009998
25.243000
22.330000
19.417000
27.184000
33.009998
31.068001
24.271999
20.388000
29.125999
17.476000
10.680000
11.650000
3.883500
-4.854400
-17.476000
-33.980999
-33.980999
-29.125999
-24.271999
-29.125999
-32.039001
-31.068001
-27.184000
-30.097000
-36.893002
-33.009998
-30.097000
-24.271999
-20.388000
-12.621000
-11.650000
-15.534000
-22.330000
-18.447001
-13.592000
-12.621000
-8.737900
-8.737900
-3.883500
-3.883500
-2.912600
-0.970870
0.970870
3.883500
0.970870
-11.650000
-15.534000
-11.650000
-6.796100
2.912600
14.563000
14.563000
7.767000
13.592000
24.271999
28.155001
28.155001
27.184000
28.155001
28.155001
24.271999
25.243000
16.504999
11.650000
18.447001
18.447001
27.184000
32.039001
30.097000
33.009998
29.125999
11.650000
8.737900
13.592000
14.563000
2.912600
-1.941700
-6.796100
-7.767000
-11.650000
-15.534000
-12.621000
-11.650000
-6.796100
-5.825200
-11.650000
-11.650000
-2.912600
-1.941700
-5.825200
-16.504999
-29.125999
-29.125999
-28.155001
-30.097000
-17.476000
-5.825200
-3.883500
-7.767000
-11.650000
-8.737900
0.000000
3.883500
-3.883500
-5.825200
-3.883500
-6.796100
-3.883500
-7.767000
-12.621000
-15.534000
-17.476000
-11.650000
-7.767000
-12.621000
1.941700
17.476000
20.388000
23.301001
17.476000
5.825200
9.708700
16.504999
20.388000
19.417000
13.592000
14.563000
23.301001
22.330000
13.592000
3.883500
-5.825200
-1.941700
5.825200
4.854400
12.621000
33.009998
45.631001
46.602001
46.602001
37.863998
22.330000
7.767000
-2.912600
-8.737900
-13.592000
-15.534000
-11.650000
1.941700
10.680000
9.708700
3.883500
-0.970870
4.854400
0.000000
-2.912600
-4.854400
4.854400
10.680000
12.621000
17.476000
10.680000
0.000000
-11.650000
-20.388000
-19.417000
-14.563000
-22.330000
-29.125999
-32.039001
-17.476000
-12.621000
-11.650000
-1.941700
-1.941700
0.000000
0.000000
-2.912600
-11.650000
-6.796100
-2.912600
-2.912600
-7.767000
-15.534000
-11.650000
-7.767000
-0.970870
-6.796100
-13.592000
-4.854400
-0.970870
4.854400
15.534000
15.534000
9.708700
10.680000
14.563000
7.767000
-2.912600
-16.504999
-18.447001
-24.271999
-17.476000
-17.476000
-18.447001
-22.330000
-17.476000
-17.476000
-13.592000
-7.767000
-1.941700
-2.912600
-6.796100
-4.854400
2.912600
5.825200
8.737900
16.504999
20.388000
13.592000
6.796100
-1.941700
-2.912600
-0.970870
0.970870
-5.825200
0.970870
5.825200
17.476000
16.504999
12.621000
15.534000
7.767000
3.883500
0.000000
-7.767000
-5.825200
7.767000
0.970870
-3.883500
4.854400
3.883500
-5.825200
-10.680000
-12.621000
-6.796100
1.941700
4.854400
-0.970870
2.912600
1.941700
8.737900
11.650000
5.825200
3.883500
4.854400
0.000000
4.854400
3.883500
4.854400
2.912600
2.912600
3.883500
-3.883500
2.912600
6.796100
-0.970870
-7.767000
-9.708700
-13.592000
-1.941700
6.796100
2.912600
-7.767000
-9.708700
-16.504999
-18.447001
-21.358999
-19.417000
-7.767000
-0.970870
-1.941700
-4.854400
-0.970870
0.970870
-2.912600
-5.825200
-8.737900
-7.767000
-5.825200
-0.970870
-5.825200
0.000000
-1.941700
-0.970870
2.912600
2.912600
11.650000
11.650000
19.417000
25.243000
19.417000
7.767000
0.000000
-7.767000
-11.650000
-13.592000
-16.504999
-22.330000
-30.097000
-21.358999
-4.854400
5.825200
14.563000
14.563000
11.650000
14.563000
17.476000
15.534000
15.534000
4.854400
3.883500
-0.970870
-10.680000
-18.447001
-28.155001
-20.388000
-11.650000
-9.708700
-13.592000
-15.534000
-16.504999
-8.737900
4.854400
15.534000
19.417000
