4.789600
7.702300
2.847900
-4.919100
-4.919100
-4.919100
-15.599000
-14.628000
-9.773500
-8.802600
-0.064720
8.673100
13.528000
16.440001
18.382000
21.294001
15.469000
17.410999
11.586000
11.586000
8.673100
-0.064720
-1.035600
3.818800
10.615000
11.586000
4.789600
8.673100
4.789600
4.789600
16.440001
8.673100
4.789600
8.673100
8.673100
8.673100
11.586000
4.789600
-3.948200
-5.890000
-5.890000
-7.831700
-9.773500
-7.831700
-0.064720
5.760500
7.702300
11.586000
11.586000
7.702300
4.789600
11.586000
10.615000
8.673100
5.760500
9.644000
3.818800
-1.035600
-2.006500
-1.035600
-6.860800
-10.744000
-6.860800
-5.890000
-0.064720
-2.977300
-2.977300
-2.977300
-2.006500
3.818800
8.673100
-2.006500
3.818800
-2.977300
-6.860800
-2.977300
0.906150
-4.919100
-14.628000
-13.657000
-10.744000
-12.686000
-10.744000
0.906150
2.847900
5.760500
3.818800
2.847900
11.586000
15.469000
9.644000
0.906150
0.906150
3.818800
-1.035600
-2.006500
-4.919100
-7.831700
-2.977300
0.906150
3.818800
12.557000
16.440001
20.323999
15.469000
16.440001
2.847900
1.877000
-3.948200
-18.511000
-16.570000
-8.802600
-5.890000
-6.860800
-3.948200
-3.948200
-2.977300
3.818800
15.469000
4.789600
-7.831700
-7.831700
-7.831700
-12.686000
-21.424000
-17.540001
-20.452999
-22.395000
-17.540001
-13.657000
-4.919100
6.731400
14.498000
11.586000
11.586000
16.440001
11.586000
14.498000
17.410999
16.440001
12.557000
8.673100
7.702300
6.731400
6.731400
0.906150
-0.064720
10.615000
-3.948200
-7.831700
4.789600
-2.006500
-2.977300
6.731400
14.498000
0.906150
3.818800
1.877000
-1.035600
-5.890000
-2.977300
-11.715000
-18.511000
-17.540001
-16.570000
-5.890000
-9.773500
-12.686000
-9.773500
-2.006500
0.906150
6.731400
17.410999
14.498000
20.323999
19.353001
15.469000
3.818800
-2.006500
0.906150
5.760500
-1.035600
-8.802600
-16.570000
-16.570000
-14.628000
-13.657000
-6.860800
-6.860800
-2.977300
-8.802600
-12.686000
-5.890000
-3.948200
-4.919100
-2.977300
-0.064720
-2.006500
-9.773500
-13.657000
-10.744000
-9.773500
-8.802600
6.731400
3.818800
6.731400
14.498000
14.498000
15.469000
22.264999
24.207001
15.469000
18.382000
12.557000
-0.064720
-5.890000
-6.860800
-6.860800
-7.831700
-8.802600
-2.006500
4.789600
1.877000
13.528000
16.440001
17.410999
15.469000
16.440001
9.644000
3.818800
-4.919100
-5.890000
-8.802600
-7.831700
0.906150
8.673100
11.586000
23.236000
13.528000
6.731400
6.731400
0.906150
0.906150
-0.064720
2.847900
4.789600
0.906150
0.906150
-3.948200
-4.919100
-2.977300
-4.919100
-5.890000
-13.657000
-14.628000
-10.744000
-0.064720
-2.006500
-1.035600
5.760500
1.877000
0.906150
3.818800
3.818800
4.789600
-0.064720
-0.064720
-7.831700
-6.860800
-1.035600
4.789600
7.702300
10.615000
11.586000
19.353001
11.586000
3.818800
-0.064720
-5.890000
-2.006500
-9.773500
-11.715000
-4.919100
-2.006500
-6.860800
0.906150
5.760500
9.644000
7.702300
5.760500
1.877000
-4.919100
-6.860800
-9.773500
-11.715000
-7.831700
-4.919100
-5.890000
-2.977300
-0.064720
5.760500
10.615000
5.760500
6.731400
4.789600
-4.919100
-3.948200
-1.035600
-4.919100
-5.890000
-12.686000
-12.686000
-15.599000
-15.599000
-10.744000
-4.919100
-3.948200
-14.628000
-10.744000
-0.064720
7.702300
7.702300
6.731400
8.673100
6.731400
6.731400
-0.064720
-4.919100
-3.948200
-2.977300
0.906150
7.702300
9.644000
4.789600
9.644000
3.818800
-1.035600
1.877000
0.906150
-0.064720
3.818800
-2.977300
-2.977300
4.789600
7.702300
6.731400
1.877000
9.644000
12.557000
5.760500
-1.035600
-3.948200
-3.948200
-1.035600
-2.977300
0.906150
1.877000
-2.006500
2.847900
7.702300
2.847900
0.906150
3.818800
3.818800
0.906150
-4.919100
-8.802600
-11.715000
-7.831700
-5.890000
-6.860800
-6.860800
-5.890000
-3.948200
9.644000
9.644000
8.673100
4.789600
0.906150
-4.919100
-3.948200
-0.064720
-1.035600
-3.948200
-8.802600
-13.657000
-10.744000
0.906150
-6.860800
-4.919100
-0.064720
-1.035600
5.760500
6.731400
8.673100
11.586000
5.760500
1.877000
6.731400
7.702300
2.847900
0.906150
3.818800
1.877000
-2.977300
-1.035600
3.818800
-4.919100
-12.686000
-14.628000
-14.628000
-11.715000
-13.657000
-14.628000
-12.686000
-10.744000
-4.919100
-3.948200
-2.977300
0.906150
3.818800
3.818800
5.760500
2.847900
-1.035600
0.906150
-2.977300
-9.773500
-11.715000
-16.570000
-14.628000
-6.860800
-4.919100
-2.006500
9.644000
15.469000
21.294001
22.264999
23.236000
24.207001
14.498000
3.818800
2.847900
-1.035600
-4.919100
-4.919100
-9.773500
-13.657000
-20.452999
-22.395000
-15.599000
-16.570000
-15.599000
-16.570000
-8.802600
-8.802600
-6.860800
1.877000
5.760500
5.760500
14.498000
14.498000
18.382000
19.353001
15.469000
14.498000
15.469000
16.440001
18.382000
16.440001
13.528000
12.557000
16.440001
15.469000
19.353001
18.382000
11.586000
9.644000
10.615000
17.410999
9.644000
5.760500
5.760500
5.760500
6.731400
1.877000
0.906150
3.818800
-2.977300
-2.006500
2.847900
-1.035600
-5.890000
-9.773500
-5.890000
-5.890000
-17.540001
-25.306999
-21.424000
-22.395000
-17.540001
-6.860800
4.789600
12.557000
28.091000
36.827999
31.974001
35.858002
41.682999
37.799000
28.091000
19.353001
15.469000
10.615000
-2.977300
-13.657000
-20.452999
-25.306999
-29.191000
-29.191000
-24.337000
-29.191000
-30.162001
-29.191000
-27.249001
-20.452999
-26.278000
-29.191000
-29.191000
-30.162001
-38.900002
-36.958000
-39.870998
-45.695999
-39.870998
-36.958000
-30.162001
-20.452999
-16.570000
-9.773500
-6.860800
-2.977300
-2.006500
-4.919100
-1.035600
-2.977300
-2.006500
-1.035600
-7.831700
-2.977300
0.906150
10.615000
15.469000
9.644000
10.615000
7.702300
7.702300
4.789600
7.702300
8.673100
8.673100
5.760500
5.760500
9.644000
16.440001
18.382000
17.410999
18.382000
25.177999
21.294001
17.410999
10.615000
6.731400
-1.035600
6.731400
1.877000
-2.977300
-3.948200
6.731400
11.586000
19.353001
23.236000
17.410999
17.410999
20.323999
25.177999
27.120001
31.003000
19.353001
7.702300
12.557000
12.557000
18.382000
8.673100
5.760500
6.731400
9.644000
12.557000
7.702300
3.818800
1.877000
-0.064720
-1.035600
-0.064720
-2.977300
-4.919100
-4.919100
-2.006500
2.847900
11.586000
9.644000
5.760500
8.673100
0.906150
0.906150
7.702300
6.731400
8.673100
7.702300
3.818800
3.818800
-1.035600
-9.773500
-12.686000
-12.686000
-7.831700
-6.860800
-12.686000
-13.657000
-12.686000
-11.715000
-2.977300
-2.006500
6.731400
6.731400
9.644000
12.557000
10.615000
2.847900
1.877000
-7.831700
-11.715000
-2.977300
-4.919100
-10.744000
-9.773500
-7.831700
-1.035600
-1.035600
-4.919100
-5.890000
-10.744000
-11.715000
-9.773500
-9.773500
-2.006500
5.760500
4.789600
15.469000
24.207001
30.032000
25.177999
14.498000
7.702300
1.877000
-4.919100
-8.802600
-13.657000
-14.628000
-7.831700
-3.948200
-2.977300
0.906150
5.760500
9.644000
12.557000
11.586000
6.731400
5.760500
-1.035600
-5.890000
1.877000
8.673100
9.644000
11.586000
11.586000
4.789600
3.818800
4.789600
-1.035600
-11.715000
-15.599000
-26.278000
-28.219999
-22.395000
-17.540001
-9.773500
-9.773500
-11.715000
-9.773500
-9.773500
-13.657000
-14.628000
-15.599000
-10.744000
-5.890000
-14.628000
-19.482000
-23.365999
-24.337000
-16.570000
-9.773500
-10.744000
-1.035600
1.877000
-2.006500
4.789600
0.906150
-2.006500
-1.035600
-13.657000
-19.482000
-20.452999
-19.482000
-18.511000
-13.657000
-7.831700
-9.773500
-2.006500
4.789600
11.586000
10.615000
17.410999
3.818800
-3.948200
-5.890000
-0.064720
6.731400
10.615000
12.557000
13.528000
22.264999
20.323999
14.498000
15.469000
23.236000
18.382000
15.469000
10.615000
1.877000
-2.006500
-5.890000
-10.744000
-11.715000
-2.006500
6.731400
8.673100
11.586000
16.440001
12.557000
8.673100
7.702300
0.906150
-3.948200
-2.977300
-8.802600
-11.715000
-6.860800
-0.064720
-1.035600
-5.890000
-2.977300
-2.006500
-2.006500
-1.035600
3.818800
-1.035600
-0.064720
-2.977300
-5.890000
1.877000
10.615000
8.673100
15.469000
24.207001
24.207001
18.382000
15.469000
9.644000
2.847900
8.673100
6.731400
5.760500
10.615000
8.673100
4.789600
7.702300
6.731400
7.702300
9.644000
14.498000
11.586000
0.906150
-1.035600
-8.802600
-12.686000
-13.657000
-14.628000
-7.831700
1.877000
13.528000
17.410999
15.469000
17.410999
21.294001
17.410999
21.294001
18.382000
8.673100
2.847900
-1.035600
-12.686000
-18.511000
-21.424000
-23.365999
-27.249001
-25.306999
-18.511000
-21.424000
-23.365999
-18.511000
-20.452999
-17.540001
-14.628000
-12.686000
-6.860800
-11.715000
-4.919100
-6.860800
-16.570000
-9.773500
-6.860800
-6.860800
1.877000
6.731400
7.702300
5.760500
1.877000
-0.064720
-4.919100
-1.035600
1.877000
-0.064720
-8.802600
-4.919100
-0.064720
5.760500
4.789600
-2.006500
1.877000
-2.977300
-10.744000
-5.890000
-10.744000
-16.570000
-13.657000
-11.715000
-8.802600
2.847900
4.789600
7.702300
11.586000
12.557000
8.673100
11.586000
13.528000
9.644000
8.673100
4.789600
4.789600
8.673100
10.615000
10.615000
16.440001
14.498000
7.702300
5.760500
1.877000
-2.977300
7.702300
-1.035600
-2.977300
4.789600
5.760500
10.615000
12.557000
7.702300
6.731400
3.818800
2.847900
-3.948200
-10.744000
-6.860800
-4.919100
-3.948200
-3.948200
-7.831700
-12.686000
-12.686000
-3.948200
-6.860800
-8.802600
-0.064720
7.702300
10.615000
12.557000
15.469000
17.410999
13.528000
10.615000
5.760500
-0.064720
1.877000
-2.006500
-3.948200
-3.948200
-1.035600
2.847900
0.906150
-5.890000
-2.006500
-0.064720
3.818800
1.877000
0.906150
2.847900
0.906150
2.847900
4.789600
-2.977300
-4.919100
-2.006500
-1.035600
-2.977300
-3.948200
-3.948200
-2.006500
4.789600
3.818800
0.906150
1.877000
2.847900
-3.948200
-7.831700
-2.977300
-2.977300
-1.035600
-2.006500
-1.035600
0.906150
1.877000
5.760500
6.731400
2.847900
-2.006500
4.789600
-2.006500
-4.919100
1.877000
-2.977300
-6.860800
-7.831700
-6.860800
-9.773500
-15.599000
-11.715000
-10.744000
1.877000
6.731400
11.586000
22.264999
17.410999
3.818800
0.906150
-4.919100
-14.628000
-20.452999
-17.540001
-17.540001
-19.482000
-12.686000
3.818800
8.673100
13.528000
22.264999
21.294001
19.353001
14.498000
13.528000
11.586000
9.644000
7.702300
8.673100
1.877000
-1.035600
-2.977300
-4.919100
-6.860800
-8.802600
-4.919100
1.877000
-2.006500
0.906150
-3.948200
-0.064720
5.760500
-0.064720
-1.035600
-1.035600
-5.890000
-4.919100
8.673100
2.847900
-2.977300
