24.325001
17.496000
12.618000
16.520000
10.667000
7.739800
-0.065040
-3.967500
-3.967500
-4.943100
0.910570
11.642000
14.569000
7.739800
7.739800
9.691100
6.764200
0.910570
-5.918700
-2.991900
-2.016300
-2.016300
-7.869900
1.886200
2.861800
-2.016300
2.861800
2.861800
-3.967500
-0.065040
4.813000
6.764200
0.910570
5.788600
4.813000
-2.016300
9.691100
11.642000
2.861800
5.788600
-0.065040
-2.016300
1.886200
-0.065040
-0.065040
3.837400
4.813000
2.861800
5.788600
8.715400
5.788600
3.837400
2.861800
-5.918700
-3.967500
3.837400
-6.894300
-2.016300
6.764200
8.715400
3.837400
-0.065040
3.837400
0.910570
0.910570
-4.943100
-11.772000
-4.943100
4.813000
6.764200
4.813000
-2.991900
-10.797000
-1.040700
6.764200
6.764200
10.667000
10.667000
11.642000
3.837400
-1.040700
-2.016300
-1.040700
3.837400
2.861800
-3.967500
2.861800
10.667000
10.667000
2.861800
-2.991900
-2.016300
-2.991900
-2.016300
-3.967500
-4.943100
-3.967500
-9.821100
-2.991900
7.739800
9.691100
5.788600
3.837400
3.837400
5.788600
3.837400
-2.016300
-5.918700
-4.943100
-5.918700
-8.845500
-9.821100
-0.065040
6.764200
-1.040700
1.886200
8.715400
10.667000
12.618000
16.520000
11.642000
6.764200
8.715400
13.593000
9.691100
11.642000
1.886200
-2.016300
-5.918700
-10.797000
-9.821100
-7.869900
-7.869900
-6.894300
-4.943100
-2.991900
-6.894300
-2.991900
-2.016300
-6.894300
-4.943100
-7.869900
-2.991900
-0.065040
0.910570
0.910570
2.861800
6.764200
5.788600
6.764200
0.910570
-4.943100
-9.821100
-11.772000
-5.918700
-6.894300
-7.869900
-14.699000
-12.748000
-9.821100
1.886200
10.667000
14.569000
10.667000
10.667000
8.715400
6.764200
-3.967500
-3.967500
-1.040700
-8.845500
-14.699000
-17.625999
-12.748000
-2.991900
-2.016300
-8.845500
3.837400
16.520000
19.447001
19.447001
19.447001
21.398001
6.764200
8.715400
17.496000
16.520000
10.667000
10.667000
5.788600
5.788600
1.886200
1.886200
6.764200
1.886200
-2.016300
4.813000
5.788600
15.545000
21.398001
6.764200
10.667000
15.545000
8.715400
-5.918700
-15.675000
-20.552999
-21.528000
-21.528000
-20.552999
-21.528000
-28.358000
-16.650000
-6.894300
-9.821100
-8.845500
-9.821100
-9.821100
-5.918700
3.837400
1.886200
-4.943100
-10.797000
-2.991900
1.886200
-0.065040
-6.894300
-12.748000
-14.699000
-13.724000
-9.821100
-4.943100
1.886200
5.788600
7.739800
16.520000
17.496000
4.813000
-1.040700
-5.918700
-5.918700
-5.918700
-12.748000
-16.650000
-10.797000
-6.894300
-0.065040
2.861800
5.788600
7.739800
12.618000
12.618000
9.691100
5.788600
1.886200
-5.918700
-7.869900
-3.967500
-2.991900
-4.943100
-5.918700
-4.943100
-2.991900
-4.943100
-11.772000
-7.869900
-0.065040
1.886200
-2.016300
0.910570
5.788600
4.813000
3.837400
5.788600
7.739800
20.423000
27.252001
25.301001
20.423000
15.545000
8.715400
4.813000
2.861800
-2.016300
-8.845500
-14.699000
-9.821100
-1.040700
3.837400
1.886200
3.837400
3.837400
5.788600
14.569000
15.545000
9.691100
12.618000
15.545000
7.739800
2.861800
-4.943100
-6.894300
-12.748000
-6.894300
-2.991900
-5.918700
-1.040700
0.910570
3.837400
7.739800
2.861800
-6.894300
7.739800
8.715400
11.642000
10.667000
1.886200
-5.918700
-8.845500
-14.699000
-7.869900
-3.967500
-5.918700
-2.016300
-0.065040
-1.040700
-0.065040
5.788600
7.739800
3.837400
-1.040700
8.715400
16.520000
8.715400
3.837400
1.886200
-1.040700
-9.821100
0.910570
5.788600
3.837400
-1.040700
-2.991900
-6.894300
-6.894300
-4.943100
-5.918700
-3.967500
-2.991900
-3.967500
-1.040700
3.837400
9.691100
9.691100
9.691100
6.764200
5.788600
-1.040700
-2.991900
-6.894300
-9.821100
-8.845500
-3.967500
1.886200
3.837400
-3.967500
-0.065040
2.861800
3.837400
5.788600
13.593000
15.545000
12.618000
6.764200
1.886200
-2.991900
-18.601999
-25.431000
-22.504000
-21.528000
-19.577000
-8.845500
4.813000
16.520000
15.545000
9.691100
8.715400
12.618000
4.813000
-2.991900
-10.797000
-15.675000
-14.699000
-12.748000
-11.772000
-5.918700
-10.797000
-4.943100
6.764200
8.715400
11.642000
15.545000
8.715400
7.739800
1.886200
3.837400
0.910570
0.910570
4.813000
-1.040700
-0.065040
6.764200
5.788600
-1.040700
-6.894300
-8.845500
-5.918700
-4.943100
-5.918700
-3.967500
-6.894300
-9.821100
-5.918700
-0.065040
5.788600
9.691100
11.642000
7.739800
5.788600
4.813000
7.739800
9.691100
3.837400
0.910570
-2.016300
-2.991900
-2.016300
-10.797000
-0.065040
13.593000
16.520000
22.374001
22.374001
22.374001
14.569000
15.545000
20.423000
20.423000
19.447001
12.618000
10.667000
-2.016300
-15.675000
-22.504000
-27.382000
-27.382000
-22.504000
-20.552999
-12.748000
-5.918700
3.837400
11.642000
27.252001
34.081001
32.130001
30.179001
23.350000
17.496000
13.593000
2.861800
3.837400
4.813000
1.886200
0.910570
1.886200
0.910570
4.813000
8.715400
13.593000
13.593000
9.691100
12.618000
3.837400
-5.918700
-2.991900
-2.016300
3.837400
8.715400
5.788600
1.886200
-2.016300
0.910570
2.861800
15.545000
17.496000
18.472000
18.472000
15.545000
9.691100
-1.040700
-9.821100
-20.552999
-21.528000
-24.455000
-35.187000
-35.187000
-36.162998
-45.918999
-44.943001
-32.259998
-28.358000
-24.455000
-15.675000
-17.625999
-29.333000
-26.407000
-18.601999
-15.675000
-13.724000
-14.699000
-12.748000
-15.675000
-19.577000
-20.552999
-10.797000
1.886200
13.593000
11.642000
6.764200
10.667000
5.788600
5.788600
-2.016300
-2.991900
-0.065040
-3.967500
-7.869900
-8.845500
-5.918700
0.910570
2.861800
4.813000
11.642000
16.520000
14.569000
10.667000
9.691100
9.691100
5.788600
2.861800
3.837400
4.813000
10.667000
16.520000
14.569000
10.667000
4.813000
7.739800
9.691100
2.861800
4.813000
4.813000
5.788600
8.715400
10.667000
10.667000
6.764200
11.642000
18.472000
16.520000
11.642000
8.715400
11.642000
8.715400
3.837400
4.813000
4.813000
0.910570
-6.894300
-15.675000
-17.625999
-11.772000
-5.918700
-4.943100
3.837400
15.545000
9.691100
4.813000
6.764200
-6.894300
-11.772000
-11.772000
-19.577000
-25.431000
-26.407000
-26.407000
-31.285000
-35.187000
-38.113998
-40.064999
-39.089001
-31.285000
-24.455000
-20.552999
-17.625999
-12.748000
-12.748000
-6.894300
-0.065040
1.886200
-5.918700
-17.625999
-17.625999
-12.748000
-5.918700
3.837400
16.520000
16.520000
19.447001
14.569000
-1.040700
-2.991900
-2.991900
-4.943100
-14.699000
-18.601999
-17.625999
-23.480000
-19.577000
-17.625999
-13.724000
-10.797000
-5.918700
-1.040700
0.910570
-2.016300
-8.845500
-10.797000
-7.869900
-8.845500
-11.772000
-4.943100
1.886200
0.910570
5.788600
4.813000
0.910570
4.813000
5.788600
-0.065040
-2.991900
-4.943100
-4.943100
-8.845500
-16.650000
-18.601999
-15.675000
-8.845500
-4.943100
-1.040700
2.861800
-2.016300
4.813000
10.667000
12.618000
12.618000
10.667000
12.618000
13.593000
16.520000
27.252001
31.153999
38.959000
37.984001
31.153999
23.350000
19.447001
13.593000
13.593000
23.350000
25.301001
20.423000
24.325001
23.350000
23.350000
24.325001
25.301001
27.252001
27.252001
27.252001
35.056999
42.862000
38.959000
42.862000
35.056999
31.153999
27.252001
18.472000
15.545000
19.447001
17.496000
12.618000
0.910570
-8.845500
-11.772000
-15.675000
-7.869900
-1.040700
-6.894300
-12.748000
-10.797000
-6.894300
-11.772000
-15.675000
-14.699000
-15.675000
-14.699000
-14.699000
-14.699000
-15.675000
-12.748000
-19.577000
-15.675000
-13.724000
-8.845500
-11.772000
-11.772000
-9.821100
-6.894300
-7.869900
-5.918700
-4.943100
-13.724000
-21.528000
-21.528000
-9.821100
1.886200
2.861800
19.447001
19.447001
14.569000
13.593000
12.618000
7.739800
10.667000
15.545000
5.788600
1.886200
3.837400
7.739800
7.739800
5.788600
10.667000
9.691100
11.642000
14.569000
9.691100
5.788600
10.667000
7.739800
1.886200
-1.040700
-0.065040
-1.040700
-5.918700
-4.943100
-8.845500
-8.845500
-7.869900
-5.918700
-2.016300
0.910570
-4.943100
-11.772000
-15.675000
-10.797000
-12.748000
-12.748000
-23.480000
-22.504000
-17.625999
-18.601999
-20.552999
-12.748000
-6.894300
-8.845500
-7.869900
-2.991900
-2.991900
-2.016300
-9.821100
-14.699000
-15.675000
-10.797000
-2.991900
4.813000
4.813000
-0.065040
-4.943100
-7.869900
-3.967500
-4.943100
-2.991900
6.764200
13.593000
17.496000
16.520000
16.520000
15.545000
6.764200
7.739800
5.788600
4.813000
8.715400
12.618000
16.520000
6.764200
6.764200
8.715400
3.837400
12.618000
9.691100
5.788600
12.618000
20.423000
28.228001
32.130001
35.056999
33.105999
32.130001
26.275999
17.496000
9.691100
-2.991900
-9.821100
-1.040700
2.861800
-0.065040
-3.967500
-10.797000
-9.821100
-9.821100
-6.894300
-2.991900
-0.065040
0.910570
0.910570
6.764200
7.739800
3.837400
-1.040700
-8.845500
-15.675000
-20.552999
-16.650000
-8.845500
-2.991900
-1.040700
-2.991900
-2.016300
-5.918700
-6.894300
-2.016300
4.813000
11.642000
2.861800
-7.869900
-11.772000
-17.625999
-17.625999
-17.625999
-18.601999
-12.748000
-2.016300
-5.918700
1.886200
12.618000
16.520000
12.618000
15.545000
17.496000
15.545000
10.667000
9.691100
4.813000
8.715400
2.861800
-5.918700
-7.869900
-8.845500
-12.748000
-16.650000
-9.821100
-14.699000
-19.577000
-16.650000
-16.650000
-17.625999
-11.772000
-3.967500
-3.967500
0.910570
4.813000
7.739800
11.642000
17.496000
19.447001
19.447001
21.398001
11.642000
0.910570
-2.991900
-5.918700
-8.845500
-15.675000
-13.724000
4.813000
0.910570
0.910570
8.715400
5.788600
5.788600
-2.991900
-13.724000
-11.772000
1.886200
1.886200
-0.065040
-0.065040
-1.040700
-0.065040
-2.016300
-3.967500
-8.845500
-6.894300
-8.845500
-14.699000
-12.748000
-13.724000
-3.967500
-1.040700
-2.016300
2.861800
2.861800
4.813000
11.642000
14.569000
15.545000
13.593000
8.715400
10.667000
18.472000
16.520000
7.739800
17.496000
15.545000
2.861800
-3.967500
-12.748000
-13.724000
-13.724000
-15.675000
-13.724000
-7.869900
-2.016300
-0.065040
0.910570
1.886200
6.764200
6.764200
3.837400
-2.016300
-7.869900
-15.675000
-13.724000
-11.772000
-12.748000
-9.821100
-17.625999
-16.650000
-7.869900
-0.065040
8.715400
8.715400
14.569000
19.447001
15.545000
17.496000
23.350000
20.423000
13.593000
7.739800
-6.894300
-23.480000
-31.285000
-42.015999
-42.992001
-31.285000
-18.601999
-4.943100
7.739800
10.667000
13.593000
17.496000
16.520000
17.496000
17.496000
13.593000
-0.065040
-9.821100
-20.552999
-30.309000
-24.455000
-18.601999
-13.724000
-6.894300
-2.991900
-1.040700
-2.016300
-10.797000
-7.869900
-0.065040
-0.065040
2.861800
