-11.538000
-5.769200
5.769200
12.500000
14.423000
17.308001
19.231001
14.423000
5.769200
-0.961540
-6.730800
-6.730800
-4.807700
0.000000
5.769200
5.769200
-2.884600
-6.730800
-11.538000
-16.346001
-17.308001
-17.308001
-16.346001
-8.653800
1.923100
6.730800
4.807700
2.884600
7.692300
10.577000
9.615400
4.807700
1.923100
0.000000
-3.846200
-8.653800
-11.538000
-12.500000
-7.692300
0.961540
2.884600
2.884600
5.769200
5.769200
0.961540
-0.961540
0.000000
3.846200
8.653800
10.577000
7.692300
0.961540
-3.846200
-10.577000
-12.500000
-9.615400
-9.615400
-6.730800
-4.807700
-2.884600
-2.884600
-3.846200
-5.769200
-6.730800
-5.769200
-2.884600
-2.884600
-0.961540
1.923100
2.884600
7.692300
7.692300
3.846200
-0.961540
-1.923100
1.923100
11.538000
13.462000
14.423000
16.346001
18.268999
11.538000
1.923100
0.000000
-2.884600
-3.846200
0.000000
-2.884600
-3.846200
-3.846200
0.000000
8.653800
16.346001
20.191999
22.115000
19.231001
15.385000
11.538000
2.884600
-6.730800
-8.653800
-8.653800
-4.807700
-0.961540
-0.961540
-2.884600
-2.884600
-2.884600
-8.653800
-11.538000
-11.538000
-10.577000
-10.577000
-9.615400
-8.653800
-7.692300
-6.730800
-4.807700
-3.846200
-5.769200
-7.692300
-6.730800
-7.692300
-10.577000
-14.423000
-11.538000
-7.692300
-6.730800
-5.769200
-2.884600
0.961540
3.846200
4.807700
2.884600
6.730800
8.653800
4.807700
5.769200
9.615400
11.538000
9.615400
6.730800
1.923100
0.961540
1.923100
0.961540
-0.961540
0.961540
3.846200
11.538000
21.153999
25.962000
25.000000
22.115000
22.115000
20.191999
12.500000
1.923100
-0.961540
-3.846200
-4.807700
-1.923100
0.961540
-2.884600
-5.769200
-4.807700
-2.884600
-3.846200
-6.730800
-13.462000
-22.115000
-30.768999
-33.653999
-31.731001
-22.115000
-18.268999
-16.346001
-11.538000
-7.692300
-0.961540
5.769200
15.385000
21.153999
22.115000
20.191999
14.423000
10.577000
4.807700
-4.807700
-9.615400
-7.692300
-7.692300
-6.730800
-2.884600
-0.961540
-2.884600
-0.961540
2.884600
9.615400
19.231001
30.768999
26.923000
15.385000
8.653800
1.923100
-3.846200
-9.615400
-13.462000
-12.500000
-6.730800
-8.653800
-10.577000
-7.692300
-6.730800
-6.730800
-4.807700
-3.846200
-7.692300
-5.769200
0.000000
2.884600
5.769200
6.730800
9.615400
11.538000
9.615400
1.923100
-3.846200
-3.846200
-3.846200
-0.961540
0.961540
-0.961540
-3.846200
-3.846200
-6.730800
-8.653800
-9.615400
-12.500000
-10.577000
-6.730800
-3.846200
0.961540
5.769200
8.653800
10.577000
11.538000
11.538000
9.615400
4.807700
0.000000
-3.846200
-8.653800
-10.577000
-9.615400
-5.769200
-0.961540
1.923100
4.807700
8.653800
13.462000
17.308001
20.191999
20.191999
22.115000
23.077000
24.038000
24.038000
23.077000
18.268999
11.538000
10.577000
11.538000
8.653800
5.769200
5.769200
6.730800
5.769200
2.884600
6.730800
8.653800
7.692300
8.653800
7.692300
3.846200
0.000000
-0.961540
0.000000
0.000000
-4.807700
-10.577000
-12.500000
-11.538000
-12.500000
-22.115000
-28.846001
-27.885000
-23.077000
-17.308001
-10.577000
-3.846200
1.923100
2.884600
2.884600
-0.961540
-2.884600
-7.692300
-12.500000
-17.308001
-13.462000
-15.385000
-13.462000
-3.846200
0.000000
3.846200
5.769200
2.884600
0.000000
-1.923100
-6.730800
-8.653800
-6.730800
-2.884600
0.961540
3.846200
0.961540
-2.884600
-4.807700
-2.884600
-1.923100
2.884600
10.577000
11.538000
6.730800
0.961540
0.000000
2.884600
6.730800
3.846200
4.807700
12.500000
20.191999
25.000000
23.077000
18.268999
13.462000
9.615400
9.615400
10.577000
8.653800
9.615400
16.346001
17.308001
16.346001
17.308001
11.538000
4.807700
0.000000
-6.730800
-14.423000
-20.191999
-25.000000
-23.077000
-19.231001
-9.615400
-1.923100
4.807700
6.730800
0.961540
-0.961540
0.000000
-4.807700
-14.423000
-25.000000
-29.808001
-27.885000
-20.191999
-14.423000
-10.577000
-3.846200
1.923100
1.923100
0.000000
-0.961540
0.961540
2.884600
5.769200
4.807700
0.961540
0.000000
2.884600
4.807700
2.884600
0.000000
-3.846200
-7.692300
-4.807700
-5.769200
-5.769200
-5.769200
-9.615400
-10.577000
-11.538000
-6.730800
0.000000
3.846200
4.807700
0.961540
-1.923100
-4.807700
-7.692300
-7.692300
-8.653800
-11.538000
-10.577000
-2.884600
4.807700
9.615400
10.577000
11.538000
11.538000
6.730800
3.846200
1.923100
-0.961540
1.923100
0.961540
1.923100
8.653800
17.308001
19.231001
22.115000
25.000000
25.962000
25.962000
24.038000
22.115000
19.231001
13.462000
5.769200
-1.923100
-1.923100
2.884600
10.577000
18.268999
22.115000
18.268999
13.462000
9.615400
2.884600
-1.923100
-4.807700
-10.577000
-16.346001
-18.268999
-16.346001
-10.577000
-4.807700
-0.961540
3.846200
8.653800
12.500000
15.385000
20.191999
18.268999
13.462000
10.577000
6.730800
3.846200
0.961540
-5.769200
-10.577000
-13.462000
-19.231001
-25.000000
-24.038000
-19.231001
-13.462000
-9.615400
-10.577000
-11.538000
-9.615400
-8.653800
-10.577000
-12.500000
-13.462000
-14.423000
-15.385000
-13.462000
-11.538000
-3.846200
0.961540
3.846200
10.577000
15.385000
19.231001
17.308001
12.500000
6.730800
0.000000
-7.692300
-16.346001
-19.231001
-21.153999
-23.077000
-24.038000
-23.077000
-19.231001
-14.423000
-10.577000
-5.769200
-1.923100
1.923100
7.692300
7.692300
5.769200
7.692300
6.730800
4.807700
6.730800
6.730800
5.769200
8.653800
12.500000
15.385000
15.385000
19.231001
23.077000
17.308001
12.500000
15.385000
16.346001
16.346001
16.346001
15.385000
10.577000
7.692300
6.730800
2.884600
-2.884600
-3.846200
-4.807700
-7.692300
-6.730800
-1.923100
-0.961540
0.961540
0.000000
-3.846200
-5.769200
-6.730800
-6.730800
-9.615400
-13.462000
-14.423000
-12.500000
-9.615400
-8.653800
-6.730800
-2.884600
-1.923100
-1.923100
0.000000
0.961540
-0.961540
-8.653800
-14.423000
-17.308001
-15.385000
-13.462000
-15.385000
-15.385000
-15.385000
-13.462000
-9.615400
-8.653800
-8.653800
-6.730800
-5.769200
-3.846200
-3.846200
-7.692300
-11.538000
-11.538000
-11.538000
-13.462000
-15.385000
-18.268999
-18.268999
-14.423000
-8.653800
-1.923100
2.884600
2.884600
0.961540
1.923100
2.884600
2.884600
-3.846200
-13.462000
-21.153999
-24.038000
-24.038000
-14.423000
4.807700
22.115000
35.577000
41.346001
40.384998
35.577000
28.846001
20.191999
5.769200
-6.730800
-9.615400
-8.653800
-7.692300
-5.769200
-5.769200
-4.807700
-3.846200
-1.923100
-1.923100
0.000000
2.884600
6.730800
6.730800
1.923100
-4.807700
-11.538000
-12.500000
-7.692300
-5.769200
-4.807700
-3.846200
-1.923100
-2.884600
-5.769200
-5.769200
0.000000
2.884600
1.923100
5.769200
11.538000
16.346001
22.115000
27.885000
34.615002
33.653999
26.923000
19.231001
13.462000
8.653800
2.884600
-2.884600
-7.692300
-7.692300
0.000000
7.692300
13.462000
18.268999
16.346001
11.538000
5.769200
2.884600
3.846200
4.807700
7.692300
5.769200
4.807700
9.615400
11.538000
14.423000
16.346001
9.615400
1.923100
0.000000
-0.961540
0.000000
-1.923100
-12.500000
-16.346001
-14.423000
-12.500000
-12.500000
-14.423000
-15.385000
-15.385000
-11.538000
-10.577000
-9.615400
-7.692300
-4.807700
1.923100
6.730800
13.462000
19.231001
20.191999
19.231001
15.385000
8.653800
5.769200
-2.884600
-17.308001
-23.077000
-25.000000
-21.153999
-15.385000
-12.500000
-13.462000
-13.462000
-7.692300
-4.807700
0.961540
1.923100
-0.961540
-4.807700
-6.730800
-1.923100
1.923100
0.000000
-0.961540
1.923100
3.846200
2.884600
-2.884600
-6.730800
-8.653800
-8.653800
-7.692300
-12.500000
-16.346001
-13.462000
-11.538000
-9.615400
-4.807700
0.000000
1.923100
2.884600
-0.961540
-7.692300
-11.538000
-13.462000
-15.385000
-15.385000
-15.385000
-10.577000
0.961540
11.538000
18.268999
16.346001
18.268999
23.077000
26.923000
29.808001
25.000000
20.191999
15.385000
13.462000
11.538000
13.462000
13.462000
15.385000
14.423000
9.615400
6.730800
7.692300
6.730800
6.730800
7.692300
8.653800
4.807700
4.807700
1.923100
-3.846200
-3.846200
0.961540
0.961540
-5.769200
-11.538000
-12.500000
-11.538000
-5.769200
0.000000
0.961540
2.884600
2.884600
8.653800
14.423000
15.385000
12.500000
6.730800
1.923100
-0.961540
-1.923100
-9.615400
-16.346001
-19.231001
-19.231001
-18.268999
-15.385000
-10.577000
-1.923100
4.807700
7.692300
10.577000
13.462000
14.423000
8.653800
0.000000
-5.769200
-7.692300
-7.692300
-5.769200
-0.961540
6.730800
10.577000
11.538000
10.577000
11.538000
14.423000
18.268999
21.153999
17.308001
15.385000
20.191999
30.768999
39.423000
37.500000
34.615002
29.808001
24.038000
22.115000
16.346001
8.653800
2.884600
-1.923100
0.961540
0.000000
-7.692300
-8.653800
-5.769200
-1.923100
5.769200
12.500000
16.346001
13.462000
5.769200
9.615400
17.308001
19.231001
19.231001
14.423000
5.769200
-1.923100
-10.577000
-17.308001
-21.153999
-22.115000
-17.308001
-15.385000
-11.538000
-6.730800
-4.807700
-11.538000
-20.191999
-23.077000
-21.153999
-16.346001
-11.538000
-6.730800
-8.653800
-13.462000
-20.191999
-22.115000
-20.191999
-20.191999
-20.191999
-24.038000
-19.231001
-13.462000
-9.615400
-5.769200
-1.923100
-1.923100
-3.846200
-6.730800
-4.807700
-4.807700
-8.653800
-12.500000
-21.153999
-28.846001
-30.768999
-24.038000
-12.500000
-4.807700
-1.923100
0.000000
4.807700
8.653800
11.538000
16.346001
19.231001
15.385000
13.462000
10.577000
3.846200
0.000000
-3.846200
-11.538000
-15.385000
-15.385000
-17.308001
-18.268999
-14.423000
-4.807700
3.846200
10.577000
14.423000
16.346001
21.153999
17.308001
9.615400
1.923100
0.961540
-0.961540
-3.846200
-4.807700
-6.730800
-9.615400
-10.577000
-8.653800
-5.769200
-1.923100
0.000000
3.846200
4.807700
3.846200
4.807700
7.692300
8.653800
7.692300
4.807700
-2.884600
-9.615400
-11.538000
-6.730800
-3.846200
0.961540
6.730800
8.653800
8.653800
5.769200
3.846200
6.730800
11.538000
10.577000
8.653800
5.769200
-2.884600
-15.385000
-25.000000
-28.846001
-28.846001
-23.077000
-15.385000
-9.615400
-3.846200
0.000000
2.884600
6.730800
12.500000
18.268999
23.077000
26.923000
25.962000
20.191999
7.692300
-6.730800
-15.385000
-16.346001
-15.385000
-6.730800
5.769200
13.462000
14.423000
14.423000
14.423000
12.500000
5.769200
-4.807700
-10.577000
-14.423000
-16.346001
-15.385000
-18.268999
-19.231001
-12.500000
-10.577000
-7.692300
-3.846200
0.961540
6.730800
10.577000
13.462000
14.423000
9.615400
3.846200
0.961540
-1.923100
-9.615400
-16.346001
-22.115000
-21.153999
-17.308001
-15.385000
-13.462000
-9.615400
-2.884600
7.692300
14.423000
19.231001
23.077000
