-27.955000
-23.124001
-16.361000
-13.462000
-9.597400
-5.732700
-0.901770
1.030600
-3.800300
-8.631200
-11.530000
-10.564000
-9.597400
-7.665100
-3.800300
-2.834100
-5.732700
-7.665100
-14.428000
-22.158001
-26.023001
-25.056000
-19.259001
-9.597400
2.963000
11.659000
13.591000
12.625000
14.557000
17.455999
19.388000
16.490000
13.591000
10.692000
2.963000
-3.800300
-7.665100
-9.597400
-7.665100
-4.766500
-5.732700
-7.665100
-7.665100
-6.698900
-7.665100
-4.766500
-1.868000
4.895300
9.726200
11.659000
10.692000
9.726200
8.760100
1.996800
0.064410
-1.868000
-3.800300
0.064410
3.929100
1.996800
-3.800300
-10.564000
-12.496000
-14.428000
-14.428000
-11.530000
-9.597400
-2.834100
1.996800
4.895300
12.625000
14.557000
14.557000
14.557000
13.591000
14.557000
20.354000
18.422001
12.625000
8.760100
8.760100
4.895300
-0.901770
-1.868000
-6.698900
-7.665100
-4.766500
-4.766500
-9.597400
-11.530000
-4.766500
6.827700
14.557000
16.490000
14.557000
10.692000
5.861500
2.963000
-2.834100
-8.631200
-11.530000
-11.530000
-6.698900
-0.901770
-1.868000
-5.732700
-6.698900
-8.631200
-12.496000
-12.496000
-13.462000
-14.428000
-16.361000
-16.361000
-15.395000
-13.462000
-10.564000
-5.732700
-4.766500
-7.665100
-9.597400
-9.597400
-8.631200
-9.597400
-12.496000
-13.462000
-13.462000
-11.530000
-9.597400
-7.665100
0.064410
12.625000
22.287001
27.118000
28.084000
27.118000
25.184999
26.150999
27.118000
22.287001
11.659000
4.895300
1.030600
2.963000
5.861500
2.963000
1.030600
5.861500
11.659000
16.490000
22.287001
25.184999
24.219000
26.150999
27.118000
22.287001
14.557000
8.760100
6.827700
1.030600
1.996800
2.963000
1.996800
1.030600
-1.868000
-4.766500
-6.698900
-10.564000
-16.361000
-26.023001
-38.583000
-45.346001
-41.480999
-27.955000
-7.665100
1.996800
5.861500
8.760100
6.827700
5.861500
4.895300
3.929100
1.030600
-2.834100
-5.732700
-10.564000
-14.428000
-18.292999
-23.124001
-24.090000
-18.292999
-16.361000
-11.530000
-6.698900
-2.834100
-4.766500
-3.800300
-2.834100
1.030600
7.793900
11.659000
6.827700
0.064410
-6.698900
-15.395000
-17.327000
-20.225000
-19.259001
-13.462000
-5.732700
-2.834100
-3.800300
0.064410
4.895300
3.929100
2.963000
1.030600
-1.868000
1.996800
1.996800
1.996800
3.929100
7.793900
14.557000
19.388000
18.422001
19.388000
21.320000
23.253000
25.184999
23.253000
19.388000
17.455999
16.490000
14.557000
8.760100
2.963000
1.030600
2.963000
8.760100
12.625000
11.659000
13.591000
18.422001
24.219000
28.084000
29.049999
26.150999
18.422001
6.827700
-7.665100
-17.327000
-26.023001
-27.955000
-23.124001
-14.428000
-5.732700
-0.901770
8.760100
16.490000
22.287001
27.118000
30.016001
30.016001
30.016001
26.150999
21.320000
19.388000
20.354000
18.422001
11.659000
8.760100
4.895300
-0.901770
-4.766500
-11.530000
-14.428000
-17.327000
-18.292999
-12.496000
-8.631200
-6.698900
-2.834100
1.030600
2.963000
2.963000
4.895300
5.861500
3.929100
-1.868000
-8.631200
-10.564000
-11.530000
-15.395000
-22.158001
-26.989000
-27.955000
-28.921000
-27.955000
-19.259001
-12.496000
-9.597400
-10.564000
-9.597400
-10.564000
-11.530000
-13.462000
-16.361000
-18.292999
-14.428000
-16.361000
-15.395000
-8.631200
-6.698900
-3.800300
-7.665100
-15.395000
-14.428000
-13.462000
-19.259001
-18.292999
-8.631200
2.963000
13.591000
18.422001
13.591000
3.929100
-3.800300
-6.698900
-5.732700
-0.901770
6.827700
9.726200
9.726200
6.827700
5.861500
9.726200
10.692000
8.760100
10.692000
16.490000
22.287001
29.049999
33.881001
34.847000
31.948000
25.184999
23.253000
21.320000
17.455999
15.523000
18.422001
13.591000
4.895300
-0.901770
-8.631200
-12.496000
-11.530000
-12.496000
-11.530000
-12.496000
-13.462000
-9.597400
-9.597400
-2.834100
5.861500
12.625000
10.692000
-0.901770
-6.698900
-7.665100
-13.462000
-21.191999
-27.955000
-27.955000
-23.124001
-13.462000
-4.766500
1.030600
3.929100
6.827700
4.895300
-1.868000
-4.766500
-4.766500
-4.766500
-2.834100
-3.800300
-5.732700
-6.698900
-5.732700
-2.834100
-1.868000
-1.868000
-2.834100
-4.766500
-4.766500
-5.732700
-5.732700
-8.631200
-14.428000
-19.259001
-20.225000
-16.361000
-9.597400
-3.800300
-1.868000
-1.868000
-3.800300
-9.597400
-14.428000
-16.361000
-16.361000
-16.361000
-12.496000
0.064410
11.659000
20.354000
24.219000
23.253000
21.320000
15.523000
11.659000
5.861500
1.996800
2.963000
0.064410
-1.868000
3.929100
9.726200
12.625000
21.320000
31.948000
36.778999
38.712002
38.712002
36.778999
31.948000
26.150999
18.422001
7.793900
4.895300
6.827700
8.760100
10.692000
10.692000
6.827700
-2.834100
-11.530000
-21.191999
-26.989000
-28.921000
-31.820000
-31.820000
-26.989000
-20.225000
-9.597400
-0.901770
1.030600
3.929100
8.760100
8.760100
10.692000
18.422001
19.388000
14.557000
10.692000
5.861500
2.963000
1.030600
-3.800300
-8.631200
-10.564000
-18.292999
-25.056000
-23.124001
-16.361000
-10.564000
-8.631200
-6.698900
-4.766500
-2.834100
0.064410
2.963000
4.895300
4.895300
0.064410
-0.901770
0.064410
1.996800
7.793900
11.659000
10.692000
14.557000
19.388000
22.287001
20.354000
13.591000
3.929100
-3.800300
-12.496000
-20.225000
-22.158001
-24.090000
-23.124001
-21.191999
-17.327000
-8.631200
-0.901770
4.895300
11.659000
16.490000
21.320000
26.150999
22.287001
16.490000
12.625000
8.760100
6.827700
4.895300
0.064410
1.996800
6.827700
11.659000
16.490000
17.455999
15.523000
14.557000
8.760100
-0.901770
-5.732700
-3.800300
-4.766500
-5.732700
-4.766500
-6.698900
-6.698900
-2.834100
-1.868000
-1.868000
-3.800300
-9.597400
-11.530000
-10.564000
-10.564000
-11.530000
-12.496000
-15.395000
-20.225000
-19.259001
-18.292999
-19.259001
-22.158001
-25.056000
-25.056000
-22.158001
-18.292999
-16.361000
-12.496000
-9.597400
-10.564000
-9.597400
-7.665100
-6.698900
-5.732700
-7.665100
-8.631200
-6.698900
-5.732700
-7.665100
-13.462000
-18.292999
-20.225000
-19.259001
-17.327000
-18.292999
-19.259001
-13.462000
-6.698900
0.064410
5.861500
7.793900
7.793900
6.827700
5.861500
1.030600
-3.800300
-8.631200
-12.496000
-11.530000
-7.665100
0.064410
9.726200
15.523000
20.354000
22.287001
21.320000
19.388000
12.625000
4.895300
-0.901770
-2.834100
-3.800300
-2.834100
4.895300
18.422001
30.982000
37.745998
38.712002
35.813000
30.982000
26.150999
17.455999
7.793900
3.929100
2.963000
3.929100
4.895300
3.929100
3.929100
3.929100
1.996800
0.064410
1.030600
6.827700
11.659000
13.591000
8.760100
3.929100
-1.868000
-3.800300
-3.800300
-5.732700
-1.868000
1.996800
3.929100
4.895300
6.827700
7.793900
13.591000
16.490000
16.490000
22.287001
29.049999
30.016001
30.016001
27.118000
21.320000
11.659000
3.929100
-3.800300
-11.530000
-15.395000
-15.395000
-16.361000
-15.395000
-12.496000
-7.665100
-1.868000
2.963000
7.793900
7.793900
4.895300
-0.901770
-1.868000
-2.834100
-3.800300
-2.834100
-5.732700
-10.564000
-10.564000
-10.564000
-7.665100
-3.800300
-6.698900
-10.564000
-9.597400
-6.698900
-4.766500
-6.698900
-14.428000
-17.327000
-18.292999
-18.292999
-23.124001
-27.955000
-28.921000
-32.785999
-32.785999
-27.955000
-22.158001
-16.361000
-6.698900
6.827700
16.490000
22.287001
27.118000
27.118000
26.150999
21.320000
11.659000
3.929100
-5.732700
-21.191999
-28.921000
-26.989000
-26.989000
-27.955000
-30.853001
-31.820000
-25.056000
-13.462000
-6.698900
1.030600
6.827700
5.861500
1.996800
1.030600
5.861500
10.692000
9.726200
6.827700
7.793900
9.726200
9.726200
4.895300
0.064410
-5.732700
-6.698900
-9.597400
-18.292999
-22.158001
-19.259001
-17.327000
-14.428000
-9.597400
-3.800300
-3.800300
-3.800300
-5.732700
-7.665100
-8.631200
-9.597400
-11.530000
-11.530000
-10.564000
-8.631200
2.963000
13.591000
15.523000
12.625000
15.523000
22.287001
27.118000
30.982000
30.982000
29.049999
26.150999
20.354000
13.591000
11.659000
10.692000
8.760100
5.861500
2.963000
4.895300
9.726200
10.692000
11.659000
10.692000
11.659000
11.659000
8.760100
2.963000
-0.901770
0.064410
0.064410
-1.868000
-4.766500
-6.698900
-9.597400
-11.530000
-6.698900
1.030600
7.793900
13.591000
17.455999
23.253000
28.084000
29.049999
23.253000
15.523000
6.827700
1.030600
-3.800300
-13.462000
-21.191999
-22.158001
-21.191999
-18.292999
-9.597400
-0.901770
7.793900
16.490000
17.455999
15.523000
14.557000
11.659000
4.895300
-1.868000
-4.766500
-5.732700
-4.766500
-1.868000
1.030600
5.861500
10.692000
13.591000
14.557000
17.455999
19.388000
21.320000
22.287001
20.354000
16.490000
17.455999
23.253000
30.016001
30.016001
28.084000
25.184999
16.490000
6.827700
-4.766500
-14.428000
-19.259001
-18.292999
-10.564000
-5.732700
-7.665100
-8.631200
-6.698900
-5.732700
-1.868000
0.064410
-1.868000
-2.834100
-3.800300
-2.834100
1.030600
5.861500
10.692000
10.692000
4.895300
-1.868000
-11.530000
-16.361000
-23.124001
-26.989000
-26.023001
-25.056000
-23.124001
-19.259001
-17.327000
-18.292999
-22.158001
-26.023001
-26.023001
-21.191999
-13.462000
-8.631200
-8.631200
-7.665100
-8.631200
-10.564000
-7.665100
-8.631200
-11.530000
-17.327000
-14.428000
-7.665100
-1.868000
-0.901770
1.030600
1.030600
-2.834100
-6.698900
-5.732700
-5.732700
-3.800300
-2.834100
-7.665100
-8.631200
-4.766500
2.963000
11.659000
14.557000
13.591000
10.692000
8.760100
9.726200
7.793900
8.760100
10.692000
11.659000
12.625000
11.659000
7.793900
6.827700
1.996800
-4.766500
-4.766500
-2.834100
-4.766500
-6.698900
-3.800300
1.030600
4.895300
9.726200
12.625000
14.557000
17.455999
13.591000
7.793900
-0.901770
-6.698900
-11.530000
-14.428000
-9.597400
-4.766500
1.030600
4.895300
7.793900
10.692000
10.692000
9.726200
8.760100
5.861500
2.963000
5.861500
11.659000
14.557000
15.523000
11.659000
0.064410
-7.665100
-11.530000
-12.496000
-12.496000
-10.564000
-5.732700
-2.834100
-2.834100
-5.732700
-7.665100
-7.665100
-2.834100
1.996800
7.793900
8.760100
0.064410
-10.564000
-19.259001
-26.989000
-29.886999
-26.989000
-24.090000
-20.225000
-16.361000
-14.428000
-13.462000
-9.597400
-0.901770
7.793900
14.557000
20.354000
23.253000
24.219000
17.455999
8.760100
4.895300
-0.901770
-5.732700
-4.766500
-0.901770
1.030600
2.963000
2.963000
1.996800
1.996800
-2.834100
-11.530000
-13.462000
-12.496000
-8.631200
0.064410
4.895300
8.760100
15.523000
16.490000
12.625000
6.827700
1.030600
-3.800300
-7.665100
-8.631200
-5.732700
-2.834100
-1.868000
1.996800
4.895300
1.996800
-1.868000
-6.698900
-4.766500
-2.834100
-5.732700
-6.698900
-3.800300
4.895300
17.455999
28.084000
31.948000
30.982000
