15.469000
7.702300
9.644000
14.498000
11.586000
15.469000
11.586000
1.877000
-12.686000
3.818800
18.382000
7.702300
10.615000
12.557000
5.760500
-9.773500
-5.890000
11.586000
3.818800
7.702300
17.410999
12.557000
-1.035600
5.760500
-3.948200
1.877000
3.818800
-3.948200
-1.035600
-0.064720
-10.744000
-12.686000
-35.987000
-12.686000
-1.035600
-10.744000
-9.773500
7.702300
0.906150
-2.977300
-0.064720
3.818800
12.557000
5.760500
-2.977300
-17.540001
-24.337000
0.906150
-6.860800
-28.219999
-11.715000
-2.006500
-6.860800
-11.715000
-0.064720
5.760500
-4.919100
-9.773500
-1.035600
-16.570000
-4.919100
1.877000
-19.482000
-20.452999
-25.306999
-15.599000
-29.191000
-25.306999
-28.219999
-15.599000
-3.948200
-10.744000
-9.773500
-0.064720
-2.977300
-10.744000
-15.599000
-0.064720
1.877000
-17.540001
13.528000
16.440001
5.760500
4.789600
0.906150
1.877000
9.644000
8.673100
12.557000
21.294001
7.702300
14.498000
8.673100
13.528000
24.207001
16.440001
17.410999
8.673100
-6.860800
2.847900
8.673100
-5.890000
9.644000
34.887001
34.887001
31.974001
31.003000
27.120001
31.003000
18.382000
36.827999
38.770000
23.236000
4.789600
2.847900
10.615000
10.615000
-0.064720
-17.540001
1.877000
1.877000
5.760500
9.644000
-8.802600
0.906150
0.906150
-9.773500
-7.831700
1.877000
-8.802600
-15.599000
-6.860800
-11.715000
-3.948200
-4.919100
-16.570000
-5.890000
3.818800
-3.948200
8.673100
-0.064720
-8.802600
-1.035600
-6.860800
-9.773500
-6.860800
-10.744000
-5.890000
-27.249001
-16.570000
-4.919100
-5.890000
-12.686000
-2.006500
3.818800
-0.064720
-2.006500
-5.890000
-12.686000
-19.482000
-23.365999
-6.860800
-5.890000
-2.977300
-0.064720
-2.977300
-14.628000
-7.831700
-4.919100
1.877000
1.877000
-7.831700
2.847900
12.557000
5.760500
10.615000
1.877000
-5.890000
8.673100
10.615000
6.731400
-2.006500
-16.570000
3.818800
14.498000
-9.773500
-2.977300
-2.006500
-4.919100
4.789600
-2.977300
-9.773500
-3.948200
-20.452999
-9.773500
8.673100
-3.948200
-6.860800
-3.948200
-4.919100
-13.657000
-30.162001
-18.511000
2.847900
-16.570000
-12.686000
1.877000
-4.919100
-0.064720
-2.006500
-13.657000
7.702300
13.528000
-0.064720
-0.064720
-7.831700
-9.773500
-19.482000
-11.715000
-14.628000
-24.337000
3.818800
6.731400
-7.831700
-3.948200
-0.064720
16.440001
7.702300
13.528000
3.818800
-9.773500
-2.977300
-8.802600
-2.977300
-2.977300
-7.831700
-7.831700
-21.424000
-2.006500
2.847900
0.906150
12.557000
15.469000
6.731400
9.644000
3.818800
4.789600
9.644000
8.673100
5.760500
13.528000
14.498000
6.731400
7.702300
0.906150
10.615000
-7.831700
1.877000
-2.977300
-11.715000
-8.802600
11.586000
25.177999
20.323999
12.557000
16.440001
22.264999
11.586000
18.382000
23.236000
1.877000
-6.860800
18.382000
22.264999
7.702300
2.847900
1.877000
3.818800
1.877000
-2.006500
-1.035600
-4.919100
0.906150
14.498000
8.673100
12.557000
26.149000
17.410999
-1.035600
3.818800
4.789600
-16.570000
-22.395000
-6.860800
1.877000
3.818800
9.644000
-0.064720
8.673100
17.410999
-0.064720
-6.860800
12.557000
1.877000
-2.006500
-5.890000
-6.860800
-1.035600
-2.006500
-2.977300
-3.948200
-12.686000
-3.948200
-0.064720
-2.006500
6.731400
9.644000
-2.006500
-3.948200
5.760500
-2.977300
7.702300
8.673100
2.847900
0.906150
-2.006500
-1.035600
11.586000
-1.035600
4.789600
10.615000
7.702300
-3.948200
-12.686000
-0.064720
-1.035600
-9.773500
0.906150
-14.628000
10.615000
22.264999
-1.035600
0.906150
-0.064720
-0.064720
-3.948200
-12.686000
-5.890000
-14.628000
-18.511000
-4.919100
-5.890000
-14.628000
-7.831700
7.702300
7.702300
0.906150
0.906150
-15.599000
-3.948200
11.586000
3.818800
3.818800
-2.006500
-2.006500
5.760500
4.789600
-15.599000
-3.948200
14.498000
2.847900
-3.948200
2.847900
-4.919100
-9.773500
6.731400
8.673100
7.702300
9.644000
7.702300
2.847900
-2.977300
-8.802600
-10.744000
5.760500
1.877000
-2.977300
-5.890000
-7.831700
-0.064720
0.906150
-5.890000
-10.744000
-26.278000
-15.599000
-3.948200
12.557000
11.586000
-2.006500
3.818800
6.731400
8.673100
7.702300
2.847900
2.847900
-7.831700
9.644000
18.382000
9.644000
-5.890000
-9.773500
-0.064720
8.673100
0.906150
-3.948200
-8.802600
-6.860800
-4.919100
-7.831700
-21.424000
-13.657000
-12.686000
-19.482000
-8.802600
-14.628000
-19.482000
8.673100
14.498000
2.847900
-14.628000
-2.006500
5.760500
-4.919100
-23.365999
-14.628000
-1.035600
-0.064720
-0.064720
-13.657000
-12.686000
-2.977300
-7.831700
7.702300
18.382000
14.498000
11.586000
22.264999
22.264999
24.207001
8.673100
1.877000
7.702300
6.731400
-4.919100
-13.657000
-4.919100
-4.919100
-5.890000
-2.977300
2.847900
-4.919100
4.789600
11.586000
11.586000
16.440001
22.264999
18.382000
11.586000
7.702300
3.818800
-12.686000
-5.890000
1.877000
-6.860800
-9.773500
-24.337000
-13.657000
-18.511000
-22.395000
-17.540001
-4.919100
3.818800
-2.977300
-3.948200
11.586000
10.615000
-7.831700
-10.744000
-1.035600
-2.006500
-7.831700
-19.482000
-20.452999
-17.540001
-18.511000
-12.686000
-10.744000
-9.773500
9.644000
7.702300
11.586000
14.498000
7.702300
11.586000
21.294001
-0.064720
3.818800
15.469000
16.440001
16.440001
3.818800
12.557000
26.149000
14.498000
-5.890000
13.528000
31.003000
12.557000
8.673100
2.847900
-0.064720
12.557000
14.498000
16.440001
-0.064720
-6.860800
4.789600
-2.006500
8.673100
5.760500
1.877000
-2.977300
-8.802600
-25.306999
-23.365999
-21.424000
-22.395000
-8.802600
-6.860800
-32.104000
-18.511000
-6.860800
-27.249001
-23.365999
-15.599000
-28.219999
-13.657000
-11.715000
-6.860800
-1.035600
-2.006500
0.906150
0.906150
-2.006500
14.498000
15.469000
15.469000
21.294001
25.177999
17.410999
3.818800
-2.977300
4.789600
-2.977300
-4.919100
-2.977300
-2.006500
15.469000
-0.064720
5.760500
17.410999
5.760500
-2.977300
0.906150
3.818800
1.877000
8.673100
-2.006500
0.906150
4.789600
6.731400
14.498000
17.410999
10.615000
14.498000
34.887001
31.974001
26.149000
17.410999
-2.977300
5.760500
13.528000
6.731400
-0.064720
-2.977300
-17.540001
-7.831700
-2.977300
-2.006500
4.789600
10.615000
-9.773500
13.528000
34.887001
24.207001
15.469000
12.557000
6.731400
6.731400
-2.977300
-0.064720
19.353001
17.410999
-1.035600
1.877000
-5.890000
-14.628000
-19.482000
-18.511000
-17.540001
-29.191000
-30.162001
-5.890000
-1.035600
-2.006500
-1.035600
-18.511000
-0.064720
4.789600
-2.977300
-17.540001
-6.860800
-0.064720
-22.395000
-22.395000
-9.773500
-6.860800
-7.831700
-12.686000
-11.715000
-13.657000
-26.278000
-14.628000
-8.802600
-1.035600
3.818800
-7.831700
-8.802600
-7.831700
-3.948200
-0.064720
-9.773500
4.789600
12.557000
5.760500
-1.035600
-3.948200
-6.860800
-10.744000
-7.831700
-16.570000
-2.006500
3.818800
-0.064720
11.586000
14.498000
12.557000
20.323999
14.498000
6.731400
2.847900
21.294001
7.702300
-0.064720
17.410999
13.528000
14.498000
7.702300
1.877000
4.789600
1.877000
0.906150
7.702300
1.877000
-8.802600
16.440001
12.557000
15.469000
24.207001
12.557000
13.528000
-0.064720
5.760500
13.528000
14.498000
15.469000
0.906150
-0.064720
16.440001
17.410999
12.557000
8.673100
-4.919100
-6.860800
-2.006500
-10.744000
-5.890000
-7.831700
-18.511000
-2.977300
-0.064720
-5.890000
-12.686000
-19.482000
-16.570000
-13.657000
-25.306999
-13.657000
-26.278000
-10.744000
10.615000
2.847900
-9.773500
-14.628000
-12.686000
-14.628000
-24.337000
-3.948200
-0.064720
-14.628000
-7.831700
-13.657000
-9.773500
2.847900
-0.064720
-2.006500
10.615000
10.615000
-0.064720
2.847900
0.906150
14.498000
6.731400
-1.035600
6.731400
-6.860800
13.528000
13.528000
2.847900
3.818800
-2.006500
2.847900
9.644000
2.847900
-0.064720
-8.802600
15.469000
24.207001
1.877000
10.615000
7.702300
1.877000
-7.831700
-12.686000
-25.306999
-40.841000
-12.686000
-2.006500
-13.657000
-9.773500
-23.365999
-9.773500
-1.035600
0.906150
1.877000
4.789600
-3.948200
-7.831700
2.847900
-12.686000
-11.715000
-1.035600
-3.948200
-3.948200
-3.948200
-10.744000
-11.715000
-19.482000
-20.452999
-2.977300
9.644000
-2.006500
-0.064720
4.789600
13.528000
14.498000
12.557000
0.906150
-4.919100
2.847900
6.731400
10.615000
11.586000
-1.035600
12.557000
9.644000
12.557000
9.644000
-2.977300
4.789600
6.731400
-9.773500
-1.035600
8.673100
6.731400
12.557000
7.702300
4.789600
-9.773500
1.877000
14.498000
13.528000
2.847900
5.760500
5.760500
4.789600
15.469000
12.557000
12.557000
5.760500
10.615000
17.410999
3.818800
-1.035600
-2.977300
-7.831700
-11.715000
-11.715000
-18.511000
-3.948200
13.528000
7.702300
-6.860800
-2.006500
17.410999
18.382000
26.149000
9.644000
11.586000
21.294001
14.498000
4.789600
5.760500
4.789600
9.644000
0.906150
-2.977300
-0.064720
-23.365999
-5.890000
5.760500
4.789600
0.906150
-8.802600
-0.064720
1.877000
-2.977300
-10.744000
-31.132999
-3.948200
16.440001
-2.977300
-0.064720
-2.977300
-9.773500
-0.064720
-0.064720
-12.686000
-1.035600
6.731400
20.323999
25.177999
30.032000
31.974001
34.887001
34.887001
13.528000
9.644000
17.410999
5.760500
9.644000
7.702300
3.818800
4.789600
-4.919100
3.818800
5.760500
-19.482000
-4.919100
2.847900
-1.035600
3.818800
-0.064720
-6.860800
-19.482000
-5.890000
-3.948200
-20.452999
-4.919100
-4.919100
-25.306999
-9.773500
-3.948200
-12.686000
-9.773500
-15.599000
-24.337000
-24.337000
-18.511000
-12.686000
-13.657000
-22.395000
-14.628000
-10.744000
-17.540001
-10.744000
-15.599000
-26.278000
-15.599000
-14.628000
-10.744000
-7.831700
-10.744000
3.818800
8.673100
4.789600
6.731400
-11.715000
7.702300
21.294001
10.615000
-0.064720
-9.773500
-13.657000
-6.860800
10.615000
8.673100
-0.064720
-2.006500
3.818800
6.731400
8.673100
0.906150
-5.890000
-13.657000
8.673100
8.673100
14.498000
14.498000
9.644000
-1.035600
-0.064720
0.906150
-0.064720
4.789600
-4.919100
-1.035600
20.323999
13.528000
1.877000
-4.919100
-1.035600
0.906150
-6.860800
-20.452999
-5.890000
7.702300
-16.570000
-6.860800
4.789600
-11.715000
-2.006500
-7.831700
5.760500
6.731400
0.906150
4.789600
7.702300
17.410999
18.382000
9.644000
-3.948200
10.615000
14.498000
-8.802600
-1.035600
8.673100
6.731400
0.906150
4.789600
-11.715000
16.440001
24.207001
9.644000
19.353001
4.789600
17.410999
27.120001
19.353001
9.644000
-2.006500
-4.919100
-12.686000
-4.919100
-1.035600
-12.686000
-3.948200
-4.919100
-2.977300
-1.035600
10.615000
14.498000
-3.948200
-3.948200
