-19.771999
25.106001
-4.162600
-23.674999
-8.065000
-2.211400
7.544700
-13.919000
-29.528000
-0.260160
3.642300
-0.260160
-8.065000
-19.771999
-4.162600
-17.820999
-11.967000
5.593500
44.618000
11.447000
-17.820999
23.153999
-23.674999
-43.187000
44.618000
38.764000
-41.236000
-35.382000
-23.674999
7.544700
-25.625999
-60.748001
-50.992001
-35.382000
-41.236000
-4.162600
-29.528000
-68.553001
-21.724001
-49.041000
-54.894001
-17.820999
-2.211400
-27.577000
-27.577000
-27.577000
-15.870000
-6.113800
-21.724001
-11.967000
42.667000
-21.724001
-23.674999
-15.870000
13.398000
-21.724001
-6.113800
9.495900
-8.065000
9.495900
-19.771999
21.202999
-6.113800
-11.967000
-10.016000
69.984001
52.423000
-2.211400
21.202999
9.495900
52.423000
17.301001
29.007999
13.398000
48.520000
36.813000
13.398000
25.106001
9.495900
38.764000
79.739998
17.301001
-17.820999
-2.211400
1.691100
38.764000
19.252001
-6.113800
-0.260160
13.398000
27.056999
32.910999
38.764000
-35.382000
13.398000
-10.016000
-2.211400
-11.967000
-17.820999
21.202999
7.544700
5.593500
-13.919000
-25.625999
-4.162600
1.691100
-4.162600
-10.016000
3.642300
-13.919000
5.593500
17.301001
17.301001
34.862000
21.202999
-4.162600
-10.016000
-6.113800
-10.016000
-23.674999
-4.162600
11.447000
-15.870000
-27.577000
1.691100
25.106001
11.447000
9.495900
-2.211400
-11.967000
-4.162600
13.398000
3.642300
-8.065000
-4.162600
30.959000
-0.260160
-2.211400
-8.065000
-11.967000
9.495900
-0.260160
-0.260160
-21.724001
19.252001
-2.211400
-10.016000
13.398000
-15.870000
3.642300
13.398000
1.691100
13.398000
3.642300
13.398000
27.056999
13.398000
17.301001
-8.065000
-15.870000
29.007999
9.495900
11.447000
32.910999
-35.382000
-25.625999
-11.967000
-39.285000
-11.967000
-23.674999
1.691100
5.593500
15.350000
-2.211400
-8.065000
-0.260160
5.593500
7.544700
5.593500
21.202999
-0.260160
7.544700
3.642300
11.447000
25.106001
13.398000
21.202999
23.153999
9.495900
27.056999
-4.162600
-23.674999
3.642300
36.813000
-6.113800
-15.870000
-8.065000
-0.260160
-21.724001
-6.113800
-8.065000
-8.065000
-13.919000
-13.919000
1.691100
-0.260160
-11.967000
19.252001
27.056999
17.301001
7.544700
19.252001
9.495900
3.642300
9.495900
13.398000
3.642300
11.447000
19.252001
13.398000
-11.967000
5.593500
1.691100
36.813000
21.202999
-25.625999
-19.771999
-15.870000
25.106001
1.691100
-10.016000
-4.162600
3.642300
7.544700
-11.967000
5.593500
3.642300
13.398000
-8.065000
-17.820999
9.495900
5.593500
-4.162600
-4.162600
19.252001
15.350000
-0.260160
5.593500
-2.211400
5.593500
17.301001
-0.260160
15.350000
3.642300
7.544700
-8.065000
-8.065000
11.447000
17.301001
-4.162600
1.691100
3.642300
27.056999
36.813000
11.447000
-4.162600
17.301001
13.398000
11.447000
-8.065000
5.593500
21.202999
1.691100
19.252001
1.691100
5.593500
38.764000
19.252001
3.642300
-29.528000
-37.333000
-4.162600
5.593500
-4.162600
-45.138000
-45.138000
-27.577000
9.495900
-13.919000
-41.236000
-19.771999
-29.528000
13.398000
15.350000
-33.431000
-56.846001
-52.943001
-45.138000
-2.211400
-4.162600
1.691100
-6.113800
-29.528000
-29.528000
-15.870000
21.202999
46.569000
-35.382000
-35.382000
-11.967000
-2.211400
-15.870000
-6.113800
-10.016000
-29.528000
-23.674999
-25.625999
-31.480000
-23.674999
-41.236000
-35.382000
-15.870000
-15.870000
-17.820999
-2.211400
-29.528000
-21.724001
-6.113800
5.593500
23.153999
5.593500
19.252001
-11.967000
-17.820999
13.398000
3.642300
-2.211400
11.447000
-8.065000
34.862000
21.202999
3.642300
-21.724001
-15.870000
5.593500
11.447000
-8.065000
-37.333000
-2.211400
-4.162600
3.642300
-11.967000
-8.065000
7.544700
3.642300
-4.162600
-23.674999
13.398000
17.301001
27.056999
3.642300
-6.113800
27.056999
13.398000
15.350000
29.007999
-6.113800
3.642300
56.325001
3.642300
-13.919000
3.642300
-11.967000
-8.065000
42.667000
-2.211400
-0.260160
25.106001
-11.967000
-21.724001
-29.528000
-15.870000
3.642300
3.642300
-10.016000
-11.967000
11.447000
-2.211400
-19.771999
21.202999
27.056999
9.495900
5.593500
17.301001
38.764000
19.252001
27.056999
1.691100
-0.260160
5.593500
3.642300
9.495900
3.642300
11.447000
5.593500
27.056999
-6.113800
-15.870000
1.691100
-19.771999
5.593500
5.593500
-10.016000
9.495900
-10.016000
-17.820999
-33.431000
-17.820999
-0.260160
-25.625999
-19.771999
-2.211400
-2.211400
-19.771999
-11.967000
-17.820999
-19.771999
7.544700
11.447000
3.642300
5.593500
21.202999
34.862000
-2.211400
-10.016000
15.350000
25.106001
62.179001
-6.113800
-15.870000
23.153999
-2.211400
9.495900
11.447000
-0.260160
19.252001
13.398000
-13.919000
-4.162600
-2.211400
-6.113800
5.593500
-27.577000
-11.967000
-11.967000
-13.919000
17.301001
1.691100
1.691100
13.398000
5.593500
17.301001
5.593500
-11.967000
32.910999
-6.113800
-31.480000
-0.260160
5.593500
32.910999
36.813000
-29.528000
-23.674999
-0.260160
11.447000
7.544700
-17.820999
-21.724001
-23.674999
-4.162600
-2.211400
-4.162600
-10.016000
5.593500
25.106001
19.252001
7.544700
15.350000
3.642300
-11.967000
-10.016000
21.202999
19.252001
-21.724001
-13.919000
-13.919000
-21.724001
-15.870000
3.642300
-15.870000
-0.260160
-29.528000
-23.674999
-0.260160
5.593500
-6.113800
-23.674999
-23.674999
-17.820999
-19.771999
-11.967000
54.374001
44.618000
23.153999
7.544700
3.642300
15.350000
34.862000
-0.260160
-4.162600
40.715000
11.447000
-8.065000
15.350000
3.642300
-17.820999
11.447000
-6.113800
-21.724001
-15.870000
3.642300
23.153999
13.398000
-13.919000
-21.724001
11.447000
25.106001
3.642300
-0.260160
-2.211400
5.593500
-0.260160
11.447000
-11.967000
-33.431000
-17.820999
-4.162600
-6.113800
5.593500
-8.065000
-11.967000
13.398000
3.642300
3.642300
1.691100
-11.967000
3.642300
13.398000
-0.260160
7.544700
-0.260160
-8.065000
19.252001
-11.967000
-11.967000
-21.724001
-15.870000
-17.820999
1.691100
1.691100
-25.625999
-15.870000
-0.260160
-6.113800
1.691100
-2.211400
21.202999
11.447000
-8.065000
3.642300
5.593500
7.544700
11.447000
13.398000
9.495900
-10.016000
-0.260160
11.447000
5.593500
-10.016000
11.447000
3.642300
-10.016000
-10.016000
-8.065000
11.447000
-19.771999
-15.870000
-8.065000
-15.870000
7.544700
-2.211400
-8.065000
7.544700
-19.771999
-2.211400
-4.162600
5.593500
3.642300
-8.065000
15.350000
19.252001
23.153999
-2.211400
-10.016000
7.544700
1.691100
-13.919000
-13.919000
-21.724001
-25.625999
-15.870000
-2.211400
5.593500
1.691100
-11.967000
9.495900
-2.211400
-6.113800
-0.260160
42.667000
23.153999
-17.820999
1.691100
7.544700
3.642300
27.056999
38.764000
-8.065000
-2.211400
-4.162600
-13.919000
5.593500
1.691100
-2.211400
-6.113800
-10.016000
-11.967000
5.593500
-2.211400
-19.771999
-6.113800
1.691100
25.106001
3.642300
-25.625999
-10.016000
-2.211400
17.301001
29.007999
13.398000
-25.625999
-19.771999
3.642300
30.959000
25.106001
-6.113800
-2.211400
-10.016000
-10.016000
7.544700
-4.162600
-13.919000
-11.967000
1.691100
-33.431000
-23.674999
-8.065000
-33.431000
-4.162600
-33.431000
-15.870000
-0.260160
15.350000
21.202999
-0.260160
-4.162600
5.593500
19.252001
29.007999
9.495900
9.495900
-0.260160
13.398000
9.495900
-19.771999
-0.260160
-13.919000
-2.211400
-8.065000
-27.577000
-23.674999
-10.016000
-31.480000
-13.919000
-17.820999
-13.919000
15.350000
-31.480000
-23.674999
1.691100
-10.016000
9.495900
9.495900
21.202999
-10.016000
11.447000
23.153999
30.959000
34.862000
-10.016000
-0.260160
9.495900
3.642300
15.350000
17.301001
-2.211400
-17.820999
1.691100
-0.260160
13.398000
13.398000
-11.967000
1.691100
11.447000
9.495900
3.642300
-23.674999
-11.967000
-0.260160
7.544700
-21.724001
-13.919000
-13.919000
-23.674999
-0.260160
-19.771999
13.398000
-6.113800
-15.870000
-2.211400
-6.113800
-4.162600
25.106001
-0.260160
-0.260160
9.495900
-4.162600
32.910999
5.593500
-10.016000
-6.113800
23.153999
-0.260160
-13.919000
15.350000
-11.967000
-13.919000
7.544700
-4.162600
30.959000
-13.919000
-0.260160
7.544700
15.350000
30.959000
23.153999
-0.260160
7.544700
13.398000
36.813000
-2.211400
-11.967000
-13.919000
-11.967000
11.447000
5.593500
-27.577000
-29.528000
-8.065000
-13.919000
-6.113800
-11.967000
-11.967000
3.642300
19.252001
-6.113800
-10.016000
17.301001
21.202999
-2.211400
3.642300
21.202999
-15.870000
21.202999
5.593500
-19.771999
-2.211400
-0.260160
-10.016000
-11.967000
-43.187000
-17.820999
-49.041000
-27.577000
3.642300
-15.870000
-27.577000
-23.674999
-8.065000
3.642300
-25.625999
-11.967000
-21.724001
-13.919000
-21.724001
-13.919000
-23.674999
-0.260160
-13.919000
-23.674999
-17.820999
-8.065000
-17.820999
-4.162600
-10.016000
-25.625999
-11.967000
-2.211400
21.202999
-11.967000
-11.967000
17.301001
1.691100
-6.113800
-21.724001
-4.162600
-19.771999
34.862000
-2.211400
-27.577000
-15.870000
21.202999
-4.162600
15.350000
25.106001
15.350000
25.106001
23.153999
36.813000
-23.674999
38.764000
36.813000
13.398000
25.106001
-19.771999
3.642300
30.959000
27.056999
-19.771999
-37.333000
62.179001
9.495900
-10.016000
34.862000
3.642300
15.350000
-0.260160
-15.870000
34.862000
21.202999
-8.065000
3.642300
19.252001
-2.211400
44.618000
5.593500
-31.480000
7.544700
27.056999
-47.089001
17.301001
5.593500
58.276001
-2.211400
-4.162600
-19.771999
32.910999
34.862000
11.447000
17.301001
-4.162600
87.544998
-27.577000
25.106001
-15.870000
-10.016000
132.419998
48.520000
-43.187000
32.910999
64.129997
5.593500
19.252001
9.495900
34.862000
-15.870000
3.642300
-21.724001
-39.285000
3.642300
-19.771999
52.423000
-27.577000
13.398000
-66.601997
-6.113800
21.202999
-31.480000
1.691100
-2.211400
-8.065000
-21.724001
-45.138000
3.642300
-4.162600
15.350000
-66.601997
-58.797001
56.325001
25.106001
-54.894001
1.691100
-45.138000
-37.333000
17.301001
-45.138000
-23.674999
-2.211400
-41.236000
-41.236000
-6.113800
-17.820999
-15.870000
19.252001
-17.820999
-17.820999
-23.674999
-35.382000
29.007999
21.202999
11.447000
-47.089001
46.569000
-0.260160
52.423000
-35.382000
-4.162600
23.153999
23.153999
52.423000
50.472000
-74.406998
30.959000
54.374001
-6.113800
-35.382000
-23.674999
-19.771999
-17.820999
-2.211400
-17.820999
-15.870000
62.179001
-60.748001
-21.724001
27.056999
-49.041000
-15.870000
-31.480000
42.667000
-8.065000
-2.211400
3.642300
-25.625999
42.667000
-37.333000
-49.041000
-45.138000
-21.724001
56.325001
-19.771999
5.593500
-8.065000
15.350000
40.715000
-2.211400
-11.967000
30.959000
42.667000
-0.260160
17.301001
19.252001
1.691100
44.618000
1.691100
7.544700
3.642300
-21.724001
11.447000
29.007999
-23.674999
-10.016000
-2.211400
