-0.064410
-0.064410
-1.996800
-19.388000
-3.929100
-15.523000
11.530000
-9.726200
-23.253000
15.395000
-17.455999
-9.726200
9.597400
9.597400
-1.996800
-32.915001
-25.184999
-5.861500
-17.455999
17.327000
-13.591000
-50.306000
34.717999
17.327000
-71.561996
1.868000
-17.455999
-44.508999
13.462000
-96.682999
3.800300
-3.929100
-29.049999
-36.778999
-19.388000
23.124001
19.259001
-27.118000
-25.184999
3.800300
-17.455999
-34.847000
25.056000
-5.861500
-13.591000
-38.712002
-3.929100
9.597400
-1.996800
-19.388000
-36.778999
-3.929100
32.785999
-13.591000
-5.861500
-40.644001
28.921000
36.651001
-1.996800
5.732700
-21.320000
-17.455999
13.462000
15.395000
-11.659000
32.785999
19.259001
36.651001
-3.929100
25.056000
36.651001
17.327000
9.597400
34.717999
-32.915001
52.110001
34.717999
1.868000
28.921000
1.868000
40.514999
-40.644001
23.124001
32.785999
-27.118000
1.868000
36.651001
40.514999
-13.591000
-5.861500
-11.659000
9.597400
32.785999
-3.929100
-13.591000
-21.320000
23.124001
-1.996800
-7.793900
-1.996800
-5.861500
-0.064410
-0.064410
-9.726200
19.259001
-11.659000
19.259001
-1.996800
-21.320000
11.530000
-17.455999
-13.591000
5.732700
28.921000
3.800300
5.732700
9.597400
-19.388000
-11.659000
7.665100
-19.388000
3.800300
21.191999
-9.726200
-0.064410
-17.455999
25.056000
9.597400
-13.591000
-0.064410
-5.861500
11.530000
13.462000
-7.793900
-7.793900
17.327000
-15.523000
9.597400
7.665100
-3.929100
3.800300
-5.861500
1.868000
-7.793900
-3.929100
15.395000
26.989000
17.327000
13.462000
7.665100
11.530000
3.800300
5.732700
5.732700
-13.591000
5.732700
9.597400
-11.659000
-0.064410
-5.861500
-13.591000
-0.064410
-11.659000
-5.861500
5.732700
-5.861500
-5.861500
-7.793900
-5.861500
-9.726200
-5.861500
-0.064410
3.800300
5.732700
-0.064410
13.462000
-13.591000
19.259001
3.800300
15.395000
19.259001
9.597400
5.732700
-1.996800
11.530000
7.665100
15.395000
7.665100
-25.184999
32.785999
9.597400
-5.861500
11.530000
-1.996800
-11.659000
-0.064410
-3.929100
1.868000
-11.659000
-1.996800
11.530000
3.800300
3.800300
-0.064410
-13.591000
-1.996800
19.259001
3.800300
5.732700
25.056000
9.597400
13.462000
21.191999
23.124001
15.395000
11.530000
17.327000
19.259001
25.056000
-0.064410
-0.064410
9.597400
21.191999
-0.064410
-13.591000
11.530000
9.597400
-3.929100
-1.996800
7.665100
5.732700
1.868000
3.800300
-1.996800
-5.861500
-15.523000
1.868000
3.800300
-3.929100
5.732700
1.868000
-5.861500
1.868000
7.665100
3.800300
9.597400
15.395000
13.462000
-1.996800
5.732700
15.395000
-5.861500
7.665100
13.462000
-1.996800
17.327000
13.462000
21.191999
1.868000
9.597400
11.530000
21.191999
55.973999
38.583000
7.665100
21.191999
26.989000
3.800300
9.597400
11.530000
5.732700
7.665100
32.785999
1.868000
21.191999
17.327000
1.868000
7.665100
15.395000
-9.726200
-3.929100
-19.388000
-7.793900
5.732700
-11.659000
-32.915001
-15.523000
-15.523000
-21.320000
-17.455999
-27.118000
-48.374001
-25.184999
17.327000
-0.064410
-29.049999
-30.982000
-30.982000
-23.253000
-9.726200
5.732700
-15.523000
-36.778999
-32.915001
-11.659000
-17.455999
3.800300
-5.861500
-54.171001
-32.915001
-17.455999
-29.049999
-0.064410
-1.996800
-23.253000
-38.712002
-23.253000
-34.847000
-29.049999
-19.388000
-11.659000
-19.388000
-25.184999
-29.049999
1.868000
-7.793900
-3.929100
-5.861500
-3.929100
9.597400
21.191999
-5.861500
-1.996800
-7.793900
1.868000
11.530000
-5.861500
19.259001
-0.064410
5.732700
21.191999
5.732700
-0.064410
-0.064410
-3.929100
1.868000
-0.064410
-7.793900
-13.591000
-0.064410
-3.929100
-7.793900
13.462000
-7.793900
-5.861500
-11.659000
-17.455999
1.868000
11.530000
36.651001
15.395000
7.665100
9.597400
9.597400
1.868000
40.514999
25.056000
-1.996800
3.800300
5.732700
11.530000
36.651001
3.800300
-5.861500
-0.064410
1.868000
7.665100
15.395000
-1.996800
-48.374001
11.530000
-5.861500
-36.778999
13.462000
17.327000
-5.861500
-0.064410
11.530000
-3.929100
5.732700
11.530000
-0.064410
-3.929100
19.259001
32.785999
11.530000
9.597400
11.530000
1.868000
21.191999
-3.929100
-3.929100
25.056000
-5.861500
26.989000
13.462000
-1.996800
13.462000
1.868000
-3.929100
-38.712002
13.462000
23.124001
-13.591000
-17.455999
-5.861500
-29.049999
-25.184999
1.868000
-7.793900
-7.793900
1.868000
7.665100
3.800300
-0.064410
-11.659000
-15.523000
-11.659000
30.853001
5.732700
5.732700
3.800300
9.597400
-3.929100
13.462000
-5.861500
-7.793900
21.191999
5.732700
9.597400
25.056000
-15.523000
-5.861500
-0.064410
9.597400
5.732700
-3.929100
-3.929100
-1.996800
-5.861500
7.665100
-3.929100
1.868000
13.462000
-17.455999
-5.861500
19.259001
-5.861500
9.597400
-0.064410
-3.929100
21.191999
9.597400
-3.929100
-7.793900
-13.591000
-0.064410
3.800300
9.597400
-17.455999
15.395000
-1.996800
-21.320000
-5.861500
-13.591000
5.732700
19.259001
7.665100
-9.726200
-9.726200
-23.253000
-5.861500
11.530000
-3.929100
-7.793900
-9.726200
23.124001
-0.064410
-3.929100
-7.793900
-1.996800
-1.996800
34.717999
1.868000
-11.659000
-0.064410
-1.996800
-1.996800
-5.861500
-7.793900
-13.591000
-3.929100
5.732700
-3.929100
19.259001
-3.929100
-21.320000
-9.726200
-3.929100
-13.591000
-0.064410
7.665100
17.327000
19.259001
-5.861500
-11.659000
15.395000
25.056000
-19.388000
15.395000
19.259001
3.800300
23.124001
17.327000
11.530000
-0.064410
-9.726200
17.327000
7.665100
-11.659000
17.327000
1.868000
17.327000
11.530000
-9.726200
-23.253000
-19.388000
13.462000
13.462000
-19.388000
-5.861500
-19.388000
17.327000
13.462000
-15.523000
1.868000
-0.064410
-0.064410
9.597400
-3.929100
1.868000
17.327000
21.191999
-0.064410
5.732700
13.462000
-3.929100
-0.064410
3.800300
13.462000
-15.523000
-15.523000
-19.388000
3.800300
-11.659000
-21.320000
-9.726200
-13.591000
-1.996800
-15.523000
1.868000
-3.929100
9.597400
-1.996800
-9.726200
-3.929100
9.597400
25.056000
7.665100
3.800300
5.732700
-1.996800
3.800300
32.785999
21.191999
1.868000
-11.659000
5.732700
-7.793900
-3.929100
9.597400
1.868000
3.800300
7.665100
-21.320000
-1.996800
1.868000
5.732700
-1.996800
-11.659000
1.868000
1.868000
-17.455999
-9.726200
1.868000
11.530000
3.800300
-9.726200
13.462000
19.259001
-13.591000
5.732700
-17.455999
-0.064410
7.665100
7.665100
11.530000
-9.726200
-11.659000
-3.929100
-13.591000
-7.793900
-1.996800
-0.064410
5.732700
17.327000
-7.793900
-7.793900
7.665100
9.597400
17.327000
17.327000
7.665100
-0.064410
3.800300
3.800300
15.395000
25.056000
23.124001
5.732700
9.597400
-27.118000
-1.996800
9.597400
15.395000
-9.726200
1.868000
-11.659000
5.732700
7.665100
-1.996800
-0.064410
-0.064410
-23.253000
-5.861500
-9.726200
-5.861500
5.732700
-11.659000
3.800300
11.530000
-3.929100
-13.591000
-5.861500
5.732700
-7.793900
5.732700
-3.929100
-3.929100
-0.064410
3.800300
7.665100
-17.455999
-29.049999
-9.726200
1.868000
-11.659000
-17.455999
-25.184999
-17.455999
-13.591000
1.868000
-9.726200
-3.929100
-15.523000
5.732700
-5.861500
3.800300
1.868000
3.800300
3.800300
1.868000
3.800300
-11.659000
11.530000
5.732700
-27.118000
-7.793900
7.665100
5.732700
-1.996800
-19.388000
-19.388000
-9.726200
17.327000
-19.388000
-3.929100
-0.064410
-13.591000
-17.455999
3.800300
-17.455999
5.732700
7.665100
11.530000
-0.064410
-5.861500
-7.793900
7.665100
9.597400
13.462000
3.800300
7.665100
11.530000
21.191999
-0.064410
7.665100
19.259001
-9.726200
25.056000
9.597400
7.665100
9.597400
-7.793900
-0.064410
7.665100
11.530000
7.665100
5.732700
9.597400
-9.726200
1.868000
-0.064410
-0.064410
1.868000
-34.847000
5.732700
34.717999
-3.929100
-15.523000
-7.793900
-19.388000
-1.996800
-7.793900
19.259001
9.597400
-1.996800
11.530000
25.056000
-1.996800
3.800300
9.597400
-21.320000
13.462000
9.597400
5.732700
5.732700
-34.847000
1.868000
-3.929100
25.056000
9.597400
-13.591000
13.462000
-0.064410
13.462000
19.259001
-1.996800
1.868000
-1.996800
-9.726200
-3.929100
9.597400
-9.726200
-5.861500
-29.049999
-13.591000
7.665100
-7.793900
-11.659000
-13.591000
3.800300
1.868000
-7.793900
1.868000
11.530000
7.665100
-3.929100
5.732700
1.868000
-11.659000
1.868000
17.327000
-1.996800
7.665100
11.530000
1.868000
-17.455999
-15.523000
-25.184999
-40.644001
-27.118000
-46.441002
-61.900002
-63.833000
-34.847000
-54.171001
-63.833000
-23.253000
-13.591000
-36.778999
-30.982000
-23.253000
-17.455999
-27.118000
-19.388000
-25.184999
-17.455999
-5.861500
-1.996800
-15.523000
-34.847000
-13.591000
-27.118000
-17.455999
-25.184999
-1.996800
-0.064410
-9.726200
-19.388000
-3.929100
-0.064410
21.191999
-5.861500
9.597400
3.800300
-0.064410
3.800300
7.665100
13.462000
7.665100
1.868000
17.327000
15.395000
30.853001
9.597400
15.395000
19.259001
21.191999
5.732700
23.124001
28.921000
19.259001
-0.064410
-0.064410
-0.064410
30.853001
11.530000
-34.847000
-0.064410
9.597400
15.395000
-13.591000
3.800300
28.921000
19.259001
5.732700
-11.659000
-9.726200
34.717999
40.514999
13.462000
5.732700
26.989000
34.717999
28.921000
48.244999
1.868000
19.259001
11.530000
23.124001
21.191999
3.800300
-42.576000
52.110001
-5.861500
25.056000
34.717999
25.056000
57.907001
7.665100
1.868000
36.651001
28.921000
15.395000
28.921000
-67.696999
63.703999
71.432999
7.665100
59.839001
44.380001
50.176998
-3.929100
17.327000
59.839001
-3.929100
11.530000
75.297997
38.583000
1.868000
-0.064410
-11.659000
44.380001
7.665100
-15.523000
23.124001
-9.726200
65.636002
-38.712002
42.448002
-34.847000
23.124001
3.800300
32.785999
-1.996800
48.244999
1.868000
-27.118000
21.191999
117.809998
-87.021004
23.124001
-21.320000
11.530000
26.989000
11.530000
26.989000
21.191999
-59.967999
63.703999
21.191999
-7.793900
-63.833000
88.823997
28.921000
-25.184999
30.853001
3.800300
-32.915001
21.191999
19.259001
9.597400
-52.237999
44.380001
-7.793900
-3.929100
-15.523000
-17.455999
11.530000
-0.064410
-15.523000
9.597400
26.989000
5.732700
26.989000
-19.388000
-32.915001
-17.455999
-9.726200
5.732700
19.259001
5.732700
-30.982000
-36.778999
-0.064410
-1.996800
-21.320000
-25.184999
-19.388000
-40.644001
46.312000
-3.929100
-1.996800
-30.982000
-100.550003
-5.861500
-11.659000
-71.561996
-27.118000
11.530000
-29.049999
-52.237999
-11.659000
15.395000
-29.049999
-61.900002
-11.659000
23.124001
-23.253000
-7.793900
26.989000
-3.929100
-13.591000
-5.861500
11.530000
-25.184999
-17.455999
-9.726200
-13.591000
15.395000
-32.915001
-42.576000
-44.508999
