-13.724000
-42.992001
17.496000
23.350000
17.496000
-17.625999
-33.236000
17.496000
1.886200
-3.967500
9.691100
-13.724000
-42.992001
-3.967500
-42.992001
1.886200
-9.821100
-11.772000
-3.967500
3.837400
-82.015999
-5.918700
-5.918700
-21.528000
-44.943001
-13.724000
-5.918700
-35.187000
-25.431000
-19.577000
-23.480000
-5.918700
-19.577000
-7.869900
-58.602001
37.007999
-39.089001
-52.748001
21.398001
-33.236000
-5.918700
-11.772000
-19.577000
-15.675000
-9.821100
-19.577000
-13.724000
1.886200
-9.821100
-9.821100
-11.772000
5.788600
33.105999
-27.382000
-0.065040
-0.065040
15.545000
-15.675000
1.886200
-2.016300
-9.821100
19.447001
15.545000
-9.821100
-11.772000
9.691100
31.153999
9.691100
17.496000
25.301001
40.910999
15.545000
17.496000
-0.065040
29.202999
58.472000
44.813000
29.202999
9.691100
-3.967500
23.350000
40.910999
11.642000
21.398001
7.739800
17.496000
31.153999
19.447001
-3.967500
-3.967500
11.642000
50.667000
19.447001
-25.431000
-5.918700
1.886200
-0.065040
1.886200
-15.675000
-23.480000
37.007999
11.642000
-25.431000
-11.772000
-25.431000
3.837400
15.545000
-0.065040
-5.918700
-5.918700
1.886200
-17.625999
11.642000
11.642000
9.691100
3.837400
11.642000
-17.625999
3.837400
17.496000
-9.821100
13.593000
3.837400
1.886200
-15.675000
-7.869900
-17.625999
-19.577000
31.153999
-0.065040
-17.625999
-3.967500
-46.894001
11.642000
11.642000
1.886200
3.837400
-2.016300
-9.821100
-9.821100
-7.869900
-0.065040
3.837400
-17.625999
-15.675000
-2.016300
15.545000
15.545000
-7.869900
13.593000
11.642000
11.642000
7.739800
13.593000
9.691100
3.837400
9.691100
9.691100
1.886200
7.739800
13.593000
5.788600
7.739800
-0.065040
9.691100
11.642000
7.739800
-0.065040
1.886200
1.886200
25.301001
13.593000
29.202999
33.105999
21.398001
19.447001
11.642000
19.447001
7.739800
21.398001
-5.918700
-3.967500
1.886200
3.837400
9.691100
15.545000
-3.967500
1.886200
-5.918700
3.837400
27.252001
-0.065040
1.886200
15.545000
-2.016300
3.837400
3.837400
5.788600
-5.918700
7.739800
5.788600
-0.065040
-0.065040
-9.821100
-0.065040
21.398001
11.642000
23.350000
9.691100
5.788600
3.837400
1.886200
15.545000
13.593000
1.886200
-0.065040
9.691100
13.593000
3.837400
7.739800
3.837400
17.496000
15.545000
19.447001
13.593000
5.788600
-3.967500
5.788600
15.545000
11.642000
-0.065040
3.837400
7.739800
-15.675000
-11.772000
-9.821100
11.642000
3.837400
-11.772000
-11.772000
-7.869900
-2.016300
9.691100
7.739800
-11.772000
-7.869900
1.886200
19.447001
-23.480000
5.788600
15.545000
-3.967500
17.496000
25.301001
7.739800
-2.016300
33.105999
9.691100
-2.016300
21.398001
19.447001
15.545000
37.007999
29.202999
23.350000
-5.918700
27.252001
19.447001
3.837400
5.788600
-2.016300
-7.869900
29.202999
38.959000
1.886200
-3.967500
-0.065040
23.350000
11.642000
-3.967500
-9.821100
-19.577000
-15.675000
23.350000
-25.431000
-23.480000
-27.382000
-37.138000
-2.016300
-5.918700
-31.285000
-42.992001
-48.846001
13.593000
-0.065040
-21.528000
-48.846001
-33.236000
-46.894001
-0.065040
-19.577000
3.837400
-13.724000
-21.528000
-15.675000
-19.577000
21.398001
13.593000
-23.480000
-5.918700
-17.625999
-9.821100
3.837400
-0.065040
-37.138000
-31.285000
-25.431000
-41.041000
-11.772000
-15.675000
-19.577000
-29.333000
-21.528000
-23.480000
-21.528000
-27.382000
-29.333000
-2.016300
-7.869900
-2.016300
11.642000
17.496000
-17.625999
-13.724000
1.886200
13.593000
1.886200
5.788600
9.691100
7.739800
-21.528000
-3.967500
1.886200
-17.625999
-3.967500
-9.821100
-9.821100
-9.821100
3.837400
1.886200
-5.918700
3.837400
-7.869900
7.739800
9.691100
-5.918700
1.886200
3.837400
9.691100
1.886200
-5.918700
-13.724000
-11.772000
-5.918700
-2.016300
13.593000
1.886200
-7.869900
-3.967500
-0.065040
-3.967500
23.350000
-9.821100
-0.065040
17.496000
3.837400
9.691100
1.886200
-7.869900
-5.918700
-3.967500
-7.869900
-21.528000
-15.675000
17.496000
25.301001
7.739800
-9.821100
3.837400
9.691100
7.739800
13.593000
7.739800
17.496000
31.153999
21.398001
21.398001
5.788600
-2.016300
13.593000
21.398001
11.642000
23.350000
21.398001
3.837400
-9.821100
3.837400
-11.772000
7.739800
-2.016300
-11.772000
3.837400
21.398001
17.496000
17.496000
9.691100
-11.772000
7.739800
35.056999
9.691100
27.252001
19.447001
5.788600
25.301001
13.593000
-3.967500
-5.918700
15.545000
33.105999
15.545000
25.301001
-3.967500
15.545000
-0.065040
-7.869900
1.886200
-15.675000
-2.016300
15.545000
-3.967500
-5.918700
-11.772000
-19.577000
15.545000
17.496000
7.739800
3.837400
1.886200
-2.016300
3.837400
27.252001
9.691100
7.739800
3.837400
1.886200
19.447001
19.447001
15.545000
1.886200
7.739800
13.593000
17.496000
13.593000
3.837400
9.691100
-13.724000
-5.918700
3.837400
-3.967500
-5.918700
5.788600
-2.016300
-31.285000
-27.382000
-52.748001
1.886200
7.739800
-11.772000
-23.480000
-25.431000
-25.431000
15.545000
21.398001
7.739800
5.788600
3.837400
-0.065040
9.691100
25.301001
-2.016300
-11.772000
17.496000
13.593000
5.788600
5.788600
-11.772000
-9.821100
-25.431000
-31.285000
-17.625999
-23.480000
-7.869900
-19.577000
-27.382000
-3.967500
-17.625999
-15.675000
1.886200
-11.772000
-17.625999
3.837400
29.202999
31.153999
25.301001
1.886200
19.447001
25.301001
23.350000
11.642000
3.837400
-3.967500
17.496000
17.496000
21.398001
11.642000
-0.065040
-9.821100
-2.016300
5.788600
15.545000
21.398001
17.496000
19.447001
33.105999
23.350000
1.886200
17.496000
29.202999
17.496000
15.545000
21.398001
15.545000
-11.772000
-3.967500
-0.065040
-0.065040
-5.918700
-5.918700
-9.821100
-7.869900
-13.724000
-3.967500
-13.724000
3.837400
7.739800
-0.065040
5.788600
5.788600
-0.065040
15.545000
-2.016300
-2.016300
-2.016300
17.496000
7.739800
-0.065040
-5.918700
-17.625999
-9.821100
-3.967500
1.886200
-23.480000
-2.016300
-15.675000
-15.675000
-15.675000
-27.382000
-7.869900
-17.625999
-0.065040
-0.065040
-5.918700
-3.967500
1.886200
13.593000
-5.918700
-5.918700
-3.967500
-5.918700
-2.016300
1.886200
1.886200
-0.065040
-7.869900
-13.724000
-0.065040
3.837400
11.642000
-0.065040
-7.869900
-9.821100
5.788600
-0.065040
-0.065040
-2.016300
3.837400
-0.065040
-2.016300
-3.967500
-2.016300
19.447001
7.739800
1.886200
-5.918700
9.691100
15.545000
3.837400
-2.016300
-19.577000
-3.967500
3.837400
-2.016300
-0.065040
-17.625999
-9.821100
3.837400
-0.065040
-3.967500
-5.918700
-11.772000
-7.869900
-2.016300
-15.675000
-19.577000
-17.625999
-17.625999
5.788600
9.691100
-13.724000
-17.625999
-17.625999
-33.236000
-15.675000
-15.675000
-0.065040
-5.918700
-13.724000
-3.967500
-3.967500
19.447001
17.496000
11.642000
25.301001
17.496000
-2.016300
7.739800
13.593000
3.837400
1.886200
13.593000
17.496000
-0.065040
-2.016300
-3.967500
11.642000
7.739800
-0.065040
11.642000
-3.967500
3.837400
21.398001
3.837400
-3.967500
-19.577000
5.788600
15.545000
-0.065040
5.788600
-2.016300
9.691100
3.837400
-13.724000
15.545000
-3.967500
13.593000
13.593000
19.447001
19.447001
7.739800
11.642000
9.691100
1.886200
1.886200
3.837400
9.691100
1.886200
-11.772000
-7.869900
-2.016300
-5.918700
-17.625999
-13.724000
-5.918700
-7.869900
13.593000
-3.967500
-5.918700
5.788600
-13.724000
9.691100
15.545000
-5.918700
15.545000
-2.016300
17.496000
11.642000
-0.065040
5.788600
5.788600
15.545000
-2.016300
5.788600
-11.772000
-7.869900
11.642000
-2.016300
-9.821100
-3.967500
5.788600
-2.016300
-0.065040
7.739800
-2.016300
-9.821100
-5.918700
7.739800
-0.065040
-3.967500
3.837400
-3.967500
5.788600
-0.065040
-2.016300
1.886200
-11.772000
-0.065040
1.886200
15.545000
13.593000
5.788600
13.593000
-0.065040
-0.065040
-0.065040
13.593000
15.545000
13.593000
-0.065040
-5.918700
29.202999
19.447001
3.837400
13.593000
-2.016300
3.837400
11.642000
-5.918700
-17.625999
-3.967500
-2.016300
-5.918700
-7.869900
-5.918700
9.691100
19.447001
-3.967500
19.447001
17.496000
-0.065040
-3.967500
-2.016300
1.886200
-0.065040
-2.016300
-3.967500
-13.724000
-3.967500
1.886200
-0.065040
-15.675000
-11.772000
15.545000
15.545000
-5.918700
-11.772000
5.788600
7.739800
-9.821100
-5.918700
-15.675000
-5.918700
1.886200
-5.918700
-19.577000
-29.333000
1.886200
1.886200
11.642000
21.398001
7.739800
29.202999
38.959000
33.105999
35.056999
31.153999
40.910999
38.959000
17.496000
25.301001
44.813000
33.105999
13.593000
15.545000
25.301001
15.545000
-5.918700
3.837400
-0.065040
7.739800
15.545000
3.837400
-0.065040
13.593000
9.691100
9.691100
-17.625999
-19.577000
-2.016300
-5.918700
-11.772000
-15.675000
-11.772000
3.837400
1.886200
-5.918700
-9.821100
-5.918700
-31.285000
-9.821100
-13.724000
-21.528000
-15.675000
-3.967500
-19.577000
-11.772000
-3.967500
-3.967500
-3.967500
-25.431000
-7.869900
-9.821100
1.886200
31.153999
13.593000
13.593000
11.642000
17.496000
13.593000
-11.772000
-2.016300
1.886200
1.886200
-3.967500
-9.821100
-5.918700
1.886200
-3.967500
-13.724000
-27.382000
3.837400
13.593000
-11.772000
-23.480000
-5.918700
9.691100
17.496000
-3.967500
-11.772000
-39.089001
-33.236000
-15.675000
-25.431000
-11.772000
23.350000
-21.528000
-23.480000
15.545000
1.886200
9.691100
21.398001
9.691100
11.642000
13.593000
7.739800
-23.480000
-5.918700
-19.577000
77.984001
35.056999
-11.772000
-3.967500
17.496000
5.788600
1.886200
5.788600
33.105999
-15.675000
1.886200
27.252001
-27.382000
-11.772000
29.202999
27.252001
3.837400
11.642000
-52.748001
-15.675000
23.350000
31.153999
5.788600
-13.724000
7.739800
-11.772000
17.496000
11.642000
-46.894001
-5.918700
-0.065040
7.739800
-17.625999
31.153999
-13.724000
5.788600
-29.333000
-9.821100
-58.602001
-13.724000
40.910999
-15.675000
-17.625999
-13.724000
-7.869900
-19.577000
-9.821100
37.007999
-19.577000
-29.333000
-39.089001
-3.967500
-21.528000
-33.236000
23.350000
11.642000
-37.138000
-41.041000
5.788600
-35.187000
-68.358002
17.496000
-11.772000
-68.358002
74.081001
-29.333000
-48.846001
46.764000
-5.918700
-95.675003
-142.500000
89.691002
-56.650002
-23.480000
-2.016300
-17.625999
56.520000
-39.089001
11.642000
-0.065040
-85.918999
11.642000
70.179001
52.618000
-15.675000
-64.455002
-109.330002
1.886200
56.520000
-0.065040
7.739800
-35.187000
-5.918700
54.569000
-11.772000
-5.918700
38.959000
-44.943001
5.788600
46.764000
-7.869900
-19.577000
35.056999
-48.846001
42.862000
87.739998
-5.918700
-0.065040
33.105999
-85.918999
5.788600
-39.089001
77.984001
89.691002
13.593000
11.642000
-2.016300
