-5.732700
7.793900
5.861500
-7.665100
-5.732700
-11.530000
-1.868000
0.064410
-3.800300
3.929100
-15.395000
-9.597400
-13.462000
-9.597400
-11.530000
-19.259001
-5.732700
-7.665100
0.064410
-3.800300
-3.800300
-9.597400
-7.665100
-3.800300
3.929100
11.659000
-7.665100
-17.327000
-15.395000
-15.395000
-17.327000
-38.583000
-30.853001
-11.530000
1.996800
-1.868000
-3.800300
-17.327000
-3.800300
-3.800300
-7.665100
5.861500
5.861500
-1.868000
0.064410
0.064410
9.726200
25.184999
9.726200
-7.665100
-3.800300
-13.462000
1.996800
-3.800300
7.793900
-3.800300
7.793900
9.726200
-5.732700
11.659000
0.064410
17.455999
9.726200
3.929100
1.996800
27.118000
29.049999
5.861500
17.455999
34.847000
38.712002
25.184999
25.184999
21.320000
17.455999
17.455999
9.726200
5.861500
-5.732700
3.929100
13.591000
0.064410
-15.395000
-19.259001
-11.530000
-5.732700
1.996800
9.726200
-3.800300
-5.732700
9.726200
27.118000
23.253000
5.861500
5.861500
0.064410
11.659000
7.793900
-1.868000
1.996800
-5.732700
-15.395000
-5.732700
-15.395000
-15.395000
-9.597400
-1.868000
-7.665100
-15.395000
-13.462000
-5.732700
-5.732700
-1.868000
3.929100
-11.530000
-7.665100
-7.665100
-13.462000
-11.530000
-11.530000
-15.395000
0.064410
-7.665100
-17.327000
-7.665100
5.861500
5.861500
7.793900
3.929100
1.996800
7.793900
5.861500
11.659000
17.455999
19.388000
36.778999
19.388000
19.388000
13.591000
0.064410
-3.800300
-9.597400
-19.259001
-26.989000
-17.327000
-9.597400
-5.732700
-5.732700
-19.259001
-7.665100
-1.868000
-9.597400
-7.665100
0.064410
1.996800
9.726200
0.064410
-5.732700
0.064410
-7.665100
9.726200
1.996800
1.996800
5.861500
-1.868000
-7.665100
-1.868000
-17.327000
-11.530000
-7.665100
0.064410
5.861500
9.726200
3.929100
13.591000
5.861500
1.996800
-1.868000
-3.800300
15.523000
1.996800
5.861500
7.793900
15.523000
17.455999
23.253000
19.388000
17.455999
5.861500
13.591000
21.320000
7.793900
27.118000
30.982000
15.523000
11.659000
9.726200
9.726200
1.996800
5.861500
13.591000
5.861500
1.996800
-1.868000
1.996800
3.929100
0.064410
-1.868000
3.929100
0.064410
-5.732700
-9.597400
-5.732700
-1.868000
0.064410
3.929100
5.861500
3.929100
-3.800300
-23.124001
-17.327000
-5.732700
-7.665100
1.996800
-11.530000
-15.395000
-7.665100
-11.530000
7.793900
5.861500
1.996800
5.861500
9.726200
9.726200
1.996800
5.861500
13.591000
9.726200
-7.665100
5.861500
9.726200
5.861500
5.861500
3.929100
1.996800
0.064410
-5.732700
3.929100
-3.800300
-1.868000
3.929100
-7.665100
5.861500
0.064410
-1.868000
-1.868000
-5.732700
-3.800300
-1.868000
-9.597400
-7.665100
-5.732700
13.591000
13.591000
3.929100
7.793900
0.064410
-1.868000
-1.868000
-3.800300
-3.800300
15.523000
3.929100
11.659000
11.659000
-3.800300
7.793900
-5.732700
-11.530000
-7.665100
-13.462000
-9.597400
11.659000
17.455999
1.996800
-1.868000
-1.868000
3.929100
0.064410
3.929100
-5.732700
-19.259001
-5.732700
13.591000
0.064410
-17.327000
-25.056000
-26.989000
-9.597400
9.726200
5.861500
1.996800
-7.665100
-9.597400
-5.732700
5.861500
5.861500
-5.732700
-17.327000
3.929100
13.591000
5.861500
7.793900
17.455999
13.591000
15.523000
5.861500
-1.868000
-7.665100
-19.259001
-21.191999
-21.191999
-26.989000
-32.785999
-15.395000
-34.717999
-17.327000
3.929100
1.996800
17.455999
0.064410
0.064410
-11.530000
-17.327000
-1.868000
7.793900
-1.868000
9.726200
-9.597400
-15.395000
-3.800300
-1.868000
-13.462000
-13.462000
1.996800
-5.732700
1.996800
5.861500
-5.732700
-3.800300
0.064410
-1.868000
5.861500
-1.868000
-1.868000
-1.868000
-9.597400
0.064410
5.861500
0.064410
-3.800300
-13.462000
-7.665100
-7.665100
0.064410
0.064410
-3.800300
-5.732700
3.929100
-9.597400
-11.530000
5.861500
-9.597400
-7.665100
9.726200
5.861500
13.591000
13.591000
0.064410
-3.800300
15.523000
15.523000
15.523000
7.793900
15.523000
13.591000
11.659000
7.793900
3.929100
19.388000
29.049999
9.726200
3.929100
19.388000
21.320000
3.929100
9.726200
5.861500
3.929100
5.861500
-1.868000
1.996800
17.455999
13.591000
0.064410
-3.800300
-5.732700
-7.665100
-9.597400
-17.327000
-7.665100
13.591000
13.591000
5.861500
-7.665100
-1.868000
-9.597400
-7.665100
13.591000
-5.732700
-7.665100
1.996800
-5.732700
-1.868000
-1.868000
-23.124001
-21.191999
-3.800300
-3.800300
-7.665100
-5.732700
-3.800300
7.793900
3.929100
-1.868000
-3.800300
-11.530000
7.793900
-1.868000
0.064410
15.523000
-1.868000
7.793900
23.253000
17.455999
13.591000
1.996800
-19.259001
-7.665100
0.064410
-1.868000
7.793900
-5.732700
-9.597400
1.996800
7.793900
5.861500
-7.665100
1.996800
3.929100
0.064410
17.455999
13.591000
7.793900
5.861500
-3.800300
-3.800300
1.996800
-1.868000
-1.868000
7.793900
7.793900
1.996800
1.996800
15.523000
11.659000
-5.732700
-9.597400
-13.462000
-19.259001
-17.327000
-11.530000
-3.800300
0.064410
11.659000
13.591000
15.523000
7.793900
1.996800
-5.732700
-7.665100
3.929100
1.996800
-7.665100
-11.530000
-7.665100
-3.800300
-7.665100
-5.732700
-19.259001
-5.732700
11.659000
5.861500
5.861500
9.726200
9.726200
11.659000
17.455999
1.996800
0.064410
1.996800
21.320000
21.320000
9.726200
-1.868000
-3.800300
15.523000
21.320000
-1.868000
-3.800300
5.861500
-9.597400
-7.665100
-5.732700
-7.665100
-11.530000
-17.327000
-7.665100
-11.530000
-7.665100
0.064410
7.793900
7.793900
1.996800
-7.665100
-13.462000
-1.868000
7.793900
-3.800300
-1.868000
5.861500
5.861500
7.793900
5.861500
-5.732700
-1.868000
3.929100
-7.665100
-15.395000
-21.191999
-21.191999
-5.732700
-3.800300
-1.868000
-5.732700
-5.732700
0.064410
3.929100
11.659000
17.455999
5.861500
5.861500
11.659000
9.726200
9.726200
1.996800
0.064410
-3.800300
-3.800300
-5.732700
0.064410
-5.732700
-1.868000
-7.665100
-15.395000
-3.800300
-3.800300
-9.597400
-3.800300
-1.868000
-1.868000
-1.868000
5.861500
11.659000
7.793900
-9.597400
-15.395000
-1.868000
-3.800300
-1.868000
0.064410
0.064410
0.064410
-9.597400
-11.530000
-11.530000
-11.530000
-7.665100
-13.462000
-5.732700
-5.732700
0.064410
-15.395000
-1.868000
5.861500
19.388000
13.591000
17.455999
19.388000
17.455999
25.184999
17.455999
9.726200
5.861500
19.388000
17.455999
7.793900
3.929100
1.996800
1.996800
-5.732700
-7.665100
3.929100
-3.800300
-1.868000
3.929100
-9.597400
-9.597400
-7.665100
-9.597400
3.929100
0.064410
-15.395000
-19.259001
-13.462000
-13.462000
5.861500
0.064410
-7.665100
1.996800
-3.800300
-9.597400
5.861500
7.793900
0.064410
-5.732700
-7.665100
-5.732700
7.793900
5.861500
1.996800
7.793900
9.726200
13.591000
5.861500
-5.732700
0.064410
9.726200
13.591000
17.455999
15.523000
-7.665100
-13.462000
-1.868000
19.388000
17.455999
9.726200
9.726200
5.861500
9.726200
17.455999
11.659000
1.996800
-5.732700
9.726200
1.996800
-5.732700
-1.868000
-13.462000
-5.732700
-19.259001
-19.259001
-15.395000
-15.395000
-7.665100
-7.665100
-5.732700
7.793900
15.523000
9.726200
15.523000
21.320000
11.659000
11.659000
9.726200
1.996800
-3.800300
0.064410
15.523000
13.591000
-1.868000
0.064410
15.523000
15.523000
17.455999
5.861500
7.793900
15.523000
1.996800
-1.868000
11.659000
-7.665100
-3.800300
0.064410
-1.868000
-5.732700
-9.597400
0.064410
0.064410
5.861500
-3.800300
0.064410
-19.259001
-9.597400
3.929100
-21.191999
-28.921000
-26.989000
-25.056000
-32.785999
-17.327000
-17.327000
-26.989000
-15.395000
-15.395000
-9.597400
-1.868000
-11.530000
-7.665100
-7.665100
-1.868000
-5.732700
-5.732700
0.064410
5.861500
3.929100
3.929100
17.455999
15.523000
9.726200
9.726200
0.064410
3.929100
3.929100
15.523000
13.591000
5.861500
0.064410
11.659000
5.861500
1.996800
0.064410
13.591000
7.793900
5.861500
5.861500
1.996800
-11.530000
-13.462000
-13.462000
-1.868000
-23.124001
-9.597400
0.064410
1.996800
7.793900
23.253000
21.320000
15.523000
27.118000
34.847000
30.982000
29.049999
23.253000
29.049999
21.320000
13.591000
19.388000
21.320000
13.591000
9.726200
11.659000
9.726200
9.726200
7.793900
17.455999
3.929100
-7.665100
-3.800300
-5.732700
-17.327000
-9.597400
-3.800300
-25.056000
-7.665100
-3.800300
-11.530000
-5.732700
-3.800300
1.996800
-5.732700
-11.530000
-19.259001
-25.056000
-15.395000
-1.868000
-13.462000
-23.124001
-9.597400
0.064410
-3.800300
-5.732700
1.996800
7.793900
9.726200
-1.868000
-3.800300
-3.800300
0.064410
-7.665100
-21.191999
-26.989000
-13.462000
-9.597400
-9.597400
-17.327000
-25.056000
-7.665100
-17.327000
-15.395000
-19.259001
-13.462000
-1.868000
1.996800
3.929100
-1.868000
1.996800
-15.395000
7.793900
-1.868000
-7.665100
0.064410
11.659000
0.064410
-5.732700
5.861500
13.591000
15.523000
23.253000
5.861500
-7.665100
13.591000
25.184999
7.793900
0.064410
-5.732700
1.996800
5.861500
-7.665100
-9.597400
-1.868000
3.929100
-1.868000
-7.665100
7.793900
15.523000
19.388000
13.591000
0.064410
21.320000
36.778999
3.929100
-1.868000
5.861500
3.929100
21.320000
1.996800
-17.327000
-21.191999
-23.124001
-15.395000
1.996800
-1.868000
21.320000
-3.800300
-13.462000
9.726200
11.659000
3.929100
15.523000
15.523000
3.929100
19.388000
5.861500
-5.732700
-9.597400
-28.921000
63.833000
29.049999
-5.732700
-3.800300
15.523000
5.861500
3.929100
1.996800
15.523000
-26.989000
0.064410
11.659000
-32.785999
-9.597400
15.523000
11.659000
-17.327000
7.793900
-40.514999
-9.597400
3.929100
1.996800
0.064410
7.793900
-7.665100
-19.259001
13.591000
1.996800
-38.583000
-15.395000
-11.530000
-5.732700
0.064410
21.320000
-21.191999
0.064410
-13.462000
-15.395000
-21.191999
-28.921000
1.996800
-9.597400
-32.785999
1.996800
7.793900
-9.597400
-15.395000
13.591000
-17.327000
-15.395000
-11.530000
7.793900
11.659000
3.929100
23.253000
-11.530000
19.388000
3.929100
19.388000
-3.800300
3.929100
13.591000
-19.259001
19.388000
9.726200
-28.921000
32.915001
13.591000
-19.259001
-5.732700
-17.327000
1.996800
-19.259001
-25.056000
9.726200
-15.395000
27.118000
-11.530000
7.793900
5.861500
-28.921000
7.793900
-5.732700
5.861500
13.591000
3.929100
21.320000
0.064410
-1.868000
-5.732700
-9.597400
-34.717999
-5.732700
23.253000
-23.124001
-13.462000
-17.327000
9.726200
23.253000
-36.651001
-1.868000
30.982000
17.455999
3.929100
29.049999
3.929100
-1.868000
27.118000
11.659000
-3.800300
1.996800
-3.800300
11.659000
23.253000
-11.530000
0.064410
7.793900
