-3.974400
3.717900
7.564100
-11.667000
3.717900
-11.667000
-9.743600
1.794900
3.717900
9.487200
-0.128210
-0.128210
1.794900
-0.128210
-5.897400
-0.128210
-0.128210
-17.436001
-2.051300
-0.128210
-15.513000
-0.128210
-11.667000
-3.974400
-0.128210
-2.051300
-3.974400
-19.358999
-9.743600
7.564100
-3.974400
-5.897400
-9.743600
-7.820500
-0.128210
11.410000
5.641000
-13.590000
5.641000
1.794900
-2.051300
24.872000
9.487200
-13.590000
-17.436001
-11.667000
5.641000
19.103001
3.717900
-9.743600
-19.358999
-15.513000
7.564100
-5.897400
7.564100
-2.051300
5.641000
15.256000
-2.051300
3.717900
-15.513000
7.564100
21.025999
-5.897400
-13.590000
34.487000
44.103001
-27.051001
-21.282000
22.948999
17.179001
9.487200
1.794900
15.256000
11.410000
21.025999
13.333000
-9.743600
-13.590000
9.487200
5.641000
3.717900
-3.974400
5.641000
1.794900
-2.051300
-17.436001
17.179001
15.256000
3.717900
-0.128210
3.717900
11.410000
5.641000
9.487200
-11.667000
1.794900
9.487200
-0.128210
24.872000
3.717900
-9.743600
1.794900
-9.743600
-17.436001
-3.974400
3.717900
9.487200
-3.974400
-13.590000
-3.974400
3.717900
-7.820500
5.641000
9.487200
13.333000
5.641000
1.794900
9.487200
5.641000
-2.051300
19.103001
5.641000
-11.667000
-0.128210
13.333000
-2.051300
-0.128210
1.794900
-9.743600
-7.820500
-9.743600
-11.667000
-7.820500
1.794900
17.179001
1.794900
1.794900
-0.128210
-3.974400
-5.897400
-7.820500
-15.513000
-36.667000
-23.205000
-11.667000
-9.743600
-9.743600
-17.436001
-3.974400
-0.128210
-13.590000
-5.897400
7.564100
-3.974400
-3.974400
-5.897400
-2.051300
-2.051300
3.717900
5.641000
-0.128210
7.564100
3.717900
13.333000
15.256000
26.795000
7.564100
5.641000
9.487200
19.103001
21.025999
13.333000
17.179001
24.872000
1.794900
5.641000
7.564100
-2.051300
3.717900
-11.667000
-15.513000
-7.820500
7.564100
9.487200
5.641000
17.179001
7.564100
-11.667000
-0.128210
1.794900
-3.974400
15.256000
9.487200
7.564100
13.333000
9.487200
-0.128210
-9.743600
-7.820500
-7.820500
-0.128210
-0.128210
-13.590000
-5.897400
1.794900
-0.128210
9.487200
-2.051300
-15.513000
-11.667000
-5.897400
-42.436001
-7.820500
9.487200
-2.051300
-3.974400
3.717900
-3.974400
-15.513000
-9.743600
3.717900
-0.128210
22.948999
-5.897400
-13.590000
11.410000
1.794900
15.256000
15.256000
-3.974400
17.179001
9.487200
9.487200
11.410000
21.025999
22.948999
-0.128210
-17.436001
-0.128210
11.410000
3.717900
1.794900
-0.128210
-0.128210
-11.667000
-17.436001
11.410000
-9.743600
-11.667000
5.641000
-17.436001
3.717900
1.794900
-3.974400
-0.128210
-0.128210
13.333000
22.948999
-13.590000
-17.436001
-17.436001
1.794900
1.794900
-0.128210
9.487200
-2.051300
11.410000
-0.128210
-21.282000
-0.128210
32.563999
1.794900
3.717900
-2.051300
-7.820500
17.179001
7.564100
-5.897400
-2.051300
5.641000
9.487200
26.795000
1.794900
-11.667000
7.564100
7.564100
36.410000
-9.743600
-17.436001
7.564100
5.641000
-0.128210
19.103001
7.564100
-17.436001
-15.513000
-7.820500
5.641000
21.025999
5.641000
3.717900
-0.128210
-2.051300
5.641000
3.717900
-9.743600
-15.513000
-3.974400
9.487200
11.410000
7.564100
5.641000
15.256000
11.410000
11.410000
1.794900
-2.051300
5.641000
3.717900
7.564100
5.641000
-5.897400
-23.205000
-17.436001
-21.282000
-11.667000
15.256000
5.641000
3.717900
-3.974400
5.641000
-9.743600
-13.590000
-5.897400
7.564100
3.717900
9.487200
-11.667000
-11.667000
-3.974400
-2.051300
-9.743600
1.794900
5.641000
-11.667000
3.717900
-3.974400
-15.513000
-0.128210
13.333000
-2.051300
1.794900
-2.051300
-3.974400
-0.128210
1.794900
-7.820500
-5.897400
-5.897400
-2.051300
-7.820500
-3.974400
-7.820500
3.717900
3.717900
-3.974400
7.564100
24.872000
-21.282000
-21.282000
5.641000
-0.128210
15.256000
-0.128210
-3.974400
5.641000
5.641000
-0.128210
-19.358999
5.641000
7.564100
13.333000
-3.974400
-9.743600
-5.897400
5.641000
-7.820500
-21.282000
7.564100
26.795000
11.410000
7.564100
3.717900
9.487200
3.717900
5.641000
-2.051300
3.717900
15.256000
-0.128210
-13.590000
-0.128210
9.487200
1.794900
-5.897400
-11.667000
-3.974400
5.641000
-5.897400
-0.128210
11.410000
21.025999
3.717900
-7.820500
15.256000
-9.743600
-3.974400
24.872000
7.564100
9.487200
11.410000
5.641000
-0.128210
1.794900
-7.820500
-5.897400
17.179001
-15.513000
-3.974400
9.487200
7.564100
13.333000
-11.667000
-17.436001
-13.590000
-17.436001
-2.051300
-21.282000
-7.820500
15.256000
-13.590000
-0.128210
11.410000
7.564100
13.333000
3.717900
-21.282000
-15.513000
3.717900
-3.974400
11.410000
9.487200
-0.128210
15.256000
21.025999
9.487200
3.717900
15.256000
15.256000
-7.820500
7.564100
15.256000
11.410000
22.948999
-11.667000
-3.974400
15.256000
3.717900
-11.667000
-13.590000
11.410000
7.564100
-0.128210
22.948999
-11.667000
-17.436001
-7.820500
-5.897400
-11.667000
-25.128000
-21.282000
-0.128210
-13.590000
-5.897400
5.641000
7.564100
-0.128210
-0.128210
-2.051300
-2.051300
-3.974400
-5.897400
-9.743600
-17.436001
-15.513000
-5.897400
-0.128210
13.333000
-27.051001
-21.282000
15.256000
3.717900
-2.051300
-3.974400
-9.743600
-0.128210
15.256000
-7.820500
5.641000
9.487200
24.872000
24.872000
13.333000
-0.128210
-9.743600
26.795000
21.025999
-2.051300
11.410000
9.487200
-7.820500
-11.667000
5.641000
9.487200
9.487200
-2.051300
-0.128210
-2.051300
11.410000
17.179001
9.487200
9.487200
1.794900
9.487200
11.410000
26.795000
9.487200
-2.051300
9.487200
9.487200
9.487200
1.794900
-3.974400
-9.743600
-5.897400
7.564100
-5.897400
-13.590000
-2.051300
-23.205000
-21.282000
-5.897400
-0.128210
-7.820500
-3.974400
-3.974400
3.717900
-3.974400
13.333000
5.641000
9.487200
17.179001
13.333000
5.641000
3.717900
3.717900
3.717900
-13.590000
-13.590000
-0.128210
-11.667000
1.794900
-17.436001
-30.896999
-0.128210
-17.436001
-13.590000
-7.820500
-11.667000
-5.897400
-9.743600
5.641000
1.794900
7.564100
-2.051300
-9.743600
7.564100
1.794900
9.487200
7.564100
-2.051300
7.564100
-9.743600
-13.590000
-0.128210
-2.051300
-5.897400
-2.051300
9.487200
5.641000
13.333000
-9.743600
5.641000
3.717900
1.794900
5.641000
7.564100
-5.897400
5.641000
24.872000
15.256000
1.794900
-0.128210
19.103001
13.333000
-3.974400
-3.974400
1.794900
-0.128210
-7.820500
-3.974400
7.564100
-3.974400
3.717900
15.256000
-5.897400
-13.590000
-7.820500
-7.820500
1.794900
-3.974400
-17.436001
-19.358999
-13.590000
-13.590000
-2.051300
-0.128210
-7.820500
-11.667000
-13.590000
-11.667000
-5.897400
-0.128210
1.794900
-11.667000
-0.128210
-0.128210
13.333000
15.256000
3.717900
3.717900
5.641000
15.256000
32.563999
-15.513000
-19.358999
13.333000
11.410000
19.103001
22.948999
9.487200
-3.974400
7.564100
3.717900
-0.128210
-3.974400
7.564100
13.333000
15.256000
7.564100
3.717900
11.410000
-9.743600
3.717900
3.717900
-5.897400
1.794900
1.794900
7.564100
-5.897400
-0.128210
3.717900
15.256000
19.103001
-23.205000
-9.743600
15.256000
17.179001
-0.128210
-3.974400
7.564100
-5.897400
-11.667000
9.487200
5.641000
-13.590000
-15.513000
7.564100
11.410000
-3.974400
-5.897400
11.410000
15.256000
11.410000
-2.051300
7.564100
11.410000
1.794900
7.564100
28.718000
-11.667000
-19.358999
-5.897400
-7.820500
-2.051300
-3.974400
5.641000
-3.974400
-0.128210
-2.051300
21.025999
-3.974400
-17.436001
-3.974400
-15.513000
-15.513000
-15.513000
-5.897400
-21.282000
-13.590000
-9.743600
-19.358999
7.564100
-19.358999
-17.436001
-0.128210
-11.667000
-2.051300
1.794900
-3.974400
-0.128210
3.717900
11.410000
9.487200
5.641000
-0.128210
9.487200
9.487200
11.410000
13.333000
3.717900
5.641000
1.794900
7.564100
13.333000
5.641000
7.564100
11.410000
-5.897400
1.794900
3.717900
3.717900
-9.743600
-2.051300
3.717900
9.487200
-9.743600
-9.743600
-15.513000
5.641000
-9.743600
-9.743600
3.717900
9.487200
-5.897400
5.641000
17.179001
1.794900
19.103001
19.103001
19.103001
13.333000
15.256000
19.103001
15.256000
1.794900
24.872000
9.487200
7.564100
3.717900
3.717900
5.641000
11.410000
7.564100
11.410000
5.641000
-9.743600
-19.358999
-21.282000
-19.358999
-5.897400
-5.897400
-17.436001
-7.820500
1.794900
-2.051300
7.564100
19.103001
11.410000
-21.282000
-7.820500
-27.051001
-15.513000
-3.974400
9.487200
1.794900
-17.436001
-0.128210
7.564100
3.717900
7.564100
15.256000
11.410000
15.256000
-5.897400
-0.128210
-2.051300
-5.897400
-3.974400
-7.820500
-7.820500
11.410000
7.564100
9.487200
-0.128210
-11.667000
-5.897400
-15.513000
-9.743600
-21.282000
-17.436001
7.564100
3.717900
3.717900
19.103001
-2.051300
-17.436001
9.487200
-17.436001
-13.590000
-11.667000
5.641000
-7.820500
-30.896999
-5.897400
7.564100
5.641000
13.333000
3.717900
-15.513000
17.179001
15.256000
-9.743600
-11.667000
-13.590000
-0.128210
1.794900
-11.667000
-5.897400
-2.051300
-7.820500
-17.436001
-28.974001
-19.358999
1.794900
-0.128210
-0.128210
-23.205000
7.564100
32.563999
-5.897400
-11.667000
1.794900
13.333000
15.256000
-7.820500
-25.128000
-30.896999
-32.820999
-28.974001
-21.282000
-30.896999
1.794900
-7.820500
-28.974001
-7.820500
-5.897400
9.487200
-2.051300
13.333000
7.564100
-0.128210
-2.051300
-15.513000
-15.513000
-27.051001
61.410000
30.641001
1.794900
-9.743600
3.717900
15.256000
-0.128210
19.103001
38.333000
-25.128000
21.025999
21.025999
-15.513000
11.410000
34.487000
24.872000
-23.205000
15.256000
-28.974001
-0.128210
26.795000
19.103001
9.487200
28.718000
15.256000
5.641000
36.410000
32.563999
-15.513000
7.564100
19.103001
24.872000
21.025999
42.179001
-2.051300
34.487000
19.103001
11.410000
5.641000
11.410000
30.641001
15.256000
1.794900
24.872000
28.718000
19.103001
9.487200
36.410000
-5.897400
5.641000
1.794900
19.103001
24.872000
-2.051300
24.872000
-23.205000
17.179001
11.410000
26.795000
5.641000
-5.897400
11.410000
-13.590000
34.487000
11.410000
-19.358999
49.872002
9.487200
-15.513000
13.333000
-19.358999
7.564100
-34.743999
-30.896999
15.256000
-7.820500
26.795000
-9.743600
-2.051300
-17.436001
-30.896999
7.564100
-2.051300
-7.820500
3.717900
3.717900
22.948999
11.410000
15.256000
3.717900
-3.974400
-17.436001
-3.974400
7.564100
-21.282000
-27.051001
-21.282000
15.256000
21.025999
-32.820999
-7.820500
13.333000
9.487200
-17.436001
28.718000
-19.358999
-52.050999
17.179001
1.794900
-7.820500
-19.358999
-17.436001
30.641001
34.487000
-2.051300
9.487200
-3.974400
