-35.015999
-37.929001
-34.044998
-29.191000
-26.278000
-24.337000
-27.249001
-34.044998
-25.306999
-26.278000
-28.219999
-22.395000
-22.395000
-26.278000
-24.337000
-17.540001
-12.686000
-12.686000
-18.511000
-30.162001
-26.278000
-22.395000
-23.365999
-29.191000
-34.044998
-33.074001
-24.337000
-35.015999
-31.132999
-23.365999
-19.482000
-26.278000
-24.337000
-11.715000
-10.744000
-19.482000
-21.424000
-25.306999
-27.249001
-21.424000
-26.278000
-32.104000
-31.132999
-28.219999
-28.219999
-30.162001
-22.395000
-25.306999
-27.249001
-19.482000
-19.482000
-16.570000
-17.540001
-18.511000
-22.395000
-20.452999
-27.249001
-28.219999
-24.337000
-24.337000
-13.657000
-18.511000
-18.511000
-11.715000
-19.482000
-22.395000
-16.570000
-19.482000
-25.306999
-31.132999
-31.132999
-29.191000
-9.773500
-4.919100
-15.599000
-15.599000
-13.657000
-11.715000
-18.511000
-19.482000
-18.511000
-11.715000
-10.744000
-9.773500
-7.831700
-5.890000
-13.657000
2.847900
-5.890000
-18.511000
-18.511000
-15.599000
-14.628000
-22.395000
-22.395000
-14.628000
-26.278000
-22.395000
-17.540001
-16.570000
-20.452999
-17.540001
-15.599000
-15.599000
-13.657000
-13.657000
-10.744000
-13.657000
-13.657000
-5.890000
-3.948200
-0.064720
-2.977300
-2.977300
-2.977300
7.702300
1.877000
-4.919100
7.702300
-1.035600
-5.890000
1.877000
5.760500
3.818800
2.847900
5.760500
5.760500
10.615000
-5.890000
-6.860800
5.760500
2.847900
2.847900
1.877000
-0.064720
4.789600
9.644000
3.818800
-5.890000
-5.890000
1.877000
7.702300
-0.064720
-4.919100
-11.715000
-12.686000
-3.948200
-0.064720
0.906150
-2.977300
-5.890000
-6.860800
-5.890000
1.877000
1.877000
3.818800
8.673100
11.586000
4.789600
11.586000
23.236000
22.264999
7.702300
9.644000
12.557000
19.353001
21.294001
14.498000
11.586000
13.528000
18.382000
22.264999
24.207001
17.410999
16.440001
11.586000
13.528000
17.410999
18.382000
14.498000
22.264999
10.615000
10.615000
4.789600
5.760500
4.789600
-4.919100
-2.006500
5.760500
-3.948200
-5.890000
-2.977300
-3.948200
-1.035600
-0.064720
4.789600
1.877000
8.673100
15.469000
-0.064720
-2.977300
4.789600
3.818800
1.877000
1.877000
1.877000
-2.977300
2.847900
4.789600
1.877000
0.906150
-2.977300
-0.064720
4.789600
8.673100
13.528000
0.906150
0.906150
-6.860800
-6.860800
-4.919100
-7.831700
-12.686000
-8.802600
-9.773500
-2.977300
-11.715000
-7.831700
-8.802600
0.906150
0.906150
-7.831700
-7.831700
-2.977300
-7.831700
-0.064720
-3.948200
-3.948200
-2.977300
4.789600
8.673100
8.673100
3.818800
5.760500
3.818800
-0.064720
2.847900
7.702300
0.906150
-2.006500
-3.948200
3.818800
3.818800
6.731400
6.731400
-2.977300
2.847900
1.877000
17.410999
19.353001
10.615000
12.557000
20.323999
16.440001
13.528000
23.236000
18.382000
23.236000
31.003000
10.615000
12.557000
16.440001
19.353001
22.264999
8.673100
13.528000
16.440001
12.557000
11.586000
18.382000
23.236000
15.469000
10.615000
11.586000
20.323999
25.177999
21.294001
13.528000
11.586000
7.702300
13.528000
9.644000
7.702300
14.498000
16.440001
15.469000
18.382000
14.498000
9.644000
29.061001
26.149000
16.440001
21.294001
18.382000
20.323999
30.032000
32.945000
35.858002
32.945000
31.003000
30.032000
37.799000
35.858002
32.945000
28.091000
31.974001
34.887001
36.827999
33.916000
27.120001
27.120001
34.887001
39.741001
28.091000
27.120001
36.827999
27.120001
29.061001
33.916000
25.177999
22.264999
24.207001
30.032000
27.120001
18.382000
16.440001
16.440001
24.207001
29.061001
19.353001
18.382000
28.091000
27.120001
12.557000
14.498000
15.469000
14.498000
20.323999
8.673100
2.847900
12.557000
15.469000
8.673100
15.469000
16.440001
15.469000
7.702300
13.528000
18.382000
19.353001
13.528000
8.673100
16.440001
25.177999
13.528000
9.644000
11.586000
17.410999
15.469000
16.440001
18.382000
22.264999
25.177999
24.207001
26.149000
30.032000
25.177999
28.091000
31.974001
25.177999
35.858002
23.236000
17.410999
25.177999
23.236000
18.382000
17.410999
24.207001
23.236000
13.528000
6.731400
17.410999
16.440001
10.615000
14.498000
17.410999
12.557000
18.382000
20.323999
17.410999
16.440001
19.353001
17.410999
17.410999
14.498000
7.702300
6.731400
9.644000
9.644000
3.818800
2.847900
3.818800
4.789600
3.818800
3.818800
0.906150
5.760500
3.818800
0.906150
-8.802600
-3.948200
0.906150
1.877000
-4.919100
-5.890000
6.731400
5.760500
-7.831700
-9.773500
-4.919100
-6.860800
-6.860800
-2.977300
-2.977300
3.818800
-8.802600
-2.006500
4.789600
-5.890000
-7.831700
-1.035600
0.906150
-0.064720
-0.064720
5.760500
14.498000
1.877000
-7.831700
-6.860800
4.789600
6.731400
8.673100
7.702300
3.818800
-5.890000
-3.948200
-1.035600
-3.948200
-6.860800
-11.715000
-6.860800
-6.860800
-13.657000
-11.715000
-4.919100
-0.064720
-2.006500
-4.919100
-4.919100
-4.919100
-11.715000
-10.744000
-2.977300
-3.948200
-7.831700
7.702300
11.586000
-3.948200
-3.948200
-0.064720
-6.860800
-7.831700
-1.035600
-8.802600
-6.860800
2.847900
-3.948200
-6.860800
-7.831700
-7.831700
0.906150
-5.890000
-11.715000
-8.802600
0.906150
-13.657000
-16.570000
-4.919100
-7.831700
-10.744000
-12.686000
-7.831700
-1.035600
-7.831700
-24.337000
-19.482000
-14.628000
-11.715000
-6.860800
-8.802600
-8.802600
0.906150
-3.948200
-9.773500
-5.890000
-0.064720
-2.977300
-8.802600
-17.540001
-3.948200
-7.831700
-17.540001
-12.686000
-5.890000
-7.831700
-4.919100
-6.860800
-0.064720
-9.773500
-13.657000
-7.831700
-3.948200
-7.831700
-8.802600
-10.744000
-8.802600
-9.773500
-11.715000
-11.715000
-8.802600
-10.744000
-14.628000
-8.802600
-5.890000
-7.831700
-8.802600
-13.657000
-13.657000
-13.657000
-10.744000
-12.686000
-24.337000
-24.337000
-21.424000
-15.599000
-18.511000
-18.511000
-17.540001
-7.831700
-16.570000
-20.452999
-11.715000
-13.657000
-26.278000
-21.424000
-24.337000
-28.219999
-27.249001
-17.540001
-21.424000
-13.657000
-17.540001
-18.511000
-20.452999
-23.365999
-22.395000
-15.599000
-17.540001
-19.482000
-19.482000
-12.686000
-22.395000
-24.337000
-26.278000
-23.365999
-27.249001
-21.424000
-11.715000
-6.860800
-10.744000
-13.657000
-14.628000
-15.599000
-12.686000
-2.006500
-2.006500
-1.035600
-4.919100
-6.860800
0.906150
1.877000
-0.064720
-0.064720
-0.064720
4.789600
2.847900
-3.948200
-0.064720
1.877000
-0.064720
-1.035600
-0.064720
-0.064720
-10.744000
-13.657000
-7.831700
-10.744000
-2.977300
-5.890000
-11.715000
-14.628000
-6.860800
-17.540001
-14.628000
-16.570000
-5.890000
-9.773500
-13.657000
-4.919100
-9.773500
-9.773500
-8.802600
-2.977300
-8.802600
-11.715000
-7.831700
-8.802600
-5.890000
-2.977300
-0.064720
-5.890000
-8.802600
-4.919100
-10.744000
-16.570000
-15.599000
-8.802600
-7.831700
-6.860800
-4.919100
-1.035600
-6.860800
-7.831700
-3.948200
-5.890000
-10.744000
-8.802600
-7.831700
-7.831700
-0.064720
1.877000
-7.831700
-4.919100
-1.035600
-4.919100
-2.006500
2.847900
0.906150
1.877000
-3.948200
-6.860800
-2.977300
-7.831700
-4.919100
-3.948200
-4.919100
-0.064720
-3.948200
-6.860800
-7.831700
1.877000
-1.035600
-8.802600
-2.977300
5.760500
-2.006500
-2.006500
0.906150
-1.035600
6.731400
1.877000
-0.064720
7.702300
6.731400
-2.006500
12.557000
-1.035600
-5.890000
4.789600
1.877000
6.731400
7.702300
4.789600
-0.064720
0.906150
-2.006500
-2.006500
-2.006500
1.877000
-0.064720
-1.035600
-0.064720
-2.006500
5.760500
6.731400
-1.035600
-14.628000
-11.715000
-1.035600
-2.977300
-0.064720
1.877000
2.847900
3.818800
-0.064720
-2.977300
4.789600
-2.006500
-7.831700
-7.831700
-10.744000
-5.890000
-5.890000
-10.744000
-7.831700
-7.831700
-10.744000
-10.744000
-2.977300
-1.035600
-5.890000
-3.948200
-1.035600
-6.860800
-2.977300
-4.919100
-7.831700
-10.744000
-0.064720
7.702300
-4.919100
-3.948200
10.615000
3.818800
-0.064720
4.789600
11.586000
7.702300
2.847900
9.644000
9.644000
-1.035600
-0.064720
14.498000
-1.035600
-6.860800
12.557000
6.731400
1.877000
11.586000
9.644000
4.789600
6.731400
9.644000
7.702300
10.615000
12.557000
15.469000
16.440001
4.789600
2.847900
10.615000
15.469000
12.557000
7.702300
8.673100
4.789600
10.615000
1.877000
-3.948200
2.847900
1.877000
5.760500
15.469000
5.760500
19.353001
16.440001
6.731400
8.673100
17.410999
21.294001
16.440001
16.440001
24.207001
27.120001
18.382000
19.353001
26.149000
15.469000
19.353001
23.236000
26.149000
27.120001
28.091000
29.061001
24.207001
22.264999
21.294001
20.323999
20.323999
26.149000
23.236000
22.264999
25.177999
27.120001
23.236000
19.353001
18.382000
15.469000
19.353001
13.528000
8.673100
14.498000
16.440001
11.586000
13.528000
10.615000
7.702300
11.586000
3.818800
-0.064720
-2.006500
3.818800
-0.064720
0.906150
-2.977300
-0.064720
4.789600
0.906150
-2.006500
0.906150
-3.948200
-3.948200
4.789600
0.906150
-3.948200
-5.890000
-3.948200
4.789600
7.702300
7.702300
2.847900
-2.006500
-2.977300
1.877000
-2.006500
-7.831700
-4.919100
6.731400
-0.064720
-6.860800
-2.006500
0.906150
2.847900
13.528000
4.789600
5.760500
8.673100
8.673100
6.731400
7.702300
17.410999
16.440001
10.615000
6.731400
0.906150
9.644000
10.615000
6.731400
5.760500
-4.919100
-2.977300
13.528000
0.906150
-2.977300
3.818800
-3.948200
-1.035600
3.818800
4.789600
5.760500
8.673100
4.789600
0.906150
9.644000
15.469000
14.498000
11.586000
11.586000
10.615000
21.294001
17.410999
6.731400
7.702300
18.382000
14.498000
11.586000
13.528000
13.528000
12.557000
3.818800
10.615000
20.323999
22.264999
16.440001
9.644000
9.644000
16.440001
22.264999
21.294001
15.469000
16.440001
12.557000
6.731400
4.789600
4.789600
-1.035600
-2.006500
-6.860800
-8.802600
-2.006500
5.760500
1.877000
-0.064720
5.760500
3.818800
1.877000
1.877000
1.877000
1.877000
-5.890000
-9.773500
-11.715000
-16.570000
-19.482000
-13.657000
-18.511000
-22.395000
-13.657000
-12.686000
-19.482000
-9.773500
-3.948200
-3.948200
-8.802600
-7.831700
-3.948200
-4.919100
-7.831700
-10.744000
-15.599000
-19.482000
-17.540001
-17.540001
-16.570000
-16.570000
-15.599000
-12.686000
-15.599000
-3.948200
-2.977300
-9.773500
-12.686000
-8.802600
-2.006500
2.847900
2.847900
6.731400
3.818800
0.906150
-0.064720
-5.890000
-5.890000
-8.802600
-6.860800
-2.977300
-9.773500
-7.831700
-4.919100
-4.919100
1.877000
2.847900
6.731400
6.731400
7.702300
5.760500
1.877000
-2.006500
-1.035600
0.906150
3.818800
7.702300
1.877000
4.789600
1.877000
-0.064720
8.673100
7.702300
5.760500
6.731400
4.789600
7.702300
3.818800
0.906150
