-25.253000
-41.414001
-33.333000
-23.232000
-21.212000
-23.232000
-26.263000
-37.374001
-13.131000
-23.232000
-37.374001
-21.212000
-15.152000
-17.172001
-16.162001
-14.141000
-11.111000
5.050500
-6.060600
-40.403999
-25.253000
-12.121000
-18.181999
-26.263000
-30.302999
-27.273001
-3.030300
-29.292999
-26.263000
-16.162001
-3.030300
-22.222000
-27.273001
1.010100
15.152000
-7.070700
-16.162001
-20.202000
-15.152000
-3.030300
-15.152000
-32.323002
-20.202000
-8.080800
-16.162001
-25.253000
-11.111000
-21.212000
-25.253000
-9.090900
-14.141000
-2.020200
0.000000
-6.060600
-15.152000
-10.101000
-21.212000
-17.172001
-6.060600
-12.121000
5.050500
-1.010100
-6.060600
12.121000
0.000000
-15.152000
-1.010100
-6.060600
-19.191999
-27.273001
-25.253000
-21.212000
9.090900
14.141000
-4.040400
-12.121000
-10.101000
-5.050500
-25.253000
-28.283001
-24.242001
-7.070700
-3.030300
1.010100
-6.060600
1.010100
-21.212000
14.141000
-4.040400
-26.263000
-32.323002
-26.263000
-14.141000
-23.232000
-30.302999
-15.152000
-27.273001
-24.242001
-19.191999
-11.111000
-17.172001
-21.212000
-15.152000
-10.101000
-10.101000
-11.111000
-7.070700
-16.162001
-5.050500
3.030300
11.111000
8.080800
-10.101000
0.000000
3.030300
19.191999
8.080800
-1.010100
31.313000
3.030300
-16.162001
4.040400
17.172001
11.111000
7.070700
10.101000
13.131000
27.273001
-12.121000
-18.181999
16.162001
6.060600
1.010100
3.030300
-5.050500
19.191999
21.212000
1.010100
-19.191999
-16.162001
2.020200
15.152000
-1.010100
-9.090900
-23.232000
-25.253000
-6.060600
5.050500
0.000000
-9.090900
-9.090900
-7.070700
-16.162001
1.010100
-5.050500
0.000000
1.010100
9.090900
-7.070700
3.030300
19.191999
21.212000
-5.050500
-2.020200
4.040400
25.253000
29.292999
10.101000
1.010100
10.101000
15.152000
24.242001
33.333000
20.202000
16.162001
6.060600
9.090900
18.181999
20.202000
11.111000
31.313000
17.172001
26.263000
11.111000
10.101000
-2.020200
-23.232000
-11.111000
11.111000
-13.131000
-23.232000
-4.040400
-6.060600
-12.121000
-5.050500
8.080800
-4.040400
8.080800
36.363998
-9.090900
-30.302999
0.000000
-6.060600
-12.121000
-9.090900
-6.060600
-16.162001
-6.060600
-6.060600
-8.080800
4.040400
-5.050500
-13.131000
-8.080800
7.070700
28.283001
0.000000
-2.020200
-21.212000
-16.162001
-12.121000
-17.172001
-25.253000
-18.181999
-19.191999
-3.030300
-19.191999
-8.080800
-9.090900
8.080800
16.162001
-12.121000
-23.232000
-8.080800
-10.101000
2.020200
-13.131000
-3.030300
-7.070700
3.030300
14.141000
7.070700
-8.080800
1.010100
-4.040400
-4.040400
5.050500
13.131000
-1.010100
4.040400
-3.030300
13.131000
3.030300
8.080800
11.111000
-14.141000
-4.040400
-14.141000
21.212000
29.292999
4.040400
3.030300
11.111000
13.131000
7.070700
22.222000
13.131000
20.202000
41.414001
-4.040400
1.010100
4.040400
13.131000
32.323002
-11.111000
-2.020200
5.050500
-1.010100
0.000000
11.111000
38.383999
14.141000
-13.131000
-1.010100
18.181999
34.342999
28.283001
-7.070700
-9.090900
-4.040400
4.040400
-4.040400
-11.111000
5.050500
6.060600
0.000000
14.141000
11.111000
-10.101000
27.273001
11.111000
-5.050500
13.131000
5.050500
3.030300
20.202000
23.232000
25.253000
18.181999
14.141000
11.111000
34.342999
28.283001
24.242001
10.101000
23.232000
28.283001
27.273001
31.313000
22.222000
18.181999
39.394001
43.433998
16.162001
15.152000
37.374001
16.162001
22.222000
39.394001
17.172001
7.070700
15.152000
28.283001
22.222000
12.121000
11.111000
0.000000
21.212000
40.403999
14.141000
5.050500
29.292999
37.374001
0.000000
3.030300
22.222000
17.172001
20.202000
-1.010100
-3.030300
15.152000
8.080800
-8.080800
15.152000
14.141000
22.222000
-2.020200
8.080800
17.172001
22.222000
14.141000
7.070700
11.111000
37.374001
13.131000
-5.050500
4.040400
18.181999
10.101000
11.111000
10.101000
22.222000
27.273001
16.162001
14.141000
25.253000
19.191999
20.202000
23.232000
15.152000
51.514999
20.202000
5.050500
21.212000
20.202000
20.202000
15.152000
26.263000
36.363998
17.172001
-3.030300
22.222000
19.191999
-1.010100
10.101000
22.222000
6.060600
18.181999
25.253000
13.131000
12.121000
20.202000
15.152000
16.162001
20.202000
6.060600
0.000000
4.040400
7.070700
9.090900
8.080800
8.080800
11.111000
3.030300
4.040400
-1.010100
9.090900
7.070700
8.080800
-11.111000
-3.030300
5.050500
12.121000
-3.030300
-7.070700
19.191999
11.111000
-8.080800
-6.060600
5.050500
-1.010100
-5.050500
7.070700
1.010100
19.191999
-14.141000
-5.050500
15.152000
1.010100
-9.090900
1.010100
6.060600
9.090900
9.090900
22.222000
41.414001
12.121000
-8.080800
-4.040400
32.323002
25.253000
31.313000
23.232000
10.101000
0.000000
3.030300
10.101000
8.080800
6.060600
-9.090900
2.020200
12.121000
-12.121000
-8.080800
7.070700
20.202000
16.162001
12.121000
16.162001
5.050500
-14.141000
-11.111000
5.050500
5.050500
-7.070700
31.313000
33.333000
2.020200
0.000000
11.111000
-3.030300
-9.090900
9.090900
-4.040400
-2.020200
18.181999
7.070700
2.020200
4.040400
1.010100
22.222000
6.060600
-9.090900
0.000000
23.232000
-12.121000
-27.273001
-1.010100
-3.030300
-12.121000
-12.121000
-5.050500
20.202000
6.060600
-35.354000
-19.191999
-5.050500
0.000000
5.050500
-5.050500
-10.101000
14.141000
1.010100
-19.191999
-9.090900
11.111000
8.080800
7.070700
-22.222000
4.040400
0.000000
-22.222000
-7.070700
9.090900
-6.060600
-6.060600
-8.080800
17.172001
-6.060600
-22.222000
-6.060600
3.030300
-10.101000
-6.060600
-6.060600
-2.020200
-10.101000
-9.090900
-12.121000
-9.090900
-1.010100
-11.111000
-11.111000
3.030300
-4.040400
-7.070700
-18.181999
-17.172001
-11.111000
-4.040400
-1.010100
-25.253000
-31.313000
-24.242001
-10.101000
-14.141000
-18.181999
-23.232000
4.040400
-15.152000
-24.242001
-6.060600
-2.020200
-27.273001
-20.202000
-26.263000
-37.374001
-39.394001
-11.111000
-30.302999
-16.162001
-17.172001
-16.162001
-27.273001
-30.302999
-28.283001
-16.162001
-19.191999
-24.242001
-19.191999
0.000000
-28.283001
-30.302999
-31.313000
-21.212000
-33.333000
-25.253000
-9.090900
-7.070700
-15.152000
-13.131000
-13.131000
-19.191999
-16.162001
2.020200
-2.020200
4.040400
-7.070700
-12.121000
6.060600
3.030300
-1.010100
1.010100
4.040400
14.141000
14.141000
-11.111000
-3.030300
5.050500
7.070700
3.030300
2.020200
6.060600
-8.080800
-10.101000
-2.020200
-14.141000
3.030300
5.050500
-8.080800
-21.212000
2.020200
-18.181999
-11.111000
-23.232000
0.000000
-11.111000
-21.212000
2.020200
-11.111000
-9.090900
-9.090900
1.010100
-17.172001
-20.202000
-7.070700
-18.181999
-11.111000
-4.040400
4.040400
-8.080800
-22.222000
-11.111000
-15.152000
-22.222000
-21.212000
-17.172001
-21.212000
-11.111000
-11.111000
-2.020200
-8.080800
-5.050500
0.000000
-2.020200
-14.141000
-8.080800
-6.060600
-15.152000
4.040400
8.080800
-17.172001
-14.141000
3.030300
-9.090900
-8.080800
0.000000
-3.030300
0.000000
-11.111000
-19.191999
-3.030300
-14.141000
-8.080800
-10.101000
-13.131000
0.000000
-8.080800
-12.121000
-15.152000
5.050500
-4.040400
-21.212000
-8.080800
7.070700
-18.181999
-15.152000
3.030300
-4.040400
15.152000
6.060600
-1.010100
22.222000
15.152000
-10.101000
28.283001
5.050500
-17.172001
1.010100
1.010100
16.162001
18.181999
8.080800
-1.010100
9.090900
2.020200
3.030300
6.060600
15.152000
0.000000
-3.030300
4.040400
-3.030300
12.121000
13.131000
6.060600
-26.263000
-24.242001
1.010100
-8.080800
-11.111000
-3.030300
2.020200
8.080800
-1.010100
-7.070700
9.090900
-7.070700
-8.080800
-9.090900
-22.222000
-4.040400
-1.010100
-10.101000
-6.060600
-6.060600
-12.121000
-17.172001
2.020200
4.040400
-17.172001
-11.111000
6.060600
-9.090900
5.050500
-3.030300
-10.101000
-24.242001
-2.020200
26.263000
-6.060600
-15.152000
14.141000
1.010100
-7.070700
-1.010100
20.202000
11.111000
0.000000
22.222000
24.242001
-8.080800
-1.010100
40.403999
-7.070700
-21.212000
37.374001
8.080800
-11.111000
20.202000
19.191999
-1.010100
5.050500
13.131000
12.121000
20.202000
11.111000
14.141000
29.292999
-5.050500
-19.191999
2.020200
19.191999
9.090900
-5.050500
6.060600
2.020200
21.212000
9.090900
-8.080800
1.010100
-2.020200
2.020200
28.283001
1.010100
22.222000
15.152000
0.000000
1.010100
17.172001
23.232000
12.121000
10.101000
23.232000
38.383999
13.131000
3.030300
20.202000
1.010100
12.121000
22.222000
24.242001
20.202000
20.202000
24.242001
23.232000
20.202000
18.181999
9.090900
6.060600
23.232000
24.242001
21.212000
28.283001
34.342999
23.232000
12.121000
16.162001
12.121000
22.222000
14.141000
2.020200
14.141000
17.172001
12.121000
15.152000
7.070700
-1.010100
12.121000
-2.020200
-7.070700
-4.040400
-4.040400
-12.121000
-3.030300
-14.141000
-3.030300
9.090900
1.010100
2.020200
12.121000
-6.060600
-10.101000
13.131000
7.070700
-1.010100
-6.060600
-3.030300
13.131000
11.111000
16.162001
7.070700
-10.101000
-6.060600
13.131000
-2.020200
-18.181999
-12.121000
8.080800
-6.060600
-19.191999
-11.111000
-4.040400
-3.030300
22.222000
2.020200
6.060600
12.121000
12.121000
7.070700
6.060600
23.232000
15.152000
6.060600
10.101000
-5.050500
13.131000
11.111000
9.090900
14.141000
-10.101000
-10.101000
27.273001
-2.020200
-20.202000
0.000000
-10.101000
-6.060600
5.050500
4.040400
-2.020200
8.080800
0.000000
-9.090900
6.060600
21.212000
21.212000
11.111000
14.141000
13.131000
27.273001
25.253000
2.020200
1.010100
19.191999
9.090900
12.121000
17.172001
8.080800
15.152000
-3.030300
10.101000
25.253000
25.253000
18.181999
5.050500
3.030300
17.172001
22.222000
19.191999
13.131000
18.181999
17.172001
8.080800
6.060600
18.181999
8.080800
12.121000
2.020200
-9.090900
2.020200
18.181999
10.101000
4.040400
13.131000
6.060600
2.020200
6.060600
8.080800
11.111000
-5.050500
-6.060600
-5.050500
-11.111000
-14.141000
4.040400
-10.101000
-22.222000
-1.010100
3.030300
-19.191999
-3.030300
10.101000
11.111000
-6.060600
-6.060600
8.080800
1.010100
1.010100
0.000000
-6.060600
-17.172001
-13.131000
-8.080800
-4.040400
-6.060600
-6.060600
-2.020200
-9.090900
16.162001
13.131000
-1.010100
-11.111000
-10.101000
2.020200
6.060600
7.070700
11.111000
6.060600
1.010100
2.020200
-3.030300
6.060600
-6.060600
-9.090900
0.000000
-13.131000
-1.010100
-6.060600
-6.060600
9.090900
0.000000
11.111000
14.141000
11.111000
6.060600
6.060600
-4.040400
-4.040400
-3.030300
2.020200
11.111000
-2.020200
6.060600
-6.060600
-20.202000
-3.030300
2.020200
4.040400
5.050500
2.020200
6.060600
-5.050500
-9.090900
