-22.680000
-20.719000
-25.621000
-29.542000
-28.562000
-25.621000
-25.621000
-24.641001
-20.719000
-20.719000
-25.621000
-22.680000
-14.837000
-10.915000
-19.739000
-24.641001
-20.719000
-15.817000
-15.817000
-16.797001
-16.797001
-21.698999
-23.660000
-21.698999
-31.503000
-34.444000
-22.680000
-31.503000
-37.386002
-29.542000
-18.757999
-16.797001
-22.680000
-21.698999
-19.739000
-20.719000
-17.778000
-20.719000
-24.641001
-29.542000
-31.503000
-29.542000
-23.660000
-19.739000
-20.719000
-24.641001
-24.641001
-25.621000
-28.562000
-25.621000
-22.680000
-18.757999
-24.641001
-31.503000
-30.523001
-29.542000
-26.601000
-17.778000
-9.934600
-16.797001
-18.757999
-14.837000
-11.895000
-5.032700
-6.013100
-13.856000
-15.817000
-10.915000
-9.934600
-9.934600
-15.817000
-23.660000
-18.757999
-7.973900
-6.013100
-13.856000
-13.856000
-3.071900
-12.876000
-18.757999
-8.954200
-0.130720
-6.993500
-12.876000
-6.993500
1.830100
-10.915000
-13.856000
-9.934600
-9.934600
-15.817000
-18.757999
-14.837000
-15.817000
-13.856000
-8.954200
-14.837000
-13.856000
-8.954200
-6.013100
-9.934600
-10.915000
-8.954200
-8.954200
-10.915000
-5.032700
-0.130720
-4.052300
-6.013100
1.830100
1.830100
-4.052300
-3.071900
2.810500
-2.091500
-6.993500
-3.071900
-0.130720
-1.111100
-8.954200
-3.071900
0.849670
0.849670
-5.032700
-3.071900
3.790800
5.751600
9.673200
-0.130720
-3.071900
2.810500
3.790800
6.732000
3.790800
-3.071900
-3.071900
-4.052300
-2.091500
-0.130720
-1.111100
-0.130720
-0.130720
-0.130720
-3.071900
-7.973900
-8.954200
-1.111100
-3.071900
-6.993500
-6.013100
-1.111100
-0.130720
-1.111100
4.771200
7.712400
4.771200
5.751600
17.516001
16.535999
12.614000
8.692800
14.575000
16.535999
12.614000
8.692800
9.673200
14.575000
20.458000
21.438000
16.535999
11.634000
11.634000
12.614000
14.575000
26.340000
15.556000
4.771200
8.692800
11.634000
8.692800
14.575000
14.575000
17.516001
12.614000
8.692800
-3.071900
-2.091500
4.771200
6.732000
-0.130720
-2.091500
0.849670
-3.071900
-2.091500
2.810500
2.810500
-2.091500
0.849670
5.751600
-0.130720
-2.091500
6.732000
6.732000
1.830100
0.849670
3.790800
3.790800
-1.111100
-2.091500
-1.111100
1.830100
0.849670
-3.071900
-4.052300
3.790800
4.771200
-4.052300
-6.013100
-6.013100
0.849670
1.830100
-5.032700
-5.032700
-3.071900
-2.091500
2.810500
-0.130720
0.849670
-1.111100
-0.130720
1.830100
-1.111100
-4.052300
-0.130720
-4.052300
-5.032700
-6.013100
-4.052300
-3.071900
0.849670
4.771200
0.849670
4.771200
5.751600
4.771200
8.692800
2.810500
2.810500
4.771200
6.732000
7.712400
5.751600
2.810500
8.692800
13.595000
9.673200
9.673200
6.732000
12.614000
17.516001
16.535999
12.614000
15.556000
20.458000
17.516001
24.379000
23.399000
21.438000
25.358999
15.556000
9.673200
10.654000
16.535999
21.438000
9.673200
7.712400
11.634000
13.595000
9.673200
1.830100
5.751600
11.634000
4.771200
3.790800
9.673200
10.654000
5.751600
-0.130720
3.790800
2.810500
-1.111100
4.771200
10.654000
11.634000
11.634000
3.790800
8.692800
12.614000
12.614000
23.399000
20.458000
18.497000
26.340000
29.281000
27.320000
24.379000
21.438000
21.438000
21.438000
28.301001
28.301001
27.320000
25.358999
27.320000
26.340000
27.320000
28.301001
26.340000
31.242001
38.105000
30.261000
27.320000
31.242001
29.281000
26.340000
27.320000
25.358999
18.497000
23.399000
24.379000
20.458000
16.535999
19.476999
19.476999
15.556000
10.654000
9.673200
16.535999
27.320000
21.438000
17.516001
19.476999
21.438000
13.595000
19.476999
23.399000
16.535999
13.595000
13.595000
16.535999
21.438000
16.535999
12.614000
18.497000
17.516001
25.358999
18.497000
13.595000
16.535999
17.516001
19.476999
20.458000
16.535999
22.417999
21.438000
19.476999
21.438000
24.379000
23.399000
21.438000
23.399000
27.320000
29.281000
29.281000
30.261000
34.182999
40.064999
36.144001
28.301001
26.340000
31.242001
25.358999
22.417999
20.458000
19.476999
17.516001
15.556000
15.556000
16.535999
12.614000
10.654000
12.614000
13.595000
8.692800
10.654000
16.535999
12.614000
14.575000
11.634000
10.654000
15.556000
18.497000
14.575000
14.575000
20.458000
20.458000
16.535999
13.595000
14.575000
12.614000
10.654000
5.751600
0.849670
1.830100
1.830100
-4.052300
-0.130720
5.751600
2.810500
-6.013100
-8.954200
-6.013100
-0.130720
-0.130720
-5.032700
-3.071900
-5.032700
-8.954200
-6.993500
-3.071900
-11.895000
-12.876000
-8.954200
-14.837000
-16.797001
-17.778000
-13.856000
-6.013100
-5.032700
-12.876000
-15.817000
-12.876000
-6.993500
0.849670
0.849670
-4.052300
-6.993500
-5.032700
-0.130720
7.712400
4.771200
-1.111100
-5.032700
-3.071900
-0.130720
-4.052300
-9.934600
-6.993500
-7.973900
-13.856000
-9.934600
-7.973900
-11.895000
-12.876000
-10.915000
-6.013100
-1.111100
-3.071900
-6.013100
-8.954200
-7.973900
-9.934600
-10.915000
-6.013100
-5.032700
-3.071900
-2.091500
-7.973900
-9.934600
-4.052300
-7.973900
-11.895000
-6.993500
-8.954200
-13.856000
-11.895000
-10.915000
-10.915000
-11.895000
-13.856000
-8.954200
-9.934600
-14.837000
-11.895000
-9.934600
-15.817000
-14.837000
-9.934600
-10.915000
-8.954200
-12.876000
-15.817000
-6.013100
-7.973900
-16.797001
-18.757999
-17.778000
-12.876000
-11.895000
-14.837000
-11.895000
-6.993500
-8.954200
-13.856000
-16.797001
-15.817000
-9.934600
-6.993500
-16.797001
-14.837000
-12.876000
-17.778000
-13.856000
-7.973900
-12.876000
-11.895000
-7.973900
-3.071900
-6.993500
-11.895000
-9.934600
-5.032700
-6.993500
-6.013100
-5.032700
-8.954200
-13.856000
-10.915000
-11.895000
-11.895000
-6.993500
-9.934600
-13.856000
-9.934600
-7.973900
-6.993500
-11.895000
-11.895000
-13.856000
-14.837000
-9.934600
-15.817000
-14.837000
-13.856000
-13.856000
-12.876000
-13.856000
-17.778000
-11.895000
-13.856000
-17.778000
-14.837000
-11.895000
-21.698999
-22.680000
-20.719000
-19.739000
-15.817000
-16.797001
-21.698999
-12.876000
-8.954200
-8.954200
-12.876000
-11.895000
-12.876000
-13.856000
-14.837000
-12.876000
-9.934600
-7.973900
-13.856000
-14.837000
-16.797001
-18.757999
-20.719000
-14.837000
-11.895000
-13.856000
-12.876000
-13.856000
-18.757999
-16.797001
-12.876000
-9.934600
-10.915000
-6.993500
-5.032700
-7.973900
-4.052300
-8.954200
-9.934600
-4.052300
-0.130720
-3.071900
-8.954200
-17.778000
-14.837000
-9.934600
-7.973900
-6.993500
-6.013100
-5.032700
-6.013100
-3.071900
-0.130720
-9.934600
-6.993500
-4.052300
-6.993500
-7.973900
-4.052300
-8.954200
-7.973900
-9.934600
-5.032700
-7.973900
-9.934600
-2.091500
0.849670
0.849670
-1.111100
-6.993500
-13.856000
-8.954200
0.849670
0.849670
-4.052300
-2.091500
4.771200
-0.130720
-11.895000
-12.876000
-8.954200
-6.013100
-7.973900
-6.993500
-1.111100
-1.111100
-8.954200
-7.973900
-6.993500
-5.032700
-6.993500
-4.052300
-4.052300
-5.032700
-6.013100
-8.954200
-0.130720
6.732000
0.849670
-5.032700
-3.071900
4.771200
0.849670
-3.071900
-3.071900
-6.993500
-4.052300
-3.071900
-4.052300
-6.013100
-5.032700
-8.954200
-7.973900
-3.071900
-6.013100
-8.954200
-11.895000
-9.934600
-6.013100
-5.032700
-5.032700
-1.111100
-6.993500
-3.071900
2.810500
4.771200
5.751600
-0.130720
-1.111100
3.790800
6.732000
4.771200
8.692800
2.810500
-1.111100
5.751600
7.712400
5.751600
5.751600
8.692800
6.732000
0.849670
-4.052300
-3.071900
-4.052300
-4.052300
-5.032700
-4.052300
2.810500
-0.130720
1.830100
5.751600
9.673200
-0.130720
-1.111100
1.830100
1.830100
3.790800
3.790800
5.751600
5.751600
7.712400
7.712400
6.732000
1.830100
0.849670
3.790800
0.849670
-0.130720
-1.111100
-2.091500
-3.071900
-3.071900
-4.052300
-4.052300
-0.130720
0.849670
-4.052300
-6.013100
-3.071900
-6.993500
-6.993500
-4.052300
-2.091500
-5.032700
-0.130720
6.732000
4.771200
3.790800
6.732000
4.771200
2.810500
5.751600
8.692800
9.673200
5.751600
7.712400
10.654000
7.712400
6.732000
13.595000
6.732000
2.810500
17.516001
12.614000
3.790800
11.634000
11.634000
7.712400
9.673200
11.634000
12.614000
10.654000
8.692800
11.634000
19.476999
8.692800
5.751600
18.497000
22.417999
16.535999
14.575000
14.575000
12.614000
14.575000
11.634000
9.673200
10.654000
10.654000
10.654000
14.575000
9.673200
13.595000
11.634000
16.535999
17.516001
11.634000
14.575000
19.476999
17.516001
20.458000
27.320000
19.476999
16.535999
31.242001
19.476999
15.556000
21.438000
25.358999
24.379000
19.476999
21.438000
19.476999
13.595000
18.497000
21.438000
19.476999
22.417999
22.417999
18.497000
22.417999
21.438000
16.535999
17.516001
17.516001
7.712400
10.654000
11.634000
10.654000
8.692800
10.654000
9.673200
3.790800
3.790800
8.692800
10.654000
3.790800
2.810500
4.771200
-0.130720
-5.032700
-1.111100
1.830100
5.751600
5.751600
0.849670
-3.071900
-3.071900
-8.954200
-12.876000
-2.091500
-2.091500
-5.032700
-6.013100
-9.934600
-9.934600
-4.052300
2.810500
4.771200
0.849670
0.849670
9.673200
1.830100
-6.993500
-1.111100
2.810500
2.810500
5.751600
6.732000
6.732000
4.771200
5.751600
2.810500
5.751600
7.712400
8.692800
8.692800
6.732000
4.771200
0.849670
0.849670
2.810500
-0.130720
-0.130720
-1.111100
3.790800
6.732000
-0.130720
-4.052300
0.849670
0.849670
1.830100
3.790800
4.771200
7.712400
7.712400
6.732000
10.654000
11.634000
9.673200
8.692800
8.692800
12.614000
18.497000
15.556000
15.556000
11.634000
11.634000
20.458000
20.458000
18.497000
17.516001
15.556000
15.556000
14.575000
16.535999
22.417999
19.476999
18.497000
19.476999
16.535999
12.614000
13.595000
9.673200
8.692800
11.634000
12.614000
12.614000
10.654000
13.595000
14.575000
9.673200
10.654000
5.751600
5.751600
2.810500
-0.130720
5.751600
9.673200
12.614000
11.634000
17.516001
17.516001
12.614000
12.614000
7.712400
6.732000
3.790800
1.830100
2.810500
-1.111100
-4.052300
-3.071900
-7.973900
-11.895000
-6.993500
-4.052300
-8.954200
-7.973900
-5.032700
1.830100
-1.111100
-5.032700
-2.091500
2.810500
5.751600
4.771200
-4.052300
-7.973900
-6.993500
-7.973900
-8.954200
-8.954200
-9.934600
-11.895000
-14.837000
-10.915000
-8.954200
-6.013100
-1.111100
-5.032700
-4.052300
-0.130720
3.790800
9.673200
5.751600
-3.071900
2.810500
5.751600
2.810500
-2.091500
1.830100
4.771200
-2.091500
0.849670
3.790800
0.849670
0.849670
-1.111100
4.771200
4.771200
-0.130720
1.830100
2.810500
-3.071900
-1.111100
1.830100
1.830100
5.751600
3.790800
4.771200
5.751600
2.810500
4.771200
10.654000
12.614000
11.634000
12.614000
10.654000
8.692800
8.692800
