-22.594000
-18.653999
-20.624001
-17.667999
-11.757000
-6.830900
-9.786500
-20.624001
-18.653999
-20.624001
-21.608999
-12.742000
-12.742000
-12.742000
-20.624001
-16.683001
-11.757000
-12.742000
-21.608999
-29.490999
-23.580000
-16.683001
-15.698000
-16.683001
-22.594000
-13.727000
-8.801300
-18.653999
-8.801300
0.065680
0.065680
-7.816100
-13.727000
4.006600
13.859000
9.917900
4.991800
-1.904800
-3.875200
-9.786500
-1.904800
-5.845600
-12.742000
-9.786500
-10.772000
-17.667999
-9.786500
-11.757000
-16.683001
-5.845600
-0.919540
-3.875200
-2.890000
-4.860400
-13.727000
-22.594000
-19.639000
-18.653999
-11.757000
-15.698000
-3.875200
-4.860400
-7.816100
5.977000
4.991800
-2.890000
-1.904800
-7.816100
-14.713000
-13.727000
-13.727000
-11.757000
0.065680
4.006600
-5.845600
-11.757000
-4.860400
9.917900
-10.772000
-13.727000
-1.904800
8.932700
4.991800
4.991800
-0.919540
3.021300
-9.786500
0.065680
1.050900
-13.727000
-20.624001
-17.667999
-13.727000
-12.742000
-10.772000
-13.727000
-17.667999
-9.786500
-7.816100
-10.772000
-12.742000
-0.919540
-2.890000
1.050900
1.050900
-9.786500
-6.830900
-5.845600
-2.890000
3.021300
1.050900
7.947500
-3.875200
-8.801300
-7.816100
3.021300
4.991800
3.021300
13.859000
10.903000
5.977000
9.917900
13.859000
9.917900
11.888000
11.888000
16.813999
16.813999
-0.919540
3.021300
15.829000
2.036100
-1.904800
5.977000
7.947500
7.947500
14.844000
-0.919540
-14.713000
-12.742000
2.036100
7.947500
-0.919540
-4.860400
-4.860400
-2.890000
4.006600
-8.801300
-7.816100
-1.904800
3.021300
1.050900
-4.860400
-3.875200
-8.801300
-6.830900
3.021300
3.021300
-6.830900
-2.890000
4.991800
5.977000
0.065680
6.962200
13.859000
20.754999
23.711000
11.888000
7.947500
7.947500
7.947500
11.888000
20.754999
17.799999
16.813999
2.036100
-1.904800
7.947500
11.888000
4.991800
19.770000
15.829000
22.726000
17.799999
4.991800
0.065680
2.036100
4.006600
9.917900
1.050900
-2.890000
-0.919540
-4.860400
4.006600
3.021300
1.050900
0.065680
7.947500
2.036100
-12.742000
-18.653999
-11.757000
-11.757000
-9.786500
-8.801300
-14.713000
-24.565001
-24.565001
-15.698000
-8.801300
-5.845600
-17.667999
-20.624001
-16.683001
-18.653999
-13.727000
-14.713000
-8.801300
-13.727000
-12.742000
-17.667999
-23.580000
-17.667999
-13.727000
-11.757000
-7.816100
-3.875200
-2.890000
-8.801300
0.065680
7.947500
-12.742000
-13.727000
-0.919540
1.050900
-2.890000
-14.713000
-11.757000
-17.667999
-6.830900
-1.904800
-2.890000
4.006600
0.065680
-3.875200
-3.875200
-1.904800
3.021300
3.021300
11.888000
6.962200
5.977000
4.006600
4.006600
4.006600
-0.919540
0.065680
-4.860400
6.962200
12.874000
0.065680
0.065680
-2.890000
2.036100
5.977000
9.917900
2.036100
6.962200
19.770000
5.977000
4.006600
-7.816100
-14.713000
-2.890000
-8.801300
0.065680
2.036100
0.065680
-1.904800
2.036100
11.888000
6.962200
-9.786500
-6.830900
0.065680
8.932700
9.917900
-6.830900
-9.786500
-3.875200
-1.904800
-5.845600
-14.713000
-10.772000
-3.875200
-6.830900
-2.890000
-4.860400
-9.786500
-3.875200
-7.816100
-11.757000
0.065680
2.036100
2.036100
4.006600
4.991800
7.947500
6.962200
16.813999
16.813999
19.770000
14.844000
16.813999
7.947500
10.903000
20.754999
20.754999
27.652000
21.740999
15.829000
30.608000
38.488998
31.593000
26.667000
28.636999
24.695999
25.681000
36.519001
28.636999
13.859000
13.859000
24.695999
21.740999
15.829000
16.813999
11.888000
12.874000
29.622000
13.859000
10.903000
23.711000
26.667000
8.932700
-2.890000
-2.890000
-2.890000
3.021300
-1.904800
-7.816100
3.021300
5.977000
1.050900
9.917900
8.932700
12.874000
-2.890000
-6.830900
6.962200
15.829000
13.859000
10.903000
12.874000
15.829000
10.903000
4.991800
4.991800
16.813999
11.888000
0.065680
0.065680
9.917900
20.754999
12.874000
9.917900
9.917900
14.844000
23.711000
9.917900
-4.860400
11.888000
9.917900
11.888000
20.754999
7.947500
-0.919540
3.021300
9.917900
11.888000
3.021300
-4.860400
-5.845600
2.036100
2.036100
12.874000
14.844000
4.006600
8.932700
9.917900
6.962200
3.021300
4.991800
5.977000
5.977000
12.874000
5.977000
8.932700
11.888000
10.903000
4.991800
0.065680
1.050900
1.050900
-5.845600
-3.875200
-1.904800
-1.904800
3.021300
5.977000
-6.830900
0.065680
5.977000
0.065680
-5.845600
-9.786500
0.065680
-3.875200
-16.683001
-19.639000
-15.698000
-12.742000
-19.639000
-13.727000
-7.816100
-1.904800
-6.830900
-1.904800
0.065680
-5.845600
-10.772000
-5.845600
-2.890000
-9.786500
-9.786500
-8.801300
0.065680
5.977000
2.036100
3.021300
17.799999
6.962200
3.021300
6.962200
6.962200
3.021300
2.036100
2.036100
1.050900
2.036100
4.991800
6.962200
4.991800
-3.875200
-0.919540
10.903000
20.754999
20.754999
13.859000
12.874000
10.903000
4.991800
-1.904800
6.962200
4.006600
-5.845600
5.977000
10.903000
4.006600
4.991800
12.874000
7.947500
2.036100
7.947500
3.021300
4.006600
10.903000
0.065680
-9.786500
-13.727000
-11.757000
7.947500
10.903000
-2.890000
-3.875200
16.813999
4.006600
-16.683001
-12.742000
-16.683001
-19.639000
-23.580000
-9.786500
13.859000
10.903000
-4.860400
-2.890000
6.962200
10.903000
10.903000
3.021300
-0.919540
8.932700
2.036100
-5.845600
10.903000
22.726000
25.681000
31.593000
13.859000
14.844000
19.770000
4.991800
2.036100
7.947500
-5.845600
-0.919540
3.021300
6.962200
11.888000
9.917900
6.962200
8.932700
-5.845600
-4.860400
1.050900
-3.875200
-8.801300
-5.845600
1.050900
2.036100
4.006600
3.021300
7.947500
13.859000
17.799999
13.859000
-6.830900
-12.742000
-6.830900
1.050900
7.947500
-5.845600
-6.830900
-0.919540
3.021300
9.917900
3.021300
1.050900
1.050900
-15.698000
-14.713000
-3.875200
-0.919540
-12.742000
-11.757000
-6.830900
-12.742000
-17.667999
-14.713000
-16.683001
-8.801300
-2.890000
-4.860400
-15.698000
-5.845600
-2.890000
-11.757000
-12.742000
-14.713000
-15.698000
-8.801300
-17.667999
-20.624001
-18.653999
-13.727000
-18.653999
-15.698000
-6.830900
-1.904800
-1.904800
-10.772000
-10.772000
-6.830900
-10.772000
-2.890000
-4.860400
-5.845600
-6.830900
-5.845600
3.021300
4.991800
4.006600
4.991800
2.036100
4.991800
11.888000
3.021300
4.006600
6.962200
4.006600
2.036100
8.932700
7.947500
-1.904800
-8.801300
-9.786500
-14.713000
-8.801300
-4.860400
-13.727000
-11.757000
6.962200
-7.816100
-9.786500
-8.801300
-1.904800
-2.890000
1.050900
9.917900
1.050900
-3.875200
-7.816100
-7.816100
-6.830900
-2.890000
-6.830900
-14.713000
-5.845600
2.036100
0.065680
-6.830900
-16.683001
-13.727000
-8.801300
-14.713000
-13.727000
-10.772000
-8.801300
-9.786500
-10.772000
-1.904800
-6.830900
1.050900
9.917900
4.006600
-8.801300
-3.875200
-3.875200
-12.742000
-7.816100
1.050900
-5.845600
-8.801300
-3.875200
-10.772000
-21.608999
-7.816100
-8.801300
-15.698000
-15.698000
-18.653999
-5.845600
-5.845600
-8.801300
-12.742000
-12.742000
-3.875200
-13.727000
-20.624001
-20.624001
-4.860400
-1.904800
-4.860400
-13.727000
-7.816100
-12.742000
-9.786500
-5.845600
-7.816100
0.065680
-3.875200
0.065680
11.888000
21.740999
5.977000
7.947500
15.829000
12.874000
20.754999
18.785000
22.726000
23.711000
21.740999
15.829000
14.844000
8.932700
7.947500
7.947500
10.903000
7.947500
0.065680
-0.919540
-2.890000
1.050900
-0.919540
-5.845600
-23.580000
-24.565001
-12.742000
-6.830900
-9.786500
-10.772000
-8.801300
-8.801300
-11.757000
-16.683001
-12.742000
-15.698000
-19.639000
-13.727000
-15.698000
-11.757000
-6.830900
-6.830900
-8.801300
-7.816100
-3.875200
1.050900
4.991800
6.962200
2.036100
3.021300
7.947500
2.036100
4.991800
3.021300
1.050900
-2.890000
4.991800
17.799999
4.991800
-2.890000
7.947500
14.844000
8.932700
3.021300
10.903000
10.903000
6.962200
13.859000
13.859000
-2.890000
-1.904800
21.740999
2.036100
-9.786500
13.859000
10.903000
2.036100
9.917900
8.932700
4.006600
8.932700
14.844000
13.859000
18.785000
10.903000
4.991800
2.036100
-12.742000
-3.875200
10.903000
6.962200
2.036100
0.065680
5.977000
4.991800
9.917900
8.932700
5.977000
6.962200
10.903000
4.991800
11.888000
10.903000
12.874000
14.844000
6.962200
-3.875200
4.006600
5.977000
-0.919540
-1.904800
3.021300
4.991800
0.065680
8.932700
19.770000
4.006600
3.021300
5.977000
7.947500
4.006600
0.065680
0.065680
1.050900
2.036100
14.844000
6.962200
-2.890000
4.006600
4.006600
-2.890000
-5.845600
-6.830900
-3.875200
-0.919540
-4.860400
-10.772000
-3.875200
-3.875200
-8.801300
-7.816100
-7.816100
-17.667999
-18.653999
-15.698000
-23.580000
-22.594000
-21.608999
-14.713000
-3.875200
-5.845600
-7.816100
-3.875200
-12.742000
-3.875200
-3.875200
-4.860400
4.991800
10.903000
4.991800
2.036100
12.874000
7.947500
3.021300
-0.919540
2.036100
9.917900
8.932700
10.903000
4.006600
1.050900
4.991800
14.844000
11.888000
-0.919540
-1.904800
2.036100
-9.786500
-20.624001
-19.639000
-9.786500
2.036100
19.770000
19.770000
24.695999
22.726000
16.813999
10.903000
5.977000
8.932700
6.962200
4.006600
9.917900
-0.919540
4.006600
5.977000
0.065680
4.006600
-0.919540
-3.875200
4.991800
-13.727000
-28.506001
-20.624001
-14.713000
-11.757000
-9.786500
-2.890000
-3.875200
4.991800
5.977000
-3.875200
0.065680
1.050900
5.977000
5.977000
11.888000
5.977000
12.874000
22.726000
10.903000
7.947500
13.859000
13.859000
10.903000
8.932700
10.903000
10.903000
4.006600
12.874000
25.681000
28.636999
20.754999
10.903000
3.021300
10.903000
20.754999
8.932700
5.977000
12.874000
16.813999
13.859000
8.932700
12.874000
4.006600
5.977000
4.991800
-1.904800
-2.890000
-2.890000
-4.860400
-6.830900
-3.875200
-2.890000
-4.860400
-2.890000
0.065680
7.947500
-0.919540
-8.801300
-10.772000
-8.801300
-4.860400
7.947500
9.917900
2.036100
8.932700
11.888000
4.991800
8.932700
14.844000
18.785000
5.977000
-3.875200
3.021300
3.021300
3.021300
-2.890000
-2.890000
-4.860400
0.065680
1.050900
5.977000
4.006600
3.021300
2.036100
-2.890000
5.977000
15.829000
14.844000
12.874000
9.917900
9.917900
6.962200
9.917900
19.770000
12.874000
7.947500
7.947500
-2.890000
-4.860400
0.065680
4.991800
9.917900
4.991800
13.859000
11.888000
6.962200
14.844000
12.874000
11.888000
11.888000
13.859000
13.859000
9.917900
6.962200
8.932700
8.932700
9.917900
10.903000
9.917900
10.903000
9.917900
1.050900
2.036100
5.977000
5.977000
7.947500
4.991800
0.065680
-0.919540
3.021300
