-15.599000
-34.044998
-22.395000
-21.424000
2.847900
18.382000
-19.482000
-8.802600
-39.870998
-17.540001
14.498000
-1.035600
-1.035600
-46.667000
-28.219999
0.906150
22.264999
-28.219999
-27.249001
-5.890000
-35.987000
-9.773500
-2.977300
3.818800
9.644000
-22.395000
-15.599000
-11.715000
-24.337000
-3.948200
-16.570000
-22.395000
13.528000
-6.860800
-10.744000
-2.006500
8.673100
8.673100
-12.686000
25.177999
-35.015999
-9.773500
4.789600
-51.521000
-12.686000
22.264999
-24.337000
-26.278000
-13.657000
0.906150
-5.890000
26.149000
-8.802600
-19.482000
-29.191000
6.731400
25.177999
6.731400
-12.686000
-1.035600
2.847900
-2.977300
27.120001
-66.084000
-48.608002
-14.628000
31.003000
48.479000
7.702300
-6.860800
18.382000
-0.064720
-7.831700
-49.578999
-27.249001
-23.365999
0.906150
-48.608002
-3.948200
39.741001
30.032000
-20.452999
-35.987000
11.586000
23.236000
-28.219999
0.906150
-18.511000
-56.375000
-28.219999
37.799000
19.353001
-3.948200
-13.657000
-24.337000
-13.657000
-30.162001
-5.890000
0.906150
4.789600
-9.773500
-42.783001
-5.890000
-40.841000
-0.064720
15.469000
-6.860800
8.673100
-7.831700
-2.977300
-25.306999
-88.414001
35.858002
62.070999
-24.337000
15.469000
31.974001
6.731400
-39.870998
-13.657000
22.264999
26.149000
31.003000
31.974001
15.469000
11.586000
-3.948200
-32.104000
15.469000
51.391998
-17.540001
5.760500
32.945000
-25.306999
-2.977300
7.702300
-17.540001
32.945000
30.032000
-1.035600
-43.754002
-45.695999
16.440001
-11.715000
-2.006500
16.440001
-14.628000
-45.695999
-6.860800
6.731400
3.818800
-35.987000
11.586000
6.731400
12.557000
2.847900
-38.900002
-23.365999
-36.958000
-24.337000
43.625000
24.207001
-8.802600
8.673100
0.906150
-11.715000
-19.482000
-2.006500
15.469000
8.673100
20.323999
15.469000
10.615000
10.615000
-34.044998
8.673100
30.032000
0.906150
37.799000
46.536999
15.469000
-6.860800
-78.706001
-37.929001
18.382000
42.653999
12.557000
-54.433998
-7.831700
41.682999
15.469000
-15.599000
-3.948200
8.673100
25.177999
-6.860800
-17.540001
-28.219999
-34.044998
-8.802600
41.682999
-23.365999
-49.578999
-8.802600
20.323999
-22.395000
-19.482000
-10.744000
8.673100
-4.919100
-49.578999
-10.744000
4.789600
-2.977300
-0.064720
-3.948200
-22.395000
-38.900002
5.760500
-23.365999
-22.395000
-1.035600
7.702300
22.264999
14.498000
15.469000
9.644000
-29.191000
-7.831700
-22.395000
-54.433998
10.615000
50.421001
-0.064720
-4.919100
-8.802600
4.789600
-63.172001
10.615000
21.294001
-1.035600
29.061001
22.264999
20.323999
14.498000
-28.219999
-31.132999
43.625000
53.333000
12.557000
6.731400
-22.395000
-8.802600
-31.132999
-16.570000
20.323999
21.294001
17.410999
21.294001
-3.948200
-4.919100
-2.006500
6.731400
12.557000
-10.744000
-12.686000
42.653999
25.177999
15.469000
-2.977300
-30.162001
-6.860800
7.702300
5.760500
6.731400
1.877000
36.827999
15.469000
0.906150
7.702300
28.091000
-23.365999
17.410999
1.877000
-9.773500
-71.908997
-39.870998
60.129002
48.479000
-15.599000
-34.044998
7.702300
27.120001
-7.831700
14.498000
38.770000
10.615000
-8.802600
-2.977300
-24.337000
6.731400
19.353001
-30.162001
8.673100
31.003000
-11.715000
7.702300
7.702300
-12.686000
5.760500
41.682999
0.906150
12.557000
-2.977300
8.673100
19.353001
12.557000
39.741001
-19.482000
-24.337000
42.653999
55.275002
48.479000
-22.395000
10.615000
23.236000
26.149000
24.207001
-41.812000
4.789600
52.362000
28.091000
18.382000
22.264999
4.789600
-20.452999
42.653999
26.149000
-34.044998
27.120001
50.421001
3.818800
-2.977300
16.440001
47.507999
-11.715000
-57.346001
8.673100
35.858002
-12.686000
-4.919100
10.615000
22.264999
17.410999
13.528000
-97.152000
-15.599000
56.245998
24.207001
-3.948200
-25.306999
-2.977300
31.974001
28.091000
-4.919100
7.702300
24.207001
-32.104000
-5.890000
29.061001
30.032000
16.440001
-0.064720
19.353001
8.673100
18.382000
22.264999
-6.860800
27.120001
43.625000
26.149000
1.877000
8.673100
33.916000
-12.686000
5.760500
59.159000
32.945000
1.877000
-12.686000
17.410999
13.528000
3.818800
7.702300
-38.900002
1.877000
33.916000
8.673100
24.207001
23.236000
5.760500
-21.424000
16.440001
-8.802600
-53.463001
20.323999
33.916000
8.673100
-5.890000
-13.657000
18.382000
-38.900002
-23.365999
38.770000
13.528000
-2.977300
7.702300
-26.278000
-12.686000
31.003000
-37.929001
14.498000
40.712002
-0.064720
-1.035600
-43.754002
12.557000
26.149000
7.702300
-32.104000
-18.511000
16.440001
8.673100
-4.919100
-14.628000
10.615000
11.586000
14.498000
-21.424000
-24.337000
31.003000
42.653999
22.264999
5.760500
-13.657000
2.847900
7.702300
13.528000
1.877000
-2.977300
39.741001
6.731400
38.770000
8.673100
-2.977300
16.440001
21.294001
33.916000
-1.035600
9.644000
31.003000
14.498000
44.595001
20.323999
28.091000
26.149000
-2.006500
3.818800
-14.628000
-27.249001
16.440001
32.945000
3.818800
4.789600
21.294001
-18.511000
-28.219999
-9.773500
41.682999
-9.773500
6.731400
27.120001
19.353001
13.528000
5.760500
-0.064720
-5.890000
-3.948200
-17.540001
-36.958000
-26.278000
5.760500
19.353001
-3.948200
-45.695999
-19.482000
28.091000
15.469000
-23.365999
-21.424000
12.557000
33.916000
-11.715000
-15.599000
10.615000
19.353001
-2.977300
-9.773500
-9.773500
11.586000
21.294001
-55.404999
-28.219999
36.827999
2.847900
17.410999
-0.064720
-36.958000
17.410999
10.615000
-17.540001
8.673100
26.149000
-17.540001
-2.006500
4.789600
2.847900
-66.084000
-24.337000
58.188000
16.440001
-19.482000
19.353001
0.906150
-23.365999
-1.035600
15.469000
8.673100
5.760500
-1.035600
-66.084000
-2.977300
18.382000
9.644000
6.731400
-34.044998
-0.064720
26.149000
-33.074001
-14.628000
-60.258999
-4.919100
46.536999
-11.715000
-9.773500
-38.900002
5.760500
-3.948200
-17.540001
-9.773500
-9.773500
11.586000
-21.424000
-2.006500
-4.919100
-23.365999
-15.599000
-8.802600
-26.278000
5.760500
7.702300
-41.812000
-19.482000
12.557000
-10.744000
-9.773500
-6.860800
-3.948200
-1.035600
-13.657000
-80.647003
-28.219999
18.382000
-8.802600
-37.929001
1.877000
11.586000
0.906150
-0.064720
-2.006500
-11.715000
-35.987000
-7.831700
13.528000
-35.015999
4.789600
8.673100
17.410999
11.586000
-7.831700
4.789600
-0.064720
-12.686000
-67.055000
-17.540001
-4.919100
22.264999
8.673100
-2.006500
4.789600
25.177999
3.818800
-10.744000
-44.724998
11.586000
23.236000
40.712002
8.673100
-14.628000
-1.035600
12.557000
-77.735001
-11.715000
39.741001
22.264999
-29.191000
-5.890000
29.061001
11.586000
2.847900
-9.773500
-36.958000
-13.657000
21.294001
26.149000
6.731400
-2.006500
-8.802600
-31.132999
-32.104000
-39.870998
23.236000
23.236000
-32.104000
-4.919100
-4.919100
-17.540001
1.877000
12.557000
23.236000
-21.424000
-18.511000
-6.860800
5.760500
21.294001
37.799000
-10.744000
-4.919100
10.615000
-25.306999
-37.929001
27.120001
31.974001
-35.987000
9.644000
2.847900
-25.306999
23.236000
17.410999
-5.890000
1.877000
8.673100
19.353001
-7.831700
-14.628000
1.877000
-76.764000
-14.628000
53.333000
0.906150
-30.162001
-23.365999
-22.395000
1.877000
5.760500
13.528000
14.498000
-9.773500
-35.987000
-17.540001
17.410999
20.323999
-19.482000
-25.306999
17.410999
31.003000
16.440001
21.294001
-8.802600
-2.977300
-33.074001
23.236000
45.566002
22.264999
-8.802600
-0.064720
-4.919100
-6.860800
-9.773500
-21.424000
4.789600
17.410999
22.264999
6.731400
-38.900002
-34.044998
-9.773500
1.877000
-28.219999
-47.638000
7.702300
28.091000
-7.831700
-46.667000
-26.278000
20.323999
-18.511000
-11.715000
15.469000
-8.802600
9.644000
-25.306999
-14.628000
-9.773500
-2.977300
-0.064720
-15.599000
5.760500
-29.191000
-16.570000
28.091000
19.353001
-2.006500
-14.628000
-21.424000
-20.452999
-11.715000
23.236000
10.615000
-52.492001
-15.599000
18.382000
-10.744000
-2.977300
16.440001
33.916000
30.032000
5.760500
14.498000
-0.064720
-13.657000
27.120001
21.294001
-81.617996
15.469000
61.099998
-5.890000
2.847900
28.091000
9.644000
-7.831700
21.294001
13.528000
-2.006500
7.702300
-23.365999
44.595001
54.304001
-16.570000
-18.511000
-2.977300
10.615000
18.382000
23.236000
16.440001
6.731400
15.469000
7.702300
-16.570000
-15.599000
6.731400
-12.686000
27.120001
35.858002
7.702300
16.440001
9.644000
5.760500
0.906150
3.818800
10.615000
19.353001
-4.919100
2.847900
-3.948200
20.323999
24.207001
7.702300
23.236000
16.440001
23.236000
-4.919100
-12.686000
25.177999
30.032000
3.818800
-7.831700
-23.365999
19.353001
32.945000
7.702300
4.789600
8.673100
10.615000
-27.249001
-1.035600
-2.006500
-11.715000
24.207001
9.644000
-5.890000
17.410999
14.498000
8.673100
6.731400
9.644000
-23.365999
-15.599000
-55.404999
-35.015999
19.353001
-25.306999
22.264999
39.741001
-3.948200
2.847900
-16.570000
0.906150
26.149000
17.410999
-18.511000
20.323999
35.858002
-28.219999
-1.035600
33.916000
14.498000
16.440001
8.673100
27.120001
-2.006500
9.644000
20.323999
10.615000
-41.812000
-13.657000
39.741001
5.760500
-39.870998
0.906150
29.061001
14.498000
14.498000
7.702300
18.382000
31.974001
15.469000
8.673100
25.177999
26.149000
4.789600
-44.724998
12.557000
62.070999
14.498000
30.032000
6.731400
19.353001
37.799000
16.440001
16.440001
1.877000
-63.172001
-3.948200
50.421001
17.410999
0.906150
-6.860800
-5.890000
-7.831700
9.644000
7.702300
-2.006500
18.382000
10.615000
-2.977300
-8.802600
-17.540001
-5.890000
31.003000
24.207001
-17.540001
-3.948200
29.061001
13.528000
11.586000
3.818800
19.353001
3.818800
-18.511000
21.294001
11.586000
11.586000
30.032000
9.644000
16.440001
25.177999
28.091000
17.410999
16.440001
-18.511000
3.818800
34.887001
34.887001
6.731400
-27.249001
15.469000
21.294001
-3.948200
9.644000
12.557000
-2.006500
-0.064720
19.353001
11.586000
-1.035600
-0.064720
-4.919100
11.586000
4.789600
-34.044998
-34.044998
-10.744000
18.382000
1.877000
-23.365999
4.789600
25.177999
1.877000
-2.977300
5.760500
10.615000
6.731400
-56.375000
8.673100
53.333000
23.236000
18.382000
-23.365999
6.731400
-8.802600
-2.977300
-2.977300
-15.599000
-6.860800
6.731400
2.847900
-3.948200
6.731400
-3.948200
-12.686000
-16.570000
14.498000
29.061001
-2.006500
19.353001
19.353001
-3.948200
15.469000
16.440001
4.789600
-2.006500
-2.006500
6.731400
-6.860800
-14.628000
11.586000
-2.977300
11.586000
15.469000
0.906150
27.120001
24.207001
6.731400
8.673100
17.410999
-1.035600
2.847900
-0.064720
-14.628000
-36.958000
-23.365999
19.353001
42.653999
-3.948200
5.760500
38.770000
6.731400
7.702300
-3.948200
-15.599000
-5.890000
0.906150
21.294001
