-28.163000
-24.260000
-29.138000
-25.236000
-17.431000
-9.626000
-6.699200
-20.358000
-20.358000
-23.285000
-28.163000
-16.455000
-15.480000
-12.553000
-20.358000
-7.674800
-15.480000
-4.748000
-18.407000
-40.846001
-19.382000
-18.407000
-19.382000
-19.382000
-24.260000
-9.626000
-7.674800
-23.285000
1.105700
7.935000
12.813000
-14.504000
-25.236000
3.056900
14.764000
14.764000
1.105700
-3.772400
-0.845530
-12.553000
13.789000
-8.650400
-24.260000
-6.699200
-5.723600
-29.138000
-10.602000
-4.748000
-25.236000
-13.528000
-3.772400
-6.699200
12.813000
4.032500
-12.553000
-23.285000
-18.407000
-16.455000
-0.845530
-9.626000
-2.796700
-6.699200
-5.723600
12.813000
13.789000
25.496000
1.105700
-30.114000
-24.260000
-20.358000
-14.504000
-8.650400
5.008100
5.983700
-6.699200
-13.528000
-15.480000
30.374001
-10.602000
-32.064999
-19.382000
7.935000
1.105700
5.008100
-8.650400
7.935000
-6.699200
-0.845530
7.935000
-17.431000
-37.918999
-30.114000
-13.528000
-10.602000
-6.699200
-23.285000
-22.309000
-10.602000
-12.553000
-26.211000
-26.211000
-1.821100
0.130080
5.008100
-13.528000
-23.285000
-6.699200
-11.577000
-15.480000
-2.796700
-3.772400
31.350000
-7.674800
-26.211000
-10.602000
-2.796700
0.130080
-0.845530
20.618000
12.813000
4.032500
7.935000
18.667000
5.983700
2.081300
10.862000
25.496000
19.642000
-14.504000
-11.577000
24.520000
3.056900
-6.699200
5.008100
13.789000
2.081300
6.959300
-10.602000
-15.480000
-9.626000
17.691000
8.910600
-14.504000
-15.480000
-12.553000
4.032500
19.642000
-11.577000
-11.577000
-5.723600
0.130080
0.130080
-5.723600
0.130080
-16.455000
-9.626000
12.813000
-2.796700
-17.431000
0.130080
-0.845530
2.081300
-7.674800
-0.845530
18.667000
23.545000
23.545000
4.032500
-4.748000
1.105700
7.935000
18.667000
24.520000
26.472000
20.618000
-2.796700
-2.796700
16.715000
21.593000
-1.821100
18.667000
14.764000
36.228001
29.398001
5.983700
-4.748000
0.130080
15.740000
10.862000
-16.455000
-18.407000
-0.845530
-14.504000
-2.796700
8.910600
5.983700
-5.723600
17.691000
4.032500
-24.260000
-26.211000
-9.626000
-11.577000
5.983700
-2.796700
-16.455000
-34.015999
-33.041000
-16.455000
-3.772400
4.032500
-19.382000
-7.674800
3.056900
-19.382000
-1.821100
-17.431000
-9.626000
-16.455000
3.056900
-3.772400
-29.138000
-26.211000
-20.358000
-15.480000
-9.626000
-1.821100
0.130080
-12.553000
14.764000
23.545000
-25.236000
-30.114000
2.081300
8.910600
2.081300
-20.358000
-7.674800
-24.260000
6.959300
6.959300
-6.699200
8.910600
-5.723600
-8.650400
5.983700
-2.796700
3.056900
3.056900
26.472000
13.789000
24.520000
11.837000
-5.723600
-4.748000
-3.772400
-4.748000
-12.553000
2.081300
27.447001
-0.845530
0.130080
-5.723600
5.983700
17.691000
8.910600
-7.674800
4.032500
29.398001
11.837000
13.789000
-10.602000
-21.333000
2.081300
-11.577000
-4.748000
-9.626000
-1.821100
-2.796700
4.032500
15.740000
12.813000
-11.577000
2.081300
7.935000
38.179001
25.496000
-23.285000
-20.358000
6.959300
8.910600
-2.796700
-15.480000
-14.504000
1.105700
-3.772400
7.935000
9.886200
0.130080
3.056900
-15.480000
-21.333000
11.837000
10.862000
3.056900
-1.821100
2.081300
15.740000
15.740000
18.667000
12.813000
21.593000
14.764000
31.350000
11.837000
1.105700
19.642000
15.740000
43.056999
15.740000
-2.796700
32.325001
37.202999
32.325001
15.740000
11.837000
15.740000
15.740000
37.202999
41.105999
3.056900
-4.748000
19.642000
14.764000
9.886200
21.593000
9.886200
0.130080
35.251999
0.130080
-0.845530
22.569000
24.520000
5.983700
-14.504000
-8.650400
-0.845530
0.130080
-5.723600
-16.455000
12.813000
8.910600
-14.504000
0.130080
3.056900
25.496000
-7.674800
-18.407000
7.935000
14.764000
12.813000
7.935000
7.935000
17.691000
12.813000
-2.796700
1.105700
37.202999
25.496000
-1.821100
-5.723600
10.862000
31.350000
19.642000
10.862000
11.837000
15.740000
33.300999
10.862000
-11.577000
22.569000
15.740000
31.350000
34.276001
6.959300
3.056900
6.959300
12.813000
25.496000
13.789000
-6.699200
-7.674800
14.764000
5.008100
26.472000
29.398001
6.959300
16.715000
7.935000
8.910600
12.813000
10.862000
8.910600
13.789000
26.472000
5.008100
5.008100
-3.772400
2.081300
16.715000
-4.748000
-1.821100
7.935000
-3.772400
1.105700
11.837000
0.130080
8.910600
10.862000
-14.504000
3.056900
8.910600
1.105700
-2.796700
-6.699200
15.740000
1.105700
-20.358000
-17.431000
-0.845530
9.886200
-14.504000
-14.504000
-8.650400
8.910600
-1.821100
-1.821100
2.081300
-0.845530
-5.723600
-3.772400
-8.650400
-10.602000
-6.699200
0.130080
10.862000
10.862000
10.862000
5.983700
40.130001
11.837000
-10.602000
1.105700
11.837000
12.813000
6.959300
8.910600
5.983700
4.032500
12.813000
13.789000
10.862000
-5.723600
3.056900
12.813000
28.423000
29.398001
23.545000
18.667000
22.569000
7.935000
-9.626000
19.642000
5.983700
-15.480000
19.642000
25.496000
0.130080
-8.650400
6.959300
5.983700
0.130080
13.789000
8.910600
5.983700
24.520000
5.008100
-8.650400
-3.772400
-6.699200
24.520000
11.837000
-16.455000
-11.577000
44.033001
15.740000
-27.187000
-11.577000
-7.674800
-11.577000
-21.333000
-8.650400
30.374001
13.789000
-13.528000
-7.674800
6.959300
15.740000
18.667000
2.081300
-5.723600
16.715000
-4.748000
-22.309000
25.496000
18.667000
11.837000
28.423000
-5.723600
0.130080
14.764000
-0.845530
-3.772400
17.691000
-2.796700
-7.674800
-9.626000
0.130080
16.715000
0.130080
-7.674800
7.935000
-12.553000
-5.723600
8.910600
-2.796700
-20.358000
-11.577000
-0.845530
-0.845530
-0.845530
-2.796700
0.130080
8.910600
24.520000
20.618000
-23.285000
-34.015999
-15.480000
-5.723600
1.105700
-21.333000
-16.455000
-4.748000
4.032500
8.910600
-0.845530
9.886200
-9.626000
-36.943001
-24.260000
-11.577000
4.032500
-7.674800
-9.626000
-6.699200
-18.407000
-20.358000
-9.626000
-25.236000
-17.431000
2.081300
0.130080
-30.114000
-10.602000
2.081300
-22.309000
-20.358000
-20.358000
-13.528000
0.130080
-27.187000
-25.236000
-10.602000
-9.626000
-25.236000
-21.333000
-9.626000
-2.796700
8.910600
-1.821100
-12.553000
-3.772400
-15.480000
-8.650400
-3.772400
-10.602000
-13.528000
-6.699200
2.081300
10.862000
3.056900
5.008100
1.105700
5.008100
16.715000
-15.480000
-10.602000
5.008100
-0.845530
-3.772400
12.813000
15.740000
-6.699200
-15.480000
2.081300
-14.504000
-7.674800
5.983700
-10.602000
-12.553000
23.545000
-14.504000
-29.138000
-18.407000
-5.723600
-5.723600
-1.821100
8.910600
-0.845530
-6.699200
-11.577000
-11.577000
-9.626000
4.032500
-3.772400
-21.333000
1.105700
2.081300
-5.723600
18.667000
-15.480000
-27.187000
-13.528000
-21.333000
-5.723600
-12.553000
-20.358000
-14.504000
-15.480000
-0.845530
-7.674800
12.813000
19.642000
3.056900
-18.407000
-0.845530
5.008100
-13.528000
-5.723600
5.008100
-16.455000
-12.553000
-0.845530
-11.577000
-20.358000
6.959300
-9.626000
-18.407000
-14.504000
-15.480000
15.740000
-2.796700
-13.528000
-9.626000
-11.577000
11.837000
-11.577000
-25.236000
-11.577000
7.935000
5.983700
-1.821100
-25.236000
-14.504000
-18.407000
-13.528000
-6.699200
-15.480000
7.935000
-5.723600
-7.674800
15.740000
36.228001
-2.796700
-3.772400
13.789000
5.008100
25.496000
18.667000
21.593000
20.618000
17.691000
11.837000
15.740000
7.935000
14.764000
10.862000
3.056900
11.837000
-1.821100
-6.699200
-6.699200
4.032500
-0.845530
5.983700
-26.211000
-34.992001
-8.650400
-3.772400
-12.553000
-15.480000
-10.602000
-1.821100
-14.504000
-27.187000
-18.407000
-11.577000
-13.528000
-17.431000
-26.211000
-10.602000
0.130080
-5.723600
-13.528000
-12.553000
-13.528000
-8.650400
0.130080
4.032500
-1.821100
0.130080
8.910600
-2.796700
-1.821100
-2.796700
-9.626000
-15.480000
3.056900
26.472000
5.008100
-12.553000
6.959300
24.520000
5.983700
-10.602000
10.862000
8.910600
7.935000
23.545000
18.667000
-10.602000
-8.650400
48.910999
5.008100
-20.358000
30.374001
13.789000
-9.626000
11.837000
5.983700
-4.748000
8.910600
20.618000
22.569000
28.423000
2.081300
-1.821100
5.008100
-18.407000
-4.748000
15.740000
10.862000
1.105700
-8.650400
2.081300
3.056900
11.837000
15.740000
9.886200
7.935000
20.618000
6.959300
7.935000
11.837000
14.764000
14.764000
8.910600
-1.821100
11.837000
14.764000
2.081300
5.008100
10.862000
11.837000
2.081300
13.789000
27.447001
2.081300
5.008100
12.813000
15.740000
5.983700
1.105700
7.935000
12.813000
5.983700
27.447001
10.862000
-7.674800
4.032500
2.081300
3.056900
1.105700
-1.821100
5.008100
8.910600
5.983700
-4.748000
-4.748000
-8.650400
-10.602000
-4.748000
0.130080
-5.723600
-4.748000
5.008100
-13.528000
-13.528000
-18.407000
-19.382000
2.081300
-5.723600
-13.528000
3.056900
-13.528000
0.130080
0.130080
0.130080
12.813000
20.618000
7.935000
0.130080
21.593000
14.764000
7.935000
-3.772400
0.130080
15.740000
13.789000
18.667000
-1.821100
-5.723600
6.959300
27.447001
12.813000
-8.650400
3.056900
13.789000
-3.772400
-23.285000
-18.407000
-4.748000
6.959300
22.569000
23.545000
30.374001
25.496000
19.642000
13.789000
10.862000
22.569000
13.789000
9.886200
23.545000
5.983700
15.740000
13.789000
5.983700
21.593000
9.886200
7.935000
25.496000
1.105700
-27.187000
-12.553000
-6.699200
-3.772400
-0.845530
6.959300
-2.796700
15.740000
12.813000
-4.748000
-0.845530
-1.821100
8.910600
6.959300
16.715000
5.008100
12.813000
29.398001
0.130080
-5.723600
9.886200
13.789000
12.813000
5.983700
13.789000
17.691000
-8.650400
-0.845530
20.618000
29.398001
18.667000
5.983700
0.130080
9.886200
32.325001
11.837000
8.910600
10.862000
12.813000
14.764000
8.910600
18.667000
9.886200
15.740000
8.910600
-2.796700
3.056900
4.032500
13.789000
-9.626000
-20.358000
-0.845530
-1.821100
-3.772400
-5.723600
7.935000
-4.748000
-9.626000
-12.553000
-13.528000
-11.577000
13.789000
8.910600
-13.528000
5.983700
10.862000
-3.772400
3.056900
12.813000
24.520000
7.935000
-15.480000
-8.650400
-0.845530
-2.796700
-5.723600
-3.772400
-10.602000
1.105700
-2.796700
7.935000
0.130080
-6.699200
2.081300
-3.772400
3.056900
10.862000
7.935000
-0.845530
5.008100
10.862000
-0.845530
4.032500
21.593000
5.008100
4.032500
10.862000
-12.553000
-9.626000
0.130080
1.105700
17.691000
1.105700
7.935000
2.081300
1.105700
9.886200
3.056900
9.886200
12.813000
11.837000
12.813000
10.862000
7.935000
5.983700
4.032500
13.789000
7.935000
2.081300
2.081300
5.008100
-5.723600
-3.772400
0.130080
2.081300
8.910600
6.959300
5.008100
-3.772400
-5.723600
