7.682500
11.492000
13.397000
11.492000
5.777800
-1.841300
-11.365000
-13.270000
-8.507900
-1.841300
1.015900
-3.746000
-6.603200
-2.793700
3.873000
10.540000
12.444000
11.492000
9.587300
9.587300
11.492000
10.540000
7.682500
2.920600
0.063490
0.063490
2.920600
8.634900
11.492000
12.444000
11.492000
10.540000
7.682500
3.873000
3.873000
-3.746000
-11.365000
-16.127001
-17.079000
-12.317000
-11.365000
-11.365000
-6.603200
1.015900
4.825400
2.920600
-2.793700
-6.603200
-6.603200
-10.413000
-16.127001
-20.889000
-23.746000
-21.841000
-17.079000
-13.270000
-8.507900
0.063490
8.634900
12.444000
14.349000
16.254000
12.444000
5.777800
-3.746000
-4.698400
-2.793700
-4.698400
-7.555600
-7.555600
-7.555600
-10.413000
-16.127001
-18.032000
-10.413000
-3.746000
-6.603200
-1.841300
2.920600
1.015900
-0.888890
1.015900
1.968300
1.015900
1.015900
1.015900
-1.841300
-0.888890
1.015900
4.825400
6.730200
3.873000
1.015900
-4.698400
-7.555600
-9.460300
-8.507900
-4.698400
-1.841300
6.730200
11.492000
13.397000
13.397000
15.302000
19.111000
21.968000
21.968000
20.063000
21.968000
23.872999
24.825001
24.825001
16.254000
2.920600
-4.698400
-10.413000
-19.937000
-24.698000
-22.794001
-17.079000
-14.222000
-15.175000
-15.175000
-16.127001
-19.937000
-24.698000
-24.698000
-20.889000
-19.937000
-16.127001
-11.365000
-8.507900
-3.746000
1.968300
0.063490
-5.650800
-11.365000
-18.032000
-18.983999
-14.222000
-6.603200
-0.888890
7.682500
13.397000
12.444000
6.730200
1.015900
-3.746000
-7.555600
-10.413000
-12.317000
-10.413000
-9.460300
-1.841300
10.540000
21.016001
26.730000
32.444000
37.206001
34.348999
22.921000
9.587300
2.920600
2.920600
9.587300
18.159000
25.778000
31.492001
35.301998
32.444000
25.778000
22.921000
20.063000
17.205999
14.349000
6.730200
-1.841300
-2.793700
1.015900
7.682500
15.302000
21.016001
25.778000
24.825001
21.968000
21.016001
18.159000
15.302000
8.634900
1.015900
-2.793700
-3.746000
-3.746000
-5.650800
-5.650800
-7.555600
-15.175000
-20.889000
-22.794001
-23.746000
-22.794001
-19.937000
-17.079000
-15.175000
-14.222000
-15.175000
-18.032000
-19.937000
-26.603001
-30.413000
-32.317001
-32.317001
-26.603001
-18.032000
-12.317000
-11.365000
-12.317000
-11.365000
-9.460300
-8.507900
-11.365000
-12.317000
-11.365000
-5.650800
-0.888890
-1.841300
-0.888890
2.920600
8.634900
14.349000
15.302000
16.254000
19.111000
13.397000
6.730200
1.968300
-4.698400
-4.698400
-0.888890
1.968300
5.777800
3.873000
-2.793700
-10.413000
-11.365000
-6.603200
2.920600
12.444000
19.111000
25.778000
26.730000
21.968000
16.254000
13.397000
11.492000
11.492000
12.444000
14.349000
20.063000
28.635000
34.348999
34.348999
30.540001
24.825001
21.016001
19.111000
16.254000
7.682500
3.873000
0.063490
-4.698400
-4.698400
-2.793700
-3.746000
-10.413000
-15.175000
-18.032000
-12.317000
1.968300
11.492000
13.397000
12.444000
6.730200
2.920600
7.682500
9.587300
6.730200
5.777800
3.873000
1.968300
0.063490
-5.650800
-8.507900
-2.793700
6.730200
14.349000
16.254000
12.444000
9.587300
2.920600
-4.698400
-16.127001
-26.603001
-32.317001
-34.222000
-32.317001
-28.507999
-25.650999
-25.650999
-30.413000
-31.365000
-30.413000
-32.317001
-36.126999
-36.126999
-27.556000
-13.270000
-0.888890
4.825400
4.825400
0.063490
-3.746000
-9.460300
-9.460300
-2.793700
8.634900
8.634900
0.063490
-5.650800
-13.270000
-15.175000
-14.222000
-12.317000
-7.555600
0.063490
5.777800
7.682500
10.540000
11.492000
14.349000
20.063000
22.921000
18.159000
12.444000
5.777800
2.920600
0.063490
-2.793700
-4.698400
-2.793700
4.825400
11.492000
17.205999
18.159000
19.111000
17.205999
8.634900
4.825400
1.015900
-2.793700
-3.746000
-1.841300
-0.888890
0.063490
2.920600
9.587300
15.302000
21.968000
27.683001
27.683001
21.968000
17.205999
16.254000
17.205999
20.063000
23.872999
24.825001
21.016001
14.349000
9.587300
5.777800
4.825400
3.873000
5.777800
11.492000
18.159000
20.063000
15.302000
9.587300
3.873000
-0.888890
-4.698400
-9.460300
-12.317000
-13.270000
-9.460300
-5.650800
-2.793700
2.920600
14.349000
26.730000
36.254002
41.015999
37.206001
27.683001
18.159000
10.540000
5.777800
1.968300
-2.793700
-6.603200
-10.413000
-18.032000
-28.507999
-38.032001
-37.078999
-32.317001
-29.459999
-28.507999
-34.222000
-40.889000
-46.603001
-49.459999
-52.317001
-53.270000
-53.270000
-47.556000
-42.793999
-35.174999
-26.603001
-18.983999
-14.222000
-14.222000
-14.222000
-16.127001
-20.889000
-25.650999
-31.365000
-38.032001
-38.032001
-30.413000
-19.937000
-8.507900
1.015900
6.730200
9.587300
7.682500
5.777800
7.682500
5.777800
2.920600
1.015900
-0.888890
-5.650800
-3.746000
5.777800
13.397000
16.254000
16.254000
20.063000
22.921000
21.968000
22.921000
25.778000
26.730000
23.872999
19.111000
11.492000
7.682500
8.634900
9.587300
9.587300
8.634900
11.492000
16.254000
16.254000
20.063000
26.730000
32.444000
32.444000
24.825001
15.302000
7.682500
3.873000
1.015900
-5.650800
-13.270000
-14.222000
-8.507900
-0.888890
6.730200
12.444000
16.254000
16.254000
13.397000
4.825400
-7.555600
-14.222000
-16.127001
-16.127001
-15.175000
-10.413000
-6.603200
-5.650800
-1.841300
-2.793700
-8.507900
-12.317000
-10.413000
-5.650800
-0.888890
-2.793700
-9.460300
-16.127001
-19.937000
-18.983999
-11.365000
-5.650800
-3.746000
0.063490
1.015900
-0.888890
-0.888890
1.968300
1.015900
-1.841300
-3.746000
-6.603200
-14.222000
-20.889000
-18.032000
-7.555600
4.825400
12.444000
17.205999
18.159000
15.302000
9.587300
3.873000
1.968300
1.015900
4.825400
5.777800
-1.841300
-13.270000
-17.079000
-13.270000
-8.507900
-8.507900
-11.365000
-8.507900
-1.841300
4.825400
9.587300
12.444000
7.682500
2.920600
0.063490
-2.793700
-2.793700
-2.793700
-3.746000
-7.555600
-8.507900
-7.555600
-3.746000
5.777800
13.397000
21.968000
32.444000
40.063000
46.730000
45.778000
35.301998
18.159000
-1.841300
-18.983999
-30.413000
-32.317001
-26.603001
-20.889000
-10.413000
0.063490
4.825400
12.444000
19.111000
20.063000
17.205999
14.349000
11.492000
6.730200
0.063490
-11.365000
-18.983999
-21.841000
-22.794001
-19.937000
-17.079000
-15.175000
-8.507900
0.063490
5.777800
8.634900
8.634900
9.587300
12.444000
10.540000
7.682500
3.873000
-2.793700
-7.555600
-4.698400
1.015900
4.825400
3.873000
2.920600
2.920600
7.682500
15.302000
21.968000
21.016001
16.254000
8.634900
2.920600
-1.841300
-3.746000
-4.698400
-2.793700
1.015900
-1.841300
-7.555600
-8.507900
-5.650800
-5.650800
-8.507900
-14.222000
-20.889000
-24.698000
-20.889000
-16.127001
-11.365000
-4.698400
0.063490
3.873000
1.968300
1.015900
-1.841300
-7.555600
-13.270000
-15.175000
-14.222000
-13.270000
-13.270000
-10.413000
-4.698400
2.920600
7.682500
8.634900
7.682500
4.825400
-2.793700
-12.317000
-23.746000
-33.270000
-36.126999
-32.317001
-22.794001
-10.413000
3.873000
16.254000
26.730000
37.206001
38.159000
31.492001
22.921000
12.444000
1.968300
-9.460300
-18.983999
-22.794001
-22.794001
-23.746000
-23.746000
-18.032000
-9.460300
-4.698400
4.825400
11.492000
10.540000
9.587300
10.540000
8.634900
8.634900
13.397000
16.254000
14.349000
11.492000
10.540000
7.682500
8.634900
15.302000
21.016001
25.778000
25.778000
18.159000
12.444000
8.634900
6.730200
10.540000
8.634900
1.015900
-3.746000
-6.603200
-9.460300
-11.365000
-14.222000
-15.175000
-14.222000
-14.222000
-12.317000
-12.317000
-10.413000
-8.507900
-6.603200
-4.698400
-5.650800
-6.603200
0.063490
6.730200
11.492000
12.444000
10.540000
6.730200
5.777800
3.873000
-1.841300
-2.793700
-1.841300
-3.746000
-2.793700
1.015900
3.873000
6.730200
8.634900
7.682500
1.968300
-4.698400
-9.460300
-11.365000
-10.413000
-10.413000
-10.413000
-11.365000
-14.222000
-16.127001
-14.222000
-13.270000
-11.365000
-2.793700
10.540000
19.111000
25.778000
27.683001
23.872999
18.159000
13.397000
7.682500
1.015900
-4.698400
-11.365000
-20.889000
-31.365000
-34.222000
-26.603001
-15.175000
-5.650800
5.777800
16.254000
21.968000
27.683001
30.540001
26.730000
14.349000
-3.746000
-21.841000
-32.317001
-34.222000
-30.413000
-24.698000
-18.983999
-10.413000
2.920600
16.254000
26.730000
32.444000
34.348999
26.730000
17.205999
11.492000
3.873000
-6.603200
-17.079000
-24.698000
-27.556000
-24.698000
-15.175000
-4.698400
1.968300
5.777800
3.873000
1.015900
-5.650800
-12.317000
-13.270000
-13.270000
-12.317000
-7.555600
1.968300
12.444000
21.016001
22.921000
22.921000
21.016001
17.205999
8.634900
0.063490
-3.746000
-6.603200
-6.603200
-6.603200
-5.650800
1.968300
14.349000
19.111000
16.254000
6.730200
-3.746000
-7.555600
-10.413000
-12.317000
-13.270000
-12.317000
-8.507900
-2.793700
0.063490
0.063490
3.873000
5.777800
5.777800
0.063490
-6.603200
-12.317000
-15.175000
-13.270000
-8.507900
-7.555600
-7.555600
-0.888890
5.777800
9.587300
14.349000
15.302000
14.349000
11.492000
8.634900
4.825400
1.015900
-3.746000
-7.555600
-8.507900
-5.650800
-1.841300
2.920600
10.540000
19.111000
26.730000
30.540001
26.730000
21.968000
17.205999
5.777800
-6.603200
-11.365000
-14.222000
-14.222000
-8.507900
-3.746000
-2.793700
-1.841300
1.968300
8.634900
20.063000
27.683001
29.587000
26.730000
19.111000
14.349000
14.349000
12.444000
6.730200
1.015900
0.063490
1.968300
2.920600
-0.888890
-7.555600
-7.555600
-3.746000
-0.888890
-0.888890
-2.793700
0.063490
1.015900
1.015900
-2.793700
-3.746000
-5.650800
-7.555600
-10.413000
-16.127001
-21.841000
-20.889000
-18.983999
-17.079000
-16.127001
-17.079000
-19.937000
-18.983999
-17.079000
-13.270000
-8.507900
-7.555600
-6.603200
-3.746000
4.825400
7.682500
3.873000
2.920600
3.873000
1.968300
-1.841300
-6.603200
-12.317000
-14.222000
-9.460300
-5.650800
-4.698400
-1.841300
1.015900
0.063490
-2.793700
-5.650800
-9.460300
-10.413000
-14.222000
-18.983999
-18.983999
-14.222000
-7.555600
1.015900
10.540000
18.159000
24.825001
27.683001
31.492001
33.396999
32.444000
30.540001
26.730000
20.063000
13.397000
6.730200
4.825400
6.730200
9.587300
6.730200
5.777800
12.444000
17.205999
15.302000
8.634900
1.015900
-4.698400
-9.460300
-10.413000
-16.127001
-21.841000
-24.698000
-25.650999
-23.746000
-18.032000
-5.650800
3.873000
9.587300
13.397000
10.540000
4.825400
-4.698400
-18.032000
-28.507999
-33.270000
-36.126999
-35.174999
-32.317001
-31.365000
-28.507999
-26.603001
-25.650999
-23.746000
-19.937000
-19.937000
-23.746000
-23.746000
-19.937000
-18.032000
-16.127001
-14.222000
-9.460300
-1.841300
4.825400
10.540000
18.159000
25.778000
26.730000
