-5.882400
-6.862700
-7.843100
-10.784000
-17.646999
-27.451000
-39.216000
-34.313999
-22.549000
-16.667000
-4.902000
0.980390
0.000000
2.941200
6.862700
10.784000
13.725000
15.686000
10.784000
6.862700
7.843100
10.784000
13.725000
13.725000
11.765000
7.843100
4.902000
5.882400
6.862700
9.803900
13.725000
15.686000
20.587999
24.510000
22.549000
24.510000
28.431000
22.549000
13.725000
7.843100
3.921600
0.000000
-6.862700
-14.706000
-20.587999
-21.569000
-21.569000
-23.528999
-22.549000
-25.490000
-24.510000
-24.510000
-25.490000
-24.510000
-22.549000
-21.569000
-19.608000
-12.745000
-2.941200
0.000000
-4.902000
-4.902000
-6.862700
-14.706000
-20.587999
-22.549000
-19.608000
-11.765000
-6.862700
-6.862700
-7.843100
-5.882400
2.941200
11.765000
17.646999
16.667000
11.765000
4.902000
0.000000
-2.941200
-7.843100
-9.803900
-7.843100
-3.921600
4.902000
12.745000
13.725000
16.667000
22.549000
26.471001
29.412001
24.510000
23.528999
24.510000
20.587999
16.667000
13.725000
11.765000
8.823500
5.882400
3.921600
1.960800
2.941200
1.960800
3.921600
7.843100
20.587999
25.490000
19.608000
15.686000
11.765000
10.784000
5.882400
0.000000
1.960800
0.000000
-10.784000
-19.608000
-22.549000
-19.608000
-11.765000
0.000000
5.882400
9.803900
11.765000
13.725000
18.627001
23.528999
18.627001
20.587999
16.667000
11.765000
12.745000
11.765000
4.902000
3.921600
-0.980390
-3.921600
-5.882400
-4.902000
-0.980390
4.902000
2.941200
0.980390
1.960800
0.000000
-7.843100
-12.745000
-18.627001
-24.510000
-28.431000
-29.412001
-29.412001
-24.510000
-14.706000
-4.902000
0.980390
5.882400
8.823500
4.902000
-2.941200
-16.667000
-33.333000
-42.157001
-41.175999
-37.255001
-33.333000
-32.353001
-24.510000
-15.686000
-13.725000
-7.843100
-0.980390
2.941200
7.843100
8.823500
4.902000
9.803900
16.667000
19.608000
17.646999
7.843100
8.823500
10.784000
3.921600
-0.980390
-3.921600
-4.902000
-6.862700
-8.823500
-15.686000
-16.667000
-16.667000
-17.646999
-17.646999
-19.608000
-23.528999
-25.490000
-22.549000
-10.784000
0.980390
6.862700
8.823500
10.784000
11.765000
11.765000
9.803900
-1.960800
-7.843100
-6.862700
-10.784000
-11.765000
-8.823500
-0.980390
8.823500
16.667000
24.510000
29.412001
26.471001
17.646999
13.725000
9.803900
5.882400
2.941200
-3.921600
-3.921600
0.980390
5.882400
13.725000
22.549000
29.412001
26.471001
26.471001
22.549000
15.686000
12.745000
9.803900
9.803900
8.823500
5.882400
2.941200
6.862700
11.765000
15.686000
17.646999
23.528999
26.471001
25.490000
30.392000
37.255001
37.255001
38.235001
31.372999
22.549000
14.706000
6.862700
1.960800
2.941200
5.882400
10.784000
17.646999
18.627001
21.569000
22.549000
20.587999
12.745000
0.980390
-12.745000
-21.569000
-27.451000
-37.255001
-37.255001
-28.431000
-23.528999
-24.510000
-26.471001
-25.490000
-23.528999
-21.569000
-18.627001
-17.646999
-20.587999
-24.510000
-26.471001
-25.490000
-27.451000
-31.372999
-29.412001
-21.569000
-13.725000
-3.921600
0.980390
4.902000
11.765000
24.510000
39.216000
47.058998
50.000000
52.941002
51.960999
44.118000
33.333000
23.528999
15.686000
10.784000
5.882400
0.980390
0.980390
0.980390
-4.902000
-8.823500
-6.862700
-8.823500
-12.745000
-11.765000
-5.882400
0.000000
1.960800
5.882400
6.862700
5.882400
3.921600
0.980390
0.980390
-1.960800
4.902000
7.843100
-1.960800
-4.902000
-6.862700
-8.823500
-6.862700
-3.921600
0.000000
6.862700
9.803900
10.784000
7.843100
1.960800
2.941200
4.902000
5.882400
3.921600
0.980390
-1.960800
0.000000
0.980390
-2.941200
1.960800
3.921600
3.921600
4.902000
4.902000
3.921600
4.902000
6.862700
3.921600
0.000000
-3.921600
-3.921600
-0.980390
1.960800
2.941200
0.980390
-0.980390
0.000000
-0.980390
-1.960800
-1.960800
0.980390
4.902000
1.960800
2.941200
3.921600
2.941200
3.921600
3.921600
0.980390
-6.862700
-19.608000
-27.451000
-24.510000
-16.667000
-7.843100
-0.980390
1.960800
-0.980390
-0.980390
0.980390
0.980390
2.941200
0.980390
-4.902000
-9.803900
-10.784000
-2.941200
2.941200
9.803900
12.745000
16.667000
18.627001
13.725000
5.882400
-4.902000
-16.667000
-25.490000
-28.431000
-27.451000
-26.471001
-18.627001
-9.803900
-3.921600
-5.882400
-6.862700
-6.862700
-2.941200
-3.921600
-11.765000
-19.608000
-31.372999
-36.275002
-37.255001
-34.313999
-25.490000
-16.667000
-10.784000
-6.862700
-8.823500
-12.745000
-12.745000
-14.706000
-17.646999
-19.608000
-20.587999
-21.569000
-16.667000
-11.765000
-7.843100
-8.823500
-10.784000
-10.784000
-6.862700
1.960800
12.745000
17.646999
19.608000
16.667000
13.725000
10.784000
9.803900
4.902000
-4.902000
-5.882400
-1.960800
0.980390
4.902000
10.784000
11.765000
9.803900
13.725000
17.646999
16.667000
19.608000
21.569000
20.587999
20.587999
11.765000
0.980390
-2.941200
-0.980390
3.921600
9.803900
9.803900
10.784000
15.686000
17.646999
19.608000
20.587999
17.646999
15.686000
14.706000
13.725000
10.784000
2.941200
-1.960800
-7.843100
-11.765000
-8.823500
-4.902000
-1.960800
3.921600
5.882400
9.803900
10.784000
9.803900
1.960800
-10.784000
-17.646999
-15.686000
-10.784000
-8.823500
-1.960800
0.000000
0.000000
3.921600
5.882400
3.921600
9.803900
17.646999
15.686000
13.725000
8.823500
1.960800
-2.941200
-7.843100
-7.843100
-4.902000
-3.921600
-2.941200
0.000000
5.882400
6.862700
5.882400
3.921600
1.960800
5.882400
9.803900
10.784000
7.843100
-1.960800
-8.823500
-11.765000
-8.823500
-4.902000
-2.941200
0.980390
2.941200
1.960800
1.960800
0.000000
-5.882400
-10.784000
-12.745000
-20.587999
-24.510000
-21.569000
-14.706000
-11.765000
-5.882400
3.921600
7.843100
13.725000
18.627001
13.725000
8.823500
-0.980390
-7.843100
-13.725000
-14.706000
-14.706000
-11.765000
-3.921600
-0.980390
1.960800
2.941200
3.921600
3.921600
0.980390
-1.960800
-1.960800
1.960800
2.941200
-1.960800
-7.843100
-16.667000
-19.608000
-17.646999
-12.745000
-8.823500
-3.921600
-1.960800
-1.960800
-4.902000
-11.765000
-10.784000
-7.843100
-6.862700
-8.823500
-10.784000
-5.882400
-0.980390
1.960800
4.902000
7.843100
7.843100
2.941200
-2.941200
-0.980390
0.980390
2.941200
6.862700
7.843100
8.823500
11.765000
15.686000
12.745000
12.745000
11.765000
8.823500
1.960800
-2.941200
-5.882400
-4.902000
-3.921600
-3.921600
-0.980390
1.960800
0.000000
0.000000
2.941200
7.843100
10.784000
10.784000
15.686000
17.646999
17.646999
10.784000
1.960800
-2.941200
-9.803900
-10.784000
-7.843100
-5.882400
-2.941200
-2.941200
-2.941200
-4.902000
-5.882400
-2.941200
0.980390
5.882400
9.803900
11.765000
12.745000
9.803900
4.902000
-0.980390
-7.843100
-13.725000
-17.646999
-18.627001
-13.725000
-7.843100
-4.902000
-1.960800
1.960800
3.921600
8.823500
10.784000
8.823500
5.882400
1.960800
-3.921600
-6.862700
-7.843100
-11.765000
-12.745000
-5.882400
1.960800
8.823500
9.803900
9.803900
8.823500
2.941200
-3.921600
-10.784000
-16.667000
-18.627001
-19.608000
-17.646999
-11.765000
-7.843100
-3.921600
3.921600
7.843100
5.882400
2.941200
2.941200
0.980390
-0.980390
0.000000
3.921600
10.784000
18.627001
24.510000
27.451000
30.392000
28.431000
22.549000
19.608000
14.706000
16.667000
18.627001
12.745000
9.803900
6.862700
2.941200
1.960800
1.960800
-0.980390
-7.843100
-5.882400
-6.862700
-12.745000
-13.725000
-13.725000
-12.745000
-11.765000
-9.803900
-6.862700
-7.843100
-1.960800
1.960800
0.000000
-2.941200
-6.862700
-7.843100
-2.941200
-0.980390
-0.980390
-6.862700
-8.823500
-7.843100
-2.941200
3.921600
5.882400
7.843100
5.882400
2.941200
2.941200
1.960800
0.980390
0.000000
0.000000
5.882400
6.862700
3.921600
2.941200
0.980390
0.000000
2.941200
3.921600
3.921600
2.941200
-3.921600
-3.921600
0.000000
1.960800
4.902000
5.882400
2.941200
-2.941200
-5.882400
-7.843100
-11.765000
-5.882400
-2.941200
-0.980390
5.882400
7.843100
5.882400
0.980390
-6.862700
-6.862700
-2.941200
-1.960800
-1.960800
1.960800
7.843100
14.706000
13.725000
16.667000
14.706000
7.843100
0.980390
-2.941200
-2.941200
-1.960800
-3.921600
0.000000
2.941200
5.882400
6.862700
7.843100
9.803900
6.862700
6.862700
13.725000
15.686000
12.745000
4.902000
-5.882400
-12.745000
-18.627001
-21.569000
-21.569000
-23.528999
-23.528999
-22.549000
-22.549000
-25.490000
-25.490000
-22.549000
-20.587999
-19.608000
-13.725000
-6.862700
-3.921600
-0.980390
3.921600
2.941200
0.980390
-3.921600
-6.862700
-8.823500
-8.823500
-4.902000
-0.980390
2.941200
9.803900
16.667000
24.510000
27.451000
27.451000
23.528999
13.725000
4.902000
0.000000
-7.843100
-12.745000
-13.725000
-9.803900
-1.960800
6.862700
20.587999
29.412001
31.372999
33.333000
27.451000
20.587999
15.686000
12.745000
5.882400
-0.980390
-5.882400
-12.745000
-20.587999
-21.569000
-20.587999
-13.725000
-3.921600
5.882400
8.823500
3.921600
-3.921600
-10.784000
-13.725000
-12.745000
-13.725000
-16.667000
-7.843100
1.960800
4.902000
5.882400
5.882400
5.882400
3.921600
-0.980390
0.980390
5.882400
1.960800
0.980390
0.980390
3.921600
4.902000
3.921600
3.921600
8.823500
9.803900
4.902000
-1.960800
-6.862700
-3.921600
-0.980390
-4.902000
-6.862700
-4.902000
-5.882400
-6.862700
-8.823500
-6.862700
-1.960800
2.941200
3.921600
1.960800
-1.960800
-6.862700
-8.823500
-6.862700
-8.823500
-7.843100
-5.882400
-1.960800
4.902000
8.823500
10.784000
11.765000
10.784000
4.902000
2.941200
2.941200
2.941200
11.765000
16.667000
16.667000
12.745000
8.823500
6.862700
5.882400
7.843100
8.823500
2.941200
-1.960800
-3.921600
-2.941200
-2.941200
-5.882400
-6.862700
-6.862700
-9.803900
-10.784000
-5.882400
-2.941200
0.980390
5.882400
6.862700
4.902000
2.941200
6.862700
7.843100
0.980390
-6.862700
-9.803900
-10.784000
-11.765000
-16.667000
-12.745000
-6.862700
-6.862700
-2.941200
4.902000
7.843100
9.803900
6.862700
9.803900
16.667000
17.646999
16.667000
17.646999
15.686000
12.745000
10.784000
10.784000
7.843100
3.921600
0.000000
-0.980390
-0.980390
-3.921600
-7.843100
-13.725000
-19.608000
-18.627001
-13.725000
-7.843100
-2.941200
1.960800
2.941200
1.960800
-0.980390
-2.941200
-7.843100
-13.725000
-19.608000
-24.510000
-28.431000
-28.431000
-24.510000
-21.569000
-22.549000
-19.608000
-10.784000
-6.862700
-4.902000
-6.862700
-7.843100
-12.745000
-17.646999
-11.765000
-6.862700
-4.902000
-2.941200
-1.960800
0.000000
0.980390
3.921600
12.745000
15.686000
18.627001
24.510000
25.490000
28.431000
33.333000
36.275002
