3.671500
6.570000
7.536200
4.637700
-1.159400
-12.754000
-26.280001
-16.618000
-5.990300
-5.024200
-1.159400
1.739100
-1.159400
3.671500
8.502400
12.367000
18.164000
20.097000
16.232000
14.300000
12.367000
15.266000
18.164000
17.198000
13.333000
11.401000
11.401000
10.435000
11.401000
13.333000
15.266000
14.300000
12.367000
9.468600
6.570000
5.603900
6.570000
1.739100
-8.888900
-15.652000
-14.686000
-10.821000
-15.652000
-23.382000
-20.483000
-17.584999
-17.584999
-14.686000
-11.787000
-14.686000
-12.754000
-15.652000
-16.618000
-12.754000
-13.720000
-15.652000
-12.754000
-5.990300
4.637700
10.435000
10.435000
6.570000
-1.159400
-4.058000
-6.956500
-12.754000
-12.754000
-8.888900
-4.058000
-4.058000
-3.091800
-0.193240
6.570000
15.266000
22.028999
20.097000
17.198000
12.367000
0.772950
-9.855100
-17.584999
-17.584999
-12.754000
-5.990300
1.739100
6.570000
8.502400
9.468600
12.367000
11.401000
0.772950
-1.159400
1.739100
-2.125600
-4.058000
-2.125600
1.739100
5.603900
6.570000
8.502400
8.502400
5.603900
6.570000
2.705300
0.772950
4.637700
10.435000
10.435000
10.435000
9.468600
1.739100
2.705300
8.502400
6.570000
0.772950
-8.888900
-19.517000
-26.280001
-29.179001
-27.246000
-20.483000
-7.922700
-0.193240
4.637700
5.603900
4.637700
4.637700
5.603900
-1.159400
-2.125600
-4.058000
-9.855100
-7.922700
-1.159400
-0.193240
-5.990300
-6.956500
-3.091800
1.739100
3.671500
10.435000
20.097000
20.097000
19.129999
21.063000
24.927999
20.097000
9.468600
2.705300
-5.024200
-8.888900
-12.754000
-14.686000
-6.956500
1.739100
11.401000
20.097000
19.129999
20.097000
19.129999
8.502400
-7.922700
-22.415001
-27.246000
-31.111000
-20.483000
-12.754000
-7.922700
0.772950
7.536200
11.401000
12.367000
13.333000
15.266000
16.232000
15.266000
9.468600
7.536200
4.637700
7.536200
8.502400
1.739100
-4.058000
-8.888900
-16.618000
-19.517000
-13.720000
-10.821000
-8.888900
-8.888900
-16.618000
-17.584999
-17.584999
-14.686000
-10.821000
-13.720000
-17.584999
-18.551001
-13.720000
-3.091800
6.570000
11.401000
14.300000
17.198000
16.232000
16.232000
11.401000
1.739100
-3.091800
-8.888900
-14.686000
-13.720000
-8.888900
3.671500
13.333000
22.028999
32.657001
37.487999
33.623001
27.826000
18.164000
6.570000
-0.193240
-4.058000
-7.922700
-8.888900
-5.024200
4.637700
16.232000
27.826000
29.757999
31.691000
31.691000
22.028999
10.435000
1.739100
-5.024200
-8.888900
-13.720000
-20.483000
-24.348000
-23.382000
-20.483000
-21.448999
-14.686000
-5.024200
0.772950
4.637700
8.502400
12.367000
14.300000
14.300000
10.435000
5.603900
1.739100
-3.091800
-8.888900
-11.787000
-11.787000
-6.956500
-0.193240
3.671500
9.468600
12.367000
8.502400
3.671500
-4.058000
-11.787000
-16.618000
-21.448999
-28.212999
-29.179001
-22.415001
-14.686000
-8.888900
-7.922700
-5.990300
-3.091800
-0.193240
3.671500
4.637700
2.705300
-3.091800
-10.821000
-10.821000
-13.720000
-19.517000
-17.584999
-11.787000
-5.024200
3.671500
5.603900
5.603900
10.435000
20.097000
29.757999
34.589001
37.487999
33.623001
32.657001
27.826000
20.097000
14.300000
13.333000
11.401000
9.468600
8.502400
9.468600
7.536200
3.671500
-1.159400
-4.058000
-7.922700
-9.855100
-12.754000
-11.787000
-7.922700
-1.159400
-0.193240
3.671500
4.637700
2.705300
0.772950
0.772950
2.705300
8.502400
7.536200
-1.159400
-5.990300
-8.888900
-8.888900
-8.888900
-6.956500
-1.159400
4.637700
5.603900
5.603900
3.671500
-0.193240
-1.159400
-1.159400
-0.193240
-1.159400
-4.058000
-6.956500
-3.091800
-3.091800
-6.956500
-4.058000
-3.091800
-1.159400
-1.159400
-2.125600
-0.193240
2.705300
2.705300
2.705300
3.671500
1.739100
-2.125600
1.739100
6.570000
6.570000
2.705300
1.739100
1.739100
3.671500
5.603900
8.502400
11.401000
10.435000
11.401000
16.232000
17.198000
15.266000
13.333000
13.333000
7.536200
-3.091800
-13.720000
-21.448999
-19.517000
-9.855100
1.739100
7.536200
7.536200
3.671500
-1.159400
-7.922700
-8.888900
-8.888900
-9.855100
-8.888900
-8.888900
-4.058000
5.603900
13.333000
20.097000
25.893999
28.792000
28.792000
24.927999
15.266000
0.772950
-15.652000
-27.246000
-34.976002
-35.942001
-31.111000
-26.280001
-19.517000
-17.584999
-18.551001
-19.517000
-20.483000
-13.720000
-11.787000
-18.551001
-26.280001
-34.009998
-41.738998
-40.772999
-35.942001
-27.246000
-17.584999
-12.754000
-11.787000
-11.787000
-13.720000
-10.821000
-8.888900
-11.787000
-16.618000
-17.584999
-16.618000
-13.720000
-10.821000
-7.922700
-8.888900
-10.821000
-8.888900
-4.058000
-0.193240
8.502400
16.232000
17.198000
13.333000
11.401000
9.468600
8.502400
3.671500
2.705300
4.637700
8.502400
14.300000
20.097000
22.995001
22.995001
21.063000
21.063000
22.995001
19.129999
17.198000
16.232000
14.300000
12.367000
6.570000
0.772950
1.739100
9.468600
21.063000
29.757999
32.657001
33.623001
34.589001
34.589001
33.623001
30.725000
22.995001
17.198000
12.367000
9.468600
7.536200
2.705300
-2.125600
-7.922700
-11.787000
-9.855100
-7.922700
-7.922700
-6.956500
-4.058000
-1.159400
0.772950
-2.125600
-11.787000
-26.280001
-32.077000
-30.145000
-21.448999
-14.686000
-6.956500
-4.058000
-2.125600
2.705300
4.637700
3.671500
10.435000
15.266000
13.333000
11.401000
5.603900
-5.024200
-13.720000
-22.415001
-25.313999
-20.483000
-14.686000
-10.821000
-1.159400
6.570000
10.435000
10.435000
8.502400
8.502400
8.502400
10.435000
14.300000
10.435000
-0.193240
-5.024200
-6.956500
-4.058000
-1.159400
0.772950
0.772950
-0.193240
-1.159400
-2.125600
-6.956500
-14.686000
-17.584999
-17.584999
-26.280001
-30.145000
-24.348000
-16.618000
-6.956500
0.772950
9.468600
15.266000
21.063000
20.097000
14.300000
8.502400
-1.159400
-9.855100
-17.584999
-17.584999
-14.686000
-8.888900
-0.193240
3.671500
9.468600
12.367000
14.300000
16.232000
11.401000
7.536200
2.705300
1.739100
3.671500
1.739100
-5.024200
-10.821000
-14.686000
-12.754000
-10.821000
-4.058000
1.739100
4.637700
4.637700
-0.193240
-5.990300
-4.058000
-1.159400
1.739100
2.705300
5.603900
5.603900
4.637700
9.468600
12.367000
10.435000
8.502400
0.772950
-4.058000
-7.922700
-8.888900
-5.024200
1.739100
6.570000
9.468600
11.401000
14.300000
14.300000
14.300000
16.232000
11.401000
-0.193240
-6.956500
-8.888900
-6.956500
-5.024200
-4.058000
-5.024200
-5.024200
-5.990300
-5.990300
-3.091800
0.772950
3.671500
8.502400
17.198000
21.063000
19.129999
12.367000
1.739100
-4.058000
-6.956500
-11.787000
-15.652000
-21.448999
-21.448999
-18.551001
-18.551001
-18.551001
-15.652000
-8.888900
-0.193240
7.536200
13.333000
16.232000
19.129999
16.232000
8.502400
1.739100
-5.024200
-10.821000
-12.754000
-12.754000
-12.754000
-9.855100
-9.855100
-11.787000
-10.821000
-9.855100
-5.990300
-1.159400
-1.159400
-9.855100
-14.686000
-15.652000
-15.652000
-13.720000
-11.787000
-8.888900
-5.990300
-3.091800
4.637700
9.468600
10.435000
8.502400
4.637700
1.739100
1.739100
0.772950
-1.159400
-1.159400
1.739100
5.603900
8.502400
10.435000
11.401000
10.435000
1.739100
-3.091800
-6.956500
-10.821000
-12.754000
-8.888900
-3.091800
4.637700
19.129999
30.725000
35.556000
33.623001
30.725000
26.860001
23.961000
22.995001
23.961000
21.063000
15.266000
9.468600
6.570000
2.705300
4.637700
7.536200
4.637700
1.739100
-1.159400
-5.024200
-7.922700
-9.855100
-7.922700
-7.922700
-5.990300
-5.024200
-3.091800
-3.091800
-3.091800
-3.091800
-8.888900
-9.855100
-12.754000
-11.787000
-5.024200
0.772950
1.739100
-1.159400
-4.058000
-5.990300
-6.956500
0.772950
8.502400
7.536200
5.603900
1.739100
-2.125600
-5.024200
-3.091800
-0.193240
-1.159400
-7.922700
-7.922700
-5.990300
-6.956500
-5.990300
-6.956500
-5.024200
-2.125600
-0.193240
0.772950
-3.091800
-4.058000
-5.990300
-5.024200
-2.125600
-5.024200
-8.888900
-12.754000
-14.686000
-16.618000
-17.584999
-13.720000
-10.821000
-6.956500
0.772950
4.637700
5.603900
-1.159400
-7.922700
-6.956500
-5.990300
-5.990300
-4.058000
-0.193240
8.502400
18.164000
21.063000
22.028999
18.164000
12.367000
7.536200
4.637700
-2.125600
-4.058000
-1.159400
2.705300
6.570000
10.435000
11.401000
12.367000
11.401000
13.333000
19.129999
23.961000
25.893999
24.927999
18.164000
9.468600
2.705300
-3.091800
-6.956500
-5.024200
-5.990300
-10.821000
-15.652000
-16.618000
-17.584999
-18.551001
-16.618000
-11.787000
-7.922700
-4.058000
-1.159400
1.739100
2.705300
2.705300
-1.159400
-2.125600
-4.058000
-7.922700
-8.888900
-12.754000
-12.754000
-8.888900
-2.125600
8.502400
17.198000
24.927999
30.725000
27.826000
19.129999
9.468600
0.772950
-5.990300
-14.686000
-21.448999
-23.382000
-23.382000
-15.652000
-1.159400
15.266000
27.826000
33.623001
33.623001
32.657001
24.927999
15.266000
9.468600
2.705300
-4.058000
-10.821000
-18.551001
-23.382000
-28.212999
-27.246000
-21.448999
-10.821000
-2.125600
-1.159400
-0.193240
-2.125600
-7.922700
-10.821000
-10.821000
-11.787000
-10.821000
-5.024200
1.739100
6.570000
9.468600
9.468600
6.570000
2.705300
-5.990300
-6.956500
-5.024200
-3.091800
1.739100
2.705300
6.570000
7.536200
11.401000
15.266000
18.164000
17.198000
10.435000
3.671500
0.772950
-0.193240
0.772950
-2.125600
-5.990300
-4.058000
-5.024200
-5.024200
-6.956500
-6.956500
-2.125600
-0.193240
5.603900
-0.193240
-6.956500
-10.821000
-14.686000
-13.720000
-16.618000
-13.720000
-5.024200
-0.193240
1.739100
3.671500
6.570000
8.502400
9.468600
1.739100
-7.922700
-11.787000
-6.956500
0.772950
8.502400
15.266000
16.232000
14.300000
16.232000
15.266000
15.266000
14.300000
5.603900
-0.193240
-4.058000
-3.091800
-2.125600
-5.024200
-5.990300
-5.990300
-11.787000
-16.618000
-14.686000
-12.754000
-10.821000
-4.058000
-4.058000
-8.888900
-8.888900
-10.821000
-10.821000
-11.787000
-17.584999
-17.584999
-16.618000
-15.652000
-14.686000
-7.922700
-2.125600
3.671500
12.367000
22.028999
26.860001
28.792000
27.826000
25.893999
27.826000
26.860001
28.792000
31.691000
29.757999
26.860001
25.893999
21.063000
15.266000
9.468600
-0.193240
-3.091800
-3.091800
-5.990300
-10.821000
-16.618000
-21.448999
-21.448999
-18.551001
-10.821000
-7.922700
-5.024200
-2.125600
-0.193240
-1.159400
-4.058000
-10.821000
-20.483000
-27.246000
-27.246000
-28.212999
-27.246000
-24.348000
-23.382000
-25.313999
-25.313999
-19.517000
-13.720000
-13.720000
-15.652000
-11.787000
-19.517000
-25.313999
-20.483000
-18.551001
-17.584999
-14.686000
-12.754000
-8.888900
-3.091800
1.739100
3.671500
5.603900
13.333000
21.063000
22.995001
27.826000
33.623001
35.556000
