-12.444000
-10.540000
-13.397000
-19.111000
-30.540001
-31.492001
-24.825001
-12.444000
0.888890
3.746000
-1.968300
-4.825400
-7.682500
-9.587300
-5.777800
0.888890
5.650800
4.698400
1.841300
2.793700
-7.682500
-21.016001
-30.540001
-42.921001
-43.873001
-41.015999
-35.301998
-26.730000
-20.063000
-15.302000
-9.587300
-3.873000
2.793700
2.793700
-0.063490
-1.015900
-13.397000
-26.730000
-23.872999
-11.492000
-4.825400
0.888890
-1.968300
-9.587300
-15.302000
-21.016001
-22.921000
-20.063000
-10.540000
-1.015900
2.793700
6.603200
3.746000
2.793700
4.698400
13.270000
21.841000
22.794001
20.889000
13.270000
7.555600
6.603200
2.793700
-0.063490
-2.920600
-3.873000
0.888890
-0.063490
-3.873000
-10.540000
-19.111000
-13.397000
-8.634900
-8.634900
-14.349000
-23.872999
-23.872999
-16.254000
-3.873000
2.793700
7.555600
7.555600
8.507900
6.603200
0.888890
-6.730200
-8.634900
-5.777800
-5.777800
-8.634900
-9.587300
-6.730200
-5.777800
-4.825400
-4.825400
-8.634900
-9.587300
-9.587300
-8.634900
-3.873000
-1.015900
4.698400
5.650800
3.746000
-0.063490
-6.730200
-8.634900
-9.587300
-9.587300
-6.730200
-1.968300
-1.968300
-1.968300
-4.825400
-5.777800
-1.968300
1.841300
5.650800
7.555600
3.746000
0.888890
0.888890
4.698400
12.317000
15.175000
14.222000
10.413000
5.650800
2.793700
-2.920600
-0.063490
0.888890
1.841300
6.603200
15.175000
21.841000
27.556000
35.174999
37.078999
38.032001
36.126999
30.413000
24.698000
19.937000
12.317000
4.698400
1.841300
7.555600
15.175000
17.079000
15.175000
14.222000
16.127001
22.794001
25.650999
26.603001
26.603001
29.459999
35.174999
36.126999
29.459999
24.698000
26.603001
32.317001
36.126999
40.889000
41.841000
43.745998
41.841000
35.174999
29.459999
22.794001
16.127001
13.270000
14.222000
17.079000
19.937000
20.889000
18.983999
16.127001
13.270000
4.698400
-1.015900
-3.873000
-8.634900
-11.492000
-15.302000
-19.111000
-21.016001
-21.968000
-16.254000
-9.587300
-2.920600
6.603200
15.175000
18.983999
17.079000
10.413000
0.888890
-8.634900
-13.397000
-17.205999
-21.968000
-22.921000
-20.063000
-22.921000
-24.825001
-21.016001
-19.111000
-16.254000
-13.397000
-14.349000
-16.254000
-16.254000
-13.397000
-15.302000
-17.205999
-19.111000
-20.063000
-18.159000
-17.205999
-17.205999
-14.349000
-9.587300
-7.682500
-11.492000
-12.444000
-18.159000
-25.778000
-28.635000
-27.683001
-23.872999
-18.159000
-12.444000
-5.777800
0.888890
2.793700
5.650800
12.317000
14.222000
10.413000
4.698400
0.888890
-4.825400
-10.540000
-15.302000
-13.397000
-9.587300
-9.587300
-6.730200
-5.777800
-6.730200
-6.730200
-4.825400
-3.873000
2.793700
14.222000
23.746000
28.507999
31.365000
32.317001
25.650999
11.365000
-1.015900
-2.920600
-1.968300
1.841300
0.888890
0.888890
0.888890
1.841300
0.888890
-1.968300
-6.730200
-13.397000
-19.111000
-23.872999
-26.730000
-25.778000
-21.968000
-12.444000
-2.920600
-3.873000
-2.920600
5.650800
11.365000
8.507900
4.698400
-0.063490
-5.777800
-10.540000
-10.540000
-7.682500
-3.873000
-1.015900
2.793700
2.793700
1.841300
-2.920600
-5.777800
-4.825400
-3.873000
-2.920600
-3.873000
-5.777800
-13.397000
-18.159000
-21.968000
-31.492001
-37.206001
-39.111000
-37.206001
-33.396999
-33.396999
-30.540001
-26.730000
-27.683001
-25.778000
-25.778000
-24.825001
-23.872999
-19.111000
-14.349000
-11.492000
-9.587300
-8.634900
-12.444000
-16.254000
-17.205999
-17.205999
-16.254000
-16.254000
-16.254000
-17.205999
-20.063000
-21.968000
-21.968000
-18.159000
-15.302000
-10.540000
-3.873000
1.841300
7.555600
11.365000
15.175000
18.032000
16.127001
13.270000
7.555600
-0.063490
-3.873000
-3.873000
0.888890
4.698400
6.603200
7.555600
6.603200
7.555600
9.460300
8.507900
8.507900
6.603200
4.698400
3.746000
2.793700
1.841300
-0.063490
-0.063490
-0.063490
3.746000
7.555600
6.603200
9.460300
12.317000
15.175000
19.937000
22.794001
22.794001
21.841000
23.746000
26.603001
29.459999
29.459999
29.459999
27.556000
24.698000
21.841000
18.983999
18.032000
15.175000
9.460300
5.650800
4.698400
4.698400
2.793700
1.841300
-1.968300
-7.682500
-14.349000
-16.254000
-12.444000
-6.730200
-1.015900
0.888890
1.841300
1.841300
0.888890
0.888890
-1.015900
-4.825400
-6.730200
-8.634900
-7.682500
-6.730200
-7.682500
-13.397000
-19.111000
-19.111000
-20.063000
-21.968000
-22.921000
-22.921000
-21.968000
-20.063000
-15.302000
-14.349000
-13.397000
-14.349000
-12.444000
-9.587300
-8.634900
-8.634900
-9.587300
-9.587300
-9.587300
-10.540000
-12.444000
-13.397000
-14.349000
-13.397000
-10.540000
-9.587300
-10.540000
-14.349000
-18.159000
-17.205999
-19.111000
-21.016001
-19.111000
-22.921000
-24.825001
-22.921000
-16.254000
-10.540000
-5.777800
0.888890
6.603200
6.603200
7.555600
8.507900
4.698400
2.793700
5.650800
3.746000
0.888890
-2.920600
-6.730200
-9.587300
-5.777800
-3.873000
-3.873000
-1.968300
3.746000
8.507900
10.413000
15.175000
21.841000
28.507999
29.459999
26.603001
21.841000
16.127001
11.365000
7.555600
2.793700
-1.015900
-6.730200
-12.444000
-15.302000
-13.397000
-7.682500
-1.968300
2.793700
4.698400
6.603200
6.603200
6.603200
5.650800
1.841300
-1.015900
-2.920600
-6.730200
-8.634900
-15.302000
-17.205999
-15.302000
-16.254000
-12.444000
-7.682500
-5.777800
-5.777800
-7.682500
-7.682500
-6.730200
-4.825400
-1.968300
-1.968300
-4.825400
-7.682500
-11.492000
-14.349000
-14.349000
-13.397000
-7.682500
-4.825400
-3.873000
-4.825400
-2.920600
-0.063490
3.746000
3.746000
-2.920600
-9.587300
-12.444000
-14.349000
-15.302000
-15.302000
-8.634900
-1.015900
5.650800
9.460300
12.317000
16.127001
18.032000
15.175000
13.270000
12.317000
10.413000
4.698400
4.698400
5.650800
2.793700
-0.063490
-1.968300
-0.063490
-1.968300
-6.730200
-10.540000
-4.825400
3.746000
7.555600
9.460300
11.365000
13.270000
16.127001
19.937000
19.937000
18.983999
18.983999
18.983999
20.889000
22.794001
18.983999
12.317000
3.746000
-2.920600
-7.682500
-10.540000
-8.634900
-5.777800
-3.873000
1.841300
5.650800
5.650800
8.507900
13.270000
17.079000
15.175000
10.413000
10.413000
13.270000
14.222000
13.270000
9.460300
6.603200
2.793700
0.888890
-0.063490
-1.015900
-1.015900
-4.825400
-5.777800
-2.920600
-1.968300
-2.920600
-1.968300
-2.920600
-1.968300
-1.968300
-1.015900
3.746000
9.460300
10.413000
10.413000
11.365000
10.413000
11.365000
11.365000
10.413000
10.413000
7.555600
6.603200
6.603200
3.746000
2.793700
3.746000
5.650800
8.507900
9.460300
12.317000
12.317000
7.555600
1.841300
-3.873000
-7.682500
-12.444000
-19.111000
-22.921000
-17.205999
-16.254000
-18.159000
-16.254000
-11.492000
-8.634900
-8.634900
-6.730200
-4.825400
-5.777800
-4.825400
-4.825400
-3.873000
-2.920600
-1.968300
1.841300
5.650800
5.650800
-0.063490
-7.682500
-12.444000
-16.254000
-18.159000
-20.063000
-20.063000
-17.205999
-15.302000
-14.349000
-9.587300
-5.777800
-0.063490
3.746000
3.746000
1.841300
-0.063490
2.793700
2.793700
1.841300
-2.920600
-6.730200
-7.682500
-5.777800
-0.063490
2.793700
4.698400
7.555600
11.365000
10.413000
6.603200
0.888890
-9.587300
-19.111000
-21.968000
-22.921000
-21.016001
-11.492000
-0.063490
6.603200
13.270000
18.032000
19.937000
18.032000
15.175000
10.413000
4.698400
-0.063490
-3.873000
-10.540000
-15.302000
-21.968000
-21.016001
-16.254000
-15.302000
-13.397000
-8.634900
0.888890
8.507900
12.317000
14.222000
18.032000
18.032000
14.222000
10.413000
10.413000
9.460300
3.746000
-1.015900
-3.873000
-7.682500
-4.825400
-2.920600
-0.063490
2.793700
2.793700
0.888890
-0.063490
1.841300
3.746000
2.793700
3.746000
8.507900
14.222000
16.127001
16.127001
16.127001
16.127001
10.413000
-1.015900
-11.492000
-21.016001
-27.683001
-25.778000
-21.968000
-17.205999
-14.349000
-9.587300
-4.825400
3.746000
7.555600
6.603200
5.650800
1.841300
0.888890
4.698400
6.603200
5.650800
-0.063490
-2.920600
-3.873000
-8.634900
-10.540000
-11.492000
-11.492000
-12.444000
-12.444000
-11.492000
-10.540000
-2.920600
5.650800
6.603200
8.507900
13.270000
18.032000
17.079000
10.413000
4.698400
-0.063490
0.888890
-0.063490
-7.682500
-10.540000
-11.492000
-12.444000
-8.634900
-3.873000
3.746000
8.507900
14.222000
14.222000
7.555600
0.888890
-5.777800
-7.682500
-4.825400
-0.063490
6.603200
11.365000
15.175000
17.079000
17.079000
15.175000
8.507900
7.555600
5.650800
3.746000
4.698400
7.555600
7.555600
9.460300
14.222000
13.270000
14.222000
15.175000
18.032000
16.127001
13.270000
8.507900
5.650800
3.746000
3.746000
-1.015900
-6.730200
-7.682500
-5.777800
-4.825400
-4.825400
-6.730200
-6.730200
-13.397000
-19.111000
-24.825001
-26.730000
-29.587000
-32.444000
-28.635000
-18.159000
-12.444000
-10.540000
-6.730200
0.888890
5.650800
-0.063490
-8.634900
-13.397000
-15.302000
-17.205999
-23.872999
-22.921000
-21.968000
-26.730000
-27.683001
-15.302000
-6.730200
-2.920600
7.555600
19.937000
22.794001
18.032000
12.317000
7.555600
3.746000
0.888890
4.698400
7.555600
10.413000
14.222000
16.127001
16.127001
15.175000
16.127001
13.270000
9.460300
7.555600
4.698400
3.746000
-0.063490
-2.920600
-5.777800
-5.777800
-3.873000
-0.063490
7.555600
12.317000
14.222000
13.270000
12.317000
15.175000
13.270000
8.507900
11.365000
15.175000
13.270000
4.698400
-1.968300
-6.730200
-11.492000
-14.349000
-13.397000
-12.444000
-7.682500
-1.015900
0.888890
1.841300
4.698400
10.413000
14.222000
16.127001
16.127001
7.555600
-2.920600
-10.540000
-15.302000
-21.016001
-23.872999
-24.825001
-27.683001
-25.778000
-21.968000
-19.111000
-11.492000
-2.920600
3.746000
5.650800
1.841300
-0.063490
-1.968300
-4.825400
-2.920600
-1.015900
-3.873000
-1.968300
1.841300
-0.063490
-0.063490
-1.968300
-5.777800
-5.777800
-4.825400
-6.730200
-7.682500
-8.634900
-10.540000
-12.444000
-15.302000
-18.159000
-14.349000
-9.587300
-6.730200
-2.920600
2.793700
5.650800
8.507900
13.270000
18.032000
17.079000
12.317000
9.460300
8.507900
8.507900
5.650800
1.841300
0.888890
8.507900
18.032000
16.127001
8.507900
7.555600
8.507900
6.603200
4.698400
-0.063490
-3.873000
-2.920600
-2.920600
-1.015900
0.888890
1.841300
-1.015900
-0.063490
4.698400
7.555600
12.317000
18.983999
25.650999
27.556000
24.698000
18.983999
15.175000
11.365000
6.603200
1.841300
-3.873000
-9.587300
-14.349000
-19.111000
-19.111000
-15.302000
-7.682500
-4.825400
-4.825400
-3.873000
-4.825400
-7.682500
-10.540000
-10.540000
-7.682500
-8.634900
-9.587300
-7.682500
-7.682500
-8.634900
-11.492000
-12.444000
-13.397000
-10.540000
-6.730200
