-6.603200
-12.317000
-10.413000
-7.555600
-15.175000
-18.983999
-16.127001
-17.079000
-14.222000
-5.650800
0.063490
2.920600
3.873000
-2.793700
-11.365000
-10.413000
-5.650800
-7.555600
-13.270000
-14.222000
-12.317000
-11.365000
-7.555600
-1.841300
1.968300
1.015900
1.968300
-4.698400
-8.507900
1.015900
5.777800
3.873000
7.682500
6.730200
1.968300
-4.698400
-13.270000
-12.317000
-7.555600
-6.603200
-6.603200
-6.603200
-7.555600
-6.603200
-3.746000
-6.603200
-7.555600
-2.793700
-0.888890
-7.555600
-10.413000
-5.650800
-1.841300
1.015900
-3.746000
-5.650800
-2.793700
5.777800
4.825400
-1.841300
-0.888890
8.634900
17.205999
21.968000
24.825001
19.111000
9.587300
1.968300
-9.460300
-24.698000
-37.078999
-29.459999
-16.127001
-0.888890
9.587300
20.063000
26.730000
25.778000
23.872999
17.205999
7.682500
-3.746000
-17.079000
-17.079000
0.063490
18.159000
18.159000
8.634900
-0.888890
-7.555600
-12.317000
-14.222000
-8.507900
-0.888890
-0.888890
-5.650800
-5.650800
1.968300
9.587300
17.205999
19.111000
16.254000
14.349000
11.492000
4.825400
-1.841300
-6.603200
-8.507900
-7.555600
-5.650800
-3.746000
-0.888890
-2.793700
-11.365000
-16.127001
-17.079000
-13.270000
-12.317000
-17.079000
-22.794001
-22.794001
-18.983999
-13.270000
-11.365000
-15.175000
-17.079000
-16.127001
-17.079000
-19.937000
-13.270000
-16.127001
-31.365000
-35.174999
-26.603001
-18.032000
-11.365000
1.015900
12.444000
16.254000
12.444000
14.349000
17.205999
17.205999
15.302000
12.444000
8.634900
2.920600
-1.841300
1.015900
7.682500
15.302000
21.016001
29.587000
40.063000
44.825001
44.825001
38.159000
30.540001
26.730000
23.872999
21.016001
24.825001
27.683001
25.778000
21.016001
21.968000
31.492001
40.063000
41.015999
37.206001
31.492001
24.825001
18.159000
16.254000
21.968000
27.683001
29.587000
29.587000
23.872999
16.254000
10.540000
2.920600
-6.603200
-16.127001
-26.603001
-32.317001
-38.984001
-44.698002
-44.698002
-42.793999
-37.078999
-26.603001
-13.270000
-3.746000
2.920600
1.968300
-3.746000
-8.507900
-11.365000
-12.317000
-10.413000
-8.507900
-9.460300
-9.460300
-9.460300
-13.270000
-21.841000
-28.507999
-29.459999
-26.603001
-22.794001
-19.937000
-18.032000
-15.175000
-15.175000
-14.222000
-9.460300
-8.507900
-9.460300
-10.413000
-8.507900
-10.413000
-9.460300
-5.650800
-7.555600
-8.507900
-6.603200
-4.698400
-0.888890
1.968300
2.920600
1.015900
1.968300
1.015900
-2.793700
-4.698400
-6.603200
-4.698400
5.777800
12.444000
13.397000
11.492000
7.682500
2.920600
1.968300
1.968300
4.825400
9.587300
13.397000
15.302000
16.254000
19.111000
22.921000
32.444000
42.921001
50.540001
56.254002
56.254002
52.444000
43.873001
35.301998
23.872999
9.587300
-2.793700
-12.317000
-17.079000
-12.317000
-8.507900
-2.793700
3.873000
4.825400
1.968300
-2.793700
-6.603200
-8.507900
-11.365000
-16.127001
-18.983999
-15.175000
-8.507900
-1.841300
7.682500
9.587300
7.682500
12.444000
10.540000
0.063490
-11.365000
-21.841000
-30.413000
-30.413000
-26.603001
-19.937000
-9.460300
-0.888890
1.968300
4.825400
6.730200
3.873000
1.015900
1.015900
1.015900
-3.746000
-10.413000
-15.175000
-18.983999
-23.746000
-28.507999
-33.270000
-36.126999
-35.174999
-30.413000
-26.603001
-25.650999
-23.746000
-25.650999
-31.365000
-37.078999
-40.889000
-39.937000
-36.126999
-31.365000
-23.746000
-16.127001
-11.365000
-4.698400
-1.841300
-3.746000
-3.746000
-3.746000
-3.746000
-8.507900
-14.222000
-18.032000
-15.175000
-14.222000
-12.317000
-6.603200
-2.793700
-2.793700
0.063490
1.968300
1.015900
2.920600
3.873000
2.920600
1.015900
1.015900
1.015900
1.968300
5.777800
8.634900
12.444000
19.111000
21.016001
19.111000
17.205999
15.302000
13.397000
13.397000
17.205999
19.111000
19.111000
21.968000
25.778000
29.587000
31.492001
30.540001
30.540001
27.683001
21.016001
17.205999
18.159000
23.872999
29.587000
33.396999
39.111000
40.063000
39.111000
39.111000
39.111000
42.921001
46.730000
45.778000
41.967999
35.301998
24.825001
14.349000
3.873000
-5.650800
-9.460300
-6.603200
1.015900
8.634900
16.254000
21.016001
21.968000
19.111000
16.254000
14.349000
8.634900
1.015900
-7.555600
-17.079000
-23.746000
-23.746000
-19.937000
-15.175000
-11.365000
-10.413000
-10.413000
-12.317000
-15.175000
-18.032000
-22.794001
-31.365000
-41.841000
-48.507999
-45.651001
-33.270000
-21.841000
-15.175000
-7.555600
-3.746000
-4.698400
-9.460300
-14.222000
-15.175000
-13.270000
-11.365000
-10.413000
-13.270000
-14.222000
-16.127001
-16.127001
-14.222000
-13.270000
-14.222000
-15.175000
-16.127001
-15.175000
-18.032000
-26.603001
-31.365000
-33.270000
-33.270000
-34.222000
-32.317001
-27.556000
-24.698000
-21.841000
-18.032000
-10.413000
-2.793700
6.730200
16.254000
21.968000
23.872999
21.968000
15.302000
7.682500
1.968300
0.063490
-4.698400
-14.222000
-19.937000
-19.937000
-11.365000
1.968300
15.302000
26.730000
34.348999
41.015999
46.730000
54.348999
58.159000
59.111000
60.063000
58.159000
49.587002
35.301998
21.968000
11.492000
1.015900
-9.460300
-18.983999
-22.794001
-18.983999
-15.175000
-10.413000
-5.650800
-0.888890
2.920600
3.873000
1.968300
-4.698400
-12.317000
-17.079000
-19.937000
-20.889000
-18.032000
-13.270000
-8.507900
-9.460300
-10.413000
-14.222000
-17.079000
-13.270000
-4.698400
-2.793700
-3.746000
-7.555600
-16.127001
-19.937000
-20.889000
-22.794001
-24.698000
-24.698000
-22.794001
-19.937000
-17.079000
-15.175000
-11.365000
-1.841300
4.825400
8.634900
12.444000
12.444000
6.730200
4.825400
4.825400
1.015900
-3.746000
-11.365000
-20.889000
-24.698000
-24.698000
-23.746000
-21.841000
-15.175000
-4.698400
5.777800
7.682500
2.920600
-0.888890
-1.841300
-2.793700
1.015900
8.634900
17.205999
21.968000
22.921000
18.159000
14.349000
15.302000
14.349000
11.492000
9.587300
11.492000
13.397000
13.397000
15.302000
18.159000
25.778000
31.492001
33.396999
35.301998
40.063000
41.967999
41.967999
37.206001
31.492001
22.921000
10.540000
0.063490
-3.746000
-2.793700
-1.841300
2.920600
6.730200
6.730200
4.825400
1.015900
-2.793700
0.063490
6.730200
12.444000
19.111000
22.921000
23.872999
20.063000
14.349000
5.777800
-3.746000
-9.460300
-14.222000
-20.889000
-29.459999
-32.317001
-25.650999
-14.222000
-2.793700
2.920600
6.730200
8.634900
9.587300
11.492000
11.492000
3.873000
-6.603200
-10.413000
-11.365000
-12.317000
-11.365000
-11.365000
-7.555600
-2.793700
1.015900
4.825400
8.634900
6.730200
2.920600
-0.888890
-4.698400
-7.555600
-8.507900
-9.460300
-6.603200
1.015900
12.444000
18.159000
16.254000
10.540000
-3.746000
-24.698000
-39.937000
-49.459999
-46.603001
-32.317001
-19.937000
-10.413000
-0.888890
9.587300
18.159000
20.063000
19.111000
13.397000
7.682500
0.063490
-5.650800
-6.603200
-4.698400
-1.841300
-0.888890
-0.888890
-3.746000
-10.413000
-15.175000
-16.127001
-16.127001
-16.127001
-17.079000
-19.937000
-14.222000
-7.555600
-0.888890
2.920600
3.873000
6.730200
6.730200
4.825400
-1.841300
-9.460300
-9.460300
-6.603200
-6.603200
-6.603200
-1.841300
4.825400
10.540000
14.349000
17.205999
20.063000
21.968000
21.968000
14.349000
1.015900
-17.079000
-35.174999
-46.603001
-41.841000
-28.507999
-11.365000
8.634900
26.730000
37.206001
43.873001
49.587002
52.444000
50.540001
44.825001
32.444000
21.016001
9.587300
-3.746000
-14.222000
-19.937000
-19.937000
-17.079000
-12.317000
-8.507900
-1.841300
6.730200
15.302000
21.016001
28.635000
27.683001
20.063000
18.159000
16.254000
7.682500
-2.793700
-11.365000
-18.032000
-18.983999
-19.937000
-18.032000
-12.317000
-7.555600
-6.603200
-6.603200
-7.555600
-4.698400
-3.746000
-2.793700
-1.841300
0.063490
3.873000
7.682500
17.205999
26.730000
26.730000
19.111000
9.587300
-2.793700
-16.127001
-28.507999
-35.174999
-34.222000
-30.413000
-26.603001
-18.983999
-12.317000
-7.555600
-2.793700
3.873000
-0.888890
-6.603200
-5.650800
-3.746000
0.063490
1.968300
0.063490
1.015900
2.920600
1.015900
-0.888890
-4.698400
-5.650800
-3.746000
-1.841300
-2.793700
-4.698400
-2.793700
0.063490
3.873000
6.730200
7.682500
10.540000
12.444000
11.492000
9.587300
2.920600
-0.888890
-5.650800
-8.507900
-6.603200
-3.746000
-0.888890
2.920600
8.634900
14.349000
17.205999
21.016001
23.872999
23.872999
16.254000
7.682500
3.873000
1.015900
-3.746000
-0.888890
8.634900
15.302000
16.254000
21.968000
24.825001
20.063000
12.444000
8.634900
6.730200
1.968300
0.063490
5.777800
11.492000
14.349000
13.397000
13.397000
13.397000
12.444000
11.492000
9.587300
4.825400
-1.841300
-8.507900
-14.222000
-14.222000
-15.175000
-12.317000
-8.507900
-8.507900
-5.650800
1.015900
5.777800
8.634900
7.682500
1.015900
-8.507900
-18.032000
-26.603001
-29.459999
-31.365000
-29.459999
-23.746000
-18.032000
-14.222000
-7.555600
1.015900
7.682500
10.540000
6.730200
1.968300
-3.746000
-6.603200
-5.650800
-4.698400
-2.793700
-3.746000
-4.698400
-4.698400
-1.841300
4.825400
8.634900
10.540000
6.730200
2.920600
3.873000
9.587300
13.397000
15.302000
16.254000
17.205999
18.159000
17.205999
15.302000
9.587300
4.825400
0.063490
-3.746000
-1.841300
1.968300
6.730200
12.444000
14.349000
16.254000
16.254000
15.302000
16.254000
18.159000
21.968000
21.968000
24.825001
28.635000
30.540001
30.540001
22.921000
12.444000
6.730200
2.920600
-3.746000
-10.413000
-18.032000
-27.556000
-29.459999
-29.459999
-24.698000
-14.222000
-5.650800
-0.888890
0.063490
2.920600
6.730200
8.634900
11.492000
8.634900
5.777800
-0.888890
-6.603200
-16.127001
-27.556000
-34.222000
-37.078999
-36.126999
-31.365000
-21.841000
-13.270000
-7.555600
-0.888890
7.682500
14.349000
13.397000
5.777800
0.063490
-5.650800
-8.507900
-9.460300
-10.413000
-11.365000
-13.270000
-15.175000
-16.127001
-16.127001
-16.127001
-15.175000
-11.365000
-11.365000
-11.365000
-5.650800
-1.841300
-0.888890
-3.746000
-9.460300
-12.317000
-10.413000
-10.413000
-11.365000
-8.507900
-4.698400
-0.888890
8.634900
21.016001
27.683001
31.492001
32.444000
34.348999
36.254002
37.206001
37.206001
38.159000
38.159000
36.254002
33.396999
31.492001
26.730000
22.921000
16.254000
10.540000
10.540000
11.492000
6.730200
1.015900
-5.650800
-10.413000
-9.460300
-4.698400
-2.793700
-2.793700
1.015900
3.873000
4.825400
6.730200
11.492000
16.254000
20.063000
19.111000
13.397000
5.777800
-5.650800
-18.032000
-26.603001
-28.507999
-27.556000
-28.507999
-26.603001
-24.698000
-24.698000
-27.556000
-32.317001
-34.222000
-33.270000
-34.222000
-38.032001
-41.841000
-42.793999
-38.984001
-33.270000
-29.459999
-30.413000
-28.507999
-27.556000
-25.650999
-19.937000
-15.175000
-13.270000
