-10.757000
-3.993600
0.837360
-1.095000
-3.027400
-2.061200
-1.095000
6.634500
15.330000
15.330000
12.432000
7.600600
1.803500
-1.095000
-0.128820
2.769700
2.769700
-0.128820
-4.959700
-4.959700
-4.959700
-7.858300
-10.757000
-13.655000
-10.757000
-9.790700
-7.858300
-5.925900
-3.993600
-1.095000
0.837360
-0.128820
0.837360
-1.095000
-5.925900
-13.655000
-20.419001
-22.351000
-14.622000
-5.925900
-2.061200
0.837360
2.769700
4.702100
5.668300
2.769700
-3.027400
-8.824500
-12.689000
-11.723000
-8.824500
-3.027400
-3.027400
-2.061200
0.837360
3.735900
1.803500
0.837360
-1.095000
-1.095000
-2.061200
-3.993600
-3.993600
-2.061200
1.803500
2.769700
4.702100
5.668300
4.702100
3.735900
1.803500
-2.061200
-7.858300
-17.520000
-24.283001
-22.351000
-16.554001
-8.824500
1.803500
10.499000
15.330000
19.195000
18.229000
11.465000
5.668300
0.837360
-3.027400
-5.925900
-4.959700
-0.128820
6.634500
10.499000
8.566800
6.634500
8.566800
5.668300
2.769700
2.769700
0.837360
0.837360
0.837360
1.803500
2.769700
4.702100
5.668300
5.668300
5.668300
1.803500
1.803500
3.735900
2.769700
2.769700
-1.095000
-5.925900
-9.790700
-11.723000
-15.588000
-20.419001
-19.452000
-16.554001
-11.723000
-8.824500
-6.892100
-4.959700
-4.959700
-5.925900
-8.824500
-10.757000
-11.723000
-13.655000
-11.723000
-7.858300
-1.095000
7.600600
14.364000
16.296000
17.261999
20.160999
17.261999
15.330000
13.398000
9.533000
6.634500
2.769700
-5.925900
-16.554001
-17.520000
-8.824500
0.837360
8.566800
12.432000
12.432000
5.668300
0.837360
-2.061200
-0.128820
0.837360
3.735900
12.432000
15.330000
8.566800
7.600600
15.330000
24.992001
30.789000
33.688000
35.619999
39.485001
39.485001
32.721001
26.924000
23.059999
15.330000
6.634500
0.837360
-3.993600
-8.824500
-11.723000
-12.689000
-10.757000
-3.027400
3.735900
6.634500
11.465000
13.398000
14.364000
12.432000
9.533000
3.735900
-3.027400
-6.892100
-5.925900
-3.027400
1.803500
8.566800
8.566800
7.600600
2.769700
-2.061200
-9.790700
-15.588000
-18.486000
-20.419001
-20.419001
-18.486000
-19.452000
-19.452000
-15.588000
-13.655000
-13.655000
-12.689000
-12.689000
-14.622000
-14.622000
-14.622000
-14.622000
-16.554001
-18.486000
-17.520000
-14.622000
-17.520000
-19.452000
-16.554001
-11.723000
-6.892100
-7.858300
-10.757000
-13.655000
-16.554001
-15.588000
-13.655000
-11.723000
-6.892100
-1.095000
2.769700
6.634500
9.533000
9.533000
12.432000
13.398000
11.465000
8.566800
6.634500
3.735900
0.837360
0.837360
4.702100
9.533000
11.465000
14.364000
15.330000
15.330000
15.330000
20.160999
23.059999
26.924000
32.721001
36.585999
38.519001
39.485001
36.585999
28.857000
14.364000
3.735900
2.769700
7.600600
11.465000
11.465000
10.499000
11.465000
10.499000
4.702100
-2.061200
-9.790700
-17.520000
-23.316999
-27.181999
-23.316999
-17.520000
-11.723000
-2.061200
7.600600
8.566800
8.566800
13.398000
17.261999
14.364000
9.533000
4.702100
-2.061200
-5.925900
-3.993600
0.837360
4.702100
7.600600
9.533000
7.600600
2.769700
-1.095000
-3.027400
-3.027400
-5.925900
-9.790700
-8.824500
-9.790700
-14.622000
-19.452000
-24.283001
-28.148001
-30.080999
-28.148001
-23.316999
-20.419001
-22.351000
-20.419001
-18.486000
-21.385000
-19.452000
-19.452000
-20.419001
-20.419001
-18.486000
-18.486000
-18.486000
-13.655000
-7.858300
-5.925900
-5.925900
-4.959700
-3.993600
-3.993600
-5.925900
-6.892100
-6.892100
-4.959700
-3.027400
-3.027400
-3.993600
-3.993600
-0.128820
5.668300
10.499000
12.432000
15.330000
18.229000
21.127001
18.229000
16.296000
13.398000
8.566800
4.702100
5.668300
9.533000
14.364000
17.261999
18.229000
15.330000
13.398000
14.364000
14.364000
13.398000
10.499000
4.702100
-0.128820
-3.027400
-1.095000
4.702100
10.499000
13.398000
15.330000
17.261999
14.364000
17.261999
20.160999
20.160999
21.127001
20.160999
16.296000
12.432000
12.432000
13.398000
17.261999
17.261999
14.364000
13.398000
16.296000
15.330000
13.398000
15.330000
16.296000
13.398000
10.499000
7.600600
2.769700
-1.095000
-3.993600
-7.858300
-11.723000
-15.588000
-15.588000
-9.790700
-1.095000
4.702100
11.465000
15.330000
19.195000
20.160999
19.195000
14.364000
4.702100
-3.027400
-7.858300
-11.723000
-12.689000
-14.622000
-16.554001
-18.486000
-19.452000
-20.419001
-24.283001
-29.114000
-30.080999
-28.148001
-25.250000
-20.419001
-16.554001
-13.655000
-11.723000
-6.892100
-3.027400
-3.993600
-6.892100
-9.790700
-12.689000
-17.520000
-21.385000
-24.283001
-26.216000
-26.216000
-24.283001
-17.520000
-8.824500
-3.993600
-3.993600
-5.925900
-4.959700
-7.858300
-8.824500
-9.790700
-12.689000
-14.622000
-13.655000
-10.757000
-6.892100
-3.993600
1.803500
5.668300
4.702100
3.735900
5.668300
7.600600
8.566800
11.465000
12.432000
7.600600
6.634500
7.600600
4.702100
7.600600
10.499000
9.533000
8.566800
9.533000
9.533000
10.499000
10.499000
12.432000
14.364000
15.330000
12.432000
9.533000
6.634500
7.600600
7.600600
8.566800
5.668300
-3.993600
-11.723000
-14.622000
-12.689000
-6.892100
0.837360
5.668300
8.566800
7.600600
4.702100
2.769700
2.769700
-0.128820
-5.925900
-11.723000
-13.655000
-14.622000
-17.520000
-17.520000
-14.622000
-12.689000
-7.858300
-3.993600
-1.095000
-2.061200
-2.061200
-1.095000
-1.095000
-0.128820
0.837360
-1.095000
-4.959700
-9.790700
-12.689000
-12.689000
-10.757000
-6.892100
-1.095000
0.837360
-1.095000
-5.925900
-6.892100
-5.925900
-3.993600
-3.993600
-7.858300
-12.689000
-10.757000
-8.824500
-7.858300
-5.925900
-5.925900
-5.925900
-0.128820
6.634500
12.432000
15.330000
12.432000
6.634500
7.600600
11.465000
11.465000
5.668300
1.803500
-0.128820
-1.095000
-0.128820
-0.128820
1.803500
-0.128820
-3.993600
-3.027400
2.769700
8.566800
7.600600
3.735900
-1.095000
-3.027400
1.803500
12.432000
18.229000
23.059999
24.992001
23.059999
23.059999
22.093000
14.364000
2.769700
-10.757000
-19.452000
-25.250000
-29.114000
-22.351000
-10.757000
-1.095000
9.533000
17.261999
21.127001
21.127001
20.160999
17.261999
13.398000
7.600600
6.634500
6.634500
2.769700
0.837360
-3.027400
-4.959700
-3.027400
0.837360
2.769700
0.837360
-2.061200
-3.027400
-2.061200
-2.061200
-3.027400
-3.993600
-4.959700
-7.858300
-9.790700
-8.824500
-4.959700
1.803500
9.533000
12.432000
14.364000
15.330000
13.398000
13.398000
13.398000
14.364000
13.398000
8.566800
7.600600
6.634500
2.769700
3.735900
7.600600
9.533000
12.432000
13.398000
11.465000
9.533000
4.702100
-0.128820
-6.892100
-13.655000
-18.486000
-23.316999
-23.316999
-15.588000
-9.790700
-6.892100
-6.892100
-4.959700
-5.925900
-9.790700
-9.790700
-7.858300
-8.824500
-8.824500
-7.858300
-4.959700
-3.993600
-3.027400
-2.061200
0.837360
3.735900
2.769700
-0.128820
-3.027400
-8.824500
-11.723000
-13.655000
-16.554001
-17.520000
-16.554001
-15.588000
-9.790700
-3.993600
1.803500
6.634500
6.634500
2.769700
0.837360
1.803500
3.735900
2.769700
1.803500
-2.061200
-4.959700
-3.993600
-1.095000
-1.095000
-0.128820
0.837360
4.702100
7.600600
6.634500
2.769700
-3.993600
-7.858300
-5.925900
-5.925900
-5.925900
1.803500
10.499000
14.364000
14.364000
13.398000
9.533000
7.600600
9.533000
11.465000
10.499000
6.634500
3.735900
-3.027400
-8.824500
-13.655000
-9.790700
-4.959700
-3.993600
-2.061200
-0.128820
1.803500
3.735900
5.668300
6.634500
7.600600
7.600600
7.600600
4.702100
3.735900
3.735900
-0.128820
-4.959700
-6.892100
-6.892100
-3.993600
-3.993600
1.803500
6.634500
5.668300
3.735900
2.769700
-0.128820
-3.993600
-6.892100
-7.858300
-6.892100
-4.959700
-3.993600
-6.892100
-3.993600
0.837360
-0.128820
-3.993600
-5.925900
-7.858300
-6.892100
-3.027400
-1.095000
-1.095000
-2.061200
0.837360
4.702100
9.533000
10.499000
6.634500
2.769700
1.803500
3.735900
12.432000
16.296000
16.296000
12.432000
7.600600
2.769700
-5.925900
-11.723000
-14.622000
-16.554001
-18.486000
-21.385000
-20.419001
-16.554001
-11.723000
-5.925900
-3.027400
-1.095000
3.735900
8.566800
7.600600
2.769700
-3.993600
-9.790700
-6.892100
-5.925900
-9.790700
-13.655000
-13.655000
-10.757000
-6.892100
-1.095000
7.600600
11.465000
15.330000
12.432000
2.769700
-0.128820
-3.027400
-3.027400
0.837360
1.803500
5.668300
8.566800
10.499000
13.398000
11.465000
7.600600
6.634500
4.702100
0.837360
-1.095000
2.769700
7.600600
11.465000
11.465000
15.330000
16.296000
20.160999
21.127001
22.093000
20.160999
16.296000
12.432000
10.499000
7.600600
4.702100
0.837360
-4.959700
-10.757000
-10.757000
-8.824500
-4.959700
-1.095000
-1.095000
-5.925900
-4.959700
-3.027400
-4.959700
-6.892100
-8.824500
-7.858300
-4.959700
-1.095000
0.837360
-0.128820
-0.128820
-0.128820
-5.925900
-11.723000
-12.689000
-11.723000
-8.824500
-3.027400
2.769700
6.634500
5.668300
5.668300
4.702100
1.803500
0.837360
3.735900
7.600600
9.533000
7.600600
1.803500
-4.959700
-11.723000
-11.723000
-6.892100
-1.095000
6.634500
13.398000
17.261999
18.229000
17.261999
14.364000
7.600600
1.803500
-3.027400
-5.925900
-8.824500
-12.689000
-12.689000
-12.689000
-10.757000
-6.892100
-3.993600
3.735900
11.465000
16.296000
17.261999
17.261999
16.296000
10.499000
5.668300
7.600600
9.533000
10.499000
3.735900
-4.959700
-8.824500
-11.723000
-12.689000
-11.723000
-8.824500
-2.061200
5.668300
7.600600
7.600600
10.499000
13.398000
16.296000
14.364000
12.432000
6.634500
-0.128820
-8.824500
-19.452000
-23.316999
-21.385000
-20.419001
-23.316999
-24.283001
-25.250000
-25.250000
-17.520000
-6.892100
1.803500
3.735900
0.837360
-0.128820
0.837360
4.702100
10.499000
14.364000
15.330000
17.261999
16.296000
11.465000
6.634500
1.803500
-4.959700
-6.892100
-7.858300
-9.790700
-11.723000
-14.622000
-15.588000
-14.622000
-15.588000
-17.520000
-13.655000
-9.790700
-5.925900
-0.128820
4.702100
8.566800
10.499000
13.398000
17.261999
18.229000
14.364000
13.398000
14.364000
14.364000
14.364000
14.364000
13.398000
9.533000
6.634500
5.668300
5.668300
9.533000
7.600600
2.769700
1.803500
-0.128820
-2.061200
-1.095000
-1.095000
-0.128820
-3.027400
-4.959700
-11.723000
-13.655000
-9.790700
-8.824500
-7.858300
-4.959700
0.837360
5.668300
9.533000
13.398000
13.398000
10.499000
7.600600
4.702100
0.837360
-4.959700
-10.757000
-15.588000
-17.520000
-14.622000
-10.757000
-7.858300
-7.858300
-6.892100
-5.925900
-4.959700
-3.027400
-1.095000
1.803500
0.837360
-3.027400
-2.061200
-0.128820
0.837360
-1.095000
-3.993600
-5.925900
-3.993600
-2.061200
