12.871000
16.832001
13.861000
2.970300
-8.910900
-13.861000
-15.842000
-13.861000
-7.920800
-4.950500
-3.960400
-1.980200
-1.980200
-3.960400
-2.970300
-0.990100
0.000000
-4.950500
-7.920800
-10.891000
-12.871000
0.000000
5.940600
9.901000
4.950500
-2.970300
0.990100
3.960400
4.950500
6.930700
6.930700
8.910900
6.930700
1.980200
0.990100
1.980200
2.970300
8.910900
14.851000
16.832001
11.881000
10.891000
15.842000
17.822001
11.881000
-0.990100
-6.930700
-5.940600
-12.871000
-17.822001
-15.842000
-11.881000
-3.960400
0.990100
3.960400
8.910900
12.871000
11.881000
7.920800
6.930700
-2.970300
-13.861000
-16.832001
-12.871000
-7.920800
-5.940600
-7.920800
-4.950500
-2.970300
2.970300
7.920800
11.881000
12.871000
12.871000
8.910900
4.950500
1.980200
6.930700
2.970300
-3.960400
-1.980200
-1.980200
2.970300
11.881000
24.752001
30.693001
26.733000
19.802000
16.832001
11.881000
2.970300
-2.970300
-7.920800
-19.802000
-22.771999
-12.871000
-0.990100
10.891000
19.802000
22.771999
13.861000
7.920800
3.960400
-1.980200
-5.940600
-2.970300
1.980200
3.960400
0.990100
-2.970300
0.000000
5.940600
3.960400
0.000000
-0.990100
-2.970300
-6.930700
-11.881000
-15.842000
-15.842000
-12.871000
-7.920800
1.980200
9.901000
11.881000
9.901000
1.980200
-2.970300
-4.950500
-8.910900
-9.901000
-5.940600
-4.950500
-4.950500
-6.930700
-7.920800
-6.930700
-3.960400
0.000000
0.990100
0.990100
2.970300
1.980200
0.990100
0.990100
-2.970300
-6.930700
-7.920800
-10.891000
-15.842000
-17.822001
-14.851000
-9.901000
-3.960400
-2.970300
-4.950500
-1.980200
-2.970300
-4.950500
0.000000
5.940600
1.980200
-6.930700
-13.861000
-11.881000
-8.910900
-0.990100
12.871000
24.752001
27.723000
19.802000
10.891000
1.980200
-6.930700
-13.861000
-17.822001
-17.822001
-10.891000
-4.950500
-3.960400
4.950500
13.861000
24.752001
32.673000
22.771999
4.950500
0.990100
-3.960400
-5.940600
-0.990100
-1.980200
-3.960400
-4.950500
-5.940600
-3.960400
-1.980200
0.990100
4.950500
5.940600
8.910900
11.881000
8.910900
9.901000
14.851000
12.871000
3.960400
-2.970300
-6.930700
-14.851000
-11.881000
0.990100
15.842000
21.782000
22.771999
16.832001
10.891000
5.940600
0.000000
-7.920800
-10.891000
-13.861000
-11.881000
-1.980200
5.940600
17.822001
26.733000
17.822001
14.851000
16.832001
11.881000
5.940600
6.930700
9.901000
-3.960400
-6.930700
4.950500
14.851000
10.891000
10.891000
16.832001
19.802000
20.792000
16.832001
15.842000
14.851000
12.871000
18.812000
15.842000
17.822001
20.792000
26.733000
30.693001
25.743000
26.733000
17.822001
16.832001
24.752001
20.792000
7.920800
4.950500
7.920800
8.910900
0.000000
-0.990100
2.970300
7.920800
14.851000
14.851000
12.871000
10.891000
10.891000
-1.980200
-12.871000
-14.851000
-13.861000
-20.792000
-18.812000
-12.871000
-4.950500
-3.960400
-3.960400
2.970300
5.940600
2.970300
-4.950500
-13.861000
-18.812000
-24.752001
-26.733000
-19.802000
-8.910900
2.970300
20.792000
22.771999
16.832001
13.861000
13.861000
9.901000
4.950500
-3.960400
-7.920800
-3.960400
0.990100
2.970300
4.950500
4.950500
4.950500
1.980200
0.000000
0.000000
-3.960400
-7.920800
-9.901000
-6.930700
0.990100
6.930700
13.861000
10.891000
1.980200
-3.960400
-0.990100
2.970300
-2.970300
-0.990100
-1.980200
-5.940600
-13.861000
-12.871000
-5.940600
-4.950500
-5.940600
-7.920800
-15.842000
-17.822001
-12.871000
-9.901000
-3.960400
6.930700
15.842000
15.842000
17.822001
19.802000
12.871000
3.960400
-4.950500
-11.881000
-18.812000
-23.761999
-22.771999
-18.812000
-17.822001
-12.871000
0.990100
12.871000
15.842000
19.802000
15.842000
7.920800
3.960400
1.980200
-9.901000
-21.782000
-24.752001
-29.702999
-28.712999
-15.842000
-2.970300
9.901000
17.822001
16.832001
18.812000
17.822001
10.891000
2.970300
-2.970300
-7.920800
-17.822001
-22.771999
-18.812000
-12.871000
-2.970300
6.930700
15.842000
22.771999
21.782000
17.822001
15.842000
12.871000
8.910900
5.940600
0.000000
-10.891000
-13.861000
-14.851000
-16.832001
-5.940600
3.960400
3.960400
8.910900
10.891000
7.920800
7.920800
8.910900
6.930700
2.970300
1.980200
12.871000
14.851000
9.901000
6.930700
-8.910900
-18.812000
-20.792000
-24.752001
-25.743000
-22.771999
-12.871000
0.990100
14.851000
20.792000
20.792000
11.881000
6.930700
1.980200
-8.910900
-12.871000
-11.881000
-9.901000
1.980200
7.920800
5.940600
10.891000
17.822001
12.871000
9.901000
8.910900
9.901000
7.920800
-0.990100
-3.960400
-4.950500
0.000000
7.920800
10.891000
10.891000
9.901000
2.970300
2.970300
8.910900
7.920800
4.950500
4.950500
5.940600
6.930700
6.930700
10.891000
9.901000
3.960400
-0.990100
0.990100
7.920800
9.901000
8.910900
11.881000
18.812000
19.802000
20.792000
18.812000
14.851000
12.871000
7.920800
-2.970300
-6.930700
1.980200
17.822001
23.761999
21.782000
28.712999
30.693001
25.743000
22.771999
18.812000
10.891000
4.950500
2.970300
6.930700
4.950500
4.950500
5.940600
8.910900
14.851000
13.861000
12.871000
10.891000
11.881000
10.891000
10.891000
10.891000
11.881000
13.861000
12.871000
8.910900
6.930700
7.920800
6.930700
10.891000
11.881000
12.871000
10.891000
9.901000
8.910900
3.960400
0.000000
-5.940600
-12.871000
-14.851000
-15.842000
-15.842000
-12.871000
-8.910900
0.000000
7.920800
6.930700
1.980200
-0.990100
-2.970300
-8.910900
-16.832001
-23.761999
-34.653000
-35.644001
-31.683001
-26.733000
-16.832001
-4.950500
5.940600
10.891000
8.910900
6.930700
5.940600
-0.990100
-7.920800
-12.871000
-15.842000
-26.733000
-25.743000
-15.842000
-8.910900
-2.970300
0.990100
6.930700
8.910900
5.940600
-0.990100
-9.901000
-10.891000
-8.910900
-18.812000
-34.653000
-41.584000
-35.644001
-18.812000
-3.960400
3.960400
14.851000
22.771999
19.802000
27.723000
22.771999
11.881000
5.940600
0.000000
-7.920800
-12.871000
-14.851000
-15.842000
-9.901000
-2.970300
5.940600
16.832001
20.792000
24.752001
27.723000
28.712999
22.771999
12.871000
0.000000
-15.842000
-24.752001
-22.771999
-9.901000
2.970300
17.822001
19.802000
27.723000
27.723000
18.812000
16.832001
4.950500
-5.940600
-15.842000
-24.752001
-29.702999
-33.662998
-27.723000
-18.812000
-11.881000
-1.980200
1.980200
0.000000
-0.990100
3.960400
1.980200
-3.960400
-2.970300
-7.920800
-11.881000
-5.940600
4.950500
8.910900
6.930700
10.891000
6.930700
2.970300
-3.960400
-10.891000
-10.891000
-0.990100
2.970300
-2.970300
2.970300
11.881000
20.792000
21.782000
13.861000
7.920800
0.990100
2.970300
9.901000
7.920800
8.910900
13.861000
9.901000
4.950500
5.940600
2.970300
0.000000
-4.950500
-5.940600
2.970300
10.891000
20.792000
27.723000
25.743000
24.752001
22.771999
13.861000
-0.990100
-11.881000
-18.812000
-27.723000
-31.683001
-29.702999
-23.761999
-7.920800
1.980200
6.930700
15.842000
16.832001
12.871000
14.851000
9.901000
3.960400
5.940600
3.960400
-0.990100
-1.980200
2.970300
1.980200
0.990100
0.000000
-4.950500
-3.960400
0.000000
4.950500
10.891000
12.871000
12.871000
15.842000
16.832001
12.871000
4.950500
0.990100
0.000000
-7.920800
-15.842000
-19.802000
-15.842000
-3.960400
14.851000
26.733000
28.712999
24.752001
22.771999
14.851000
4.950500
-5.940600
-20.792000
-29.702999
-26.733000
-25.743000
-18.812000
-13.861000
-8.910900
4.950500
13.861000
14.851000
16.832001
17.822001
15.842000
7.920800
-4.950500
-14.851000
-19.802000
-26.733000
-22.771999
-11.881000
5.940600
15.842000
19.802000
22.771999
26.733000
17.822001
8.910900
4.950500
0.000000
-12.871000
-21.782000
-24.752001
-22.771999
-15.842000
-2.970300
10.891000
19.802000
16.832001
11.881000
9.901000
3.960400
-1.980200
-0.990100
-1.980200
-3.960400
-11.881000
-27.723000
-29.702999
-27.723000
-19.802000
-2.970300
2.970300
8.910900
8.910900
6.930700
12.871000
12.871000
1.980200
-10.891000
-12.871000
-13.861000
-17.822001
-13.861000
-5.940600
0.000000
6.930700
12.871000
13.861000
12.871000
7.920800
0.990100
-2.970300
-8.910900
-23.761999
-39.604000
-40.594002
-27.723000
-14.851000
-6.930700
2.970300
7.920800
10.891000
15.842000
16.832001
13.861000
2.970300
-13.861000
-20.792000
-23.761999
-21.782000
-22.771999
-15.842000
-12.871000
-5.940600
13.861000
24.752001
28.712999
29.702999
24.752001
17.822001
2.970300
-9.901000
-20.792000
-22.771999
-13.861000
-0.990100
19.802000
33.662998
39.604000
43.563999
32.673000
20.792000
17.822001
4.950500
-11.881000
-19.802000
-22.771999
-11.881000
-1.980200
7.920800
14.851000
16.832001
19.802000
14.851000
7.920800
4.950500
10.891000
13.861000
6.930700
2.970300
5.940600
9.901000
14.851000
10.891000
5.940600
0.990100
-3.960400
-0.990100
-2.970300
0.990100
6.930700
3.960400
1.980200
0.990100
10.891000
13.861000
9.901000
11.881000
9.901000
12.871000
19.802000
11.881000
5.940600
11.881000
11.881000
9.901000
6.930700
2.970300
-0.990100
-2.970300
4.950500
11.881000
20.792000
24.752001
21.782000
26.733000
30.693001
28.712999
25.743000
15.842000
10.891000
12.871000
15.842000
21.782000
25.743000
15.842000
4.950500
0.990100
0.000000
-6.930700
-15.842000
-19.802000
-9.901000
0.000000
11.881000
26.733000
21.782000
12.871000
12.871000
0.990100
-17.822001
-35.644001
-46.535000
-49.505001
-45.544998
-40.594002
-30.693001
-14.851000
-3.960400
2.970300
7.920800
7.920800
7.920800
0.000000
-9.901000
-13.861000
-26.733000
-36.633999
-40.594002
-39.604000
-21.782000
-6.930700
0.000000
8.910900
8.910900
5.940600
-0.990100
-10.891000
-18.812000
-29.702999
-31.683001
-30.693001
-28.712999
-16.832001
-6.930700
5.940600
14.851000
8.910900
0.000000
-4.950500
-18.812000
-31.683001
-37.624001
-36.633999
-24.752001
-19.802000
-19.802000
-11.881000
-1.980200
0.000000
-5.940600
-11.881000
-19.802000
-30.693001
-32.673000
-32.673000
-25.743000
-6.930700
4.950500
10.891000
15.842000
15.842000
18.812000
12.871000
4.950500
-17.822001
-38.613998
-38.613998
-35.644001
-36.633999
-24.752001
-6.930700
4.950500
12.871000
21.782000
27.723000
19.802000
5.940600
6.930700
-1.980200
-14.851000
-20.792000
-24.752001
-16.832001
-4.950500
-0.990100
9.901000
15.842000
10.891000
1.980200
-0.990100
-1.980200
-7.920800
-6.930700
-1.980200
1.980200
4.950500
7.920800
13.861000
19.802000
19.802000
15.842000
8.910900
2.970300
-5.940600
-7.920800
-11.881000
-18.812000
-24.752001
-19.802000
-10.891000
-4.950500
-4.950500
-7.920800
-8.910900
-5.940600
-3.960400
-6.930700
-2.970300
5.940600
4.950500
3.960400
0.990100
-13.861000
-22.771999
-16.832001
-6.930700
