30.080999
34.910999
32.979000
23.316999
11.723000
3.027400
-7.600600
-14.364000
-17.261999
-25.958000
-30.789000
-28.857000
-22.093000
-13.398000
2.061200
13.655000
17.520000
13.655000
8.824500
4.959700
-2.769700
3.027400
1.095000
-0.837360
-16.296000
-29.823000
-24.992001
-18.229000
-12.432000
-3.735900
3.993600
12.689000
13.655000
8.824500
8.824500
9.790700
6.892100
6.892100
10.757000
6.892100
-1.803500
-3.735900
2.061200
7.858300
7.858300
3.027400
3.993600
8.824500
3.027400
-2.769700
-15.330000
-19.195000
-13.398000
-9.533000
-5.668300
-2.769700
4.959700
10.757000
11.723000
14.622000
6.892100
-1.803500
-6.634500
-5.668300
-2.769700
-2.769700
-7.600600
-3.735900
-0.837360
5.925900
10.757000
13.655000
13.655000
11.723000
8.824500
6.892100
6.892100
11.723000
4.959700
-1.803500
-0.837360
-0.837360
-0.837360
8.824500
24.283001
31.047001
27.181999
20.419001
17.520000
14.622000
8.824500
3.027400
-3.735900
-19.195000
-20.160999
-7.600600
-0.837360
11.723000
22.351000
26.216000
20.419001
13.655000
8.824500
2.061200
-3.735900
-4.702100
-4.702100
-8.566800
-12.432000
-16.296000
-12.432000
-0.837360
4.959700
5.925900
7.858300
7.858300
4.959700
-3.735900
-15.330000
-23.059999
-27.889999
-25.958000
-15.330000
-6.634500
-0.837360
3.993600
6.892100
6.892100
7.858300
2.061200
0.128820
1.095000
-0.837360
-3.735900
-11.465000
-19.195000
-20.160999
-15.330000
-9.533000
-1.803500
7.858300
15.588000
14.622000
9.790700
7.858300
1.095000
-5.668300
-10.499000
-20.160999
-29.823000
-26.924000
-18.229000
-4.702100
5.925900
8.824500
8.824500
13.655000
12.689000
5.925900
3.027400
2.061200
-8.566800
-23.059999
-29.823000
-28.857000
-24.025999
-11.465000
8.824500
23.316999
32.979000
26.216000
20.419001
17.520000
5.925900
-5.668300
-16.296000
-26.924000
-22.093000
-16.296000
-22.093000
-14.364000
4.959700
25.250000
37.810001
31.047001
15.588000
14.622000
8.824500
3.027400
3.993600
-4.702100
-10.499000
-14.364000
-15.330000
-10.499000
-10.499000
-4.702100
3.027400
6.892100
12.689000
15.588000
12.689000
15.588000
18.486000
15.588000
4.959700
-3.735900
-0.837360
-10.499000
-13.398000
0.128820
13.655000
18.486000
23.316999
19.452000
12.689000
11.723000
5.925900
-3.735900
-8.566800
-12.432000
-4.702100
6.892100
6.892100
16.554001
27.181999
18.486000
19.452000
27.181999
22.351000
9.790700
4.959700
7.858300
-6.634500
-9.533000
3.027400
13.655000
13.655000
15.588000
21.385000
26.216000
26.216000
18.486000
17.520000
15.588000
10.757000
19.452000
14.622000
9.790700
11.723000
22.351000
30.080999
30.080999
33.945000
23.316999
22.351000
32.979000
22.351000
4.959700
3.993600
7.858300
4.959700
-6.634500
-9.533000
-4.702100
4.959700
15.588000
19.452000
17.520000
14.622000
17.520000
6.892100
-7.600600
-13.398000
-10.499000
-18.229000
-19.195000
-15.330000
-6.634500
-3.735900
-0.837360
5.925900
7.858300
7.858300
4.959700
-5.668300
-9.533000
-20.160999
-29.823000
-28.857000
-24.025999
-11.465000
10.757000
17.520000
16.554001
16.554001
17.520000
12.689000
8.824500
-0.837360
-8.566800
-11.465000
-11.465000
-10.499000
-8.566800
-7.600600
-4.702100
-3.735900
-1.803500
2.061200
1.095000
-3.735900
-1.803500
1.095000
4.959700
6.892100
10.757000
3.993600
-8.566800
-15.330000
-11.465000
-7.600600
-12.432000
-5.668300
0.128820
3.993600
-4.702100
-8.566800
-1.803500
-1.803500
-5.668300
-12.432000
-22.093000
-23.059999
-20.160999
-19.195000
-12.432000
1.095000
10.757000
12.689000
16.554001
21.385000
12.689000
3.027400
-7.600600
-14.364000
-21.127001
-29.823000
-29.823000
-22.093000
-20.160999
-17.261999
-4.702100
8.824500
19.452000
28.148001
23.316999
15.588000
9.790700
6.892100
-6.634500
-21.127001
-25.958000
-31.754999
-32.721001
-25.958000
-17.261999
-0.837360
11.723000
16.554001
22.351000
23.316999
20.419001
14.622000
10.757000
3.027400
-13.398000
-24.025999
-24.025999
-22.093000
-15.330000
-7.600600
3.027400
12.689000
16.554001
16.554001
19.452000
16.554001
13.655000
7.858300
0.128820
-10.499000
-12.432000
-15.330000
-21.127001
-9.533000
-0.837360
1.095000
12.689000
19.452000
17.520000
18.486000
16.554001
9.790700
0.128820
-3.735900
8.824500
8.824500
5.925900
6.892100
-5.668300
-16.296000
-18.229000
-24.992001
-28.857000
-27.889999
-20.160999
-4.702100
8.824500
14.622000
12.689000
6.892100
7.858300
8.824500
0.128820
-1.803500
-1.803500
-5.668300
-0.837360
-0.837360
-3.735900
2.061200
8.824500
3.027400
3.027400
7.858300
11.723000
15.588000
8.824500
-0.837360
-4.702100
2.061200
13.655000
12.689000
7.858300
2.061200
-5.668300
-3.735900
5.925900
9.790700
11.723000
18.486000
17.520000
11.723000
12.689000
19.452000
18.486000
4.959700
-8.566800
-9.533000
-1.803500
5.925900
13.655000
20.419001
26.216000
25.250000
24.283001
19.452000
12.689000
9.790700
3.027400
-8.566800
-10.499000
-1.803500
14.622000
19.452000
21.385000
32.013000
33.945000
29.114000
27.181999
23.316999
9.790700
-0.837360
-1.803500
2.061200
0.128820
2.061200
3.027400
7.858300
16.554001
16.554001
16.554001
10.757000
8.824500
5.925900
4.959700
7.858300
10.757000
12.689000
10.757000
4.959700
5.925900
8.824500
10.757000
14.622000
12.689000
9.790700
6.892100
6.892100
6.892100
-0.837360
-2.769700
-6.634500
-14.364000
-16.296000
-16.296000
-16.296000
-13.398000
-4.702100
5.925900
11.723000
13.655000
3.993600
-4.702100
-8.566800
-15.330000
-21.127001
-25.958000
-35.619999
-35.619999
-34.653999
-28.857000
-17.261999
-7.600600
5.925900
13.655000
11.723000
10.757000
11.723000
3.993600
-6.634500
-13.398000
-21.127001
-36.585999
-36.585999
-24.025999
-13.398000
-1.803500
4.959700
15.588000
21.385000
14.622000
6.892100
-3.735900
-8.566800
-8.566800
-24.025999
-45.282001
-56.875999
-53.977001
-29.823000
-10.499000
-4.702100
14.622000
32.979000
32.979000
41.674999
32.013000
19.452000
11.723000
3.993600
-6.634500
-13.398000
-18.229000
-21.127001
-20.160999
-12.432000
1.095000
12.689000
18.486000
23.316999
23.316999
22.351000
15.588000
8.824500
-3.735900
-18.229000
-25.958000
-23.059999
-11.465000
-0.837360
17.520000
21.385000
27.181999
27.181999
19.452000
18.486000
6.892100
-3.735900
-8.566800
-15.330000
-23.059999
-26.924000
-20.160999
-15.330000
-8.566800
3.027400
8.824500
8.824500
8.824500
6.892100
2.061200
-2.769700
-4.702100
-14.364000
-17.261999
-6.634500
5.925900
10.757000
13.655000
21.385000
14.622000
12.689000
5.925900
-6.634500
-11.465000
-5.668300
-3.735900
-19.195000
-15.330000
-0.837360
16.554001
21.385000
16.554001
20.419001
18.486000
21.385000
25.250000
19.452000
15.588000
12.689000
0.128820
-6.634500
-7.600600
-10.499000
-8.566800
-7.600600
-1.803500
10.757000
20.419001
30.080999
35.877998
30.080999
23.316999
18.486000
11.723000
-2.769700
-12.432000
-13.398000
-21.127001
-25.958000
-29.823000
-29.823000
-18.229000
-9.533000
-3.735900
7.858300
12.689000
11.723000
17.520000
12.689000
6.892100
12.689000
15.588000
9.790700
4.959700
5.925900
3.027400
4.959700
4.959700
-4.702100
-4.702100
0.128820
6.892100
13.655000
13.655000
14.622000
16.554001
15.588000
11.723000
5.925900
5.925900
4.959700
-7.600600
-20.160999
-25.958000
-22.093000
-6.634500
11.723000
22.351000
23.316999
21.385000
21.385000
15.588000
7.858300
0.128820
-9.533000
-16.296000
-23.059999
-33.688000
-27.889999
-23.059999
-16.296000
6.892100
20.419001
21.385000
27.181999
26.216000
24.283001
16.554001
5.925900
-4.702100
-19.195000
-38.519001
-40.451000
-24.025999
-1.803500
9.790700
17.520000
26.216000
33.945000
26.216000
16.554001
13.655000
4.959700
-14.364000
-30.789000
-36.585999
-41.417000
-37.551998
-21.127001
-3.735900
15.588000
22.351000
21.385000
31.047001
29.114000
15.588000
10.757000
5.925900
-0.837360
-15.330000
-44.316002
-54.944000
-51.078999
-34.653999
-7.600600
1.095000
11.723000
15.588000
21.385000
27.181999
20.419001
1.095000
-16.296000
-22.093000
-28.857000
-32.721001
-24.025999
-11.465000
-1.803500
6.892100
17.520000
25.250000
23.316999
12.689000
2.061200
0.128820
-11.465000
-32.721001
-52.044998
-53.977001
-38.519001
-18.229000
-5.668300
8.824500
12.689000
13.655000
15.588000
10.757000
5.925900
-6.634500
-24.992001
-26.924000
-24.992001
-18.229000
-15.330000
-5.668300
-3.735900
-2.769700
11.723000
20.419001
24.283001
30.080999
32.013000
19.452000
1.095000
-6.634500
-21.127001
-23.059999
-13.398000
0.128820
22.351000
32.013000
36.844002
46.506001
35.877998
23.316999
26.216000
21.385000
3.027400
-14.364000
-22.093000
-22.093000
-17.261999
-5.668300
5.925900
17.520000
31.047001
30.080999
24.283001
21.385000
26.216000
22.351000
13.655000
7.858300
7.858300
8.824500
8.824500
-1.803500
-5.668300
-8.566800
-9.533000
1.095000
5.925900
15.588000
24.283001
19.452000
14.622000
9.790700
12.689000
13.655000
6.892100
8.824500
-0.837360
0.128820
12.689000
8.824500
9.790700
20.419001
23.316999
21.385000
17.520000
10.757000
3.027400
-4.702100
-2.769700
0.128820
0.128820
-0.837360
0.128820
12.689000
24.283001
28.148001
32.979000
26.216000
23.316999
24.283001
21.385000
21.385000
20.419001
3.993600
-13.398000
-18.229000
-17.261999
-18.229000
-18.229000
-14.364000
3.027400
18.486000
26.216000
32.979000
25.250000
14.622000
12.689000
-0.837360
-22.093000
-43.348999
-56.875999
-60.741001
-53.977001
-44.316002
-26.924000
0.128820
11.723000
13.655000
17.520000
14.622000
11.723000
2.061200
-6.634500
-11.465000
-29.823000
-39.485001
-44.316002
-39.485001
-18.229000
-2.769700
6.892100
15.588000
11.723000
5.925900
-0.837360
-5.668300
-13.398000
-25.958000
-29.823000
-32.721001
-30.789000
-15.330000
-6.634500
5.925900
15.588000
7.858300
-0.837360
-4.702100
-15.330000
-24.025999
-34.653999
-41.417000
-30.789000
-25.958000
-24.992001
-16.296000
-5.668300
-2.769700
-9.533000
-15.330000
-18.229000
-24.992001
-26.924000
-29.823000
-22.093000
-7.600600
-0.837360
5.925900
14.622000
15.588000
17.520000
10.757000
3.027400
-17.261999
-35.619999
-32.721001
-27.889999
-30.789000
-19.195000
-2.769700
7.858300
14.622000
25.250000
27.181999
16.554001
0.128820
1.095000
-6.634500
-21.127001
-26.924000
-28.857000
-14.364000
-0.837360
4.959700
15.588000
21.385000
15.588000
2.061200
-3.735900
-1.803500
-6.634500
-5.668300
-0.837360
0.128820
-0.837360
2.061200
11.723000
21.385000
21.385000
13.655000
5.925900
-0.837360
-9.533000
-10.499000
-15.330000
-23.059999
-26.924000
-20.160999
-11.465000
-7.600600
-5.668300
-4.702100
-6.634500
-7.600600
-6.634500
-13.398000
-11.465000
-2.769700
-3.735900
-1.803500
-2.769700
-14.364000
-19.195000
-5.668300
4.959700
