18.114000
22.155001
20.135000
12.054000
7.003400
7.003400
14.074000
20.135000
22.155001
19.125000
15.084000
13.064000
14.074000
13.064000
14.074000
13.064000
13.064000
12.054000
13.064000
14.074000
19.125000
22.155001
24.174999
20.135000
14.074000
14.074000
13.064000
12.054000
15.084000
16.094000
17.104000
16.094000
17.104000
21.145000
21.145000
19.125000
18.114000
17.104000
13.064000
8.013500
5.993300
2.963000
8.013500
11.044000
11.044000
7.003400
3.973100
3.973100
11.044000
16.094000
17.104000
14.074000
12.054000
11.044000
10.034000
11.044000
12.054000
12.054000
13.064000
14.074000
13.064000
12.054000
11.044000
13.064000
10.034000
5.993300
2.963000
4.983200
7.003400
9.023600
13.064000
12.054000
7.003400
4.983200
3.973100
4.983200
9.023600
9.023600
8.013500
11.044000
16.094000
16.094000
12.054000
10.034000
9.023600
4.983200
3.973100
5.993300
2.963000
0.942760
-3.097600
-6.127900
-3.097600
3.973100
4.983200
11.044000
16.094000
17.104000
16.094000
16.094000
12.054000
13.064000
13.064000
12.054000
8.013500
0.942760
0.942760
1.952900
-1.077400
-2.087500
0.942760
5.993300
9.023600
9.023600
8.013500
5.993300
8.013500
12.054000
8.013500
1.952900
-0.067340
-7.138000
-12.189000
-8.148100
-0.067340
-1.077400
-8.148100
-6.127900
-7.138000
-7.138000
-0.067340
3.973100
1.952900
1.952900
1.952900
-1.077400
-2.087500
-4.107700
-2.087500
-0.067340
-0.067340
3.973100
4.983200
5.993300
5.993300
4.983200
3.973100
1.952900
2.963000
3.973100
-1.077400
-4.107700
-4.107700
-0.067340
0.942760
2.963000
3.973100
1.952900
-1.077400
-2.087500
-0.067340
4.983200
7.003400
10.034000
11.044000
8.013500
4.983200
-0.067340
-3.097600
-0.067340
3.973100
4.983200
2.963000
-3.097600
-6.127900
-6.127900
0.942760
2.963000
3.973100
5.993300
4.983200
-0.067340
-0.067340
-0.067340
-1.077400
-3.097600
-4.107700
-2.087500
-4.107700
-6.127900
-5.117800
-1.077400
4.983200
7.003400
3.973100
2.963000
0.942760
1.952900
2.963000
-0.067340
0.942760
5.993300
4.983200
2.963000
4.983200
4.983200
2.963000
4.983200
5.993300
4.983200
2.963000
3.973100
7.003400
8.013500
7.003400
3.973100
-1.077400
-6.127900
-9.158200
-11.178000
-13.199000
-13.199000
-14.209000
-12.189000
-9.158200
-5.117800
-0.067340
4.983200
7.003400
5.993300
3.973100
2.963000
4.983200
8.013500
8.013500
2.963000
-1.077400
-4.107700
-5.117800
-2.087500
7.003400
13.064000
13.064000
10.034000
5.993300
4.983200
5.993300
8.013500
10.034000
9.023600
5.993300
4.983200
12.054000
20.135000
22.155001
18.114000
14.074000
12.054000
3.973100
-1.077400
-2.087500
-0.067340
1.952900
0.942760
-0.067340
2.963000
4.983200
5.993300
8.013500
10.034000
11.044000
10.034000
5.993300
3.973100
4.983200
9.023600
11.044000
7.003400
7.003400
7.003400
1.952900
-1.077400
-2.087500
0.942760
-0.067340
-3.097600
-3.097600
-4.107700
-5.117800
-3.097600
-3.097600
-1.077400
4.983200
8.013500
4.983200
-3.097600
-4.107700
-4.107700
-5.117800
-5.117800
-3.097600
-2.087500
2.963000
4.983200
1.952900
2.963000
10.034000
13.064000
12.054000
10.034000
9.023600
7.003400
7.003400
5.993300
1.952900
0.942760
0.942760
3.973100
7.003400
9.023600
8.013500
0.942760
-2.087500
-4.107700
-7.138000
-4.107700
-0.067340
-4.107700
-2.087500
2.963000
-0.067340
-5.117800
-5.117800
-3.097600
-0.067340
-0.067340
-0.067340
1.952900
0.942760
-1.077400
-0.067340
1.952900
0.942760
1.952900
0.942760
3.973100
5.993300
5.993300
5.993300
5.993300
4.983200
5.993300
4.983200
4.983200
8.013500
10.034000
10.034000
5.993300
-0.067340
-4.107700
-9.158200
-10.168000
-5.117800
-3.097600
0.942760
8.013500
11.044000
12.054000
13.064000
11.044000
8.013500
7.003400
5.993300
-0.067340
-6.127900
-5.117800
-5.117800
-4.107700
0.942760
5.993300
7.003400
4.983200
2.963000
1.952900
-0.067340
4.983200
11.044000
16.094000
16.094000
13.064000
14.074000
11.044000
10.034000
8.013500
5.993300
4.983200
8.013500
11.044000
12.054000
11.044000
13.064000
13.064000
13.064000
13.064000
9.023600
3.973100
-0.067340
-5.117800
-11.178000
-13.199000
-11.178000
-7.138000
-4.107700
1.952900
8.013500
11.044000
11.044000
9.023600
4.983200
-1.077400
-4.107700
-4.107700
-6.127900
-8.148100
-10.168000
-7.138000
-3.097600
0.942760
2.963000
-1.077400
-3.097600
-4.107700
-3.097600
-0.067340
-0.067340
-0.067340
-4.107700
-7.138000
-4.107700
1.952900
2.963000
2.963000
0.942760
0.942760
-2.087500
-0.067340
3.973100
1.952900
-4.107700
-5.117800
-5.117800
-3.097600
-0.067340
-1.077400
-2.087500
-4.107700
-1.077400
2.963000
0.942760
0.942760
0.942760
0.942760
0.942760
0.942760
2.963000
2.963000
1.952900
-0.067340
0.942760
1.952900
-2.087500
-4.107700
-4.107700
0.942760
1.952900
0.942760
3.973100
5.993300
9.023600
9.023600
4.983200
2.963000
1.952900
3.973100
3.973100
-0.067340
-2.087500
-3.097600
-3.097600
-5.117800
-3.097600
-1.077400
-0.067340
-1.077400
-4.107700
-3.097600
2.963000
3.973100
3.973100
1.952900
-1.077400
-0.067340
0.942760
-0.067340
-1.077400
-3.097600
-3.097600
-8.148100
-12.189000
-10.168000
-7.138000
-4.107700
-3.097600
0.942760
0.942760
3.973100
11.044000
18.114000
20.135000
17.104000
17.104000
13.064000
9.023600
8.013500
7.003400
7.003400
5.993300
4.983200
2.963000
3.973100
9.023600
11.044000
14.074000
14.074000
11.044000
9.023600
5.993300
4.983200
4.983200
5.993300
3.973100
3.973100
-1.077400
-3.097600
-2.087500
-1.077400
-2.087500
-4.107700
-7.138000
-9.158200
-6.127900
-0.067340
7.003400
9.023600
4.983200
-1.077400
-5.117800
-2.087500
9.023600
10.034000
9.023600
9.023600
5.993300
4.983200
1.952900
1.952900
0.942760
1.952900
-0.067340
-4.107700
-6.127900
-8.148100
-10.168000
-10.168000
-11.178000
-10.168000
-7.138000
-6.127900
-7.138000
-6.127900
-7.138000
-11.178000
-10.168000
-8.148100
-8.148100
-9.158200
-10.168000
-11.178000
-12.189000
-12.189000
-8.148100
-5.117800
-6.127900
-8.148100
-8.148100
-6.127900
0.942760
-0.067340
-6.127900
-6.127900
-7.138000
-3.097600
-4.107700
-10.168000
-12.189000
-14.209000
-16.229000
-15.219000
-13.199000
-13.199000
-11.178000
-8.148100
-4.107700
-3.097600
-3.097600
-1.077400
0.942760
0.942760
-0.067340
-4.107700
-3.097600
-2.087500
-6.127900
-6.127900
-3.097600
-3.097600
-5.117800
-5.117800
-2.087500
-5.117800
-7.138000
-7.138000
-6.127900
-5.117800
-9.158200
-9.158200
-8.148100
-5.117800
-0.067340
-2.087500
-1.077400
1.952900
-0.067340
-0.067340
1.952900
2.963000
-1.077400
-6.127900
-5.117800
-4.107700
-6.127900
-8.148100
-3.097600
0.942760
-2.087500
-6.127900
-7.138000
-4.107700
-2.087500
-4.107700
-1.077400
2.963000
5.993300
13.064000
13.064000
10.034000
11.044000
12.054000
12.054000
13.064000
13.064000
13.064000
10.034000
12.054000
12.054000
11.044000
8.013500
8.013500
10.034000
13.064000
13.064000
10.034000
7.003400
8.013500
4.983200
1.952900
-3.097600
-0.067340
4.983200
7.003400
9.023600
13.064000
13.064000
10.034000
8.013500
7.003400
3.973100
2.963000
3.973100
7.003400
7.003400
5.993300
5.993300
5.993300
7.003400
8.013500
5.993300
1.952900
2.963000
2.963000
1.952900
2.963000
2.963000
2.963000
-2.087500
-5.117800
-4.107700
-3.097600
-6.127900
-5.117800
-2.087500
-2.087500
-3.097600
-5.117800
-6.127900
-4.107700
-9.158200
-10.168000
-8.148100
-7.138000
-9.158200
-6.127900
-3.097600
-1.077400
-1.077400
-1.077400
-2.087500
1.952900
1.952900
3.973100
7.003400
5.993300
3.973100
1.952900
1.952900
2.963000
4.983200
4.983200
4.983200
4.983200
7.003400
5.993300
-0.067340
-6.127900
-7.138000
-7.138000
-6.127900
-2.087500
2.963000
11.044000
12.054000
11.044000
9.023600
5.993300
-0.067340
0.942760
0.942760
4.983200
10.034000
13.064000
8.013500
1.952900
-3.097600
-5.117800
-6.127900
-1.077400
0.942760
0.942760
2.963000
1.952900
-2.087500
-0.067340
0.942760
7.003400
13.064000
13.064000
13.064000
13.064000
11.044000
15.084000
19.125000
18.114000
13.064000
5.993300
-2.087500
-0.067340
2.963000
7.003400
10.034000
8.013500
3.973100
1.952900
5.993300
9.023600
9.023600
8.013500
8.013500
9.023600
7.003400
5.993300
4.983200
1.952900
4.983200
10.034000
10.034000
4.983200
4.983200
3.973100
4.983200
8.013500
7.003400
2.963000
-4.107700
-4.107700
-0.067340
0.942760
1.952900
-0.067340
-1.077400
-6.127900
-10.168000
-12.189000
-12.189000
-9.158200
-4.107700
-3.097600
-4.107700
-1.077400
3.973100
3.973100
7.003400
10.034000
16.094000
17.104000
14.074000
8.013500
7.003400
7.003400
10.034000
9.023600
9.023600
12.054000
15.084000
15.084000
14.074000
13.064000
13.064000
5.993300
-0.067340
-2.087500
-5.117800
-3.097600
1.952900
0.942760
-1.077400
-3.097600
-0.067340
0.942760
0.942760
-1.077400
-1.077400
-1.077400
1.952900
4.983200
2.963000
0.942760
0.942760
-1.077400
-3.097600
-2.087500
-3.097600
-1.077400
-2.087500
-6.127900
-4.107700
3.973100
4.983200
4.983200
-0.067340
-1.077400
-0.067340
-2.087500
-2.087500
-0.067340
1.952900
2.963000
1.952900
-0.067340
-1.077400
-1.077400
-3.097600
-3.097600
-5.117800
-7.138000
-6.127900
-7.138000
-4.107700
1.952900
7.003400
4.983200
2.963000
0.942760
0.942760
-3.097600
-5.117800
-4.107700
-1.077400
-0.067340
2.963000
2.963000
0.942760
-4.107700
-5.117800
-3.097600
-5.117800
-8.148100
-12.189000
-11.178000
-14.209000
-15.219000
-15.219000
-14.209000
-11.178000
-13.199000
-13.199000
-12.189000
-16.229000
-15.219000
-17.239000
-16.229000
-6.127900
-0.067340
-3.097600
-7.138000
-9.158200
-5.117800
-1.077400
-0.067340
-5.117800
-7.138000
-10.168000
-14.209000
-20.268999
-19.259001
-21.278999
-22.290001
-21.278999
-14.209000
-8.148100
-6.127900
-7.138000
-9.158200
-15.219000
-21.278999
-26.330000
-23.299999
-12.189000
-2.087500
1.952900
4.983200
4.983200
-0.067340
-5.117800
-13.199000
-20.268999
-23.299999
-21.278999
-16.229000
-6.127900
-2.087500
0.942760
4.983200
3.973100
-1.077400
-4.107700
-0.067340
1.952900
0.942760
1.952900
0.942760
-1.077400
3.973100
4.983200
-1.077400
0.942760
3.973100
1.952900
3.973100
9.023600
12.054000
14.074000
13.064000
3.973100
-0.067340
0.942760
7.003400
10.034000
4.983200
2.963000
0.942760
-3.097600
-5.117800
-6.127900
-2.087500
3.973100
10.034000
7.003400
-3.097600
-12.189000
-12.189000
-8.148100
-10.168000
-16.229000
-15.219000
