17.867001
22.867001
20.867001
13.867000
10.867000
10.867000
15.867000
19.867001
19.867001
16.867001
15.867000
14.867000
16.867001
15.867000
14.867000
13.867000
12.867000
12.867000
13.867000
13.867000
16.867001
18.867001
19.867001
18.867001
13.867000
13.867000
13.867000
12.867000
14.867000
15.867000
14.867000
13.867000
16.867001
22.867001
20.867001
17.867001
15.867000
15.867000
12.867000
8.866700
6.866700
2.866700
5.866700
8.866700
8.866700
6.866700
4.866700
3.866700
11.867000
15.867000
15.867000
13.867000
14.867000
13.867000
11.867000
10.867000
10.867000
11.867000
14.867000
18.867001
17.867001
13.867000
10.867000
10.867000
7.866700
4.866700
1.866700
2.866700
3.866700
4.866700
8.866700
8.866700
8.866700
8.866700
6.866700
4.866700
7.866700
6.866700
7.866700
11.867000
16.867001
14.867000
10.867000
8.866700
8.866700
5.866700
4.866700
5.866700
1.866700
-0.133330
-4.133300
-9.133300
-7.133300
-0.133330
4.866700
12.867000
18.867001
17.867001
15.867000
16.867001
13.867000
13.867000
13.867000
11.867000
7.866700
1.866700
-0.133330
-1.133300
-4.133300
-4.133300
-2.133300
0.866670
3.866700
4.866700
4.866700
4.866700
6.866700
8.866700
4.866700
-1.133300
-1.133300
-6.133300
-10.133000
-6.133300
-1.133300
-5.133300
-11.133000
-8.133300
-4.133300
-5.133300
-1.133300
1.866700
-1.133300
-1.133300
-0.133330
-2.133300
-1.133300
-4.133300
-5.133300
-5.133300
-5.133300
-1.133300
1.866700
4.866700
6.866700
4.866700
2.866700
-0.133330
-1.133300
-0.133330
-1.133300
-1.133300
-1.133300
-1.133300
-2.133300
-1.133300
-0.133330
-1.133300
-3.133300
-3.133300
-3.133300
-0.133330
1.866700
5.866700
7.866700
4.866700
1.866700
-3.133300
-7.133300
-5.133300
-0.133330
2.866700
0.866670
-5.133300
-8.133300
-9.133300
-4.133300
-3.133300
-0.133330
3.866700
3.866700
-0.133330
-1.133300
-2.133300
-5.133300
-8.133300
-8.133300
-7.133300
-9.133300
-10.133000
-9.133300
-6.133300
-0.133330
2.866700
1.866700
1.866700
0.866670
0.866670
-0.133330
-5.133300
-5.133300
-1.133300
-1.133300
-3.133300
0.866670
2.866700
3.866700
4.866700
6.866700
5.866700
3.866700
1.866700
2.866700
3.866700
5.866700
3.866700
-1.133300
-6.133300
-9.133300
-9.133300
-9.133300
-9.133300
-11.133000
-12.133000
-10.133000
-9.133300
-4.133300
1.866700
6.866700
8.866700
8.866700
5.866700
6.866700
8.866700
7.866700
2.866700
-1.133300
-3.133300
-3.133300
-2.133300
4.866700
10.867000
13.867000
12.867000
9.866700
9.866700
8.866700
8.866700
10.867000
11.867000
9.866700
9.866700
13.867000
21.867001
21.867001
17.867001
13.867000
11.867000
3.866700
-0.133330
-1.133300
-0.133330
1.866700
1.866700
1.866700
5.866700
11.867000
13.867000
14.867000
13.867000
12.867000
11.867000
7.866700
8.866700
10.867000
12.867000
11.867000
5.866700
4.866700
4.866700
0.866670
-2.133300
-4.133300
-1.133300
-1.133300
-5.133300
-6.133300
-4.133300
-5.133300
-5.133300
-5.133300
-3.133300
2.866700
5.866700
2.866700
-3.133300
-6.133300
-7.133300
-8.133300
-8.133300
-6.133300
-4.133300
0.866670
1.866700
-0.133330
-0.133330
4.866700
7.866700
7.866700
7.866700
6.866700
4.866700
5.866700
5.866700
2.866700
1.866700
1.866700
5.866700
8.866700
8.866700
8.866700
1.866700
-4.133300
-6.133300
-9.133300
-4.133300
0.866670
-3.133300
-1.133300
2.866700
0.866670
-4.133300
-4.133300
-3.133300
-0.133330
-1.133300
-0.133330
1.866700
2.866700
0.866670
-0.133330
1.866700
-0.133330
0.866670
-1.133300
1.866700
4.866700
5.866700
8.866700
9.866700
8.866700
6.866700
4.866700
5.866700
9.866700
11.867000
13.867000
10.867000
4.866700
-1.133300
-8.133300
-11.133000
-7.133300
-4.133300
-0.133330
7.866700
12.867000
13.867000
13.867000
11.867000
7.866700
4.866700
3.866700
-2.133300
-6.133300
-4.133300
-5.133300
-5.133300
0.866670
6.866700
7.866700
3.866700
-1.133300
-4.133300
-5.133300
-1.133300
6.866700
14.867000
15.867000
12.867000
11.867000
6.866700
6.866700
5.866700
5.866700
6.866700
7.866700
9.866700
11.867000
12.867000
15.867000
14.867000
12.867000
10.867000
6.866700
0.866670
-2.133300
-6.133300
-10.133000
-12.133000
-12.133000
-8.133300
-3.133300
2.866700
7.866700
10.867000
12.867000
10.867000
5.866700
-1.133300
-4.133300
-5.133300
-8.133300
-9.133300
-10.133000
-8.133300
-5.133300
-1.133300
2.866700
1.866700
0.866670
-0.133330
-1.133300
0.866670
0.866670
1.866700
-0.133330
-3.133300
-2.133300
1.866700
2.866700
2.866700
0.866670
-0.133330
-4.133300
-4.133300
-1.133300
-1.133300
-4.133300
-4.133300
-3.133300
-0.133330
-0.133330
-2.133300
-4.133300
-5.133300
-2.133300
1.866700
0.866670
0.866670
-1.133300
-2.133300
-0.133330
1.866700
4.866700
4.866700
3.866700
2.866700
2.866700
3.866700
-0.133330
-3.133300
-5.133300
-2.133300
-0.133330
1.866700
6.866700
8.866700
10.867000
11.867000
9.866700
6.866700
3.866700
2.866700
2.866700
-0.133330
-1.133300
-3.133300
-4.133300
-3.133300
1.866700
2.866700
2.866700
2.866700
0.866670
1.866700
7.866700
8.866700
5.866700
1.866700
-1.133300
0.866670
0.866670
-0.133330
-1.133300
-4.133300
-4.133300
-8.133300
-10.133000
-7.133300
-4.133300
-1.133300
-0.133330
0.866670
0.866670
4.866700
9.866700
16.867001
20.867001
21.867001
22.867001
19.867001
13.867000
10.867000
7.866700
6.866700
5.866700
5.866700
4.866700
4.866700
7.866700
8.866700
10.867000
9.866700
8.866700
8.866700
6.866700
5.866700
5.866700
5.866700
3.866700
1.866700
-4.133300
-6.133300
-4.133300
-2.133300
-3.133300
-5.133300
-10.133000
-12.133000
-10.133000
-5.133300
2.866700
4.866700
2.866700
-1.133300
-3.133300
-2.133300
5.866700
7.866700
9.866700
10.867000
6.866700
3.866700
-1.133300
-2.133300
-2.133300
-0.133330
-1.133300
-4.133300
-6.133300
-9.133300
-12.133000
-11.133000
-12.133000
-11.133000
-9.133300
-9.133300
-9.133300
-7.133300
-8.133300
-12.133000
-13.133000
-12.133000
-9.133300
-7.133300
-6.133300
-8.133300
-12.133000
-15.133000
-10.133000
-5.133300
-6.133300
-8.133300
-8.133300
-7.133300
-0.133330
-0.133330
-3.133300
-3.133300
-4.133300
-1.133300
-3.133300
-9.133300
-10.133000
-12.133000
-14.133000
-14.133000
-11.133000
-11.133000
-9.133300
-6.133300
-4.133300
-3.133300
-4.133300
-1.133300
0.866670
-1.133300
-3.133300
-5.133300
-3.133300
-2.133300
-5.133300
-3.133300
-1.133300
-2.133300
-4.133300
-5.133300
-1.133300
-2.133300
-4.133300
-6.133300
-7.133300
-6.133300
-8.133300
-9.133300
-9.133300
-6.133300
-0.133330
-2.133300
-1.133300
0.866670
-1.133300
-1.133300
1.866700
3.866700
-0.133330
-6.133300
-7.133300
-7.133300
-9.133300
-10.133000
-6.133300
-4.133300
-7.133300
-11.133000
-10.133000
-5.133300
-4.133300
-4.133300
-2.133300
0.866670
4.866700
11.867000
10.867000
8.866700
11.867000
13.867000
11.867000
10.867000
12.867000
12.867000
9.866700
10.867000
10.867000
11.867000
8.866700
9.866700
11.867000
12.867000
11.867000
6.866700
2.866700
2.866700
0.866670
-1.133300
-5.133300
-3.133300
2.866700
4.866700
6.866700
11.867000
10.867000
7.866700
6.866700
5.866700
1.866700
0.866670
0.866670
3.866700
4.866700
3.866700
3.866700
4.866700
6.866700
6.866700
3.866700
-0.133330
-1.133300
-0.133330
-1.133300
-2.133300
-1.133300
-0.133330
-3.133300
-5.133300
-4.133300
-5.133300
-9.133300
-8.133300
-5.133300
-4.133300
-5.133300
-6.133300
-8.133300
-9.133300
-13.133000
-13.133000
-11.133000
-7.133300
-7.133300
-6.133300
-3.133300
-3.133300
-3.133300
-3.133300
-3.133300
-0.133330
0.866670
1.866700
5.866700
4.866700
5.866700
5.866700
3.866700
3.866700
4.866700
4.866700
4.866700
5.866700
9.866700
10.867000
4.866700
-4.133300
-8.133300
-8.133300
-5.133300
-1.133300
4.866700
13.867000
14.867000
9.866700
6.866700
5.866700
3.866700
5.866700
6.866700
8.866700
10.867000
9.866700
5.866700
0.866670
-2.133300
-5.133300
-6.133300
-2.133300
1.866700
3.866700
6.866700
5.866700
1.866700
2.866700
1.866700
7.866700
13.867000
13.867000
15.867000
15.867000
13.867000
18.867001
22.867001
22.867001
17.867001
10.867000
1.866700
2.866700
5.866700
9.866700
12.867000
9.866700
6.866700
4.866700
7.866700
10.867000
9.866700
7.866700
7.866700
9.866700
8.866700
8.866700
7.866700
5.866700
7.866700
10.867000
12.867000
7.866700
5.866700
3.866700
4.866700
7.866700
7.866700
2.866700
-5.133300
-6.133300
-3.133300
-2.133300
-1.133300
-2.133300
-2.133300
-5.133300
-11.133000
-15.133000
-14.133000
-11.133000
-4.133300
-0.133330
-0.133330
0.866670
6.866700
8.866700
10.867000
12.867000
18.867001
18.867001
15.867000
10.867000
8.866700
8.866700
10.867000
10.867000
10.867000
13.867000
16.867001
15.867000
14.867000
14.867000
13.867000
6.866700
-0.133330
-1.133300
-3.133300
-3.133300
-0.133330
-1.133300
-3.133300
-4.133300
0.866670
1.866700
-0.133330
-2.133300
-1.133300
1.866700
5.866700
7.866700
5.866700
2.866700
2.866700
0.866670
-1.133300
-2.133300
-4.133300
-3.133300
-1.133300
-4.133300
-4.133300
2.866700
4.866700
4.866700
1.866700
-0.133330
-1.133300
-2.133300
-4.133300
-3.133300
-2.133300
-0.133330
1.866700
-1.133300
-2.133300
-3.133300
-5.133300
-7.133300
-9.133300
-10.133000
-8.133300
-9.133300
-7.133300
-1.133300
4.866700
3.866700
1.866700
-0.133330
-2.133300
-5.133300
-7.133300
-6.133300
-3.133300
-0.133330
2.866700
2.866700
-0.133330
-5.133300
-5.133300
-3.133300
-5.133300
-8.133300
-14.133000
-15.133000
-19.132999
-20.132999
-19.132999
-17.132999
-14.133000
-16.132999
-17.132999
-16.132999
-18.132999
-18.132999
-20.132999
-21.132999
-14.133000
-7.133300
-7.133300
-8.133300
-6.133300
-0.133330
3.866700
3.866700
-1.133300
-6.133300
-9.133300
-13.133000
-21.132999
-23.132999
-23.132999
-22.132999
-21.132999
-12.133000
-6.133300
-4.133300
-5.133300
-8.133300
-15.133000
-23.132999
-29.132999
-27.132999
-15.133000
-3.133300
3.866700
7.866700
7.866700
1.866700
-3.133300
-12.133000
-21.132999
-27.132999
-27.132999
-22.132999
-12.133000
-4.133300
0.866670
4.866700
3.866700
-0.133330
-1.133300
2.866700
3.866700
1.866700
0.866670
-1.133300
-3.133300
2.866700
5.866700
2.866700
4.866700
7.866700
5.866700
4.866700
8.866700
11.867000
14.867000
13.867000
4.866700
-0.133330
-1.133300
3.866700
6.866700
1.866700
-1.133300
-5.133300
-9.133300
-8.133300
-6.133300
-1.133300
3.866700
9.866700
7.866700
-0.133330
-9.133300
-10.133000
-6.133300
-6.133300
-12.133000
-13.133000
