29.827999
29.827999
26.735001
24.674000
26.735001
28.797001
31.889999
31.889999
27.766001
24.674000
23.643000
21.580999
22.612000
23.643000
19.518999
16.426001
18.488001
17.457001
20.549999
20.549999
20.549999
19.518999
19.518999
20.549999
21.580999
22.612000
24.674000
23.643000
25.704000
28.797001
28.797001
25.704000
25.704000
28.797001
26.735001
23.643000
21.580999
21.580999
18.488001
17.457001
18.488001
16.426001
17.457001
17.457001
14.364000
13.333000
14.364000
15.395000
22.612000
26.735001
25.704000
20.549999
21.580999
24.674000
24.674000
20.549999
18.488001
16.426001
18.488001
22.612000
27.766001
23.643000
16.426001
15.395000
17.457001
16.426001
11.271000
11.271000
10.241000
16.426001
19.518999
17.457001
18.488001
22.612000
18.488001
16.426001
15.395000
10.241000
9.209600
14.364000
20.549999
18.488001
16.426001
14.364000
13.333000
11.271000
14.364000
14.364000
6.116800
1.993100
-0.068730
-2.130600
-1.099700
5.085900
9.209600
15.395000
19.518999
21.580999
21.580999
20.549999
17.457001
16.426001
17.457001
16.426001
11.271000
5.085900
5.085900
9.209600
7.147800
3.024100
1.993100
5.085900
10.241000
9.209600
4.055000
-0.068730
3.024100
6.116800
6.116800
-2.130600
-2.130600
-0.068730
-0.068730
-0.068730
0.962200
-1.099700
-7.285200
-4.192400
-2.130600
-0.068730
3.024100
5.085900
-2.130600
-4.192400
-4.192400
-1.099700
0.962200
-4.192400
-7.285200
-2.130600
-0.068730
-0.068730
0.962200
7.147800
10.241000
10.241000
10.241000
8.178700
8.178700
8.178700
7.147800
6.116800
5.085900
1.993100
-1.099700
0.962200
4.055000
4.055000
1.993100
6.116800
6.116800
6.116800
4.055000
5.085900
8.178700
7.147800
3.024100
0.962200
-1.099700
1.993100
3.024100
0.962200
-3.161500
-8.316200
-5.223400
-5.223400
-3.161500
-4.192400
-6.254300
-2.130600
0.962200
-1.099700
3.024100
4.055000
-1.099700
-3.161500
-0.068730
0.962200
-2.130600
-3.161500
-3.161500
-3.161500
-3.161500
-1.099700
-2.130600
-1.099700
-0.068730
5.085900
0.962200
-3.161500
-2.130600
-1.099700
-3.161500
-2.130600
0.962200
-0.068730
3.024100
13.333000
10.241000
-0.068730
-0.068730
-4.192400
-2.130600
-1.099700
1.993100
1.993100
1.993100
0.962200
0.962200
1.993100
-1.099700
-2.130600
-4.192400
-6.254300
-7.285200
-6.254300
-6.254300
-1.099700
4.055000
6.116800
5.085900
5.085900
7.147800
11.271000
7.147800
-1.099700
-6.254300
-7.285200
-9.347100
-8.316200
-0.068730
7.147800
11.271000
10.241000
6.116800
5.085900
8.178700
10.241000
9.209600
8.178700
8.178700
9.209600
15.395000
23.643000
23.643000
22.612000
22.612000
24.674000
14.364000
9.209600
7.147800
8.178700
10.241000
8.178700
1.993100
3.024100
9.209600
9.209600
7.147800
7.147800
13.333000
10.241000
9.209600
14.364000
15.395000
13.333000
9.209600
1.993100
0.962200
-0.068730
-4.192400
-9.347100
-10.378000
-5.223400
-3.161500
-7.285200
-5.223400
0.962200
-0.068730
-4.192400
-8.316200
-7.285200
0.962200
1.993100
-3.161500
-7.285200
-8.316200
-6.254300
-6.254300
-7.285200
-5.223400
-2.130600
4.055000
1.993100
-3.161500
-6.254300
-3.161500
-1.099700
3.024100
5.085900
3.024100
1.993100
3.024100
7.147800
1.993100
-4.192400
-6.254300
-0.068730
7.147800
7.147800
5.085900
-3.161500
-12.440000
-14.502000
-15.533000
-6.254300
-4.192400
-8.316200
-9.347100
-8.316200
-8.316200
-8.316200
-8.316200
-8.316200
-4.192400
-6.254300
-7.285200
-7.285200
-6.254300
-6.254300
-4.192400
-3.161500
-5.223400
-4.192400
-5.223400
-8.316200
-9.347100
-9.347100
-4.192400
3.024100
8.178700
7.147800
-3.161500
-7.285200
-6.254300
-0.068730
6.116800
6.116800
-1.099700
-4.192400
-9.347100
-12.440000
-11.409000
-10.378000
-1.099700
10.241000
14.364000
11.271000
8.178700
3.024100
-4.192400
-7.285200
-5.223400
-8.316200
-7.285200
-6.254300
-10.378000
-12.440000
-7.285200
-4.192400
-2.130600
0.962200
4.055000
-0.068730
-4.192400
-1.099700
0.962200
7.147800
4.055000
3.024100
9.209600
8.178700
6.116800
1.993100
-2.130600
-4.192400
-0.068730
8.178700
13.333000
13.333000
15.395000
10.241000
7.147800
1.993100
-5.223400
-9.347100
-8.316200
-8.316200
-5.223400
-6.254300
-7.285200
-5.223400
-6.254300
-3.161500
-0.068730
5.085900
8.178700
4.055000
-5.223400
-11.409000
-13.471000
-11.409000
-9.347100
-7.285200
-10.378000
-10.378000
-5.223400
0.962200
6.116800
3.024100
3.024100
6.116800
3.024100
-0.068730
-0.068730
3.024100
5.085900
1.993100
1.993100
5.085900
7.147800
8.178700
5.085900
3.024100
-0.068730
4.055000
5.085900
4.055000
-1.099700
-3.161500
-1.099700
1.993100
1.993100
-1.099700
-3.161500
-3.161500
1.993100
9.209600
7.147800
6.116800
5.085900
1.993100
5.085900
6.116800
11.271000
12.302000
8.178700
9.209600
12.302000
7.147800
-0.068730
-2.130600
-2.130600
1.993100
6.116800
7.147800
8.178700
13.333000
16.426001
14.364000
10.241000
12.302000
12.302000
13.333000
7.147800
-0.068730
0.962200
1.993100
0.962200
0.962200
5.085900
7.147800
7.147800
6.116800
4.055000
6.116800
15.395000
14.364000
8.178700
-0.068730
-3.161500
-1.099700
-0.068730
-2.130600
-1.099700
3.024100
4.055000
-3.161500
-6.254300
-4.192400
-0.068730
5.085900
6.116800
6.116800
0.962200
5.085900
8.178700
12.302000
15.395000
15.395000
16.426001
14.364000
11.271000
12.302000
16.426001
14.364000
8.178700
7.147800
7.147800
7.147800
7.147800
7.147800
8.178700
4.055000
-0.068730
-3.161500
-2.130600
0.962200
1.993100
5.085900
1.993100
0.962200
-2.130600
-2.130600
-1.099700
3.024100
1.993100
1.993100
-3.161500
-6.254300
-10.378000
-8.316200
-3.161500
-0.068730
1.993100
1.993100
-0.068730
-1.099700
6.116800
7.147800
7.147800
5.085900
1.993100
-3.161500
-7.285200
-6.254300
-3.161500
-0.068730
0.962200
0.962200
-1.099700
-6.254300
-7.285200
-5.223400
-8.316200
-8.316200
-9.347100
-9.347100
-9.347100
-7.285200
-8.316200
-9.347100
-11.409000
-11.409000
-8.316200
-5.223400
-2.130600
-1.099700
-4.192400
-8.316200
-4.192400
-1.099700
-0.068730
-1.099700
-2.130600
-0.068730
4.055000
-1.099700
-2.130600
0.962200
3.024100
5.085900
3.024100
-0.068730
-4.192400
-8.316200
-10.378000
-8.316200
-7.285200
-6.254300
-1.099700
-0.068730
-2.130600
-1.099700
-1.099700
-1.099700
-0.068730
-0.068730
-0.068730
0.962200
-0.068730
-0.068730
1.993100
3.024100
6.116800
5.085900
5.085900
4.055000
7.147800
3.024100
-0.068730
-0.068730
3.024100
-0.068730
-6.254300
-5.223400
-3.161500
-0.068730
4.055000
4.055000
3.024100
9.209600
9.209600
3.024100
3.024100
5.085900
4.055000
1.993100
1.993100
-0.068730
-1.099700
-0.068730
3.024100
7.147800
5.085900
-1.099700
-5.223400
-4.192400
-0.068730
-0.068730
0.962200
1.993100
6.116800
11.271000
11.271000
8.178700
14.364000
13.333000
8.178700
5.085900
5.085900
7.147800
7.147800
9.209600
7.147800
6.116800
4.055000
6.116800
4.055000
3.024100
3.024100
-1.099700
-4.192400
-4.192400
-7.285200
-10.378000
-9.347100
-6.254300
-1.099700
-0.068730
5.085900
10.241000
8.178700
6.116800
6.116800
5.085900
4.055000
-1.099700
-3.161500
4.055000
5.085900
1.993100
0.962200
7.147800
7.147800
3.024100
0.962200
0.962200
-1.099700
-0.068730
0.962200
-5.223400
-6.254300
-2.130600
-5.223400
-6.254300
-5.223400
-7.285200
-12.440000
-12.440000
-8.316200
-6.254300
-5.223400
-6.254300
-6.254300
-7.285200
-8.316200
-10.378000
-11.409000
-12.440000
-12.440000
-7.285200
-4.192400
-4.192400
-5.223400
-2.130600
-0.068730
5.085900
1.993100
-0.068730
3.024100
5.085900
4.055000
4.055000
5.085900
6.116800
7.147800
5.085900
-0.068730
-1.099700
6.116800
9.209600
6.116800
-1.099700
-3.161500
-3.161500
-2.130600
-3.161500
0.962200
9.209600
12.302000
6.116800
4.055000
5.085900
0.962200
4.055000
6.116800
10.241000
11.271000
10.241000
7.147800
7.147800
5.085900
3.024100
4.055000
5.085900
6.116800
6.116800
8.178700
7.147800
-1.099700
-2.130600
4.055000
11.271000
15.395000
13.333000
15.395000
15.395000
14.364000
24.674000
29.827999
23.643000
16.426001
10.241000
6.116800
14.364000
15.395000
15.395000
16.426001
14.364000
12.302000
9.209600
6.116800
5.085900
5.085900
6.116800
5.085900
8.178700
8.178700
6.116800
9.209600
13.333000
15.395000
12.302000
13.333000
12.302000
7.147800
6.116800
9.209600
11.271000
13.333000
11.271000
8.178700
8.178700
5.085900
0.962200
-1.099700
1.993100
8.178700
-1.099700
-9.347100
-8.316200
-9.347100
-7.285200
-4.192400
1.993100
0.962200
4.055000
9.209600
10.241000
13.333000
16.426001
15.395000
14.364000
12.302000
1.993100
1.993100
5.085900
7.147800
1.993100
1.993100
4.055000
9.209600
9.209600
6.116800
8.178700
9.209600
4.055000
-4.192400
-5.223400
-3.161500
-2.130600
-2.130600
-1.099700
-1.099700
-1.099700
3.024100
5.085900
1.993100
3.024100
4.055000
4.055000
11.271000
14.364000
1.993100
-3.161500
3.024100
1.993100
-0.068730
-0.068730
0.962200
-1.099700
-0.068730
0.962200
1.993100
3.024100
5.085900
7.147800
4.055000
6.116800
6.116800
6.116800
6.116800
5.085900
3.024100
5.085900
7.147800
7.147800
6.116800
4.055000
4.055000
0.962200
-3.161500
-7.285200
-4.192400
-4.192400
-6.254300
-8.316200
-3.161500
-1.099700
-1.099700
-5.223400
1.993100
3.024100
-4.192400
-6.254300
-2.130600
-1.099700
3.024100
1.993100
-6.254300
-8.316200
-6.254300
-5.223400
-5.223400
-5.223400
-9.347100
-5.223400
-6.254300
-5.223400
-4.192400
-6.254300
-4.192400
-10.378000
-11.409000
-4.192400
-6.254300
-11.409000
-17.594999
-18.625000
-13.471000
-11.409000
-6.254300
-5.223400
-7.285200
-7.285200
-4.192400
-4.192400
-3.161500
-5.223400
-7.285200
-7.285200
-13.471000
-17.594999
-16.563999
-12.440000
-10.378000
-3.161500
-5.223400
-7.285200
-10.378000
-12.440000
-16.563999
-21.718000
-23.780001
-19.656000
-12.440000
-6.254300
-1.099700
6.116800
0.962200
-10.378000
-9.347100
-10.378000
-10.378000
-17.594999
-20.687000
-16.563999
-9.347100
-6.254300
-7.285200
-4.192400
-3.161500
-5.223400
-6.254300
-2.130600
4.055000
8.178700
-0.068730
-10.378000
-13.471000
-5.223400
-0.068730
-2.130600
-5.223400
-6.254300
-3.161500
-1.099700
3.024100
7.147800
10.241000
8.178700
1.993100
-0.068730
0.962200
1.993100
5.085900
-0.068730
-3.161500
-5.223400
-10.378000
-14.502000
-11.409000
-9.347100
-5.223400
-3.161500
-6.254300
-9.347100
-14.502000
-11.409000
-4.192400
-0.068730
-9.347100
-10.378000
