19.834000
19.834000
22.819000
17.844000
15.854000
17.844000
19.834000
22.819000
22.819000
16.849001
16.849001
15.854000
13.864000
12.869000
12.869000
13.864000
12.869000
10.879000
12.869000
11.874000
9.883900
8.888900
9.883900
15.854000
15.854000
19.834000
22.819000
18.839001
16.849001
13.864000
10.879000
8.888900
6.898800
11.874000
10.879000
9.883900
9.883900
10.879000
13.864000
13.864000
13.864000
11.874000
14.859000
15.854000
10.879000
5.903800
3.913800
2.918700
8.888900
14.859000
15.854000
12.869000
14.859000
11.874000
8.888900
10.879000
12.869000
10.879000
11.874000
14.859000
12.869000
13.864000
9.883900
11.874000
13.864000
13.864000
9.883900
7.893900
5.903800
4.908800
4.908800
5.903800
10.879000
20.829000
18.839001
14.859000
10.879000
10.879000
7.893900
9.883900
13.864000
10.879000
8.888900
7.893900
6.898800
6.898800
7.893900
7.893900
8.888900
6.898800
2.918700
-1.061400
3.913800
8.888900
12.869000
16.849001
18.839001
17.844000
16.849001
18.839001
19.834000
19.834000
17.844000
12.869000
8.888900
6.898800
9.883900
10.879000
3.913800
4.908800
6.898800
6.898800
7.893900
4.908800
6.898800
8.888900
8.888900
12.869000
10.879000
0.928690
-3.051400
-4.046400
-4.046400
-0.066340
2.918700
3.913800
0.928690
0.928690
-0.066340
-5.041500
-4.046400
-0.066340
-0.066340
2.918700
-0.066340
-5.041500
-3.051400
-5.041500
-7.031500
-6.036500
-3.051400
-1.061400
-3.051400
-3.051400
-4.046400
-3.051400
0.928690
1.923700
-3.051400
-4.046400
-4.046400
-1.061400
1.923700
-4.046400
-13.002000
-12.007000
-6.036500
-3.051400
-0.066340
-2.056400
-4.046400
-5.041500
-11.012000
-9.021600
-3.051400
-0.066340
-3.051400
-8.026500
-10.017000
-6.036500
-3.051400
-4.046400
-5.041500
-9.021600
-8.026500
2.918700
6.898800
-1.061400
-3.051400
-4.046400
-5.041500
-7.031500
-6.036500
-7.031500
-7.031500
-7.031500
-1.061400
3.913800
0.928690
2.918700
5.903800
-1.061400
-3.051400
-2.056400
-3.051400
-3.051400
-5.041500
-4.046400
-2.056400
-3.051400
-8.026500
-10.017000
-12.007000
-11.012000
-4.046400
0.928690
8.888900
10.879000
7.893900
2.918700
-3.051400
-6.036500
-3.051400
0.928690
-0.066340
-1.061400
-2.056400
-4.046400
-4.046400
-6.036500
-5.041500
0.928690
4.908800
2.918700
1.923700
0.928690
-0.066340
-4.046400
-3.051400
1.923700
6.898800
11.874000
11.874000
9.883900
7.893900
3.913800
-1.061400
-2.056400
0.928690
1.923700
4.908800
8.888900
8.888900
10.879000
6.898800
1.923700
3.913800
8.888900
10.879000
10.879000
10.879000
13.864000
17.844000
24.809000
23.813999
19.834000
20.829000
24.809000
13.864000
8.888900
7.893900
7.893900
14.859000
12.869000
12.869000
15.854000
17.844000
18.839001
22.819000
22.819000
13.864000
10.879000
9.883900
13.864000
15.854000
11.874000
8.888900
0.928690
-0.066340
3.913800
5.903800
2.918700
1.923700
1.923700
1.923700
3.913800
8.888900
13.864000
11.874000
6.898800
0.928690
-3.051400
-0.066340
7.893900
12.869000
6.898800
0.928690
-1.061400
-2.056400
-5.041500
-6.036500
-7.031500
0.928690
5.903800
3.913800
4.908800
7.893900
3.913800
-1.061400
-3.051400
-5.041500
-5.041500
-4.046400
4.908800
6.898800
4.908800
5.903800
7.893900
13.864000
14.859000
8.888900
-0.066340
-7.031500
-7.031500
-7.031500
-0.066340
4.908800
0.928690
-2.056400
-5.041500
-9.021600
-10.017000
-12.007000
-13.997000
-10.017000
-9.021600
-7.031500
-6.036500
-4.046400
-5.041500
-7.031500
-5.041500
-3.051400
-4.046400
-10.017000
-9.021600
-8.026500
-8.026500
0.928690
3.913800
-0.066340
-1.061400
0.928690
6.898800
5.903800
2.918700
4.908800
4.908800
1.923700
-0.066340
-4.046400
-10.017000
-12.007000
-11.012000
-9.021600
-4.046400
-0.066340
1.923700
3.913800
2.918700
1.923700
0.928690
0.928690
-1.061400
-3.051400
-6.036500
-12.007000
-13.002000
-8.026500
-3.051400
1.923700
4.908800
3.913800
2.918700
-1.061400
-4.046400
-6.036500
-5.041500
-2.056400
-2.056400
-3.051400
-3.051400
-0.066340
2.918700
3.913800
6.898800
13.864000
16.849001
16.849001
17.844000
18.839001
14.859000
7.893900
-5.041500
-19.966999
-23.947001
-16.982000
-8.026500
1.923700
10.879000
14.859000
18.839001
19.834000
17.844000
13.864000
10.879000
10.879000
8.888900
2.918700
-7.031500
-9.021600
-8.026500
-8.026500
-8.026500
-10.017000
-3.051400
2.918700
2.918700
4.908800
-3.051400
-6.036500
-8.026500
-13.002000
-10.017000
-9.021600
-4.046400
0.928690
0.928690
5.903800
8.888900
8.888900
3.913800
-2.056400
-7.031500
-9.021600
-4.046400
7.893900
9.883900
0.928690
-1.061400
-3.051400
-4.046400
-5.041500
-9.021600
-5.041500
-0.066340
7.893900
13.864000
9.883900
10.879000
8.888900
2.918700
0.928690
1.923700
2.918700
6.898800
9.883900
12.869000
14.859000
12.869000
7.893900
2.918700
-2.056400
-0.066340
2.918700
2.918700
8.888900
12.869000
10.879000
10.879000
11.874000
13.864000
11.874000
5.903800
3.913800
2.918700
4.908800
5.903800
2.918700
-3.051400
-7.031500
-10.017000
-9.021600
-2.056400
2.918700
6.898800
6.898800
4.908800
-0.066340
-6.036500
-10.017000
-3.051400
1.923700
0.928690
-0.066340
-0.066340
0.928690
-0.066340
-1.061400
-3.051400
-2.056400
1.923700
6.898800
8.888900
6.898800
5.903800
2.918700
2.918700
4.908800
4.908800
7.893900
9.883900
10.879000
12.869000
13.864000
9.883900
7.893900
11.874000
10.879000
9.883900
11.874000
7.893900
7.893900
2.918700
-7.031500
-11.012000
-3.051400
3.913800
7.893900
12.869000
9.883900
1.923700
-1.061400
-2.056400
4.908800
9.883900
5.903800
4.908800
4.908800
5.903800
2.918700
-7.031500
-9.021600
-6.036500
-3.051400
-1.061400
6.898800
5.903800
8.888900
10.879000
12.869000
11.874000
6.898800
-0.066340
-4.046400
-3.051400
-5.041500
-4.046400
-0.066340
-0.066340
0.928690
1.923700
0.928690
-3.051400
-7.031500
-5.041500
-4.046400
-2.056400
1.923700
1.923700
5.903800
4.908800
3.913800
0.928690
-3.051400
-4.046400
-6.036500
-8.026500
-7.031500
-9.021600
-5.041500
-1.061400
-2.056400
2.918700
10.879000
5.903800
1.923700
-1.061400
-4.046400
-1.061400
1.923700
6.898800
5.903800
-1.061400
-7.031500
-10.017000
-8.026500
-7.031500
-5.041500
-1.061400
-1.061400
-2.056400
-1.061400
0.928690
-1.061400
-2.056400
0.928690
-2.056400
-1.061400
-4.046400
-7.031500
-8.026500
-5.041500
-2.056400
-0.066340
0.928690
-2.056400
-5.041500
-2.056400
-3.051400
-0.066340
2.918700
0.928690
-1.061400
-2.056400
-3.051400
-9.021600
-9.021600
-4.046400
-1.061400
-2.056400
-4.046400
-6.036500
-6.036500
-5.041500
-3.051400
-6.036500
-6.036500
-4.046400
-2.056400
-1.061400
-2.056400
-3.051400
-3.051400
-5.041500
-6.036500
-3.051400
-3.051400
-6.036500
-5.041500
-0.066340
0.928690
4.908800
7.893900
4.908800
2.918700
6.898800
12.869000
13.864000
14.859000
17.844000
15.854000
12.869000
11.874000
9.883900
10.879000
12.869000
16.849001
14.859000
10.879000
8.888900
0.928690
-2.056400
2.918700
4.908800
1.923700
0.928690
2.918700
6.898800
4.908800
6.898800
8.888900
7.893900
8.888900
6.898800
4.908800
4.908800
3.913800
0.928690
1.923700
-2.056400
-1.061400
2.918700
6.898800
8.888900
1.923700
-3.051400
-6.036500
-7.031500
-5.041500
-4.046400
-3.051400
-3.051400
-4.046400
-6.036500
-9.021600
-8.026500
-5.041500
-11.012000
-14.992000
-11.012000
-7.031500
-9.021600
-7.031500
-7.031500
-10.017000
-13.997000
-14.992000
-11.012000
-5.041500
-6.036500
-9.021600
-9.021600
-13.997000
-11.012000
-5.041500
-3.051400
-3.051400
-7.031500
-6.036500
-0.066340
2.918700
6.898800
5.903800
-0.066340
-1.061400
-0.066340
-0.066340
5.903800
5.903800
2.918700
2.918700
-1.061400
-6.036500
-2.056400
2.918700
0.928690
0.928690
-1.061400
-1.061400
0.928690
-0.066340
-1.061400
3.913800
6.898800
6.898800
-1.061400
-1.061400
-3.051400
-4.046400
-1.061400
3.913800
4.908800
-1.061400
-6.036500
-7.031500
-7.031500
-5.041500
-1.061400
-0.066340
-2.056400
3.913800
6.898800
6.898800
0.928690
0.928690
4.908800
1.923700
-0.066340
2.918700
3.913800
5.903800
8.888900
10.879000
7.893900
8.888900
8.888900
10.879000
10.879000
6.898800
3.913800
0.928690
1.923700
6.898800
6.898800
6.898800
8.888900
8.888900
6.898800
7.893900
11.874000
11.874000
8.888900
8.888900
8.888900
4.908800
6.898800
5.903800
2.918700
8.888900
13.864000
11.874000
9.883900
6.898800
5.903800
-3.051400
-12.007000
-11.012000
-9.021600
-3.051400
4.908800
13.864000
12.869000
3.913800
2.918700
1.923700
-0.066340
-0.066340
4.908800
8.888900
11.874000
11.874000
11.874000
10.879000
9.883900
7.893900
7.893900
9.883900
10.879000
11.874000
6.898800
2.918700
4.908800
6.898800
9.883900
13.864000
12.869000
7.893900
5.903800
8.888900
7.893900
2.918700
3.913800
4.908800
1.923700
0.928690
8.888900
6.898800
0.928690
-0.066340
-0.066340
0.928690
6.898800
6.898800
0.928690
-2.056400
0.928690
-1.061400
-5.041500
-0.066340
-4.046400
-7.031500
-4.046400
-8.026500
-9.021600
-1.061400
-1.061400
-1.061400
-1.061400
2.918700
4.908800
3.913800
1.923700
-0.066340
3.913800
1.923700
-0.066340
-0.066340
-1.061400
-1.061400
-1.061400
0.928690
4.908800
-0.066340
-1.061400
-1.061400
0.928690
5.903800
8.888900
0.928690
-5.041500
-5.041500
-3.051400
-0.066340
-2.056400
-1.061400
-1.061400
-4.046400
0.928690
-1.061400
-5.041500
-3.051400
-3.051400
-4.046400
-0.066340
1.923700
-3.051400
-3.051400
-2.056400
-7.031500
-11.012000
-12.007000
-9.021600
-9.021600
-12.007000
-10.017000
-13.002000
-14.992000
-13.997000
-10.017000
-6.036500
-3.051400
-6.036500
-9.021600
-9.021600
-11.012000
-13.002000
-10.017000
-11.012000
-12.007000
-13.997000
-16.982000
-21.957001
-20.962000
-19.966999
-17.976999
-14.992000
-8.026500
-7.031500
-9.021600
-16.982000
-18.972000
-21.957001
-20.962000
-17.976999
-15.987000
-7.031500
-3.051400
-4.046400
-4.046400
-9.021600
-19.966999
-23.947001
-22.952000
-17.976999
-13.002000
-10.017000
-6.036500
-0.066340
-2.056400
-8.026500
-10.017000
-15.987000
-21.957001
-21.957001
-16.982000
-14.992000
-13.002000
-5.041500
-5.041500
-6.036500
-5.041500
-6.036500
-8.026500
-8.026500
-6.036500
-11.012000
-11.012000
-8.026500
-3.051400
5.903800
1.923700
-1.061400
-0.066340
-3.051400
0.928690
-0.066340
-3.051400
-3.051400
-4.046400
-4.046400
-4.046400
-2.056400
-1.061400
-2.056400
-0.066340
-8.026500
-12.007000
-9.021600
-0.066340
9.883900
11.874000
1.923700
-6.036500
