-21.398001
-20.423000
-22.374001
-19.447001
-18.472000
-16.520000
-16.520000
-18.472000
-16.520000
-11.642000
-6.764200
-4.813000
-4.813000
-1.886200
-2.861800
-1.886200
3.967500
7.869900
11.772000
9.821100
6.894300
10.797000
13.724000
11.772000
7.869900
5.918700
4.943100
-0.910570
-5.788600
-11.642000
-13.593000
-10.667000
-5.788600
-4.813000
-5.788600
1.040700
2.991900
5.918700
10.797000
8.845500
5.918700
4.943100
5.918700
6.894300
8.845500
9.821100
13.724000
12.748000
10.797000
9.821100
8.845500
6.894300
9.821100
8.845500
2.991900
0.065040
0.065040
-1.886200
-7.739800
-16.520000
-18.472000
-17.496000
-17.496000
-17.496000
-18.472000
-13.593000
-4.813000
0.065040
4.943100
13.724000
19.577000
21.528000
18.601999
14.699000
11.772000
7.869900
3.967500
1.040700
0.065040
-1.886200
-6.764200
-14.569000
-12.618000
-7.739800
-3.837400
3.967500
5.918700
10.797000
10.797000
5.918700
3.967500
3.967500
3.967500
-0.910570
-8.715400
-10.667000
-6.764200
0.065040
2.991900
2.016300
2.991900
9.821100
9.821100
8.845500
5.918700
6.894300
9.821100
12.748000
10.797000
8.845500
7.869900
2.991900
-0.910570
-1.886200
-0.910570
1.040700
4.943100
6.894300
5.918700
-2.861800
-3.837400
2.016300
2.991900
3.967500
3.967500
2.016300
1.040700
3.967500
3.967500
2.991900
2.016300
2.991900
3.967500
8.845500
15.675000
15.675000
15.675000
8.845500
2.016300
-5.788600
-13.593000
-21.398001
-27.252001
-31.153999
-28.228001
-25.301001
-22.374001
-18.472000
-16.520000
-11.642000
-7.739800
-7.739800
-6.764200
-6.764200
-3.837400
-2.861800
-10.667000
-16.520000
-13.593000
-10.667000
-9.691100
-8.715400
-3.837400
1.040700
4.943100
9.821100
11.772000
8.845500
3.967500
-3.837400
-7.739800
-7.739800
-4.813000
2.991900
8.845500
6.894300
5.918700
4.943100
4.943100
1.040700
-1.886200
2.991900
6.894300
6.894300
4.943100
3.967500
8.845500
11.772000
11.772000
11.772000
8.845500
4.943100
-1.886200
-9.691100
-14.569000
-13.593000
-11.642000
-17.496000
-17.496000
-11.642000
-2.861800
2.991900
4.943100
11.772000
15.675000
14.699000
13.724000
19.577000
22.504000
20.552999
20.552999
19.577000
17.625999
10.797000
5.918700
-0.910570
-8.715400
-11.642000
-16.520000
-22.374001
-23.350000
-22.374001
-25.301001
-26.275999
-22.374001
-18.472000
-14.569000
-8.715400
-6.764200
-4.813000
2.016300
4.943100
7.869900
11.772000
9.821100
7.869900
8.845500
9.821100
12.748000
8.845500
4.943100
6.894300
7.869900
6.894300
9.821100
15.675000
14.699000
14.699000
13.724000
13.724000
13.724000
11.772000
6.894300
2.016300
-3.837400
-7.739800
-8.715400
-5.788600
-8.715400
-8.715400
-1.886200
1.040700
8.845500
9.821100
8.845500
7.869900
5.918700
2.991900
6.894300
9.821100
14.699000
20.552999
22.504000
18.601999
13.724000
12.748000
17.625999
20.552999
16.650000
9.821100
1.040700
-4.813000
-9.691100
-14.569000
-18.472000
-18.472000
-20.423000
-18.472000
-17.496000
-16.520000
-18.472000
-18.472000
-8.715400
-4.813000
-0.910570
5.918700
8.845500
13.724000
17.625999
15.675000
18.601999
18.601999
13.724000
7.869900
3.967500
-1.886200
-3.837400
-6.764200
-11.642000
-19.447001
-23.350000
-28.228001
-33.105999
-35.056999
-32.130001
-25.301001
-15.545000
-4.813000
2.991900
5.918700
8.845500
15.675000
12.748000
7.869900
6.894300
1.040700
-6.764200
-8.715400
-8.715400
-9.691100
-6.764200
-4.813000
-9.691100
-10.667000
-11.642000
-16.520000
-15.545000
-13.593000
-12.618000
-11.642000
-10.667000
-1.886200
4.943100
8.845500
13.724000
19.577000
19.577000
19.577000
15.675000
4.943100
1.040700
-2.861800
-8.715400
-13.593000
-17.496000
-20.423000
-23.350000
-24.325001
-18.472000
-11.642000
-3.837400
5.918700
12.748000
18.601999
20.552999
28.358000
37.138000
34.210999
27.382000
23.480000
24.455000
24.455000
25.431000
20.552999
20.552999
22.504000
14.699000
17.625999
19.577000
14.699000
9.821100
5.918700
1.040700
-2.861800
-6.764200
-8.715400
-10.667000
-8.715400
-11.642000
-14.569000
-17.496000
-16.520000
-12.618000
-8.715400
-1.886200
2.991900
4.943100
5.918700
6.894300
4.943100
7.869900
11.772000
15.675000
16.650000
12.748000
10.797000
5.918700
2.991900
2.991900
5.918700
4.943100
2.991900
2.991900
-1.886200
-9.691100
-14.569000
-20.423000
-20.423000
-20.423000
-16.520000
-16.520000
-18.472000
-18.472000
-20.423000
-20.423000
-17.496000
-11.642000
-12.618000
-9.691100
-3.837400
-4.813000
-6.764200
-11.642000
-12.618000
-7.739800
-5.788600
-4.813000
-7.739800
-9.691100
-6.764200
-0.910570
5.918700
5.918700
5.918700
12.748000
15.675000
19.577000
25.431000
26.407000
29.333000
26.407000
18.601999
18.601999
15.675000
10.797000
6.894300
1.040700
-5.788600
-6.764200
-8.715400
-8.715400
-11.642000
-8.715400
-6.764200
-6.764200
-4.813000
-2.861800
-0.910570
2.991900
11.772000
9.821100
9.821100
8.845500
2.991900
-0.910570
-1.886200
-2.861800
-6.764200
-11.642000
-10.667000
-10.667000
-7.739800
-4.813000
-4.813000
-9.691100
-19.447001
-24.325001
-22.374001
-18.472000
-21.398001
-23.350000
-14.569000
-5.788600
2.016300
3.967500
2.016300
4.943100
6.894300
12.748000
17.625999
11.772000
6.894300
4.943100
2.991900
0.065040
0.065040
0.065040
-0.910570
0.065040
4.943100
5.918700
7.869900
11.772000
10.797000
5.918700
7.869900
11.772000
11.772000
18.601999
17.625999
19.577000
25.431000
30.309000
29.333000
28.358000
20.552999
7.869900
-4.813000
-11.642000
-18.472000
-28.228001
-37.984001
-39.935001
-38.959000
-37.007999
-34.081001
-32.130001
-29.202999
-22.374001
-17.496000
-15.545000
-5.788600
4.943100
13.724000
11.772000
12.748000
10.797000
7.869900
4.943100
2.991900
3.967500
0.065040
-5.788600
-9.691100
-12.618000
-12.618000
-10.667000
-10.667000
-7.739800
-5.788600
-3.837400
-2.861800
0.065040
2.991900
4.943100
4.943100
5.918700
10.797000
12.748000
15.675000
17.625999
17.625999
13.724000
10.797000
8.845500
9.821100
10.797000
9.821100
12.748000
20.552999
26.407000
28.358000
26.407000
18.601999
12.748000
7.869900
1.040700
-4.813000
-3.837400
-5.788600
-6.764200
-5.788600
-0.910570
2.016300
3.967500
6.894300
7.869900
7.869900
12.748000
14.699000
8.845500
6.894300
5.918700
6.894300
5.918700
1.040700
-5.788600
-6.764200
-5.788600
-6.764200
-6.764200
-3.837400
2.016300
0.065040
1.040700
1.040700
2.016300
3.967500
2.991900
2.016300
-3.837400
-9.691100
-12.618000
-16.520000
-20.423000
-28.228001
-37.984001
-42.862000
-37.007999
-31.153999
-26.275999
-16.520000
-8.715400
-2.861800
1.040700
8.845500
15.675000
21.528000
24.455000
21.528000
22.504000
14.699000
5.918700
9.821100
14.699000
20.552999
20.552999
22.504000
28.358000
30.309000
23.480000
10.797000
0.065040
-10.667000
-16.520000
-26.275999
-36.033001
-44.813000
-44.813000
-40.910999
-37.007999
-28.228001
-17.496000
-7.739800
-1.886200
6.894300
13.724000
17.625999
19.577000
19.577000
18.601999
19.577000
18.601999
12.748000
11.772000
8.845500
6.894300
2.016300
-1.886200
-4.813000
-5.788600
-5.788600
-3.837400
-3.837400
-3.837400
-4.813000
-7.739800
-9.691100
-13.593000
-14.569000
-7.739800
-7.739800
-10.667000
-14.569000
-15.545000
-16.520000
-18.472000
-17.496000
-15.545000
-10.667000
-7.739800
-6.764200
-6.764200
-3.837400
2.991900
5.918700
3.967500
2.991900
-2.861800
-8.715400
-7.739800
-5.788600
2.016300
14.699000
20.552999
30.309000
41.041000
44.943001
42.992001
41.041000
40.064999
34.210999
32.259998
29.333000
21.528000
13.724000
2.016300
-7.739800
-12.618000
-12.618000
-12.618000
-14.569000
-15.545000
-17.496000
-14.569000
-8.715400
-1.886200
2.991900
10.797000
19.577000
26.407000
30.309000
32.259998
31.285000
25.431000
17.625999
13.724000
8.845500
4.943100
-0.910570
-5.788600
-7.739800
-14.569000
-13.593000
-6.764200
-2.861800
4.943100
10.797000
10.797000
7.869900
7.869900
2.016300
-4.813000
-9.691100
-17.496000
-25.301001
-26.275999
-25.301001
-21.398001
-21.398001
-25.301001
-23.350000
-21.398001
-18.472000
-18.472000
-23.350000
-26.275999
-29.202999
-29.202999
-26.275999
-23.350000
-17.496000
-13.593000
-9.691100
-5.788600
-3.837400
1.040700
4.943100
6.894300
10.797000
15.675000
14.699000
14.699000
10.797000
3.967500
2.016300
-2.861800
-9.691100
-11.642000
-5.788600
-1.886200
0.065040
-1.886200
-4.813000
-0.910570
1.040700
2.016300
6.894300
7.869900
11.772000
16.650000
16.650000
16.650000
17.625999
21.528000
21.528000
22.504000
18.601999
9.821100
3.967500
2.016300
-4.813000
-7.739800
-9.691100
-14.569000
-22.374001
-24.325001
-16.520000
-10.667000
-3.837400
2.991900
5.918700
10.797000
14.699000
18.601999
25.431000
31.285000
38.113998
40.064999
37.138000
34.210999
33.236000
38.113998
39.089001
35.187000
31.285000
24.455000
16.650000
9.821100
4.943100
-0.910570
-6.764200
-11.642000
-18.472000
-26.275999
-37.007999
-43.837002
-43.837002
-45.789001
-42.862000
-37.007999
-28.228001
-19.447001
-10.667000
-0.910570
10.797000
18.601999
21.528000
19.577000
13.724000
6.894300
3.967500
1.040700
-0.910570
1.040700
-0.910570
-1.886200
-5.788600
-8.715400
-10.667000
-16.520000
-18.472000
-14.569000
-13.593000
-15.545000
-8.715400
2.016300
11.772000
17.625999
16.650000
18.601999
22.504000
20.552999
16.650000
13.724000
11.772000
7.869900
5.918700
-1.886200
-11.642000
-20.423000
-26.275999
-26.275999
-21.398001
-19.447001
-17.496000
-14.569000
-8.715400
-2.861800
-1.886200
2.016300
7.869900
11.772000
13.724000
17.625999
14.699000
10.797000
15.675000
18.601999
14.699000
11.772000
9.821100
9.821100
10.797000
9.821100
11.772000
12.748000
15.675000
16.650000
9.821100
5.918700
6.894300
6.894300
3.967500
2.991900
3.967500
3.967500
4.943100
7.869900
0.065040
-11.642000
-16.520000
-20.423000
-22.374001
-21.398001
-24.325001
-23.350000
-18.472000
-15.545000
-11.642000
-10.667000
-3.837400
-0.910570
-4.813000
-5.788600
-8.715400
-9.691100
-10.667000
-9.691100
-9.691100
-17.496000
-21.398001
-17.496000
-13.593000
-7.739800
-5.788600
-8.715400
-7.739800
-4.813000
-9.691100
-12.618000
-21.398001
-27.252001
-25.301001
-21.398001
-18.472000
-7.739800
-6.764200
-10.667000
-11.642000
-4.813000
5.918700
9.821100
13.724000
11.772000
6.894300
2.991900
-1.886200
0.065040
5.918700
6.894300
7.869900
7.869900
9.821100
11.772000
11.772000
11.772000
10.797000
11.772000
11.772000
10.797000
9.821100
12.748000
15.675000
20.552999
19.577000
21.528000
22.504000
21.528000
20.552999
21.528000
24.455000
24.455000
24.455000
21.528000
24.455000
25.431000
20.552999
15.675000
12.748000
14.699000
20.552999
20.552999
15.675000
