-8.000000
-6.048800
-10.927000
-8.975600
-8.000000
-7.024400
-7.024400
-14.829000
-10.927000
-9.951200
-12.878000
-10.927000
-1.170700
15.415000
15.415000
12.488000
12.488000
15.415000
18.341000
20.292999
13.463000
10.537000
5.658500
5.658500
3.707300
2.731700
-6.048800
-8.000000
-8.975600
-8.975600
2.731700
3.707300
6.634100
8.585400
10.537000
17.365999
18.341000
14.439000
22.243999
18.341000
9.561000
13.463000
5.658500
1.756100
5.658500
8.585400
19.316999
20.292999
10.537000
9.561000
9.561000
3.707300
1.756100
7.609800
7.609800
1.756100
0.780490
-3.122000
1.756100
-10.927000
-13.854000
-11.902000
-7.024400
-13.854000
-18.732000
-11.902000
-6.048800
-2.146300
3.707300
13.463000
12.488000
10.537000
11.512000
10.537000
11.512000
0.780490
-8.000000
-9.951200
-9.951200
-6.048800
2.731700
-10.927000
-16.780001
-11.902000
-5.073200
0.780490
-6.048800
-7.024400
-6.048800
-10.927000
-6.048800
-7.024400
-11.902000
-17.756001
-18.732000
-16.780001
-4.097600
-0.195120
4.682900
12.488000
12.488000
15.415000
18.341000
9.561000
3.707300
4.682900
4.682900
7.609800
9.561000
14.439000
9.561000
3.707300
6.634100
10.537000
8.585400
8.585400
10.537000
11.512000
13.463000
6.634100
-2.146300
1.756100
3.707300
4.682900
1.756100
3.707300
-2.146300
-0.195120
-6.048800
-9.951200
-8.000000
-0.195120
-1.170700
2.731700
8.585400
9.561000
16.389999
6.634100
-7.024400
-8.000000
-9.951200
-10.927000
-18.732000
-21.659000
-19.707001
-16.780001
-13.854000
-19.707001
-22.634001
-17.756001
-12.878000
-14.829000
-9.951200
-11.902000
-9.951200
-4.097600
-9.951200
-9.951200
-8.975600
-11.902000
-3.122000
-4.097600
0.780490
5.658500
2.731700
7.609800
5.658500
4.682900
4.682900
-3.122000
-14.829000
-15.805000
-10.927000
-0.195120
6.634100
10.537000
12.488000
5.658500
9.561000
16.389999
18.341000
18.341000
19.316999
23.219999
19.316999
22.243999
14.439000
5.658500
0.780490
-5.073200
-4.097600
-11.902000
-24.584999
-30.438999
-32.389999
-30.438999
-26.537001
-30.438999
-33.366001
-25.561001
-8.000000
-2.146300
3.707300
17.365999
21.268000
20.292999
20.292999
27.122000
24.195000
20.292999
16.389999
14.439000
12.488000
8.585400
4.682900
-6.048800
-12.878000
-11.902000
-10.927000
-12.878000
-8.975600
-6.048800
-7.024400
-6.048800
0.780490
-1.170700
-1.170700
0.780490
-3.122000
0.780490
-0.195120
-6.048800
-2.146300
-3.122000
-4.097600
1.756100
1.756100
-1.170700
6.634100
7.609800
7.609800
6.634100
8.585400
2.731700
2.731700
10.537000
10.537000
5.658500
3.707300
6.634100
9.561000
16.389999
7.609800
4.682900
8.585400
3.707300
7.609800
6.634100
-7.024400
-11.902000
-10.927000
-14.829000
-3.122000
-9.951200
-13.854000
-8.000000
-7.024400
-2.146300
-7.024400
-5.073200
7.609800
17.365999
24.195000
24.195000
23.219999
28.098000
30.049000
32.976002
35.902000
26.146000
18.341000
17.365999
8.585400
7.609800
-4.097600
-10.927000
-9.951200
-10.927000
-15.805000
-12.878000
-15.805000
-19.707001
-5.073200
-3.122000
0.780490
12.488000
8.585400
10.537000
20.292999
18.341000
20.292999
21.268000
9.561000
-0.195120
0.780490
-9.951200
-10.927000
-21.659000
-28.488001
-30.438999
-32.389999
-36.292999
-35.317001
-35.317001
-38.243999
-26.537001
-14.829000
0.780490
2.731700
-1.170700
3.707300
14.439000
14.439000
9.561000
13.463000
11.512000
-3.122000
-3.122000
-1.170700
-3.122000
0.780490
-1.170700
-9.951200
-16.780001
-18.732000
-26.537001
-25.561001
-29.462999
-33.366001
-24.584999
-14.829000
1.756100
3.707300
7.609800
19.316999
20.292999
16.389999
16.389999
11.512000
0.780490
-6.048800
-12.878000
-17.756001
-21.659000
-29.462999
-26.537001
-17.756001
-9.951200
-1.170700
6.634100
11.512000
13.463000
12.488000
22.243999
22.243999
23.219999
27.122000
20.292999
17.365999
19.316999
17.365999
20.292999
30.049000
21.268000
19.316999
28.098000
24.195000
29.073000
26.146000
13.463000
-5.073200
-13.854000
-17.756001
-19.707001
-17.756001
-19.707001
-20.683001
-13.854000
-11.902000
-16.780001
-18.732000
-8.000000
-7.024400
-8.975600
-5.073200
-3.122000
-0.195120
2.731700
0.780490
-1.170700
1.756100
6.634100
10.537000
4.682900
4.682900
6.634100
5.658500
7.609800
7.609800
14.439000
12.488000
10.537000
8.585400
8.585400
-0.195120
-4.097600
-14.829000
-16.780001
-10.927000
-8.975600
-6.048800
-9.951200
-13.854000
-11.902000
-5.073200
1.756100
8.585400
-6.048800
-8.975600
2.731700
2.731700
4.682900
-0.195120
4.682900
3.707300
-2.146300
-2.146300
-14.829000
-16.780001
-16.780001
-8.975600
1.756100
6.634100
8.585400
10.537000
19.316999
25.171000
28.098000
29.073000
29.073000
25.171000
15.415000
19.316999
6.634100
-1.170700
-2.146300
-8.000000
-9.951200
-12.878000
-12.878000
-12.878000
-15.805000
-12.878000
-6.048800
-13.854000
-15.805000
-6.048800
-6.048800
1.756100
15.415000
7.609800
4.682900
8.585400
5.658500
6.634100
12.488000
11.512000
1.756100
-0.195120
-0.195120
0.780490
1.756100
10.537000
3.707300
-5.073200
-7.024400
-6.048800
0.780490
-8.975600
-18.732000
-19.707001
-12.878000
-7.024400
-0.195120
-0.195120
-5.073200
0.780490
-3.122000
-0.195120
6.634100
-5.073200
-9.951200
-5.073200
-5.073200
-11.902000
-9.951200
-8.975600
-8.975600
-1.170700
3.707300
13.463000
6.634100
6.634100
11.512000
6.634100
7.609800
11.512000
12.488000
9.561000
1.756100
-3.122000
-6.048800
1.756100
3.707300
7.609800
1.756100
0.780490
-7.024400
-10.927000
-12.878000
-19.707001
-21.659000
-18.732000
-10.927000
-7.024400
-0.195120
5.658500
2.731700
4.682900
7.609800
8.585400
9.561000
13.463000
18.341000
8.585400
6.634100
4.682900
-0.195120
6.634100
7.609800
4.682900
4.682900
4.682900
1.756100
-2.146300
0.780490
-7.024400
-14.829000
-16.780001
-17.756001
-12.878000
-17.756001
-13.854000
-16.780001
-18.732000
-14.829000
-9.951200
-4.097600
-7.024400
-6.048800
3.707300
4.682900
5.658500
0.780490
-0.195120
10.537000
8.585400
6.634100
8.585400
19.316999
30.049000
37.854000
34.926998
24.195000
17.365999
17.365999
11.512000
5.658500
6.634100
-2.146300
-4.097600
-1.170700
-1.170700
3.707300
0.780490
-0.195120
4.682900
10.537000
18.341000
19.316999
13.463000
6.634100
5.658500
10.537000
9.561000
2.731700
-8.975600
-9.951200
-8.975600
-9.951200
-9.951200
-9.951200
0.780490
-3.122000
-6.048800
-3.122000
-1.170700
6.634100
0.780490
-1.170700
-8.000000
-19.707001
-20.683001
-22.634001
-27.511999
-27.511999
-37.268002
-41.171001
-30.438999
-23.610001
-16.780001
-6.048800
-5.073200
-2.146300
3.707300
6.634100
12.488000
15.415000
14.439000
6.634100
8.585400
4.682900
-5.073200
-3.122000
-0.195120
9.561000
5.658500
7.609800
19.316999
27.122000
25.171000
21.268000
6.634100
0.780490
3.707300
-11.902000
-25.561001
-35.317001
-31.415001
-33.366001
-36.292999
-30.438999
-26.537001
-24.584999
-25.561001
-14.829000
-18.732000
-23.610001
-14.829000
-8.975600
-6.048800
-0.195120
0.780490
-0.195120
10.537000
21.268000
22.243999
22.243999
18.341000
15.415000
13.463000
4.682900
0.780490
2.731700
9.561000
1.756100
-8.975600
-4.097600
-8.000000
-7.024400
-0.195120
1.756100
10.537000
-0.195120
-2.146300
2.731700
1.756100
-0.195120
3.707300
10.537000
7.609800
3.707300
5.658500
6.634100
17.365999
16.389999
11.512000
14.439000
10.537000
2.731700
5.658500
10.537000
20.292999
21.268000
13.463000
18.341000
25.171000
26.146000
23.219999
7.609800
-0.195120
1.756100
3.707300
5.658500
3.707300
4.682900
-7.024400
-8.000000
-11.902000
-12.878000
-11.902000
-5.073200
-7.024400
-12.878000
-11.902000
-2.146300
3.707300
-2.146300
4.682900
17.365999
32.000000
35.902000
32.000000
35.902000
37.854000
32.976002
36.877998
34.926998
28.098000
17.365999
8.585400
8.585400
0.780490
-2.146300
-6.048800
-15.805000
-11.902000
-6.048800
-11.902000
-11.902000
-5.073200
-11.902000
-15.805000
-11.902000
-15.805000
-18.732000
-9.951200
-12.878000
-9.951200
-5.073200
-7.024400
-7.024400
-7.024400
-1.170700
-7.024400
-11.902000
-7.024400
-16.780001
-18.732000
-12.878000
-16.780001
-21.659000
-22.634001
-21.659000
-17.756001
-17.756001
-10.927000
-2.146300
0.780490
4.682900
7.609800
10.537000
5.658500
-0.195120
-4.097600
-5.073200
-5.073200
-8.975600
-8.975600
-12.878000
-10.927000
-2.146300
-1.170700
-1.170700
-2.146300
-1.170700
-9.951200
-11.902000
-9.951200
-9.951200
-0.195120
-3.122000
-7.024400
-8.000000
-6.048800
-3.122000
5.658500
1.756100
-4.097600
-8.975600
-7.024400
-5.073200
-5.073200
-5.073200
-8.975600
-20.683001
-20.683001
-14.829000
-12.878000
-1.170700
5.658500
13.463000
24.195000
30.049000
34.926998
42.731998
48.584999
55.415001
52.487999
47.610001
51.512001
45.659000
42.731998
42.731998
34.926998
31.024000
23.219999
15.415000
0.780490
-6.048800
-8.975600
-13.854000
-17.756001
-20.683001
-22.634001
-32.389999
-43.122002
-43.122002
-45.073002
-39.220001
-37.268002
-35.317001
-26.537001
-21.659000
-8.000000
-6.048800
-1.170700
4.682900
3.707300
2.731700
-1.170700
3.707300
-4.097600
-8.000000
1.756100
3.707300
5.658500
2.731700
6.634100
-0.195120
-8.975600
-6.048800
-0.195120
0.780490
-8.000000
-5.073200
3.707300
10.537000
18.341000
11.512000
14.439000
21.268000
21.268000
22.243999
25.171000
14.439000
12.488000
22.243999
14.439000
4.682900
4.682900
-6.048800
-15.805000
-10.927000
-8.975600
-6.048800
-4.097600
-7.024400
-16.780001
-21.659000
-16.780001
-18.732000
-8.000000
-10.927000
-7.024400
-2.146300
1.756100
14.439000
14.439000
11.512000
15.415000
21.268000
32.976002
32.976002
27.122000
32.976002
33.951000
32.000000
32.000000
21.268000
16.389999
8.585400
-0.195120
-4.097600
-10.927000
-8.000000
-5.073200
-4.097600
3.707300
1.756100
2.731700
0.780490
-4.097600
0.780490
-1.170700
-4.097600
-4.097600
-5.073200
-5.073200
-1.170700
-6.048800
-3.122000
-8.000000
-15.805000
-8.000000
-11.902000
-12.878000
-8.975600
-10.927000
-8.975600
-10.927000
-14.829000
-12.878000
-12.878000
-9.951200
-13.854000
-20.683001
-23.610001
-22.634001
-24.584999
-22.634001
-35.317001
-43.122002
-36.292999
-32.389999
-16.780001
-9.951200
-4.097600
1.756100
0.780490
5.658500
10.537000
11.512000
16.389999
7.609800
-0.195120
-0.195120
-12.878000
-17.756001
-10.927000
-5.073200
-6.048800
-11.902000
-14.829000
-8.975600
-13.854000
-15.805000
-11.902000
-12.878000
-9.951200
-10.927000
-12.878000
-16.780001
-7.024400
5.658500
6.634100
12.488000
17.365999
20.292999
24.195000
21.268000
24.195000
29.073000
32.976002
34.926998
39.805000
41.756001
41.756001
35.902000
36.877998
33.951000
31.024000
31.024000
25.171000
