2.847900
10.615000
9.644000
10.615000
2.847900
1.877000
2.847900
-0.064720
-3.948200
-2.977300
-10.744000
-8.802600
8.673100
8.673100
22.264999
22.264999
17.410999
14.498000
15.469000
7.702300
2.847900
9.644000
11.586000
3.818800
-2.977300
-9.773500
-3.948200
-11.715000
-10.744000
-3.948200
-9.773500
7.702300
16.440001
15.469000
15.469000
13.528000
18.382000
23.236000
18.382000
18.382000
15.469000
0.906150
7.702300
9.644000
6.731400
8.673100
5.760500
7.702300
13.528000
10.615000
5.760500
1.877000
0.906150
0.906150
14.498000
18.382000
13.528000
14.498000
0.906150
3.818800
7.702300
-1.035600
-9.773500
-0.064720
2.847900
0.906150
1.877000
-0.064720
2.847900
1.877000
10.615000
14.498000
6.731400
1.877000
-7.831700
-5.890000
-4.919100
-7.831700
-10.744000
-10.744000
-16.570000
-7.831700
-2.977300
-6.860800
-8.802600
-5.890000
-5.890000
-7.831700
-14.628000
-18.511000
-24.337000
-23.365999
-12.686000
-6.860800
-9.773500
-7.831700
-13.657000
4.789600
15.469000
6.731400
3.818800
6.731400
-2.006500
5.760500
5.760500
-0.064720
1.877000
-0.064720
-2.977300
6.731400
17.410999
17.410999
10.615000
3.818800
9.644000
13.528000
9.644000
11.586000
5.760500
-2.977300
2.847900
2.847900
0.906150
2.847900
-2.977300
-10.744000
-4.919100
0.906150
-3.948200
-6.860800
-8.802600
-15.599000
-2.006500
5.760500
1.877000
1.877000
-1.035600
2.847900
3.818800
-3.948200
-5.890000
-8.802600
-3.948200
-7.831700
-9.773500
-13.657000
-21.424000
-12.686000
-9.773500
-13.657000
-12.686000
-13.657000
-21.424000
-11.715000
-2.006500
-4.919100
-9.773500
-17.540001
-6.860800
0.906150
-4.919100
0.906150
5.760500
-2.006500
6.731400
13.528000
12.557000
7.702300
-2.977300
-2.006500
-3.948200
-7.831700
-5.890000
-0.064720
4.789600
7.702300
5.760500
18.382000
24.207001
19.353001
17.410999
26.149000
27.120001
15.469000
11.586000
2.847900
8.673100
9.644000
-2.977300
-7.831700
-16.570000
-16.570000
-13.657000
-19.482000
-26.278000
-27.249001
-23.365999
-30.162001
-20.452999
-9.773500
-10.744000
-6.860800
-5.890000
-6.860800
8.673100
16.440001
15.469000
7.702300
13.528000
14.498000
15.469000
12.557000
8.673100
1.877000
-5.890000
-1.035600
0.906150
-4.919100
-13.657000
-16.570000
-10.744000
-1.035600
2.847900
0.906150
-3.948200
1.877000
5.760500
1.877000
-2.006500
-10.744000
-3.948200
-1.035600
-7.831700
-9.773500
-10.744000
-13.657000
-0.064720
3.818800
0.906150
1.877000
-1.035600
6.731400
1.877000
8.673100
8.673100
7.702300
-0.064720
6.731400
12.557000
11.586000
11.586000
2.847900
8.673100
8.673100
3.818800
6.731400
-2.977300
2.847900
1.877000
-5.890000
-11.715000
-14.628000
-21.424000
-5.890000
1.877000
-4.919100
-3.948200
-16.570000
-3.948200
3.818800
3.818800
7.702300
17.410999
21.294001
19.353001
19.353001
23.236000
19.353001
13.528000
22.264999
22.264999
14.498000
11.586000
-2.977300
2.847900
2.847900
-7.831700
-6.860800
-6.860800
-9.773500
-2.977300
-1.035600
-2.006500
0.906150
-0.064720
4.789600
11.586000
16.440001
17.410999
16.440001
13.528000
9.644000
8.673100
3.818800
-11.715000
-12.686000
-20.452999
-12.686000
-12.686000
-22.395000
-24.337000
-24.337000
-31.132999
-26.278000
-17.540001
-13.657000
-12.686000
-22.395000
-8.802600
1.877000
1.877000
5.760500
6.731400
6.731400
8.673100
2.847900
5.760500
3.818800
-1.035600
-2.006500
-9.773500
-3.948200
-5.890000
-9.773500
-14.628000
-24.337000
-35.015999
-26.278000
-17.540001
-11.715000
-5.890000
-5.890000
8.673100
14.498000
13.528000
16.440001
8.673100
2.847900
4.789600
4.789600
-2.977300
-9.773500
-15.599000
-27.249001
-19.482000
-13.657000
-5.890000
1.877000
11.586000
17.410999
16.440001
21.294001
22.264999
13.528000
13.528000
13.528000
16.440001
17.410999
14.498000
6.731400
5.760500
2.847900
0.906150
11.586000
23.236000
22.264999
22.264999
18.382000
9.644000
1.877000
-5.890000
-18.511000
-27.249001
-30.162001
-34.044998
-26.278000
-23.365999
-23.365999
-28.219999
-30.162001
-26.278000
-28.219999
-10.744000
-0.064720
0.906150
1.877000
-2.006500
-7.831700
2.847900
13.528000
9.644000
5.760500
9.644000
13.528000
5.760500
0.906150
1.877000
3.818800
6.731400
1.877000
10.615000
16.440001
14.498000
4.789600
0.906150
-2.006500
-1.035600
1.877000
-0.064720
-4.919100
-9.773500
0.906150
4.789600
1.877000
4.789600
9.644000
-2.977300
7.702300
11.586000
7.702300
2.847900
-1.035600
-3.948200
-8.802600
0.906150
0.906150
-10.744000
-15.599000
-25.306999
-14.628000
-2.006500
7.702300
12.557000
11.586000
10.615000
25.177999
39.741001
39.741001
40.712002
41.682999
27.120001
16.440001
7.702300
10.615000
3.818800
-1.035600
-2.006500
-8.802600
-5.890000
-2.977300
2.847900
-0.064720
-1.035600
-5.890000
-2.977300
6.731400
-2.006500
-0.064720
7.702300
9.644000
11.586000
9.644000
2.847900
-0.064720
-0.064720
4.789600
12.557000
11.586000
3.818800
4.789600
2.847900
5.760500
-3.948200
6.731400
11.586000
5.760500
2.847900
-8.802600
-2.977300
-1.035600
-5.890000
-2.006500
-1.035600
-0.064720
8.673100
7.702300
0.906150
0.906150
-0.064720
-6.860800
-8.802600
-12.686000
-16.570000
-16.570000
-16.570000
-16.570000
-18.511000
-11.715000
-11.715000
-1.035600
-1.035600
5.760500
15.469000
12.557000
6.731400
4.789600
5.760500
-2.006500
6.731400
3.818800
-10.744000
-14.628000
-17.540001
-17.540001
-8.802600
-1.035600
-5.890000
-7.831700
-7.831700
0.906150
4.789600
-2.006500
1.877000
1.877000
7.702300
4.789600
8.673100
13.528000
8.673100
5.760500
5.760500
6.731400
5.760500
11.586000
13.528000
8.673100
4.789600
5.760500
1.877000
8.673100
16.440001
15.469000
8.673100
3.818800
-2.006500
-12.686000
-10.744000
-10.744000
-16.570000
-18.511000
-25.306999
-22.395000
-26.278000
-18.511000
-13.657000
-16.570000
-16.570000
-21.424000
-12.686000
-3.948200
-6.860800
-3.948200
-4.919100
-4.919100
-4.919100
-7.831700
0.906150
3.818800
1.877000
11.586000
17.410999
12.557000
19.353001
27.120001
20.323999
16.440001
13.528000
8.673100
5.760500
6.731400
4.789600
-2.006500
-2.977300
-6.860800
-2.006500
7.702300
9.644000
8.673100
13.528000
13.528000
9.644000
13.528000
16.440001
7.702300
1.877000
-1.035600
2.847900
0.906150
-4.919100
-8.802600
-10.744000
-10.744000
-14.628000
-4.919100
1.877000
-4.919100
-2.977300
-4.919100
-2.977300
-8.802600
-3.948200
-1.035600
-2.977300
-9.773500
-13.657000
-17.540001
-12.686000
-14.628000
-15.599000
-7.831700
-3.948200
-4.919100
0.906150
4.789600
1.877000
8.673100
7.702300
6.731400
0.906150
3.818800
-0.064720
-7.831700
-10.744000
-12.686000
-11.715000
-13.657000
-10.744000
-4.919100
-2.006500
12.557000
15.469000
11.586000
14.498000
12.557000
1.877000
-2.006500
-8.802600
-19.482000
-35.015999
-27.249001
-23.365999
-29.191000
-30.162001
-33.074001
-33.074001
-32.104000
-22.395000
-16.570000
-17.540001
-8.802600
-5.890000
-2.977300
4.789600
15.469000
19.353001
16.440001
20.323999
22.264999
17.410999
16.440001
7.702300
7.702300
13.528000
5.760500
-2.006500
6.731400
13.528000
11.586000
14.498000
13.528000
20.323999
21.294001
12.557000
23.236000
26.149000
20.323999
17.410999
11.586000
9.644000
5.760500
14.498000
17.410999
11.586000
9.644000
-0.064720
13.528000
16.440001
11.586000
4.789600
2.847900
3.818800
5.760500
-1.035600
11.586000
11.586000
2.847900
2.847900
-4.919100
-14.628000
-8.802600
-11.715000
-18.511000
-9.773500
-7.831700
-4.919100
-10.744000
-2.006500
-2.977300
-6.860800
-3.948200
-4.919100
-4.919100
6.731400
8.673100
1.877000
-4.919100
2.847900
9.644000
12.557000
18.382000
14.498000
27.120001
31.974001
30.032000
30.032000
27.120001
26.149000
16.440001
20.323999
19.353001
9.644000
0.906150
-1.035600
-9.773500
-14.628000
-14.628000
-21.424000
-27.249001
-24.337000
-24.337000
-15.599000
-6.860800
-3.948200
-7.831700
-4.919100
-3.948200
-10.744000
0.906150
9.644000
2.847900
-2.977300
-3.948200
-7.831700
-11.715000
-7.831700
-10.744000
-25.306999
-21.424000
-16.570000
-22.395000
-17.540001
-15.599000
-25.306999
-27.249001
-27.249001
-15.599000
-6.860800
-5.890000
-3.948200
-3.948200
1.877000
-4.919100
8.673100
10.615000
2.847900
-3.948200
-12.686000
-10.744000
-6.860800
-2.977300
-2.977300
-6.860800
-6.860800
-11.715000
-10.744000
-12.686000
-8.802600
-5.890000
-9.773500
-6.860800
-12.686000
3.818800
11.586000
4.789600
3.818800
5.760500
8.673100
13.528000
6.731400
9.644000
13.528000
3.818800
2.847900
-1.035600
-2.006500
-1.035600
-3.948200
-5.890000
-4.919100
2.847900
18.382000
21.294001
26.149000
31.003000
31.974001
31.974001
34.887001
40.712002
47.507999
48.479000
43.625000
46.536999
43.625000
28.091000
23.236000
19.353001
9.644000
-2.977300
-2.977300
-3.948200
-9.773500
-14.628000
-16.570000
-23.365999
-29.191000
-25.306999
-28.219999
-30.162001
-27.249001
-30.162001
-23.365999
-16.570000
-23.365999
-27.249001
-33.074001
-15.599000
-9.773500
-11.715000
-9.773500
-10.744000
-10.744000
-13.657000
-5.890000
-0.064720
-0.064720
3.818800
7.702300
10.615000
-1.035600
6.731400
14.498000
9.644000
7.702300
7.702300
9.644000
7.702300
1.877000
-0.064720
-1.035600
14.498000
21.294001
22.264999
20.323999
16.440001
13.528000
21.294001
27.120001
17.410999
15.469000
8.673100
-6.860800
-2.006500
1.877000
-2.977300
-6.860800
-3.948200
-11.715000
-11.715000
-9.773500
-17.540001
-23.365999
-22.395000
-35.015999
-19.482000
-7.831700
-8.802600
-10.744000
-11.715000
2.847900
8.673100
8.673100
15.469000
12.557000
21.294001
27.120001
22.264999
26.149000
25.177999
19.353001
12.557000
2.847900
6.731400
5.760500
-2.977300
-7.831700
-12.686000
-6.860800
-0.064720
1.877000
3.818800
0.906150
10.615000
15.469000
7.702300
5.760500
2.847900
1.877000
6.731400
7.702300
2.847900
-2.977300
-6.860800
-2.977300
-3.948200
-8.802600
-4.919100
-4.919100
-8.802600
4.789600
13.528000
6.731400
-0.064720
-2.977300
-4.919100
-8.802600
-6.860800
-7.831700
-12.686000
-13.657000
-17.540001
-13.657000
-12.686000
-14.628000
-19.482000
-18.511000
-21.424000
1.877000
16.440001
11.586000
5.760500
5.760500
8.673100
6.731400
5.760500
9.644000
-0.064720
-14.628000
-11.715000
-8.802600
-10.744000
-11.715000
-10.744000
-16.570000
-22.395000
-26.278000
-12.686000
-9.773500
-12.686000
-13.657000
-19.482000
-20.452999
-22.395000
-16.570000
-16.570000
-11.715000
-2.977300
0.906150
11.586000
10.615000
6.731400
0.906150
-1.035600
-1.035600
14.498000
29.061001
37.799000
34.887001
25.177999
23.236000
17.410999
24.207001
28.091000
24.207001
18.382000
