-3.967500
-4.943100
-8.845500
-3.967500
-4.943100
-6.894300
-10.797000
-15.675000
-15.675000
-14.699000
-10.797000
-11.772000
-9.821100
-5.918700
-4.943100
-2.016300
-7.869900
-8.845500
-2.991900
-3.967500
-6.894300
-8.845500
-8.845500
-8.845500
-8.845500
-6.894300
-4.943100
-5.918700
-3.967500
-0.065040
2.861800
0.910570
-0.065040
1.886200
0.910570
1.886200
-1.040700
-2.016300
-2.016300
-2.991900
-1.040700
-3.967500
1.886200
8.715400
12.618000
23.350000
23.350000
22.374001
19.447001
11.642000
1.886200
-5.918700
-7.869900
-9.821100
-9.821100
-12.748000
-14.699000
-12.748000
-11.772000
-10.797000
-4.943100
-0.065040
1.886200
1.886200
2.861800
-0.065040
-2.016300
-2.016300
-4.943100
-2.991900
-1.040700
-1.040700
0.910570
-1.040700
-1.040700
-4.943100
-3.967500
1.886200
2.861800
3.837400
6.764200
5.788600
4.813000
5.788600
6.764200
9.691100
8.715400
9.691100
5.788600
2.861800
2.861800
-0.065040
-2.991900
-5.918700
-4.943100
-1.040700
0.910570
6.764200
11.642000
11.642000
11.642000
12.618000
10.667000
9.691100
5.788600
3.837400
3.837400
2.861800
-0.065040
-1.040700
-2.016300
-2.991900
-4.943100
-3.967500
-4.943100
-2.016300
-0.065040
-2.016300
-5.918700
-9.821100
-11.772000
-6.894300
-4.943100
-4.943100
-4.943100
-4.943100
-6.894300
-3.967500
-2.016300
-2.016300
-2.991900
-2.016300
1.886200
5.788600
8.715400
11.642000
14.569000
10.667000
6.764200
4.813000
-0.065040
-3.967500
-4.943100
-5.918700
-4.943100
-5.918700
-6.894300
-8.845500
-5.918700
-0.065040
6.764200
8.715400
4.813000
7.739800
13.593000
14.569000
13.593000
3.837400
0.910570
-2.991900
-4.943100
-6.894300
-6.894300
-4.943100
-3.967500
3.837400
7.739800
10.667000
12.618000
13.593000
12.618000
12.618000
12.618000
14.569000
17.496000
14.569000
11.642000
9.691100
3.837400
-2.016300
-6.894300
-3.967500
4.813000
8.715400
6.764200
5.788600
7.739800
3.837400
-2.016300
-5.918700
-2.991900
-5.918700
-7.869900
-9.821100
-11.772000
-5.918700
-3.967500
-9.821100
-4.943100
-1.040700
3.837400
8.715400
9.691100
12.618000
9.691100
5.788600
1.886200
1.886200
1.886200
-0.065040
0.910570
2.861800
6.764200
7.739800
7.739800
9.691100
8.715400
6.764200
1.886200
-3.967500
-7.869900
-10.797000
-11.772000
-10.797000
-11.772000
-14.699000
-10.797000
-7.869900
-6.894300
-6.894300
-8.845500
-7.869900
2.861800
8.715400
6.764200
1.886200
1.886200
3.837400
4.813000
6.764200
5.788600
5.788600
4.813000
1.886200
-2.991900
-5.918700
-9.821100
-5.918700
-3.967500
-2.991900
1.886200
0.910570
-0.065040
-1.040700
2.861800
3.837400
2.861800
4.813000
-0.065040
-2.991900
-2.016300
-4.943100
-4.943100
-4.943100
-2.016300
1.886200
-0.065040
-0.065040
3.837400
7.739800
9.691100
10.667000
17.496000
21.398001
20.423000
21.398001
21.398001
18.472000
18.472000
18.472000
11.642000
9.691100
6.764200
1.886200
-0.065040
-6.894300
-9.821100
-6.894300
-7.869900
-9.821100
-7.869900
-7.869900
-2.991900
-2.991900
-1.040700
4.813000
4.813000
5.788600
5.788600
9.691100
11.642000
11.642000
9.691100
5.788600
-1.040700
-2.991900
-4.943100
-5.918700
-7.869900
-12.748000
-11.772000
-11.772000
-15.675000
-15.675000
-9.821100
-6.894300
-5.918700
-6.894300
-1.040700
0.910570
-0.065040
1.886200
-1.040700
-3.967500
-3.967500
-3.967500
-7.869900
-3.967500
-2.016300
-2.016300
-1.040700
-1.040700
-5.918700
-3.967500
-5.918700
-11.772000
-8.845500
-4.943100
-3.967500
-0.065040
2.861800
4.813000
8.715400
7.739800
4.813000
7.739800
8.715400
6.764200
5.788600
-0.065040
-0.065040
-2.016300
-2.991900
-1.040700
-0.065040
-2.991900
-2.991900
-4.943100
-6.894300
-7.869900
-7.869900
-5.918700
-7.869900
-8.845500
-11.772000
-8.845500
-2.016300
-1.040700
0.910570
4.813000
9.691100
14.569000
17.496000
14.569000
4.813000
3.837400
9.691100
24.325001
36.033001
41.886002
38.959000
37.984001
36.033001
33.105999
31.153999
31.153999
30.179001
31.153999
26.275999
28.228001
27.252001
22.374001
17.496000
9.691100
6.764200
3.837400
4.813000
1.886200
-0.065040
-2.991900
-3.967500
-2.016300
1.886200
4.813000
2.861800
4.813000
0.910570
-2.016300
0.910570
2.861800
0.910570
2.861800
3.837400
-2.991900
-6.894300
-6.894300
-11.772000
-15.675000
-14.699000
-11.772000
-13.724000
-14.699000
-13.724000
-16.650000
-14.699000
-8.845500
-7.869900
-4.943100
-2.016300
-1.040700
-3.967500
-3.967500
-7.869900
-13.724000
-15.675000
-16.650000
-14.699000
-12.748000
-14.699000
-13.724000
-10.797000
-8.845500
-7.869900
-12.748000
-15.675000
-17.625999
-15.675000
-20.552999
-24.455000
-22.504000
-27.382000
-31.285000
-28.358000
-24.455000
-18.601999
-18.601999
-13.724000
-13.724000
-9.821100
-5.918700
-2.016300
-1.040700
1.886200
0.910570
-1.040700
-2.991900
-4.943100
-8.845500
-9.821100
-4.943100
-2.991900
-2.016300
-2.991900
-3.967500
-7.869900
-5.918700
-2.016300
-0.065040
0.910570
2.861800
4.813000
4.813000
5.788600
9.691100
9.691100
5.788600
4.813000
5.788600
5.788600
1.886200
-4.943100
-5.918700
-4.943100
-4.943100
-1.040700
-2.991900
-4.943100
-7.869900
-7.869900
-6.894300
-6.894300
0.910570
6.764200
3.837400
7.739800
5.788600
0.910570
-1.040700
-3.967500
-2.991900
-6.894300
-8.845500
-3.967500
-6.894300
-6.894300
-5.918700
-2.991900
1.886200
11.642000
14.569000
15.545000
21.398001
24.325001
23.350000
22.374001
18.472000
14.569000
11.642000
6.764200
4.813000
-3.967500
-5.918700
-3.967500
-1.040700
4.813000
6.764200
6.764200
4.813000
3.837400
5.788600
2.861800
-0.065040
0.910570
2.861800
1.886200
-0.065040
-2.016300
-2.991900
-4.943100
-4.943100
-3.967500
-2.991900
-2.991900
-1.040700
-4.943100
-5.918700
-2.016300
-3.967500
-3.967500
0.910570
0.910570
-1.040700
1.886200
0.910570
1.886200
-0.065040
0.910570
0.910570
0.910570
2.861800
3.837400
5.788600
3.837400
-3.967500
-3.967500
-1.040700
1.886200
-2.016300
-0.065040
6.764200
14.569000
9.691100
8.715400
7.739800
4.813000
1.886200
-2.991900
-4.943100
-5.918700
-4.943100
-5.918700
-6.894300
-3.967500
-2.016300
0.910570
1.886200
0.910570
2.861800
8.715400
11.642000
7.739800
4.813000
4.813000
6.764200
6.764200
0.910570
-5.918700
-6.894300
-5.918700
-4.943100
-1.040700
1.886200
3.837400
1.886200
1.886200
4.813000
3.837400
4.813000
2.861800
-0.065040
-1.040700
-0.065040
-1.040700
-2.991900
-2.016300
-0.065040
-0.065040
-2.016300
2.861800
7.739800
9.691100
11.642000
12.618000
9.691100
7.739800
6.764200
3.837400
-1.040700
-4.943100
-6.894300
-13.724000
-11.772000
-3.967500
-1.040700
1.886200
5.788600
0.910570
2.861800
6.764200
11.642000
12.618000
9.691100
5.788600
1.886200
1.886200
1.886200
-2.991900
-5.918700
-4.943100
-4.943100
-9.821100
-10.797000
-12.748000
-12.748000
-10.797000
-13.724000
-12.748000
-8.845500
-5.918700
-4.943100
-5.918700
-4.943100
-4.943100
-2.991900
0.910570
-0.065040
-2.016300
-3.967500
-2.016300
1.886200
2.861800
2.861800
5.788600
7.739800
5.788600
1.886200
-3.967500
-3.967500
-0.065040
3.837400
8.715400
10.667000
10.667000
12.618000
16.520000
10.667000
4.813000
5.788600
5.788600
2.861800
-0.065040
-3.967500
-4.943100
-2.016300
-1.040700
-1.040700
-4.943100
-5.918700
-3.967500
-2.991900
2.861800
5.788600
8.715400
14.569000
13.593000
14.569000
16.520000
11.642000
17.496000
20.423000
18.472000
17.496000
18.472000
13.593000
7.739800
3.837400
-3.967500
-10.797000
-13.724000
-16.650000
-15.675000
-12.748000
-7.869900
-12.748000
-17.625999
-18.601999
-14.699000
-12.748000
-6.894300
-0.065040
1.886200
2.861800
6.764200
7.739800
5.788600
3.837400
3.837400
5.788600
4.813000
4.813000
5.788600
5.788600
6.764200
5.788600
10.667000
9.691100
8.715400
6.764200
0.910570
-2.991900
1.886200
-0.065040
1.886200
2.861800
2.861800
1.886200
1.886200
6.764200
13.593000
15.545000
14.569000
21.398001
21.398001
19.447001
20.423000
18.472000
7.739800
0.910570
-2.991900
-8.845500
-11.772000
-11.772000
-14.699000
-16.650000
-18.601999
-16.650000
-8.845500
-2.991900
-1.040700
2.861800
2.861800
2.861800
7.739800
6.764200
9.691100
12.618000
9.691100
6.764200
-0.065040
-4.943100
-4.943100
-1.040700
0.910570
0.910570
4.813000
3.837400
-0.065040
-2.991900
-8.845500
-13.724000
-21.528000
-23.480000
-23.480000
-24.455000
-19.577000
-14.699000
-10.797000
-16.650000
-22.504000
-18.601999
-9.821100
-7.869900
-4.943100
-1.040700
-1.040700
-2.991900
-0.065040
0.910570
3.837400
5.788600
6.764200
3.837400
1.886200
-1.040700
1.886200
6.764200
7.739800
13.593000
18.472000
23.350000
19.447001
12.618000
4.813000
1.886200
-2.016300
-5.918700
-9.821100
-14.699000
-17.625999
-24.455000
-23.480000
-21.528000
-19.577000
-16.650000
-17.625999
-18.601999
-21.528000
-21.528000
-14.699000
-13.724000
-13.724000
-3.967500
2.861800
5.788600
8.715400
17.496000
18.472000
16.520000
16.520000
14.569000
7.739800
10.667000
6.764200
1.886200
1.886200
3.837400
2.861800
-2.016300
-4.943100
-2.991900
-3.967500
-4.943100
-2.016300
-4.943100
-8.845500
-4.943100
-1.040700
0.910570
4.813000
3.837400
4.813000
10.667000
10.667000
8.715400
7.739800
7.739800
11.642000
11.642000
11.642000
4.813000
-1.040700
-2.991900
-2.016300
-0.065040
0.910570
4.813000
13.593000
21.398001
20.423000
17.496000
14.569000
14.569000
11.642000
12.618000
16.520000
11.642000
8.715400
5.788600
4.813000
10.667000
13.593000
16.520000
24.325001
26.275999
26.275999
25.301001
24.325001
24.325001
22.374001
20.423000
15.545000
12.618000
8.715400
4.813000
3.837400
-0.065040
-2.016300
-4.943100
-6.894300
-8.845500
-11.772000
-8.845500
-11.772000
-17.625999
-21.528000
-24.455000
-26.407000
-28.358000
-27.382000
-28.358000
-29.333000
-29.333000
-34.210999
-32.259998
-29.333000
-31.285000
-23.480000
-23.480000
-16.650000
-12.748000
-9.821100
-13.724000
-12.748000
-13.724000
-9.821100
-7.869900
-12.748000
-14.699000
-20.552999
-22.504000
-25.431000
-33.236000
-33.236000
-24.455000
-21.528000
-17.625999
-8.845500
-4.943100
-3.967500
-3.967500
0.910570
9.691100
10.667000
9.691100
7.739800
2.861800
-0.065040
-4.943100
-6.894300
-8.845500
-12.748000
-16.650000
-19.577000
-17.625999
-16.650000
-15.675000
-11.772000
-7.869900
-3.967500
2.861800
6.764200
11.642000
13.593000
16.520000
19.447001
19.447001
22.374001
24.325001
23.350000
19.447001
16.520000
22.374001
23.350000
21.398001
23.350000
27.252001
24.325001
21.398001
17.496000
12.618000
12.618000
9.691100
8.715400
7.739800
