0.837360
-3.027400
-2.061200
10.499000
8.566800
3.735900
5.668300
3.735900
2.769700
-4.959700
-2.061200
4.702100
3.735900
12.432000
13.398000
4.702100
-1.095000
11.465000
16.296000
9.533000
8.566800
8.566800
10.499000
-3.027400
-11.723000
1.803500
9.533000
2.769700
3.735900
-3.027400
-10.757000
4.702100
21.127001
20.160999
20.160999
20.160999
20.160999
9.533000
23.059999
31.754999
24.025999
19.195000
7.600600
9.533000
8.566800
6.634500
9.533000
1.803500
-3.027400
4.702100
3.735900
0.837360
11.465000
14.364000
19.195000
14.364000
9.533000
4.702100
-4.959700
-10.757000
-8.824500
-16.554001
-21.385000
-16.554001
-22.351000
-19.452000
-2.061200
2.769700
2.769700
9.533000
16.296000
18.229000
6.634500
0.837360
9.533000
4.702100
-4.959700
-5.925900
-6.892100
-10.757000
-14.622000
-16.554001
-7.858300
-2.061200
-3.993600
-5.925900
-5.925900
-13.655000
-18.486000
-20.419001
-12.689000
-11.723000
-10.757000
-7.858300
-2.061200
-3.993600
-1.095000
9.533000
15.330000
9.533000
2.769700
2.769700
-7.858300
-3.027400
1.803500
1.803500
0.837360
-0.128820
6.634500
6.634500
12.432000
8.566800
4.702100
9.533000
4.702100
8.566800
10.499000
5.668300
8.566800
-1.095000
-0.128820
0.837360
2.769700
10.499000
4.702100
3.735900
-3.993600
-3.993600
0.837360
0.837360
-2.061200
-6.892100
-3.993600
-3.027400
2.769700
8.566800
3.735900
0.837360
2.769700
-10.757000
-6.892100
0.837360
-2.061200
-3.027400
-3.027400
-9.790700
-8.824500
-10.757000
-6.892100
-3.993600
-6.892100
-14.622000
-21.385000
-24.283001
-15.588000
-12.689000
-21.385000
-26.216000
-16.554001
-12.689000
-11.723000
2.769700
13.398000
12.432000
12.432000
8.566800
13.398000
12.432000
12.432000
2.769700
-8.824500
-7.858300
-10.757000
-14.622000
-9.790700
-1.095000
5.668300
8.566800
11.465000
10.499000
10.499000
16.296000
18.229000
23.059999
17.261999
10.499000
5.668300
-2.061200
3.735900
5.668300
-7.858300
-8.824500
-7.858300
-14.622000
-23.316999
-27.181999
-19.452000
-21.385000
-21.385000
-14.622000
-12.689000
-12.689000
-3.993600
4.702100
12.432000
13.398000
18.229000
18.229000
11.465000
13.398000
20.160999
24.025999
18.229000
10.499000
5.668300
4.702100
-9.790700
-2.061200
-2.061200
-14.622000
-10.757000
-6.892100
-11.723000
-11.723000
-6.892100
-7.858300
-3.993600
-1.095000
-1.095000
-0.128820
1.803500
7.600600
-1.095000
2.769700
4.702100
1.803500
13.398000
11.465000
7.600600
6.634500
5.668300
1.803500
3.735900
1.803500
1.803500
12.432000
9.533000
9.533000
12.432000
14.364000
20.160999
12.432000
4.702100
5.668300
6.634500
5.668300
-3.993600
-3.993600
-12.689000
-22.351000
-17.520000
-19.452000
-24.283001
-11.723000
0.837360
2.769700
1.803500
-6.892100
-0.128820
4.702100
3.735900
5.668300
13.398000
13.398000
4.702100
8.566800
11.465000
8.566800
7.600600
8.566800
9.533000
11.465000
6.634500
-3.027400
-2.061200
4.702100
-0.128820
-0.128820
-1.095000
-3.993600
-6.892100
-6.892100
-0.128820
-6.892100
-3.993600
6.634500
11.465000
12.432000
15.330000
6.634500
10.499000
2.769700
5.668300
6.634500
-4.959700
-10.757000
-14.622000
-18.486000
-19.452000
-22.351000
-33.945000
-28.148001
-23.316999
-25.250000
-19.452000
-17.520000
-22.351000
-25.250000
-16.554001
-2.061200
8.566800
11.465000
8.566800
10.499000
11.465000
11.465000
9.533000
3.735900
2.769700
0.837360
-2.061200
2.769700
-0.128820
-14.622000
-12.689000
-15.588000
-15.588000
-17.520000
-12.689000
-3.027400
-3.993600
-3.993600
7.600600
15.330000
15.330000
13.398000
7.600600
15.330000
3.735900
7.600600
7.600600
-3.027400
-13.655000
-20.419001
-17.520000
-20.419001
-8.824500
10.499000
20.160999
20.160999
14.364000
22.093000
24.992001
17.261999
18.229000
18.229000
17.261999
16.296000
10.499000
-4.959700
-5.925900
-10.757000
-8.824500
-4.959700
6.634500
21.127001
18.229000
20.160999
26.924000
19.195000
9.533000
-0.128820
-8.824500
-4.959700
-2.061200
-9.790700
-13.655000
-20.419001
-29.114000
-31.047001
-27.181999
-27.181999
-17.520000
-0.128820
5.668300
-1.095000
2.769700
2.769700
4.702100
-1.095000
1.803500
9.533000
8.566800
6.634500
3.735900
1.803500
2.769700
-3.027400
-6.892100
0.837360
9.533000
8.566800
9.533000
5.668300
-3.027400
-13.655000
-10.757000
-8.824500
-12.689000
-10.757000
-6.892100
-7.858300
-3.027400
1.803500
6.634500
10.499000
-4.959700
2.769700
12.432000
4.702100
-0.128820
-0.128820
-1.095000
0.837360
2.769700
-7.858300
-9.790700
-12.689000
-14.622000
-9.790700
-6.892100
3.735900
8.566800
0.837360
13.398000
25.958000
31.754999
39.485001
37.551998
39.485001
18.229000
9.533000
13.398000
9.533000
4.702100
-0.128820
-5.925900
-12.689000
-6.892100
-7.858300
-8.824500
-7.858300
-7.858300
-12.689000
-17.520000
-4.959700
-5.925900
-7.858300
4.702100
10.499000
2.769700
-0.128820
-4.959700
-2.061200
2.769700
3.735900
13.398000
5.668300
-2.061200
1.803500
-1.095000
0.837360
8.566800
6.634500
7.600600
11.465000
7.600600
3.735900
5.668300
5.668300
1.803500
2.769700
9.533000
11.465000
6.634500
12.432000
4.702100
6.634500
14.364000
-1.095000
-14.622000
-11.723000
-4.959700
-9.790700
-15.588000
-14.622000
-13.655000
-7.858300
-2.061200
5.668300
6.634500
12.432000
17.261999
15.330000
3.735900
0.837360
7.600600
4.702100
0.837360
-11.723000
-13.655000
-22.351000
-20.419001
-19.452000
-13.655000
-7.858300
-10.757000
-13.655000
-12.689000
-10.757000
-5.925900
-3.993600
-3.993600
1.803500
5.668300
6.634500
4.702100
-3.027400
-4.959700
-2.061200
2.769700
10.499000
11.465000
17.261999
13.398000
13.398000
4.702100
14.364000
21.127001
20.160999
24.992001
22.093000
18.229000
2.769700
-4.959700
2.769700
-4.959700
-12.689000
-10.757000
-12.689000
-15.588000
-22.351000
-20.419001
-14.622000
-16.554001
-18.486000
-22.351000
-13.655000
-3.027400
-0.128820
-1.095000
-4.959700
-7.858300
-9.790700
-5.925900
-4.959700
1.803500
2.769700
0.837360
-0.128820
2.769700
3.735900
10.499000
15.330000
15.330000
13.398000
7.600600
10.499000
10.499000
3.735900
5.668300
-2.061200
-2.061200
4.702100
-1.095000
0.837360
2.769700
-3.027400
9.533000
7.600600
14.364000
22.093000
16.296000
11.465000
9.533000
1.803500
4.702100
11.465000
4.702100
-3.993600
-13.655000
-15.588000
-17.520000
-15.588000
-4.959700
-5.925900
-6.892100
-9.790700
-6.892100
-7.858300
-3.027400
-3.993600
-11.723000
-9.790700
-9.790700
-12.689000
-19.452000
-27.181999
-20.419001
-11.723000
-9.790700
-10.757000
-9.790700
-12.689000
-17.520000
-3.027400
3.735900
0.837360
-0.128820
-2.061200
0.837360
-8.824500
-14.622000
-9.790700
-1.095000
-3.993600
-6.892100
-4.959700
3.735900
16.296000
21.127001
26.924000
29.823000
23.059999
16.296000
16.296000
13.398000
-3.027400
-3.993600
-5.925900
-9.790700
-19.452000
-16.554001
-12.689000
-13.655000
-19.452000
-14.622000
-7.858300
-4.959700
0.837360
3.735900
13.398000
19.195000
24.025999
29.823000
26.924000
30.789000
28.857000
15.330000
15.330000
12.432000
2.769700
7.600600
6.634500
-2.061200
3.735900
11.465000
14.364000
5.668300
1.803500
13.398000
13.398000
2.769700
-1.095000
-8.824500
-6.892100
-5.925900
-7.858300
-5.925900
-5.925900
-1.095000
-5.925900
-3.027400
2.769700
-1.095000
5.668300
6.634500
-0.128820
-2.061200
-1.095000
3.735900
3.735900
-0.128820
4.702100
-1.095000
-9.790700
-7.858300
-4.959700
-12.689000
-11.723000
-8.824500
-16.554001
-15.588000
-8.824500
2.769700
6.634500
6.634500
6.634500
3.735900
-1.095000
-1.095000
8.566800
17.261999
10.499000
6.634500
0.837360
4.702100
3.735900
9.533000
15.330000
14.364000
16.296000
15.330000
12.432000
15.330000
19.195000
18.229000
16.296000
18.229000
16.296000
-0.128820
-5.925900
-1.095000
-4.959700
-12.689000
-13.655000
-15.588000
-17.520000
-27.181999
-24.283001
-13.655000
-10.757000
-7.858300
-3.993600
-4.959700
-8.824500
-6.892100
2.769700
3.735900
2.769700
-0.128820
-6.892100
-18.486000
-11.723000
-8.824500
-14.622000
-16.554001
-12.689000
-8.824500
-17.520000
-22.351000
-9.790700
-9.790700
-13.655000
-3.993600
-6.892100
-1.095000
10.499000
8.566800
6.634500
8.566800
7.600600
4.702100
8.566800
10.499000
6.634500
0.837360
-2.061200
-3.993600
-10.757000
-9.790700
-3.027400
-9.790700
-14.622000
-13.655000
-21.385000
-13.655000
-3.027400
-3.027400
-3.993600
-0.128820
9.533000
1.803500
4.702100
18.229000
13.398000
13.398000
16.296000
-2.061200
2.769700
12.432000
4.702100
4.702100
0.837360
-5.925900
-10.757000
-7.858300
-3.027400
-7.858300
-3.027400
0.837360
7.600600
6.634500
7.600600
22.093000
17.261999
14.364000
24.992001
25.958000
24.025999
16.296000
16.296000
24.992001
22.093000
19.195000
15.330000
0.837360
0.837360
1.803500
-7.858300
-1.095000
3.735900
-6.892100
-18.486000
-14.622000
-12.689000
-30.080999
-25.250000
-21.385000
-24.283001
-30.080999
-23.316999
-24.283001
-27.181999
-23.316999
-20.419001
-10.757000
-3.993600
-3.027400
-9.790700
-9.790700
-2.061200
0.837360
6.634500
11.465000
4.702100
14.364000
20.160999
18.229000
22.093000
21.127001
19.195000
15.330000
20.160999
22.093000
12.432000
8.566800
8.566800
15.330000
17.261999
26.924000
28.857000
21.127001
18.229000
19.195000
14.364000
23.059999
28.857000
20.160999
10.499000
1.803500
-0.128820
2.769700
-3.993600
-3.993600
0.837360
-6.892100
-7.858300
-8.824500
-22.351000
-28.148001
-24.283001
-29.114000
-31.047001
-30.080999
-21.385000
-15.588000
-18.486000
-8.824500
-10.757000
-4.959700
10.499000
15.330000
18.229000
6.634500
12.432000
18.229000
16.296000
15.330000
5.668300
1.803500
-10.757000
-7.858300
-4.959700
-4.959700
-3.993600
-4.959700
-3.993600
2.769700
8.566800
10.499000
12.432000
15.330000
9.533000
11.465000
12.432000
11.465000
14.364000
11.465000
2.769700
-3.027400
0.837360
-0.128820
-1.095000
-0.128820
-1.095000
-1.095000
-10.757000
-0.128820
6.634500
2.769700
0.837360
-1.095000
-4.959700
-7.858300
1.803500
4.702100
-4.959700
-0.128820
1.803500
-1.095000
-2.061200
-3.993600
-9.790700
-16.554001
-17.520000
2.769700
8.566800
7.600600
8.566800
12.432000
13.398000
8.566800
12.432000
11.465000
4.702100
-0.128820
-10.757000
-8.824500
-9.790700
-16.554001
-3.993600
-8.824500
-16.554001
-12.689000
-10.757000
-11.723000
-11.723000
-5.925900
-6.892100
-10.757000
-15.588000
-18.486000
-21.385000
-16.554001
-18.486000
-11.723000
-0.128820
2.769700
-2.061200
-7.858300
-15.588000
-9.790700
12.432000
19.195000
24.992001
21.127001
12.432000
10.499000
1.803500
17.261999
24.025999
20.160999
14.364000
