-3.042100
0.841420
-1.100300
-9.838200
-6.925600
-0.129450
-3.042100
-4.983800
-1.100300
-4.012900
-6.925600
-4.012900
0.841420
5.695800
3.754000
0.841420
4.724900
1.812300
-4.012900
-3.042100
-6.925600
-8.867300
-3.042100
5.695800
6.666700
3.754000
3.754000
3.754000
2.783200
-0.129450
-2.071200
-3.042100
-6.925600
-8.867300
-9.838200
-6.925600
-5.954700
-4.012900
4.724900
8.608400
5.695800
0.841420
-3.042100
-2.071200
-4.983800
-3.042100
-2.071200
0.841420
-2.071200
-9.838200
-9.838200
-5.954700
-0.129450
3.754000
1.812300
-0.129450
-1.100300
0.841420
3.754000
1.812300
2.783200
6.666700
7.637500
4.724900
1.812300
-1.100300
0.841420
1.812300
12.492000
16.375000
10.550000
9.579300
8.608400
3.754000
-3.042100
-5.954700
-1.100300
1.812300
5.695800
3.754000
-0.129450
2.783200
1.812300
4.724900
7.637500
2.783200
3.754000
7.637500
1.812300
-5.954700
-4.012900
5.695800
1.812300
-6.925600
-5.954700
-4.012900
-0.129450
-2.071200
-10.809000
-10.809000
-4.012900
5.695800
7.637500
1.812300
-1.100300
-3.042100
-4.012900
-3.042100
-3.042100
-1.100300
0.841420
2.783200
0.841420
1.812300
1.812300
4.724900
7.637500
5.695800
4.724900
-4.012900
-4.983800
-1.100300
-4.983800
-4.983800
-5.954700
-4.983800
-4.983800
-6.925600
-7.896400
-5.954700
-0.129450
8.608400
7.637500
3.754000
1.812300
3.754000
2.783200
2.783200
3.754000
-1.100300
-6.925600
-11.780000
-9.838200
-6.925600
-2.071200
5.695800
5.695800
6.666700
11.521000
14.434000
6.666700
6.666700
6.666700
-0.129450
0.841420
3.754000
8.608400
3.754000
-4.012900
-8.867300
-4.012900
4.724900
5.695800
-0.129450
-4.012900
0.841420
2.783200
-0.129450
-1.100300
-6.925600
-5.954700
4.724900
12.492000
3.754000
-6.925600
-11.780000
-8.867300
-3.042100
3.754000
5.695800
7.637500
-1.100300
-12.751000
-14.693000
-7.896400
0.841420
-0.129450
-1.100300
-1.100300
-4.012900
-4.012900
-9.838200
-14.693000
-8.867300
-6.925600
-12.751000
-7.896400
-4.012900
-7.896400
-4.983800
1.812300
0.841420
-4.012900
-2.071200
-0.129450
-5.954700
-8.867300
-4.983800
1.812300
0.841420
-3.042100
-3.042100
-4.012900
4.724900
12.492000
10.550000
2.783200
-1.100300
-0.129450
-6.925600
-13.722000
-15.663000
-12.751000
-11.780000
-8.867300
-6.925600
-3.042100
-4.983800
-12.751000
-14.693000
-3.042100
-6.925600
-6.925600
-1.100300
2.783200
7.637500
8.608400
9.579300
13.463000
21.230000
23.172001
24.142000
20.259001
20.259001
23.172001
18.316999
10.550000
8.608400
6.666700
8.608400
12.492000
5.695800
0.841420
-0.129450
-1.100300
0.841420
4.724900
0.841420
-4.983800
-4.983800
-5.954700
-8.867300
-7.896400
-4.012900
-4.012900
-7.896400
-13.722000
-17.605000
-12.751000
-7.896400
-4.983800
2.783200
6.666700
-1.100300
-5.954700
-1.100300
-0.129450
-1.100300
2.783200
5.695800
4.724900
2.783200
2.783200
3.754000
4.724900
2.783200
-1.100300
0.841420
0.841420
3.754000
2.783200
-0.129450
-4.983800
-6.925600
-3.042100
-5.954700
-7.896400
-6.925600
-4.983800
-5.954700
-4.983800
-4.983800
-0.129450
4.724900
0.841420
-0.129450
-2.071200
-3.042100
-5.954700
-2.071200
-2.071200
4.724900
7.637500
7.637500
8.608400
14.434000
10.550000
2.783200
1.812300
2.783200
3.754000
2.783200
-6.925600
-9.838200
-4.983800
-2.071200
-5.954700
-5.954700
-6.925600
-10.809000
-9.838200
-8.867300
-5.954700
-1.100300
-0.129450
-3.042100
-9.838200
-11.780000
-8.867300
-6.925600
-4.012900
1.812300
5.695800
2.783200
2.783200
4.724900
6.666700
7.637500
8.608400
7.637500
1.812300
-3.042100
-3.042100
5.695800
7.637500
7.637500
9.579300
8.608400
1.812300
1.812300
7.637500
3.754000
2.783200
7.637500
13.463000
9.579300
-0.129450
-4.012900
4.724900
10.550000
11.521000
8.608400
3.754000
0.841420
6.666700
11.521000
10.550000
1.812300
-6.925600
-4.983800
-4.012900
-9.838200
-13.722000
-10.809000
-5.954700
-4.012900
-4.983800
-2.071200
0.841420
0.841420
-6.925600
-16.634001
-8.867300
1.812300
0.841420
-3.042100
-1.100300
-2.071200
-4.012900
-4.012900
-3.042100
-3.042100
-1.100300
-2.071200
-2.071200
-2.071200
2.783200
1.812300
-3.042100
-4.012900
1.812300
4.724900
7.637500
7.637500
4.724900
5.695800
8.608400
-0.129450
0.841420
4.724900
-0.129450
1.812300
11.521000
13.463000
3.754000
-4.012900
-3.042100
-4.983800
-1.100300
-1.100300
-1.100300
-3.042100
-4.012900
-3.042100
-4.983800
-3.042100
-3.042100
-3.042100
0.841420
1.812300
-1.100300
-0.129450
1.812300
3.754000
0.841420
-0.129450
1.812300
5.695800
3.754000
7.637500
11.521000
-0.129450
-7.896400
-0.129450
4.724900
6.666700
6.666700
5.695800
5.695800
5.695800
5.695800
2.783200
5.695800
5.695800
1.812300
6.666700
11.521000
9.579300
-3.042100
-7.896400
-1.100300
-3.042100
-8.867300
-14.693000
-10.809000
-8.867300
-4.012900
-3.042100
-10.809000
-7.896400
-7.896400
-12.751000
-12.751000
-5.954700
-0.129450
0.841420
3.754000
1.812300
3.754000
9.579300
11.521000
3.754000
1.812300
3.754000
4.724900
8.608400
7.637500
2.783200
-2.071200
0.841420
5.695800
-0.129450
-1.100300
-2.071200
0.841420
-4.983800
-8.867300
-5.954700
-4.983800
-1.100300
-3.042100
-5.954700
3.754000
6.666700
3.754000
1.812300
-3.042100
-5.954700
-4.012900
2.783200
7.637500
4.724900
6.666700
6.666700
4.724900
2.783200
-2.071200
-3.042100
-4.983800
-5.954700
-1.100300
1.812300
2.783200
0.841420
-5.954700
-3.042100
-4.012900
-6.925600
-8.867300
-7.896400
-4.983800
2.783200
6.666700
-1.100300
-0.129450
-1.100300
-3.042100
1.812300
3.754000
2.783200
2.783200
3.754000
7.637500
11.521000
9.579300
-0.129450
-3.042100
5.695800
7.637500
0.841420
3.754000
5.695800
-0.129450
-0.129450
-4.983800
-8.867300
-8.867300
-9.838200
-6.925600
0.841420
5.695800
3.754000
-3.042100
-5.954700
0.841420
2.783200
3.754000
4.724900
0.841420
-4.983800
-9.838200
-8.867300
0.841420
4.724900
0.841420
-5.954700
-9.838200
3.754000
15.405000
2.783200
-6.925600
-4.012900
-8.867300
-4.983800
-2.071200
-4.983800
-5.954700
1.812300
5.695800
5.695800
9.579300
14.434000
11.521000
23.172001
16.375000
-4.012900
-9.838200
-7.896400
-4.983800
-4.012900
-4.983800
-1.100300
2.783200
4.724900
2.783200
1.812300
9.579300
12.492000
6.666700
1.812300
0.841420
-3.042100
-10.809000
-10.809000
-9.838200
-7.896400
-4.983800
-0.129450
4.724900
8.608400
7.637500
8.608400
11.521000
5.695800
0.841420
0.841420
2.783200
0.841420
-6.925600
-4.012900
-4.012900
-4.983800
-4.012900
-5.954700
-4.983800
-0.129450
3.754000
6.666700
0.841420
-6.925600
-5.954700
-2.071200
-2.071200
-4.012900
-4.983800
-11.780000
-8.867300
-7.896400
-6.925600
-3.042100
-1.100300
2.783200
2.783200
-1.100300
-2.071200
1.812300
9.579300
-0.129450
-6.925600
-5.954700
-4.983800
-4.012900
-4.012900
-7.896400
-4.983800
1.812300
7.637500
7.637500
6.666700
9.579300
14.434000
12.492000
7.637500
5.695800
-0.129450
6.666700
-0.129450
-6.925600
-4.012900
-2.071200
-0.129450
-2.071200
-1.100300
-2.071200
1.812300
9.579300
8.608400
3.754000
3.754000
6.666700
2.783200
-4.012900
-0.129450
-1.100300
-4.983800
-3.042100
-2.071200
-0.129450
-1.100300
-0.129450
1.812300
-2.071200
-5.954700
-2.071200
9.579300
7.637500
-2.071200
0.841420
2.783200
2.783200
4.724900
-1.100300
-0.129450
0.841420
0.841420
2.783200
0.841420
-0.129450
-4.983800
-4.983800
10.550000
6.666700
-0.129450
0.841420
-4.012900
-4.012900
-3.042100
-8.867300
-10.809000
-4.012900
-3.042100
-4.012900
4.724900
6.666700
8.608400
10.550000
7.637500
3.754000
-1.100300
1.812300
1.812300
-0.129450
0.841420
1.812300
-0.129450
-3.042100
-3.042100
-2.071200
0.841420
0.841420
-1.100300
-6.925600
-9.838200
-4.012900
-3.042100
-0.129450
-4.983800
-1.100300
5.695800
6.666700
0.841420
-3.042100
-0.129450
6.666700
11.521000
13.463000
8.608400
-1.100300
-5.954700
1.812300
8.608400
16.375000
-2.071200
-11.780000
-7.896400
-4.983800
-0.129450
-1.100300
-2.071200
1.812300
3.754000
3.754000
3.754000
5.695800
0.841420
-3.042100
2.783200
3.754000
-7.896400
-8.867300
-4.983800
1.812300
11.521000
8.608400
3.754000
-4.983800
-6.925600
1.812300
10.550000
5.695800
0.841420
-4.012900
-13.722000
-12.751000
-9.838200
-9.838200
-7.896400
-4.983800
-4.012900
-1.100300
3.754000
-0.129450
-12.751000
-16.634001
-9.838200
-3.042100
-4.983800
-5.954700
-5.954700
-4.983800
-0.129450
3.754000
12.492000
13.463000
11.521000
9.579300
1.812300
-2.071200
0.841420
1.812300
3.754000
9.579300
5.695800
-1.100300
0.841420
-1.100300
-0.129450
3.754000
3.754000
7.637500
6.666700
3.754000
6.666700
-1.100300
-5.954700
-4.983800
-2.071200
0.841420
1.812300
-1.100300
-0.129450
-2.071200
-0.129450
-8.867300
-14.693000
-14.693000
-6.925600
2.783200
11.521000
9.579300
2.783200
1.812300
-2.071200
-10.809000
-17.605000
-16.634001
-10.809000
-3.042100
3.754000
-1.100300
0.841420
0.841420
-0.129450
-1.100300
-1.100300
6.666700
12.492000
9.579300
7.637500
4.724900
4.724900
2.783200
0.841420
4.724900
5.695800
7.637500
7.637500
8.608400
7.637500
5.695800
6.666700
11.521000
7.637500
2.783200
-2.071200
-1.100300
1.812300
4.724900
7.637500
5.695800
-5.954700
-8.867300
-9.838200
-14.693000
-14.693000
-11.780000
-1.100300
0.841420
-4.983800
-4.983800
-6.925600
-7.896400
-12.751000
-12.751000
-7.896400
-4.012900
-0.129450
1.812300
3.754000
0.841420
-1.100300
3.754000
-2.071200
-4.012900
-7.896400
-6.925600
-0.129450
8.608400
16.375000
18.316999
9.579300
1.812300
4.724900
5.695800
4.724900
5.695800
6.666700
-0.129450
-6.925600
-3.042100
3.754000
3.754000
-4.983800
-11.780000
-5.954700
-2.071200
1.812300
6.666700
6.666700
-2.071200
-9.838200
-4.983800
2.783200
10.550000
2.783200
-4.012900
-4.983800
-4.012900
-0.129450
0.841420
3.754000
6.666700
3.754000
9.579300
6.666700
1.812300
1.812300
4.724900
18.316999
11.521000
-5.954700
-11.780000
-7.896400
-3.042100
-0.129450
-1.100300
2.783200
1.812300
4.724900
8.608400
-2.071200
-11.780000
-11.780000
-1.100300
4.724900
5.695800
10.550000
6.666700
-0.129450
-1.100300
4.724900
7.637500
0.841420
-1.100300
-4.012900
-0.129450
-4.983800
-15.663000
-11.780000
-7.896400
1.812300
2.783200
-4.012900
-6.925600
-0.129450
0.841420
-3.042100
-3.042100
3.754000
10.550000
10.550000
-2.071200
-10.809000
-9.838200
