-0.062890
0.566040
2.452800
9.371100
8.113200
3.710700
-3.207500
-5.723300
-5.723300
-8.867900
-6.981100
-6.981100
-8.239000
-6.352200
-6.981100
-5.723300
1.823900
1.823900
-0.691820
-0.062890
2.452800
7.484300
3.081800
-0.691820
4.339600
7.484300
5.597500
6.226400
3.081800
-0.062890
-0.062890
-0.062890
4.968600
10.629000
13.774000
13.774000
4.968600
-3.836500
-7.610100
-12.013000
-3.836500
3.081800
3.081800
-0.062890
2.452800
7.484300
1.195000
-6.981100
-5.094300
-7.610100
-8.239000
-6.981100
-5.094300
1.195000
3.081800
3.710700
-3.836500
-8.239000
-4.465400
-1.320800
1.823900
0.566040
-0.062890
-6.981100
-7.610100
-1.949700
0.566040
-0.062890
0.566040
-1.320800
-3.207500
-7.610100
-3.207500
-1.949700
0.566040
3.081800
5.597500
8.113200
6.226400
-0.062890
-1.320800
5.597500
6.855300
4.339600
4.968600
-3.836500
-8.867900
-12.013000
-12.013000
-7.610100
-5.094300
-6.981100
-5.723300
-3.836500
2.452800
6.855300
3.710700
3.710700
4.968600
4.339600
4.339600
-0.062890
-1.949700
-1.949700
-3.836500
-8.867900
-6.981100
-7.610100
-3.207500
-4.465400
-6.981100
-5.723300
-0.691820
9.371100
7.484300
4.339600
1.195000
-0.062890
-0.691820
-6.981100
-6.352200
-6.981100
-5.094300
2.452800
5.597500
10.629000
11.258000
9.371100
8.113200
4.339600
-2.578600
-1.949700
-1.320800
2.452800
3.710700
4.968600
7.484300
3.710700
5.597500
5.597500
8.113200
10.629000
8.742100
8.742100
8.113200
3.710700
-2.578600
2.452800
7.484300
2.452800
-0.691820
8.113200
8.742100
5.597500
1.195000
-1.949700
0.566040
1.195000
5.597500
8.113200
6.855300
7.484300
3.710700
-0.691820
-6.981100
-14.528000
-20.818001
-20.818001
-15.786000
-8.867900
-0.062890
3.081800
2.452800
-3.207500
-0.062890
5.597500
10.000000
9.371100
-0.062890
-6.352200
-5.723300
-4.465400
-0.691820
0.566040
-6.352200
-4.465400
-3.836500
-4.465400
1.823900
3.081800
3.710700
3.710700
6.226400
2.452800
-1.320800
-6.981100
-11.384000
-3.836500
3.710700
3.081800
-1.320800
-8.239000
-9.496900
-13.270000
-6.981100
2.452800
10.629000
10.629000
0.566040
-0.062890
-3.836500
-4.465400
-4.465400
-1.949700
-0.691820
0.566040
1.823900
4.339600
-2.578600
-5.723300
-8.867900
-12.642000
-10.755000
-12.642000
-17.044001
-11.384000
2.452800
8.742100
10.000000
2.452800
-1.949700
0.566040
2.452800
4.339600
4.968600
3.710700
-0.062890
-1.320800
0.566040
8.113200
6.855300
1.823900
0.566040
4.968600
8.113200
8.113200
8.113200
12.516000
18.176001
10.000000
6.855300
5.597500
2.452800
-0.062890
-1.320800
-2.578600
-3.207500
2.452800
4.339600
4.339600
7.484300
13.145000
11.258000
7.484300
6.226400
1.195000
-0.691820
-1.949700
-4.465400
1.195000
1.823900
-0.691820
-0.062890
-2.578600
-5.094300
2.452800
3.081800
1.823900
-1.949700
1.823900
5.597500
1.823900
3.081800
4.968600
3.710700
-1.320800
-2.578600
-7.610100
-15.157000
-15.786000
-18.931000
-16.415001
-5.723300
-1.320800
-0.691820
-1.320800
-0.062890
-0.062890
-1.320800
-1.949700
-3.207500
-3.207500
-2.578600
-5.723300
-5.094300
-7.610100
-13.270000
-14.528000
-11.384000
-10.755000
-5.723300
6.855300
7.484300
5.597500
9.371100
8.742100
11.258000
8.742100
5.597500
8.113200
3.710700
-1.320800
2.452800
-5.094300
-4.465400
-0.691820
11.258000
7.484300
4.339600
-0.062890
-2.578600
-0.062890
-0.062890
6.226400
8.113200
10.000000
5.597500
4.968600
5.597500
-4.465400
-5.094300
1.195000
0.566040
5.597500
2.452800
-0.062890
4.968600
8.742100
5.597500
4.339600
4.968600
3.081800
0.566040
1.195000
0.566040
-7.610100
-14.528000
-12.013000
-3.836500
-1.949700
1.823900
4.339600
1.823900
-0.062890
5.597500
4.339600
2.452800
4.968600
2.452800
1.195000
4.339600
4.968600
-1.949700
0.566040
6.226400
8.113200
5.597500
4.339600
0.566040
-3.836500
2.452800
0.566040
1.195000
-1.949700
-1.949700
-1.949700
1.195000
3.081800
-3.207500
-9.496900
-1.949700
-5.094300
-8.867900
-8.239000
-7.610100
-5.094300
-6.352200
-2.578600
-0.691820
-1.320800
0.566040
6.226400
8.742100
8.742100
6.226400
10.000000
8.742100
4.968600
1.195000
0.566040
-0.691820
0.566040
-3.207500
-8.239000
-6.352200
-1.949700
-3.207500
-5.094300
-7.610100
-10.755000
-8.239000
-6.981100
-6.981100
-6.981100
-3.836500
-5.094300
-9.496900
-8.867900
-5.094300
-0.691820
4.968600
7.484300
6.226400
0.566040
1.823900
-5.094300
-15.157000
-13.899000
-10.126000
-6.352200
-7.610100
-5.723300
-2.578600
-3.836500
-1.949700
-2.578600
-0.691820
-0.062890
-5.094300
-2.578600
1.195000
7.484300
7.484300
5.597500
14.403000
11.887000
8.742100
8.113200
8.113200
6.226400
1.195000
1.195000
-3.836500
-8.239000
-6.352200
-6.352200
-0.691820
3.710700
11.258000
10.000000
5.597500
4.968600
8.742100
11.258000
12.516000
12.516000
8.113200
-3.207500
-9.496900
-12.013000
-17.044001
-15.786000
-6.352200
-0.691820
4.339600
7.484300
6.855300
6.226400
9.371100
9.371100
5.597500
8.742100
9.371100
2.452800
-1.320800
1.823900
4.339600
5.597500
1.195000
1.195000
5.597500
6.226400
6.226400
11.887000
11.258000
3.710700
-4.465400
-6.352200
-5.723300
-5.094300
-1.949700
2.452800
1.195000
-3.207500
1.195000
2.452800
1.195000
1.823900
0.566040
-3.836500
-9.496900
-6.981100
-8.239000
-2.578600
-1.320800
-0.691820
-2.578600
-6.981100
-12.013000
-8.867900
-9.496900
-6.981100
-1.949700
-1.949700
-6.981100
-6.981100
-3.836500
-8.867900
-11.384000
-7.610100
-7.610100
1.195000
6.855300
4.968600
3.710700
3.081800
6.855300
6.855300
8.113200
10.000000
3.710700
-0.691820
4.339600
14.403000
11.887000
8.113200
4.968600
4.968600
3.081800
-2.578600
-8.867900
-6.981100
-2.578600
-1.949700
-6.981100
-9.496900
-6.981100
-1.320800
4.968600
5.597500
4.339600
3.081800
8.113200
6.226400
3.081800
2.452800
2.452800
6.855300
3.081800
-5.094300
-8.239000
-7.610100
1.823900
8.113200
6.855300
2.452800
-0.691820
3.081800
1.823900
2.452800
10.000000
6.855300
-1.949700
-6.981100
-12.013000
-16.415001
-13.270000
-5.094300
1.823900
6.226400
4.339600
3.081800
1.823900
-6.981100
-5.094300
-1.320800
-1.320800
0.566040
3.081800
6.855300
0.566040
-3.836500
-3.836500
-6.352200
-1.320800
5.597500
8.113200
6.226400
1.195000
5.597500
7.484300
3.081800
-0.691820
1.195000
-1.949700
-2.578600
-3.836500
-6.981100
-5.723300
-5.723300
-8.867900
-8.867900
-5.723300
1.823900
10.629000
6.855300
4.339600
3.081800
4.968600
-0.062890
-7.610100
-3.207500
-1.320800
-8.239000
-3.207500
2.452800
6.226400
4.968600
-0.062890
-4.465400
-8.867900
-10.126000
-10.126000
-8.867900
-7.610100
-6.352200
-3.836500
0.566040
-2.578600
-4.465400
-1.949700
1.195000
4.968600
1.823900
-4.465400
-1.320800
-4.465400
-5.723300
7.484300
6.855300
2.452800
0.566040
2.452800
3.081800
-3.836500
-5.723300
3.710700
4.968600
2.452800
4.968600
5.597500
6.855300
1.823900
-1.949700
2.452800
-0.691820
-3.836500
6.855300
8.742100
-0.062890
-0.691820
-4.465400
-7.610100
0.566040
6.226400
8.113200
8.742100
11.887000
14.403000
5.597500
-1.320800
1.195000
1.823900
-3.836500
-4.465400
-3.836500
1.823900
6.226400
8.742100
5.597500
4.339600
6.226400
6.226400
7.484300
4.968600
-0.691820
-0.691820
3.081800
-0.691820
2.452800
4.339600
9.371100
5.597500
3.081800
-0.691820
-5.094300
-5.094300
0.566040
-3.836500
-9.496900
-5.094300
-4.465400
-4.465400
-7.610100
-0.062890
-0.062890
-2.578600
-7.610100
-5.094300
1.195000
1.195000
0.566040
-5.723300
-9.496900
-4.465400
-3.207500
-3.836500
-0.691820
0.566040
-2.578600
-6.981100
-9.496900
-4.465400
1.195000
1.195000
-1.949700
0.566040
-4.465400
-9.496900
-2.578600
7.484300
7.484300
11.258000
7.484300
5.597500
4.968600
3.710700
-1.949700
-6.352200
-1.320800
-2.578600
-1.949700
-2.578600
-5.723300
-5.723300
-2.578600
0.566040
4.968600
10.629000
13.774000
7.484300
-1.320800
-4.465400
-8.239000
-12.013000
-5.094300
-1.320800
-5.094300
-1.320800
-0.062890
-4.465400
3.081800
6.855300
6.855300
14.403000
8.742100
3.081800
1.195000
-0.691820
-2.578600
-2.578600
-3.836500
-8.867900
-7.610100
-3.836500
-5.094300
-0.062890
-0.062890
-1.320800
-1.949700
-1.320800
3.081800
7.484300
3.081800
2.452800
6.226400
3.081800
1.823900
4.968600
6.226400
-0.062890
-1.949700
-0.691820
-0.062890
1.195000
-2.578600
-0.062890
-0.691820
-2.578600
-7.610100
-12.013000
-7.610100
-2.578600
0.566040
5.597500
3.081800
6.226400
-0.062890
-2.578600
-1.320800
-6.981100
-1.320800
-3.207500
-5.094300
-2.578600
-0.691820
3.710700
-0.062890
-1.320800
2.452800
6.855300
13.145000
16.917999
15.031000
4.339600
4.339600
7.484300
4.968600
1.195000
2.452800
1.823900
0.566040
-1.949700
-1.949700
1.823900
1.195000
1.823900
-0.062890
-1.320800
2.452800
3.081800
4.339600
9.371100
4.968600
2.452800
4.339600
-5.723300
-5.723300
-5.094300
-3.207500
-0.691820
-0.691820
-3.836500
-5.094300
-0.062890
-0.062890
-1.320800
1.823900
0.566040
-0.691820
0.566040
1.195000
-1.949700
-6.352200
-13.899000
-20.188999
-13.270000
-7.610100
-2.578600
3.081800
1.195000
9.371100
8.113200
0.566040
-0.691820
1.195000
-2.578600
-0.691820
3.710700
-0.691820
-1.320800
-2.578600
-0.062890
4.968600
4.339600
3.081800
3.710700
-3.207500
-1.320800
2.452800
1.195000
2.452800
6.855300
8.113200
3.710700
-0.691820
1.195000
1.195000
1.823900
-1.320800
0.566040
-3.207500
-5.094300
-6.352200
2.452800
1.195000
-2.578600
-1.949700
-0.691820
-0.062890
0.566040
-1.949700
-1.320800
1.195000
-2.578600
-3.836500
1.195000
-0.691820
-1.949700
0.566040
1.823900
2.452800
1.823900
-0.691820
-7.610100
-6.352200
-5.094300
-6.352200
-3.207500
-1.320800
-1.320800
-3.207500
0.566040
0.566040
3.081800
3.710700
4.339600
-0.062890
-3.836500
-5.723300
1.823900
10.629000
13.774000
6.855300
1.823900
6.226400
4.339600
1.195000
2.452800
6.226400
3.710700
-1.320800
0.566040
2.452800
1.195000
-0.062890
4.339600
4.339600
9.371100
12.516000
8.113200
8.113200
7.484300
5.597500
-1.949700
-3.207500
-3.207500
-8.239000
-9.496900
-6.352200
-5.723300
-2.578600
-5.723300
-5.094300
-2.578600
-1.949700
-1.320800
-1.320800
-0.691820
4.968600
1.823900
4.968600
1.823900
-0.062890
1.195000
-5.094300
-7.610100
-3.836500
0.566040
-1.320800
-1.949700
-3.836500
1.823900
4.339600
