-0.833330
3.653800
3.012800
7.500000
3.653800
-0.192310
-7.243600
-5.961500
-7.243600
-7.884600
-4.679500
-7.243600
-7.884600
-4.038500
-8.525600
-12.372000
-7.243600
-3.397400
-5.961500
-5.961500
-0.192310
3.653800
3.012800
-0.192310
2.371800
4.935900
4.294900
3.012800
-6.602600
-10.449000
-8.525600
-7.243600
-0.833330
3.012800
8.782100
13.269000
11.987000
8.782100
4.935900
-0.192310
2.371800
4.294900
1.089700
-3.397400
-2.115400
1.730800
-1.474400
-5.961500
-3.397400
1.730800
4.294900
-0.833330
2.371800
5.576900
3.653800
4.935900
1.730800
-0.192310
-2.756400
-2.756400
-3.397400
-5.961500
-5.320500
-9.166700
-13.013000
-4.038500
1.730800
-0.833330
0.448720
3.012800
0.448720
-4.038500
-4.038500
-5.320500
-3.397400
0.448720
3.012800
4.935900
6.217900
1.089700
0.448720
5.576900
8.141000
4.294900
2.371800
-4.679500
-8.525600
-10.449000
-9.807700
-4.679500
-6.602600
-9.166700
-4.679500
-2.115400
0.448720
6.859000
6.217900
6.217900
4.935900
3.653800
5.576900
6.217900
3.653800
4.935900
3.653800
-4.679500
-9.807700
-13.013000
-8.525600
-7.884600
-5.961500
-5.320500
-2.115400
8.141000
13.269000
8.782100
3.653800
3.653800
2.371800
-4.679500
-4.038500
-4.679500
0.448720
4.935900
3.653800
4.935900
6.217900
5.576900
4.294900
-0.833330
-5.961500
-0.192310
-2.115400
1.089700
4.294900
3.012800
5.576900
1.730800
2.371800
6.217900
7.500000
4.935900
3.653800
6.859000
7.500000
0.448720
-5.961500
-2.115400
3.012800
-0.192310
-1.474400
8.141000
8.141000
6.859000
3.012800
-4.038500
-3.397400
1.730800
4.294900
6.217900
7.500000
5.576900
-1.474400
-7.884600
-13.013000
-19.423000
-20.705000
-16.218000
-11.090000
-4.679500
-2.756400
2.371800
3.012800
0.448720
4.935900
9.423100
10.064000
10.064000
4.935900
-0.833330
2.371800
4.294900
1.089700
-0.192310
-4.679500
-4.679500
-5.320500
-2.115400
0.448720
-1.474400
1.089700
-1.474400
-4.038500
-4.038500
-4.038500
-5.320500
-8.525600
-2.115400
1.730800
0.448720
-5.320500
-7.884600
-7.243600
-9.807700
-3.397400
1.730800
4.935900
1.730800
-4.038500
0.448720
1.089700
1.089700
1.089700
4.294900
5.576900
2.371800
-2.115400
-3.397400
-9.807700
-11.090000
-16.218000
-15.577000
-5.320500
-7.884600
-14.936000
-9.166700
2.371800
5.576900
6.859000
1.730800
-3.397400
-2.756400
0.448720
2.371800
3.653800
4.294900
3.012800
2.371800
5.576900
13.910000
14.551000
5.576900
1.089700
3.653800
5.576900
5.576900
4.935900
10.064000
12.628000
7.500000
5.576900
7.500000
9.423100
6.859000
6.859000
3.653800
0.448720
-0.833330
1.089700
6.217900
10.064000
13.910000
16.474001
14.551000
6.217900
5.576900
8.141000
5.576900
-0.833330
0.448720
-0.192310
-2.115400
-0.192310
2.371800
6.217900
6.859000
5.576900
-0.192310
-2.115400
3.012800
2.371800
-1.474400
1.089700
1.089700
-2.115400
-4.679500
-7.884600
-14.936000
-18.141001
-12.372000
-14.295000
-18.782000
-11.731000
-6.602600
-4.679500
-2.756400
-4.038500
-4.679500
-1.474400
3.012800
-0.833330
-2.756400
-4.038500
-8.525600
-8.525600
-7.884600
-13.654000
-17.500000
-13.013000
-11.090000
-4.038500
10.064000
11.987000
9.423100
8.782100
5.576900
8.782100
8.782100
4.294900
6.859000
-0.192310
-5.320500
-1.474400
-7.243600
-6.602600
-5.961500
1.730800
1.730800
0.448720
2.371800
2.371800
1.730800
-2.756400
0.448720
4.935900
8.141000
8.782100
11.346000
8.141000
-0.192310
-0.192310
5.576900
4.294900
6.859000
2.371800
-4.038500
-0.833330
4.935900
6.859000
8.141000
7.500000
4.935900
-0.833330
0.448720
3.653800
0.448720
-7.243600
-11.090000
-5.961500
-4.038500
1.089700
5.576900
4.294900
-0.833330
4.935900
3.653800
-0.833330
-2.115400
-0.833330
3.012800
9.423100
11.346000
8.141000
4.935900
4.935900
3.653800
2.371800
4.935900
4.935900
-1.474400
3.012800
1.089700
-3.397400
-3.397400
-4.679500
-7.243600
-3.397400
-2.756400
-1.474400
-8.525600
-5.320500
-5.320500
-7.243600
-9.166700
-6.602600
-6.602600
-10.449000
-5.961500
-3.397400
-3.397400
1.730800
4.935900
9.423100
10.064000
5.576900
10.705000
10.064000
6.859000
-1.474400
-3.397400
-0.833330
-2.756400
-5.320500
-9.166700
-6.602600
0.448720
-1.474400
-3.397400
-5.320500
-5.961500
-3.397400
-4.038500
-6.602600
-7.884600
-7.243600
-7.243600
-7.243600
-6.602600
1.730800
6.217900
7.500000
5.576900
1.730800
1.730800
1.730800
-5.320500
-14.295000
-17.500000
-11.731000
-5.961500
-4.679500
-0.192310
0.448720
-2.115400
1.089700
-0.192310
1.089700
1.730800
-1.474400
1.730800
6.859000
16.474001
17.115000
11.987000
12.628000
7.500000
1.730800
1.089700
6.859000
4.294900
0.448720
2.371800
-0.833330
-4.038500
-3.397400
-4.038500
1.089700
0.448720
5.576900
5.576900
5.576900
10.705000
17.756001
15.192000
11.346000
10.064000
1.730800
-6.602600
-9.807700
-7.243600
-11.090000
-13.013000
-8.525600
-4.038500
-2.115400
-1.474400
1.730800
-0.833330
6.217900
8.782100
4.294900
7.500000
6.859000
-2.115400
-7.243600
-5.961500
-2.756400
2.371800
-0.192310
-1.474400
3.012800
4.294900
-0.192310
4.294900
8.782100
4.935900
-5.320500
-9.807700
-7.884600
-4.679500
-0.192310
2.371800
-1.474400
-7.243600
-6.602600
-4.679500
-3.397400
-3.397400
-2.115400
-0.192310
-2.115400
1.089700
-2.115400
1.730800
-0.833330
0.448720
0.448720
-5.320500
-6.602600
-3.397400
-5.961500
-6.602600
-4.038500
-2.115400
-4.038500
-5.320500
0.448720
-4.038500
-9.807700
-7.884600
-7.243600
0.448720
6.859000
6.859000
7.500000
4.294900
3.653800
0.448720
1.089700
10.064000
10.705000
8.141000
13.910000
19.038000
12.628000
8.141000
4.294900
8.782100
10.064000
6.859000
2.371800
3.012800
4.935900
1.730800
-2.115400
-3.397400
-0.833330
6.859000
9.423100
7.500000
1.730800
-2.756400
1.089700
4.294900
1.089700
-0.192310
-1.474400
3.012800
3.653800
-4.679500
-5.320500
-4.038500
-1.474400
-1.474400
0.448720
-0.192310
-3.397400
1.730800
5.576900
6.217900
10.064000
6.859000
-4.038500
-5.961500
-11.731000
-15.577000
-15.577000
-11.090000
-1.474400
4.935900
0.448720
-1.474400
2.371800
-2.115400
-4.679500
-7.243600
-12.372000
-9.166700
-6.602600
-4.038500
-9.807700
-9.807700
-1.474400
-4.038500
-2.756400
-0.192310
1.089700
0.448720
-1.474400
3.653800
4.294900
-2.115400
-5.961500
-5.320500
-7.243600
-7.243600
-9.807700
-11.090000
-9.166700
-10.449000
-8.525600
-6.602600
-7.243600
-0.192310
10.064000
10.705000
9.423100
6.859000
8.782100
6.859000
-2.756400
-0.833330
-0.192310
-5.961500
3.012800
6.859000
7.500000
4.935900
-0.192310
-0.833330
-1.474400
-6.602600
-4.679500
0.448720
-1.474400
-2.756400
4.294900
3.653800
-0.192310
1.730800
1.089700
6.217900
13.269000
11.987000
8.141000
11.346000
6.217900
1.730800
6.217900
3.653800
-4.038500
-5.961500
-4.679500
-0.833330
-4.038500
-4.038500
1.730800
4.294900
5.576900
11.987000
13.269000
10.705000
3.012800
-5.961500
-4.679500
-5.961500
-4.679500
4.935900
9.423100
5.576900
8.782100
-0.192310
-6.602600
1.730800
6.217900
8.141000
3.012800
3.653800
8.141000
4.935900
-1.474400
-2.115400
-0.833330
-5.961500
-5.320500
-5.320500
-4.679500
-2.756400
-0.833330
0.448720
-1.474400
-1.474400
1.089700
3.653800
4.935900
1.730800
4.294900
4.935900
4.294900
7.500000
6.217900
5.576900
4.294900
6.859000
1.730800
-4.679500
-7.243600
-4.679500
-7.243600
-6.602600
-4.038500
-2.115400
-2.756400
-7.884600
0.448720
4.294900
1.730800
-0.192310
2.371800
3.012800
-3.397400
-9.807700
-9.807700
-13.013000
-8.525600
-4.679500
-0.192310
-0.833330
-0.192310
0.448720
-0.192310
-3.397400
-1.474400
2.371800
-2.115400
-2.756400
2.371800
-7.243600
-11.731000
-2.115400
4.294900
-0.192310
3.012800
5.576900
6.217900
5.576900
3.012800
-2.756400
-8.525600
-1.474400
-5.961500
-4.038500
-3.397400
-6.602600
-6.602600
-8.525600
-5.961500
-1.474400
6.217900
17.115000
11.987000
0.448720
-5.961500
-10.449000
-11.731000
-7.243600
-0.833330
-3.397400
0.448720
3.653800
-1.474400
6.217900
10.705000
6.859000
8.141000
3.653800
3.012800
3.653800
6.217900
0.448720
-5.961500
-3.397400
-9.807700
-13.654000
-5.961500
-5.320500
-4.038500
-4.679500
-2.756400
-0.192310
1.089700
6.859000
8.141000
1.089700
4.935900
12.628000
11.346000
8.141000
9.423100
4.294900
-3.397400
-4.038500
-4.679500
-1.474400
-0.192310
-2.756400
0.448720
-3.397400
-7.884600
-10.449000
-8.525600
-3.397400
0.448720
1.089700
2.371800
-0.833330
-2.115400
-5.320500
-2.756400
-0.192310
-5.320500
-3.397400
-2.756400
-2.115400
0.448720
1.730800
3.012800
1.089700
3.653800
4.294900
8.141000
14.551000
19.679001
16.474001
2.371800
0.448720
1.089700
-3.397400
-4.679500
-2.115400
-3.397400
-0.833330
0.448720
-0.192310
6.859000
10.705000
12.628000
8.782100
2.371800
1.730800
3.012800
7.500000
9.423100
2.371800
-4.679500
-5.961500
-10.449000
-5.961500
-5.320500
-1.474400
2.371800
0.448720
-2.756400
-5.961500
-0.192310
-2.115400
-2.115400
6.859000
4.935900
-0.192310
1.089700
6.217900
-0.192310
-8.525600
-9.807700
-12.372000
-5.961500
-1.474400
-2.756400
-0.833330
-2.115400
4.935900
6.217900
4.294900
6.859000
4.935900
-0.192310
4.935900
7.500000
4.935900
3.653800
-2.756400
-2.115400
-2.756400
-5.320500
-4.038500
-2.756400
-6.602600
-0.833330
4.935900
7.500000
5.576900
3.012800
3.012800
1.089700
-3.397400
-4.679500
-7.243600
-4.679500
-2.115400
-0.833330
-5.320500
-7.243600
-9.166700
-3.397400
-0.833330
-1.474400
-5.320500
-10.449000
-9.807700
-5.320500
-4.038500
-2.115400
1.730800
1.089700
1.730800
4.294900
4.294900
4.294900
4.294900
4.294900
3.653800
5.576900
6.859000
-2.756400
-6.602600
-7.243600
-6.602600
-3.397400
-5.320500
-7.884600
-7.884600
1.089700
0.448720
1.730800
5.576900
10.705000
12.628000
7.500000
3.012800
4.935900
6.859000
6.217900
3.653800
1.730800
8.782100
5.576900
4.294900
8.141000
10.064000
8.141000
1.730800
4.294900
10.064000
6.859000
2.371800
0.448720
3.653800
10.705000
13.910000
12.628000
10.705000
8.141000
3.012800
-4.679500
-7.884600
-5.961500
-8.525600
-10.449000
-9.166700
-9.166700
-9.807700
-8.525600
-4.679500
-2.756400
-5.320500
-6.602600
-9.807700
-5.320500
-0.192310
-2.115400
1.089700
-1.474400
-1.474400
3.012800
-1.474400
-7.243600
-1.474400
-1.474400
-7.884600
-7.884600
-7.884600
-1.474400
-0.192310
