-10.321000
3.141000
3.782100
3.141000
1.217900
-2.628200
-10.321000
-12.885000
-5.833300
-4.551300
-5.192300
-14.167000
-20.577000
-13.526000
-14.808000
-19.295000
-16.090000
-13.526000
-14.167000
-14.808000
-9.679500
-1.987200
-5.192300
-5.192300
-1.346200
5.064100
10.833000
10.833000
-1.346200
-7.756400
-6.474400
-14.167000
-18.653999
-0.705130
10.192000
8.910300
17.243999
13.397000
5.064100
4.423100
5.064100
6.346200
14.679000
14.679000
2.500000
5.705100
1.217900
-1.987200
-10.962000
-6.474400
0.576920
-0.064100
13.397000
7.628200
5.064100
4.423100
3.141000
-2.628200
-0.064100
8.269200
10.833000
9.551300
8.269200
-3.910300
-12.885000
-4.551300
2.500000
3.141000
6.346200
5.705100
7.628200
4.423100
-5.833300
-4.551300
-0.705130
4.423100
10.192000
12.115000
6.346200
-1.346200
-6.474400
-0.064100
5.064100
2.500000
-2.628200
-7.115400
-6.474400
-12.885000
-17.372000
-9.038500
-10.321000
-8.397400
-8.397400
-9.038500
-6.474400
-3.269200
0.576920
2.500000
1.217900
6.346200
9.551300
3.141000
10.192000
13.397000
4.423100
-5.192300
-2.628200
-9.679500
-14.167000
-9.038500
-5.192300
-0.705130
5.705100
5.064100
-0.705130
4.423100
4.423100
4.423100
0.576920
-3.910300
-4.551300
-7.115400
-5.192300
8.910300
6.987200
-1.346200
-1.346200
1.859000
6.346200
-5.192300
-16.731001
-3.269200
-1.346200
-5.833300
3.141000
5.705100
3.782100
2.500000
-3.269200
1.859000
15.962000
14.038000
8.269200
3.782100
5.705100
4.423100
-4.551300
0.576920
12.115000
6.346200
1.859000
3.141000
2.500000
-5.192300
-1.346200
-10.321000
-5.192300
9.551300
10.833000
1.217900
3.141000
6.987200
-3.910300
-7.115400
-6.474400
-14.808000
-19.936001
-16.731001
-18.013000
-11.603000
-3.910300
-3.910300
2.500000
12.115000
14.679000
8.269200
7.628200
15.321000
7.628200
5.705100
5.705100
8.269200
11.474000
-0.064100
-10.321000
-5.833300
-4.551300
3.141000
11.474000
10.192000
3.141000
-2.628200
3.141000
2.500000
-1.346200
-1.346200
-10.962000
-3.269200
-5.192300
-6.474400
-14.808000
-15.449000
-14.167000
-16.731001
-5.192300
4.423100
1.859000
-1.346200
-1.346200
2.500000
1.859000
10.192000
13.397000
10.192000
3.141000
-1.346200
-1.346200
-3.910300
-12.885000
-13.526000
-12.244000
-16.090000
-5.192300
-5.192300
-16.090000
-13.526000
-6.474400
-3.269200
-3.269200
-1.987200
-2.628200
-6.474400
-7.756400
-4.551300
-1.987200
-6.474400
-3.910300
1.859000
-1.346200
-0.064100
3.782100
2.500000
-4.551300
-3.910300
1.217900
5.705100
7.628200
6.987200
12.756000
1.859000
6.987200
7.628200
8.910300
10.192000
11.474000
5.705100
-0.705130
3.141000
16.603001
8.910300
8.269200
18.525999
15.962000
8.269200
13.397000
16.603001
17.243999
10.192000
-1.987200
5.705100
9.551300
4.423100
6.346200
10.833000
13.397000
14.679000
3.141000
5.064100
10.192000
11.474000
1.859000
-3.269200
-0.705130
-10.321000
-14.808000
-10.962000
-3.910300
-4.551300
-8.397400
-3.910300
-1.346200
-0.705130
-5.192300
3.141000
4.423100
-0.064100
8.910300
10.192000
6.987200
6.987200
5.705100
-1.987200
-0.705130
-10.321000
-10.321000
-8.397400
-15.449000
-14.167000
-5.833300
-11.603000
-10.321000
-0.705130
-0.064100
-3.910300
-4.551300
-3.269200
5.064100
-0.705130
-10.321000
-9.038500
-9.679500
-16.090000
-19.295000
-18.013000
-9.679500
-10.962000
-3.910300
-11.603000
-9.679500
-12.244000
-16.090000
-5.833300
-0.064100
5.705100
3.782100
6.346200
10.192000
3.782100
2.500000
-2.628200
2.500000
5.064100
1.859000
5.064100
4.423100
-2.628200
1.217900
6.987200
10.192000
11.474000
6.987200
-1.346200
-2.628200
6.987200
4.423100
-3.910300
-5.192300
-1.346200
-1.987200
2.500000
6.346200
9.551300
6.346200
8.269200
8.269200
13.397000
19.167000
15.321000
10.833000
8.910300
11.474000
14.038000
10.192000
9.551300
12.115000
9.551300
-3.269200
6.346200
1.217900
1.859000
11.474000
11.474000
0.576920
-0.064100
3.782100
-0.064100
9.551300
11.474000
0.576920
-2.628200
-3.269200
-9.038500
-7.756400
-11.603000
-9.038500
-6.474400
-8.397400
-3.910300
-9.038500
-13.526000
-1.346200
3.782100
1.859000
-7.756400
-9.038500
-2.628200
-8.397400
-22.500000
-8.397400
-0.705130
-7.115400
-6.474400
-8.397400
-10.962000
-12.244000
-5.192300
-10.321000
-13.526000
-2.628200
-5.833300
-16.731001
-12.885000
-8.397400
-15.449000
-9.038500
-6.474400
-10.321000
-5.192300
3.141000
-1.346200
7.628200
2.500000
2.500000
-0.705130
-3.910300
8.269200
3.782100
-3.910300
-3.269200
-5.833300
-1.987200
0.576920
1.859000
7.628200
11.474000
5.064100
-0.064100
7.628200
6.987200
2.500000
6.346200
13.397000
23.013000
20.448999
16.603001
12.756000
6.346200
8.269200
-0.064100
1.217900
5.705100
-1.987200
-8.397400
-12.885000
-9.679500
-8.397400
-0.705130
6.987200
13.397000
12.115000
18.525999
17.885000
14.679000
17.243999
18.525999
12.115000
8.269200
6.987200
-1.987200
7.628200
-1.987200
-11.603000
-7.115400
-14.167000
-9.679500
-0.064100
-1.987200
-2.628200
10.833000
5.064100
-4.551300
-0.064100
-3.910300
-4.551300
-13.526000
-7.115400
-6.474400
-19.295000
-8.397400
-5.833300
-14.167000
-10.962000
-3.269200
9.551300
5.705100
-6.474400
-7.756400
-8.397400
-12.885000
-12.244000
-7.756400
5.064100
6.346200
-5.833300
-9.679500
-10.962000
-3.910300
-2.628200
1.217900
7.628200
1.217900
-1.346200
-7.756400
-2.628200
-3.910300
-7.756400
8.910300
8.910300
5.064100
3.141000
-0.064100
-1.346200
5.064100
1.859000
-4.551300
-3.910300
7.628200
1.859000
-6.474400
-6.474400
-8.397400
-1.346200
1.217900
7.628200
16.603001
17.243999
15.962000
12.115000
12.115000
14.038000
14.038000
15.962000
19.167000
24.936001
14.038000
8.269200
8.269200
3.782100
6.346200
5.064100
5.064100
1.217900
0.576920
2.500000
-5.192300
-3.910300
6.346200
9.551300
0.576920
7.628200
7.628200
-3.269200
-7.756400
-13.526000
-14.808000
-15.449000
-15.449000
-5.833300
-0.064100
-1.987200
3.782100
3.782100
3.782100
10.833000
5.064100
1.859000
5.705100
8.910300
13.397000
9.551300
12.115000
9.551300
-1.987200
-3.269200
-13.526000
-26.987000
-24.423000
-12.885000
-5.833300
2.500000
-4.551300
-7.115400
-7.756400
-7.756400
4.423100
4.423100
-3.269200
-5.833300
-9.038500
-8.397400
-10.321000
-14.808000
-12.244000
-9.679500
-7.115400
-8.397400
-10.321000
-9.038500
-7.115400
-4.551300
-8.397400
-13.526000
-10.962000
-3.269200
-6.474400
-10.962000
-10.962000
-7.756400
-21.218000
-9.679500
-2.628200
-7.756400
-3.910300
-0.705130
3.782100
8.269200
3.141000
3.141000
7.628200
1.859000
1.859000
10.833000
5.064100
-7.115400
0.576920
10.833000
14.038000
9.551300
2.500000
-3.269200
-5.833300
2.500000
7.628200
14.038000
17.243999
12.756000
9.551300
16.603001
15.962000
10.833000
8.910300
9.551300
15.321000
12.115000
11.474000
19.167000
10.833000
8.910300
6.987200
7.628200
8.269200
5.064100
1.217900
0.576920
3.782100
8.910300
8.910300
3.782100
-0.064100
9.551300
11.474000
5.064100
-1.987200
-5.833300
1.217900
-0.064100
-5.833300
-3.269200
2.500000
0.576920
3.141000
-0.705130
-1.987200
4.423100
2.500000
-2.628200
-1.987200
-1.987200
-3.269200
-9.038500
-11.603000
-10.962000
-10.321000
-10.962000
-16.731001
-10.962000
-1.987200
-6.474400
-6.474400
-0.064100
5.705100
-3.269200
-3.910300
-0.064100
7.628200
-5.192300
-7.115400
-0.705130
4.423100
-1.987200
-3.910300
-3.269200
-2.628200
0.576920
1.217900
-7.115400
-12.885000
-13.526000
0.576920
9.551300
8.269200
4.423100
3.782100
-0.064100
0.576920
15.321000
16.603001
5.064100
-5.192300
-3.269200
-4.551300
-6.474400
-9.038500
-5.192300
-0.705130
1.859000
0.576920
0.576920
8.910300
0.576920
-3.910300
-0.705130
0.576920
2.500000
-3.910300
-2.628200
-7.115400
-12.244000
-6.474400
-0.064100
2.500000
-2.628200
8.269200
0.576920
-4.551300
-2.628200
4.423100
1.217900
1.217900
-1.346200
-8.397400
-5.833300
0.576920
3.141000
-5.192300
-9.679500
-7.756400
-1.346200
3.141000
21.731001
15.321000
-0.064100
-3.910300
-10.962000
-1.987200
6.346200
7.628200
-4.551300
-6.474400
1.217900
-2.628200
-7.115400
8.910300
4.423100
-10.962000
-4.551300
-8.397400
-6.474400
-3.269200
0.576920
-0.064100
-1.346200
-9.679500
-3.269200
3.141000
5.064100
-5.833300
-1.987200
2.500000
3.782100
2.500000
2.500000
-1.987200
-3.910300
-5.192300
-0.064100
12.756000
10.833000
1.217900
3.141000
-5.833300
-3.910300
0.576920
-0.064100
-0.064100
-3.910300
-0.705130
5.705100
-1.346200
-5.833300
-4.551300
0.576920
-12.885000
-13.526000
-3.910300
-9.679500
-2.628200
-5.833300
-5.192300
-1.346200
-1.987200
1.217900
5.064100
-0.705130
1.859000
9.551300
17.243999
9.551300
-1.346200
10.833000
13.397000
6.346200
15.962000
8.269200
-4.551300
-14.808000
-9.679500
1.859000
0.576920
3.782100
5.064100
1.217900
-3.269200
3.141000
7.628200
7.628200
15.962000
14.679000
1.859000
-4.551300
-2.628200
0.576920
1.859000
0.576920
-4.551300
-7.756400
-21.218000
-18.653999
-3.910300
-1.346200
3.141000
3.782100
5.705100
2.500000
3.141000
8.269200
10.192000
7.628200
11.474000
8.269200
-2.628200
-1.987200
-0.064100
-7.756400
-12.244000
-17.372000
-4.551300
-0.705130
-1.987200
-8.397400
3.141000
10.192000
15.962000
14.038000
17.243999
8.269200
3.141000
14.679000
11.474000
6.987200
11.474000
-3.269200
-5.192300
-8.397400
-18.653999
-8.397400
-7.756400
-8.397400
-3.269200
3.141000
11.474000
6.346200
1.859000
6.346200
1.217900
-5.192300
-8.397400
-10.321000
-5.833300
-14.167000
-7.756400
-12.244000
-18.653999
-20.577000
-12.885000
-10.321000
-19.936001
-14.808000
-12.885000
-14.167000
-7.756400
-8.397400
-5.833300
-2.628200
-11.603000
-3.269200
12.115000
5.705100
-0.064100
-1.987200
5.064100
3.782100
-1.346200
4.423100
3.141000
-4.551300
-4.551300
-0.064100
-4.551300
6.346200
6.987200
-1.987200
8.269200
10.833000
14.038000
17.243999
7.628200
9.551300
10.192000
6.987200
17.243999
17.885000
11.474000
8.269200
9.551300
14.679000
21.090000
23.653999
23.653999
17.243999
9.551300
14.038000
11.474000
12.756000
11.474000
8.910300
5.705100
12.115000
9.551300
6.346200
4.423100
8.910300
10.833000
-1.987200
-12.244000
-7.115400
-7.115400
-8.397400
-7.115400
4.423100
3.782100
-4.551300
-7.115400
-7.756400
-12.244000
-3.910300
-6.474400
-15.449000
-3.910300
0.576920
1.217900
-1.987200
-9.679500
-6.474400
-12.244000
-13.526000
-11.603000
-14.808000
-2.628200
-7.756400
-18.653999
-15.449000
-14.167000
-10.962000
