-6.505600
-2.640900
-11.659000
-8.438000
-4.573300
-0.064410
-2.640900
0.579710
-6.505600
2.512100
17.327000
14.750000
8.953300
6.376800
4.444400
-0.064410
9.597400
18.615000
11.530000
4.444400
5.732700
8.953300
11.530000
9.597400
13.462000
14.106000
7.665100
1.868000
-9.082100
-14.879000
-9.082100
-0.708530
7.665100
6.376800
10.886000
9.597400
8.953300
12.818000
-0.064410
0.579710
6.376800
-0.708530
-4.573300
-0.064410
-4.573300
-7.793900
-0.708530
3.156200
11.530000
15.395000
15.395000
12.818000
10.886000
10.886000
3.156200
6.376800
-3.929100
1.223800
10.886000
1.868000
-4.573300
-9.726200
-11.014000
-9.726200
-10.370000
2.512100
4.444400
3.156200
2.512100
-0.064410
-5.861500
-6.505600
0.579710
-0.708530
-3.929100
-9.082100
-24.541000
-21.320000
-9.082100
-9.726200
-5.861500
-6.505600
-11.014000
-5.217400
-5.861500
-0.064410
8.309200
12.818000
11.530000
8.953300
-5.217400
2.512100
7.020900
8.309200
12.818000
12.174000
5.732700
-10.370000
-19.388000
-8.438000
-0.064410
-1.352700
1.868000
6.376800
3.800300
-0.064410
4.444400
1.223800
2.512100
-5.217400
-15.523000
-14.235000
-3.929100
-1.352700
-7.149800
-5.217400
-1.352700
-1.996800
-14.879000
-15.523000
-1.352700
3.156200
-0.064410
-7.793900
-1.996800
-0.708530
-9.082100
-11.014000
-7.149800
-5.861500
-1.996800
-0.064410
-3.285000
-2.640900
-0.708530
5.732700
9.597400
-1.996800
2.512100
16.039000
11.530000
6.376800
4.444400
0.579710
3.800300
7.020900
5.732700
1.868000
-1.352700
-14.235000
-11.659000
3.800300
19.259001
17.971001
7.020900
5.088600
8.309200
9.597400
15.395000
10.242000
11.530000
15.395000
5.732700
-4.573300
-10.370000
-1.352700
4.444400
0.579710
-8.438000
-9.726200
1.868000
18.615000
22.480000
17.971001
12.818000
7.665100
12.174000
5.732700
-8.438000
-2.640900
-2.640900
-1.996800
0.579710
2.512100
3.800300
0.579710
-8.438000
-3.285000
5.088600
6.376800
-0.708530
-3.285000
3.800300
0.579710
-8.438000
-7.149800
2.512100
-0.064410
-1.996800
-5.861500
-5.861500
-1.352700
3.800300
-7.793900
-12.303000
-11.014000
-11.014000
-9.726200
-9.726200
-4.573300
-5.861500
-6.505600
-0.064410
-0.064410
-0.708530
-6.505600
-5.217400
-2.640900
-11.659000
-14.235000
-13.591000
-25.829000
-12.303000
1.868000
-0.708530
-1.996800
-0.064410
-1.996800
-3.285000
-5.217400
-9.082100
-7.149800
-1.996800
-0.708530
3.800300
10.242000
10.886000
13.462000
16.039000
14.750000
8.309200
4.444400
1.223800
5.088600
-2.640900
-3.285000
5.088600
4.444400
8.309200
-1.352700
-3.285000
-0.064410
-7.793900
-5.217400
12.174000
23.768000
17.327000
5.732700
-2.640900
3.156200
8.309200
12.818000
10.242000
10.886000
8.309200
-0.708530
-2.640900
1.868000
3.156200
-6.505600
-0.064410
4.444400
0.579710
-0.064410
13.462000
17.971001
8.309200
-12.947000
-11.659000
-5.217400
-12.303000
-0.064410
7.020900
3.156200
-3.285000
-14.235000
-16.167000
-14.879000
-11.014000
-18.100000
-15.523000
-21.320000
-16.812000
-5.861500
0.579710
7.020900
3.156200
-3.929100
-7.793900
-3.929100
0.579710
6.376800
10.886000
1.223800
-15.523000
-16.167000
-7.793900
-2.640900
-6.505600
-7.793900
7.665100
17.327000
16.039000
16.683001
6.376800
7.665100
14.750000
1.223800
-3.929100
0.579710
-1.352700
-0.708530
3.156200
-5.217400
-9.726200
-12.303000
-2.640900
-7.793900
-4.573300
3.156200
-0.708530
-2.640900
-6.505600
-3.285000
-7.149800
-18.743999
-7.149800
9.597400
15.395000
9.597400
3.800300
-1.352700
2.512100
-2.640900
-7.793900
-1.352700
9.597400
3.156200
-5.861500
6.376800
20.548000
11.530000
-3.285000
-0.064410
9.597400
12.174000
14.106000
16.683001
11.530000
-2.640900
3.800300
21.191999
16.039000
17.327000
19.259001
10.886000
9.597400
12.818000
11.530000
4.444400
10.242000
13.462000
7.020900
1.223800
7.020900
8.953300
7.020900
6.376800
-6.505600
-5.217400
3.156200
-5.861500
-9.726200
-5.217400
-14.879000
-21.320000
-17.455999
-7.149800
-14.879000
-12.947000
-5.217400
1.223800
5.088600
5.088600
-1.352700
-7.793900
-12.947000
-7.149800
-12.303000
-11.014000
-10.370000
-9.082100
5.088600
-3.285000
-10.370000
-1.352700
-5.217400
-5.217400
-1.352700
-1.996800
-1.352700
-5.217400
-3.929100
1.223800
3.156200
5.088600
-1.996800
-6.505600
-4.573300
-6.505600
-14.235000
-9.082100
-3.285000
-0.708530
-1.996800
-1.352700
7.665100
4.444400
12.818000
14.106000
7.665100
5.088600
2.512100
-0.708530
3.156200
-5.217400
-20.676001
-9.726200
-1.352700
-1.352700
1.868000
7.665100
15.395000
5.732700
8.309200
15.395000
16.039000
7.665100
-0.064410
10.886000
9.597400
7.665100
15.395000
5.088600
3.156200
5.088600
4.444400
13.462000
14.750000
5.732700
-1.352700
1.223800
5.732700
5.088600
0.579710
5.088600
5.732700
-3.285000
-0.708530
-3.929100
-5.861500
-16.167000
-9.726200
-1.996800
-9.082100
-10.370000
-15.523000
-11.659000
-5.861500
-3.285000
-1.352700
-0.708530
4.444400
8.309200
3.800300
2.512100
0.579710
-1.996800
-1.352700
5.732700
4.444400
1.868000
-0.708530
-7.149800
-9.726200
-9.726200
-16.812000
-9.082100
10.242000
12.818000
6.376800
-0.064410
-0.708530
8.953300
3.156200
-3.285000
-2.640900
-5.217400
-4.573300
-1.996800
4.444400
-0.064410
-5.217400
-5.217400
-3.285000
-6.505600
-16.167000
-7.793900
-7.149800
-2.640900
7.020900
7.020900
13.462000
-0.708530
-11.659000
-6.505600
1.223800
-5.861500
-10.370000
-10.370000
-5.861500
-0.708530
1.223800
-1.352700
-8.438000
-1.996800
0.579710
3.156200
-0.708530
-1.352700
-2.640900
8.953300
10.242000
2.512100
-0.064410
4.444400
4.444400
-0.064410
3.800300
7.665100
1.223800
-9.082100
-11.659000
7.665100
10.242000
8.953300
16.039000
15.395000
19.259001
21.836000
16.039000
10.886000
-0.064410
0.579710
-1.352700
3.800300
2.512100
-3.929100
-1.996800
0.579710
3.800300
2.512100
8.309200
19.903000
19.903000
16.039000
7.020900
11.530000
3.156200
-3.929100
-9.082100
-9.082100
-11.014000
-15.523000
-4.573300
1.868000
-8.438000
-10.370000
-10.370000
-9.726200
-10.370000
-4.573300
7.020900
-3.285000
-5.861500
1.868000
-0.708530
-2.640900
5.088600
5.088600
-6.505600
-16.812000
-18.743999
-2.640900
1.223800
-12.947000
-14.879000
-16.812000
-16.167000
-3.929100
-1.352700
-8.438000
-9.082100
-4.573300
4.444400
12.818000
8.953300
-6.505600
-12.303000
-3.929100
1.223800
-0.708530
-1.996800
-3.929100
0.579710
-3.929100
-5.861500
-5.217400
-1.352700
1.223800
2.512100
-0.064410
-0.064410
0.579710
1.223800
8.309200
11.530000
13.462000
10.242000
10.886000
7.020900
3.800300
1.223800
3.156200
-0.708530
3.800300
8.309200
4.444400
3.156200
1.223800
-3.285000
1.868000
8.309200
4.444400
-1.352700
3.800300
9.597400
7.665100
10.886000
12.818000
10.886000
10.886000
11.530000
12.818000
11.530000
8.309200
7.020900
0.579710
-5.217400
-9.726200
-2.640900
-7.793900
-11.659000
-3.929100
-4.573300
-13.591000
-11.014000
3.156200
9.597400
7.665100
3.800300
-1.352700
1.223800
-11.659000
-5.861500
3.800300
-1.352700
-3.285000
-11.014000
-5.217400
-1.352700
-13.591000
-12.303000
-17.455999
-7.793900
1.868000
1.868000
-0.708530
0.579710
0.579710
-5.861500
-0.064410
5.732700
-0.064410
1.223800
7.665100
1.223800
-9.082100
-2.640900
2.512100
2.512100
4.444400
0.579710
-3.285000
-2.640900
-12.947000
-7.793900
-4.573300
-1.996800
6.376800
9.597400
8.953300
7.020900
5.732700
12.174000
11.530000
7.020900
10.886000
-5.861500
-16.167000
-2.640900
8.953300
8.953300
1.868000
-0.064410
8.309200
8.309200
-6.505600
-3.929100
8.309200
5.088600
5.732700
14.106000
5.732700
-9.726200
-11.014000
-21.320000
-14.879000
2.512100
7.020900
11.530000
8.309200
12.174000
12.174000
-2.640900
-2.640900
0.579710
5.732700
2.512100
5.088600
0.579710
-4.573300
-1.352700
-0.064410
-3.929100
3.800300
6.376800
-0.708530
-6.505600
-7.793900
-14.879000
-14.235000
-3.929100
4.444400
0.579710
0.579710
-0.064410
-0.708530
1.223800
-1.996800
-12.947000
-7.793900
1.223800
-5.217400
-9.726200
-1.352700
-1.352700
-9.082100
-4.573300
-1.996800
0.579710
12.818000
5.732700
-0.064410
3.800300
8.309200
-4.573300
-7.793900
6.376800
5.088600
-10.370000
-6.505600
-7.793900
-6.505600
-7.149800
-16.812000
-14.235000
5.088600
14.106000
8.953300
4.444400
8.953300
10.242000
-0.708530
6.376800
16.039000
20.548000
16.039000
7.665100
-1.996800
-5.861500
-1.996800
-5.217400
6.376800
9.597400
-5.861500
-1.352700
-2.640900
-4.573300
-0.064410
-3.929100
1.868000
3.800300
8.953300
10.242000
8.309200
-0.708530
-13.591000
-12.947000
1.223800
0.579710
-4.573300
-9.082100
-5.217400
-9.082100
-3.929100
11.530000
5.732700
3.800300
-2.640900
-0.064410
7.020900
6.376800
12.818000
5.732700
-0.708530
-5.861500
-8.438000
-7.149800
-1.996800
-1.352700
-5.861500
-7.149800
-4.573300
6.376800
13.462000
4.444400
2.512100
8.953300
10.886000
-1.352700
-0.708530
7.665100
-1.352700
-2.640900
-5.217400
-12.947000
-8.438000
-4.573300
3.156200
16.039000
17.327000
1.223800
-3.285000
8.953300
8.953300
-8.438000
-7.793900
-9.726200
-23.896999
-16.812000
1.223800
-1.352700
-8.438000
-8.438000
-7.793900
0.579710
10.242000
7.020900
-0.708530
-1.352700
6.376800
-5.217400
-10.370000
-2.640900
3.800300
0.579710
7.020900
12.174000
6.376800
-9.082100
-4.573300
9.597400
6.376800
7.020900
3.156200
-2.640900
-1.996800
2.512100
-0.064410
-0.064410
3.800300
-5.217400
-12.303000
-14.235000
-13.591000
-5.861500
-2.640900
-7.793900
-16.167000
-10.370000
-8.438000
-1.352700
2.512100
1.223800
11.530000
14.750000
7.665100
10.242000
1.868000
-3.929100
-2.640900
3.800300
17.327000
12.174000
6.376800
12.818000
10.242000
3.156200
4.444400
8.309200
12.174000
16.683001
21.191999
18.615000
13.462000
7.020900
5.732700
-4.573300
-12.303000
-19.388000
-16.812000
-12.303000
-13.591000
-12.947000
-10.370000
-9.082100
-7.793900
-9.726200
-10.370000
-4.573300
5.088600
9.597400
13.462000
14.106000
14.106000
-0.064410
3.156200
1.223800
0.579710
11.530000
9.597400
3.800300
-11.659000
1.223800
9.597400
-0.708530
3.156200
7.020900
3.156200
4.444400
9.597400
1.223800
-3.285000
0.579710
-0.708530
-7.793900
-12.947000
-7.149800
-10.370000
-14.879000
-12.947000
-8.438000
-16.812000
-11.014000
-10.370000
-11.014000
-2.640900
1.223800
1.223800
-2.640900
-11.659000
-9.082100
1.868000
15.395000
5.088600
-1.996800
-0.064410
-1.352700
3.800300
12.818000
16.683001
14.750000
12.818000
