-6.504100
-2.601600
7.804900
-9.105700
-13.008000
-4.552800
-5.853700
-1.300800
0.650410
-3.252000
-2.601600
-7.804900
-11.707000
-5.853700
3.252000
-0.650410
-0.650410
-3.902400
-18.211000
-4.552800
9.105700
15.610000
0.000000
-5.853700
4.552800
7.804900
-2.601600
-0.650410
-7.154500
-4.552800
4.552800
-5.203300
-13.008000
-9.756100
11.707000
23.415001
20.813000
8.455300
2.601600
-1.951200
0.000000
1.951200
3.252000
3.902400
0.650410
-3.252000
-0.650410
9.105700
2.601600
-1.300800
5.203300
9.105700
7.154500
11.707000
2.601600
-3.252000
2.601600
16.910999
13.008000
-1.300800
-3.252000
-3.252000
-5.853700
-13.008000
-12.358000
-7.804900
-9.105700
-7.154500
3.902400
-0.650410
5.203300
7.804900
1.951200
-3.902400
-1.300800
-1.300800
-8.455300
-9.105700
-5.203300
-3.252000
0.000000
1.300800
4.552800
8.455300
5.853700
1.951200
-4.552800
-0.650410
2.601600
2.601600
-1.300800
-1.300800
-5.203300
-0.650410
7.154500
9.105700
10.407000
-5.203300
-7.804900
-0.650410
3.902400
2.601600
4.552800
9.105700
5.203300
-3.252000
1.951200
-7.804900
-11.057000
-0.650410
5.203300
0.650410
-5.853700
-4.552800
-1.300800
3.252000
9.105700
9.105700
-0.650410
-7.804900
-12.358000
-11.707000
2.601600
10.407000
2.601600
0.000000
-6.504100
-6.504100
3.252000
-7.154500
-9.105700
-7.804900
-2.601600
5.203300
7.804900
-1.300800
-3.252000
-1.300800
3.252000
7.804900
7.804900
-3.252000
-2.601600
7.804900
4.552800
5.853700
-8.455300
-10.407000
4.552800
-6.504100
-11.057000
0.000000
15.610000
11.707000
-5.203300
7.804900
18.211000
9.105700
11.057000
8.455300
11.707000
12.358000
-3.252000
-8.455300
-8.455300
-10.407000
-11.707000
-15.610000
-13.008000
-8.455300
5.853700
16.260000
9.756100
0.650410
-3.252000
-1.300800
1.300800
11.707000
14.309000
13.008000
8.455300
8.455300
-9.105700
-3.902400
5.853700
4.552800
3.902400
2.601600
2.601600
-1.951200
-3.902400
-2.601600
-3.252000
7.154500
3.902400
-3.252000
-1.300800
-9.756100
-9.105700
-8.455300
-2.601600
7.154500
7.154500
-1.951200
-9.756100
-1.951200
-1.300800
-11.057000
-14.959000
-0.650410
2.601600
-1.300800
1.300800
-6.504100
-5.853700
-1.951200
3.902400
1.300800
-13.008000
-13.008000
-12.358000
-14.309000
-11.707000
-11.057000
-7.804900
-5.853700
3.252000
9.105700
1.951200
-3.252000
0.650410
-4.552800
-4.552800
-9.105700
1.300800
1.300800
1.300800
11.057000
6.504100
12.358000
12.358000
8.455300
6.504100
0.650410
-3.902400
6.504100
0.650410
2.601600
5.203300
-10.407000
-11.707000
0.650410
11.707000
14.309000
8.455300
1.300800
5.203300
-5.853700
2.601600
11.057000
5.853700
9.756100
8.455300
2.601600
-0.650410
-2.601600
-0.650410
0.000000
3.252000
5.203300
5.853700
5.203300
-0.650410
-4.552800
7.154500
22.764000
16.260000
2.601600
-1.951200
-4.552800
-14.309000
-5.203300
10.407000
8.455300
-2.601600
-2.601600
-2.601600
-14.959000
-14.309000
-13.008000
-5.853700
-13.659000
-13.659000
-7.804900
-3.252000
1.951200
-7.154500
-16.910999
-5.203300
-9.756100
-7.804900
3.252000
1.951200
-4.552800
-13.008000
-10.407000
-3.902400
-1.951200
-10.407000
-0.650410
9.756100
11.057000
-3.252000
5.203300
18.211000
19.511999
16.260000
2.601600
-0.650410
-7.804900
-9.105700
0.650410
4.552800
-9.105700
-13.008000
-7.804900
-2.601600
0.650410
1.300800
-1.300800
0.000000
-5.853700
-8.455300
-1.300800
3.252000
-3.252000
-5.203300
5.853700
14.959000
17.561001
7.154500
-1.951200
-6.504100
1.300800
12.358000
4.552800
4.552800
7.804900
-3.902400
8.455300
8.455300
3.902400
3.902400
-3.252000
0.650410
9.756100
9.756100
-3.252000
-0.650410
-0.650410
6.504100
12.358000
1.300800
-0.650410
-1.951200
-0.650410
11.057000
5.203300
5.203300
9.105700
2.601600
6.504100
10.407000
7.154500
15.610000
5.203300
-3.902400
4.552800
-3.252000
-9.756100
3.902400
2.601600
-1.951200
-6.504100
-7.804900
-20.163000
-18.862000
-0.650410
0.650410
-13.008000
-7.804900
-12.358000
-5.853700
3.252000
-4.552800
-4.552800
-10.407000
-8.455300
-13.659000
-6.504100
7.154500
6.504100
11.707000
9.105700
1.300800
1.951200
7.154500
9.105700
3.902400
-3.902400
-5.853700
-3.252000
-1.951200
1.300800
7.154500
3.252000
-2.601600
-3.252000
-6.504100
-8.455300
1.300800
1.300800
-0.650410
-3.902400
-5.853700
-3.902400
1.300800
-1.951200
-3.902400
7.804900
14.309000
5.853700
-3.252000
-1.951200
-7.154500
0.000000
1.300800
-3.252000
-14.309000
-14.959000
-9.756100
3.252000
14.309000
9.105700
-1.300800
-2.601600
8.455300
-1.951200
-2.601600
3.902400
3.902400
16.260000
22.764000
17.561001
-3.252000
-1.951200
7.804900
9.105700
8.455300
-3.902400
-10.407000
3.902400
3.902400
2.601600
5.853700
6.504100
6.504100
2.601600
1.300800
-1.300800
-5.853700
-3.252000
7.804900
13.659000
5.203300
-1.300800
-7.804900
-4.552800
-12.358000
-7.804900
-2.601600
-9.756100
-11.057000
-5.203300
3.252000
-0.650410
-5.853700
-3.902400
-1.951200
3.902400
13.008000
14.309000
11.057000
3.902400
-11.707000
-11.057000
-14.959000
-0.650410
10.407000
5.203300
1.951200
1.300800
7.154500
15.610000
9.756100
-2.601600
0.000000
3.252000
-3.902400
-3.252000
-5.853700
-7.804900
1.951200
-3.252000
-5.853700
-9.105700
-5.853700
-0.650410
-0.650410
2.601600
11.057000
3.252000
0.000000
-4.552800
-4.552800
5.203300
0.000000
-7.154500
-18.862000
-13.008000
-13.008000
-1.300800
7.804900
-3.252000
-10.407000
-6.504100
-2.601600
-0.650410
1.951200
-2.601600
-3.902400
-0.650410
4.552800
-6.504100
-5.853700
-1.300800
-1.951200
-1.951200
5.203300
7.804900
1.951200
2.601600
4.552800
8.455300
6.504100
3.252000
11.057000
15.610000
18.211000
22.114000
3.902400
0.650410
3.902400
11.707000
5.853700
7.154500
4.552800
-0.650410
-1.300800
-1.300800
4.552800
3.252000
8.455300
11.057000
5.203300
9.756100
4.552800
-4.552800
1.951200
0.000000
0.650410
-7.804900
-16.260000
-5.853700
-8.455300
-7.804900
-2.601600
-3.252000
-3.902400
2.601600
6.504100
3.252000
0.000000
5.853700
0.650410
-0.650410
-6.504100
-11.707000
-8.455300
-2.601600
-3.252000
-2.601600
1.951200
2.601600
1.300800
-13.008000
-15.610000
-18.211000
-21.462999
-8.455300
9.105700
4.552800
0.000000
-12.358000
-10.407000
1.951200
5.203300
3.252000
-1.300800
-2.601600
1.300800
1.951200
-7.804900
-7.154500
7.154500
7.804900
-10.407000
-17.561001
-10.407000
-8.455300
-5.853700
0.000000
-1.300800
-8.455300
0.650410
9.105700
18.211000
20.163000
9.756100
3.252000
-1.300800
-7.154500
-0.650410
9.756100
5.853700
0.000000
-2.601600
-1.300800
6.504100
0.000000
-7.154500
-1.300800
0.000000
-6.504100
-9.105700
3.252000
3.902400
1.300800
5.203300
12.358000
11.707000
2.601600
5.853700
13.008000
10.407000
7.804900
7.804900
9.756100
0.650410
-10.407000
2.601600
1.300800
-3.902400
-20.813000
-18.862000
-11.707000
-3.252000
1.300800
8.455300
16.910999
4.552800
5.203300
1.300800
-3.252000
5.203300
5.203300
-2.601600
6.504100
13.659000
0.000000
-2.601600
-7.804900
-5.203300
1.300800
5.853700
3.902400
3.902400
11.707000
14.959000
3.252000
5.853700
-3.252000
-3.902400
-3.252000
0.000000
7.154500
3.252000
-15.610000
-4.552800
0.000000
-1.951200
1.951200
-1.951200
-0.650410
3.902400
0.650410
-8.455300
-4.552800
0.000000
-5.203300
5.853700
16.910999
1.951200
5.203300
14.959000
8.455300
-10.407000
-3.252000
1.300800
-7.154500
-5.853700
1.300800
5.853700
8.455300
-1.951200
5.853700
12.358000
2.601600
-0.650410
-5.203300
-3.252000
2.601600
-6.504100
-8.455300
-1.951200
-4.552800
-17.561001
-10.407000
-4.552800
1.951200
7.154500
1.300800
1.951200
3.902400
-10.407000
-7.154500
5.853700
-1.951200
-13.008000
-3.902400
-1.951200
-4.552800
6.504100
1.300800
0.000000
5.853700
1.300800
-5.203300
-10.407000
-7.154500
-7.804900
-4.552800
5.203300
7.804900
2.601600
-7.154500
-6.504100
-3.902400
2.601600
13.008000
5.853700
-4.552800
-5.853700
-5.853700
-5.203300
-1.951200
0.650410
-4.552800
-11.707000
5.203300
9.756100
6.504100
4.552800
4.552800
11.057000
4.552800
5.203300
9.756100
-3.252000
-3.252000
6.504100
3.252000
-14.309000
-16.260000
-5.853700
-1.300800
-9.105700
-14.959000
-6.504100
4.552800
10.407000
10.407000
-5.203300
-3.252000
5.853700
17.561001
22.114000
5.203300
3.902400
9.105700
0.650410
-3.252000
-7.154500
-9.105700
3.252000
1.951200
-1.300800
-9.105700
-9.756100
-4.552800
-1.951200
-6.504100
-5.853700
7.804900
9.756100
4.552800
0.000000
-9.105700
2.601600
7.154500
-2.601600
-11.707000
-13.008000
0.650410
-1.951200
0.000000
11.707000
2.601600
0.000000
2.601600
3.252000
12.358000
16.260000
13.008000
-0.650410
-3.252000
-5.203300
-1.951200
-1.951200
-6.504100
-1.951200
-4.552800
1.951200
-7.154500
5.853700
14.959000
7.804900
8.455300
11.707000
5.203300
-4.552800
2.601600
1.951200
4.552800
11.057000
-4.552800
-20.813000
-22.114000
0.650410
10.407000
3.902400
9.105700
-9.105700
-7.154500
9.105700
8.455300
1.951200
-4.552800
-8.455300
-7.804900
-8.455300
-1.300800
3.252000
-3.252000
-2.601600
-7.804900
-14.959000
-3.252000
7.154500
5.203300
-3.252000
-1.951200
-0.650410
0.000000
-7.154500
11.057000
19.511999
11.707000
8.455300
-1.951200
-7.154500
-6.504100
5.853700
6.504100
-3.252000
-5.203300
-8.455300
1.300800
3.902400
-3.252000
8.455300
3.252000
0.000000
-5.853700
-11.707000
-2.601600
6.504100
1.951200
-17.561001
-16.260000
-3.902400
-16.910999
-14.309000
0.650410
-8.455300
-2.601600
7.154500
4.552800
4.552800
0.000000
-4.552800
-2.601600
-3.902400
2.601600
3.252000
-1.300800
9.756100
9.105700
5.203300
10.407000
4.552800
3.902400
14.309000
15.610000
11.057000
0.650410
0.000000
5.853700
-10.407000
-17.561001
-13.008000
-6.504100
1.951200
-1.951200
-11.057000
-6.504100
-0.650410
-10.407000
-9.756100
5.203300
7.154500
8.455300
5.203300
5.853700
1.300800
-1.300800
13.659000
13.659000
2.601600
4.552800
1.300800
4.552800
9.756100
3.252000
8.455300
9.105700
13.659000
12.358000
12.358000
5.203300
7.804900
12.358000
0.000000
0.000000
3.252000
5.203300
-11.057000
-14.309000
-3.252000
-1.951200
-7.154500
-5.853700
-7.804900
-9.756100
-2.601600
-0.650410
-1.951200
0.000000
-4.552800
5.203300
6.504100
-2.601600
-9.105700
-2.601600
7.154500
4.552800
-10.407000
-8.455300
3.902400
3.252000
4.552800
0.650410
-2.601600
2.601600
