-3.746000
-14.540000
-14.540000
-17.714001
-14.540000
5.142900
-3.111100
1.333300
10.857000
8.317500
7.047600
3.873000
12.127000
10.857000
-5.650800
-5.650800
9.587300
24.190001
17.205999
8.317500
3.873000
8.317500
9.587300
8.317500
-3.746000
-3.111100
-1.206300
5.142900
5.142900
5.777800
-2.476200
-10.095000
-5.650800
0.698410
8.317500
-8.190500
-3.111100
5.777800
-5.015900
-12.635000
-13.905000
0.698410
8.317500
-1.841300
-0.571430
-10.095000
-5.650800
10.222000
14.667000
13.397000
10.857000
8.952400
10.222000
-1.841300
-6.285700
12.762000
18.476000
9.587300
8.952400
0.063490
-4.381000
-15.810000
-1.841300
-6.285700
-2.476200
-1.206300
-5.015900
3.873000
0.698410
-4.381000
-1.841300
6.412700
5.777800
-7.555600
-6.285700
-4.381000
-0.571430
-11.365000
-13.905000
-12.635000
-10.095000
-8.825400
-0.571430
-3.746000
-12.000000
7.682500
3.873000
5.777800
16.570999
10.222000
15.302000
13.397000
14.032000
11.492000
1.968300
-11.365000
-3.746000
-1.841300
-6.920600
-6.285700
-2.476200
-2.476200
-8.190500
2.603200
5.777800
2.603200
-4.381000
-0.571430
10.857000
1.333300
-2.476200
-13.905000
-19.618999
-5.650800
-7.555600
-10.730000
-21.524000
-17.714001
-8.190500
-7.555600
-13.270000
-5.650800
1.333300
2.603200
3.873000
-1.206300
-15.175000
-4.381000
-3.111100
-13.270000
1.968300
16.570999
8.952400
11.492000
3.238100
9.587300
9.587300
0.063490
3.873000
15.937000
21.016001
13.397000
5.142900
0.698410
-3.746000
-9.460300
-2.476200
-3.111100
-0.571430
3.238100
0.063490
8.952400
12.127000
10.222000
6.412700
7.047600
4.507900
3.238100
-1.841300
-2.476200
0.063490
1.968300
3.873000
5.777800
7.682500
5.142900
0.063490
-1.841300
-11.365000
0.698410
3.238100
18.476000
19.111000
12.762000
17.841000
8.952400
4.507900
1.333300
-12.635000
-4.381000
-1.206300
-10.095000
-2.476200
2.603200
7.682500
4.507900
-3.746000
3.873000
-5.015900
-3.746000
10.222000
3.238100
2.603200
0.063490
-6.285700
1.333300
-3.111100
-17.079000
-15.810000
-17.714001
-15.175000
-2.476200
2.603200
1.968300
0.698410
4.507900
6.412700
-11.365000
-12.635000
-8.190500
-5.650800
-15.810000
-10.095000
-10.730000
-10.730000
-4.381000
-9.460300
-7.555600
-5.015900
-7.555600
-8.825400
-8.825400
-19.618999
-20.254000
-4.381000
-0.571430
4.507900
5.142900
-0.571430
-6.920600
-1.206300
-2.476200
0.063490
10.222000
0.063490
-1.841300
8.952400
12.762000
13.397000
8.317500
5.142900
-1.206300
5.142900
8.317500
-0.571430
2.603200
5.777800
-5.650800
-2.476200
2.603200
-1.206300
-1.841300
1.333300
7.047600
15.937000
15.937000
14.667000
8.317500
12.762000
-6.920600
1.968300
24.190001
14.032000
5.142900
7.047600
3.873000
0.698410
-1.841300
0.063490
-5.650800
7.682500
0.063490
1.968300
16.570999
12.762000
12.762000
8.952400
-3.746000
-11.365000
-7.555600
-18.983999
-15.810000
-4.381000
-20.254000
-8.190500
-5.015900
-15.175000
-15.810000
-10.730000
-15.175000
-8.190500
-1.841300
-3.746000
0.698410
-11.365000
-3.746000
1.333300
1.968300
-1.206300
-0.571430
-2.476200
-4.381000
0.063490
-7.555600
-12.635000
-15.175000
-10.730000
-1.841300
-5.015900
9.587300
21.650999
3.238100
5.777800
10.222000
10.222000
10.222000
1.333300
-3.111100
-3.111100
-1.206300
1.968300
-1.841300
-7.555600
-3.746000
4.507900
2.603200
-1.841300
-10.730000
-3.746000
10.857000
1.333300
-8.825400
-5.015900
-4.381000
-16.444000
3.238100
10.222000
3.873000
-1.841300
-1.206300
4.507900
0.698410
5.777800
8.317500
5.142900
1.333300
-3.111100
5.142900
7.682500
-2.476200
10.857000
17.841000
18.476000
17.841000
15.937000
16.570999
6.412700
14.667000
7.047600
7.682500
17.841000
24.825001
20.381001
14.667000
7.682500
8.317500
9.587300
2.603200
-5.650800
5.142900
10.857000
8.952400
-4.381000
0.063490
-13.270000
-6.285700
11.492000
10.857000
-1.841300
3.873000
3.873000
-16.444000
-5.650800
-3.746000
-10.730000
-14.540000
-29.778000
-27.872999
-8.190500
-5.650800
-10.730000
-1.206300
6.412700
1.968300
-1.841300
-10.095000
-17.714001
3.238100
5.777800
-8.825400
-3.111100
-5.650800
-7.555600
-9.460300
-10.730000
-6.920600
-10.730000
0.063490
-1.206300
-6.920600
-8.825400
-3.746000
8.317500
1.968300
-6.920600
-10.095000
0.063490
5.777800
-5.650800
-7.555600
-1.841300
-5.650800
-3.111100
-6.920600
-1.841300
7.047600
15.302000
10.857000
9.587300
8.952400
15.302000
15.937000
-5.015900
-2.476200
4.507900
5.777800
-1.841300
-15.175000
-5.015900
5.777800
3.873000
15.302000
19.111000
3.873000
12.127000
8.317500
2.603200
2.603200
3.238100
1.333300
6.412700
6.412700
6.412700
-8.190500
-5.015900
1.333300
7.682500
12.762000
11.492000
-0.571430
-5.015900
0.698410
-3.746000
1.333300
-1.841300
11.492000
15.937000
0.063490
-5.015900
-15.175000
-24.063000
-27.872999
-19.618999
-5.015900
-4.381000
-13.270000
-17.079000
-7.555600
5.777800
2.603200
6.412700
11.492000
14.667000
12.762000
12.762000
7.047600
-4.381000
-6.285700
2.603200
-3.746000
-5.015900
-13.905000
-9.460300
-8.825400
-6.920600
0.063490
0.063490
13.397000
8.952400
1.333300
3.238100
7.682500
-3.111100
-4.381000
-2.476200
-15.810000
-20.889000
-5.650800
-5.015900
-9.460300
-4.381000
-5.015900
1.333300
3.873000
-5.650800
-7.555600
-8.825400
-20.889000
0.063490
-1.841300
-3.746000
1.333300
-10.095000
-4.381000
1.968300
1.968300
5.142900
-5.650800
-5.015900
11.492000
7.682500
3.238100
5.142900
-3.111100
-6.920600
-12.000000
-5.015900
2.603200
1.968300
7.047600
18.476000
22.921000
17.205999
12.762000
17.205999
8.317500
-1.841300
-3.746000
-8.825400
2.603200
-3.746000
-11.365000
6.412700
12.762000
10.857000
2.603200
10.222000
16.570999
-2.476200
22.921000
27.365000
10.857000
9.587300
4.507900
-1.206300
3.873000
-6.285700
1.333300
5.142900
-6.920600
-4.381000
3.873000
14.032000
19.746000
16.570999
9.587300
16.570999
21.016001
14.032000
4.507900
-14.540000
-10.095000
-1.841300
-17.079000
-13.905000
-6.285700
-6.920600
-8.825400
-15.175000
-15.175000
-10.095000
-16.444000
-1.206300
7.682500
7.682500
7.682500
5.142900
-0.571430
-1.841300
-7.555600
-6.920600
-12.635000
-10.730000
-5.650800
-8.825400
-12.635000
-15.810000
-22.794001
-20.254000
-12.000000
-5.650800
-8.190500
1.333300
3.873000
-6.285700
3.873000
7.047600
-3.746000
-1.841300
-4.381000
-6.920600
-7.555600
-1.206300
0.698410
-5.015900
-1.206300
6.412700
7.047600
0.698410
7.682500
14.032000
6.412700
-3.111100
6.412700
10.222000
11.492000
0.063490
9.587300
21.016001
1.333300
3.873000
5.777800
5.777800
-1.841300
-2.476200
-8.190500
11.492000
14.667000
12.127000
7.682500
-5.015900
-2.476200
-9.460300
-10.095000
1.333300
-1.206300
10.222000
11.492000
0.063490
2.603200
8.952400
11.492000
12.127000
8.952400
5.777800
-10.095000
-12.000000
2.603200
9.587300
4.507900
-5.650800
-3.746000
-3.111100
-14.540000
-15.175000
-0.571430
5.142900
1.333300
-3.746000
-5.015900
0.063490
-2.476200
3.238100
3.238100
-0.571430
4.507900
-1.841300
-2.476200
-13.270000
-12.000000
-3.111100
-8.190500
-9.460300
-3.746000
-15.175000
-8.190500
-8.825400
-7.555600
-5.015900
-9.460300
-8.825400
-2.476200
-2.476200
-6.920600
-12.000000
7.047600
-1.206300
-4.381000
2.603200
8.317500
5.777800
-5.650800
1.333300
8.317500
0.063490
-5.650800
-10.730000
-5.650800
5.142900
1.333300
0.698410
16.570999
15.937000
19.746000
13.397000
13.397000
1.968300
1.333300
12.127000
-6.285700
0.698410
8.317500
1.333300
-8.190500
-12.000000
-3.111100
0.063490
-2.476200
3.873000
7.682500
0.698410
-5.650800
6.412700
9.587300
1.968300
-9.460300
-13.270000
-5.650800
0.698410
-5.015900
5.777800
6.412700
17.841000
19.746000
10.222000
11.492000
1.968300
2.603200
5.777800
1.968300
0.063490
-15.175000
-4.381000
12.762000
3.238100
5.777800
14.667000
-1.841300
-0.571430
-2.476200
-8.190500
-17.714001
0.063490
10.857000
0.698410
-0.571430
-4.381000
-6.920600
-16.444000
-8.825400
-10.095000
-1.841300
10.857000
8.317500
2.603200
-6.920600
-12.635000
-5.015900
-2.476200
-0.571430
-8.190500
-3.111100
0.063490
-3.111100
2.603200
0.063490
-7.555600
0.698410
0.063490
-10.730000
-10.095000
0.698410
-8.825400
-10.730000
-2.476200
0.698410
-0.571430
7.047600
8.952400
-1.206300
-6.285700
-6.920600
6.412700
6.412700
9.587300
10.222000
13.397000
15.302000
8.317500
-5.650800
3.873000
7.682500
8.952400
15.302000
7.047600
2.603200
-1.206300
-0.571430
-5.015900
-7.555600
-1.206300
9.587300
14.032000
14.667000
8.952400
4.507900
-4.381000
6.412700
-7.555600
-16.444000
-7.555600
-3.111100
-3.746000
-10.730000
-6.920600
9.587300
4.507900
-1.206300
-8.825400
-1.206300
7.682500
11.492000
9.587300
10.222000
7.047600
-6.285700
-9.460300
-13.905000
-6.285700
1.968300
3.873000
6.412700
1.968300
0.063490
-1.206300
-1.206300
-10.095000
-2.476200
16.570999
15.302000
-1.206300
-5.650800
-1.206300
-1.206300
-6.920600
-3.111100
-9.460300
0.698410
8.952400
6.412700
7.682500
4.507900
-5.015900
-1.206300
-7.555600
-5.015900
0.063490
-20.254000
-12.635000
2.603200
-1.206300
-12.000000
-15.175000
-7.555600
-5.650800
-1.206300
6.412700
4.507900
0.063490
14.667000
7.047600
-10.730000
-4.381000
1.333300
0.063490
-6.920600
-8.825400
-10.730000
3.238100
-1.206300
-6.285700
3.238100
5.142900
9.587300
10.222000
5.777800
7.047600
-1.841300
-6.285700
2.603200
5.777800
-6.920600
-12.000000
-13.905000
-12.000000
-15.175000
-13.270000
-12.635000
-12.000000
-1.206300
6.412700
5.777800
-2.476200
5.142900
9.587300
13.397000
10.857000
12.127000
7.682500
-5.015900
4.507900
14.667000
8.317500
10.857000
9.587300
8.952400
2.603200
-6.920600
5.142900
2.603200
8.952400
21.016001
23.556000
14.667000
-0.571430
1.333300
8.317500
6.412700
-1.206300
-13.905000
-5.650800
-6.920600
-14.540000
-10.730000
-13.905000
-24.063000
-24.063000
-18.349001
-7.555600
-8.190500
8.952400
10.857000
1.968300
10.857000
15.302000
7.682500
-3.746000
3.873000
12.762000
4.507900
-6.285700
-7.555600
3.238100
5.777800
-1.206300
10.857000
1.333300
-4.381000
0.698410
-3.111100
0.698410
-13.905000
0.063490
12.127000
5.777800
2.603200
-1.841300
-10.095000
-17.714001
-13.905000
-9.460300
-10.730000
-13.270000
-22.794001
-16.444000
-7.555600
-0.571430
-5.650800
-5.650800
-1.206300
3.873000
2.603200
1.968300
-10.095000
-5.650800
12.762000
14.667000
8.952400
3.873000
-3.111100
4.507900
15.937000
5.142900
-4.381000
