-1.015900
0.888890
8.507900
2.793700
-0.063490
1.841300
3.746000
3.746000
3.746000
1.841300
-1.015900
-1.015900
1.841300
-0.063490
-1.015900
-1.968300
-2.920600
-4.825400
-5.777800
-4.825400
-2.920600
-7.682500
-6.730200
-2.920600
0.888890
4.698400
1.841300
6.603200
7.555600
5.650800
3.746000
3.746000
-0.063490
-4.825400
-7.682500
-7.682500
-5.777800
-2.920600
3.746000
7.555600
2.793700
1.841300
-1.015900
-0.063490
2.793700
-1.015900
-2.920600
-7.682500
-8.634900
-3.873000
1.841300
2.793700
-1.968300
-3.873000
-2.920600
-1.968300
3.746000
3.746000
2.793700
5.650800
4.698400
4.698400
4.698400
6.603200
10.413000
5.650800
-1.015900
-5.777800
-5.777800
2.793700
3.746000
1.841300
6.603200
11.365000
10.413000
4.698400
4.698400
2.793700
5.650800
1.841300
-3.873000
-1.968300
0.888890
6.603200
4.698400
4.698400
4.698400
-0.063490
-1.015900
-5.777800
-9.587300
-10.540000
-5.777800
-5.777800
-2.920600
-1.968300
-1.015900
-0.063490
-4.825400
-5.777800
-2.920600
-4.825400
-8.634900
-6.730200
-5.777800
-9.587300
-3.873000
3.746000
1.841300
3.746000
-1.968300
-9.587300
-10.540000
-13.397000
-8.634900
-8.634900
-11.492000
-3.873000
-0.063490
5.650800
7.555600
11.365000
13.270000
10.413000
7.555600
3.746000
3.746000
-0.063490
-0.063490
-3.873000
-14.349000
-21.016001
-16.254000
-12.444000
-5.777800
5.650800
16.127001
26.603001
24.698000
20.889000
20.889000
16.127001
10.413000
1.841300
-3.873000
-10.540000
-18.159000
-19.111000
-18.159000
-8.634900
4.698400
13.270000
17.079000
18.983999
15.175000
9.460300
9.460300
5.650800
4.698400
3.746000
2.793700
-4.825400
-11.492000
-10.540000
-6.730200
-5.777800
-11.492000
-9.587300
-5.777800
8.507900
18.983999
18.983999
21.841000
20.889000
15.175000
6.603200
-0.063490
-4.825400
-9.587300
-17.205999
-21.968000
-25.778000
-24.825001
-16.254000
-5.777800
5.650800
10.413000
12.317000
18.032000
13.270000
14.222000
9.460300
2.793700
-1.968300
-4.825400
-10.540000
-21.968000
-24.825001
-16.254000
-11.492000
-3.873000
-3.873000
-1.968300
2.793700
9.460300
13.270000
10.413000
6.603200
0.888890
-6.730200
-5.777800
-10.540000
-8.634900
-4.825400
-5.777800
-3.873000
1.841300
5.650800
10.413000
16.127001
16.127001
13.270000
8.507900
8.507900
4.698400
1.841300
4.698400
7.555600
1.841300
-1.015900
-1.015900
0.888890
-1.015900
-4.825400
-3.873000
-2.920600
-0.063490
-1.968300
-3.873000
-2.920600
-1.015900
4.698400
3.746000
-1.968300
-0.063490
-0.063490
-1.015900
-1.968300
-2.920600
-1.015900
-0.063490
-1.968300
-5.777800
1.841300
8.507900
16.127001
19.937000
13.270000
5.650800
0.888890
-3.873000
-2.920600
-1.968300
-1.015900
-1.968300
-1.015900
-0.063490
1.841300
3.746000
5.650800
-5.777800
-13.397000
-10.540000
-6.730200
-3.873000
-2.920600
-10.540000
-10.540000
-2.920600
-1.968300
-0.063490
-0.063490
1.841300
-3.873000
-1.968300
5.650800
9.460300
11.365000
11.365000
8.507900
2.793700
4.698400
0.888890
-1.968300
-1.015900
-1.015900
-5.777800
-9.587300
-2.920600
0.888890
-0.063490
2.793700
0.888890
-1.015900
3.746000
6.603200
-0.063490
3.746000
0.888890
-2.920600
1.841300
1.841300
-1.015900
-1.015900
-3.873000
-9.587300
-5.777800
-1.968300
-2.920600
-0.063490
2.793700
5.650800
2.793700
2.793700
9.460300
9.460300
4.698400
7.555600
2.793700
-3.873000
-2.920600
-0.063490
-0.063490
-3.873000
-1.015900
-4.825400
-6.730200
-2.920600
1.841300
0.888890
-0.063490
-2.920600
-3.873000
-6.730200
2.793700
10.413000
6.603200
10.413000
6.603200
3.746000
-4.825400
-8.634900
-5.777800
-16.254000
-22.921000
-21.016001
-18.159000
-11.492000
-2.920600
8.507900
6.603200
5.650800
9.460300
10.413000
8.507900
0.888890
-7.682500
-8.634900
-9.587300
-10.540000
-9.587300
-9.587300
-12.444000
-7.682500
-5.777800
-3.873000
0.888890
1.841300
4.698400
1.841300
-1.968300
2.793700
6.603200
5.650800
8.507900
6.603200
4.698400
10.413000
15.175000
10.413000
4.698400
6.603200
7.555600
5.650800
4.698400
3.746000
2.793700
6.603200
7.555600
3.746000
8.507900
9.460300
4.698400
5.650800
8.507900
8.507900
1.841300
0.888890
2.793700
0.888890
0.888890
-4.825400
-1.015900
4.698400
9.460300
5.650800
-0.063490
-2.920600
-1.015900
-1.968300
0.888890
-0.063490
-1.968300
-3.873000
-7.682500
-8.634900
-6.730200
-3.873000
0.888890
-0.063490
6.603200
4.698400
2.793700
1.841300
1.841300
3.746000
6.603200
4.698400
0.888890
-0.063490
0.888890
-1.015900
-1.968300
-0.063490
-5.777800
-15.302000
-19.111000
-23.872999
-20.063000
-13.397000
-3.873000
4.698400
7.555600
7.555600
6.603200
1.841300
-0.063490
-4.825400
-8.634900
-15.302000
-13.397000
-1.968300
-0.063490
-0.063490
4.698400
3.746000
5.650800
3.746000
1.841300
-6.730200
-10.540000
-10.540000
-5.777800
-1.015900
-1.015900
5.650800
11.365000
12.317000
13.270000
10.413000
7.555600
9.460300
9.460300
2.793700
-2.920600
-9.587300
-15.302000
-17.205999
-11.492000
-5.777800
-0.063490
4.698400
5.650800
11.365000
17.079000
18.983999
11.365000
5.650800
6.603200
5.650800
-4.825400
-4.825400
-7.682500
-11.492000
-12.444000
-7.682500
-9.587300
-1.968300
3.746000
6.603200
2.793700
0.888890
4.698400
9.460300
7.555600
-1.968300
-0.063490
10.413000
7.555600
2.793700
1.841300
0.888890
-4.825400
-3.873000
-2.920600
2.793700
4.698400
0.888890
1.841300
4.698400
-1.968300
-4.825400
-2.920600
-4.825400
-6.730200
-6.730200
-5.777800
-9.587300
-12.444000
-10.540000
-1.968300
0.888890
-0.063490
-0.063490
-2.920600
-2.920600
-3.873000
-6.730200
-8.634900
-6.730200
-10.540000
-11.492000
-12.444000
-6.730200
2.793700
4.698400
5.650800
9.460300
14.222000
17.079000
9.460300
-1.015900
-1.015900
-1.015900
0.888890
-4.825400
-7.682500
-6.730200
-4.825400
-1.968300
6.603200
8.507900
11.365000
7.555600
1.841300
2.793700
0.888890
-0.063490
-2.920600
-1.968300
0.888890
-1.015900
-2.920600
-1.968300
1.841300
11.365000
15.175000
13.270000
6.603200
-1.968300
-4.825400
-3.873000
-9.587300
-9.587300
-2.920600
-0.063490
4.698400
8.507900
5.650800
5.650800
4.698400
3.746000
5.650800
6.603200
7.555600
-0.063490
-6.730200
-6.730200
-5.777800
-9.587300
-7.682500
-9.587300
-5.777800
-1.015900
-4.825400
-1.015900
4.698400
6.603200
5.650800
3.746000
5.650800
-1.015900
-5.777800
-8.634900
-7.682500
-7.682500
-15.302000
-16.254000
-11.492000
-8.634900
-4.825400
1.841300
9.460300
14.222000
11.365000
8.507900
11.365000
13.270000
11.365000
4.698400
5.650800
-1.968300
-11.492000
-10.540000
-9.587300
-6.730200
-5.777800
0.888890
-2.920600
0.888890
5.650800
5.650800
2.793700
5.650800
6.603200
6.603200
5.650800
5.650800
-3.873000
-6.730200
-2.920600
-6.730200
-4.825400
-4.825400
-8.634900
-7.682500
-1.968300
0.888890
12.317000
15.175000
14.222000
16.127001
17.079000
12.317000
10.413000
2.793700
-2.920600
-8.634900
-10.540000
-13.397000
-11.492000
-5.777800
2.793700
10.413000
13.270000
16.127001
13.270000
13.270000
15.175000
-0.063490
-9.587300
-15.302000
-8.634900
-4.825400
-1.015900
13.270000
22.794001
26.603001
27.556000
26.603001
25.650999
16.127001
7.555600
-3.873000
-1.968300
-12.444000
-21.968000
-20.063000
-19.111000
-11.492000
-4.825400
-0.063490
3.746000
1.841300
1.841300
-0.063490
1.841300
-6.730200
-17.205999
-25.778000
-21.016001
-15.302000
-13.397000
-4.825400
3.746000
8.507900
8.507900
10.413000
14.222000
5.650800
3.746000
6.603200
3.746000
-2.920600
-6.730200
-4.825400
-1.015900
-4.825400
-5.777800
-1.015900
-1.015900
1.841300
1.841300
1.841300
5.650800
5.650800
5.650800
7.555600
8.507900
7.555600
8.507900
11.365000
15.175000
11.365000
8.507900
6.603200
2.793700
-7.682500
-17.205999
-21.016001
-26.730000
-27.683001
-19.111000
-7.682500
0.888890
3.746000
9.460300
8.507900
3.746000
-1.015900
-0.063490
-1.015900
-6.730200
-18.159000
-19.111000
-16.254000
-11.492000
-0.063490
7.555600
15.175000
17.079000
13.270000
12.317000
12.317000
11.365000
6.603200
-0.063490
-4.825400
-9.587300
-10.540000
-3.873000
-1.015900
-3.873000
-2.920600
-1.968300
-0.063490
-1.015900
-0.063490
-4.825400
-8.634900
-5.777800
-6.730200
-6.730200
-3.873000
-1.968300
6.603200
5.650800
5.650800
6.603200
8.507900
3.746000
2.793700
-1.968300
-2.920600
-3.873000
-5.777800
-8.634900
-9.587300
-7.682500
-2.920600
-0.063490
1.841300
5.650800
6.603200
10.413000
15.175000
13.270000
6.603200
0.888890
1.841300
-5.777800
-11.492000
-7.682500
-8.634900
-8.634900
-8.634900
-2.920600
-2.920600
-1.968300
3.746000
-1.015900
-0.063490
2.793700
1.841300
4.698400
8.507900
9.460300
14.222000
4.698400
1.841300
3.746000
-0.063490
-0.063490
-1.015900
-0.063490
-5.777800
-9.587300
-5.777800
-2.920600
-0.063490
2.793700
-1.968300
0.888890
5.650800
3.746000
1.841300
-1.015900
-1.968300
-1.968300
-5.777800
0.888890
1.841300
-1.015900
0.888890
4.698400
11.365000
14.222000
11.365000
4.698400
2.793700
9.460300
8.507900
1.841300
-3.873000
-9.587300
-9.587300
-2.920600
3.746000
5.650800
2.793700
3.746000
3.746000
7.555600
5.650800
-1.015900
-2.920600
-1.015900
-1.968300
-2.920600
-1.015900
1.841300
6.603200
5.650800
2.793700
-0.063490
-3.873000
-4.825400
-2.920600
-5.777800
-9.587300
-7.682500
-4.825400
-4.825400
-1.015900
1.841300
6.603200
8.507900
3.746000
2.793700
0.888890
-1.968300
-2.920600
-1.968300
-6.730200
-4.825400
1.841300
2.793700
6.603200
6.603200
3.746000
0.888890
1.841300
6.603200
4.698400
0.888890
-9.587300
-16.254000
-15.302000
-9.587300
-4.825400
-0.063490
2.793700
-1.015900
-1.015900
-0.063490
4.698400
6.603200
0.888890
-4.825400
-2.920600
-8.634900
-9.587300
-6.730200
-3.873000
1.841300
5.650800
10.413000
17.079000
14.222000
15.175000
11.365000
3.746000
-0.063490
0.888890
4.698400
0.888890
0.888890
-0.063490
-5.777800
-6.730200
0.888890
7.555600
7.555600
7.555600
8.507900
8.507900
3.746000
-2.920600
-1.968300
-2.920600
0.888890
2.793700
-1.015900
-3.873000
-8.634900
-7.682500
-2.920600
-1.015900
-1.968300
-4.825400
-3.873000
-9.587300
-13.397000
-11.492000
-10.540000
-4.825400
-1.015900
1.841300
8.507900
15.175000
9.460300
2.793700
-0.063490
2.793700
-1.015900
-1.968300
-1.015900
-7.682500
-10.540000
-8.634900
-6.730200
-5.777800
-2.920600
2.793700
8.507900
8.507900
5.650800
4.698400
4.698400
2.793700
-1.015900
-3.873000
0.888890
-1.968300
