-8.867000
-11.823000
-11.823000
-23.645000
-6.896600
4.926100
-2.955700
-28.570999
-18.719000
-5.911300
-14.778000
-31.527000
-26.601000
-13.793000
-11.823000
-14.778000
-16.749001
-17.733999
-6.896600
-13.793000
-22.660000
-11.823000
2.955700
6.896600
6.896600
2.955700
-13.793000
-6.896600
4.926100
10.837000
8.867000
-5.911300
-1.970400
-2.955700
-15.764000
1.970400
15.764000
18.719000
11.823000
12.808000
26.601000
32.512001
29.556999
13.793000
13.793000
22.660000
20.690001
21.674999
11.823000
13.793000
12.808000
12.808000
11.823000
15.764000
27.586000
38.424000
25.615999
30.542000
21.674999
22.660000
20.690001
24.631001
26.601000
18.719000
18.719000
16.749001
-12.808000
1.970400
26.601000
14.778000
4.926100
5.911300
10.837000
-1.970400
0.000000
16.749001
26.601000
10.837000
0.985220
10.837000
4.926100
-4.926100
-8.867000
3.940900
22.660000
18.719000
7.881800
10.837000
11.823000
2.955700
17.733999
20.690001
1.970400
-12.808000
-30.542000
-33.498001
-36.452999
-35.467999
-3.940900
15.764000
8.867000
4.926100
10.837000
12.808000
8.867000
0.985220
-0.985220
0.985220
-3.940900
-8.867000
-9.852200
-11.823000
0.000000
-9.852200
0.985220
22.660000
17.733999
20.690001
21.674999
12.808000
3.940900
14.778000
24.631001
35.467999
38.424000
23.645000
25.615999
10.837000
0.985220
8.867000
2.955700
0.000000
15.764000
25.615999
11.823000
2.955700
6.896600
10.837000
12.808000
8.867000
-1.970400
-5.911300
-5.911300
-10.837000
-21.674999
-11.823000
-16.749001
-15.764000
-11.823000
-18.719000
8.867000
20.690001
13.793000
2.955700
-5.911300
0.985220
1.970400
-9.852200
-31.527000
-26.601000
-23.645000
-30.542000
-34.483002
-49.261002
-54.187000
-52.216999
-55.172001
-37.438000
-26.601000
-22.660000
-18.719000
-22.660000
-29.556999
-23.645000
-23.645000
-31.527000
-29.556999
-26.601000
-34.483002
-43.349998
-40.394001
-26.601000
-17.733999
-3.940900
-17.733999
-10.837000
-5.911300
9.852200
2.955700
0.000000
9.852200
1.970400
0.000000
-2.955700
-11.823000
-11.823000
10.837000
17.733999
9.852200
16.749001
17.733999
13.793000
10.837000
10.837000
9.852200
20.690001
25.615999
14.778000
10.837000
3.940900
2.955700
-4.926100
9.852200
14.778000
21.674999
29.556999
16.749001
12.808000
5.911300
22.660000
31.527000
21.674999
18.719000
13.793000
10.837000
9.852200
18.719000
4.926100
2.955700
2.955700
-7.881800
-14.778000
-12.808000
-13.793000
-8.867000
0.985220
0.000000
-11.823000
0.985220
15.764000
19.704000
19.704000
4.926100
-19.704000
5.911300
15.764000
4.926100
-2.955700
-2.955700
-8.867000
-22.660000
-18.719000
-9.852200
-7.881800
0.985220
5.911300
6.896600
5.911300
-6.896600
1.970400
9.852200
-0.985220
-10.837000
-13.793000
-24.631001
-22.660000
-4.926100
2.955700
-0.985220
-3.940900
1.970400
-1.970400
-0.985220
16.749001
21.674999
-2.955700
7.881800
17.733999
13.793000
6.896600
-1.970400
-4.926100
-16.749001
7.881800
20.690001
-6.896600
-1.970400
2.955700
0.985220
2.955700
-6.896600
-4.926100
-4.926100
-3.940900
-9.852200
-23.645000
-6.896600
-1.970400
2.955700
6.896600
7.881800
7.881800
4.926100
8.867000
-1.970400
-1.970400
5.911300
0.000000
-18.719000
-18.719000
-11.823000
-3.940900
-1.970400
2.955700
15.764000
15.764000
13.793000
12.808000
7.881800
8.867000
7.881800
12.808000
16.749001
13.793000
7.881800
0.000000
-4.926100
-12.808000
-7.881800
0.985220
0.000000
-0.985220
5.911300
4.926100
5.911300
-5.911300
2.955700
7.881800
-0.985220
-14.778000
-7.881800
-1.970400
-11.823000
-9.852200
-12.808000
-6.896600
4.926100
1.970400
17.733999
36.452999
28.570999
29.556999
31.527000
21.674999
10.837000
0.985220
-3.940900
-2.955700
-7.881800
0.000000
11.823000
2.955700
5.911300
-5.911300
-15.764000
-21.674999
-29.556999
-19.704000
-19.704000
-19.704000
-6.896600
-1.970400
-5.911300
0.985220
15.764000
6.896600
-5.911300
-1.970400
-6.896600
-12.808000
-16.749001
-16.749001
-20.690001
-9.852200
-1.970400
15.764000
26.601000
28.570999
36.452999
32.512001
25.615999
16.749001
-0.985220
-1.970400
0.000000
-3.940900
-0.985220
0.000000
6.896600
16.749001
9.852200
14.778000
5.911300
6.896600
-3.940900
-14.778000
-6.896600
-3.940900
-10.837000
-20.690001
-18.719000
-3.940900
0.985220
2.955700
4.926100
5.911300
-4.926100
3.940900
11.823000
-0.985220
-1.970400
2.955700
-0.985220
-6.896600
1.970400
11.823000
7.881800
0.985220
10.837000
18.719000
15.764000
14.778000
7.881800
-2.955700
-7.881800
-7.881800
-5.911300
-14.778000
-7.881800
-8.867000
-23.645000
-20.690001
-20.690001
-22.660000
-13.793000
-9.852200
-9.852200
-10.837000
-13.793000
-18.719000
-28.570999
-22.660000
-18.719000
-14.778000
-5.911300
-2.955700
0.985220
17.733999
13.793000
-4.926100
4.926100
0.985220
-2.955700
5.911300
-5.911300
4.926100
-4.926100
-9.852200
-7.881800
-10.837000
-8.867000
-16.749001
-14.778000
-8.867000
-12.808000
-6.896600
-7.881800
-4.926100
6.896600
10.837000
15.764000
12.808000
9.852200
2.955700
-1.970400
-3.940900
2.955700
4.926100
6.896600
6.896600
6.896600
3.940900
7.881800
15.764000
13.793000
5.911300
1.970400
-9.852200
-5.911300
-0.985220
18.719000
39.409000
38.424000
27.586000
29.556999
33.498001
16.749001
17.733999
17.733999
9.852200
4.926100
0.000000
-8.867000
-9.852200
-11.823000
-2.955700
7.881800
0.985220
7.881800
5.911300
4.926100
4.926100
9.852200
1.970400
-9.852200
-19.704000
-20.690001
-17.733999
-8.867000
-6.896600
-12.808000
-16.749001
-14.778000
-10.837000
-11.823000
-11.823000
-7.881800
7.881800
10.837000
5.911300
2.955700
7.881800
1.970400
-8.867000
-5.911300
-4.926100
3.940900
12.808000
15.764000
11.823000
6.896600
5.911300
-4.926100
-3.940900
7.881800
7.881800
9.852200
4.926100
0.000000
2.955700
4.926100
15.764000
25.615999
27.586000
23.645000
43.349998
49.261002
37.438000
52.216999
54.187000
34.483002
27.586000
22.660000
4.926100
14.778000
22.660000
6.896600
0.985220
-5.911300
-12.808000
-11.823000
-6.896600
-2.955700
3.940900
1.970400
-0.985220
8.867000
8.867000
6.896600
4.926100
-7.881800
-15.764000
-26.601000
-51.231998
-42.365002
-32.512001
-31.527000
-28.570999
-32.512001
-49.261002
-43.349998
-35.467999
-36.452999
-45.320000
-41.379002
-37.438000
-30.542000
-25.615999
-25.615999
-15.764000
-9.852200
-15.764000
-11.823000
-7.881800
-6.896600
-11.823000
-20.690001
-33.498001
-30.542000
-26.601000
-23.645000
-18.719000
-14.778000
-18.719000
-9.852200
-1.970400
-9.852200
-4.926100
13.793000
7.881800
-4.926100
-4.926100
-11.823000
-3.940900
-7.881800
-2.955700
6.896600
-19.704000
-22.660000
-4.926100
8.867000
-0.985220
-4.926100
3.940900
13.793000
-15.764000
11.823000
23.645000
10.837000
5.911300
2.955700
19.704000
29.556999
13.793000
8.867000
16.749001
11.823000
19.704000
22.660000
0.985220
-1.970400
-1.970400
-11.823000
3.940900
7.881800
22.660000
34.483002
31.527000
14.778000
16.749001
11.823000
15.764000
16.749001
25.615999
17.733999
5.911300
8.867000
-5.911300
7.881800
2.955700
3.940900
21.674999
24.631001
11.823000
6.896600
-0.985220
-8.867000
-2.955700
17.733999
15.764000
16.749001
3.940900
9.852200
3.940900
-5.911300
-1.970400
2.955700
4.926100
3.940900
-5.911300
-1.970400
1.970400
1.970400
-2.955700
-7.881800
-2.955700
-3.940900
0.985220
0.000000
-14.778000
6.896600
14.778000
8.867000
4.926100
1.970400
6.896600
5.911300
13.793000
17.733999
1.970400
4.926100
-3.940900
-8.867000
-12.808000
0.985220
9.852200
3.940900
6.896600
-0.985220
-16.749001
-4.926100
0.985220
-1.970400
5.911300
-1.970400
1.970400
14.778000
9.852200
-7.881800
2.955700
0.000000
-8.867000
-27.586000
-16.749001
11.823000
24.631001
28.570999
23.645000
16.749001
5.911300
8.867000
18.719000
6.896600
-10.837000
-35.467999
-22.660000
-4.926100
-5.911300
-9.852200
-3.940900
-5.911300
-2.955700
-0.985220
2.955700
-13.793000
0.985220
13.793000
1.970400
-6.896600
-11.823000
-13.793000
-11.823000
-14.778000
-24.631001
-25.615999
-13.793000
-0.985220
6.896600
6.896600
9.852200
17.733999
11.823000
-1.970400
-10.837000
-18.719000
-14.778000
-12.808000
-21.674999
-19.704000
-14.778000
-8.867000
1.970400
-2.955700
7.881800
26.601000
34.483002
36.452999
34.483002
40.394001
60.098999
53.202000
46.305000
42.365002
46.305000
43.349998
51.231998
51.231998
43.349998
35.467999
22.660000
16.749001
16.749001
18.719000
16.749001
12.808000
10.837000
19.704000
21.674999
26.601000
29.556999
25.615999
24.631001
23.645000
31.527000
16.749001
4.926100
-2.955700
-20.690001
-31.527000
-35.467999
-34.483002
-30.542000
-25.615999
-13.793000
0.985220
2.955700
8.867000
9.852200
12.808000
4.926100
0.000000
-0.985220
-9.852200
-28.570999
-42.365002
-37.438000
-26.601000
-32.512001
-37.438000
-49.261002
-50.245998
-58.127998
-54.187000
-48.276001
-41.379002
-27.586000
-15.764000
-8.867000
-8.867000
4.926100
12.808000
12.808000
4.926100
0.000000
7.881800
22.660000
34.483002
31.527000
15.764000
16.749001
14.778000
15.764000
11.823000
-5.911300
-13.793000
-36.452999
-32.512001
-27.586000
-42.365002
-39.409000
-45.320000
-49.261002
-45.320000
-35.467999
-34.483002
-27.586000
-22.660000
-17.733999
-4.926100
5.911300
0.985220
3.940900
20.690001
21.674999
10.837000
15.764000
7.881800
5.911300
11.823000
6.896600
7.881800
3.940900
4.926100
-4.926100
-17.733999
-18.719000
-30.542000
-33.498001
-33.498001
-36.452999
-34.483002
-37.438000
-35.467999
-35.467999
-34.483002
-27.586000
-24.631001
-27.586000
-27.586000
-15.764000
-5.911300
-4.926100
-4.926100
-3.940900
-8.867000
-10.837000
-3.940900
0.000000
0.985220
20.690001
38.424000
43.349998
40.394001
30.542000
14.778000
0.985220
-11.823000
-21.674999
-19.704000
-12.808000
-9.852200
-0.985220
15.764000
39.409000
48.276001
48.276001
50.245998
54.187000
45.320000
57.143002
60.098999
49.261002
56.158001
60.098999
50.245998
61.084000
60.098999
50.245998
49.261002
43.349998
41.379002
20.690001
1.970400
-9.852200
-10.837000
-9.852200
-16.749001
-21.674999
-23.645000
-24.631001
-24.631001
-32.512001
-26.601000
-15.764000
-18.719000
-24.631001
-28.570999
-29.556999
-30.542000
-25.615999
-25.615999
-14.778000
-21.674999
-14.778000
2.955700
-6.896600
-9.852200
6.896600
8.867000
8.867000
2.955700
5.911300
12.808000
11.823000
19.704000
26.601000
32.512001
34.483002
34.483002
32.512001
32.512001
30.542000
18.719000
18.719000
28.570999
36.452999
45.320000
42.365002
34.483002
38.424000
44.334999
39.409000
27.586000
33.498001
30.542000
25.615999
28.570999
16.749001
15.764000
18.719000
26.601000
13.793000
-2.955700
-7.881800
