-7.922700
9.468600
26.860001
8.502400
7.536200
24.927999
37.487999
31.691000
2.705300
4.637700
13.333000
-5.990300
-10.821000
2.705300
3.671500
0.772950
-0.193240
7.536200
-12.754000
17.198000
30.725000
10.435000
7.536200
0.772950
-9.855100
16.232000
14.300000
4.637700
-5.990300
13.333000
22.995001
-11.787000
-12.754000
2.705300
-13.720000
-5.024200
14.300000
11.401000
5.603900
-14.686000
-17.584999
2.705300
-1.159400
-34.009998
-12.754000
-2.125600
-20.483000
-2.125600
-8.888900
-17.584999
-1.159400
-4.058000
-4.058000
2.705300
-1.159400
22.995001
26.860001
-1.159400
1.739100
24.927999
29.757999
4.637700
-3.091800
11.401000
9.468600
-5.990300
-9.855100
-13.720000
-14.686000
-5.990300
-1.159400
6.570000
13.333000
-13.720000
-12.754000
4.637700
9.468600
-3.091800
18.164000
27.826000
3.671500
1.739100
4.637700
17.198000
27.826000
26.860001
1.739100
21.063000
38.453999
32.657001
19.129999
25.893999
33.623001
-7.922700
-15.652000
1.739100
-5.024200
-0.193240
8.502400
11.401000
12.367000
6.570000
20.097000
16.232000
-13.720000
2.705300
27.826000
3.671500
1.739100
-2.125600
-4.058000
10.435000
15.266000
-7.922700
1.739100
4.637700
6.570000
20.097000
7.536200
-5.990300
-1.159400
23.961000
33.623001
15.266000
15.266000
21.063000
19.129999
24.927999
28.792000
32.657001
11.401000
21.063000
31.691000
5.603900
1.739100
10.435000
2.705300
-17.584999
-18.551001
-3.091800
0.772950
-15.652000
-23.382000
-13.720000
-3.091800
-16.618000
-18.551001
-15.652000
-20.483000
-30.145000
-5.024200
-0.193240
2.705300
10.435000
-13.720000
11.401000
22.028999
-5.024200
-16.618000
-43.671001
-60.097000
-35.942001
-31.111000
-45.604000
-52.367001
-50.435001
-49.469002
-47.535999
-25.313999
-15.652000
-18.551001
-42.705002
-15.652000
2.705300
-20.483000
-26.280001
-33.042999
-24.348000
-28.212999
-31.111000
-31.111000
-18.551001
4.637700
7.536200
-8.888900
12.367000
22.028999
-14.686000
-10.821000
-3.091800
3.671500
8.502400
-0.193240
-7.922700
-7.922700
-17.584999
2.705300
22.028999
15.266000
-5.990300
4.637700
22.028999
22.995001
37.487999
32.657001
20.097000
18.164000
11.401000
1.739100
4.637700
21.063000
27.826000
14.300000
7.536200
-10.821000
4.637700
16.232000
7.536200
0.772950
-4.058000
4.637700
8.502400
13.333000
26.860001
-2.125600
9.468600
12.367000
13.333000
15.266000
0.772950
-2.125600
-6.956500
-13.720000
-4.058000
-5.990300
-7.922700
4.637700
-4.058000
0.772950
18.164000
-0.193240
-6.956500
3.671500
-1.159400
-5.024200
-15.652000
-10.821000
-5.024200
-4.058000
-7.922700
-20.483000
-15.652000
-19.517000
-10.821000
-10.821000
-8.888900
11.401000
-9.855100
-7.922700
4.637700
-7.922700
-18.551001
-17.584999
-20.483000
-17.584999
-10.821000
-4.058000
-5.990300
0.772950
-0.193240
-2.125600
-3.091800
-10.821000
-8.888900
1.739100
3.671500
1.739100
-2.125600
-2.125600
16.232000
17.198000
3.671500
6.570000
17.198000
17.198000
4.637700
2.705300
19.129999
29.757999
21.063000
15.266000
5.603900
6.570000
5.603900
-11.787000
-5.990300
11.401000
6.570000
6.570000
-5.990300
-9.855100
-2.125600
-3.091800
-1.159400
1.739100
-1.159400
3.671500
-7.922700
-13.720000
-7.922700
-0.193240
-5.024200
-13.720000
-2.125600
26.860001
32.657001
25.893999
14.300000
12.367000
-0.193240
9.468600
19.129999
14.300000
11.401000
16.232000
9.468600
-6.956500
-10.821000
9.468600
15.266000
6.570000
-15.652000
-2.125600
21.063000
11.401000
-4.058000
9.468600
-3.091800
0.772950
11.401000
3.671500
-4.058000
-12.754000
-9.855100
-13.720000
-8.888900
16.232000
21.063000
7.536200
2.705300
7.536200
15.266000
25.893999
22.028999
9.468600
0.772950
1.739100
4.637700
6.570000
-13.720000
17.198000
32.657001
0.772950
8.502400
5.603900
-7.922700
-25.313999
-27.246000
-28.212999
-21.448999
-17.584999
-14.686000
-15.652000
-14.686000
-9.855100
-11.787000
-20.483000
-17.584999
-10.821000
-20.483000
-20.483000
-21.448999
-20.483000
-0.193240
22.995001
27.826000
19.129999
37.487999
39.419998
31.691000
22.995001
3.671500
-5.024200
3.671500
6.570000
-8.888900
-5.024200
3.671500
-7.922700
0.772950
8.502400
-0.193240
-11.787000
-1.159400
15.266000
-3.091800
-5.024200
3.671500
-11.787000
-13.720000
-16.618000
-16.618000
-19.517000
-16.618000
-13.720000
-14.686000
-17.584999
-13.720000
0.772950
9.468600
21.063000
16.232000
5.603900
5.603900
14.300000
23.961000
22.995001
25.893999
0.772950
4.637700
23.961000
22.028999
18.164000
8.502400
0.772950
-5.990300
-27.246000
-21.448999
-17.584999
-23.382000
-23.382000
-24.348000
-25.313999
-24.348000
-10.821000
1.739100
-1.159400
-4.058000
-4.058000
-15.652000
-15.652000
-7.922700
-3.091800
-7.922700
-6.956500
-3.091800
-5.990300
-1.159400
-4.058000
-3.091800
-3.091800
-14.686000
-10.821000
5.603900
15.266000
-9.855100
8.502400
19.129999
4.637700
1.739100
7.536200
10.435000
4.637700
2.705300
4.637700
7.536200
11.401000
11.401000
14.300000
13.333000
-2.125600
-5.990300
-2.125600
-8.888900
-15.652000
-16.618000
-23.382000
1.739100
16.232000
7.536200
2.705300
4.637700
13.333000
14.300000
-0.193240
3.671500
4.637700
-6.956500
-19.517000
-18.551001
4.637700
16.232000
14.300000
20.097000
11.401000
15.266000
23.961000
30.725000
21.063000
10.435000
6.570000
8.502400
8.502400
-2.125600
-13.720000
-4.058000
2.705300
12.367000
17.198000
6.570000
-8.888900
-1.159400
1.739100
1.739100
-6.956500
-17.584999
-25.313999
-22.415001
7.536200
16.232000
-0.193240
-11.787000
6.570000
22.028999
8.502400
1.739100
-5.990300
-6.956500
-5.024200
1.739100
5.603900
-13.720000
-5.024200
5.603900
-5.990300
-11.787000
-3.091800
2.705300
5.603900
9.468600
12.367000
20.097000
8.502400
-5.990300
-5.990300
-3.091800
0.772950
-5.990300
-8.888900
-10.821000
-10.821000
2.705300
21.063000
-11.787000
10.435000
28.792000
15.266000
-4.058000
-1.159400
14.300000
17.198000
29.757999
30.725000
5.603900
22.995001
33.623001
10.435000
4.637700
-3.091800
-17.584999
-9.855100
-11.787000
-21.448999
-7.922700
-11.787000
-32.077000
-19.517000
-1.159400
-5.990300
-3.091800
5.603900
-26.280001
-29.179001
-1.159400
0.772950
-25.313999
-5.990300
-2.125600
-29.179001
-34.976002
-12.754000
-16.618000
-11.787000
-2.125600
-4.058000
-6.956500
1.739100
-0.193240
-26.280001
-9.855100
25.893999
34.589001
8.502400
-29.179001
-9.855100
20.097000
9.468600
-1.159400
-10.821000
1.739100
16.232000
18.164000
20.097000
5.603900
-0.193240
-5.024200
-13.720000
-18.551001
9.468600
13.333000
-10.821000
-9.855100
-13.720000
-8.888900
6.570000
13.333000
-2.125600
-15.652000
-19.517000
16.232000
22.028999
13.333000
10.435000
-13.720000
-4.058000
5.603900
2.705300
-10.821000
-43.671001
-10.821000
1.739100
-12.754000
2.705300
-0.193240
5.603900
-0.193240
-12.754000
11.401000
35.556000
16.232000
-15.652000
-25.313999
-32.077000
-2.125600
6.570000
-8.888900
-2.125600
-3.091800
7.536200
1.739100
-17.584999
22.028999
33.623001
25.893999
-1.159400
-24.348000
21.063000
37.487999
22.028999
8.502400
8.502400
22.028999
3.671500
25.893999
34.589001
-5.024200
-12.754000
21.063000
23.961000
8.502400
11.401000
-9.855100
-6.956500
2.705300
2.705300
6.570000
-11.787000
-6.956500
1.739100
-22.415001
5.603900
31.691000
12.367000
22.995001
0.772950
-5.024200
24.927999
13.333000
-18.551001
-18.551001
-10.821000
-5.024200
-4.058000
-5.990300
-17.584999
-27.246000
-0.193240
11.401000
1.739100
-0.193240
-34.976002
-15.652000
13.333000
-5.024200
-23.382000
-12.754000
-14.686000
-20.483000
-9.855100
-16.618000
-22.415001
-30.145000
-15.652000
-9.855100
-13.720000
-10.821000
-8.888900
-9.855100
0.772950
-2.125600
-7.922700
-7.922700
-15.652000
-7.922700
-2.125600
6.570000
32.657001
27.826000
6.570000
0.772950
-1.159400
-4.058000
-9.855100
14.300000
18.164000
15.266000
2.705300
13.333000
14.300000
4.637700
-5.990300
-6.956500
-8.888900
-5.990300
-5.990300
9.468600
7.536200
12.367000
-5.024200
-16.618000
4.637700
13.333000
-6.956500
-16.618000
-16.618000
3.671500
-5.990300
-9.855100
-3.091800
3.671500
-3.091800
7.536200
-12.754000
-8.888900
10.435000
3.671500
-2.125600
-0.193240
-3.091800
4.637700
-6.956500
10.435000
9.468600
1.739100
9.468600
14.300000
1.739100
11.401000
37.487999
49.082001
23.961000
17.198000
8.502400
16.232000
16.232000
18.164000
19.129999
29.757999
33.623001
24.927999
0.772950
5.603900
19.129999
-2.125600
-12.754000
-0.193240
-5.024200
3.671500
-10.821000
-24.348000
-5.990300
-5.024200
13.333000
17.198000
24.927999
26.860001
22.028999
18.164000
29.757999
23.961000
20.097000
29.757999
30.725000
30.725000
24.927999
8.502400
4.637700
2.705300
14.300000
-19.517000
-16.618000
-3.091800
-17.584999
-20.483000
-62.028999
-28.212999
-5.024200
-12.754000
-9.855100
-16.618000
-34.976002
-58.164001
-44.638000
-20.483000
-25.313999
-33.042999
-38.841000
-45.604000
-54.299999
-32.077000
-5.990300
-12.754000
-24.348000
-38.841000
0.772950
13.333000
-16.618000
-7.922700
-8.888900
-5.990300
-5.024200
0.772950
-13.720000
-9.855100
9.468600
1.739100
-5.990300
14.300000
-0.193240
4.637700
-2.125600
-3.091800
0.772950
5.603900
3.671500
2.705300
-10.821000
-2.125600
-11.787000
19.129999
35.556000
29.757999
19.129999
31.691000
49.082001
45.216999
22.995001
27.826000
59.709999
56.812000
19.129999
8.502400
-14.686000
-23.382000
14.300000
35.556000
4.637700
-15.652000
-6.956500
-3.091800
-5.024200
-54.299999
-19.517000
31.691000
11.401000
-5.024200
-9.855100
-17.584999
-31.111000
-4.058000
17.198000
3.671500
-5.024200
-23.382000
-21.448999
-20.483000
-36.908001
-28.212999
-3.091800
-3.091800
5.603900
11.401000
2.705300
9.468600
-6.956500
-39.806999
-35.942001
-25.313999
-32.077000
-34.009998
-36.908001
-31.111000
-27.246000
-22.415001
-5.990300
11.401000
-17.584999
-4.058000
12.367000
6.570000
5.603900
-4.058000
-10.821000
-5.024200
-6.956500
-6.956500
13.333000
25.893999
19.129999
9.468600
-0.193240
-1.159400
-3.091800
-3.091800
-3.091800
1.739100
6.570000
-1.159400
13.333000
21.063000
22.995001
17.198000
16.232000
15.266000
10.435000
-2.125600
-3.091800
1.739100
-1.159400
-6.956500
-15.652000
-5.990300
-1.159400
5.603900
14.300000
15.266000
13.333000
5.603900
12.367000
17.198000
17.198000
12.367000
11.401000
12.367000
9.468600
13.333000
20.097000
18.164000
17.198000
17.198000
8.502400
5.603900
4.637700
5.603900
3.671500
5.603900
3.671500
5.603900
-0.193240
0.772950
3.671500
4.637700
2.705300
6.570000
5.603900
3.671500
2.705300
-1.159400
-0.193240
6.570000
5.603900
-9.855100
-22.415001
-24.348000
