-13.724000
-7.869900
-5.918700
-7.869900
-4.943100
-6.894300
-7.869900
-7.869900
-2.991900
-4.943100
-7.869900
-5.918700
-6.894300
-2.991900
-3.967500
-5.918700
-5.918700
-4.943100
-4.943100
-6.894300
-7.869900
-8.845500
-8.845500
-2.016300
1.886200
-0.065040
-2.991900
-2.991900
-1.040700
-2.016300
-0.065040
-1.040700
-2.016300
1.886200
7.739800
15.545000
20.423000
24.325001
30.179001
36.033001
34.081001
33.105999
33.105999
25.301001
17.496000
14.569000
15.545000
22.374001
21.398001
17.496000
5.788600
5.788600
9.691100
22.374001
17.496000
17.496000
14.569000
11.642000
13.593000
3.837400
-7.869900
-11.772000
-18.601999
-9.821100
0.910570
3.837400
12.618000
12.618000
15.545000
14.569000
23.350000
20.423000
21.398001
16.520000
6.764200
11.642000
15.545000
11.642000
8.715400
10.667000
10.667000
17.496000
11.642000
5.788600
7.739800
3.837400
3.837400
1.886200
1.886200
-1.040700
-11.772000
-15.675000
-23.480000
-36.162998
-47.869999
-49.820999
-43.966999
-42.015999
-34.210999
-32.259998
-25.431000
-17.625999
-17.625999
-14.699000
-13.724000
-11.772000
-15.675000
-27.382000
-27.382000
-27.382000
-29.333000
-24.455000
-21.528000
-18.601999
-15.675000
-12.748000
-2.991900
-0.065040
10.667000
19.447001
13.593000
15.545000
22.374001
24.325001
25.301001
19.447001
18.472000
13.593000
17.496000
15.545000
13.593000
15.545000
17.496000
16.520000
11.642000
11.642000
14.569000
16.520000
19.447001
22.374001
22.374001
18.472000
15.545000
10.667000
2.861800
-0.065040
-0.065040
5.788600
11.642000
13.593000
22.374001
20.423000
19.447001
19.447001
23.350000
24.325001
22.374001
21.398001
15.545000
10.667000
8.715400
8.715400
8.715400
6.764200
8.715400
11.642000
17.496000
21.398001
27.252001
25.301001
21.398001
18.472000
10.667000
-1.040700
-12.748000
-20.552999
-27.382000
-29.333000
-29.333000
-29.333000
-32.259998
-30.309000
-30.309000
-38.113998
-44.943001
-42.015999
-41.041000
-38.113998
-34.210999
-29.333000
-24.455000
-17.625999
-17.625999
-20.552999
-20.552999
-18.601999
-15.675000
-13.724000
-11.772000
-9.821100
-7.869900
-3.967500
2.861800
4.813000
3.837400
4.813000
-2.991900
-2.016300
-6.894300
-18.601999
-21.528000
-17.625999
-14.699000
-4.943100
2.861800
7.739800
10.667000
13.593000
13.593000
14.569000
9.691100
4.813000
-2.016300
-2.991900
-3.967500
-6.894300
-9.821100
-6.894300
-4.943100
-3.967500
-1.040700
-1.040700
-2.991900
0.910570
3.837400
7.739800
8.715400
7.739800
8.715400
13.593000
19.447001
23.350000
22.374001
19.447001
19.447001
19.447001
15.545000
11.642000
10.667000
4.813000
-2.991900
-2.991900
4.813000
14.569000
20.423000
24.325001
29.202999
29.202999
32.130001
32.130001
31.153999
27.252001
20.423000
12.618000
5.788600
-1.040700
-5.918700
-8.845500
-4.943100
2.861800
10.667000
18.472000
23.350000
29.202999
30.179001
24.325001
18.472000
11.642000
3.837400
-3.967500
-7.869900
-6.894300
-9.821100
-7.869900
-9.821100
-17.625999
-16.650000
-12.748000
-9.821100
-5.918700
-5.918700
-3.967500
-8.845500
-16.650000
-21.528000
-25.431000
-25.431000
-18.601999
-9.821100
-1.040700
0.910570
0.910570
-1.040700
0.910570
3.837400
5.788600
1.886200
-2.991900
-6.894300
-8.845500
-12.748000
-16.650000
-17.625999
-11.772000
-2.991900
2.861800
2.861800
1.886200
-0.065040
-3.967500
-8.845500
-10.797000
-11.772000
-11.772000
-13.724000
-16.650000
-22.504000
-27.382000
-28.358000
-24.455000
-19.577000
-13.724000
-5.918700
-2.991900
-2.991900
-1.040700
-1.040700
-3.967500
-4.943100
-3.967500
-0.065040
4.813000
6.764200
1.886200
-2.016300
0.910570
5.788600
13.593000
17.496000
22.374001
24.325001
21.398001
21.398001
18.472000
12.618000
9.691100
2.861800
-0.065040
5.788600
4.813000
2.861800
2.861800
-0.065040
-6.894300
-11.772000
-11.772000
-13.724000
-7.869900
-2.991900
-2.991900
-1.040700
3.837400
6.764200
10.667000
9.691100
11.642000
11.642000
5.788600
0.910570
-6.894300
-11.772000
-17.625999
-19.577000
-22.504000
-19.577000
-8.845500
-0.065040
3.837400
12.618000
18.472000
20.423000
22.374001
18.472000
13.593000
9.691100
9.691100
10.667000
14.569000
15.545000
12.618000
11.642000
12.618000
10.667000
6.764200
1.886200
-7.869900
-13.724000
-16.650000
-18.601999
-15.675000
-10.797000
-8.845500
-3.967500
-2.016300
-2.016300
-1.040700
-2.016300
-2.991900
-6.894300
-11.772000
-15.675000
-17.625999
-16.650000
-11.772000
-2.991900
5.788600
9.691100
11.642000
16.520000
24.325001
26.275999
21.398001
12.618000
7.739800
6.764200
3.837400
-3.967500
-4.943100
-0.065040
2.861800
2.861800
1.886200
-3.967500
-7.869900
-6.894300
-3.967500
-7.869900
-16.650000
-17.625999
-19.577000
-18.601999
-10.797000
-4.943100
-2.991900
1.886200
9.691100
15.545000
19.447001
17.496000
13.593000
12.618000
14.569000
13.593000
9.691100
2.861800
-3.967500
-9.821100
-13.724000
-16.650000
-13.724000
-6.894300
-4.943100
-5.918700
-11.772000
-16.650000
-17.625999
-21.528000
-23.480000
-16.650000
-13.724000
-10.797000
-7.869900
-8.845500
-12.748000
-12.748000
-8.845500
-4.943100
0.910570
9.691100
16.520000
18.472000
12.618000
9.691100
8.715400
10.667000
9.691100
5.788600
2.861800
0.910570
9.691100
22.374001
30.179001
33.105999
31.153999
24.325001
17.496000
10.667000
8.715400
2.861800
0.910570
-1.040700
-5.918700
-12.748000
-18.601999
-21.528000
-19.577000
-21.528000
-14.699000
-5.918700
-0.065040
-1.040700
3.837400
12.618000
11.642000
9.691100
7.739800
1.886200
-2.016300
-2.991900
-5.918700
-9.821100
-11.772000
-10.797000
-8.845500
-7.869900
-6.894300
-0.065040
8.715400
10.667000
2.861800
-5.918700
-4.943100
-3.967500
-5.918700
-3.967500
3.837400
10.667000
7.739800
4.813000
1.886200
-3.967500
-5.918700
-4.943100
-1.040700
-0.065040
-1.040700
3.837400
3.837400
5.788600
10.667000
12.618000
14.569000
17.496000
15.545000
15.545000
18.472000
20.423000
19.447001
16.520000
11.642000
7.739800
2.861800
-2.991900
-2.016300
5.788600
13.593000
14.569000
9.691100
-3.967500
-7.869900
-8.845500
-9.821100
-4.943100
-10.797000
-15.675000
-15.675000
-14.699000
-20.552999
-20.552999
-16.650000
-20.552999
-19.577000
-20.552999
-23.480000
-21.528000
-17.625999
-6.894300
-2.016300
-3.967500
-2.016300
-2.991900
-2.991900
-5.918700
-7.869900
-7.869900
-15.675000
-22.504000
-17.625999
-10.797000
-3.967500
6.764200
17.496000
24.325001
23.350000
20.423000
15.545000
7.739800
-2.991900
-8.845500
-7.869900
-6.894300
-7.869900
-3.967500
-2.016300
2.861800
12.618000
18.472000
21.398001
22.374001
16.520000
11.642000
9.691100
7.739800
5.788600
3.837400
-0.065040
-5.918700
-11.772000
-13.724000
-18.601999
-25.431000
-25.431000
-17.625999
-8.845500
-2.016300
2.861800
8.715400
17.496000
23.350000
23.350000
19.447001
21.398001
23.350000
20.423000
14.569000
12.618000
5.788600
-1.040700
-10.797000
-17.625999
-14.699000
-8.845500
-1.040700
2.861800
4.813000
5.788600
10.667000
10.667000
4.813000
-2.016300
-10.797000
-15.675000
-16.650000
-12.748000
-8.845500
-10.797000
-11.772000
-11.772000
-11.772000
-15.675000
-16.650000
-14.699000
-10.797000
-9.821100
-12.748000
-13.724000
-7.869900
-0.065040
5.788600
6.764200
6.764200
4.813000
1.886200
-0.065040
-2.016300
-3.967500
-5.918700
-4.943100
-2.016300
-2.991900
-0.065040
2.861800
1.886200
-0.065040
-2.991900
-5.918700
0.910570
4.813000
9.691100
12.618000
16.520000
19.447001
20.423000
19.447001
22.374001
28.228001
30.179001
29.202999
30.179001
25.301001
22.374001
17.496000
5.788600
3.837400
11.642000
20.423000
16.520000
16.520000
18.472000
14.569000
16.520000
15.545000
14.569000
12.618000
9.691100
10.667000
12.618000
16.520000
14.569000
9.691100
0.910570
-8.845500
-14.699000
-6.894300
-2.016300
2.861800
5.788600
7.739800
7.739800
6.764200
7.739800
9.691100
2.861800
-4.943100
-16.650000
-26.407000
-28.358000
-26.407000
-25.431000
-21.528000
-16.650000
-12.748000
-5.918700
-4.943100
-5.918700
-6.894300
-14.699000
-19.577000
-18.601999
-20.552999
-25.431000
-28.358000
-30.309000
-26.407000
-18.601999
-3.967500
2.861800
11.642000
16.520000
16.520000
12.618000
6.764200
-0.065040
-2.016300
-3.967500
-2.991900
-3.967500
-2.016300
-1.040700
-0.065040
7.739800
13.593000
11.642000
11.642000
15.545000
17.496000
19.447001
20.423000
19.447001
16.520000
20.423000
24.325001
19.447001
17.496000
19.447001
26.275999
21.398001
14.569000
10.667000
8.715400
5.788600
4.813000
5.788600
3.837400
0.910570
3.837400
6.764200
9.691100
6.764200
3.837400
6.764200
12.618000
11.642000
9.691100
3.837400
-4.943100
-11.772000
-21.528000
-29.333000
-36.162998
-42.992001
-46.894001
-37.138000
-17.625999
-3.967500
1.886200
8.715400
7.739800
4.813000
4.813000
4.813000
-2.991900
-7.869900
-12.748000
-25.431000
-34.210999
-30.309000
-25.431000
-26.407000
-23.480000
-14.699000
-12.748000
-11.772000
-8.845500
-2.991900
0.910570
3.837400
2.861800
4.813000
4.813000
-5.918700
-13.724000
-19.577000
-19.577000
-5.918700
19.447001
32.130001
37.007999
39.935001
36.033001
28.228001
27.252001
24.325001
13.593000
2.861800
-7.869900
-11.772000
-14.699000
-13.724000
-7.869900
-9.821100
-18.601999
-24.455000
-19.577000
-16.650000
-14.699000
-12.748000
-12.748000
-6.894300
-3.967500
-6.894300
-4.943100
0.910570
-4.943100
-14.699000
-17.625999
-24.455000
-30.309000
-30.309000
-27.382000
-25.431000
-29.333000
-22.504000
-22.504000
-28.358000
-29.333000
-31.285000
-32.259998
-38.113998
-37.138000
-35.187000
-34.210999
-30.309000
-30.309000
-30.309000
-18.601999
-11.772000
-11.772000
-5.918700
0.910570
4.813000
5.788600
3.837400
-2.991900
-11.772000
-10.797000
3.837400
11.642000
18.472000
37.984001
49.691002
51.641998
52.618000
46.764000
37.007999
27.252001
19.447001
11.642000
18.472000
26.275999
24.325001
34.081001
44.813000
54.569000
66.276001
71.153999
76.032997
70.179001
59.446999
61.397999
61.397999
48.715000
42.862000
36.033001
27.252001
23.350000
19.447001
15.545000
8.715400
1.886200
-0.065040
-6.894300
-17.625999
-28.358000
-36.162998
-42.015999
-48.846001
-49.820999
-51.771999
-58.602001
-57.625999
-59.577000
-53.723999
-42.015999
-38.113998
-38.113998
-42.992001
-43.966999
-40.064999
-42.015999
-38.113998
-31.285000
-39.089001
-40.064999
-20.552999
-17.625999
-15.675000
-1.040700
-2.991900
-5.918700
-1.040700
-0.065040
-0.065040
-1.040700
2.861800
13.593000
21.398001
23.350000
25.301001
25.301001
18.472000
10.667000
1.886200
1.886200
6.764200
10.667000
25.301001
25.301001
29.202999
46.764000
38.959000
18.472000
14.569000
19.447001
11.642000
4.813000
3.837400
-5.918700
-4.943100
-0.065040
-5.918700
-21.528000
-25.431000
-25.431000
