10.784000
7.843100
10.784000
-4.902000
5.882400
17.646999
16.667000
-4.902000
-21.569000
-9.803900
-6.862700
-23.528999
-32.353001
-26.471001
-10.784000
-17.646999
-22.549000
-17.646999
-15.686000
-2.941200
4.902000
-6.862700
-14.706000
8.823500
18.627001
1.960800
-5.882400
5.882400
-4.902000
4.902000
12.745000
-7.843100
-26.471001
-12.745000
-2.941200
-4.902000
5.882400
7.843100
-8.823500
-4.902000
12.745000
15.686000
8.823500
-30.392000
-3.921600
11.765000
5.882400
18.627001
-3.921600
-1.960800
9.803900
20.587999
7.843100
12.745000
9.803900
19.608000
30.392000
47.058998
48.039001
34.313999
32.353001
27.451000
28.431000
16.667000
9.803900
14.706000
12.745000
0.980390
-10.784000
-13.725000
-18.627001
6.862700
24.510000
7.843100
1.960800
5.882400
10.784000
0.000000
-1.960800
4.902000
0.000000
-6.862700
-9.803900
-0.980390
15.686000
30.392000
14.706000
20.587999
18.627001
11.765000
23.528999
31.372999
31.372999
17.646999
-17.646999
-27.451000
-28.431000
0.980390
9.803900
14.706000
3.921600
5.882400
26.471001
23.528999
8.823500
5.882400
12.745000
1.960800
-6.862700
2.941200
-2.941200
5.882400
11.765000
-9.803900
0.000000
16.667000
24.510000
26.471001
16.667000
-3.921600
10.784000
34.313999
34.313999
26.471001
24.510000
19.608000
25.490000
24.510000
24.510000
35.293999
23.528999
8.823500
20.587999
24.510000
16.667000
15.686000
7.843100
-3.921600
-5.882400
2.941200
-4.902000
-13.725000
-11.765000
-19.608000
-10.784000
-15.686000
-49.020000
-20.587999
-9.803900
-18.627001
-3.921600
-5.882400
-1.960800
-5.882400
-12.745000
-0.980390
5.882400
-5.882400
-14.706000
-42.157001
-59.804001
-49.020000
-45.098000
-53.922001
-58.824001
-58.824001
-70.587997
-54.902000
-49.020000
-39.216000
-19.608000
-35.293999
-32.353001
-21.569000
-28.431000
-35.293999
-36.275002
-25.490000
-31.372999
-32.353001
-40.195999
-23.528999
0.980390
-0.980390
6.862700
10.784000
11.765000
-5.882400
-2.941200
3.921600
9.803900
13.725000
1.960800
-5.882400
-5.882400
-15.686000
-1.960800
7.843100
1.960800
13.725000
22.549000
3.921600
10.784000
23.528999
22.549000
24.510000
18.627001
16.667000
0.000000
7.843100
13.725000
13.725000
11.765000
6.862700
11.765000
19.608000
19.608000
11.765000
5.882400
12.745000
22.549000
21.569000
15.686000
17.646999
12.745000
11.765000
23.528999
26.471001
15.686000
5.882400
-3.921600
-4.902000
-5.882400
-11.765000
-10.784000
-10.784000
-0.980390
4.902000
12.745000
11.765000
13.725000
6.862700
5.882400
-0.980390
-0.980390
-11.765000
-12.745000
0.000000
-8.823500
-19.608000
-22.549000
-21.569000
-16.667000
-17.646999
-4.902000
-1.960800
1.960800
-4.902000
-9.803900
4.902000
-5.882400
-17.646999
-20.587999
-26.471001
-20.587999
-14.706000
0.000000
7.843100
4.902000
-4.902000
-2.941200
-1.960800
-5.882400
0.980390
-4.902000
-2.941200
9.803900
11.765000
18.627001
11.765000
-9.803900
-1.960800
-0.980390
8.823500
24.510000
16.667000
8.823500
10.784000
12.745000
0.000000
2.941200
7.843100
0.980390
-2.941200
-17.646999
-18.627001
-0.980390
-0.980390
2.941200
8.823500
-2.941200
-0.980390
1.960800
0.980390
2.941200
-9.803900
-6.862700
-10.784000
-17.646999
-29.412001
-15.686000
-4.902000
-4.902000
-0.980390
12.745000
28.431000
10.784000
8.823500
17.646999
16.667000
12.745000
12.745000
7.843100
15.686000
11.765000
6.862700
11.765000
-7.843100
-2.941200
12.745000
9.803900
2.941200
2.941200
14.706000
12.745000
4.902000
3.921600
13.725000
10.784000
-9.803900
-0.980390
0.000000
-8.823500
-9.803900
-5.882400
-8.823500
1.960800
6.862700
9.803900
20.587999
26.471001
10.784000
28.431000
27.451000
5.882400
0.000000
0.980390
2.941200
-5.882400
-10.784000
22.549000
26.471001
8.823500
-2.941200
-19.608000
-13.725000
-14.706000
-21.569000
-20.587999
-29.412001
-19.608000
-9.803900
-9.803900
-11.765000
-9.803900
-2.941200
-0.980390
-5.882400
-11.765000
-25.490000
-18.627001
-16.667000
-21.569000
-1.960800
19.608000
30.392000
21.569000
38.235001
50.000000
36.275002
25.490000
10.784000
-5.882400
-12.745000
0.980390
-1.960800
-7.843100
-9.803900
-19.608000
-0.980390
9.803900
3.921600
5.882400
-4.902000
-5.882400
-20.587999
-27.451000
0.000000
0.980390
-11.765000
-14.706000
-20.587999
-26.471001
-22.549000
-10.784000
-5.882400
-10.784000
-8.823500
-2.941200
-5.882400
8.823500
21.569000
14.706000
10.784000
11.765000
0.980390
20.587999
24.510000
13.725000
3.921600
2.941200
13.725000
14.706000
7.843100
0.980390
-6.862700
-13.725000
-9.803900
-4.902000
-21.569000
-30.392000
-23.528999
-19.608000
-29.412001
-11.765000
0.000000
-4.902000
-11.765000
-6.862700
-16.667000
-18.627001
-7.843100
-4.902000
-12.745000
-10.784000
-3.921600
1.960800
8.823500
8.823500
-6.862700
-1.960800
-6.862700
-3.921600
0.000000
8.823500
17.646999
11.765000
-1.960800
-1.960800
0.000000
-0.980390
0.000000
0.000000
-5.882400
-1.960800
-1.960800
-2.941200
5.882400
-0.980390
7.843100
4.902000
-5.882400
5.882400
1.960800
-1.960800
-6.862700
-11.765000
-0.980390
0.000000
-6.862700
0.980390
9.803900
18.627001
19.608000
9.803900
0.980390
-3.921600
-2.941200
-14.706000
-2.941200
15.686000
22.549000
19.608000
17.646999
24.510000
30.392000
28.431000
27.451000
15.686000
2.941200
10.784000
16.667000
2.941200
-3.921600
-6.862700
-2.941200
1.960800
4.902000
13.725000
12.745000
-1.960800
10.784000
10.784000
0.000000
-5.882400
-6.862700
-8.823500
-9.803900
0.000000
2.941200
-12.745000
-10.784000
14.706000
14.706000
6.862700
0.980390
-10.784000
5.882400
4.902000
-9.803900
-2.941200
9.803900
1.960800
-7.843100
-8.823500
-2.941200
3.921600
5.882400
8.823500
8.823500
22.549000
22.549000
2.941200
-6.862700
-12.745000
5.882400
18.627001
4.902000
-4.902000
-7.843100
-3.921600
10.784000
22.549000
-0.980390
20.587999
52.941002
48.039001
33.333000
25.490000
16.667000
38.235001
43.137001
35.293999
15.686000
17.646999
23.528999
17.646999
1.960800
-0.980390
-4.902000
-8.823500
-10.784000
-2.941200
2.941200
-7.843100
-14.706000
5.882400
13.725000
1.960800
-12.745000
-3.921600
-12.745000
-27.451000
-24.510000
-22.549000
-35.293999
-28.431000
-16.667000
-31.372999
-53.922001
-50.000000
-23.528999
-25.490000
-36.275002
-36.275002
-39.216000
-27.451000
-21.569000
-24.510000
-23.528999
1.960800
20.587999
3.921600
-12.745000
-17.646999
-9.803900
-18.627001
-26.471001
-14.706000
-11.765000
-6.862700
-2.941200
-6.862700
-12.745000
-9.803900
-2.941200
-26.471001
-28.431000
2.941200
20.587999
0.980390
-14.706000
-40.195999
-20.587999
2.941200
-0.980390
1.960800
-16.667000
-34.313999
-7.843100
8.823500
-4.902000
-8.823500
-16.667000
-2.941200
-12.745000
9.803900
25.490000
-32.353001
-24.510000
13.725000
4.902000
8.823500
9.803900
-0.980390
-2.941200
-4.902000
5.882400
34.313999
16.667000
5.882400
-12.745000
-25.490000
3.921600
14.706000
8.823500
-2.941200
3.921600
15.686000
9.803900
-13.725000
-13.725000
21.569000
46.077999
27.451000
-5.882400
-2.941200
2.941200
24.510000
28.431000
23.528999
23.528999
17.646999
29.412001
37.255001
3.921600
-15.686000
7.843100
31.372999
19.608000
13.725000
-15.686000
-18.627001
22.549000
5.882400
7.843100
2.941200
-14.706000
-23.528999
-14.706000
21.569000
32.353001
4.902000
12.745000
-0.980390
8.823500
29.412001
-1.960800
-14.706000
-2.941200
7.843100
0.980390
0.980390
-5.882400
4.902000
3.921600
9.803900
6.862700
15.686000
10.784000
-12.745000
-2.941200
3.921600
1.960800
0.980390
-0.980390
-16.667000
-12.745000
-11.765000
-6.862700
-13.725000
-10.784000
0.000000
2.941200
-14.706000
-9.803900
2.941200
9.803900
10.784000
0.000000
-17.646999
-13.725000
-13.725000
-6.862700
8.823500
13.725000
21.569000
23.528999
2.941200
-6.862700
7.843100
-0.980390
-12.745000
4.902000
7.843100
4.902000
4.902000
0.980390
-5.882400
3.921600
-2.941200
-15.686000
6.862700
11.765000
-18.627001
7.843100
3.921600
-1.960800
6.862700
-0.980390
-8.823500
-4.902000
-15.686000
-27.451000
-19.608000
0.980390
0.000000
-7.843100
-5.882400
1.960800
-7.843100
-12.745000
-23.528999
-25.490000
-6.862700
-8.823500
-31.372999
-23.528999
-29.412001
-15.686000
-10.784000
0.980390
3.921600
-3.921600
0.000000
14.706000
19.608000
14.706000
29.412001
71.569000
60.784000
35.293999
32.353001
26.471001
19.608000
52.941002
70.587997
41.175999
28.431000
17.646999
14.706000
13.725000
22.549000
7.843100
5.882400
27.451000
22.549000
26.471001
34.313999
18.627001
21.569000
13.725000
34.313999
49.020000
43.137001
36.275002
26.471001
25.490000
30.392000
15.686000
10.784000
30.392000
34.313999
28.431000
30.392000
17.646999
-2.941200
0.980390
29.412001
19.608000
-22.549000
-23.528999
-14.706000
-30.392000
-46.077999
-31.372999
-34.313999
-44.118000
-38.235001
-45.098000
-59.804001
-65.685997
-65.685997
-57.842999
-56.862999
-51.960999
-38.235001
-39.216000
-40.195999
-20.587999
-9.803900
-23.528999
-22.549000
-11.765000
-8.823500
2.941200
1.960800
-6.862700
-0.980390
-7.843100
-7.843100
-6.862700
-19.608000
-11.765000
-15.686000
-16.667000
-14.706000
-34.313999
-31.372999
-12.745000
-17.646999
-15.686000
-25.490000
-8.823500
-3.921600
-1.960800
0.980390
1.960800
-10.784000
10.784000
31.372999
29.412001
25.490000
34.313999
43.137001
44.118000
28.431000
29.412001
37.255001
38.235001
32.353001
35.293999
10.784000
11.765000
18.627001
21.569000
4.902000
-9.803900
-15.686000
-20.587999
-8.823500
-32.353001
-26.471001
-3.921600
-14.706000
-24.510000
-28.431000
-24.510000
-34.313999
-36.275002
-12.745000
-7.843100
-12.745000
-16.667000
-24.510000
-27.451000
-24.510000
-27.451000
-20.587999
-2.941200
12.745000
11.765000
9.803900
7.843100
8.823500
-17.646999
-23.528999
-29.412001
-23.528999
-19.608000
-25.490000
-12.745000
-4.902000
5.882400
6.862700
22.549000
19.608000
15.686000
31.372999
33.333000
31.372999
21.569000
23.528999
23.528999
23.528999
37.255001
33.333000
44.118000
40.195999
28.431000
28.431000
14.706000
8.823500
-4.902000
-8.823500
5.882400
3.921600
2.941200
10.784000
10.784000
16.667000
12.745000
1.960800
-8.823500
1.960800
-2.941200
-12.745000
-16.667000
-23.528999
-21.569000
-13.725000
-11.765000
-14.706000
-12.745000
5.882400
0.000000
-4.902000
13.725000
10.784000
8.823500
7.843100
-5.882400
-5.882400
0.980390
-5.882400
-1.960800
9.803900
7.843100
10.784000
7.843100
7.843100
0.000000
-10.784000
-5.882400
2.941200
4.902000
8.823500
-15.686000
-5.882400
6.862700
-2.941200
-7.843100
-8.823500
-4.902000
-11.765000
0.980390
12.745000
6.862700
1.960800
0.000000
0.980390
-11.765000
-31.372999
-39.216000
