-22.921000
-23.872999
-19.111000
-11.492000
-3.873000
-0.063490
-1.015900
-3.873000
-5.777800
-9.587300
-15.302000
-16.254000
-17.205999
-21.016001
-18.159000
-16.254000
-11.492000
-3.873000
5.650800
11.365000
17.079000
21.841000
23.746000
26.603001
27.556000
20.889000
15.175000
11.365000
6.603200
7.555600
12.317000
11.365000
10.413000
5.650800
-3.873000
-4.825400
-3.873000
-4.825400
-8.634900
-7.682500
-2.920600
-0.063490
6.603200
12.317000
11.365000
8.507900
4.698400
0.888890
-0.063490
0.888890
-1.015900
-4.825400
-10.540000
-13.397000
-10.540000
-6.730200
-4.825400
-2.920600
-2.920600
-3.873000
1.841300
6.603200
4.698400
3.746000
1.841300
1.841300
-1.015900
-1.015900
-0.063490
-1.968300
-3.873000
-5.777800
-6.730200
-5.777800
-9.587300
-8.634900
-7.682500
-6.730200
-7.682500
-3.873000
4.698400
11.365000
18.032000
21.841000
23.746000
23.746000
25.650999
25.650999
22.794001
18.032000
9.460300
3.746000
-0.063490
-3.873000
-3.873000
0.888890
7.555600
14.222000
19.937000
21.841000
22.794001
22.794001
18.032000
11.365000
10.413000
5.650800
-1.015900
-3.873000
-7.682500
-9.587300
-9.587300
-9.587300
-11.492000
-11.492000
-9.587300
-6.730200
-2.920600
5.650800
13.270000
15.175000
13.270000
8.507900
3.746000
-1.015900
-1.968300
-2.920600
-2.920600
-2.920600
-3.873000
-4.825400
-8.634900
-10.540000
-10.540000
-5.777800
-1.015900
-0.063490
1.841300
4.698400
4.698400
6.603200
10.413000
13.270000
13.270000
11.365000
4.698400
-1.015900
-9.587300
-15.302000
-14.349000
-14.349000
-7.682500
4.698400
11.365000
14.222000
17.079000
16.127001
10.413000
-0.063490
-16.254000
-27.683001
-30.540001
-31.492001
-31.492001
-29.587000
-28.635000
-27.683001
-27.683001
-30.540001
-30.540001
-26.730000
-15.302000
-5.777800
-0.063490
6.603200
9.460300
9.460300
7.555600
4.698400
5.650800
3.746000
-1.015900
-3.873000
-3.873000
-3.873000
-0.063490
6.603200
9.460300
9.460300
8.507900
7.555600
10.413000
13.270000
11.365000
8.507900
9.460300
10.413000
11.365000
16.127001
18.032000
18.983999
19.937000
19.937000
17.079000
12.317000
9.460300
5.650800
2.793700
1.841300
-1.015900
-8.634900
-8.634900
-2.920600
1.841300
5.650800
7.555600
8.507900
8.507900
2.793700
-1.968300
-4.825400
-5.777800
-7.682500
-6.730200
-2.920600
1.841300
4.698400
6.603200
6.603200
5.650800
1.841300
-4.825400
-7.682500
-5.777800
-2.920600
1.841300
1.841300
1.841300
6.603200
10.413000
11.365000
7.555600
3.746000
0.888890
-3.873000
-6.730200
-9.587300
-18.159000
-21.968000
-20.063000
-15.302000
-10.540000
-13.397000
-15.302000
-15.302000
-16.254000
-18.159000
-17.205999
-15.302000
-16.254000
-18.159000
-21.968000
-22.921000
-22.921000
-18.159000
-13.397000
-8.634900
-3.873000
-0.063490
6.603200
11.365000
12.317000
14.222000
15.175000
13.270000
11.365000
7.555600
-0.063490
-5.777800
-9.587300
-12.444000
-14.349000
-12.444000
-9.587300
-4.825400
-4.825400
-7.682500
-6.730200
-10.540000
-15.302000
-18.159000
-20.063000
-14.349000
-4.825400
7.555600
13.270000
19.937000
29.459999
36.126999
33.270000
26.603001
20.889000
10.413000
1.841300
-2.920600
-3.873000
-1.968300
-2.920600
-6.730200
-4.825400
-3.873000
-1.968300
3.746000
12.317000
18.983999
21.841000
24.698000
24.698000
21.841000
15.175000
6.603200
-2.920600
-7.682500
-5.777800
-3.873000
-3.873000
-3.873000
-2.920600
-0.063490
1.841300
2.793700
4.698400
4.698400
6.603200
10.413000
12.317000
14.222000
11.365000
5.650800
0.888890
-1.968300
-3.873000
-2.920600
-2.920600
-6.730200
-11.492000
-12.444000
-5.777800
0.888890
4.698400
10.413000
17.079000
18.032000
16.127001
12.317000
1.841300
-1.015900
-2.920600
-7.682500
-8.634900
-12.444000
-17.205999
-19.111000
-19.111000
-19.111000
-17.205999
-11.492000
-5.777800
2.793700
12.317000
13.270000
12.317000
9.460300
3.746000
-1.015900
-4.825400
-9.587300
-12.444000
-13.397000
-17.205999
-18.159000
-13.397000
-7.682500
-2.920600
8.507900
18.032000
20.889000
22.794001
19.937000
14.222000
7.555600
1.841300
1.841300
1.841300
1.841300
2.793700
7.555600
12.317000
10.413000
6.603200
1.841300
-3.873000
-4.825400
-6.730200
-7.682500
-8.634900
-7.682500
-3.873000
3.746000
13.270000
18.983999
22.794001
27.556000
28.507999
26.603001
28.507999
26.603001
17.079000
7.555600
-0.063490
-7.682500
-12.444000
-15.302000
-20.063000
-18.159000
-10.540000
-6.730200
0.888890
5.650800
7.555600
12.317000
12.317000
9.460300
7.555600
6.603200
4.698400
-0.063490
-7.682500
-11.492000
-13.397000
-20.063000
-25.778000
-31.492001
-36.254002
-34.348999
-30.540001
-22.921000
-17.205999
-13.397000
-3.873000
4.698400
12.317000
18.032000
16.127001
11.365000
4.698400
-1.968300
-7.682500
-5.777800
-1.968300
1.841300
9.460300
12.317000
10.413000
9.460300
8.507900
4.698400
2.793700
1.841300
0.888890
-1.015900
-0.063490
2.793700
3.746000
5.650800
11.365000
13.270000
18.983999
18.983999
12.317000
7.555600
2.793700
-1.968300
-3.873000
-1.968300
4.698400
9.460300
11.365000
10.413000
12.317000
11.365000
6.603200
3.746000
5.650800
1.841300
0.888890
2.793700
-1.968300
-7.682500
-10.540000
-10.540000
-11.492000
-9.587300
-10.540000
-11.492000
-12.444000
-8.634900
-4.825400
1.841300
5.650800
1.841300
0.888890
-0.063490
-1.015900
1.841300
9.460300
9.460300
5.650800
4.698400
-1.015900
-6.730200
-14.349000
-20.063000
-21.016001
-21.016001
-21.968000
-21.968000
-21.968000
-21.968000
-20.063000
-15.302000
-9.587300
-4.825400
-1.968300
1.841300
-0.063490
-2.920600
-5.777800
-3.873000
2.793700
7.555600
9.460300
12.317000
15.175000
18.983999
22.794001
23.746000
22.794001
19.937000
15.175000
10.413000
5.650800
3.746000
2.793700
3.746000
5.650800
3.746000
5.650800
4.698400
0.888890
-1.968300
-2.920600
-6.730200
-6.730200
-1.968300
-1.015900
2.793700
5.650800
6.603200
9.460300
12.317000
10.413000
5.650800
4.698400
0.888890
-4.825400
-10.540000
-12.444000
-9.587300
-9.587300
-10.540000
-8.634900
-1.015900
6.603200
8.507900
16.127001
18.032000
13.270000
8.507900
3.746000
-0.063490
-1.015900
2.793700
6.603200
9.460300
14.222000
13.270000
8.507900
4.698400
-3.873000
-8.634900
-14.349000
-19.111000
-20.063000
-13.397000
-3.873000
1.841300
10.413000
18.032000
21.841000
21.841000
18.032000
7.555600
-5.777800
-19.111000
-30.540001
-36.254002
-36.254002
-29.587000
-18.159000
-6.730200
-0.063490
4.698400
13.270000
17.079000
18.032000
13.270000
6.603200
0.888890
-3.873000
-6.730200
-7.682500
-7.682500
-8.634900
-11.492000
-10.540000
-12.444000
-18.159000
-21.016001
-20.063000
-17.205999
-13.397000
-7.682500
-3.873000
3.746000
16.127001
22.794001
24.698000
23.746000
19.937000
13.270000
8.507900
0.888890
-5.777800
-13.397000
-19.111000
-20.063000
-19.111000
-14.349000
-10.540000
-9.587300
-3.873000
4.698400
9.460300
10.413000
6.603200
5.650800
3.746000
0.888890
0.888890
3.746000
7.555600
12.317000
12.317000
10.413000
7.555600
2.793700
-4.825400
-6.730200
-9.587300
-16.254000
-16.254000
-9.587300
-1.968300
3.746000
10.413000
18.032000
25.650999
31.365000
33.270000
35.174999
32.317001
21.841000
14.222000
10.413000
5.650800
3.746000
-1.015900
-4.825400
-7.682500
-10.540000
-8.634900
-7.682500
-4.825400
-0.063490
1.841300
3.746000
6.603200
6.603200
8.507900
11.365000
12.317000
10.413000
8.507900
2.793700
3.746000
8.507900
6.603200
5.650800
-0.063490
-10.540000
-10.540000
-6.730200
-4.825400
4.698400
11.365000
15.175000
9.460300
5.650800
4.698400
0.888890
-3.873000
-7.682500
-8.634900
-8.634900
-13.397000
-17.205999
-19.111000
-14.349000
-4.825400
-1.015900
-3.873000
-4.825400
-2.920600
1.841300
1.841300
-3.873000
-4.825400
-2.920600
-1.968300
-4.825400
-5.777800
-4.825400
-5.777800
-2.920600
-1.968300
-1.968300
-2.920600
-7.682500
-8.634900
-8.634900
-12.444000
-10.540000
-8.634900
-8.634900
-6.730200
-4.825400
-1.015900
3.746000
9.460300
11.365000
9.460300
5.650800
2.793700
-0.063490
-5.777800
-11.492000
-22.921000
-26.730000
-26.730000
-26.730000
-24.825001
-17.205999
-10.540000
0.888890
7.555600
11.365000
18.032000
20.889000
18.032000
17.079000
20.889000
18.983999
14.222000
12.317000
14.222000
17.079000
17.079000
18.032000
18.983999
18.032000
15.175000
11.365000
5.650800
-1.015900
2.793700
7.555600
9.460300
12.317000
13.270000
14.222000
12.317000
11.365000
9.460300
4.698400
-2.920600
-13.397000
-23.872999
-31.492001
-41.967999
-45.778000
-41.967999
-35.301998
-25.778000
-10.540000
3.746000
11.365000
13.270000
15.175000
13.270000
12.317000
6.603200
-1.968300
-11.492000
-19.111000
-21.016001
-20.063000
-16.254000
-10.540000
-0.063490
4.698400
9.460300
17.079000
19.937000
17.079000
7.555600
-1.968300
-4.825400
-4.825400
-7.682500
-10.540000
-9.587300
-8.634900
-4.825400
-3.873000
-3.873000
-5.777800
-3.873000
-5.777800
-8.634900
-8.634900
-5.777800
0.888890
6.603200
13.270000
16.127001
16.127001
13.270000
4.698400
-8.634900
-15.302000
-18.159000
-17.205999
-11.492000
-6.730200
-1.015900
-1.015900
4.698400
5.650800
5.650800
6.603200
2.793700
2.793700
1.841300
5.650800
11.365000
16.127001
15.175000
15.175000
18.983999
17.079000
10.413000
7.555600
0.888890
-5.777800
-10.540000
-14.349000
-13.397000
-10.540000
2.793700
17.079000
23.746000
26.603001
27.556000
25.650999
26.603001
30.413000
31.365000
30.413000
22.794001
17.079000
10.413000
7.555600
8.507900
6.603200
3.746000
9.460300
9.460300
-1.015900
-8.634900
-14.349000
-23.872999
-27.683001
-26.730000
-21.968000
-16.254000
-5.777800
6.603200
11.365000
6.603200
1.841300
-2.920600
-9.587300
-6.730200
-4.825400
-17.205999
-21.968000
-14.349000
-10.540000
-4.825400
-3.873000
-8.634900
-1.968300
-4.825400
-16.254000
-12.444000
-16.254000
-25.778000
-23.872999
-32.444000
-32.444000
-19.111000
-15.302000
-13.397000
-6.730200
-5.777800
-16.254000
-14.349000
-10.540000
-11.492000
-3.873000
-10.540000
-18.159000
-20.063000
-11.492000
1.841300
9.460300
16.127001
16.127001
22.794001
11.365000
-1.968300
-7.682500
-4.825400
0.888890
3.746000
13.270000
9.460300
8.507900
16.127001
21.841000
28.507999
23.746000
8.507900
4.698400
16.127001
13.270000
10.413000
16.127001
17.079000
18.032000
27.556000
21.841000
25.650999
30.413000
26.603001
26.603001
18.032000
16.127001
9.460300
-3.873000
-1.015900
-5.777800
-26.730000
-33.396999
-39.111000
-27.683001
-14.349000
-19.111000
-10.540000
-7.682500
-2.920600
-20.063000
-19.111000
-5.777800
-11.492000
-8.634900
-0.063490
1.841300
2.793700
-5.777800
-1.968300
-10.540000
-1.015900
16.127001
