-26.603001
-18.983999
-16.127001
-15.175000
-13.270000
-14.222000
-11.365000
-11.365000
-5.650800
-0.888890
-1.841300
-8.507900
-10.413000
-6.603200
-6.603200
-4.698400
-5.650800
-1.841300
1.968300
1.015900
4.825400
1.968300
1.968300
4.825400
5.777800
3.873000
3.873000
5.777800
1.968300
0.063490
1.968300
8.634900
1.015900
5.777800
17.205999
18.159000
18.159000
21.968000
21.968000
24.825001
21.968000
18.159000
19.111000
12.444000
2.920600
2.920600
7.682500
10.540000
15.302000
14.349000
9.587300
7.682500
14.349000
15.302000
18.159000
21.016001
17.205999
15.302000
11.492000
1.015900
-4.698400
-6.603200
-7.555600
-8.507900
-7.555600
1.968300
5.777800
6.730200
12.444000
14.349000
15.302000
15.302000
16.254000
15.302000
10.540000
10.540000
16.254000
21.016001
19.111000
18.159000
21.016001
15.302000
10.540000
9.587300
6.730200
4.825400
8.634900
10.540000
2.920600
1.968300
-2.793700
-11.365000
-17.079000
-23.746000
-40.889000
-42.793999
-30.413000
-27.556000
-22.794001
-18.032000
-18.032000
-15.175000
-10.413000
-9.460300
-9.460300
-15.175000
-20.889000
-25.650999
-32.317001
-33.270000
-31.365000
-31.365000
-30.413000
-24.698000
-29.459999
-33.270000
-18.983999
-3.746000
2.920600
12.444000
14.349000
11.492000
9.587300
9.587300
7.682500
4.825400
1.968300
4.825400
5.777800
2.920600
5.777800
14.349000
17.205999
20.063000
21.016001
21.016001
19.111000
18.159000
17.205999
19.111000
15.302000
14.349000
15.302000
8.634900
7.682500
4.825400
3.873000
8.634900
14.349000
18.159000
19.111000
24.825001
25.778000
21.968000
28.635000
29.587000
32.444000
23.872999
15.302000
7.682500
5.777800
4.825400
1.015900
2.920600
1.015900
1.015900
6.730200
11.492000
18.159000
21.016001
23.872999
30.540001
21.968000
7.682500
1.968300
-3.746000
-9.460300
-17.079000
-18.032000
-18.983999
-23.746000
-23.746000
-27.556000
-31.365000
-31.365000
-38.032001
-42.793999
-43.745998
-46.603001
-38.984001
-29.459999
-18.983999
-11.365000
-9.460300
-18.983999
-18.032000
-9.460300
-8.507900
-6.603200
-7.555600
-0.888890
-6.603200
-5.650800
1.015900
-0.888890
-1.841300
-8.507900
-6.603200
-4.698400
-12.317000
-19.937000
-19.937000
-18.032000
-12.317000
-1.841300
2.920600
1.015900
1.968300
6.730200
5.777800
1.968300
3.873000
-0.888890
-2.793700
-0.888890
-4.698400
-2.793700
-0.888890
-7.555600
-7.555600
-7.555600
-9.460300
-8.507900
-3.746000
8.634900
11.492000
11.492000
17.205999
20.063000
20.063000
24.825001
25.778000
25.778000
25.778000
22.921000
20.063000
14.349000
4.825400
3.873000
1.968300
-1.841300
-1.841300
-1.841300
3.873000
13.397000
17.205999
21.968000
27.683001
31.492001
35.301998
33.396999
25.778000
21.016001
9.587300
-1.841300
-8.507900
-17.079000
-23.746000
-18.983999
-5.650800
11.492000
15.302000
15.302000
21.968000
24.825001
22.921000
16.254000
10.540000
0.063490
-8.507900
-6.603200
-6.603200
-2.793700
-4.698400
-12.317000
-14.222000
-20.889000
-19.937000
-14.222000
-8.507900
-8.507900
-6.603200
-0.888890
-3.746000
-15.175000
-13.270000
-8.507900
1.015900
14.349000
10.540000
4.825400
-0.888890
-3.746000
-5.650800
-4.698400
-2.793700
-2.793700
-7.555600
-6.603200
-6.603200
-9.460300
-10.413000
-13.270000
-6.603200
-0.888890
1.015900
8.634900
12.444000
4.825400
-0.888890
-8.507900
-13.270000
-18.032000
-18.983999
-17.079000
-17.079000
-16.127001
-18.983999
-20.889000
-21.841000
-18.032000
-12.317000
-6.603200
-1.841300
3.873000
3.873000
-1.841300
-0.888890
4.825400
3.873000
5.777800
5.777800
2.920600
-3.746000
-10.413000
-15.175000
-4.698400
9.587300
16.254000
21.016001
24.825001
16.254000
9.587300
13.397000
10.540000
8.634900
8.634900
7.682500
12.444000
9.587300
-0.888890
-5.650800
-12.317000
-16.127001
-11.365000
-7.555600
-5.650800
-2.793700
4.825400
1.015900
-0.888890
1.015900
1.015900
1.968300
-0.888890
8.634900
11.492000
5.777800
0.063490
-4.698400
-9.460300
-12.317000
-8.507900
-5.650800
-8.507900
-4.698400
-2.793700
-7.555600
-3.746000
5.777800
12.444000
21.016001
21.016001
10.540000
3.873000
7.682500
13.397000
18.159000
20.063000
21.016001
20.063000
12.444000
9.587300
9.587300
3.873000
-2.793700
-18.983999
-23.746000
-19.937000
-17.079000
-10.413000
-7.555600
-1.841300
2.920600
0.063490
0.063490
4.825400
-2.793700
-8.507900
-13.270000
-17.079000
-26.603001
-27.556000
-23.746000
-18.032000
-8.507900
2.920600
7.682500
10.540000
21.016001
28.635000
17.205999
11.492000
7.682500
6.730200
7.682500
0.063490
-0.888890
3.873000
10.540000
7.682500
1.968300
-3.746000
-3.746000
-5.650800
-2.793700
-7.555600
-13.270000
-12.317000
-15.175000
-15.175000
-10.413000
-4.698400
0.063490
2.920600
8.634900
11.492000
13.397000
17.205999
15.302000
13.397000
17.205999
20.063000
13.397000
4.825400
-6.603200
-9.460300
-17.079000
-18.983999
-13.270000
-5.650800
-0.888890
0.063490
-7.555600
-11.365000
-14.222000
-19.937000
-19.937000
-13.270000
-11.365000
-10.413000
-7.555600
-7.555600
-8.507900
-3.746000
4.825400
12.444000
17.205999
24.825001
31.492001
23.872999
10.540000
5.777800
1.968300
-2.793700
-5.650800
-7.555600
-10.413000
-8.507900
3.873000
16.254000
26.730000
31.492001
32.444000
25.778000
15.302000
6.730200
2.920600
-5.650800
-8.507900
-8.507900
-11.365000
-19.937000
-23.746000
-15.175000
-16.127001
-19.937000
-14.222000
-6.603200
-4.698400
-3.746000
-5.650800
-1.841300
4.825400
3.873000
-1.841300
-3.746000
-4.698400
-6.603200
-11.365000
-8.507900
-10.413000
-18.032000
-17.079000
-10.413000
-4.698400
-0.888890
6.730200
13.397000
8.634900
1.015900
2.920600
5.777800
7.682500
8.634900
7.682500
15.302000
9.587300
0.063490
-2.793700
-10.413000
-12.317000
-7.555600
-2.793700
3.873000
-0.888890
-0.888890
1.015900
1.015900
2.920600
4.825400
8.634900
10.540000
10.540000
13.397000
16.254000
21.016001
16.254000
6.730200
3.873000
0.063490
0.063490
-4.698400
-6.603200
0.063490
8.634900
10.540000
8.634900
2.920600
-1.841300
-5.650800
-4.698400
-7.555600
-16.127001
-16.127001
-7.555600
-9.460300
-17.079000
-19.937000
-19.937000
-21.841000
-15.175000
-17.079000
-17.079000
-10.413000
1.015900
2.920600
2.920600
2.920600
6.730200
6.730200
1.015900
-0.888890
1.015900
1.968300
-2.793700
-10.413000
-12.317000
-7.555600
-0.888890
7.682500
17.205999
18.159000
18.159000
19.111000
7.682500
0.063490
0.063490
-2.793700
0.063490
-1.841300
-0.888890
5.777800
10.540000
14.349000
14.349000
13.397000
10.540000
6.730200
1.015900
-0.888890
2.920600
5.777800
7.682500
2.920600
-4.698400
-8.507900
-10.413000
-8.507900
-11.365000
-12.317000
-15.175000
-14.222000
-10.413000
-12.317000
-5.650800
1.968300
12.444000
20.063000
21.016001
16.254000
12.444000
14.349000
13.397000
10.540000
7.682500
1.015900
-0.888890
-8.507900
-14.222000
-8.507900
-1.841300
3.873000
6.730200
-1.841300
-0.888890
4.825400
1.968300
-3.746000
-8.507900
-15.175000
-16.127001
-17.079000
-17.079000
-9.460300
-1.841300
-6.603200
-12.317000
-16.127001
-16.127001
-18.032000
-16.127001
-14.222000
-17.079000
-15.175000
-9.460300
-0.888890
10.540000
12.444000
13.397000
12.444000
11.492000
4.825400
-7.555600
-13.270000
-10.413000
-8.507900
-3.746000
-2.793700
3.873000
0.063490
-6.603200
-5.650800
-6.603200
-11.365000
-12.317000
-2.793700
-2.793700
0.063490
10.540000
12.444000
12.444000
16.254000
19.111000
16.254000
20.063000
27.683001
27.683001
28.635000
23.872999
18.159000
12.444000
3.873000
7.682500
5.777800
12.444000
10.540000
8.634900
15.302000
13.397000
15.302000
14.349000
11.492000
11.492000
14.349000
18.159000
14.349000
19.111000
28.635000
16.254000
1.015900
-4.698400
-5.650800
-7.555600
-4.698400
1.015900
-0.888890
-0.888890
3.873000
0.063490
2.920600
9.587300
13.397000
4.825400
-4.698400
-13.270000
-19.937000
-19.937000
-23.746000
-26.603001
-19.937000
-14.222000
-5.650800
-7.555600
-8.507900
-2.793700
-4.698400
-10.413000
-12.317000
-14.222000
-23.746000
-27.556000
-24.698000
-18.983999
-12.317000
0.063490
1.015900
0.063490
7.682500
8.634900
6.730200
6.730200
5.777800
7.682500
1.968300
5.777800
7.682500
8.634900
8.634900
5.777800
9.587300
13.397000
11.492000
9.587300
13.397000
14.349000
12.444000
15.302000
14.349000
16.254000
21.968000
27.683001
28.635000
11.492000
2.920600
7.682500
3.873000
2.920600
1.968300
6.730200
8.634900
10.540000
10.540000
2.920600
-1.841300
0.063490
-3.746000
2.920600
-6.603200
-11.365000
-4.698400
-0.888890
1.015900
1.968300
-2.793700
-8.507900
-13.270000
-21.841000
-22.794001
-21.841000
-23.746000
-23.746000
-18.032000
-9.460300
-3.746000
1.015900
5.777800
3.873000
2.920600
9.587300
3.873000
-4.698400
0.063490
-4.698400
-18.032000
-27.556000
-26.603001
-21.841000
-22.794001
-18.983999
-7.555600
0.063490
-0.888890
-2.793700
0.063490
-0.888890
-1.841300
1.015900
-1.841300
-7.555600
-16.127001
-21.841000
-28.507999
-18.032000
6.730200
26.730000
34.348999
38.159000
38.159000
31.492001
27.683001
23.872999
18.159000
14.349000
7.682500
-3.746000
-4.698400
-1.841300
1.015900
4.825400
1.968300
-1.841300
-8.507900
-7.555600
-3.746000
1.968300
-0.888890
-3.746000
-1.841300
-1.841300
-3.746000
3.873000
3.873000
-4.698400
-10.413000
-12.317000
-15.175000
-23.746000
-17.079000
-17.079000
-19.937000
-18.032000
-8.507900
-11.365000
-19.937000
-20.889000
-18.983999
-21.841000
-25.650999
-26.603001
-27.556000
-24.698000
-18.032000
-18.983999
-18.032000
-9.460300
-5.650800
-3.746000
4.825400
5.777800
-3.746000
-2.793700
-5.650800
-14.222000
-21.841000
-18.983999
-2.793700
-0.888890
6.730200
25.778000
32.444000
35.301998
39.111000
38.159000
31.492001
22.921000
18.159000
8.634900
9.587300
16.254000
12.444000
18.159000
27.683001
35.301998
46.730000
50.540001
48.634998
46.730000
36.254002
34.348999
34.348999
21.016001
16.254000
18.159000
10.540000
1.968300
-2.793700
-4.698400
-4.698400
-5.650800
-6.603200
-8.507900
-13.270000
-22.794001
-18.983999
-21.841000
-31.365000
-31.365000
-26.603001
-38.984001
-40.889000
-29.459999
-32.317001
-26.603001
-23.746000
-27.556000
-25.650999
-24.698000
-19.937000
-21.841000
-18.032000
-12.317000
-29.459999
-30.413000
-2.793700
2.920600
-0.888890
8.634900
12.444000
16.254000
11.492000
-11.365000
-6.603200
3.873000
2.920600
24.825001
26.730000
10.540000
16.254000
23.872999
7.682500
-0.888890
-12.317000
-15.175000
-11.365000
-6.603200
14.349000
23.872999
22.921000
27.683001
32.444000
17.205999
4.825400
12.444000
2.920600
1.968300
-11.365000
-19.937000
-11.365000
-7.555600
-5.650800
-20.889000
-21.841000
-16.127001
