9.615400
9.615400
4.807700
0.961540
-8.653800
-16.346001
-18.268999
-18.268999
-18.268999
-18.268999
-20.191999
-19.231001
-13.462000
-9.615400
-4.807700
1.923100
5.769200
9.615400
9.615400
9.615400
12.500000
10.577000
3.846200
-3.846200
-12.500000
-19.231001
-25.000000
-25.000000
-18.268999
-15.385000
-13.462000
-12.500000
-10.577000
-9.615400
-6.730800
-0.961540
5.769200
7.692300
7.692300
7.692300
3.846200
4.807700
5.769200
0.961540
-2.884600
-6.730800
-11.538000
-13.462000
-13.462000
-6.730800
2.884600
11.538000
16.346001
18.268999
14.423000
11.538000
9.615400
7.692300
3.846200
0.961540
-1.923100
-4.807700
-3.846200
-6.730800
-11.538000
-10.577000
-10.577000
-6.730800
-1.923100
-1.923100
-3.846200
-4.807700
-3.846200
-0.961540
1.923100
3.846200
8.653800
13.462000
16.346001
14.423000
8.653800
6.730800
5.769200
8.653800
9.615400
5.769200
-2.884600
-12.500000
-18.268999
-20.191999
-19.231001
-17.308001
-14.423000
-11.538000
-5.769200
-0.961540
0.000000
5.769200
12.500000
15.385000
15.385000
20.191999
25.000000
28.846001
30.768999
27.885000
20.191999
14.423000
10.577000
9.615400
4.807700
-2.884600
-3.846200
-2.884600
-5.769200
-7.692300
-1.923100
3.846200
3.846200
3.846200
8.653800
9.615400
4.807700
0.961540
0.961540
8.653800
13.462000
12.500000
10.577000
9.615400
10.577000
10.577000
7.692300
0.961540
-6.730800
-11.538000
-13.462000
-13.462000
-11.538000
-10.577000
-9.615400
-9.615400
-7.692300
-7.692300
-6.730800
-3.846200
-0.961540
-1.923100
-3.846200
-9.615400
-14.423000
-22.115000
-27.885000
-32.692001
-34.615002
-29.808001
-24.038000
-16.346001
-5.769200
4.807700
15.385000
20.191999
24.038000
25.962000
25.962000
25.000000
24.038000
16.346001
3.846200
0.000000
-4.807700
-13.462000
-16.346001
-17.308001
-18.268999
-17.308001
-10.577000
-0.961540
4.807700
8.653800
12.500000
14.423000
13.462000
16.346001
13.462000
4.807700
-11.538000
-21.153999
-25.000000
-27.885000
-24.038000
-18.268999
-12.500000
-4.807700
3.846200
8.653800
10.577000
11.538000
12.500000
13.462000
15.385000
14.423000
9.615400
3.846200
-2.884600
-7.692300
-10.577000
-12.500000
-6.730800
0.000000
3.846200
8.653800
14.423000
18.268999
17.308001
15.385000
14.423000
11.538000
10.577000
8.653800
-0.961540
-8.653800
-9.615400
-5.769200
0.000000
6.730800
8.653800
9.615400
10.577000
10.577000
7.692300
3.846200
1.923100
2.884600
2.884600
1.923100
1.923100
1.923100
-2.884600
-3.846200
-0.961540
0.000000
1.923100
0.000000
0.961540
1.923100
-0.961540
-3.846200
-12.500000
-18.268999
-18.268999
-16.346001
-14.423000
-14.423000
-7.692300
0.961540
6.730800
3.846200
2.884600
2.884600
0.961540
0.000000
-3.846200
-10.577000
-12.500000
-10.577000
-3.846200
1.923100
6.730800
9.615400
11.538000
14.423000
14.423000
15.385000
16.346001
15.385000
8.653800
3.846200
1.923100
3.846200
0.000000
-8.653800
-12.500000
-10.577000
-8.653800
-8.653800
-8.653800
-8.653800
-6.730800
-3.846200
-4.807700
-2.884600
-3.846200
-8.653800
-10.577000
-8.653800
-8.653800
-10.577000
-11.538000
-9.615400
-3.846200
0.961540
2.884600
5.769200
8.653800
12.500000
14.423000
15.385000
17.308001
18.268999
19.231001
23.077000
25.000000
22.115000
20.191999
21.153999
18.268999
13.462000
12.500000
3.846200
0.000000
-5.769200
-10.577000
-14.423000
-22.115000
-23.077000
-22.115000
-17.308001
-7.692300
0.000000
2.884600
6.730800
6.730800
8.653800
4.807700
1.923100
0.961540
-4.807700
-6.730800
-7.692300
-13.462000
-19.231001
-23.077000
-25.962000
-26.923000
-25.962000
-25.962000
-20.191999
-14.423000
-8.653800
-0.961540
4.807700
7.692300
9.615400
6.730800
3.846200
3.846200
4.807700
8.653800
7.692300
6.730800
4.807700
2.884600
3.846200
6.730800
7.692300
8.653800
6.730800
6.730800
5.769200
3.846200
4.807700
3.846200
3.846200
7.692300
8.653800
8.653800
11.538000
15.385000
14.423000
10.577000
5.769200
4.807700
-0.961540
-6.730800
-7.692300
-4.807700
0.000000
3.846200
6.730800
7.692300
4.807700
5.769200
6.730800
6.730800
9.615400
12.500000
11.538000
9.615400
9.615400
6.730800
7.692300
5.769200
2.884600
0.961540
0.000000
1.923100
3.846200
8.653800
12.500000
11.538000
7.692300
2.884600
-4.807700
-15.385000
-20.191999
-19.231001
-17.308001
-14.423000
-13.462000
-11.538000
-8.653800
-5.769200
-4.807700
-6.730800
-5.769200
-0.961540
-2.884600
-5.769200
-12.500000
-20.191999
-21.153999
-19.231001
-16.346001
-13.462000
-9.615400
-1.923100
2.884600
3.846200
4.807700
7.692300
11.538000
13.462000
12.500000
9.615400
7.692300
4.807700
-1.923100
-10.577000
-11.538000
-5.769200
-3.846200
-6.730800
-4.807700
-1.923100
0.961540
-0.961540
0.000000
2.884600
2.884600
0.961540
0.961540
-0.961540
0.000000
1.923100
3.846200
3.846200
7.692300
9.615400
9.615400
10.577000
12.500000
11.538000
6.730800
3.846200
-0.961540
-3.846200
-2.884600
-0.961540
0.961540
5.769200
8.653800
12.500000
13.462000
16.346001
14.423000
8.653800
2.884600
0.000000
0.000000
-0.961540
-0.961540
-0.961540
0.961540
0.961540
2.884600
6.730800
7.692300
4.807700
2.884600
1.923100
-2.884600
-5.769200
-4.807700
-4.807700
-4.807700
-3.846200
2.884600
11.538000
15.385000
14.423000
13.462000
11.538000
7.692300
2.884600
-1.923100
-5.769200
-10.577000
-12.500000
-15.385000
-19.231001
-17.308001
-18.268999
-16.346001
-14.423000
-15.385000
-13.462000
-11.538000
-5.769200
-1.923100
-0.961540
1.923100
5.769200
5.769200
4.807700
4.807700
2.884600
2.884600
2.884600
0.000000
-2.884600
-1.923100
-0.961540
0.961540
4.807700
8.653800
8.653800
7.692300
5.769200
5.769200
1.923100
-3.846200
-5.769200
-6.730800
-8.653800
-7.692300
-7.692300
-8.653800
-4.807700
3.846200
11.538000
11.538000
10.577000
12.500000
11.538000
11.538000
9.615400
10.577000
11.538000
8.653800
4.807700
3.846200
3.846200
2.884600
8.653800
13.462000
10.577000
5.769200
4.807700
1.923100
2.884600
0.961540
-5.769200
-9.615400
-13.462000
-15.385000
-18.268999
-19.231001
-14.423000
-10.577000
-9.615400
-8.653800
-4.807700
-0.961540
1.923100
3.846200
3.846200
2.884600
-2.884600
-9.615400
-16.346001
-21.153999
-24.038000
-23.077000
-16.346001
-11.538000
-9.615400
-9.615400
-9.615400
-5.769200
1.923100
3.846200
3.846200
4.807700
7.692300
6.730800
6.730800
2.884600
0.000000
1.923100
2.884600
2.884600
0.000000
-3.846200
-5.769200
-1.923100
2.884600
6.730800
9.615400
9.615400
13.462000
18.268999
22.115000
17.308001
8.653800
0.961540
-1.923100
-6.730800
-14.423000
-21.153999
-19.231001
-16.346001
-10.577000
-1.923100
6.730800
14.423000
18.268999
18.268999
19.231001
19.231001
14.423000
5.769200
-0.961540
-6.730800
-7.692300
-11.538000
-13.462000
-15.385000
-17.308001
-14.423000
-9.615400
-1.923100
8.653800
18.268999
21.153999
17.308001
17.308001
19.231001
17.308001
12.500000
8.653800
6.730800
7.692300
11.538000
14.423000
14.423000
14.423000
13.462000
10.577000
2.884600
-1.923100
-5.769200
-7.692300
-13.462000
-21.153999
-18.268999
-14.423000
-6.730800
0.000000
0.000000
2.884600
7.692300
5.769200
2.884600
-0.961540
-4.807700
-10.577000
-13.462000
-14.423000
-14.423000
-15.385000
-15.385000
-14.423000
-12.500000
-12.500000
-12.500000
-11.538000
-11.538000
-10.577000
-11.538000
-9.615400
-5.769200
-2.884600
0.961540
1.923100
5.769200
7.692300
5.769200
6.730800
6.730800
4.807700
7.692300
10.577000
11.538000
9.615400
6.730800
6.730800
6.730800
8.653800
11.538000
7.692300
3.846200
2.884600
2.884600
2.884600
3.846200
4.807700
6.730800
9.615400
7.692300
3.846200
2.884600
5.769200
7.692300
8.653800
6.730800
4.807700
3.846200
2.884600
4.807700
8.653800
8.653800
6.730800
5.769200
2.884600
4.807700
5.769200
3.846200
2.884600
0.961540
-1.923100
-1.923100
-3.846200
-3.846200
-4.807700
-7.692300
-12.500000
-17.308001
-21.153999
-20.191999
-15.385000
-13.462000
-15.385000
-15.385000
-9.615400
-3.846200
-1.923100
1.923100
4.807700
3.846200
1.923100
1.923100
3.846200
3.846200
0.000000
-4.807700
-6.730800
-6.730800
-7.692300
-8.653800
-9.615400
-9.615400
-3.846200
-0.961540
0.000000
-4.807700
-8.653800
-7.692300
-9.615400
-12.500000
-10.577000
-3.846200
-1.923100
-2.884600
-1.923100
0.961540
0.961540
0.000000
0.000000
0.961540
2.884600
2.884600
4.807700
7.692300
10.577000
16.346001
18.268999
17.308001
19.231001
24.038000
25.000000
22.115000
18.268999
13.462000
3.846200
-4.807700
-11.538000
-15.385000
-15.385000
-17.308001
-25.962000
-28.846001
-22.115000
-10.577000
0.000000
10.577000
18.268999
26.923000
34.615002
31.731001
26.923000
25.962000
20.191999
11.538000
9.615400
4.807700
-0.961540
-8.653800
-20.191999
-27.885000
-31.731001
-34.615002
-28.846001
-15.385000
-2.884600
7.692300
11.538000
11.538000
11.538000
11.538000
12.500000
10.577000
10.577000
5.769200
1.923100
-2.884600
-9.615400
-14.423000
-17.308001
-18.268999
-15.385000
-11.538000
-9.615400
-11.538000
-10.577000
-6.730800
-6.730800
-10.577000
-10.577000
-4.807700
-1.923100
-2.884600
-1.923100
-3.846200
-2.884600
-1.923100
0.961540
3.846200
1.923100
0.961540
0.961540
6.730800
7.692300
4.807700
3.846200
1.923100
5.769200
7.692300
9.615400
13.462000
18.268999
18.268999
13.462000
7.692300
1.923100
-0.961540
0.000000
2.884600
2.884600
2.884600
4.807700
5.769200
4.807700
3.846200
3.846200
3.846200
4.807700
9.615400
10.577000
8.653800
7.692300
13.462000
17.308001
16.346001
15.385000
10.577000
4.807700
2.884600
1.923100
0.961540
2.884600
4.807700
2.884600
0.961540
0.000000
-4.807700
-11.538000
-11.538000
-8.653800
-7.692300
-4.807700
-1.923100
0.000000
0.000000
-1.923100
0.000000
0.000000
-2.884600
-3.846200
-1.923100
0.000000
-3.846200
-10.577000
-16.346001
-18.268999
-22.115000
-25.000000
-20.191999
-12.500000
-4.807700
0.961540
4.807700
13.462000
16.346001
15.385000
14.423000
9.615400
6.730800
2.884600
0.000000
0.961540
1.923100
-1.923100
-3.846200
-0.961540
1.923100
1.923100
2.884600
3.846200
4.807700
6.730800
8.653800
6.730800
5.769200
7.692300
11.538000
10.577000
6.730800
0.961540
-6.730800
-7.692300
-4.807700
-8.653800
-10.577000
-12.500000
-15.385000
-16.346001
-11.538000
-5.769200
-2.884600
0.000000
5.769200
10.577000
13.462000
11.538000
7.692300
1.923100
-2.884600
-4.807700
-5.769200
-5.769200
-5.769200
-7.692300
-3.846200
4.807700
10.577000
10.577000
4.807700
-5.769200
-14.423000
-15.385000
-19.231001
-24.038000
-23.077000
