-20.032000
-16.240000
-7.709300
-4.865700
0.821480
2.717200
5.560800
6.508700
6.508700
9.352300
1.769400
0.821480
5.560800
4.613000
3.665100
3.665100
3.665100
2.717200
2.717200
0.821480
2.717200
6.508700
9.352300
4.613000
-3.917900
-8.657200
-5.813600
-3.917900
1.769400
9.352300
8.404400
1.769400
-5.813600
-4.865700
6.508700
12.196000
15.039000
18.830999
13.144000
7.456600
5.560800
-1.074200
-1.074200
-2.022100
-2.970000
7.456600
8.404400
4.613000
6.508700
4.613000
-3.917900
-13.397000
-16.240000
-12.449000
-7.709300
-2.022100
4.613000
7.456600
10.300000
10.300000
9.352300
9.352300
9.352300
9.352300
5.560800
4.613000
1.769400
-3.917900
-3.917900
-2.022100
-4.865700
-1.074200
6.508700
11.248000
7.456600
6.508700
5.560800
6.508700
6.508700
0.821480
-6.761500
-6.761500
-4.865700
-7.709300
-7.709300
-7.709300
-3.917900
-1.074200
-2.970000
-7.709300
-15.292000
-15.292000
-11.501000
-12.449000
-11.501000
-11.501000
-16.240000
-14.344000
-8.657200
-1.074200
5.560800
8.404400
4.613000
4.613000
8.404400
8.404400
9.352300
12.196000
9.352300
16.934999
14.092000
6.508700
5.560800
9.352300
12.196000
5.560800
0.821480
4.613000
5.560800
0.821480
-3.917900
-1.074200
0.821480
0.821480
-2.970000
-2.970000
-2.970000
-6.761500
-7.709300
-2.970000
-1.074200
3.665100
4.613000
6.508700
7.456600
1.769400
-6.761500
-14.344000
-18.136000
-19.084000
-13.397000
-16.240000
-16.240000
-13.397000
-8.657200
-3.917900
-0.126380
0.821480
-1.074200
0.821480
2.717200
2.717200
5.560800
3.665100
3.665100
5.560800
1.769400
-3.917900
-1.074200
0.821480
-0.126380
-2.022100
-9.605100
-16.240000
-18.136000
-16.240000
-9.605100
-2.022100
1.769400
3.665100
3.665100
3.665100
2.717200
1.769400
-0.126380
0.821480
-2.970000
-12.449000
-18.136000
-11.501000
-8.657200
-9.605100
-9.605100
-9.605100
-9.605100
-7.709300
-2.970000
-5.813600
-3.917900
1.769400
4.613000
3.665100
3.665100
-0.126380
-4.865700
-2.022100
2.717200
0.821480
-3.917900
-0.126380
1.769400
8.404400
12.196000
13.144000
14.092000
19.778999
17.882999
17.882999
15.039000
14.092000
11.248000
8.404400
4.613000
0.821480
-0.126380
10.300000
13.144000
9.352300
9.352300
6.508700
5.560800
-2.970000
-8.657200
-8.657200
-1.074200
0.821480
1.769400
4.613000
0.821480
-0.126380
0.821480
2.717200
4.613000
4.613000
4.613000
5.560800
7.456600
12.196000
9.352300
9.352300
8.404400
6.508700
4.613000
5.560800
3.665100
5.560800
8.404400
1.769400
-1.074200
-5.813600
-9.605100
-11.501000
-4.865700
-0.126380
4.613000
0.821480
-4.865700
-8.657200
-11.501000
-13.397000
-16.240000
-20.032000
-22.875000
-20.032000
-17.188000
-10.553000
-13.397000
-13.397000
-7.709300
-8.657200
-5.813600
-8.657200
-13.397000
-8.657200
-5.813600
-4.865700
3.665100
9.352300
10.300000
19.778999
28.309999
31.153000
35.893002
29.257999
15.987000
6.508700
1.769400
3.665100
-0.126380
-7.709300
-8.657200
-10.553000
-17.188000
-17.188000
-15.292000
-9.605100
-2.970000
3.665100
7.456600
15.987000
20.726999
21.674999
15.987000
13.144000
10.300000
3.665100
-1.074200
-4.865700
-6.761500
-8.657200
-2.970000
5.560800
6.508700
7.456600
13.144000
15.039000
17.882999
24.518000
28.309999
30.205000
26.414000
22.622000
15.987000
9.352300
5.560800
3.665100
1.769400
-2.970000
-4.865700
-6.761500
-2.022100
-2.970000
1.769400
12.196000
6.508700
-0.126380
-4.865700
-10.553000
-16.240000
-17.188000
-20.032000
-18.136000
-14.344000
-11.501000
-8.657200
-7.709300
-14.344000
-20.032000
-22.875000
-19.084000
-16.240000
-15.292000
-17.188000
-18.136000
-14.344000
-17.188000
-16.240000
-21.927000
-32.354000
-33.301998
-26.667000
-23.823000
-22.875000
-13.397000
-8.657200
-3.917900
-2.970000
-10.553000
-7.709300
-2.970000
2.717200
3.665100
1.769400
0.821480
-6.761500
-19.084000
-21.927000
-13.397000
-2.970000
6.508700
12.196000
6.508700
4.613000
4.613000
6.508700
10.300000
15.039000
13.144000
4.613000
-3.917900
-4.865700
3.665100
9.352300
15.039000
19.778999
24.518000
29.257999
30.205000
29.257999
23.570000
25.466000
31.153000
21.674999
15.987000
13.144000
2.717200
-3.917900
-8.657200
-7.709300
-2.970000
3.665100
8.404400
15.039000
26.414000
30.205000
29.257999
33.049000
29.257999
27.362000
22.622000
13.144000
-2.022100
-20.032000
-23.823000
-22.875000
-20.032000
-12.449000
-16.240000
-21.927000
-25.719000
-20.979000
-13.397000
-9.605100
0.821480
14.092000
20.726999
21.674999
23.570000
20.726999
12.196000
3.665100
-8.657200
-13.397000
-9.605100
-2.022100
0.821480
-5.813600
-4.865700
-3.917900
1.769400
4.613000
-1.074200
-2.022100
-6.761500
-6.761500
-5.813600
-2.022100
-2.022100
-10.553000
-12.449000
-14.344000
-3.917900
3.665100
5.560800
4.613000
2.717200
10.300000
14.092000
13.144000
10.300000
10.300000
12.196000
16.934999
15.987000
8.404400
-1.074200
-4.865700
-3.917900
-4.865700
-3.917900
-5.813600
-7.709300
-5.813600
-5.813600
-7.709300
-4.865700
-7.709300
-7.709300
-5.813600
-5.813600
-3.917900
-5.813600
-7.709300
-16.240000
-23.823000
-20.032000
-21.927000
-19.084000
-11.501000
-12.449000
-15.292000
-12.449000
-5.813600
-2.970000
-2.022100
-3.917900
-1.074200
5.560800
7.456600
5.560800
9.352300
11.248000
15.039000
15.987000
15.987000
17.882999
6.508700
-2.970000
-11.501000
-17.188000
-12.449000
-3.917900
1.769400
6.508700
6.508700
5.560800
3.665100
1.769400
1.769400
0.821480
-0.126380
5.560800
8.404400
8.404400
7.456600
4.613000
2.717200
-0.126380
5.560800
5.560800
4.613000
2.717200
-1.074200
-0.126380
-2.022100
-4.865700
-2.022100
0.821480
0.821480
0.821480
0.821480
5.560800
5.560800
4.613000
4.613000
4.613000
-2.022100
-6.761500
-7.709300
-10.553000
-10.553000
-17.188000
-21.927000
-11.501000
-2.970000
4.613000
13.144000
16.934999
23.570000
31.153000
26.414000
19.778999
15.039000
8.404400
6.508700
-2.022100
-10.553000
-16.240000
-27.615000
-32.354000
-28.562000
-18.136000
-2.022100
6.508700
5.560800
9.352300
4.613000
4.613000
12.196000
14.092000
8.404400
6.508700
-3.917900
-11.501000
-11.501000
-11.501000
-15.292000
-19.084000
-16.240000
-7.709300
0.821480
2.717200
7.456600
16.934999
19.778999
16.934999
19.778999
18.830999
11.248000
6.508700
-0.126380
-3.917900
-9.605100
-11.501000
-11.501000
-9.605100
-11.501000
-8.657200
-6.761500
-7.709300
-8.657200
-5.813600
-3.917900
-2.022100
-6.761500
-9.605100
-9.605100
-4.865700
3.665100
6.508700
7.456600
2.717200
-1.074200
4.613000
10.300000
7.456600
3.665100
3.665100
3.665100
-0.126380
-7.709300
-13.397000
-14.344000
-13.397000
-6.761500
3.665100
8.404400
13.144000
12.196000
16.934999
15.039000
9.352300
8.404400
7.456600
4.613000
1.769400
0.821480
-2.022100
-4.865700
-2.970000
-3.917900
-7.709300
-12.449000
-13.397000
-3.917900
2.717200
1.769400
-0.126380
1.769400
4.613000
5.560800
8.404400
0.821480
-3.917900
-8.657200
-13.397000
-10.553000
-10.553000
-12.449000
-10.553000
-3.917900
-2.022100
0.821480
3.665100
3.665100
7.456600
12.196000
15.039000
10.300000
8.404400
7.456600
5.560800
1.769400
-4.865700
-9.605100
-11.501000
-11.501000
-10.553000
-3.917900
-3.917900
-0.126380
-0.126380
0.821480
7.456600
12.196000
20.726999
22.622000
24.518000
18.830999
12.196000
6.508700
5.560800
6.508700
0.821480
0.821480
-2.022100
-8.657200
-6.761500
-2.970000
-2.970000
0.821480
6.508700
7.456600
10.300000
6.508700
5.560800
9.352300
2.717200
-1.074200
-9.605100
-13.397000
-13.397000
-13.397000
-12.449000
-9.605100
-4.865700
-2.022100
-0.126380
0.821480
-0.126380
-2.022100
-3.917900
-5.813600
-2.022100
0.821480
2.717200
2.717200
-2.022100
-5.813600
-4.865700
-7.709300
-10.553000
-14.344000
-16.240000
-15.292000
-7.709300
-0.126380
0.821480
3.665100
3.665100
3.665100
5.560800
5.560800
4.613000
-2.022100
-5.813600
-6.761500
-4.865700
-2.022100
-2.970000
-5.813600
-2.970000
-2.022100
-3.917900
-4.865700
-2.022100
-1.074200
-1.074200
-5.813600
-6.761500
-7.709300
-6.761500
-4.865700
-0.126380
7.456600
15.039000
22.622000
23.570000
15.039000
5.560800
3.665100
5.560800
6.508700
0.821480
-5.813600
-9.605100
-10.553000
-5.813600
-4.865700
-3.917900
4.613000
11.248000
16.934999
24.518000
31.153000
33.997002
25.466000
23.570000
23.570000
26.414000
26.414000
15.987000
9.352300
1.769400
-1.074200
0.821480
-2.970000
-2.970000
-2.022100
-1.074200
-1.074200
-1.074200
6.508700
7.456600
5.560800
3.665100
2.717200
-2.970000
-9.605100
-12.449000
-12.449000
-8.657200
0.821480
-3.917900
-10.553000
-13.397000
-11.501000
-10.553000
-11.501000
-6.761500
0.821480
5.560800
5.560800
6.508700
5.560800
-2.022100
-11.501000
-14.344000
-13.397000
-18.136000
-21.927000
-22.875000
-22.875000
-18.136000
-10.553000
-8.657200
-3.917900
-2.970000
-6.761500
-3.917900
-0.126380
4.613000
5.560800
-0.126380
-1.074200
-1.074200
-5.813600
-2.970000
-5.813600
-13.397000
-20.979000
-19.084000
-16.240000
-7.709300
-3.917900
5.560800
15.039000
18.830999
18.830999
15.987000
9.352300
4.613000
6.508700
13.144000
15.987000
10.300000
0.821480
-1.074200
0.821480
2.717200
-0.126380
-2.970000
4.613000
11.248000
15.987000
16.934999
11.248000
8.404400
6.508700
1.769400
-6.761500
-9.605100
-8.657200
-3.917900
-1.074200
-0.126380
1.769400
12.196000
15.987000
12.196000
5.560800
6.508700
6.508700
3.665100
-1.074200
-2.022100
0.821480
-7.709300
-21.927000
-30.458000
-23.823000
-20.032000
-18.136000
-11.501000
-7.709300
1.769400
12.196000
16.934999
15.039000
15.987000
15.987000
10.300000
5.560800
4.613000
8.404400
11.248000
10.300000
9.352300
7.456600
4.613000
1.769400
-1.074200
-8.657200
-12.449000
-10.553000
-7.709300
-7.709300
-8.657200
-5.813600
-3.917900
-2.022100
-1.074200
-2.022100
-3.917900
-8.657200
-7.709300
2.717200
9.352300
7.456600
8.404400
9.352300
6.508700
6.508700
2.717200
-1.074200
0.821480
3.665100
5.560800
-2.970000
-11.501000
-16.240000
-13.397000
-6.761500
-2.970000
-2.970000
0.821480
2.717200
3.665100
3.665100
6.508700
-0.126380
-7.709300
-5.813600
1.769400
8.404400
8.404400
6.508700
7.456600
9.352300
10.300000
7.456600
-1.074200
-6.761500
-2.970000
-1.074200
-3.917900
-7.709300
-5.813600
-3.917900
-4.865700
-4.865700
-1.074200
-1.074200
-7.709300
-8.657200
-3.917900
-1.074200
1.769400
5.560800
1.769400
-0.126380
-1.074200
2.717200
7.456600
5.560800
1.769400
-5.813600
-8.657200
-2.970000
-3.917900
-0.126380
9.352300
18.830999
14.092000
