-24.635000
-21.778000
-17.016001
-13.206000
-8.444400
-4.634900
-0.825400
2.031700
4.888900
8.698400
5.841300
3.936500
8.698400
8.698400
9.650800
11.556000
10.603000
7.746000
4.888900
1.079400
-0.825400
0.126980
2.984100
2.984100
0.126980
0.126980
2.031700
4.888900
9.650800
14.413000
10.603000
1.079400
-4.634900
-2.730200
4.888900
7.746000
6.793700
3.936500
-3.682500
-11.302000
-13.206000
-14.159000
-8.444400
-4.634900
-2.730200
7.746000
10.603000
6.793700
7.746000
7.746000
0.126980
-8.444400
-12.254000
-13.206000
-12.254000
-8.444400
-4.634900
-0.825400
6.793700
13.460000
16.316999
20.127001
17.270000
14.413000
11.556000
9.650800
5.841300
2.984100
3.936500
5.841300
2.031700
1.079400
4.888900
8.698400
10.603000
13.460000
13.460000
14.413000
13.460000
4.888900
-3.682500
-7.492100
-8.444400
-7.492100
-3.682500
0.126980
6.793700
9.650800
6.793700
1.079400
-9.396800
-14.159000
-15.111000
-17.968000
-16.063000
-14.159000
-13.206000
-6.539700
0.126980
6.793700
10.603000
9.650800
5.841300
2.984100
2.031700
2.031700
3.936500
7.746000
3.936500
7.746000
5.841300
-0.825400
0.126980
4.888900
6.793700
2.984100
1.079400
0.126980
-0.825400
-5.587300
-11.302000
-9.396800
-8.444400
-8.444400
-11.302000
-11.302000
-9.396800
-11.302000
-12.254000
-7.492100
-3.682500
1.079400
2.984100
4.888900
5.841300
2.984100
-4.634900
-10.349000
-14.159000
-17.968000
-15.111000
-18.921000
-19.872999
-18.921000
-12.254000
-6.539700
1.079400
2.984100
3.936500
6.793700
8.698400
8.698400
11.556000
11.556000
11.556000
13.460000
11.556000
6.793700
7.746000
9.650800
7.746000
5.841300
2.031700
-0.825400
-2.730200
-4.634900
-0.825400
4.888900
7.746000
9.650800
10.603000
11.556000
10.603000
8.698400
4.888900
2.984100
-2.730200
-11.302000
-16.063000
-12.254000
-11.302000
-13.206000
-12.254000
-11.302000
-11.302000
-9.396800
-8.444400
-7.492100
-4.634900
-3.682500
-4.634900
-4.634900
-4.634900
-9.396800
-14.159000
-12.254000
-7.492100
-4.634900
-5.587300
-4.634900
-2.730200
2.984100
10.603000
18.222000
22.032000
22.983999
21.079000
19.174999
15.365000
13.460000
9.650800
9.650800
7.746000
3.936500
0.126980
3.936500
3.936500
0.126980
1.079400
0.126980
-0.825400
-5.587300
-11.302000
-13.206000
-9.396800
-7.492100
-3.682500
1.079400
0.126980
0.126980
3.936500
6.793700
9.650800
10.603000
7.746000
7.746000
10.603000
12.508000
9.650800
8.698400
8.698400
3.936500
0.126980
-0.825400
-2.730200
0.126980
4.888900
2.984100
2.984100
3.936500
2.031700
1.079400
2.984100
5.841300
8.698400
4.888900
0.126980
-4.634900
-10.349000
-15.111000
-17.016001
-19.872999
-20.825001
-16.063000
-10.349000
-4.634900
-1.777800
1.079400
3.936500
1.079400
2.984100
2.031700
-2.730200
-0.825400
-4.634900
-8.444400
-5.587300
-4.634900
-2.730200
6.793700
15.365000
20.127001
26.794001
24.889000
14.413000
3.936500
-4.634900
-7.492100
-11.302000
-18.921000
-19.872999
-17.016001
-17.968000
-15.111000
-10.349000
-7.492100
-6.539700
-5.587300
-3.682500
1.079400
6.793700
10.603000
9.650800
8.698400
9.650800
6.793700
1.079400
-5.587300
-8.444400
-11.302000
-5.587300
4.888900
6.793700
6.793700
10.603000
15.365000
21.079000
27.746000
32.507999
36.317001
34.412998
30.603001
22.983999
15.365000
12.508000
10.603000
7.746000
3.936500
1.079400
-1.777800
2.984100
4.888900
10.603000
19.174999
16.316999
9.650800
4.888900
-1.777800
-7.492100
-11.302000
-17.016001
-17.016001
-16.063000
-16.063000
-14.159000
-11.302000
-16.063000
-22.730000
-22.730000
-17.968000
-13.206000
-12.254000
-15.111000
-19.872999
-21.778000
-26.540001
-27.492001
-30.349001
-37.967999
-41.778000
-36.063000
-34.159000
-32.254002
-22.730000
-14.159000
-6.539700
-4.634900
-10.349000
-8.444400
-1.777800
6.793700
8.698400
6.793700
5.841300
-0.825400
-13.206000
-21.778000
-18.921000
-13.206000
-6.539700
2.031700
3.936500
8.698400
13.460000
16.316999
20.127001
22.032000
22.032000
17.270000
8.698400
8.698400
12.508000
16.316999
18.222000
20.127001
23.937000
28.698000
28.698000
25.841000
21.079000
24.889000
29.650999
25.841000
22.983999
18.222000
8.698400
1.079400
-3.682500
-2.730200
1.079400
2.984100
6.793700
12.508000
21.079000
24.889000
24.889000
23.937000
19.174999
16.316999
10.603000
2.031700
-11.302000
-24.635000
-26.540001
-25.587000
-21.778000
-14.159000
-14.159000
-18.921000
-21.778000
-18.921000
-13.206000
-12.254000
-6.539700
-0.825400
2.031700
1.079400
3.936500
6.793700
3.936500
1.079400
-5.587300
-8.444400
-3.682500
1.079400
5.841300
2.031700
2.984100
5.841300
10.603000
14.413000
11.556000
10.603000
6.793700
3.936500
1.079400
-1.777800
-2.730200
-8.444400
-11.302000
-12.254000
-5.587300
1.079400
3.936500
2.031700
2.031700
9.650800
15.365000
15.365000
15.365000
17.270000
19.174999
22.983999
24.889000
19.174999
8.698400
-0.825400
-7.492100
-11.302000
-14.159000
-16.063000
-14.159000
-11.302000
-10.349000
-10.349000
-5.587300
-7.492100
-10.349000
-9.396800
-5.587300
-3.682500
-6.539700
-8.444400
-16.063000
-21.778000
-22.730000
-25.587000
-23.683001
-17.016001
-17.968000
-21.778000
-19.872999
-17.968000
-14.159000
-10.349000
-9.396800
-2.730200
7.746000
11.556000
11.556000
13.460000
16.316999
18.222000
17.270000
16.316999
17.270000
7.746000
-1.777800
-13.206000
-19.872999
-15.111000
-5.587300
2.984100
9.650800
11.556000
11.556000
10.603000
12.508000
14.413000
11.556000
10.603000
11.556000
13.460000
14.413000
10.603000
5.841300
2.031700
-1.777800
1.079400
-0.825400
-2.730200
-5.587300
-8.444400
-7.492100
-6.539700
-9.396800
-4.634900
-1.777800
0.126980
1.079400
2.031700
6.793700
10.603000
10.603000
7.746000
2.031700
-7.492100
-13.206000
-15.111000
-19.872999
-20.825001
-25.587000
-26.540001
-15.111000
-3.682500
8.698400
20.127001
24.889000
29.650999
36.317001
32.507999
27.746000
23.937000
16.316999
11.556000
0.126980
-12.254000
-19.872999
-26.540001
-27.492001
-22.730000
-12.254000
2.031700
10.603000
12.508000
16.316999
13.460000
10.603000
14.413000
13.460000
7.746000
4.888900
-0.825400
-5.587300
-6.539700
-8.444400
-12.254000
-11.302000
-8.444400
-1.777800
3.936500
5.841300
9.650800
15.365000
15.365000
11.556000
12.508000
10.603000
5.841300
-0.825400
-3.682500
-4.634900
-6.539700
-9.396800
-8.444400
-8.444400
-13.206000
-14.159000
-12.254000
-9.396800
-10.349000
-8.444400
-7.492100
-6.539700
-9.396800
-9.396800
-7.492100
-2.730200
4.888900
8.698400
10.603000
6.793700
5.841300
13.460000
16.316999
12.508000
7.746000
5.841300
2.984100
-0.825400
-7.492100
-15.111000
-18.921000
-19.872999
-15.111000
-5.587300
2.031700
7.746000
8.698400
12.508000
15.365000
14.413000
11.556000
8.698400
3.936500
-0.825400
-2.730200
-7.492100
-11.302000
-12.254000
-15.111000
-17.016001
-21.778000
-20.825001
-11.302000
-1.777800
0.126980
0.126980
3.936500
7.746000
8.698400
8.698400
2.031700
-0.825400
-4.634900
-9.396800
-11.302000
-13.206000
-15.111000
-14.159000
-11.302000
-6.539700
0.126980
4.888900
6.793700
6.793700
10.603000
13.460000
11.556000
10.603000
8.698400
2.984100
-4.634900
-10.349000
-12.254000
-12.254000
-11.302000
-8.444400
0.126980
2.031700
4.888900
6.793700
9.650800
15.365000
19.174999
24.889000
28.698000
30.603001
24.889000
17.270000
11.556000
7.746000
3.936500
-1.777800
-2.730200
-6.539700
-12.254000
-9.396800
-2.730200
1.079400
6.793700
11.556000
15.365000
20.127001
19.174999
17.270000
17.270000
9.650800
2.031700
-5.587300
-9.396800
-11.302000
-11.302000
-8.444400
-5.587300
0.126980
2.984100
2.984100
4.888900
4.888900
4.888900
2.984100
1.079400
5.841300
6.793700
5.841300
4.888900
-1.777800
-8.444400
-11.302000
-17.968000
-22.730000
-26.540001
-31.302000
-31.302000
-23.683001
-15.111000
-11.302000
-7.492100
-3.682500
-0.825400
1.079400
2.031700
2.031700
-3.682500
-10.349000
-13.206000
-11.302000
-8.444400
-5.587300
-5.587300
-6.539700
-7.492100
-9.396800
-9.396800
-8.444400
-5.587300
-3.682500
-5.587300
-4.634900
-1.777800
-1.777800
-2.730200
2.984100
10.603000
16.316999
21.079000
21.079000
14.413000
8.698400
5.841300
6.793700
3.936500
0.126980
-4.634900
-9.396800
-10.349000
-4.634900
1.079400
4.888900
12.508000
17.270000
22.983999
29.650999
33.459999
34.412998
30.603001
28.698000
26.794001
24.889000
23.937000
16.316999
10.603000
6.793700
5.841300
6.793700
1.079400
2.031700
3.936500
5.841300
4.888900
3.936500
6.793700
7.746000
2.984100
2.031700
1.079400
-2.730200
-8.444400
-13.206000
-17.016001
-17.016001
-10.349000
-12.254000
-17.016001
-17.968000
-15.111000
-12.254000
-10.349000
-7.492100
-0.825400
3.936500
5.841300
6.793700
4.888900
-1.777800
-10.349000
-14.159000
-12.254000
-15.111000
-19.872999
-22.730000
-24.635000
-20.825001
-15.111000
-13.206000
-9.396800
-7.492100
-9.396800
-2.730200
2.984100
7.746000
11.556000
8.698400
7.746000
4.888900
0.126980
1.079400
-1.777800
-9.396800
-18.921000
-18.921000
-16.063000
-11.302000
-8.444400
-3.682500
2.031700
5.841300
9.650800
10.603000
6.793700
3.936500
4.888900
9.650800
12.508000
7.746000
-2.730200
-7.492100
-7.492100
-4.634900
-5.587300
-5.587300
3.936500
12.508000
16.316999
19.174999
16.316999
13.460000
12.508000
6.793700
-3.682500
-9.396800
-8.444400
-3.682500
0.126980
0.126980
2.984100
13.460000
19.174999
16.316999
10.603000
11.556000
10.603000
6.793700
-0.825400
-3.682500
-3.682500
-10.349000
-23.683001
-35.111000
-32.254002
-24.635000
-17.016001
-5.587300
2.984100
12.508000
22.983999
26.794001
25.841000
24.889000
23.937000
18.222000
10.603000
7.746000
10.603000
11.556000
8.698400
6.793700
4.888900
2.031700
0.126980
-2.730200
-5.587300
-5.587300
-1.777800
3.936500
3.936500
2.031700
2.031700
2.031700
1.079400
-0.825400
-5.587300
-8.444400
-14.159000
-15.111000
-7.492100
-1.777800
-4.634900
-3.682500
-2.730200
-5.587300
-7.492100
-12.254000
-14.159000
-8.444400
-1.777800
0.126980
-6.539700
-11.302000
-11.302000
-7.492100
2.031700
8.698400
10.603000
13.460000
13.460000
12.508000
12.508000
14.413000
10.603000
6.793700
6.793700
9.650800
13.460000
14.413000
11.556000
12.508000
12.508000
9.650800
3.936500
-5.587300
-14.159000
-14.159000
-11.302000
-13.206000
-13.206000
-10.349000
-7.492100
-9.396800
-10.349000
-7.492100
-6.539700
-12.254000
-11.302000
-5.587300
-2.730200
0.126980
0.126980
-3.682500
-6.539700
-8.444400
-6.539700
-1.777800
-3.682500
-6.539700
-11.302000
-13.206000
-8.444400
-8.444400
-7.492100
2.031700
12.508000
10.603000
