-4.959700
-3.027400
-3.027400
-3.027400
0.837360
1.803500
1.803500
-0.128820
0.837360
0.837360
-1.095000
-1.095000
2.769700
4.702100
2.769700
0.837360
-0.128820
3.735900
4.702100
2.769700
1.803500
-0.128820
4.702100
1.803500
-3.027400
-4.959700
-2.061200
-2.061200
1.803500
10.499000
13.398000
6.634500
1.803500
2.769700
10.499000
12.432000
11.465000
14.364000
14.364000
9.533000
6.634500
5.668300
3.735900
1.803500
-5.925900
-3.027400
-4.959700
-11.723000
-10.757000
-4.959700
-3.027400
-2.061200
1.803500
4.702100
8.566800
11.465000
11.465000
10.499000
10.499000
4.702100
-2.061200
-3.027400
-5.925900
-9.790700
-11.723000
-9.790700
-14.622000
-18.486000
-16.554001
-7.858300
-3.027400
-0.128820
2.769700
8.566800
10.499000
11.465000
8.566800
8.566800
4.702100
-1.095000
-3.993600
-4.959700
-5.925900
-6.892100
-5.925900
-7.858300
-6.892100
-4.959700
-5.925900
-6.892100
-8.824500
-10.757000
-5.925900
-3.993600
-4.959700
-5.925900
-4.959700
-4.959700
-3.993600
-0.128820
3.735900
7.600600
5.668300
6.634500
5.668300
9.533000
10.499000
14.364000
14.364000
15.330000
14.364000
6.634500
6.634500
11.465000
12.432000
10.499000
9.533000
9.533000
14.364000
12.432000
8.566800
7.600600
7.600600
3.735900
-3.993600
-8.824500
-9.790700
-12.689000
-14.622000
-12.689000
-8.824500
-3.993600
-3.027400
0.837360
3.735900
1.803500
-3.027400
-5.925900
-8.824500
-9.790700
-6.892100
-6.892100
-5.925900
-5.925900
-6.892100
-6.892100
-2.061200
-3.027400
-3.993600
-1.095000
0.837360
0.837360
1.803500
-1.095000
-0.128820
1.803500
1.803500
-3.027400
-1.095000
-1.095000
-2.061200
-3.027400
-8.824500
-13.655000
-12.689000
-12.689000
-9.790700
-2.061200
0.837360
4.702100
5.668300
6.634500
8.566800
8.566800
5.668300
5.668300
-2.061200
-8.824500
-12.689000
-9.790700
-11.723000
-13.655000
-11.723000
-10.757000
-4.959700
-1.095000
0.837360
1.803500
7.600600
8.566800
9.533000
10.499000
8.566800
2.769700
-3.027400
-5.925900
-5.925900
-3.027400
-3.993600
-5.925900
-6.892100
-7.858300
-5.925900
-3.993600
-5.925900
-3.027400
-2.061200
-0.128820
0.837360
4.702100
4.702100
7.600600
8.566800
8.566800
5.668300
11.465000
16.296000
13.398000
13.398000
14.364000
14.364000
10.499000
4.702100
0.837360
-0.128820
-1.095000
2.769700
5.668300
1.803500
2.769700
6.634500
6.634500
6.634500
9.533000
6.634500
9.533000
11.465000
9.533000
4.702100
1.803500
1.803500
-3.027400
-4.959700
-1.095000
-3.027400
-0.128820
4.702100
0.837360
-0.128820
-2.061200
-4.959700
-6.892100
-5.925900
-3.993600
-0.128820
-5.925900
-10.757000
-13.655000
-14.622000
-18.486000
-20.419001
-23.316999
-31.047001
-32.013000
-30.080999
-26.216000
-26.216000
-25.250000
-20.419001
-18.486000
-12.689000
-7.858300
-9.790700
-4.959700
-3.027400
-2.061200
2.769700
8.566800
14.364000
22.093000
26.924000
27.889999
29.823000
21.127001
12.432000
11.465000
9.533000
8.566800
8.566800
4.702100
4.702100
5.668300
5.668300
5.668300
7.600600
11.465000
16.296000
21.127001
24.025999
27.889999
29.823000
29.823000
24.992001
18.229000
16.296000
15.330000
9.533000
3.735900
2.769700
-1.095000
1.803500
7.600600
9.533000
7.600600
7.600600
11.465000
16.296000
16.296000
17.261999
19.195000
15.330000
11.465000
8.566800
-0.128820
-2.061200
0.837360
-3.027400
-3.993600
-3.993600
-5.925900
-3.993600
-6.892100
-7.858300
-4.959700
-7.858300
-9.790700
-11.723000
-11.723000
-11.723000
-13.655000
-17.520000
-14.622000
-10.757000
-11.723000
-6.892100
-3.027400
-3.993600
-7.858300
-7.858300
-9.790700
-10.757000
-12.689000
-13.655000
-14.622000
-12.689000
-11.723000
-11.723000
-11.723000
-15.588000
-22.351000
-21.385000
-20.419001
-18.486000
-13.655000
-9.790700
-5.925900
-6.892100
-10.757000
-9.790700
-8.824500
-3.027400
-4.959700
-5.925900
-3.993600
-5.925900
-10.757000
-9.790700
-2.061200
4.702100
7.600600
10.499000
8.566800
5.668300
3.735900
2.769700
1.803500
-1.095000
3.735900
3.735900
-3.027400
-4.959700
-0.128820
3.735900
6.634500
7.600600
10.499000
14.364000
18.229000
20.160999
17.261999
19.195000
22.093000
19.195000
18.229000
15.330000
6.634500
0.837360
-3.027400
-2.061200
-1.095000
-2.061200
-1.095000
1.803500
4.702100
8.566800
12.432000
18.229000
20.160999
22.093000
16.296000
9.533000
2.769700
-3.993600
-2.061200
-3.027400
-3.993600
-3.993600
-6.892100
-10.757000
-15.588000
-12.689000
-4.959700
-2.061200
4.702100
13.398000
22.093000
24.992001
23.059999
22.093000
15.330000
8.566800
0.837360
-4.959700
-4.959700
-5.925900
-8.824500
-18.486000
-21.385000
-20.419001
-20.419001
-18.486000
-20.419001
-18.486000
-18.486000
-17.520000
-13.655000
-9.790700
-3.993600
-6.892100
-9.790700
-9.790700
-2.061200
4.702100
7.600600
5.668300
2.769700
2.769700
3.735900
4.702100
1.803500
1.803500
1.803500
2.769700
6.634500
7.600600
5.668300
7.600600
10.499000
7.600600
3.735900
2.769700
4.702100
6.634500
5.668300
1.803500
5.668300
5.668300
3.735900
-0.128820
2.769700
2.769700
-0.128820
-1.095000
-4.959700
-8.824500
-8.824500
-7.858300
-3.993600
0.837360
2.769700
3.735900
8.566800
9.533000
12.432000
15.330000
10.499000
9.533000
11.465000
8.566800
3.735900
1.803500
2.769700
3.735900
4.702100
3.735900
1.803500
-2.061200
-5.925900
-5.925900
-4.959700
-1.095000
3.735900
4.702100
7.600600
7.600600
6.634500
1.803500
0.837360
-1.095000
-6.892100
-6.892100
-6.892100
-4.959700
-3.993600
-6.892100
-9.790700
-10.757000
-11.723000
-6.892100
-6.892100
-5.925900
-4.959700
-5.925900
-3.993600
-1.095000
-4.959700
-0.128820
1.803500
0.837360
-0.128820
-2.061200
-0.128820
-1.095000
-6.892100
-6.892100
-7.858300
-11.723000
-11.723000
-6.892100
-5.925900
-1.095000
-3.027400
-5.925900
0.837360
6.634500
10.499000
13.398000
11.465000
16.296000
20.160999
13.398000
10.499000
6.634500
-0.128820
-1.095000
-4.959700
-7.858300
-7.858300
-13.655000
-14.622000
-13.655000
-7.858300
1.803500
8.566800
7.600600
8.566800
7.600600
8.566800
11.465000
11.465000
5.668300
0.837360
-3.993600
-12.689000
-14.622000
-16.554001
-20.419001
-19.452000
-17.520000
-14.622000
-7.858300
-2.061200
3.735900
11.465000
15.330000
13.398000
14.364000
16.296000
12.432000
5.668300
1.803500
0.837360
-4.959700
-8.824500
-4.959700
-5.925900
-9.790700
-8.824500
-5.925900
-0.128820
0.837360
2.769700
4.702100
4.702100
-0.128820
-3.027400
-3.027400
-2.061200
2.769700
-1.095000
-0.128820
-0.128820
3.735900
5.668300
4.702100
2.769700
-0.128820
-0.128820
-1.095000
0.837360
1.803500
-3.993600
-4.959700
-1.095000
1.803500
4.702100
3.735900
5.668300
5.668300
3.735900
5.668300
7.600600
3.735900
3.735900
0.837360
-4.959700
-5.925900
-6.892100
-4.959700
-3.993600
-4.959700
-5.925900
-8.824500
-9.790700
-3.993600
1.803500
2.769700
-2.061200
-1.095000
0.837360
2.769700
0.837360
-3.027400
-5.925900
-10.757000
-10.757000
-8.824500
-3.993600
-3.993600
-1.095000
-1.095000
2.769700
5.668300
6.634500
5.668300
4.702100
9.533000
10.499000
7.600600
7.600600
9.533000
8.566800
2.769700
0.837360
1.803500
-2.061200
-5.925900
-9.790700
-4.959700
-4.959700
-3.027400
-0.128820
-0.128820
3.735900
5.668300
8.566800
13.398000
17.261999
12.432000
7.600600
2.769700
1.803500
-0.128820
-3.027400
-3.027400
-4.959700
-8.824500
-5.925900
-3.027400
-3.027400
0.837360
2.769700
1.803500
0.837360
0.837360
1.803500
2.769700
-2.061200
-5.925900
-9.790700
-6.892100
-9.790700
-11.723000
-11.723000
-11.723000
-6.892100
-4.959700
-3.993600
-3.993600
-3.027400
-3.993600
-3.993600
-1.095000
1.803500
-1.095000
-0.128820
5.668300
3.735900
-1.095000
-2.061200
-4.959700
-5.925900
-3.993600
-2.061200
0.837360
8.566800
16.296000
15.330000
14.364000
14.364000
13.398000
10.499000
10.499000
5.668300
1.803500
-1.095000
-3.027400
-2.061200
0.837360
2.769700
3.735900
4.702100
5.668300
6.634500
7.600600
9.533000
9.533000
7.600600
-2.061200
-4.959700
-4.959700
-4.959700
-7.858300
-5.925900
-0.128820
0.837360
5.668300
9.533000
5.668300
1.803500
2.769700
5.668300
6.634500
6.634500
2.769700
-1.095000
-1.095000
2.769700
4.702100
4.702100
6.634500
6.634500
4.702100
8.566800
14.364000
15.330000
7.600600
6.634500
4.702100
6.634500
6.634500
2.769700
-4.959700
-7.858300
-5.925900
-3.027400
-3.993600
-2.061200
-1.095000
-1.095000
1.803500
0.837360
4.702100
4.702100
1.803500
-0.128820
-1.095000
-3.993600
-6.892100
-6.892100
-7.858300
-7.858300
-3.027400
-3.993600
-8.824500
-11.723000
-11.723000
-10.757000
-7.858300
-2.061200
5.668300
11.465000
12.432000
12.432000
9.533000
3.735900
-2.061200
-6.892100
-7.858300
-10.757000
-13.655000
-15.588000
-16.554001
-14.622000
-11.723000
-11.723000
-5.925900
0.837360
-1.095000
3.735900
7.600600
6.634500
5.668300
2.769700
0.837360
-3.027400
-7.858300
-5.925900
-6.892100
-11.723000
-15.588000
-12.689000
-10.757000
-6.892100
-3.993600
1.803500
5.668300
6.634500
9.533000
8.566800
3.735900
0.837360
1.803500
4.702100
5.668300
2.769700
-1.095000
-3.027400
0.837360
1.803500
-1.095000
-2.061200
4.702100
5.668300
3.735900
7.600600
8.566800
6.634500
4.702100
0.837360
-3.993600
-0.128820
2.769700
5.668300
4.702100
0.837360
0.837360
9.533000
13.398000
8.566800
3.735900
6.634500
8.566800
8.566800
6.634500
2.769700
1.803500
-4.959700
-9.790700
-15.588000
-12.689000
-8.824500
-10.757000
-6.892100
-2.061200
2.769700
7.600600
10.499000
10.499000
12.432000
12.432000
8.566800
1.803500
-0.128820
-0.128820
-3.993600
-7.858300
-9.790700
-10.757000
-12.689000
-16.554001
-19.452000
-22.351000
-23.316999
-21.385000
-18.486000
-19.452000
-20.419001
-17.520000
-17.520000
-13.655000
-10.757000
-8.824500
-7.858300
-8.824500
-8.824500
-3.993600
0.837360
-1.095000
4.702100
7.600600
5.668300
7.600600
5.668300
5.668300
9.533000
11.465000
14.364000
8.566800
3.735900
0.837360
-2.061200
2.769700
6.634500
8.566800
13.398000
15.330000
14.364000
12.432000
12.432000
10.499000
7.600600
7.600600
9.533000
15.330000
18.229000
18.229000
19.195000
24.992001
30.789000
30.789000
25.958000
20.160999
20.160999
19.195000
15.330000
15.330000
17.261999
16.296000
15.330000
8.566800
6.634500
8.566800
3.735900
-0.128820
1.803500
3.735900
6.634500
7.600600
5.668300
4.702100
2.769700
3.735900
5.668300
2.769700
-0.128820
-3.027400
-6.892100
-8.824500
-13.655000
-16.554001
-10.757000
-3.027400
-1.095000
