5.797100
7.729500
1.932400
-3.864700
-5.797100
-4.830900
-3.864700
-4.830900
-5.797100
-6.763300
-5.797100
-2.898600
-2.898600
-2.898600
-2.898600
-6.763300
-10.628000
-4.830900
-1.932400
1.932400
0.966180
0.966180
4.830900
8.695700
10.628000
9.661800
8.695700
6.763300
3.864700
0.000000
-4.830900
-6.763300
-9.661800
-10.628000
-2.898600
0.000000
-2.898600
-4.830900
-6.763300
-5.797100
0.966180
5.797100
3.864700
0.966180
-0.966180
-3.864700
-9.661800
-12.560000
-8.695700
-5.797100
-8.695700
-6.763300
-7.729500
-5.797100
1.932400
5.797100
6.763300
3.864700
-4.830900
-2.898600
-0.966180
-5.797100
-13.527000
-18.357000
-15.459000
-12.560000
-7.729500
-1.932400
1.932400
3.864700
10.628000
15.459000
14.493000
8.695700
9.661800
12.560000
10.628000
7.729500
6.763300
3.864700
-2.898600
-1.932400
-2.898600
0.000000
1.932400
0.000000
-7.729500
-10.628000
-8.695700
-4.830900
-1.932400
4.830900
9.661800
3.864700
0.000000
-0.966180
2.898600
13.527000
16.424999
9.661800
-1.932400
-2.898600
-0.966180
-1.932400
-0.966180
-2.898600
-5.797100
-8.695700
-2.898600
4.830900
5.797100
6.763300
5.797100
10.628000
13.527000
12.560000
4.830900
-7.729500
-12.560000
-7.729500
-7.729500
-10.628000
-12.560000
-7.729500
2.898600
8.695700
11.594000
9.661800
3.864700
0.966180
0.000000
-3.864700
-4.830900
-1.932400
0.000000
-3.864700
-2.898600
0.966180
4.830900
4.830900
10.628000
8.695700
0.000000
-2.898600
0.966180
10.628000
9.661800
0.000000
-4.830900
-2.898600
1.932400
9.661800
7.729500
4.830900
1.932400
-0.966180
-1.932400
-3.864700
-1.932400
-1.932400
-1.932400
-2.898600
-1.932400
-3.864700
-4.830900
-2.898600
1.932400
1.932400
0.966180
0.000000
1.932400
1.932400
0.966180
0.000000
-2.898600
-8.695700
-9.661800
-6.763300
-7.729500
-4.830900
-2.898600
0.000000
5.797100
12.560000
13.527000
8.695700
3.864700
3.864700
0.966180
-1.932400
-6.763300
-6.763300
-0.966180
0.966180
0.966180
-1.932400
-3.864700
-7.729500
-11.594000
-9.661800
-6.763300
-3.864700
-3.864700
-4.830900
-1.932400
3.864700
8.695700
11.594000
5.797100
-1.932400
-5.797100
-0.966180
-10.628000
-19.323999
-20.290001
-12.560000
-6.763300
-5.797100
-3.864700
-1.932400
3.864700
5.797100
-0.966180
-2.898600
4.830900
9.661800
5.797100
-2.898600
0.000000
5.797100
10.628000
8.695700
4.830900
3.864700
4.830900
7.729500
7.729500
4.830900
2.898600
6.763300
4.830900
8.695700
7.729500
4.830900
3.864700
0.000000
-0.966180
-0.966180
-2.898600
-2.898600
-1.932400
0.000000
0.000000
-0.966180
0.000000
6.763300
9.661800
-0.966180
-10.628000
-11.594000
-5.797100
-4.830900
-3.864700
-3.864700
0.000000
-0.966180
-2.898600
0.000000
2.898600
12.560000
12.560000
8.695700
-2.898600
-9.661800
-10.628000
-7.729500
-3.864700
-6.763300
-7.729500
-0.966180
3.864700
6.763300
2.898600
-3.864700
-8.695700
-4.830900
0.966180
1.932400
-0.966180
-2.898600
3.864700
10.628000
8.695700
1.932400
-7.729500
-11.594000
-6.763300
0.000000
0.966180
-1.932400
0.000000
-3.864700
-6.763300
0.966180
5.797100
3.864700
-3.864700
-7.729500
-5.797100
0.000000
2.898600
2.898600
0.966180
-0.966180
-4.830900
-6.763300
-4.830900
-3.864700
0.966180
5.797100
5.797100
3.864700
-0.966180
-2.898600
2.898600
6.763300
6.763300
8.695700
4.830900
0.000000
-0.966180
-1.932400
0.966180
4.830900
2.898600
3.864700
6.763300
8.695700
6.763300
1.932400
-2.898600
-0.966180
0.966180
6.763300
8.695700
2.898600
3.864700
7.729500
8.695700
7.729500
4.830900
2.898600
6.763300
9.661800
7.729500
0.966180
-3.864700
-5.797100
-5.797100
-6.763300
-2.898600
2.898600
12.560000
17.391001
12.560000
8.695700
4.830900
5.797100
11.594000
7.729500
1.932400
4.830900
0.966180
0.000000
-0.966180
0.966180
0.966180
-1.932400
-4.830900
-6.763300
-6.763300
-1.932400
7.729500
7.729500
3.864700
0.966180
2.898600
1.932400
-1.932400
-5.797100
-7.729500
-7.729500
-6.763300
-5.797100
-7.729500
-4.830900
0.000000
1.932400
-7.729500
-11.594000
-11.594000
-10.628000
-10.628000
-9.661800
-5.797100
0.000000
1.932400
-2.898600
-8.695700
-8.695700
-6.763300
-4.830900
-8.695700
-13.527000
-13.527000
-6.763300
2.898600
11.594000
18.357000
22.222000
24.155001
17.391001
6.763300
1.932400
0.966180
2.898600
0.966180
-4.830900
-11.594000
-16.424999
-12.560000
-2.898600
4.830900
1.932400
-8.695700
-10.628000
-5.797100
-5.797100
-7.729500
-5.797100
-2.898600
-0.966180
-3.864700
-13.527000
-23.188000
-23.188000
-20.290001
-19.323999
-16.424999
-6.763300
1.932400
-0.966180
-2.898600
0.966180
6.763300
14.493000
15.459000
8.695700
4.830900
6.763300
6.763300
0.000000
-6.763300
-5.797100
-0.966180
1.932400
1.932400
2.898600
7.729500
14.493000
18.357000
23.188000
18.357000
10.628000
11.594000
7.729500
-0.966180
-6.763300
-11.594000
-14.493000
-9.661800
-2.898600
-0.966180
-1.932400
-2.898600
0.966180
6.763300
4.830900
-2.898600
-7.729500
-3.864700
-1.932400
-5.797100
-6.763300
-2.898600
4.830900
2.898600
0.000000
0.000000
6.763300
6.763300
1.932400
-2.898600
-7.729500
-9.661800
-2.898600
0.966180
2.898600
2.898600
3.864700
8.695700
8.695700
8.695700
9.661800
9.661800
7.729500
8.695700
8.695700
4.830900
1.932400
2.898600
-0.966180
-5.797100
-4.830900
-0.966180
4.830900
2.898600
0.000000
-2.898600
-3.864700
2.898600
8.695700
8.695700
5.797100
1.932400
5.797100
9.661800
13.527000
11.594000
10.628000
10.628000
6.763300
5.797100
0.966180
-4.830900
-2.898600
-2.898600
-2.898600
-1.932400
-0.966180
6.763300
8.695700
2.898600
-7.729500
-12.560000
-10.628000
-7.729500
-8.695700
-13.527000
-9.661800
-8.695700
-11.594000
-14.493000
-13.527000
-10.628000
-8.695700
-10.628000
-7.729500
-0.966180
3.864700
1.932400
-4.830900
-10.628000
-9.661800
0.000000
0.966180
0.966180
-0.966180
-1.932400
-5.797100
-6.763300
0.000000
4.830900
4.830900
2.898600
0.000000
-0.966180
0.000000
-0.966180
1.932400
11.594000
8.695700
1.932400
5.797100
7.729500
9.661800
6.763300
2.898600
-1.932400
-4.830900
-0.966180
7.729500
4.830900
0.000000
-0.966180
3.864700
11.594000
7.729500
6.763300
7.729500
1.932400
0.966180
10.628000
13.527000
4.830900
-5.797100
-5.797100
-1.932400
-2.898600
-2.898600
-3.864700
-6.763300
-8.695700
-6.763300
-4.830900
-0.966180
1.932400
0.966180
0.000000
3.864700
2.898600
-2.898600
-6.763300
-2.898600
0.966180
-4.830900
-11.594000
-11.594000
-4.830900
-0.966180
-1.932400
0.966180
3.864700
5.797100
4.830900
3.864700
3.864700
0.966180
0.000000
2.898600
4.830900
-0.966180
-3.864700
0.966180
8.695700
14.493000
10.628000
7.729500
8.695700
6.763300
6.763300
3.864700
1.932400
0.000000
-1.932400
0.000000
-2.898600
-3.864700
-0.966180
4.830900
7.729500
3.864700
2.898600
4.830900
9.661800
8.695700
3.864700
-3.864700
-11.594000
-12.560000
-5.797100
-2.898600
-1.932400
-1.932400
2.898600
8.695700
11.594000
7.729500
0.966180
0.000000
-1.932400
-3.864700
0.000000
1.932400
0.000000
-0.966180
0.000000
1.932400
4.830900
7.729500
4.830900
1.932400
3.864700
3.864700
-0.966180
-1.932400
4.830900
1.932400
-3.864700
-8.695700
-7.729500
-7.729500
-8.695700
-5.797100
-5.797100
-4.830900
-1.932400
-0.966180
2.898600
6.763300
5.797100
5.797100
3.864700
1.932400
0.966180
3.864700
4.830900
1.932400
1.932400
6.763300
10.628000
10.628000
6.763300
3.864700
6.763300
4.830900
4.830900
6.763300
0.000000
-9.661800
-9.661800
-8.695700
-7.729500
-4.830900
1.932400
1.932400
-0.966180
-10.628000
-14.493000
-11.594000
-9.661800
-3.864700
1.932400
2.898600
-3.864700
-7.729500
-3.864700
2.898600
5.797100
1.932400
-1.932400
-0.966180
-0.966180
0.966180
0.966180
1.932400
2.898600
0.966180
0.966180
1.932400
3.864700
-0.966180
-9.661800
-11.594000
-11.594000
-7.729500
0.966180
4.830900
7.729500
8.695700
2.898600
0.966180
3.864700
1.932400
0.000000
0.000000
-1.932400
-2.898600
-10.628000
-13.527000
-12.560000
-9.661800
-5.797100
-0.966180
0.966180
3.864700
9.661800
11.594000
10.628000
5.797100
4.830900
7.729500
7.729500
0.966180
-2.898600
-1.932400
-1.932400
2.898600
4.830900
-2.898600
-7.729500
-7.729500
-4.830900
0.000000
2.898600
0.000000
-5.797100
-3.864700
0.966180
2.898600
1.932400
0.966180
1.932400
3.864700
0.000000
-2.898600
-6.763300
-5.797100
0.966180
5.797100
6.763300
8.695700
6.763300
-0.966180
-1.932400
-3.864700
-2.898600
1.932400
0.000000
-6.763300
-7.729500
0.966180
8.695700
6.763300
5.797100
5.797100
0.966180
1.932400
2.898600
7.729500
1.932400
-5.797100
-5.797100
-4.830900
-5.797100
-1.932400
0.000000
3.864700
-0.966180
-12.560000
-14.493000
-10.628000
-3.864700
-5.797100
-9.661800
-7.729500
-4.830900
-3.864700
2.898600
5.797100
7.729500
7.729500
9.661800
10.628000
6.763300
2.898600
-0.966180
-0.966180
0.966180
3.864700
5.797100
9.661800
12.560000
8.695700
0.000000
-2.898600
-0.966180
2.898600
5.797100
5.797100
3.864700
0.000000
0.000000
1.932400
0.966180
0.000000
0.000000
-0.966180
-0.966180
-0.966180
-1.932400
-7.729500
-4.830900
-3.864700
-5.797100
-6.763300
0.000000
2.898600
1.932400
0.000000
1.932400
6.763300
6.763300
5.797100
0.000000
-0.966180
4.830900
9.661800
9.661800
2.898600
-6.763300
-5.797100
5.797100
11.594000
0.000000
-9.661800
-8.695700
-6.763300
-6.763300
-4.830900
0.966180
7.729500
4.830900
0.000000
-1.932400
-0.966180
-0.966180
-2.898600
-4.830900
-4.830900
-4.830900
-3.864700
-1.932400
2.898600
5.797100
-0.966180
-7.729500
-3.864700
-1.932400
-3.864700
-4.830900
2.898600
4.830900
1.932400
-2.898600
-2.898600
0.966180
0.000000
0.000000
0.000000
1.932400
4.830900
4.830900
1.932400
-2.898600
-1.932400
4.830900
5.797100
2.898600
0.966180
-2.898600
-1.932400
0.000000
-0.966180
0.000000
3.864700
5.797100
8.695700
8.695700
7.729500
-2.898600
-0.966180
6.763300
6.763300
2.898600
-3.864700
-7.729500
-4.830900
3.864700
6.763300
1.932400
-6.763300
-10.628000
-4.830900
-1.932400
-1.932400
-5.797100
-3.864700
3.864700
2.898600
-1.932400
-3.864700
-5.797100
-9.661800
-10.628000
-7.729500
-5.797100
-6.763300
-7.729500
-0.966180
6.763300
8.695700
10.628000
15.459000
17.391001
14.493000
8.695700
5.797100
0.966180
2.898600
3.864700
6.763300
3.864700
-0.966180
