-8.065000
3.642300
-9.365900
-4.813000
-4.162600
-9.365900
-14.569000
-49.041000
-3.512200
7.544700
-3.512200
-10.016000
6.894300
1.691100
12.748000
-15.220000
-13.268000
-2.211400
-26.927000
-3.512200
12.098000
4.292700
-0.260160
1.691100
9.495900
14.049000
1.040700
0.390240
14.699000
-6.764200
11.447000
13.398000
21.202999
26.407000
6.243900
10.146000
6.243900
8.195100
-0.910570
10.797000
29.659000
7.544700
21.202999
1.040700
-4.813000
5.593500
-14.569000
-24.325001
-12.618000
2.991900
-13.919000
-8.715400
4.292700
28.358000
-20.423000
11.447000
-2.861800
8.195100
19.902000
2.991900
19.902000
-21.073000
-3.512200
-15.220000
-0.260160
27.056999
-13.268000
2.991900
-26.275999
-1.561000
18.601999
10.797000
-2.861800
17.301001
-15.220000
-15.870000
2.991900
10.797000
11.447000
-11.317000
-17.820999
-10.667000
-35.382000
9.495900
-0.910570
-28.228001
4.943100
18.601999
-11.317000
-3.512200
11.447000
-1.561000
-11.967000
2.991900
-0.910570
-1.561000
-0.260160
-15.220000
-13.919000
8.845500
-2.211400
-10.016000
-12.618000
-23.024000
2.991900
2.341500
8.845500
10.797000
1.040700
-11.317000
12.098000
-15.870000
20.552999
21.854000
4.943100
6.894300
11.447000
14.049000
17.951000
-12.618000
8.845500
19.902000
0.390240
1.691100
6.894300
-1.561000
-11.967000
-11.317000
-1.561000
8.845500
2.341500
-37.984001
-10.667000
-3.512200
-6.764200
12.098000
4.292700
5.593500
-11.317000
-2.861800
12.748000
14.699000
10.146000
-1.561000
-11.967000
-10.667000
1.691100
-10.667000
-11.967000
-9.365900
-3.512200
6.243900
16.650000
-37.333000
2.341500
24.455000
-0.910570
27.056999
21.202999
12.098000
1.691100
8.195100
18.601999
6.243900
-6.764200
-0.260160
-0.260160
7.544700
5.593500
19.252001
28.358000
-13.268000
1.040700
-0.260160
2.341500
13.398000
15.350000
-17.820999
-15.870000
-11.317000
-0.260160
-6.113800
-0.260160
4.943100
-4.162600
-29.528000
0.390240
-13.268000
-1.561000
-23.024000
-20.423000
-2.211400
-5.463400
-3.512200
-2.211400
-6.113800
2.341500
-10.016000
-11.967000
3.642300
1.040700
21.202999
6.894300
-21.073000
-4.813000
1.691100
-13.268000
-23.674999
-17.820999
3.642300
4.292700
-18.472000
13.398000
1.040700
-19.122000
-3.512200
-12.618000
-2.211400
14.049000
6.894300
27.056999
4.943100
-2.861800
-2.211400
7.544700
-3.512200
-13.268000
17.951000
-26.927000
-11.967000
22.504000
2.341500
7.544700
-4.162600
6.894300
-3.512200
-17.171000
6.243900
14.699000
1.691100
-4.162600
-13.919000
-0.260160
16.000000
23.805000
0.390240
1.691100
30.309000
-23.674999
-23.674999
-8.065000
-2.211400
6.243900
23.805000
-4.813000
-7.414600
1.040700
-6.113800
-24.325001
-6.764200
10.797000
6.894300
11.447000
-19.771999
-18.472000
-4.813000
-17.820999
-13.268000
29.007999
6.894300
-11.317000
20.552999
13.398000
2.341500
8.195100
-5.463400
-11.967000
18.601999
20.552999
-0.260160
14.699000
7.544700
10.146000
-13.919000
-18.472000
-8.715400
-8.065000
11.447000
-4.162600
13.398000
4.943100
9.495900
9.495900
5.593500
6.243900
7.544700
12.748000
8.845500
-6.764200
17.951000
11.447000
-2.211400
14.699000
-10.667000
6.243900
6.243900
-3.512200
-0.910570
-0.260160
1.040700
14.699000
11.447000
3.642300
-23.024000
7.544700
19.902000
13.398000
4.292700
-21.724001
-7.414600
-21.724001
6.894300
17.951000
6.243900
-4.162600
-0.260160
-15.870000
-21.724001
11.447000
2.991900
-10.667000
-19.771999
-21.073000
9.495900
-4.813000
9.495900
10.797000
-8.715400
-17.820999
-23.024000
-16.520000
-21.724001
-11.317000
1.691100
1.040700
-19.122000
6.243900
8.195100
-6.764200
1.691100
-20.423000
-13.268000
10.797000
-3.512200
13.398000
6.894300
28.358000
-17.820999
-8.065000
10.146000
-21.073000
8.195100
-31.480000
-5.463400
7.544700
-21.073000
1.040700
10.146000
32.259998
16.000000
-15.870000
11.447000
7.544700
8.845500
3.642300
4.292700
-2.211400
-4.162600
-0.260160
-4.813000
1.691100
15.350000
12.098000
2.991900
-4.813000
-8.715400
3.642300
-0.910570
-6.113800
30.309000
18.601999
13.398000
-6.764200
13.398000
2.341500
-7.414600
-13.268000
-8.715400
-13.268000
6.894300
-2.861800
13.398000
-13.268000
-16.520000
-18.472000
-4.813000
-25.625999
-10.667000
-11.967000
10.797000
12.098000
1.040700
12.748000
12.748000
-29.528000
7.544700
14.049000
-11.967000
-0.260160
12.748000
-10.016000
-11.317000
17.301001
16.000000
0.390240
16.650000
-6.764200
-13.919000
-11.967000
-8.065000
12.098000
-8.065000
-0.260160
12.748000
-6.764200
16.000000
3.642300
-2.861800
2.991900
2.991900
17.301001
1.691100
15.350000
2.991900
-6.113800
19.902000
8.845500
5.593500
1.040700
-6.113800
-10.016000
-21.724001
-0.260160
-32.779999
-14.569000
4.943100
-6.113800
16.000000
-0.260160
-6.764200
18.601999
-21.724001
34.862000
31.610001
3.642300
3.642300
-4.813000
-13.919000
-2.861800
-15.220000
-9.365900
1.691100
4.292700
-13.919000
-8.065000
-1.561000
-0.260160
5.593500
4.943100
21.854000
1.040700
-15.220000
2.991900
23.805000
12.098000
12.748000
-0.910570
18.601999
-12.618000
10.797000
21.854000
6.894300
2.341500
18.601999
-15.870000
-8.065000
-32.130001
-1.561000
-11.967000
-10.016000
6.243900
2.341500
-18.472000
-6.113800
-15.220000
-16.520000
-19.122000
-18.472000
-10.016000
18.601999
8.195100
-8.715400
4.292700
2.341500
8.845500
3.642300
-3.512200
2.991900
14.049000
-31.480000
16.650000
7.544700
20.552999
14.049000
2.991900
4.943100
-5.463400
-0.260160
16.000000
14.699000
-10.016000
27.707001
19.252001
-8.065000
0.390240
2.991900
-10.667000
-15.870000
-17.820999
7.544700
2.991900
-8.065000
-8.715400
-16.520000
-17.171000
-6.764200
-17.820999
-29.528000
-17.171000
-22.374001
-33.431000
-41.236000
-18.472000
-16.520000
-32.779999
-4.813000
-15.220000
9.495900
-2.211400
0.390240
16.000000
-3.512200
1.691100
6.243900
17.301001
5.593500
19.252001
15.350000
10.146000
3.642300
14.699000
38.113998
29.659000
0.390240
10.146000
32.259998
26.407000
29.659000
41.366001
21.854000
23.153999
19.902000
21.202999
14.699000
-3.512200
-15.220000
-8.065000
-8.065000
-24.976000
-5.463400
0.390240
-7.414600
-0.260160
-4.162600
-3.512200
-14.569000
-2.211400
8.195100
16.000000
25.756001
32.910999
25.106001
6.894300
-15.870000
1.691100
-21.724001
-22.374001
-11.317000
4.292700
4.292700
8.195100
2.341500
3.642300
-0.260160
-14.569000
17.951000
6.243900
-13.919000
13.398000
2.991900
-5.463400
12.748000
-10.667000
30.959000
-10.667000
20.552999
17.951000
5.593500
16.650000
-11.967000
-2.861800
-20.423000
6.243900
12.748000
2.991900
-2.211400
-10.667000
-10.667000
-19.122000
-2.211400
-30.179001
-4.813000
4.292700
-10.667000
-3.512200
-6.764200
-37.333000
10.146000
17.301001
-6.764200
1.691100
6.243900
-0.260160
-10.016000
-7.414600
9.495900
6.243900
-13.268000
8.195100
-0.910570
-1.561000
14.699000
-8.715400
-21.724001
-8.065000
-0.910570
14.049000
-6.113800
0.390240
4.943100
-5.463400
-4.813000
5.593500
-7.414600
-4.162600
15.350000
4.292700
9.495900
12.748000
-34.731998
-0.910570
-11.317000
-2.211400
7.544700
-1.561000
4.943100
12.748000
5.593500
10.146000
-1.561000
-0.260160
10.146000
8.195100
18.601999
-13.919000
-6.764200
8.195100
-2.861800
-6.764200
-22.374001
-13.268000
1.040700
7.544700
7.544700
16.650000
14.049000
-5.463400
-4.162600
4.292700
26.407000
-0.260160
-22.374001
14.049000
6.894300
-17.820999
29.007999
18.601999
-11.967000
6.894300
0.390240
-11.317000
-16.520000
-6.113800
-15.870000
1.691100
-4.162600
-6.764200
-8.065000
-3.512200
-7.414600
-13.268000
23.153999
23.153999
-2.861800
15.350000
-1.561000
12.098000
-5.463400
0.390240
-7.414600
-21.073000
7.544700
-26.927000
-12.618000
-14.569000
-0.910570
-17.820999
-8.065000
2.341500
-8.065000
9.495900
-5.463400
1.040700
-6.113800
-9.365900
13.398000
-17.171000
26.407000
8.845500
-26.927000
-10.016000
26.407000
10.146000
-9.365900
-10.016000
-0.260160
6.243900
8.195100
-2.861800
16.000000
2.341500
-10.016000
0.390240
-3.512200
8.845500
-5.463400
-6.113800
11.447000
-8.065000
7.544700
-2.861800
-0.910570
8.845500
-6.764200
6.894300
-12.618000
-26.927000
-4.162600
10.797000
10.797000
-22.374001
29.659000
27.056999
14.049000
18.601999
6.243900
-15.220000
4.292700
-2.211400
1.040700
4.943100
10.797000
6.243900
12.748000
-14.569000
-4.813000
8.195100
-14.569000
-15.870000
3.642300
12.098000
8.195100
0.390240
-24.325001
1.691100
8.845500
-18.472000
29.659000
0.390240
-26.927000
0.390240
29.007999
-23.024000
26.407000
11.447000
1.040700
0.390240
-0.910570
14.049000
-17.820999
-0.260160
9.495900
-0.910570
-11.317000
-4.162600
-7.414600
-5.463400
6.894300
-17.171000
-10.016000
1.691100
13.398000
-4.813000
-15.870000
-10.016000
-31.480000
-10.667000
-18.472000
-15.220000
-0.260160
-6.764200
-15.870000
-6.764200
10.146000
-13.268000
1.040700
12.748000
-6.113800
-13.919000
6.894300
24.455000
19.902000
3.642300
8.845500
2.991900
6.894300
-6.113800
17.951000
11.447000
32.259998
-1.561000
-23.024000
-7.414600
13.398000
13.398000
0.390240
5.593500
6.894300
-4.813000
-8.715400
7.544700
-12.618000
-18.472000
-36.033001
18.601999
-19.122000
-9.365900
-13.268000
2.341500
0.390240
8.845500
-2.211400
16.000000
15.350000
-41.236000
-10.016000
10.146000
-11.317000
6.894300
-9.365900
21.854000
-1.561000
-0.910570
1.691100
-16.520000
-23.674999
-33.431000
-5.463400
-8.715400
-2.861800
5.593500
-2.861800
24.455000
12.098000
6.243900
13.398000
8.845500
17.951000
18.601999
8.845500
6.894300
23.805000
-11.967000
0.390240
13.398000
7.544700
0.390240
4.292700
10.146000
-10.667000
-22.374001
8.195100
-5.463400
-6.764200
-12.618000
-2.211400
-18.472000
-4.813000
7.544700
-4.813000
-14.569000
-15.220000
-15.870000
-23.674999
-6.764200
-17.171000
3.642300
6.243900
-27.577000
-8.065000
10.146000
10.797000
25.106001
12.748000
-10.016000
-23.674999
-11.317000
9.495900
6.243900
9.495900
-4.162600
-0.260160
-22.374001
-23.674999
-8.065000
-3.512200
-0.260160
16.650000
16.000000
5.593500
14.699000
7.544700
8.195100
7.544700
6.894300
-6.764200
18.601999
5.593500
40.064999
27.707001
0.390240
-1.561000
-24.976000
-19.122000
26.407000
-23.674999
-2.211400
4.943100
2.341500
-10.016000
9.495900
-2.861800
-0.260160
31.610001
3.642300
-8.715400
-17.820999
-4.162600
-0.260160
-19.122000
8.195100
14.049000
13.398000
-4.162600
-2.861800
-29.528000
-44.487999
-6.764200
11.447000
-27.577000
-6.764200
6.243900
1.691100
23.153999
2.341500
-24.325001
-12.618000
10.146000
9.495900
6.243900
17.301001
16.650000
4.292700
23.153999
