-2.006500
2.847900
3.818800
1.877000
1.877000
-1.035600
0.906150
5.760500
6.731400
3.818800
3.818800
1.877000
0.906150
-1.035600
-1.035600
-0.064720
-0.064720
-2.006500
-2.006500
-5.890000
-8.802600
-7.831700
-0.064720
1.877000
-3.948200
-1.035600
2.847900
4.789600
8.673100
5.760500
3.818800
6.731400
7.702300
0.906150
-0.064720
5.760500
9.644000
8.673100
9.644000
10.615000
9.644000
10.615000
7.702300
4.789600
6.731400
7.702300
6.731400
1.877000
2.847900
2.847900
4.789600
5.760500
4.789600
0.906150
2.847900
0.906150
1.877000
3.818800
5.760500
8.673100
5.760500
3.818800
2.847900
-1.035600
-2.006500
2.847900
0.906150
-7.831700
-9.773500
-5.890000
-5.890000
-2.977300
3.818800
6.731400
2.847900
3.818800
5.760500
1.877000
1.877000
-2.977300
-3.948200
-4.919100
-4.919100
-4.919100
-6.860800
-6.860800
-1.035600
-2.006500
0.906150
1.877000
2.847900
6.731400
7.702300
8.673100
6.731400
-2.006500
-6.860800
-13.657000
-18.511000
-18.511000
-13.657000
-14.628000
-16.570000
-16.570000
-13.657000
-10.744000
-5.890000
-4.919100
-9.773500
-11.715000
-13.657000
-9.773500
-8.802600
-11.715000
-11.715000
-7.831700
-10.744000
-9.773500
-7.831700
-5.890000
-1.035600
4.789600
5.760500
8.673100
7.702300
10.615000
11.586000
8.673100
7.702300
2.847900
1.877000
3.818800
-0.064720
-2.006500
-3.948200
-2.977300
-2.006500
3.818800
8.673100
7.702300
10.615000
8.673100
5.760500
5.760500
10.615000
9.644000
3.818800
-1.035600
-2.977300
-3.948200
-3.948200
-4.919100
-6.860800
-2.006500
-0.064720
-1.035600
-1.035600
0.906150
2.847900
-0.064720
-1.035600
1.877000
6.731400
3.818800
-0.064720
0.906150
-0.064720
-0.064720
0.906150
-1.035600
-1.035600
2.847900
8.673100
9.644000
7.702300
4.789600
3.818800
9.644000
9.644000
-2.006500
-5.890000
-5.890000
-2.977300
-2.977300
-7.831700
-10.744000
-7.831700
-2.977300
-2.006500
-1.035600
-0.064720
-1.035600
2.847900
0.906150
-4.919100
-0.064720
1.877000
-1.035600
-4.919100
-8.802600
-9.773500
-6.860800
-1.035600
-1.035600
-0.064720
3.818800
7.702300
10.615000
11.586000
9.644000
10.615000
11.586000
7.702300
2.847900
-0.064720
3.818800
2.847900
1.877000
3.818800
3.818800
6.731400
6.731400
4.789600
4.789600
5.760500
7.702300
1.877000
1.877000
2.847900
3.818800
3.818800
2.847900
4.789600
5.760500
10.615000
18.382000
23.236000
29.061001
28.091000
25.177999
21.294001
18.382000
13.528000
7.702300
2.847900
-0.064720
-6.860800
-10.744000
-17.540001
-18.511000
-14.628000
-12.686000
-11.715000
-8.802600
-9.773500
-10.744000
-9.773500
-4.919100
-4.919100
-7.831700
-2.006500
-3.948200
-4.919100
-2.006500
-4.919100
-10.744000
-8.802600
-9.773500
-9.773500
-12.686000
-11.715000
-13.657000
-12.686000
-4.919100
-3.948200
-7.831700
-3.948200
-2.977300
-3.948200
-3.948200
-0.064720
1.877000
-2.006500
-1.035600
-2.977300
3.818800
11.586000
17.410999
22.264999
30.032000
31.003000
25.177999
16.440001
7.702300
3.818800
1.877000
0.906150
-0.064720
-2.006500
-2.006500
-0.064720
0.906150
1.877000
4.789600
5.760500
5.760500
3.818800
-0.064720
-0.064720
-2.977300
7.702300
14.498000
8.673100
5.760500
1.877000
4.789600
5.760500
3.818800
2.847900
2.847900
0.906150
-3.948200
-9.773500
-9.773500
-6.860800
-5.890000
-13.657000
-12.686000
-11.715000
-14.628000
-12.686000
-10.744000
-4.919100
0.906150
4.789600
5.760500
2.847900
-2.006500
-2.006500
-4.919100
-10.744000
-12.686000
-12.686000
-11.715000
-12.686000
-10.744000
-8.802600
-2.006500
6.731400
8.673100
5.760500
2.847900
-2.977300
-0.064720
0.906150
-3.948200
-4.919100
-2.977300
-1.035600
0.906150
-1.035600
-3.948200
-1.035600
5.760500
2.847900
0.906150
3.818800
2.847900
-0.064720
-0.064720
-2.977300
-3.948200
-3.948200
-3.948200
-2.977300
-7.831700
-10.744000
-12.686000
-11.715000
-11.715000
-10.744000
-6.860800
-6.860800
-3.948200
-4.919100
-4.919100
-2.977300
2.847900
6.731400
8.673100
5.760500
3.818800
1.877000
1.877000
-1.035600
-2.006500
-3.948200
-8.802600
-3.948200
0.906150
5.760500
6.731400
2.847900
5.760500
7.702300
3.818800
3.818800
6.731400
9.644000
6.731400
-2.006500
-0.064720
-1.035600
-5.890000
-7.831700
-13.657000
-9.773500
-6.860800
-7.831700
-4.919100
-3.948200
-3.948200
-1.035600
1.877000
0.906150
-2.977300
-0.064720
-1.035600
-4.919100
-7.831700
-13.657000
-11.715000
-6.860800
-3.948200
-1.035600
-2.977300
2.847900
7.702300
8.673100
7.702300
4.789600
1.877000
-0.064720
2.847900
5.760500
3.818800
-0.064720
-3.948200
-2.977300
-1.035600
2.847900
4.789600
6.731400
9.644000
11.586000
11.586000
8.673100
7.702300
5.760500
2.847900
2.847900
-1.035600
-2.977300
-4.919100
-2.977300
-0.064720
-0.064720
-3.948200
-1.035600
3.818800
5.760500
5.760500
5.760500
6.731400
2.847900
1.877000
1.877000
4.789600
3.818800
-2.006500
-3.948200
-0.064720
2.847900
4.789600
7.702300
8.673100
13.528000
17.410999
9.644000
9.644000
9.644000
3.818800
2.847900
-2.977300
-2.977300
1.877000
5.760500
2.847900
-0.064720
0.906150
2.847900
1.877000
4.789600
4.789600
8.673100
8.673100
5.760500
5.760500
6.731400
4.789600
-0.064720
0.906150
-1.035600
-4.919100
-3.948200
-2.006500
-1.035600
1.877000
3.818800
1.877000
3.818800
5.760500
4.789600
0.906150
-2.977300
-5.890000
-8.802600
-9.773500
-8.802600
-2.977300
1.877000
1.877000
-0.064720
-2.006500
-1.035600
-1.035600
2.847900
4.789600
5.760500
7.702300
6.731400
1.877000
-2.006500
-1.035600
3.818800
6.731400
1.877000
-1.035600
-4.919100
-4.919100
-5.890000
-5.890000
-2.006500
0.906150
2.847900
2.847900
2.847900
0.906150
-3.948200
-8.802600
-8.802600
-6.860800
-2.006500
0.906150
1.877000
0.906150
2.847900
2.847900
3.818800
2.847900
2.847900
4.789600
3.818800
-1.035600
-2.006500
-0.064720
-1.035600
2.847900
3.818800
-2.006500
-1.035600
3.818800
1.877000
3.818800
6.731400
4.789600
1.877000
0.906150
-2.006500
-8.802600
-9.773500
-5.890000
-6.860800
-10.744000
-10.744000
-6.860800
1.877000
7.702300
8.673100
5.760500
1.877000
1.877000
6.731400
1.877000
-4.919100
-7.831700
-8.802600
-11.715000
-13.657000
-7.831700
-0.064720
0.906150
1.877000
-1.035600
-0.064720
3.818800
3.818800
3.818800
5.760500
6.731400
5.760500
7.702300
5.760500
1.877000
-4.919100
-0.064720
6.731400
1.877000
-4.919100
-6.860800
-2.006500
0.906150
0.906150
-2.006500
-2.977300
-2.006500
-4.919100
-6.860800
-5.890000
-3.948200
-2.977300
0.906150
-0.064720
-0.064720
1.877000
1.877000
-2.006500
-7.831700
-5.890000
-4.919100
-5.890000
-7.831700
-5.890000
0.906150
1.877000
0.906150
-3.948200
-3.948200
0.906150
5.760500
2.847900
0.906150
1.877000
-1.035600
1.877000
5.760500
4.789600
7.702300
3.818800
4.789600
9.644000
5.760500
3.818800
-1.035600
0.906150
3.818800
4.789600
3.818800
2.847900
4.789600
2.847900
0.906150
-0.064720
-2.006500
-3.948200
-2.977300
-3.948200
-4.919100
-4.919100
-1.035600
2.847900
0.906150
2.847900
3.818800
3.818800
6.731400
9.644000
7.702300
5.760500
2.847900
-3.948200
-2.977300
-3.948200
-7.831700
-2.977300
4.789600
-0.064720
-1.035600
4.789600
7.702300
7.702300
5.760500
5.760500
8.673100
5.760500
1.877000
2.847900
-0.064720
-1.035600
7.702300
15.469000
16.440001
14.498000
16.440001
18.382000
19.353001
10.615000
2.847900
-2.977300
-4.919100
-7.831700
-12.686000
-15.599000
-18.511000
-14.628000
-11.715000
-10.744000
-9.773500
-7.831700
-5.890000
-2.977300
-2.977300
-6.860800
-11.715000
-11.715000
-12.686000
-10.744000
-10.744000
-11.715000
-7.831700
-1.035600
3.818800
2.847900
5.760500
6.731400
5.760500
2.847900
-1.035600
0.906150
-1.035600
2.847900
7.702300
1.877000
3.818800
8.673100
5.760500
6.731400
7.702300
5.760500
2.847900
-2.006500
1.877000
1.877000
-2.977300
-7.831700
-6.860800
-4.919100
-7.831700
-4.919100
-1.035600
-1.035600
2.847900
4.789600
4.789600
6.731400
3.818800
7.702300
4.789600
-0.064720
-0.064720
-6.860800
-8.802600
-9.773500
-10.744000
-8.802600
-9.773500
-9.773500
-5.890000
-1.035600
3.818800
3.818800
6.731400
5.760500
6.731400
8.673100
7.702300
2.847900
-0.064720
0.906150
-3.948200
-9.773500
-11.715000
-9.773500
-1.035600
0.906150
-3.948200
-4.919100
-2.977300
0.906150
4.789600
1.877000
-2.006500
-0.064720
-0.064720
-7.831700
-10.744000
-7.831700
-8.802600
-7.831700
-2.977300
-1.035600
0.906150
4.789600
6.731400
6.731400
4.789600
7.702300
6.731400
3.818800
3.818800
0.906150
0.906150
-0.064720
-1.035600
-1.035600
0.906150
-0.064720
-2.977300
-4.919100
-5.890000
-2.006500
-1.035600
4.789600
4.789600
3.818800
1.877000
-2.006500
-2.006500
-1.035600
-2.977300
-3.948200
-1.035600
0.906150
-7.831700
-7.831700
-4.919100
-6.860800
-6.860800
-7.831700
-8.802600
-11.715000
-12.686000
-7.831700
-7.831700
-8.802600
-5.890000
-2.977300
-2.977300
-3.948200
-9.773500
-2.006500
5.760500
2.847900
-1.035600
0.906150
0.906150
1.877000
1.877000
-2.977300
-2.977300
-2.006500
-2.006500
-1.035600
-3.948200
2.847900
6.731400
8.673100
3.818800
-0.064720
11.586000
14.498000
13.528000
17.410999
13.528000
10.615000
2.847900
2.847900
4.789600
7.702300
4.789600
1.877000
-0.064720
-0.064720
1.877000
-0.064720
1.877000
6.731400
4.789600
3.818800
5.760500
4.789600
5.760500
7.702300
1.877000
1.877000
4.789600
4.789600
0.906150
0.906150
0.906150
-0.064720
1.877000
1.877000
3.818800
7.702300
8.673100
6.731400
4.789600
3.818800
6.731400
4.789600
3.818800
1.877000
-2.977300
-1.035600
-0.064720
0.906150
0.906150
1.877000
3.818800
1.877000
5.760500
6.731400
4.789600
0.906150
-2.006500
-0.064720
-2.977300
-3.948200
0.906150
0.906150
-1.035600
-3.948200
-3.948200
-4.919100
-3.948200
-3.948200
-4.919100
-5.890000
-3.948200
-2.977300
-5.890000
-6.860800
-2.006500
-0.064720
-0.064720
0.906150
-0.064720
-1.035600
-4.919100
-5.890000
-4.919100
-2.977300
1.877000
1.877000
0.906150
0.906150
0.906150
3.818800
3.818800
1.877000
-0.064720
3.818800
3.818800
5.760500
9.644000
2.847900
-2.006500
1.877000
-1.035600
1.877000
3.818800
4.789600
0.906150
-2.006500
3.818800
5.760500
-2.977300
-4.919100
-4.919100
-2.006500
-2.977300
-4.919100
-4.919100
-0.064720
2.847900
4.789600
1.877000
1.877000
3.818800
7.702300
7.702300
0.906150
0.906150
