-1.932400
0.000000
0.966180
0.000000
0.000000
0.000000
0.966180
2.898600
2.898600
5.797100
7.729500
7.729500
5.797100
3.864700
1.932400
0.966180
2.898600
2.898600
0.966180
0.966180
-1.932400
-0.966180
-1.932400
-0.966180
0.000000
0.000000
4.830900
6.763300
6.763300
4.830900
1.932400
0.000000
-1.932400
-1.932400
0.000000
1.932400
2.898600
1.932400
0.966180
-4.830900
-8.695700
-6.763300
0.966180
2.898600
0.966180
0.000000
0.966180
2.898600
-0.966180
-5.797100
-9.661800
-8.695700
-7.729500
-5.797100
-3.864700
-3.864700
-4.830900
-4.830900
-3.864700
-4.830900
-4.830900
-4.830900
-3.864700
-2.898600
-5.797100
-8.695700
-5.797100
-0.966180
2.898600
2.898600
6.763300
7.729500
7.729500
6.763300
6.763300
7.729500
6.763300
5.797100
6.763300
2.898600
0.966180
1.932400
3.864700
7.729500
9.661800
7.729500
0.000000
-1.932400
-1.932400
-1.932400
0.000000
0.000000
0.000000
0.000000
0.000000
1.932400
3.864700
6.763300
7.729500
5.797100
4.830900
3.864700
2.898600
2.898600
4.830900
7.729500
8.695700
7.729500
3.864700
1.932400
2.898600
3.864700
3.864700
5.797100
5.797100
7.729500
9.661800
15.459000
11.594000
7.729500
1.932400
-4.830900
-8.695700
-10.628000
-10.628000
-7.729500
-6.763300
-3.864700
-1.932400
-0.966180
-1.932400
-3.864700
-3.864700
-3.864700
-1.932400
1.932400
4.830900
2.898600
-2.898600
-5.797100
-9.661800
-12.560000
-12.560000
-11.594000
-9.661800
-9.661800
-7.729500
-3.864700
-3.864700
-5.797100
-5.797100
-0.966180
-0.966180
-2.898600
-1.932400
-5.797100
-9.661800
-8.695700
-8.695700
-8.695700
-7.729500
-5.797100
-2.898600
-1.932400
0.966180
5.797100
9.661800
9.661800
7.729500
1.932400
-2.898600
-4.830900
-3.864700
-2.898600
-3.864700
-3.864700
-2.898600
-1.932400
5.797100
13.527000
12.560000
10.628000
8.695700
6.763300
6.763300
3.864700
0.000000
-2.898600
-3.864700
-5.797100
-5.797100
-4.830900
-4.830900
-5.797100
-5.797100
-3.864700
0.000000
3.864700
5.797100
6.763300
6.763300
4.830900
2.898600
2.898600
0.966180
-0.966180
0.000000
4.830900
8.695700
2.898600
-2.898600
-0.966180
0.000000
1.932400
0.000000
0.000000
-0.966180
0.966180
2.898600
2.898600
3.864700
2.898600
1.932400
2.898600
3.864700
5.797100
6.763300
5.797100
3.864700
1.932400
2.898600
3.864700
1.932400
-0.966180
-4.830900
-6.763300
-6.763300
-6.763300
-7.729500
-5.797100
0.966180
7.729500
8.695700
9.661800
7.729500
7.729500
8.695700
7.729500
7.729500
3.864700
0.966180
-2.898600
-6.763300
-7.729500
-4.830900
-1.932400
-3.864700
-6.763300
-7.729500
-4.830900
-1.932400
-1.932400
0.966180
2.898600
2.898600
4.830900
5.797100
2.898600
-4.830900
-9.661800
-8.695700
-3.864700
-1.932400
0.000000
0.966180
4.830900
7.729500
11.594000
11.594000
7.729500
8.695700
8.695700
7.729500
6.763300
6.763300
4.830900
4.830900
5.797100
1.932400
-6.763300
-13.527000
-18.357000
-19.323999
-16.424999
-11.594000
-10.628000
-6.763300
-2.898600
0.000000
0.000000
-0.966180
0.966180
0.966180
1.932400
2.898600
5.797100
5.797100
3.864700
0.966180
-1.932400
-0.966180
0.966180
0.000000
-1.932400
-0.966180
0.000000
2.898600
3.864700
0.966180
-1.932400
-0.966180
2.898600
5.797100
7.729500
6.763300
2.898600
0.000000
-1.932400
-1.932400
0.000000
0.966180
2.898600
3.864700
2.898600
-0.966180
-3.864700
-1.932400
-0.966180
0.966180
4.830900
4.830900
2.898600
2.898600
1.932400
-0.966180
-3.864700
-2.898600
-0.966180
0.966180
3.864700
6.763300
7.729500
5.797100
3.864700
2.898600
0.966180
-0.966180
-3.864700
-3.864700
-2.898600
-4.830900
-6.763300
-8.695700
-8.695700
-8.695700
-8.695700
-7.729500
-6.763300
-6.763300
-2.898600
-1.932400
0.000000
0.000000
2.898600
3.864700
1.932400
2.898600
5.797100
5.797100
1.932400
-1.932400
-5.797100
-6.763300
-6.763300
-4.830900
-4.830900
-2.898600
1.932400
1.932400
-1.932400
-0.966180
2.898600
1.932400
-0.966180
-1.932400
-1.932400
-2.898600
-0.966180
-3.864700
-7.729500
-6.763300
-3.864700
-1.932400
-0.966180
-0.966180
0.966180
0.966180
0.966180
-1.932400
-5.797100
-7.729500
-9.661800
-9.661800
-7.729500
-4.830900
-3.864700
-5.797100
-5.797100
-3.864700
-0.966180
0.966180
2.898600
4.830900
5.797100
3.864700
2.898600
2.898600
0.966180
-1.932400
-3.864700
-5.797100
-6.763300
-3.864700
-3.864700
-3.864700
-1.932400
-1.932400
0.966180
2.898600
3.864700
2.898600
3.864700
3.864700
1.932400
2.898600
1.932400
1.932400
4.830900
10.628000
9.661800
9.661800
10.628000
10.628000
10.628000
9.661800
8.695700
5.797100
5.797100
2.898600
0.966180
0.000000
-1.932400
-0.966180
0.000000
4.830900
9.661800
6.763300
4.830900
4.830900
3.864700
1.932400
0.966180
0.966180
0.966180
1.932400
2.898600
0.000000
-8.695700
-13.527000
-16.424999
-13.527000
-10.628000
-7.729500
-6.763300
-1.932400
1.932400
5.797100
10.628000
10.628000
7.729500
5.797100
5.797100
3.864700
3.864700
0.000000
-0.966180
0.000000
2.898600
3.864700
4.830900
7.729500
11.594000
10.628000
7.729500
4.830900
3.864700
4.830900
3.864700
0.966180
-1.932400
-1.932400
0.000000
2.898600
6.763300
9.661800
10.628000
12.560000
14.493000
15.459000
12.560000
4.830900
0.966180
0.000000
0.000000
0.000000
-1.932400
-0.966180
-2.898600
-4.830900
-4.830900
-2.898600
-2.898600
-4.830900
-6.763300
-8.695700
-8.695700
-6.763300
-4.830900
-3.864700
-2.898600
-1.932400
-2.898600
-1.932400
-0.966180
-2.898600
-6.763300
-6.763300
-6.763300
-5.797100
-6.763300
-10.628000
-11.594000
-10.628000
-9.661800
-8.695700
-7.729500
-5.797100
-6.763300
-8.695700
-6.763300
-9.661800
-12.560000
-12.560000
-6.763300
-2.898600
-0.966180
-2.898600
-3.864700
-1.932400
0.966180
3.864700
4.830900
3.864700
2.898600
1.932400
1.932400
3.864700
2.898600
2.898600
6.763300
10.628000
8.695700
6.763300
3.864700
0.000000
0.966180
2.898600
4.830900
5.797100
5.797100
4.830900
2.898600
3.864700
7.729500
5.797100
2.898600
-0.966180
1.932400
5.797100
6.763300
4.830900
0.000000
-1.932400
-4.830900
-4.830900
-1.932400
-2.898600
-4.830900
-5.797100
-5.797100
-4.830900
-4.830900
-1.932400
0.000000
1.932400
5.797100
9.661800
14.493000
11.594000
4.830900
2.898600
2.898600
0.000000
-0.966180
-2.898600
-5.797100
-7.729500
-4.830900
-3.864700
0.000000
1.932400
1.932400
0.966180
-1.932400
-3.864700
-6.763300
-10.628000
-10.628000
-4.830900
0.966180
5.797100
7.729500
7.729500
5.797100
4.830900
1.932400
-2.898600
-4.830900
-5.797100
-6.763300
-6.763300
-5.797100
-7.729500
-7.729500
-5.797100
-2.898600
0.000000
2.898600
6.763300
9.661800
8.695700
6.763300
1.932400
-3.864700
-6.763300
-5.797100
-4.830900
-7.729500
-5.797100
-2.898600
-1.932400
0.000000
0.000000
0.966180
5.797100
7.729500
10.628000
9.661800
7.729500
8.695700
6.763300
0.966180
-2.898600
-0.966180
-0.966180
-1.932400
-1.932400
-1.932400
-3.864700
-4.830900
-2.898600
0.000000
2.898600
5.797100
5.797100
3.864700
3.864700
1.932400
2.898600
2.898600
-0.966180
-4.830900
-3.864700
-1.932400
-1.932400
-0.966180
0.966180
1.932400
2.898600
3.864700
3.864700
0.966180
-3.864700
-3.864700
0.000000
3.864700
6.763300
7.729500
3.864700
2.898600
2.898600
0.000000
-2.898600
-2.898600
-4.830900
-5.797100
-2.898600
0.000000
3.864700
4.830900
5.797100
4.830900
1.932400
-1.932400
-4.830900
-7.729500
-8.695700
-9.661800
-8.695700
-3.864700
0.966180
0.000000
-2.898600
0.000000
1.932400
5.797100
6.763300
5.797100
6.763300
7.729500
5.797100
1.932400
0.966180
0.966180
0.966180
1.932400
1.932400
2.898600
3.864700
3.864700
3.864700
1.932400
0.000000
-1.932400
-1.932400
-2.898600
-3.864700
-2.898600
-0.966180
0.000000
0.000000
-2.898600
-2.898600
-2.898600
-1.932400
-0.966180
1.932400
3.864700
1.932400
1.932400
3.864700
4.830900
6.763300
7.729500
6.763300
4.830900
1.932400
2.898600
0.966180
0.966180
2.898600
4.830900
1.932400
-1.932400
-1.932400
-0.966180
-3.864700
-6.763300
-7.729500
-5.797100
-5.797100
-4.830900
-4.830900
-3.864700
-0.966180
-0.966180
-1.932400
-0.966180
2.898600
8.695700
9.661800
7.729500
4.830900
0.966180
0.966180
0.000000
-3.864700
-5.797100
-6.763300
-6.763300
-8.695700
-9.661800
-7.729500
-3.864700
0.000000
-1.932400
-4.830900
-5.797100
-4.830900
-3.864700
-4.830900
-2.898600
-0.966180
-0.966180
-1.932400
-1.932400
0.000000
1.932400
3.864700
4.830900
2.898600
2.898600
4.830900
3.864700
1.932400
0.000000
-0.966180
-1.932400
-3.864700
-1.932400
-0.966180
-0.966180
0.966180
3.864700
3.864700
1.932400
1.932400
0.966180
-1.932400
-1.932400
0.000000
2.898600
2.898600
-2.898600
-6.763300
-6.763300
-3.864700
0.966180
4.830900
4.830900
4.830900
5.797100
4.830900
1.932400
0.966180
0.966180
-0.966180
-0.966180
-1.932400
1.932400
2.898600
2.898600
0.966180
1.932400
1.932400
-0.966180
-1.932400
-3.864700
-2.898600
-2.898600
-1.932400
-0.966180
0.000000
1.932400
2.898600
5.797100
6.763300
7.729500
8.695700
6.763300
3.864700
0.000000
-2.898600
-2.898600
-6.763300
-6.763300
-5.797100
-4.830900
-0.966180
0.966180
1.932400
3.864700
3.864700
6.763300
7.729500
6.763300
3.864700
3.864700
0.966180
-1.932400
-0.966180
-0.966180
1.932400
1.932400
-0.966180
0.000000
0.966180
3.864700
4.830900
2.898600
3.864700
3.864700
4.830900
2.898600
-1.932400
-3.864700
-3.864700
-0.966180
0.000000
-0.966180
0.000000
0.966180
-1.932400
-4.830900
-6.763300
-6.763300
-5.797100
-3.864700
-1.932400
-3.864700
-4.830900
-2.898600
1.932400
3.864700
3.864700
2.898600
-1.932400
-5.797100
-5.797100
-5.797100
-5.797100
-8.695700
-9.661800
-6.763300
-3.864700
-0.966180
-0.966180
-0.966180
0.000000
3.864700
8.695700
9.661800
6.763300
2.898600
-2.898600
-4.830900
-5.797100
-1.932400
1.932400
4.830900
0.966180
-0.966180
0.000000
0.000000
0.966180
3.864700
2.898600
0.966180
0.000000
-1.932400
-2.898600
-1.932400
-1.932400
-1.932400
2.898600
3.864700
3.864700
3.864700
4.830900
4.830900
4.830900
4.830900
6.763300
6.763300
4.830900
2.898600
-0.966180
-4.830900
-6.763300
-5.797100
-5.797100
-4.830900
-3.864700
-3.864700
-0.966180
2.898600
6.763300
6.763300
5.797100
2.898600
-4.830900
-7.729500
-4.830900
-0.966180
