7.020900
5.088600
1.223800
-1.352700
-1.996800
-2.640900
-1.996800
-1.996800
-3.285000
1.223800
5.732700
8.309200
10.242000
10.886000
8.309200
7.020900
8.309200
8.953300
2.512100
3.800300
2.512100
-0.708530
2.512100
3.800300
5.732700
7.665100
7.020900
9.597400
8.309200
7.665100
8.953300
8.309200
7.020900
1.223800
-4.573300
-5.861500
-0.708530
4.444400
4.444400
7.665100
10.886000
10.242000
7.665100
12.174000
7.665100
1.223800
-1.996800
-3.929100
-3.929100
0.579710
1.868000
1.223800
-0.064410
3.156200
8.953300
6.376800
3.800300
2.512100
2.512100
2.512100
3.156200
4.444400
3.800300
2.512100
3.156200
2.512100
-1.996800
-7.149800
-7.793900
-6.505600
-5.217400
-4.573300
-4.573300
-6.505600
-5.861500
0.579710
7.665100
15.395000
12.818000
2.512100
3.156200
3.800300
-0.064410
-3.285000
-7.793900
-8.438000
-11.659000
-12.947000
-13.591000
-9.082100
-2.640900
3.156200
7.020900
2.512100
-0.064410
1.223800
2.512100
3.156200
8.953300
12.174000
7.665100
5.088600
3.156200
1.223800
-0.064410
-0.708530
-7.149800
-9.082100
-9.082100
-11.014000
-9.726200
-8.438000
-9.726200
-8.438000
-7.793900
-5.861500
-2.640900
-0.064410
3.156200
3.156200
1.868000
-0.064410
4.444400
1.868000
-0.064410
-0.064410
1.223800
0.579710
-1.996800
-2.640900
-2.640900
-1.352700
0.579710
1.223800
-0.064410
-1.352700
1.868000
3.800300
2.512100
-1.996800
-6.505600
-5.861500
-4.573300
-6.505600
-3.929100
-0.064410
-1.996800
-1.996800
-1.996800
0.579710
3.800300
2.512100
-5.217400
-7.149800
-6.505600
-6.505600
-3.929100
-2.640900
-3.285000
-2.640900
-0.064410
3.156200
8.309200
5.732700
1.223800
3.156200
0.579710
-0.708530
-1.352700
-3.285000
-1.996800
0.579710
0.579710
-1.996800
-1.996800
1.868000
1.868000
1.223800
1.223800
-1.996800
-1.996800
-1.352700
-0.708530
-1.352700
0.579710
-3.285000
-3.929100
0.579710
-0.708530
-0.708530
-0.064410
-2.640900
-1.352700
-2.640900
-3.285000
-1.996800
1.223800
2.512100
5.088600
7.020900
4.444400
-0.708530
1.868000
-0.708530
-1.996800
-0.708530
-1.996800
-0.064410
-1.352700
-1.352700
1.223800
5.088600
-0.064410
-1.996800
-1.996800
-2.640900
-3.929100
-3.929100
-3.285000
-0.708530
4.444400
1.868000
2.512100
4.444400
3.800300
3.156200
-0.708530
-4.573300
-4.573300
-7.793900
-0.064410
5.088600
3.800300
1.868000
3.156200
3.156200
1.868000
1.223800
-0.064410
-1.352700
1.223800
3.156200
3.800300
5.088600
3.156200
3.156200
1.868000
-1.352700
-3.929100
-0.708530
2.512100
3.800300
3.156200
-1.352700
-1.352700
2.512100
3.800300
5.732700
1.223800
-0.064410
3.156200
0.579710
-0.708530
-0.708530
1.223800
0.579710
0.579710
-3.929100
-1.352700
1.223800
-0.064410
5.088600
6.376800
5.088600
4.444400
0.579710
-6.505600
-9.726200
-9.726200
-9.082100
-8.438000
-3.929100
3.800300
10.886000
14.750000
13.462000
19.903000
24.412001
20.548000
17.971001
15.395000
7.020900
3.156200
-3.285000
-4.573300
-8.438000
-12.303000
-12.303000
-9.726200
-7.793900
-2.640900
3.800300
-1.352700
0.579710
2.512100
-0.708530
-0.708530
-3.285000
-5.861500
-3.929100
-7.149800
-5.861500
-3.929100
-3.285000
-1.996800
-0.064410
5.732700
5.732700
2.512100
0.579710
-1.996800
-2.640900
-0.708530
0.579710
-5.217400
-8.438000
-11.014000
-11.659000
-8.438000
-7.793900
-8.438000
-8.438000
-8.438000
-7.793900
-5.217400
-1.996800
1.868000
3.800300
2.512100
1.868000
0.579710
-2.640900
-0.064410
1.868000
-0.064410
2.512100
0.579710
-2.640900
-3.285000
-4.573300
-1.996800
-1.996800
-1.996800
0.579710
3.156200
4.444400
-0.064410
-1.352700
-0.064410
2.512100
2.512100
1.223800
-2.640900
-5.861500
-7.793900
-9.082100
-9.082100
-8.438000
-7.149800
-4.573300
-4.573300
-3.285000
0.579710
-1.352700
-0.708530
1.868000
-0.064410
-2.640900
-5.861500
-8.438000
-3.929100
1.868000
5.732700
5.732700
10.886000
8.953300
3.800300
1.223800
1.868000
-3.285000
-10.370000
-3.929100
-0.064410
2.512100
4.444400
4.444400
6.376800
5.732700
3.800300
1.223800
-1.352700
2.512100
5.732700
5.732700
5.088600
4.444400
6.376800
5.732700
1.223800
-1.996800
-0.708530
1.223800
1.868000
6.376800
10.242000
4.444400
4.444400
2.512100
1.868000
1.223800
-1.352700
-2.640900
-7.149800
-3.285000
1.868000
1.868000
2.512100
3.156200
2.512100
4.444400
7.020900
5.732700
6.376800
7.665100
3.800300
1.223800
-0.708530
-2.640900
-2.640900
-0.064410
1.223800
0.579710
3.156200
1.223800
3.800300
8.309200
10.886000
12.818000
11.530000
9.597400
7.020900
5.732700
5.088600
5.732700
6.376800
4.444400
3.800300
2.512100
-0.064410
-2.640900
-4.573300
-1.996800
-1.996800
-5.217400
-5.861500
-5.217400
-5.861500
-3.285000
-5.217400
-6.505600
-5.861500
-3.929100
-1.352700
4.444400
3.156200
1.223800
-0.064410
1.223800
3.800300
-0.064410
-7.149800
-9.726200
-11.659000
-7.793900
-4.573300
0.579710
1.868000
5.732700
7.665100
5.732700
5.732700
7.020900
6.376800
2.512100
-1.352700
-3.929100
-2.640900
-0.708530
-3.929100
-3.929100
-3.929100
-8.438000
-6.505600
-7.149800
-9.082100
-8.438000
-8.438000
-10.370000
-7.149800
-1.352700
2.512100
3.800300
5.088600
0.579710
-1.352700
-0.064410
-2.640900
-3.929100
-9.082100
-13.591000
-9.726200
-8.438000
-3.929100
3.156200
4.444400
5.088600
6.376800
8.309200
10.242000
5.732700
3.156200
1.868000
-3.285000
1.868000
10.242000
14.106000
14.750000
14.106000
10.886000
6.376800
1.868000
-0.708530
-3.929100
-3.929100
-3.929100
-3.285000
-1.352700
3.800300
2.512100
2.512100
3.800300
3.156200
1.868000
0.579710
-0.708530
-1.352700
-3.285000
-2.640900
-0.708530
-1.996800
-3.929100
-6.505600
-3.929100
-0.708530
-0.708530
-0.064410
-1.352700
-1.996800
-1.996800
-1.352700
-0.708530
-1.996800
-3.929100
-1.996800
3.800300
6.376800
4.444400
3.800300
5.088600
0.579710
2.512100
2.512100
-0.064410
-1.996800
-4.573300
-8.438000
-9.726200
-3.929100
-1.996800
-2.640900
-2.640900
-0.708530
0.579710
1.223800
2.512100
3.156200
3.800300
-0.064410
-0.708530
-0.708530
-2.640900
-1.352700
-0.708530
-3.285000
-3.285000
-0.708530
1.868000
2.512100
7.020900
13.462000
16.683001
14.106000
7.665100
10.242000
9.597400
3.800300
2.512100
-2.640900
-6.505600
-5.861500
-7.149800
-4.573300
-0.064410
3.800300
1.868000
2.512100
3.800300
5.088600
1.223800
1.868000
-1.352700
-3.929100
-5.861500
-8.438000
-9.082100
-4.573300
-3.929100
-0.064410
1.868000
0.579710
-0.064410
-0.064410
2.512100
0.579710
0.579710
3.156200
3.800300
8.309200
10.242000
7.665100
8.309200
8.309200
11.530000
14.750000
16.683001
12.818000
7.665100
1.223800
-3.285000
-3.285000
-1.996800
-1.996800
-1.996800
-0.708530
-1.352700
-1.996800
-0.708530
1.223800
0.579710
1.868000
3.800300
4.444400
6.376800
8.309200
7.020900
7.665100
6.376800
1.868000
-2.640900
-5.861500
-7.149800
-5.217400
-2.640900
-1.352700
-3.929100
-6.505600
-1.352700
-0.708530
-3.285000
-1.996800
-3.285000
-3.285000
-4.573300
-5.217400
-1.352700
2.512100
2.512100
1.868000
2.512100
8.953300
12.818000
11.530000
7.665100
1.223800
1.223800
-1.996800
-4.573300
-5.217400
-6.505600
-2.640900
-2.640900
-2.640900
1.868000
4.444400
1.223800
1.223800
0.579710
2.512100
5.088600
3.800300
-0.064410
-4.573300
-7.793900
-6.505600
-9.726200
-10.370000
-8.438000
-9.726200
-11.014000
-11.014000
-9.082100
-12.303000
-11.659000
-11.014000
-5.861500
-3.285000
-5.861500
-4.573300
-4.573300
-0.708530
5.732700
5.088600
1.868000
-1.996800
-4.573300
-5.217400
-5.217400
-7.149800
-10.370000
-13.591000
-8.438000
-5.861500
-7.793900
-3.929100
-1.352700
-0.064410
2.512100
0.579710
1.868000
-0.064410
1.868000
6.376800
3.156200
-0.708530
-1.352700
-1.996800
-5.861500
-5.217400
-5.217400
-3.285000
-0.708530
2.512100
7.020900
10.242000
10.886000
9.597400
4.444400
2.512100
2.512100
0.579710
0.579710
4.444400
2.512100
3.156200
0.579710
-1.352700
1.868000
7.665100
5.732700
2.512100
5.732700
10.242000
10.886000
8.953300
11.530000
15.395000
14.750000
10.886000
6.376800
2.512100
0.579710
-5.861500
-4.573300
1.223800
1.223800
-0.064410
1.868000
1.868000
5.732700
3.156200
3.156200
5.732700
3.156200
1.868000
3.156200
3.156200
4.444400
2.512100
2.512100
5.732700
7.020900
4.444400
5.088600
6.376800
2.512100
6.376800
7.020900
10.886000
16.039000
10.886000
5.732700
2.512100
-0.064410
-3.929100
-2.640900
-0.708530
5.732700
12.818000
14.106000
12.818000
14.750000
16.039000
16.683001
12.818000
0.579710
-12.303000
-20.676001
-24.541000
-22.608999
-14.235000
-9.082100
-5.217400
-1.996800
-0.708530
-3.929100
-3.285000
-1.352700
-1.996800
-1.352700
-1.996800
-0.708530
1.223800
1.868000
5.732700
7.020900
7.665100
6.376800
6.376800
3.156200
-1.996800
-7.793900
-9.726200
-8.438000
-11.659000
-12.947000
-11.014000
-10.370000
-11.014000
-10.370000
-11.659000
-12.947000
-14.235000
-12.303000
-8.438000
-12.303000
-13.591000
-12.947000
-13.591000
-11.014000
-10.370000
-7.793900
-7.793900
-6.505600
-1.352700
-3.285000
-1.996800
-1.996800
-4.573300
-7.793900
-10.370000
-7.793900
-7.793900
-10.370000
-10.370000
-8.438000
-6.505600
-3.285000
4.444400
3.800300
-0.708530
-1.996800
-5.861500
-8.438000
-7.149800
-6.505600
-4.573300
-4.573300
0.579710
4.444400
2.512100
3.800300
5.732700
7.020900
5.088600
8.953300
11.530000
8.953300
8.309200
8.309200
8.953300
8.953300
8.953300
12.174000
9.597400
11.530000
12.174000
9.597400
5.732700
1.868000
1.223800
2.512100
2.512100
3.156200
5.732700
8.953300
9.597400
7.020900
3.800300
3.156200
-2.640900
-5.861500
-7.149800
-10.370000
-10.370000
-12.947000
-15.523000
-11.014000
-5.861500
-1.996800
0.579710
3.800300
3.800300
3.156200
1.868000
1.868000
2.512100
2.512100
5.088600
10.242000
14.750000
18.615000
16.039000
12.174000
10.242000
8.309200
5.732700
4.444400
1.868000
1.223800
4.444400
7.665100
5.732700
1.868000
5.088600
5.088600
5.732700
12.174000
9.597400
6.376800
2.512100
1.223800
-1.352700
1.223800
7.020900
7.665100
7.665100
6.376800
1.223800
-3.929100
-3.929100
-3.929100
-5.217400
-1.996800
-5.861500
-8.438000
-6.505600
-3.285000
-2.640900
-0.708530
5.732700
8.953300
6.376800
2.512100
0.579710
-0.708530
-5.217400
-10.370000
-12.303000
-10.370000
-9.726200
-8.438000
-6.505600
-9.082100
-8.438000
