-7.119700
-2.589000
3.236200
8.414200
12.298000
14.887000
14.887000
13.592000
9.708700
5.825200
2.589000
1.294500
2.589000
3.883500
8.414200
11.003000
8.414200
10.356000
11.650000
8.414200
0.000000
-5.178000
-7.767000
-11.003000
-15.534000
-20.712000
-20.065001
-14.887000
-4.530700
3.236200
4.530700
5.178000
9.061500
11.003000
15.534000
12.945000
4.530700
-7.119700
-12.945000
-9.061500
2.589000
11.650000
15.534000
12.945000
7.767000
5.825200
7.119700
5.178000
1.941700
-0.647250
-1.941700
-3.883500
-5.178000
-7.119700
-7.119700
-7.767000
-9.061500
-9.061500
-3.883500
1.941700
6.472500
10.356000
13.592000
12.945000
9.061500
-0.647250
-11.003000
-16.181000
-12.945000
-9.708700
-5.825200
1.294500
6.472500
11.650000
12.298000
7.119700
-0.647250
-5.825200
-7.767000
-11.003000
-14.887000
-16.181000
-17.476000
-16.827999
-11.003000
0.647250
12.945000
14.239000
11.650000
5.825200
-2.589000
-8.414200
-14.239000
-17.476000
-21.358999
-25.243000
-25.889999
-17.476000
-5.825200
6.472500
21.358999
33.009998
36.893002
36.893002
33.009998
25.889999
13.592000
1.294500
-9.708700
-19.417000
-24.594999
-26.537001
-25.243000
-21.358999
-14.239000
-8.414200
-3.236200
4.530700
9.061500
11.650000
13.592000
12.298000
9.061500
4.530700
-3.236200
-11.003000
-14.887000
-13.592000
-7.119700
0.647250
5.178000
5.178000
3.883500
5.178000
8.414200
11.003000
10.356000
10.356000
11.650000
10.356000
11.650000
9.708700
6.472500
2.589000
-1.294500
-1.294500
1.941700
1.294500
-5.825200
-12.298000
-9.708700
-5.825200
0.000000
1.941700
1.941700
1.941700
-2.589000
-7.119700
-11.650000
-11.650000
-7.767000
-5.178000
-1.294500
2.589000
9.708700
14.887000
17.476000
20.065001
18.770000
17.476000
12.945000
3.883500
-3.883500
-9.708700
-14.887000
-16.181000
-13.592000
-11.003000
-6.472500
1.941700
9.061500
11.650000
11.650000
10.356000
8.414200
1.941700
-7.119700
-12.298000
-14.239000
-17.476000
-16.827999
-11.650000
-7.767000
-3.236200
3.236200
10.356000
15.534000
15.534000
14.239000
12.298000
9.061500
7.119700
6.472500
1.941700
0.647250
-0.647250
0.000000
2.589000
1.941700
0.647250
1.941700
4.530700
4.530700
0.647250
-1.941700
-5.825200
-9.061500
-7.119700
-8.414200
-6.472500
-7.119700
-5.825200
-3.236200
-3.236200
-3.236200
-6.472500
-6.472500
-4.530700
-3.236200
0.000000
1.294500
2.589000
2.589000
1.941700
2.589000
0.000000
-6.472500
-11.650000
-10.356000
-1.941700
1.941700
7.767000
13.592000
16.827999
16.827999
13.592000
12.298000
10.356000
3.236200
-9.061500
-20.065001
-25.243000
-25.243000
-18.122999
-10.356000
-4.530700
5.825200
13.592000
19.417000
18.122999
12.298000
4.530700
-3.236200
-8.414200
-14.239000
-16.827999
-13.592000
-5.178000
4.530700
16.181000
25.243000
25.243000
20.065001
11.650000
1.294500
-7.767000
-16.827999
-19.417000
-19.417000
-15.534000
-6.472500
3.236200
13.592000
24.594999
30.421000
27.832001
18.122999
3.883500
-8.414200
-17.476000
-22.006001
-23.948000
-18.770000
-11.003000
-3.236200
5.178000
10.356000
14.239000
18.122999
16.181000
13.592000
11.003000
5.825200
-3.236200
-8.414200
-9.708700
-11.003000
-9.061500
-7.119700
-5.825200
-3.883500
-0.647250
2.589000
6.472500
10.356000
11.003000
7.767000
1.294500
-4.530700
-9.708700
-11.650000
-10.356000
-12.298000
-14.887000
-12.945000
-9.061500
-6.472500
-4.530700
-5.178000
-8.414200
-12.298000
-11.650000
-3.236200
7.119700
12.945000
14.887000
13.592000
10.356000
9.061500
5.825200
-1.294500
-9.708700
-17.476000
-20.065001
-11.650000
-0.647250
7.767000
11.650000
11.650000
12.298000
11.650000
11.003000
7.119700
1.294500
0.000000
2.589000
1.294500
3.236200
5.178000
4.530700
1.294500
-1.941700
-1.941700
0.000000
-5.825200
-9.061500
-5.178000
1.294500
5.825200
12.298000
14.887000
9.708700
0.647250
-9.061500
-11.650000
-9.708700
-5.178000
0.000000
6.472500
7.767000
3.883500
-1.294500
-6.472500
-8.414200
-9.061500
-9.708700
-9.708700
-7.767000
-5.825200
-2.589000
3.236200
7.767000
8.414200
6.472500
1.941700
-3.883500
-11.003000
-14.887000
-11.650000
-9.061500
-11.003000
-6.472500
-1.941700
4.530700
11.650000
15.534000
16.827999
15.534000
12.298000
7.767000
3.236200
-1.294500
-9.061500
-12.945000
-13.592000
-9.061500
-3.883500
0.647250
3.883500
6.472500
9.061500
11.650000
9.061500
3.883500
-0.647250
-4.530700
-6.472500
-6.472500
-7.119700
-5.825200
-4.530700
-3.883500
-0.647250
2.589000
3.236200
0.647250
-2.589000
-4.530700
-8.414200
-5.825200
-1.294500
2.589000
5.825200
9.708700
12.945000
11.650000
9.708700
5.178000
2.589000
0.647250
-0.647250
-0.647250
1.294500
5.178000
6.472500
7.767000
5.825200
6.472500
6.472500
6.472500
5.825200
3.236200
1.941700
3.236200
6.472500
8.414200
6.472500
3.236200
2.589000
0.647250
-2.589000
-5.825200
-7.119700
-2.589000
-0.647250
3.236200
6.472500
3.883500
-0.647250
-1.294500
1.941700
6.472500
9.061500
6.472500
1.294500
0.647250
-1.294500
-4.530700
-6.472500
-10.356000
-9.708700
-10.356000
-11.003000
-7.119700
-3.236200
1.294500
1.294500
-1.294500
-7.119700
-7.767000
-3.883500
-1.294500
-1.941700
-1.294500
-0.647250
1.294500
5.178000
8.414200
5.825200
-1.941700
-9.061500
-8.414200
-0.647250
8.414200
14.887000
13.592000
12.298000
11.650000
11.003000
11.003000
3.883500
-7.767000
-17.476000
-22.653999
-16.181000
-4.530700
3.236200
9.708700
14.239000
18.122999
19.417000
18.770000
17.476000
10.356000
-1.941700
-12.298000
-18.770000
-22.653999
-22.006001
-14.887000
-1.941700
9.061500
17.476000
20.712000
19.417000
13.592000
5.825200
-1.294500
-11.650000
-19.417000
-20.712000
-19.417000
-15.534000
-11.650000
-5.178000
-0.647250
0.647250
0.647250
2.589000
7.119700
11.003000
11.650000
2.589000
-6.472500
-8.414200
-5.178000
0.000000
1.941700
3.883500
5.825200
7.767000
9.708700
5.178000
-1.294500
-5.825200
-9.061500
-10.356000
-8.414200
-6.472500
-5.178000
-5.825200
-2.589000
3.883500
5.825200
4.530700
0.647250
-1.294500
0.000000
0.647250
-1.941700
-4.530700
-7.119700
-11.650000
-14.239000
-14.887000
-15.534000
-14.887000
-13.592000
-9.708700
-2.589000
1.294500
3.883500
7.119700
7.767000
8.414200
7.767000
7.119700
3.236200
-2.589000
-7.119700
-8.414200
-7.767000
-7.767000
-3.883500
-1.294500
3.883500
12.945000
19.417000
21.358999
22.653999
20.065001
14.239000
3.883500
-6.472500
-14.887000
-17.476000
-13.592000
-7.767000
-0.647250
7.119700
14.887000
22.006001
22.006001
17.476000
11.003000
1.941700
-3.236200
-3.236200
-5.178000
-9.708700
-12.298000
-9.061500
-1.294500
7.767000
13.592000
14.239000
8.414200
-1.941700
-7.767000
-5.825200
-2.589000
0.647250
2.589000
3.236200
1.941700
-0.647250
0.000000
6.472500
11.003000
12.945000
10.356000
7.767000
2.589000
-3.883500
-9.708700
-13.592000
-14.887000
-17.476000
-18.122999
-19.417000
-16.827999
-9.708700
-5.825200
-0.647250
6.472500
12.945000
12.298000
7.767000
0.647250
-5.825200
-9.708700
-18.770000
-23.301001
-22.006001
-18.770000
-13.592000
-11.003000
-8.414200
0.647250
14.887000
25.243000
29.125999
27.832001
22.653999
18.122999
16.181000
9.061500
3.236200
-5.178000
-15.534000
-15.534000
-3.883500
7.767000
15.534000
16.181000
7.767000
-0.647250
-7.767000
-13.592000
-16.181000
-16.181000
-16.181000
-9.708700
-0.647250
7.119700
14.887000
19.417000
23.301001
24.594999
21.358999
12.298000
5.178000
0.000000
-3.236200
-2.589000
-1.294500
-2.589000
-5.178000
-7.767000
-4.530700
1.941700
5.825200
4.530700
0.647250
-6.472500
-11.003000
-9.708700
-9.708700
-10.356000
-11.003000
-12.945000
-12.298000
-12.945000
-11.003000
-8.414200
-7.767000
-3.883500
-2.589000
-3.236200
-2.589000
-1.941700
1.941700
5.178000
7.767000
5.178000
0.000000
-2.589000
-3.236200
-5.178000
-5.825200
-9.708700
-10.356000
-7.119700
-1.294500
4.530700
9.061500
13.592000
14.239000
11.003000
3.236200
-5.178000
-10.356000
-9.708700
-3.883500
-1.294500
-2.589000
-1.941700
1.294500
7.119700
12.945000
12.298000
7.767000
1.294500
-3.883500
-7.767000
-12.945000
-17.476000
-16.181000
-10.356000
-1.941700
6.472500
11.650000
16.181000
19.417000
17.476000
11.003000
0.647250
-7.767000
-9.708700
-9.708700
-4.530700
5.178000
12.298000
15.534000
18.770000
19.417000
14.887000
11.650000
9.061500
7.119700
1.941700
-1.941700
-5.178000
-5.825200
-1.941700
4.530700
11.003000
12.298000
7.767000
3.883500
0.000000
0.000000
-1.941700
-3.236200
-2.589000
-5.825200
-11.003000
-12.298000
-9.061500
-1.294500
9.708700
16.181000
16.827999
13.592000
7.767000
1.941700
-1.294500
0.647250
2.589000
0.647250
-3.236200
-6.472500
-3.883500
3.236200
9.061500
9.708700
6.472500
-1.294500
-12.298000
-15.534000
-11.650000
-4.530700
4.530700
10.356000
12.945000
12.945000
10.356000
5.825200
-0.647250
-12.298000
-23.301001
-27.184000
-24.594999
-14.887000
-1.941700
7.767000
15.534000
20.065001
19.417000
16.181000
3.883500
-11.650000
-21.358999
-28.479000
-27.184000
-25.889999
-23.948000
-18.770000
-14.239000
-6.472500
1.294500
3.883500
8.414200
9.708700
8.414200
6.472500
1.941700
-3.236200
-5.178000
-7.119700
-8.414200
-7.767000
-5.825200
-1.941700
3.236200
5.825200
9.061500
3.883500
0.000000
0.647250
-0.647250
-2.589000
-2.589000
-5.178000
-3.236200
-2.589000
-3.883500
-2.589000
1.941700
5.825200
8.414200
11.003000
15.534000
15.534000
10.356000
2.589000
-4.530700
-9.708700
-12.945000
-12.298000
-8.414200
-5.825200
-1.294500
0.000000
2.589000
5.825200
9.708700
9.708700
9.708700
5.178000
-5.178000
-14.887000
-17.476000
-11.650000
-2.589000
5.178000
11.650000
13.592000
14.887000
11.650000
7.119700
9.061500
9.708700
7.767000
4.530700
0.647250
0.000000
-0.647250
-1.941700
-3.883500
-2.589000
1.294500
5.825200
6.472500
3.236200
1.941700
0.647250
3.236200
10.356000
9.061500
2.589000
-5.178000
-11.003000
-7.767000
-5.178000
-5.825200
-5.825200
-7.119700
-5.825200
-5.178000
0.647250
7.767000
7.767000
7.119700
7.767000
9.708700
7.119700
2.589000
-3.236200
-7.767000
-6.472500
-3.883500
0.000000
1.294500
0.000000
-1.294500
0.647250
5.178000
9.061500
12.945000
14.239000
14.239000
10.356000
7.767000
1.941700
-7.119700
-15.534000
-19.417000
-19.417000
-14.887000
-9.061500
-5.178000
-1.294500
1.941700
4.530700
7.767000
9.061500
9.708700
7.119700
3.883500
-0.647250
-3.883500
-9.708700
-17.476000
-22.006001
-18.122999
-8.414200
1.294500
5.825200
9.708700
14.239000
17.476000
18.122999
16.181000
