-7.066700
-1.066700
-1.066700
-7.066700
-6.066700
-4.066700
-2.066700
-3.066700
-4.066700
-9.066700
-10.067000
-7.066700
-4.066700
-0.066670
-0.066670
-5.066700
-6.066700
-3.066700
-1.066700
-4.066700
-3.066700
1.933300
-2.066700
-3.066700
-3.066700
-4.066700
-2.066700
-4.066700
-4.066700
-2.066700
0.933330
2.933300
4.933300
1.933300
-1.066700
0.933330
5.933300
8.933300
6.933300
5.933300
8.933300
5.933300
-3.066700
-4.066700
-0.066670
2.933300
-1.066700
2.933300
-1.066700
-3.066700
-4.066700
-1.066700
3.933300
5.933300
6.933300
7.933300
6.933300
1.933300
0.933330
7.933300
4.933300
-1.066700
-2.066700
0.933330
1.933300
2.933300
1.933300
2.933300
2.933300
2.933300
5.933300
7.933300
6.933300
5.933300
5.933300
2.933300
1.933300
-0.066670
1.933300
-1.066700
-3.066700
-1.066700
-5.066700
-1.066700
-3.066700
-3.066700
0.933330
2.933300
6.933300
-0.066670
-5.066700
1.933300
2.933300
-2.066700
0.933330
4.933300
4.933300
5.933300
5.933300
5.933300
4.933300
7.933300
10.933000
8.933300
4.933300
-0.066670
0.933330
5.933300
5.933300
3.933300
0.933330
-4.066700
-5.066700
-0.066670
4.933300
5.933300
2.933300
-5.066700
-8.066700
-7.066700
-9.066700
-7.066700
-0.066670
3.933300
3.933300
5.933300
4.933300
2.933300
4.933300
5.933300
-0.066670
-2.066700
-3.066700
-1.066700
2.933300
2.933300
6.933300
7.933300
7.933300
8.933300
8.933300
9.933300
9.933300
5.933300
2.933300
5.933300
5.933300
6.933300
10.933000
11.933000
12.933000
11.933000
9.933300
8.933300
7.933300
6.933300
-2.066700
-5.066700
-3.066700
1.933300
4.933300
1.933300
4.933300
6.933300
5.933300
4.933300
3.933300
2.933300
0.933330
0.933330
4.933300
5.933300
-2.066700
-9.066700
-9.066700
-4.066700
1.933300
4.933300
1.933300
-1.066700
-12.067000
-13.067000
-4.066700
1.933300
7.933300
4.933300
-1.066700
-4.066700
-6.066700
-6.066700
-10.067000
-13.067000
-9.066700
-7.066700
-8.066700
-7.066700
-4.066700
-1.066700
-4.066700
-4.066700
-1.066700
-5.066700
-3.066700
-4.066700
-11.067000
-8.066700
-2.066700
-6.066700
-3.066700
-0.066670
-2.066700
-3.066700
-6.066700
-6.066700
-3.066700
-0.066670
1.933300
0.933330
3.933300
2.933300
-2.066700
-7.066700
-9.066700
-5.066700
-4.066700
-6.066700
-4.066700
-4.066700
-1.066700
1.933300
0.933330
-3.066700
2.933300
4.933300
-0.066670
-3.066700
-7.066700
-4.066700
-1.066700
-4.066700
-5.066700
-4.066700
-3.066700
-3.066700
-6.066700
-6.066700
-4.066700
-4.066700
-3.066700
-1.066700
-2.066700
-5.066700
-5.066700
-6.066700
-7.066700
-4.066700
-0.066670
-1.066700
1.933300
3.933300
-0.066670
-2.066700
2.933300
-0.066670
-2.066700
-0.066670
-2.066700
-0.066670
-4.066700
-1.066700
0.933330
-3.066700
-2.066700
2.933300
5.933300
6.933300
10.933000
9.933300
3.933300
5.933300
11.933000
10.933000
7.933300
5.933300
1.933300
-3.066700
-6.066700
-3.066700
-0.066670
0.933330
5.933300
13.933000
7.933300
2.933300
7.933300
5.933300
-1.066700
-0.066670
0.933330
1.933300
-3.066700
-3.066700
-0.066670
2.933300
5.933300
6.933300
3.933300
4.933300
0.933330
-6.066700
-4.066700
3.933300
-1.066700
-7.066700
-5.066700
-1.066700
-0.066670
4.933300
0.933330
6.933300
8.933300
7.933300
3.933300
2.933300
9.933300
3.933300
2.933300
-1.066700
-7.066700
-8.066700
-8.066700
-12.067000
-10.067000
-6.066700
-5.066700
-1.066700
0.933330
1.933300
4.933300
3.933300
1.933300
-0.066670
5.933300
-1.066700
-7.066700
-9.066700
-9.066700
-9.066700
-11.067000
-11.067000
-5.066700
-10.067000
-12.067000
-5.066700
-4.066700
-4.066700
-7.066700
-8.066700
-4.066700
-1.066700
0.933330
0.933330
1.933300
-1.066700
-2.066700
3.933300
0.933330
-0.066670
-1.066700
-2.066700
2.933300
2.933300
-1.066700
1.933300
-1.066700
4.933300
2.933300
1.933300
1.933300
2.933300
3.933300
-1.066700
-5.066700
-0.066670
-0.066670
1.933300
5.933300
2.933300
0.933330
-3.066700
-7.066700
-11.067000
-14.067000
-8.066700
-7.066700
-8.066700
-3.066700
-0.066670
-0.066670
0.933330
3.933300
4.933300
-1.066700
1.933300
-0.066670
-1.066700
2.933300
-0.066670
-2.066700
-5.066700
-6.066700
-1.066700
-1.066700
-2.066700
-2.066700
-3.066700
-2.066700
-9.066700
-10.067000
-8.066700
-7.066700
-3.066700
-1.066700
-1.066700
-0.066670
-7.066700
-8.066700
-10.067000
-6.066700
-4.066700
-6.066700
-4.066700
-3.066700
-5.066700
-2.066700
3.933300
0.933330
-0.066670
-3.066700
-8.066700
-0.066670
2.933300
3.933300
1.933300
3.933300
4.933300
2.933300
2.933300
6.933300
7.933300
-1.066700
-5.066700
3.933300
0.933330
-4.066700
-1.066700
1.933300
3.933300
3.933300
1.933300
-1.066700
-1.066700
-4.066700
-1.066700
0.933330
-0.066670
2.933300
3.933300
-1.066700
1.933300
-3.066700
-2.066700
7.933300
8.933300
1.933300
-1.066700
2.933300
8.933300
1.933300
-0.066670
5.933300
-0.066670
-3.066700
-0.066670
-4.066700
-1.066700
4.933300
10.933000
6.933300
3.933300
8.933300
6.933300
4.933300
1.933300
0.933330
2.933300
0.933330
-4.066700
-3.066700
-6.066700
-7.066700
0.933330
9.933300
9.933300
2.933300
0.933330
6.933300
6.933300
7.933300
4.933300
2.933300
0.933330
-0.066670
6.933300
12.933000
7.933300
5.933300
8.933300
4.933300
1.933300
5.933300
6.933300
6.933300
4.933300
5.933300
16.933001
8.933300
-2.066700
0.933330
6.933300
7.933300
3.933300
2.933300
2.933300
2.933300
4.933300
10.933000
5.933300
2.933300
5.933300
4.933300
8.933300
10.933000
10.933000
12.933000
11.933000
11.933000
8.933300
8.933300
13.933000
16.933001
10.933000
4.933300
4.933300
6.933300
11.933000
13.933000
8.933300
5.933300
10.933000
7.933300
5.933300
12.933000
7.933300
6.933300
7.933300
7.933300
7.933300
7.933300
9.933300
3.933300
3.933300
3.933300
6.933300
12.933000
20.933001
10.933000
1.933300
0.933330
4.933300
8.933300
3.933300
4.933300
0.933330
-2.066700
-0.066670
3.933300
0.933330
-0.066670
2.933300
-0.066670
-1.066700
0.933330
3.933300
2.933300
-0.066670
-4.066700
-0.066670
2.933300
-4.066700
-5.066700
-5.066700
-0.066670
-3.066700
-2.066700
-1.066700
-1.066700
-0.066670
6.933300
6.933300
4.933300
3.933300
5.933300
4.933300
7.933300
6.933300
7.933300
6.933300
3.933300
-1.066700
-6.066700
-7.066700
-1.066700
-1.066700
4.933300
11.933000
6.933300
2.933300
6.933300
6.933300
6.933300
9.933300
3.933300
-0.066670
3.933300
0.933330
4.933300
2.933300
1.933300
2.933300
-2.066700
-2.066700
0.933330
2.933300
5.933300
1.933300
4.933300
4.933300
4.933300
5.933300
10.933000
10.933000
10.933000
18.933001
11.933000
0.933330
4.933300
8.933300
4.933300
11.933000
8.933300
6.933300
9.933300
8.933300
8.933300
13.933000
9.933300
4.933300
5.933300
2.933300
2.933300
4.933300
1.933300
0.933330
-5.066700
-2.066700
-3.066700
-6.066700
-4.066700
-8.066700
-10.067000
-11.067000
-7.066700
-7.066700
-12.067000
-10.067000
-11.067000
-5.066700
-5.066700
-14.067000
-18.066999
-15.067000
-13.067000
-12.067000
-4.066700
-8.066700
-11.067000
-12.067000
-11.067000
-6.066700
-13.067000
-19.066999
-15.067000
-7.066700
4.933300
0.933330
-9.066700
-9.066700
-5.066700
-3.066700
0.933330
-3.066700
-0.066670
-2.066700
-9.066700
-5.066700
-3.066700
-5.066700
-5.066700
-3.066700
-4.066700
-1.066700
10.933000
3.933300
-6.066700
-2.066700
1.933300
2.933300
-1.066700
-2.066700
4.933300
7.933300
-0.066670
-2.066700
5.933300
0.933330
-6.066700
-7.066700
-0.066670
8.933300
-3.066700
-7.066700
2.933300
9.933300
8.933300
6.933300
1.933300
0.933330
7.933300
4.933300
-3.066700
-0.066670
0.933330
-7.066700
-10.067000
-8.066700
-4.066700
1.933300
1.933300
5.933300
2.933300
-2.066700
2.933300
-1.066700
-5.066700
-7.066700
-6.066700
-2.066700
-1.066700
-4.066700
3.933300
3.933300
-8.066700
-8.066700
0.933330
-2.066700
-5.066700
-4.066700
-1.066700
4.933300
-4.066700
-15.067000
-15.067000
-12.067000
-13.067000
-12.067000
-13.067000
-9.066700
-12.067000
-11.067000
-5.066700
-7.066700
-8.066700
-1.066700
-9.066700
-14.067000
-12.067000
-8.066700
-8.066700
-10.067000
-11.067000
-6.066700
-9.066700
-13.067000
-11.067000
-7.066700
-7.066700
-1.066700
-8.066700
-8.066700
-6.066700
-8.066700
-12.067000
-12.067000
-9.066700
-1.066700
3.933300
-4.066700
-6.066700
1.933300
-4.066700
-9.066700
-6.066700
-3.066700
0.933330
1.933300
3.933300
2.933300
-1.066700
-6.066700
-2.066700
2.933300
1.933300
2.933300
8.933300
6.933300
5.933300
6.933300
8.933300
6.933300
8.933300
8.933300
8.933300
2.933300
7.933300
2.933300
-3.066700
-0.066670
2.933300
2.933300
6.933300
8.933300
1.933300
4.933300
5.933300
4.933300
7.933300
4.933300
3.933300
6.933300
12.933000
4.933300
-0.066670
4.933300
2.933300
0.933330
3.933300
3.933300
1.933300
-0.066670
-2.066700
3.933300
3.933300
5.933300
5.933300
-0.066670
1.933300
4.933300
8.933300
8.933300
8.933300
7.933300
7.933300
4.933300
4.933300
5.933300
1.933300
-5.066700
-6.066700
-8.066700
-7.066700
-5.066700
3.933300
6.933300
8.933300
10.933000
-2.066700
-5.066700
0.933330
0.933330
1.933300
5.933300
1.933300
-3.066700
-0.066670
1.933300
-1.066700
-2.066700
-1.066700
1.933300
-1.066700
-1.066700
-0.066670
0.933330
-4.066700
-6.066700
-10.067000
-9.066700
0.933330
-0.066670
-1.066700
0.933330
2.933300
-1.066700
6.933300
4.933300
-0.066670
4.933300
-3.066700
-8.066700
-4.066700
0.933330
-2.066700
-4.066700
5.933300
9.933300
7.933300
2.933300
-2.066700
1.933300
1.933300
2.933300
7.933300
4.933300
-0.066670
6.933300
3.933300
2.933300
1.933300
5.933300
0.933330
1.933300
3.933300
5.933300
2.933300
0.933330
7.933300
5.933300
-1.066700
0.933330
2.933300
-0.066670
-3.066700
-2.066700
0.933330
2.933300
8.933300
1.933300
-7.066700
-1.066700
2.933300
3.933300
-1.066700
-6.066700
-4.066700
3.933300
-1.066700
-1.066700
1.933300
-3.066700
5.933300
7.933300
4.933300
8.933300
8.933300
12.933000
5.933300
6.933300
6.933300
5.933300
5.933300
6.933300
7.933300
3.933300
0.933330
2.933300
10.933000
6.933300
4.933300
1.933300
3.933300
-0.066670
-4.066700
1.933300
-3.066700
-4.066700
1.933300
3.933300
6.933300
8.933300
12.933000
7.933300
1.933300
12.933000
5.933300
1.933300
4.933300
5.933300
6.933300
11.933000
12.933000
5.933300
7.933300
5.933300
