-13.861000
-9.901000
-6.930700
-7.920800
-11.881000
-9.901000
-10.891000
-14.851000
-17.822001
-20.792000
-18.812000
-12.871000
-8.910900
-8.910900
-6.930700
-6.930700
-11.881000
-16.832001
-22.771999
-25.743000
-21.782000
-13.861000
-6.930700
0.000000
4.950500
4.950500
0.990100
-2.970300
-5.940600
-9.901000
-13.861000
-15.842000
-16.832001
-14.851000
-14.851000
-7.920800
0.990100
4.950500
1.980200
0.000000
2.970300
-2.970300
-10.891000
-11.881000
-10.891000
-11.881000
-9.901000
-3.960400
-2.970300
0.000000
2.970300
2.970300
0.000000
-5.940600
-6.930700
-6.930700
-10.891000
-11.881000
-10.891000
-5.940600
3.960400
9.901000
11.881000
13.861000
12.871000
10.891000
6.930700
2.970300
-2.970300
-5.940600
-6.930700
-6.930700
-6.930700
-1.980200
1.980200
4.950500
2.970300
0.000000
-1.980200
-5.940600
-7.920800
-7.920800
-4.950500
-3.960400
-6.930700
-5.940600
-3.960400
-4.950500
-6.930700
-5.940600
-5.940600
-4.950500
-5.940600
-9.901000
-8.910900
-6.930700
-8.910900
-8.910900
-9.901000
-10.891000
-6.930700
-2.970300
-2.970300
-3.960400
-9.901000
-14.851000
-13.861000
-10.891000
-5.940600
-4.950500
-5.940600
-6.930700
-4.950500
0.990100
2.970300
-2.970300
-12.871000
-17.822001
-17.822001
-15.842000
-8.910900
-2.970300
5.940600
13.861000
16.832001
16.832001
9.901000
3.960400
-2.970300
-6.930700
-8.910900
-10.891000
-10.891000
-4.950500
0.990100
5.940600
10.891000
11.881000
11.881000
10.891000
7.920800
3.960400
1.980200
0.000000
-1.980200
-0.990100
1.980200
5.940600
13.861000
18.812000
21.782000
19.802000
13.861000
9.901000
7.920800
4.950500
0.990100
-2.970300
-7.920800
-4.950500
0.990100
5.940600
15.842000
24.752001
21.782000
16.832001
15.842000
13.861000
13.861000
11.881000
6.930700
0.990100
-6.930700
-10.891000
-12.871000
-9.901000
-1.980200
3.960400
4.950500
6.930700
10.891000
14.851000
15.842000
17.822001
18.812000
9.901000
-0.990100
-6.930700
-7.920800
-7.920800
-5.940600
-0.990100
5.940600
11.881000
15.842000
16.832001
16.832001
15.842000
12.871000
12.871000
10.891000
3.960400
0.990100
0.000000
-1.980200
0.000000
4.950500
7.920800
9.901000
9.901000
5.940600
4.950500
3.960400
3.960400
3.960400
3.960400
10.891000
15.842000
14.851000
14.851000
9.901000
4.950500
1.980200
2.970300
3.960400
1.980200
5.940600
11.881000
11.881000
9.901000
13.861000
15.842000
14.851000
13.861000
8.910900
1.980200
-3.960400
-5.940600
0.000000
0.990100
4.950500
7.920800
5.940600
3.960400
2.970300
4.950500
8.910900
10.891000
8.910900
2.970300
0.990100
1.980200
-1.980200
-6.930700
-7.920800
-3.960400
3.960400
8.910900
14.851000
17.822001
15.842000
11.881000
11.881000
10.891000
3.960400
-2.970300
-5.940600
-8.910900
-9.901000
-7.920800
-2.970300
1.980200
4.950500
6.930700
9.901000
12.871000
14.851000
14.851000
14.851000
14.851000
16.832001
13.861000
3.960400
-3.960400
-9.901000
-12.871000
-10.891000
-5.940600
-0.990100
8.910900
14.851000
12.871000
11.881000
8.910900
9.901000
7.920800
0.000000
-2.970300
-3.960400
-2.970300
-2.970300
-0.990100
0.990100
3.960400
5.940600
8.910900
7.920800
0.000000
-1.980200
-3.960400
-5.940600
-2.970300
-2.970300
-3.960400
-3.960400
-2.970300
-4.950500
-5.940600
-10.891000
-9.901000
0.000000
5.940600
6.930700
5.940600
3.960400
0.990100
-2.970300
-5.940600
-12.871000
-14.851000
-15.842000
-16.832001
-14.851000
-11.881000
-7.920800
-2.970300
3.960400
6.930700
3.960400
-2.970300
-5.940600
-12.871000
-20.792000
-20.792000
-19.802000
-19.802000
-19.802000
-21.782000
-21.782000
-19.802000
-19.802000
-19.802000
-20.792000
-19.802000
-17.822001
-13.861000
-10.891000
-10.891000
-8.910900
-7.920800
-7.920800
-8.910900
-13.861000
-14.851000
-11.881000
-10.891000
-10.891000
-10.891000
-6.930700
-2.970300
-0.990100
-2.970300
-3.960400
-5.940600
-9.901000
-13.861000
-13.861000
-12.871000
-10.891000
-9.901000
-9.901000
-8.910900
-10.891000
-11.881000
-9.901000
-10.891000
-11.881000
-11.881000
-10.891000
-12.871000
-15.842000
-18.812000
-18.812000
-19.802000
-23.761999
-20.792000
-11.881000
-7.920800
-4.950500
1.980200
7.920800
7.920800
2.970300
-1.980200
-5.940600
-5.940600
-7.920800
-9.901000
-7.920800
-6.930700
-3.960400
-1.980200
-1.980200
-4.950500
-4.950500
-4.950500
-3.960400
-4.950500
-4.950500
-4.950500
-6.930700
-8.910900
-10.891000
-7.920800
-5.940600
-6.930700
-10.891000
-12.871000
-12.871000
-9.901000
-4.950500
-6.930700
-7.920800
-7.920800
-4.950500
1.980200
9.901000
12.871000
7.920800
3.960400
3.960400
1.980200
-0.990100
-1.980200
-0.990100
-1.980200
-3.960400
-3.960400
-2.970300
-2.970300
-3.960400
-2.970300
0.990100
1.980200
0.000000
-3.960400
-5.940600
-4.950500
0.000000
5.940600
6.930700
6.930700
3.960400
2.970300
2.970300
1.980200
6.930700
5.940600
-2.970300
-9.901000
-9.901000
-2.970300
2.970300
9.901000
12.871000
11.881000
11.881000
12.871000
10.891000
5.940600
0.990100
-5.940600
-7.920800
-3.960400
-2.970300
-0.990100
4.950500
10.891000
16.832001
16.832001
14.851000
11.881000
6.930700
2.970300
-0.990100
-3.960400
-2.970300
-0.990100
-2.970300
0.000000
2.970300
6.930700
8.910900
4.950500
6.930700
12.871000
13.861000
10.891000
8.910900
5.940600
0.000000
-2.970300
-0.990100
1.980200
7.920800
10.891000
11.881000
9.901000
8.910900
7.920800
7.920800
8.910900
11.881000
12.871000
8.910900
4.950500
-2.970300
-7.920800
-1.980200
4.950500
11.881000
16.832001
21.782000
22.771999
24.752001
24.752001
21.782000
20.792000
16.832001
12.871000
12.871000
13.861000
13.861000
13.861000
12.871000
13.861000
15.842000
15.842000
13.861000
9.901000
11.881000
15.842000
17.822001
19.802000
22.771999
20.792000
17.822001
15.842000
13.861000
8.910900
-1.980200
-5.940600
-0.990100
9.901000
20.792000
22.771999
17.822001
17.822001
17.822001
11.881000
5.940600
4.950500
5.940600
2.970300
1.980200
2.970300
2.970300
4.950500
6.930700
8.910900
7.920800
5.940600
0.000000
-6.930700
-10.891000
-14.851000
-12.871000
-8.910900
-8.910900
-8.910900
-9.901000
-4.950500
0.990100
4.950500
6.930700
5.940600
1.980200
-2.970300
-3.960400
-7.920800
-10.891000
-6.930700
-2.970300
0.990100
2.970300
0.000000
0.990100
2.970300
2.970300
4.950500
5.940600
5.940600
4.950500
6.930700
9.901000
15.842000
18.812000
17.822001
14.851000
6.930700
0.000000
-3.960400
-4.950500
-2.970300
2.970300
8.910900
11.881000
8.910900
5.940600
0.000000
-7.920800
-8.910900
-6.930700
-1.980200
1.980200
11.881000
16.832001
16.832001
14.851000
11.881000
5.940600
-1.980200
-6.930700
-10.891000
-10.891000
-8.910900
-2.970300
4.950500
8.910900
15.842000
22.771999
23.761999
24.752001
21.782000
12.871000
7.920800
7.920800
8.910900
7.920800
6.930700
8.910900
11.881000
11.881000
7.920800
6.930700
4.950500
3.960400
4.950500
3.960400
-0.990100
1.980200
4.950500
3.960400
0.990100
-7.920800
-12.871000
-15.842000
-13.861000
-9.901000
-6.930700
-3.960400
-7.920800
-8.910900
-11.881000
-14.851000
-14.851000
-15.842000
-17.822001
-19.802000
-19.802000
-16.832001
-17.822001
-19.802000
-17.822001
-14.851000
-12.871000
-12.871000
-11.881000
-9.901000
-9.901000
-15.842000
-19.802000
-18.812000
-13.861000
-6.930700
-2.970300
-1.980200
0.000000
1.980200
4.950500
4.950500
0.000000
0.000000
-3.960400
-5.940600
-4.950500
-2.970300
0.000000
0.990100
-0.990100
-3.960400
-1.980200
1.980200
-1.980200
-9.901000
-7.920800
-4.950500
-2.970300
-2.970300
0.000000
5.940600
7.920800
1.980200
1.980200
4.950500
2.970300
-3.960400
-4.950500
0.000000
1.980200
0.990100
2.970300
4.950500
13.861000
16.832001
13.861000
10.891000
7.920800
3.960400
5.940600
5.940600
5.940600
8.910900
6.930700
6.930700
4.950500
2.970300
5.940600
6.930700
9.901000
8.910900
6.930700
5.940600
5.940600
7.920800
8.910900
6.930700
3.960400
1.980200
0.000000
1.980200
1.980200
-3.960400
-6.930700
-5.940600
-3.960400
-2.970300
-1.980200
4.950500
2.970300
-5.940600
-10.891000
-8.910900
-8.910900
-12.871000
-16.832001
-19.802000
-18.812000
-17.822001
-14.851000
-10.891000
-6.930700
-3.960400
-4.950500
-10.891000
-14.851000
-12.871000
-7.920800
-3.960400
-2.970300
-5.940600
-7.920800
-8.910900
-7.920800
-3.960400
0.000000
2.970300
0.000000
-6.930700
-10.891000
-12.871000
-11.881000
-8.910900
-6.930700
-3.960400
4.950500
8.910900
5.940600
0.990100
-0.990100
-3.960400
-5.940600
-6.930700
-4.950500
-1.980200
0.990100
1.980200
-1.980200
-4.950500
-3.960400
3.960400
11.881000
11.881000
11.881000
8.910900
4.950500
0.990100
-0.990100
1.980200
9.901000
10.891000
10.891000
9.901000
3.960400
1.980200
3.960400
1.980200
-0.990100
3.960400
5.940600
4.950500
3.960400
0.000000
1.980200
4.950500
7.920800
9.901000
9.901000
7.920800
8.910900
9.901000
4.950500
2.970300
5.940600
1.980200
2.970300
6.930700
10.891000
12.871000
10.891000
8.910900
5.940600
5.940600
5.940600
6.930700
3.960400
3.960400
6.930700
5.940600
4.950500
3.960400
1.980200
0.000000
-5.940600
-9.901000
-9.901000
-9.901000
-11.881000
-13.861000
-11.881000
-10.891000
-7.920800
-1.980200
4.950500
7.920800
6.930700
1.980200
0.000000
-3.960400
-8.910900
-6.930700
-5.940600
-5.940600
-3.960400
-3.960400
-3.960400
-3.960400
-4.950500
-7.920800
-5.940600
-4.950500
-5.940600
-4.950500
0.000000
2.970300
2.970300
0.000000
-1.980200
-0.990100
0.000000
0.000000
0.990100
0.990100
1.980200
6.930700
9.901000
7.920800
3.960400
0.990100
-0.990100
0.000000
3.960400
5.940600
4.950500
7.920800
12.871000
14.851000
9.901000
1.980200
2.970300
2.970300
2.970300
2.970300
4.950500
5.940600
4.950500
3.960400
4.950500
0.000000
-0.990100
0.990100
0.000000
0.000000
-0.990100
-3.960400
0.000000
0.000000
-1.980200
-6.930700
-10.891000
-9.901000
-5.940600
-2.970300
-5.940600
-5.940600
-3.960400
-1.980200
1.980200
1.980200
2.970300
0.000000
-6.930700
-8.910900
-7.920800
-1.980200
1.980200
3.960400
3.960400
3.960400
3.960400
11.881000
16.832001
14.851000
12.871000
10.891000
7.920800
6.930700
5.940600
5.940600
5.940600
5.940600
10.891000
13.861000
13.861000
10.891000
7.920800
8.910900
6.930700
3.960400
1.980200
0.000000
-1.980200
-2.970300
-0.990100
3.960400
10.891000
14.851000
18.812000
17.822001
18.812000
19.802000
15.842000
11.881000
9.901000
9.901000
11.881000
14.851000
18.812000
17.822001
17.822001
15.842000
10.891000
7.920800
3.960400
