-8.976900
-3.036300
-6.006600
-9.967000
-4.026400
-5.016500
-3.036300
-4.026400
-5.016500
-9.967000
-6.996700
-5.016500
0.924090
1.914200
1.914200
4.884500
4.884500
-2.046200
-12.937000
-10.957000
-10.957000
-10.957000
-3.036300
-9.967000
-2.046200
-3.036300
-2.046200
-1.056100
-6.006600
1.914200
11.815000
13.795000
0.924090
-5.016500
-7.986800
-5.016500
2.904300
8.844900
1.914200
-4.026400
7.854800
2.904300
0.924090
-3.036300
-3.036300
5.874600
-3.036300
-1.056100
2.904300
-3.036300
3.894400
8.844900
8.844900
7.854800
-1.056100
0.924090
5.874600
5.874600
3.894400
0.924090
-0.066010
4.884500
-3.036300
3.894400
8.844900
1.914200
4.884500
4.884500
1.914200
3.894400
3.894400
0.924090
-1.056100
-9.967000
1.914200
9.835000
2.904300
9.835000
8.844900
6.864700
2.904300
-12.937000
-2.046200
2.904300
-3.036300
-6.006600
-3.036300
3.894400
3.894400
-6.996700
-8.976900
-0.066010
2.904300
-4.026400
-4.026400
-3.036300
-2.046200
-0.066010
-4.026400
0.924090
-2.046200
-3.036300
2.904300
0.924090
-6.996700
-6.996700
-0.066010
-6.996700
-6.996700
1.914200
2.904300
1.914200
3.894400
5.874600
4.884500
1.914200
-0.066010
-7.986800
-4.026400
4.884500
4.884500
5.874600
9.835000
2.904300
0.924090
5.874600
5.874600
6.864700
1.914200
0.924090
-3.036300
-2.046200
-1.056100
-1.056100
-1.056100
0.924090
-3.036300
-2.046200
9.835000
15.776000
-1.056100
0.924090
5.874600
-2.046200
2.904300
5.874600
-4.026400
0.924090
7.854800
5.874600
-0.066010
4.884500
10.825000
5.874600
1.914200
-0.066010
5.874600
7.854800
2.904300
-4.026400
-3.036300
3.894400
6.864700
11.815000
10.825000
3.894400
7.854800
6.864700
4.884500
1.914200
-0.066010
-0.066010
-6.006600
-6.006600
-11.947000
-14.917000
-16.898001
-1.056100
0.924090
0.924090
7.854800
0.924090
2.904300
6.864700
1.914200
-3.036300
-1.056100
-9.967000
-16.898001
-12.937000
-12.937000
-7.986800
3.894400
3.894400
-0.066010
-4.026400
-5.016500
2.904300
8.844900
5.874600
3.894400
-6.996700
-6.996700
-0.066010
3.894400
5.874600
-2.046200
-4.026400
2.904300
11.815000
12.805000
9.835000
-3.036300
3.894400
10.825000
9.835000
7.854800
6.864700
-0.066010
3.894400
1.914200
0.924090
-3.036300
2.904300
8.844900
4.884500
5.874600
14.785000
13.795000
10.825000
9.835000
3.894400
-1.056100
0.924090
4.884500
0.924090
-1.056100
1.914200
2.904300
4.884500
-0.066010
7.854800
11.815000
1.914200
-3.036300
4.884500
-3.036300
2.904300
2.904300
-1.056100
-1.056100
-0.066010
-5.016500
-0.066010
0.924090
-0.066010
5.874600
7.854800
4.884500
5.874600
8.844900
5.874600
3.894400
-3.036300
0.924090
6.864700
5.874600
-0.066010
-8.976900
2.904300
4.884500
1.914200
1.914200
-1.056100
3.894400
-0.066010
-3.036300
0.924090
-0.066010
2.904300
10.825000
3.894400
1.914200
6.864700
10.825000
16.766001
7.854800
2.904300
7.854800
4.884500
1.914200
-3.036300
-1.056100
-4.026400
-6.996700
-0.066010
-6.006600
-3.036300
5.874600
5.874600
7.854800
9.835000
0.924090
4.884500
6.864700
2.904300
-2.046200
-6.006600
-4.026400
-9.967000
-11.947000
-17.888000
-4.026400
1.914200
-2.046200
2.904300
0.924090
3.894400
-1.056100
-9.967000
-7.986800
-1.056100
5.874600
4.884500
4.884500
-7.986800
-13.927000
-6.006600
-6.006600
-4.026400
-5.016500
-8.976900
-6.996700
-6.006600
-1.056100
-6.996700
-6.006600
-4.026400
-0.066010
2.904300
2.904300
-3.036300
-11.947000
-12.937000
-3.036300
0.924090
-6.006600
-13.927000
-12.937000
-12.937000
-13.927000
-13.927000
-13.927000
-4.026400
-9.967000
-6.006600
-3.036300
-4.026400
-3.036300
3.894400
0.924090
-3.036300
-11.947000
-13.927000
-9.967000
-3.036300
-3.036300
-9.967000
-5.016500
-5.016500
-6.006600
-3.036300
-2.046200
-0.066010
-16.898001
-16.898001
-10.957000
-7.986800
4.884500
-4.026400
-14.917000
-5.016500
-7.986800
-13.927000
-6.006600
-6.996700
-3.036300
-4.026400
-3.036300
-3.036300
-6.006600
-15.908000
-10.957000
-6.996700
-12.937000
-6.006600
-6.996700
-19.868000
-15.908000
-2.046200
-5.016500
2.904300
9.835000
6.864700
5.874600
13.795000
9.835000
4.884500
1.914200
-3.036300
-0.066010
6.864700
-6.006600
-6.006600
-3.036300
-6.006600
-4.026400
1.914200
3.894400
-0.066010
-7.986800
-3.036300
-2.046200
-4.026400
0.924090
-1.056100
-12.937000
-11.947000
-3.036300
-5.016500
-1.056100
2.904300
-6.996700
-6.996700
0.924090
5.874600
2.904300
7.854800
-3.036300
0.924090
-3.036300
-2.046200
5.874600
-3.036300
-6.996700
-6.996700
-1.056100
-6.996700
-6.006600
-5.016500
-9.967000
-2.046200
6.864700
1.914200
0.924090
-6.006600
-11.947000
-7.986800
-4.026400
2.904300
-1.056100
2.904300
7.854800
9.835000
9.835000
4.884500
12.805000
12.805000
1.914200
-3.036300
-1.056100
1.914200
6.864700
10.825000
7.854800
3.894400
13.795000
19.736000
3.894400
0.924090
-1.056100
-3.036300
-4.026400
-0.066010
-1.056100
-1.056100
1.914200
-3.036300
5.874600
11.815000
5.874600
1.914200
4.884500
5.874600
5.874600
2.904300
5.874600
0.924090
-3.036300
0.924090
-4.026400
-5.016500
0.924090
4.884500
-2.046200
2.904300
3.894400
4.884500
7.854800
9.835000
11.815000
6.864700
-9.967000
-5.016500
1.914200
-3.036300
-5.016500
-8.976900
-4.026400
9.835000
8.844900
5.874600
6.864700
8.844900
2.904300
-5.016500
-2.046200
1.914200
-4.026400
-4.026400
4.884500
7.854800
2.904300
2.904300
15.776000
17.756001
12.805000
15.776000
11.815000
9.835000
5.874600
4.884500
5.874600
4.884500
3.894400
-1.056100
1.914200
9.835000
6.864700
13.795000
15.776000
8.844900
16.766001
15.776000
13.795000
16.766001
-0.066010
-2.046200
8.844900
8.844900
4.884500
4.884500
6.864700
-2.046200
2.904300
11.815000
7.854800
11.815000
12.805000
7.854800
4.884500
3.894400
7.854800
-1.056100
1.914200
0.924090
0.924090
1.914200
1.914200
4.884500
-1.056100
-0.066010
2.904300
-4.026400
-1.056100
-4.026400
-5.016500
-1.056100
6.864700
-3.036300
-6.006600
-3.036300
2.904300
0.924090
6.864700
15.776000
9.835000
-1.056100
1.914200
7.854800
8.844900
1.914200
1.914200
5.874600
7.854800
4.884500
12.805000
13.795000
8.844900
6.864700
13.795000
16.766001
15.776000
11.815000
6.864700
6.864700
11.815000
6.864700
4.884500
-0.066010
0.924090
6.864700
0.924090
1.914200
3.894400
2.904300
2.904300
5.874600
10.825000
7.854800
-2.046200
3.894400
11.815000
2.904300
-0.066010
6.864700
8.844900
-1.056100
4.884500
8.844900
7.854800
0.924090
3.894400
4.884500
-1.056100
-5.016500
-1.056100
5.874600
1.914200
0.924090
7.854800
5.874600
9.835000
14.785000
8.844900
6.864700
5.874600
1.914200
5.874600
2.904300
6.864700
8.844900
8.844900
1.914200
-4.026400
-1.056100
3.894400
-0.066010
3.894400
-7.986800
-1.056100
3.894400
0.924090
-0.066010
0.924090
-0.066010
-1.056100
-5.016500
-4.026400
-22.837999
-9.967000
3.894400
0.924090
-1.056100
-9.967000
-20.858000
-16.898001
-8.976900
-6.996700
-10.957000
-9.967000
-16.898001
-17.888000
-8.976900
-4.026400
-7.986800
-12.937000
-10.957000
-10.957000
-10.957000
-10.957000
-13.927000
-9.967000
-7.986800
1.914200
-7.986800
-15.908000
-6.996700
-2.046200
-0.066010
3.894400
-1.056100
1.914200
-6.996700
-3.036300
3.894400
6.864700
-4.026400
-8.976900
-14.917000
-6.996700
-0.066010
-0.066010
-1.056100
-3.036300
-10.957000
-11.947000
-8.976900
-1.056100
-0.066010
1.914200
1.914200
-5.016500
-3.036300
-3.036300
-7.986800
-7.986800
-0.066010
-0.066010
0.924090
-6.996700
2.904300
6.864700
6.864700
-0.066010
-6.006600
-0.066010
-1.056100
-1.056100
-7.986800
-6.996700
-0.066010
0.924090
-4.026400
2.904300
-4.026400
-6.006600
5.874600
5.874600
0.924090
-10.957000
-9.967000
-0.066010
5.874600
6.864700
3.894400
-5.016500
-7.986800
-6.996700
-12.937000
-9.967000
-3.036300
-6.996700
-6.996700
-3.036300
-2.046200
-3.036300
-6.996700
-4.026400
-2.046200
-8.976900
-13.927000
-4.026400
-6.996700
-11.947000
-6.006600
-13.927000
-11.947000
-5.016500
-3.036300
-9.967000
-10.957000
-8.976900
-8.976900
-5.016500
-3.036300
-3.036300
-1.056100
-10.957000
-10.957000
-7.986800
-4.026400
-2.046200
-13.927000
-8.976900
-3.036300
2.904300
1.914200
0.924090
0.924090
-2.046200
-5.016500
-6.006600
-4.026400
-2.046200
-0.066010
4.884500
6.864700
4.884500
1.914200
-13.927000
-6.006600
6.864700
2.904300
0.924090
4.884500
4.884500
0.924090
3.894400
6.864700
2.904300
12.805000
5.874600
9.835000
6.864700
-5.016500
-1.056100
4.884500
4.884500
4.884500
-4.026400
-2.046200
0.924090
-3.036300
-0.066010
9.835000
14.785000
11.815000
11.815000
5.874600
1.914200
2.904300
-0.066010
-0.066010
6.864700
18.746000
13.795000
6.864700
5.874600
10.825000
8.844900
-0.066010
-5.016500
-0.066010
-3.036300
-0.066010
7.854800
7.854800
12.805000
8.844900
6.864700
1.914200
-5.016500
-6.006600
0.924090
4.884500
1.914200
12.805000
9.835000
7.854800
4.884500
-2.046200
2.904300
1.914200
-3.036300
0.924090
-6.996700
-11.947000
-5.016500
-0.066010
-6.006600
-6.996700
-14.917000
-9.967000
8.844900
11.815000
5.874600
1.914200
-5.016500
-1.056100
1.914200
-1.056100
-14.917000
-14.917000
-3.036300
-0.066010
3.894400
6.864700
8.844900
-4.026400
-1.056100
5.874600
5.874600
7.854800
4.884500
7.854800
6.864700
1.914200
11.815000
6.864700
-3.036300
4.884500
9.835000
7.854800
-2.046200
-4.026400
0.924090
1.914200
1.914200
-3.036300
6.864700
11.815000
5.874600
3.894400
6.864700
12.805000
11.815000
13.795000
5.874600
1.914200
6.864700
6.864700
-0.066010
5.874600
6.864700
-3.036300
-4.026400
-1.056100
-5.016500
-3.036300
-6.996700
-0.066010
6.864700
-3.036300
-1.056100
4.884500
-0.066010
4.884500
10.825000
-6.006600
-6.996700
-0.066010
1.914200
-0.066010
0.924090
-6.006600
-6.006600
1.914200
3.894400
-4.026400
5.874600
3.894400
-5.016500
-3.036300
-2.046200
-5.016500
0.924090
1.914200
7.854800
11.815000
8.844900
9.835000
8.844900
2.904300
5.874600
11.815000
11.815000
5.874600
-1.056100
6.864700
3.894400
3.894400
12.805000
8.844900
0.924090
3.894400
4.884500
2.904300
1.914200
-0.066010
1.914200
-1.056100
0.924090
12.805000
10.825000
5.874600
12.805000
9.835000
0.924090
3.894400
4.884500
-0.066010
5.874600
2.904300
-2.046200
6.864700
10.825000
10.825000
8.844900
7.854800
6.864700
4.884500
3.894400
3.894400
