-13.659000
-17.561001
-15.610000
-5.853700
5.853700
11.707000
11.707000
13.659000
13.659000
8.780500
6.829300
7.804900
6.829300
5.853700
2.926800
-0.975610
-2.926800
-1.951200
-4.878000
-7.804900
-7.804900
-4.878000
0.000000
12.683000
27.316999
32.195000
30.243999
21.462999
13.659000
5.853700
-6.829300
-16.584999
-23.415001
-25.365999
-24.389999
-25.365999
-24.389999
-16.584999
-5.853700
1.951200
3.902400
2.926800
3.902400
4.878000
12.683000
8.780500
-2.926800
-6.829300
-12.683000
-19.511999
-23.415001
-14.634000
-1.951200
6.829300
10.732000
11.707000
3.902400
-2.926800
-3.902400
0.000000
8.780500
13.659000
8.780500
-1.951200
-12.683000
-19.511999
-19.511999
-16.584999
-10.732000
-4.878000
0.000000
3.902400
7.804900
6.829300
6.829300
1.951200
-4.878000
-9.756100
-11.707000
-12.683000
-11.707000
-7.804900
-0.975610
6.829300
12.683000
12.683000
9.756100
7.804900
3.902400
-1.951200
-8.780500
-6.829300
-3.902400
-3.902400
-1.951200
5.853700
16.584999
20.488001
15.610000
3.902400
2.926800
12.683000
23.415001
32.195000
28.292999
17.561001
6.829300
-4.878000
-10.732000
-10.732000
-2.926800
2.926800
6.829300
11.707000
14.634000
12.683000
9.756100
6.829300
2.926800
0.000000
-5.853700
-16.584999
-25.365999
-30.243999
-28.292999
-13.659000
1.951200
8.780500
8.780500
2.926800
-2.926800
-2.926800
-1.951200
1.951200
3.902400
0.975610
-4.878000
-9.756100
-14.634000
-20.488001
-16.584999
-4.878000
6.829300
16.584999
12.683000
6.829300
4.878000
5.853700
13.659000
19.511999
9.756100
-4.878000
-16.584999
-24.389999
-26.341000
-22.438999
-11.707000
0.975610
9.756100
12.683000
12.683000
10.732000
6.829300
4.878000
4.878000
2.926800
-4.878000
-6.829300
0.975610
8.780500
9.756100
7.804900
9.756100
12.683000
15.610000
16.584999
9.756100
2.926800
0.000000
-1.951200
-3.902400
-10.732000
-10.732000
-0.975610
3.902400
-0.975610
-7.804900
-6.829300
-0.975610
8.780500
16.584999
17.561001
13.659000
4.878000
-2.926800
-8.780500
-14.634000
-15.610000
-15.610000
-15.610000
-14.634000
-7.804900
3.902400
7.804900
6.829300
3.902400
-0.975610
-2.926800
-0.975610
-0.975610
-1.951200
-3.902400
-2.926800
0.000000
2.926800
0.975610
-2.926800
-3.902400
-1.951200
6.829300
12.683000
12.683000
12.683000
7.804900
1.951200
1.951200
0.000000
0.975610
2.926800
0.000000
-1.951200
-3.902400
-3.902400
0.000000
1.951200
0.975610
0.975610
-3.902400
-12.683000
-10.732000
-2.926800
3.902400
2.926800
-4.878000
-18.537001
-22.438999
-12.683000
2.926800
14.634000
17.561001
20.488001
20.488001
9.756100
-2.926800
-6.829300
-8.780500
-8.780500
-12.683000
-9.756100
0.975610
6.829300
9.756100
4.878000
0.975610
9.756100
23.415001
27.316999
23.415001
9.756100
-5.853700
-14.634000
-14.634000
-5.853700
1.951200
1.951200
0.000000
-5.853700
-7.804900
-1.951200
12.683000
16.584999
15.610000
11.707000
0.000000
-7.804900
-10.732000
-9.756100
-2.926800
0.975610
0.975610
5.853700
6.829300
-1.951200
-12.683000
-18.537001
-14.634000
2.926800
20.488001
23.415001
14.634000
0.975610
-12.683000
-21.462999
-19.511999
-18.537001
-15.610000
-7.804900
-0.975610
3.902400
9.756100
11.707000
10.732000
12.683000
-1.951200
-22.438999
-12.683000
10.732000
21.462999
17.561001
10.732000
6.829300
-8.780500
-14.634000
-10.732000
-3.902400
6.829300
15.610000
14.634000
16.584999
10.732000
-6.829300
-24.389999
-31.219999
-18.537001
-0.975610
7.804900
7.804900
1.951200
0.975610
4.878000
10.732000
9.756100
2.926800
-9.756100
-26.341000
-22.438999
3.902400
31.219999
44.877998
43.902000
36.098000
18.537001
-0.975610
-17.561001
-33.171001
-34.146000
-22.438999
-7.804900
2.926800
9.756100
11.707000
13.659000
15.610000
8.780500
0.000000
-5.853700
-11.707000
-19.511999
-21.462999
-10.732000
5.853700
15.610000
14.634000
11.707000
15.610000
18.537001
11.707000
1.951200
-8.780500
-15.610000
-14.634000
-13.659000
-14.634000
-19.511999
-27.316999
-39.023998
-36.098000
-18.537001
0.000000
14.634000
27.316999
24.389999
7.804900
-9.756100
-25.365999
-40.000000
-44.877998
-40.000000
-25.365999
-6.829300
4.878000
0.975610
-4.878000
1.951200
15.610000
23.415001
15.610000
6.829300
5.853700
4.878000
2.926800
4.878000
11.707000
16.584999
19.511999
17.561001
15.610000
14.634000
12.683000
5.853700
-7.804900
-14.634000
-8.780500
0.000000
10.732000
17.561001
17.561001
12.683000
11.707000
12.683000
3.902400
-6.829300
-17.561001
-23.415001
-26.341000
-27.316999
-21.462999
0.975610
19.511999
31.219999
36.098000
32.195000
20.488001
12.683000
10.732000
4.878000
-13.659000
-30.243999
-29.268000
-19.511999
-0.975610
17.561001
22.438999
22.438999
28.292999
25.365999
5.853700
-18.537001
-34.146000
-34.146000
-31.219999
-27.316999
-19.511999
-13.659000
-3.902400
15.610000
40.000000
44.877998
31.219999
14.634000
0.000000
-4.878000
-7.804900
-16.584999
-27.316999
-25.365999
-10.732000
5.853700
18.537001
30.243999
39.023998
36.098000
27.316999
15.610000
5.853700
-0.975610
-4.878000
-7.804900
-11.707000
-10.732000
-7.804900
0.975610
15.610000
27.316999
30.243999
23.415001
7.804900
-7.804900
-18.537001
-22.438999
-26.341000
-29.268000
-24.389999
-17.561001
-15.610000
-12.683000
-5.853700
5.853700
10.732000
8.780500
2.926800
-0.975610
3.902400
11.707000
19.511999
19.511999
13.659000
3.902400
-11.707000
-21.462999
-25.365999
-20.488001
-16.584999
-19.511999
-12.683000
17.561001
43.902000
47.805000
37.073002
17.561001
0.000000
-4.878000
-4.878000
-8.780500
-24.389999
-41.951000
-49.756001
-48.779999
-37.073002
-12.683000
7.804900
24.389999
35.122002
36.098000
38.049000
37.073002
30.243999
23.415001
14.634000
4.878000
-2.926800
-16.584999
-28.292999
-33.171001
-23.415001
-9.756100
0.975610
10.732000
13.659000
11.707000
10.732000
2.926800
-7.804900
-19.511999
-25.365999
-27.316999
-24.389999
-19.511999
-9.756100
-2.926800
-0.975610
3.902400
17.561001
28.292999
30.243999
23.415001
14.634000
1.951200
-7.804900
-9.756100
-11.707000
-15.610000
-20.488001
-27.316999
-29.268000
-25.365999
-20.488001
-14.634000
-11.707000
-6.829300
3.902400
9.756100
5.853700
-2.926800
-4.878000
0.975610
5.853700
1.951200
-9.756100
-15.610000
-12.683000
-3.902400
6.829300
10.732000
6.829300
1.951200
3.902400
4.878000
6.829300
9.756100
10.732000
9.756100
5.853700
5.853700
1.951200
-2.926800
-2.926800
-3.902400
-3.902400
6.829300
24.389999
35.122002
36.098000
30.243999
16.584999
3.902400
-3.902400
-12.683000
-22.438999
-22.438999
-20.488001
-19.511999
-19.511999
-17.561001
-9.756100
-2.926800
5.853700
19.511999
37.073002
44.877998
38.049000
21.462999
3.902400
-13.659000
-22.438999
-22.438999
-20.488001
-17.561001
-15.610000
-6.829300
9.756100
18.537001
17.561001
13.659000
10.732000
13.659000
13.659000
4.878000
-4.878000
-8.780500
-5.853700
-2.926800
-5.853700
-8.780500
-9.756100
-0.975610
6.829300
7.804900
6.829300
2.926800
3.902400
1.951200
-3.902400
-14.634000
-22.438999
-13.659000
-3.902400
-1.951200
-9.756100
-18.537001
-16.584999
-5.853700
4.878000
7.804900
-2.926800
-12.683000
-8.780500
0.000000
4.878000
12.683000
14.634000
1.951200
-14.634000
-21.462999
-24.389999
-26.341000
-20.488001
-3.902400
12.683000
19.511999
16.584999
13.659000
12.683000
12.683000
6.829300
-3.902400
-13.659000
-10.732000
-3.902400
-1.951200
0.000000
-1.951200
-3.902400
1.951200
8.780500
10.732000
14.634000
19.511999
14.634000
10.732000
11.707000
7.804900
0.000000
-4.878000
-13.659000
-23.415001
-26.341000
-19.511999
-7.804900
-2.926800
-1.951200
10.732000
34.146000
54.633999
56.584999
40.976002
15.610000
-8.780500
-15.610000
-17.561001
-17.561001
-20.488001
-22.438999
-27.316999
-27.316999
-13.659000
9.756100
29.268000
41.951000
43.902000
32.195000
14.634000
2.926800
-1.951200
-7.804900
-17.561001
-31.219999
-33.171001
-29.268000
-24.389999
-17.561001
-15.610000
-10.732000
1.951200
14.634000
24.389999
28.292999
30.243999
26.341000
17.561001
15.610000
13.659000
6.829300
-5.853700
-13.659000
-18.537001
-15.610000
-9.756100
-5.853700
0.975610
3.902400
2.926800
6.829300
8.780500
6.829300
4.878000
-1.951200
-11.707000
-17.561001
-15.610000
-11.707000
-16.584999
-31.219999
-44.877998
-43.902000
-33.171001
-14.634000
6.829300
20.488001
21.462999
15.610000
0.975610
-8.780500
-12.683000
-10.732000
-8.780500
-8.780500
-8.780500
-6.829300
-1.951200
7.804900
15.610000
21.462999
34.146000
42.926998
37.073002
17.561001
0.000000
-5.853700
-9.756100
-13.659000
-12.683000
-10.732000
-4.878000
-1.951200
-2.926800
0.000000
-0.975610
-0.975610
-0.975610
-4.878000
-5.853700
0.000000
7.804900
16.584999
21.462999
22.438999
18.537001
16.584999
10.732000
-1.951200
-16.584999
-18.537001
-8.780500
-4.878000
-4.878000
0.000000
12.683000
27.316999
27.316999
14.634000
2.926800
-5.853700
-8.780500
-6.829300
-7.804900
-10.732000
-11.707000
-12.683000
-14.634000
-13.659000
-9.756100
-1.951200
1.951200
0.000000
-4.878000
-7.804900
1.951200
14.634000
17.561001
6.829300
-4.878000
-7.804900
-5.853700
-0.975610
6.829300
10.732000
12.683000
7.804900
0.975610
-2.926800
-3.902400
-0.975610
4.878000
8.780500
11.707000
14.634000
16.584999
12.683000
9.756100
1.951200
-11.707000
-17.561001
-13.659000
-2.926800
1.951200
1.951200
-1.951200
-1.951200
3.902400
6.829300
10.732000
15.610000
16.584999
20.488001
21.462999
16.584999
7.804900
-4.878000
-10.732000
-13.659000
-20.488001
-12.683000
1.951200
10.732000
12.683000
3.902400
-3.902400
-4.878000
-4.878000
-7.804900
-11.707000
-11.707000
-7.804900
-8.780500
-13.659000
-10.732000
-4.878000
0.975610
6.829300
11.707000
10.732000
1.951200
-6.829300
-9.756100
-13.659000
-22.438999
-24.389999
-18.537001
-12.683000
-2.926800
12.683000
23.415001
29.268000
22.438999
1.951200
-20.488001
-28.292999
-22.438999
-14.634000
-17.561001
-22.438999
-19.511999
-7.804900
3.902400
8.780500
10.732000
6.829300
12.683000
23.415001
21.462999
9.756100
-7.804900
-25.365999
-35.122002
-33.171001
-17.561001
0.000000
6.829300
10.732000
16.584999
22.438999
25.365999
31.219999
28.292999
19.511999
13.659000
6.829300
0.975610
-2.926800
-8.780500
-11.707000
-11.707000
-11.707000
-6.829300
1.951200
11.707000
22.438999
31.219999
32.195000
27.316999
21.462999
11.707000
-3.902400
-18.537001
-23.415001
-23.415001
-18.537001
-11.707000
-14.634000
-14.634000
1.951200
21.462999
31.219999
25.365999
11.707000
-2.926800
-10.732000
-10.732000
-4.878000
-0.975610
-6.829300
-11.707000
-12.683000
-11.707000
-4.878000
-2.926800
-5.853700
-7.804900
-8.780500
-5.853700
-0.975610
1.951200
0.000000
