-7.055000
-12.880000
-12.880000
-3.171500
8.479000
13.333000
16.246000
23.042000
14.304000
4.595500
0.711970
7.508100
5.566300
4.595500
6.537200
2.653700
-2.200600
-0.258900
-5.113300
-10.939000
-9.967600
-4.142400
3.624600
13.333000
15.275000
19.159000
19.159000
12.362000
6.537200
3.624600
-8.996800
-14.822000
-15.793000
-21.618000
-24.531000
-24.531000
-18.705999
-4.142400
7.508100
15.275000
17.216999
16.246000
8.479000
-3.171500
-3.171500
0.711970
-0.258900
-9.967600
-17.735001
-21.618000
-23.559999
-14.822000
-13.851000
-0.258900
15.275000
18.188000
7.508100
0.711970
-2.200600
-5.113300
-5.113300
-5.113300
1.682800
3.624600
-9.967600
-13.851000
-9.967600
-3.171500
0.711970
3.624600
2.653700
-1.229800
-1.229800
-3.171500
-6.084100
-6.084100
-9.967600
-14.822000
-10.939000
-9.967600
-13.851000
-16.764000
-12.880000
-4.142400
-3.171500
-0.258900
-0.258900
-0.258900
-3.171500
-8.996800
-11.909000
-8.996800
-3.171500
-1.229800
1.682800
4.595500
9.449800
12.362000
10.421000
3.624600
0.711970
8.479000
18.188000
17.216999
16.246000
14.304000
2.653700
-4.142400
-7.055000
-8.025900
1.682800
8.479000
8.479000
13.333000
19.159000
16.246000
10.421000
7.508100
3.624600
-3.171500
-9.967600
-6.084100
-8.025900
-19.676001
-16.764000
-3.171500
7.508100
10.421000
9.449800
2.653700
0.711970
-1.229800
-2.200600
-3.171500
-2.200600
-6.084100
-9.967600
-15.793000
-16.764000
-16.764000
-8.025900
3.624600
5.566300
10.421000
14.304000
10.421000
11.392000
9.449800
14.304000
15.275000
6.537200
-4.142400
-14.822000
-17.735001
-9.967600
-4.142400
0.711970
17.216999
24.983999
15.275000
6.537200
5.566300
3.624600
-1.229800
-4.142400
0.711970
-1.229800
-0.258900
8.479000
12.362000
14.304000
6.537200
5.566300
5.566300
0.711970
7.508100
9.449800
2.653700
-3.171500
-8.996800
-14.822000
-15.793000
-9.967600
-6.084100
2.653700
5.566300
-0.258900
1.682800
8.479000
18.188000
17.216999
8.479000
4.595500
-1.229800
-7.055000
-11.909000
-14.822000
-18.705999
-21.618000
-22.589001
-16.764000
-4.142400
6.537200
9.449800
5.566300
9.449800
8.479000
-0.258900
5.566300
6.537200
-6.084100
-15.793000
-15.793000
-9.967600
-4.142400
3.624600
3.624600
2.653700
6.537200
12.362000
17.216999
19.159000
15.275000
7.508100
-1.229800
-9.967600
-11.909000
-5.113300
1.682800
-2.200600
-3.171500
-7.055000
-5.113300
-4.142400
1.682800
8.479000
9.449800
11.392000
7.508100
-3.171500
-8.025900
-8.996800
-6.084100
-4.142400
-5.113300
-4.142400
0.711970
7.508100
13.333000
5.566300
0.711970
3.624600
1.682800
-0.258900
1.682800
-4.142400
-5.113300
-5.113300
-3.171500
4.595500
1.682800
0.711970
4.595500
10.421000
12.362000
15.275000
19.159000
16.246000
12.362000
0.711970
-7.055000
-8.025900
-7.055000
-6.084100
-5.113300
-7.055000
-4.142400
2.653700
5.566300
19.159000
23.042000
17.216999
10.421000
-2.200600
-8.996800
-8.996800
-8.996800
-6.084100
0.711970
-0.258900
2.653700
5.566300
1.682800
0.711970
4.595500
5.566300
6.537200
11.392000
9.449800
0.711970
-9.967600
-22.589001
-20.646999
-13.851000
-16.764000
-14.822000
-3.171500
3.624600
2.653700
8.479000
15.275000
22.070999
24.983999
12.362000
2.653700
3.624600
1.682800
-4.142400
-13.851000
-19.676001
-17.735001
-13.851000
-7.055000
6.537200
15.275000
15.275000
7.508100
1.682800
2.653700
5.566300
-0.258900
-3.171500
-1.229800
-0.258900
-1.229800
0.711970
0.711970
1.682800
2.653700
-0.258900
0.711970
-2.200600
-6.084100
-4.142400
-5.113300
0.711970
14.304000
23.042000
20.129000
14.304000
14.304000
6.537200
0.711970
0.711970
-5.113300
-2.200600
-3.171500
-3.171500
-1.229800
-1.229800
-3.171500
-5.113300
-2.200600
-4.142400
-10.939000
-18.705999
-19.676001
-19.676001
-16.764000
-3.171500
6.537200
8.479000
4.595500
3.624600
3.624600
7.508100
3.624600
-6.084100
-11.909000
-13.851000
-17.735001
-20.646999
-26.472000
-34.238998
-26.472000
-13.851000
-7.055000
0.711970
5.566300
8.479000
11.392000
3.624600
-1.229800
-1.229800
-4.142400
-8.996800
-14.822000
-26.472000
-22.589001
-9.967600
-10.939000
-7.055000
-0.258900
6.537200
5.566300
9.449800
10.421000
8.479000
14.304000
20.129000
19.159000
12.362000
2.653700
-2.200600
-6.084100
-9.967600
-9.967600
-5.113300
0.711970
2.653700
0.711970
-1.229800
5.566300
0.711970
7.508100
13.333000
7.508100
3.624600
-0.258900
-0.258900
-1.229800
-7.055000
-7.055000
-3.171500
-5.113300
-6.084100
-2.200600
2.653700
2.653700
6.537200
12.362000
13.333000
14.304000
12.362000
11.392000
9.449800
-1.229800
-8.996800
-8.996800
-8.025900
-7.055000
3.624600
9.449800
8.479000
14.304000
15.275000
11.392000
-1.229800
-15.793000
-17.735001
-18.705999
-15.793000
-8.996800
-2.200600
8.479000
13.333000
11.392000
9.449800
5.566300
1.682800
-1.229800
-0.258900
3.624600
3.624600
-2.200600
-13.851000
-14.822000
-8.996800
-0.258900
4.595500
11.392000
23.042000
24.013000
15.275000
13.333000
8.479000
-0.258900
-4.142400
-8.996800
-10.939000
-15.793000
-16.764000
-13.851000
-3.171500
13.333000
21.100000
21.100000
24.983999
14.304000
-1.229800
-16.764000
-28.414000
-29.385000
-29.385000
-32.298000
-24.531000
-8.996800
6.537200
13.333000
14.304000
13.333000
11.392000
11.392000
13.333000
12.362000
-4.142400
-5.113300
-1.229800
-9.967600
-17.735001
-16.764000
-6.084100
4.595500
3.624600
11.392000
31.780001
45.372002
41.488998
28.867001
11.392000
-3.171500
-9.967600
-9.967600
-6.084100
-8.025900
-10.939000
-8.996800
-3.171500
-1.229800
5.566300
14.304000
21.100000
28.867001
31.780001
32.750999
28.867001
19.159000
9.449800
0.711970
-0.258900
-2.200600
-8.996800
-12.880000
-13.851000
-11.909000
-10.939000
-8.025900
-0.258900
4.595500
8.479000
9.449800
0.711970
-4.142400
-8.996800
-11.909000
-15.793000
-19.676001
-15.793000
-4.142400
-0.258900
-6.084100
-2.200600
5.566300
8.479000
9.449800
6.537200
7.508100
4.595500
-7.055000
-11.909000
-11.909000
-14.822000
-8.996800
-8.025900
-13.851000
-14.822000
-14.822000
-13.851000
-10.939000
-8.996800
-8.996800
-6.084100
0.711970
-4.142400
-11.909000
-9.967600
-3.171500
2.653700
7.508100
10.421000
2.653700
-3.171500
-4.142400
-3.171500
6.537200
14.304000
12.362000
11.392000
10.421000
7.508100
4.595500
-5.113300
-11.909000
-11.909000
-16.764000
-14.822000
-10.939000
-7.055000
3.624600
8.479000
13.333000
18.188000
21.100000
19.159000
15.275000
6.537200
-7.055000
-18.705999
-24.531000
-26.472000
-27.443001
-26.472000
-18.705999
-8.025900
5.566300
13.333000
18.188000
20.129000
24.013000
27.896000
26.926001
23.042000
9.449800
-7.055000
-17.735001
-24.531000
-26.472000
-23.559999
-22.589001
-10.939000
7.508100
16.246000
21.100000
17.216999
11.392000
10.421000
7.508100
-1.229800
-5.113300
-2.200600
-1.229800
-0.258900
-3.171500
-5.113300
-5.113300
-5.113300
0.711970
4.595500
3.624600
0.711970
-1.229800
-4.142400
-0.258900
1.682800
-0.258900
5.566300
10.421000
5.566300
-4.142400
-12.880000
-9.967600
-2.200600
5.566300
7.508100
-5.113300
-10.939000
-7.055000
-2.200600
3.624600
8.479000
10.421000
4.595500
-10.939000
-16.764000
-18.705999
-17.735001
-9.967600
3.624600
12.362000
11.392000
3.624600
4.595500
1.682800
2.653700
4.595500
2.653700
-1.229800
-1.229800
-3.171500
-11.909000
-8.996800
-1.229800
-0.258900
5.566300
8.479000
11.392000
12.362000
12.362000
10.421000
10.421000
14.304000
10.421000
5.566300
3.624600
-6.084100
-16.764000
-21.618000
-20.646999
-13.851000
-4.142400
-0.258900
14.304000
31.780001
39.547001
39.547001
29.837999
14.304000
-6.084100
-15.793000
-16.764000
-18.705999
-23.559999
-20.646999
-22.589001
-21.618000
-14.822000
-6.084100
9.449800
21.100000
22.070999
22.070999
17.216999
5.566300
-1.229800
-9.967600
-18.705999
-27.443001
-30.356001
-26.472000
-18.705999
-19.676001
-18.705999
-11.909000
1.682800
16.246000
24.983999
30.809000
30.809000
29.837999
24.013000
11.392000
6.537200
1.682800
-11.909000
-20.646999
-20.646999
-14.822000
-3.171500
8.479000
16.246000
20.129000
15.275000
9.449800
-1.229800
-6.084100
-4.142400
-8.025900
-9.967600
-7.055000
-6.084100
-12.880000
-12.880000
-16.764000
-24.531000
-24.531000
-26.472000
-17.735001
-10.939000
-10.939000
-8.996800
-8.025900
-7.055000
-10.939000
-9.967600
-3.171500
4.595500
12.362000
12.362000
13.333000
13.333000
6.537200
13.333000
17.216999
26.926001
30.809000
26.926001
11.392000
1.682800
1.682800
-9.967600
-15.793000
-13.851000
-20.646999
-25.502001
-18.705999
-5.113300
-7.055000
-8.025900
-3.171500
-9.967600
-14.822000
-19.676001
-12.880000
-8.025900
-4.142400
6.537200
11.392000
8.479000
1.682800
-0.258900
1.682800
-5.113300
-3.171500
1.682800
-3.171500
1.682800
15.275000
24.013000
27.896000
30.809000
24.983999
14.304000
9.449800
5.566300
8.479000
4.595500
-3.171500
-1.229800
-4.142400
-0.258900
6.537200
5.566300
5.566300
5.566300
7.508100
6.537200
5.566300
12.362000
18.188000
12.362000
4.595500
2.653700
5.566300
9.449800
12.362000
19.159000
12.362000
10.421000
8.479000
3.624600
-2.200600
-3.171500
-5.113300
-4.142400
1.682800
5.566300
7.508100
4.595500
1.682800
-1.229800
-4.142400
-10.939000
-8.996800
-0.258900
1.682800
-0.258900
-6.084100
-8.996800
-11.909000
-8.025900
-1.229800
10.421000
17.216999
13.333000
13.333000
9.449800
5.566300
-6.084100
-16.764000
-14.822000
-18.705999
-22.589001
-15.793000
-8.025900
-2.200600
3.624600
-0.258900
-4.142400
-4.142400
-8.025900
-14.822000
-12.880000
-11.909000
-15.793000
-15.793000
-8.996800
-4.142400
-4.142400
-8.996800
-9.967600
-5.113300
-6.084100
-8.025900
-12.880000
-17.735001
-23.559999
-27.443001
-22.589001
-15.793000
-8.025900
4.595500
13.333000
18.188000
14.304000
7.508100
-5.113300
-20.646999
-22.589001
-21.618000
-20.646999
-18.705999
-9.967600
-4.142400
0.711970
4.595500
7.508100
12.362000
16.246000
14.304000
13.333000
6.537200
-4.142400
-12.880000
-18.705999
-15.793000
-9.967600
0.711970
5.566300
3.624600
11.392000
17.216999
24.983999
21.100000
13.333000
11.392000
11.392000
9.449800
3.624600
1.682800
1.682800
0.711970
3.624600
0.711970
-5.113300
-2.200600
3.624600
3.624600
10.421000
19.159000
14.304000
15.275000
16.246000
4.595500
-1.229800
-5.113300
-5.113300
-2.200600
-5.113300
-4.142400
-8.025900
-14.822000
-6.084100
10.421000
19.159000
24.013000
15.275000
1.682800
-7.055000
-8.996800
-9.967600
-15.793000
-19.676001
-19.676001
-23.559999
-17.735001
-5.113300
2.653700
4.595500
8.479000
7.508100
4.595500
3.624600
5.566300
8.479000
