-2.717200
-8.404400
-11.248000
-5.560800
2.970000
7.709300
9.605100
12.449000
16.240000
16.240000
18.136000
19.084000
16.240000
11.501000
5.813600
0.126380
-1.769400
-1.769400
-5.560800
-12.196000
-15.039000
-13.144000
-5.560800
5.813600
16.240000
21.927000
22.875000
20.032000
12.449000
5.813600
-4.613000
-11.248000
-14.092000
-15.039000
-15.987000
-19.778999
-16.934999
-6.508700
2.022100
6.761500
6.761500
2.022100
1.074200
4.865700
12.449000
10.553000
2.022100
-2.717200
-9.352300
-17.882999
-26.414000
-22.622000
-12.196000
-3.665100
5.813600
10.553000
7.709300
1.074200
-3.665100
-2.717200
5.813600
12.449000
10.553000
1.074200
-11.248000
-18.830999
-17.882999
-13.144000
-7.456600
-1.769400
5.813600
10.553000
8.657200
1.074200
-2.717200
-2.717200
-5.560800
-7.456600
-9.352300
-12.196000
-13.144000
-11.248000
-1.769400
8.657200
13.397000
13.397000
13.397000
11.501000
4.865700
-1.769400
-9.352300
-7.456600
-2.717200
0.126380
2.970000
4.865700
9.605100
14.344000
14.344000
10.553000
11.501000
17.188000
21.927000
26.667000
20.979000
10.553000
4.865700
-0.821480
-6.508700
-9.352300
-5.560800
3.917900
10.553000
10.553000
8.657200
6.761500
8.657200
7.709300
4.865700
1.074200
-5.560800
-11.248000
-15.987000
-20.726999
-24.518000
-17.882999
-7.456600
-1.769400
0.126380
-3.665100
-9.352300
-9.352300
-9.352300
-8.404400
-9.352300
-10.300000
-7.456600
-2.717200
-3.665100
-8.404400
-7.456600
-4.613000
-2.717200
0.126380
-1.769400
-1.769400
-0.821480
0.126380
9.605100
15.292000
10.553000
1.074200
-12.196000
-23.570000
-28.309999
-24.518000
-13.144000
-1.769400
4.865700
9.605100
16.240000
24.771000
25.719000
19.084000
11.501000
3.917900
-6.508700
-11.248000
-8.404400
-1.769400
4.865700
5.813600
7.709300
10.553000
13.397000
17.188000
13.397000
8.657200
2.970000
-2.717200
-7.456600
-13.144000
-12.196000
-2.717200
4.865700
5.813600
2.022100
-0.821480
-3.665100
2.022100
8.657200
7.709300
3.917900
-3.665100
-9.352300
-10.300000
-10.300000
-6.508700
-2.717200
-1.769400
-1.769400
-0.821480
0.126380
-3.665100
-5.560800
-6.508700
-4.613000
2.970000
6.761500
3.917900
-2.717200
-5.560800
-2.717200
1.074200
2.022100
1.074200
-0.821480
-0.821480
1.074200
6.761500
9.605100
7.709300
7.709300
5.813600
2.022100
0.126380
-0.821480
1.074200
3.917900
3.917900
3.917900
1.074200
-2.717200
-8.404400
-12.196000
-12.196000
-5.560800
0.126380
1.074200
1.074200
0.126380
2.022100
4.865700
4.865700
-2.717200
-7.456600
-5.560800
-0.821480
4.865700
8.657200
12.449000
12.449000
0.126380
-14.092000
-15.987000
-10.300000
-3.665100
-2.717200
0.126380
3.917900
3.917900
0.126380
-2.717200
-0.821480
3.917900
8.657200
9.605100
5.813600
4.865700
5.813600
5.813600
2.022100
-1.769400
-4.613000
-3.665100
-0.821480
-5.560800
-10.300000
-5.560800
6.761500
14.344000
19.084000
18.136000
7.709300
-4.613000
-13.144000
-15.987000
-7.456600
5.813600
11.501000
13.397000
11.501000
0.126380
-12.196000
-16.934999
-13.144000
-6.508700
0.126380
5.813600
10.553000
12.449000
11.501000
7.709300
6.761500
2.022100
-7.456600
-13.144000
-14.092000
-11.248000
-6.508700
0.126380
3.917900
7.709300
10.553000
8.657200
10.553000
14.344000
10.553000
-2.717200
-14.092000
-16.934999
-13.144000
1.074200
12.449000
13.397000
11.501000
9.605100
6.761500
5.813600
0.126380
-10.300000
-11.248000
-4.613000
1.074200
5.813600
8.657200
11.501000
11.501000
9.605100
3.917900
0.126380
-4.613000
-10.300000
-10.300000
-8.404400
-5.560800
0.126380
10.553000
22.875000
30.458000
33.301998
22.875000
12.449000
6.761500
-4.613000
-20.726999
-37.787998
-41.580002
-31.153000
-13.144000
3.917900
16.240000
20.979000
20.979000
23.823000
25.719000
20.032000
5.813600
-11.248000
-19.778999
-20.726999
-24.518000
-33.049000
-37.787998
-31.153000
-15.039000
-1.769400
10.553000
14.344000
15.292000
13.397000
3.917900
-2.717200
-13.144000
-24.518000
-32.101002
-30.205000
-14.092000
2.970000
15.292000
25.719000
25.719000
17.188000
4.865700
-4.613000
-14.092000
-19.778999
-28.309999
-33.997002
-31.153000
-20.726999
-11.248000
1.074200
12.449000
20.032000
20.979000
12.449000
6.761500
6.761500
7.709300
10.553000
12.449000
6.761500
2.022100
2.970000
2.022100
4.865700
9.605100
8.657200
8.657200
7.709300
7.709300
7.709300
5.813600
9.605100
7.709300
0.126380
-4.613000
-2.717200
3.917900
2.970000
-1.769400
-4.613000
-0.821480
1.074200
-6.508700
-10.300000
-4.613000
-2.717200
-1.769400
-0.821480
1.074200
0.126380
2.022100
6.761500
9.605100
4.865700
-7.456600
-15.987000
-19.778999
-15.039000
0.126380
10.553000
16.240000
23.823000
21.927000
8.657200
-9.352300
-22.622000
-23.570000
-17.882999
-14.092000
-17.882999
-15.987000
-0.821480
18.136000
36.145000
42.779999
36.145000
22.875000
6.761500
-5.560800
-7.456600
-0.821480
3.917900
3.917900
-2.717200
-9.352300
-7.456600
5.813600
23.823000
33.301998
33.301998
26.667000
12.449000
-0.821480
-7.456600
-9.352300
-14.092000
-15.987000
-12.196000
-3.665100
6.761500
16.240000
21.927000
21.927000
14.344000
2.970000
-6.508700
-15.039000
-22.622000
-26.414000
-24.518000
-23.570000
-23.570000
-17.882999
-9.352300
3.917900
12.449000
14.344000
10.553000
1.074200
-8.404400
-8.404400
-3.665100
-3.665100
-4.613000
-3.665100
-4.613000
-7.456600
-11.248000
-11.248000
-9.352300
-9.352300
-4.613000
12.449000
31.406000
38.988998
38.041000
29.510000
18.136000
9.605100
3.917900
-2.717200
-12.196000
-24.518000
-35.893002
-42.528000
-37.787998
-15.987000
4.865700
20.979000
34.250000
38.988998
38.041000
35.196999
30.458000
27.615000
16.240000
2.022100
-9.352300
-20.726999
-23.570000
-19.778999
-7.456600
3.917900
11.501000
17.188000
18.136000
16.240000
10.553000
-7.456600
-26.414000
-40.632000
-44.423000
-38.736000
-27.362000
-13.144000
-1.769400
6.761500
10.553000
13.397000
16.240000
10.553000
0.126380
-12.196000
-17.882999
-14.092000
-10.300000
-1.769400
3.917900
6.761500
6.761500
-1.769400
-11.248000
-15.987000
-15.987000
-15.987000
-20.726999
-20.726999
-9.352300
1.074200
3.917900
2.022100
0.126380
2.022100
3.917900
1.074200
-3.665100
-3.665100
-4.613000
-1.769400
6.761500
11.501000
10.553000
2.970000
-5.560800
-8.404400
-2.717200
2.022100
0.126380
-4.613000
-9.352300
-4.613000
1.074200
5.813600
11.501000
12.449000
15.292000
16.240000
14.344000
11.501000
8.657200
10.553000
11.501000
4.865700
-4.613000
-15.039000
-20.726999
-15.987000
-13.144000
-17.882999
-23.570000
-23.570000
-15.039000
-4.613000
11.501000
28.562000
39.937000
41.833000
34.250000
19.084000
2.970000
-11.248000
-22.622000
-26.414000
-24.518000
-21.674999
-15.039000
-0.821480
16.240000
27.615000
29.510000
21.927000
10.553000
2.970000
-2.717200
-7.456600
-7.456600
-5.560800
-3.665100
-0.821480
2.022100
2.022100
2.022100
5.813600
3.917900
-3.665100
-5.560800
-6.508700
-5.560800
-6.508700
-9.352300
-15.987000
-16.934999
-5.560800
4.865700
5.813600
-2.717200
-14.092000
-11.248000
0.126380
12.449000
16.240000
7.709300
-2.717200
-11.248000
-15.039000
-14.092000
-4.613000
5.813600
5.813600
-2.717200
-8.404400
-12.196000
-10.300000
-5.560800
3.917900
9.605100
13.397000
17.188000
15.292000
11.501000
8.657200
4.865700
-0.821480
-2.717200
3.917900
10.553000
7.709300
0.126380
-10.300000
-17.882999
-14.092000
-1.769400
6.761500
15.292000
20.979000
19.084000
15.292000
11.501000
1.074200
-5.560800
-3.665100
-2.717200
-8.404400
-18.830999
-25.466000
-17.882999
-3.665100
6.761500
17.188000
27.615000
36.145000
35.196999
24.771000
8.657200
-1.769400
-5.560800
-10.300000
-15.039000
-19.778999
-20.726999
-16.934999
-9.352300
-4.613000
0.126380
3.917900
8.657200
14.344000
17.188000
16.240000
14.344000
11.501000
4.865700
-9.352300
-22.622000
-25.466000
-20.726999
-13.144000
-7.456600
-3.665100
-1.769400
1.074200
4.865700
11.501000
13.397000
14.344000
10.553000
6.761500
6.761500
9.605100
8.657200
1.074200
-13.144000
-26.414000
-28.309999
-19.778999
-10.300000
2.022100
9.605100
9.605100
7.709300
2.022100
-4.613000
-4.613000
-2.717200
-3.665100
-2.717200
-0.821480
-2.717200
-9.352300
-20.726999
-28.309999
-33.049000
-35.893002
-25.466000
-1.769400
20.979000
31.406000
29.510000
19.084000
2.022100
-11.248000
-16.934999
-11.248000
0.126380
6.761500
7.709300
8.657200
15.292000
23.823000
27.615000
34.250000
35.196999
27.615000
13.397000
-4.613000
-19.778999
-31.153000
-33.997002
-23.570000
-10.300000
5.813600
16.240000
14.344000
8.657200
2.022100
0.126380
2.022100
1.074200
-1.769400
4.865700
12.449000
13.397000
11.501000
6.761500
1.074200
2.970000
2.022100
-3.665100
-12.196000
-12.196000
-4.613000
-3.665100
-4.613000
4.865700
18.136000
25.719000
21.927000
11.501000
0.126380
-6.508700
-9.352300
-15.039000
-18.830999
-19.778999
-14.092000
-10.300000
-12.196000
-10.300000
-5.560800
1.074200
10.553000
12.449000
12.449000
11.501000
9.605100
2.022100
-8.404400
-16.934999
-15.987000
-3.665100
10.553000
18.136000
20.032000
15.292000
7.709300
-4.613000
-13.144000
-16.934999
-15.987000
-9.352300
-0.821480
6.761500
14.344000
16.240000
14.344000
10.553000
11.501000
9.605100
2.022100
-2.717200
-0.821480
2.022100
0.126380
1.074200
2.970000
1.074200
0.126380
-1.769400
-1.769400
0.126380
-2.717200
1.074200
6.761500
6.761500
5.813600
2.022100
3.917900
5.813600
-4.613000
-10.300000
-9.352300
-5.560800
0.126380
-1.769400
-7.456600
-13.144000
-14.092000
-10.300000
-2.717200
6.761500
15.292000
13.397000
2.970000
0.126380
2.970000
5.813600
7.709300
2.022100
-3.665100
-8.404400
-11.248000
-12.196000
-11.248000
-14.092000
-12.196000
-4.613000
-1.769400
0.126380
6.761500
13.397000
18.136000
15.292000
6.761500
-2.717200
-6.508700
-7.456600
-7.456600
-10.300000
-8.404400
-7.456600
-7.456600
-5.560800
0.126380
7.709300
9.605100
12.449000
18.136000
14.344000
6.761500
-0.821480
-10.300000
-20.726999
-24.518000
-17.882999
-7.456600
3.917900
12.449000
17.188000
19.084000
20.032000
22.875000
20.979000
19.084000
17.188000
10.553000
5.813600
3.917900
-3.665100
-6.508700
-8.404400
-7.456600
-4.613000
-3.665100
-3.665100
2.970000
12.449000
20.032000
24.771000
25.719000
15.292000
-2.717200
-17.882999
-20.726999
-18.830999
-13.144000
-8.404400
-9.352300
-10.300000
-5.560800
3.917900
13.397000
17.188000
14.344000
8.657200
5.813600
7.709300
9.605100
7.709300
-1.769400
-8.404400
-14.092000
-20.726999
-21.674999
-20.726999
-15.987000
-10.300000
-6.508700
0.126380
5.813600
5.813600
6.761500
