1.996800
-5.732700
-8.631200
-2.834100
3.929100
6.827700
5.861500
7.793900
11.659000
13.591000
17.455999
19.388000
17.455999
12.625000
6.827700
2.963000
2.963000
3.929100
-1.868000
-9.597400
-12.496000
-11.530000
-6.698900
2.963000
10.692000
14.557000
18.422001
17.455999
9.726200
4.895300
-1.868000
-9.597400
-14.428000
-17.327000
-19.259001
-22.158001
-19.259001
-7.665100
2.963000
7.793900
6.827700
1.030600
-1.868000
0.064410
6.827700
3.929100
-3.800300
-7.665100
-10.564000
-16.361000
-19.259001
-9.597400
1.996800
7.793900
9.726200
5.861500
-3.800300
-11.530000
-15.395000
-10.564000
0.064410
9.726200
11.659000
2.963000
-6.698900
-12.496000
-11.530000
-8.631200
-4.766500
1.030600
7.793900
9.726200
6.827700
1.996800
1.030600
0.064410
-2.834100
-5.732700
-8.631200
-12.496000
-12.496000
-10.564000
-2.834100
6.827700
13.591000
15.523000
14.557000
12.625000
7.793900
1.996800
-4.766500
-1.868000
1.996800
1.996800
2.963000
7.793900
14.557000
16.490000
12.625000
4.895300
4.895300
12.625000
21.320000
28.084000
22.287001
12.625000
6.827700
-1.868000
-6.698900
-8.631200
-6.698900
-0.901770
3.929100
6.827700
8.760100
7.793900
8.760100
5.861500
1.996800
-2.834100
-8.631200
-17.327000
-22.158001
-26.989000
-28.921000
-20.225000
-7.665100
0.064410
1.996800
-2.834100
-8.631200
-9.597400
-8.631200
-6.698900
-3.800300
-1.868000
0.064410
-0.901770
-4.766500
-10.564000
-9.597400
-5.732700
-0.901770
2.963000
-1.868000
-7.665100
-9.597400
-7.665100
3.929100
12.625000
11.659000
4.895300
-7.665100
-21.191999
-30.853001
-26.989000
-15.395000
-6.698900
-2.834100
1.030600
11.659000
24.219000
30.016001
25.184999
15.523000
6.827700
-0.901770
-6.698900
-5.732700
-5.732700
-3.800300
-0.901770
4.895300
11.659000
16.490000
22.287001
17.455999
10.692000
3.929100
-1.868000
-8.631200
-17.327000
-19.259001
-11.530000
-1.868000
1.030600
0.064410
1.030600
1.030600
5.861500
12.625000
11.659000
7.793900
-1.868000
-9.597400
-13.462000
-15.395000
-13.462000
-6.698900
0.064410
5.861500
7.793900
7.793900
0.064410
-9.597400
-16.361000
-16.361000
-10.564000
-2.834100
2.963000
6.827700
8.760100
10.692000
12.625000
10.692000
4.895300
-1.868000
-5.732700
-4.766500
2.963000
6.827700
8.760100
10.692000
7.793900
5.861500
4.895300
1.996800
1.996800
2.963000
1.030600
0.064410
-4.766500
-7.665100
-8.631200
-5.732700
-4.766500
-1.868000
0.064410
0.064410
1.030600
1.030600
2.963000
4.895300
2.963000
-4.766500
-9.597400
-8.631200
-2.834100
4.895300
8.760100
11.659000
10.692000
1.030600
-10.564000
-13.462000
-10.564000
-6.698900
-7.665100
-1.868000
4.895300
4.895300
0.064410
-4.766500
-5.732700
0.064410
8.760100
14.557000
12.625000
10.692000
7.793900
2.963000
-4.766500
-9.597400
-8.631200
-4.766500
-3.800300
-7.665100
-8.631200
-4.766500
2.963000
6.827700
11.659000
16.490000
13.591000
4.895300
-5.732700
-12.496000
-10.564000
-2.834100
1.996800
6.827700
7.793900
0.064410
-11.530000
-15.395000
-11.530000
-1.868000
6.827700
10.692000
11.659000
8.760100
4.895300
1.030600
2.963000
-0.901770
-10.564000
-14.428000
-12.496000
-6.698900
1.030600
3.929100
1.030600
0.064410
-0.901770
-0.901770
8.760100
18.422001
15.523000
1.030600
-11.530000
-14.428000
-11.530000
1.996800
9.726200
8.760100
8.760100
11.659000
12.625000
15.523000
10.692000
-1.868000
-9.597400
-13.462000
-12.496000
-6.698900
1.030600
7.793900
10.692000
12.625000
14.557000
15.523000
8.760100
-2.834100
-10.564000
-10.564000
-1.868000
8.760100
16.490000
20.354000
25.184999
30.016001
21.320000
10.692000
-0.901770
-19.259001
-34.717999
-42.448002
-35.683998
-16.361000
4.895300
16.490000
22.287001
24.219000
21.320000
21.320000
21.320000
14.557000
1.030600
-15.395000
-24.090000
-24.090000
-24.090000
-25.056000
-22.158001
-8.631200
9.726200
16.490000
17.455999
15.523000
11.659000
6.827700
-2.834100
-9.597400
-20.225000
-31.820000
-39.549000
-36.651001
-22.158001
-5.732700
11.659000
29.049999
31.948000
20.354000
6.827700
-6.698900
-21.191999
-31.820000
-36.651001
-35.683998
-26.023001
-11.530000
-4.766500
1.030600
10.692000
19.388000
22.287001
14.557000
9.726200
8.760100
5.861500
0.064410
1.030600
1.996800
3.929100
6.827700
6.827700
6.827700
5.861500
2.963000
2.963000
1.996800
2.963000
6.827700
4.895300
6.827700
9.726200
9.726200
6.827700
9.726200
10.692000
0.064410
-14.428000
-24.090000
-21.191999
-13.462000
-8.631200
-4.766500
2.963000
4.895300
4.895300
5.861500
8.760100
7.793900
7.793900
8.760100
6.827700
-4.766500
-17.327000
-20.225000
-17.327000
-9.597400
1.996800
8.760100
12.625000
17.455999
13.591000
-1.868000
-19.259001
-28.921000
-25.056000
-15.395000
-7.665100
-5.732700
-3.800300
4.895300
17.455999
32.915001
40.644001
34.847000
23.253000
6.827700
-6.698900
-13.462000
-14.428000
-10.564000
-2.834100
3.929100
8.760100
12.625000
23.253000
36.778999
39.678001
33.881001
22.287001
2.963000
-14.428000
-22.158001
-23.124001
-19.259001
-11.530000
-3.800300
4.895300
13.591000
21.320000
25.184999
23.253000
11.659000
-5.732700
-20.225000
-27.955000
-29.886999
-25.056000
-15.395000
-8.631200
-4.766500
0.064410
3.929100
11.659000
14.557000
9.726200
1.996800
-6.698900
-8.631200
-0.901770
11.659000
13.591000
11.659000
6.827700
-2.834100
-12.496000
-21.191999
-22.158001
-20.225000
-17.327000
-10.564000
8.760100
30.016001
38.712002
35.813000
24.219000
11.659000
4.895300
0.064410
-5.732700
-16.361000
-30.853001
-44.380001
-51.143002
-43.414001
-18.292999
6.827700
22.287001
30.982000
33.881001
34.847000
36.778999
33.881001
29.049999
17.455999
2.963000
-8.631200
-21.191999
-28.921000
-29.886999
-18.292999
-3.800300
7.793900
20.354000
28.084000
30.016001
24.219000
5.861500
-14.428000
-31.820000
-40.514999
-42.448002
-37.617001
-26.023001
-12.496000
1.030600
7.793900
12.625000
18.422001
19.388000
14.557000
3.929100
-5.732700
-8.631200
-7.665100
-3.800300
0.064410
-0.901770
-6.698900
-17.327000
-27.955000
-30.853001
-26.989000
-22.158001
-17.327000
-9.597400
4.895300
19.388000
22.287001
15.523000
8.760100
6.827700
5.861500
-2.834100
-15.395000
-22.158001
-23.124001
-15.395000
-0.901770
9.726200
12.625000
5.861500
-0.901770
-2.834100
0.064410
0.064410
-5.732700
-11.530000
-13.462000
-5.732700
5.861500
14.557000
22.287001
24.219000
24.219000
22.287001
17.455999
11.659000
6.827700
7.793900
6.827700
2.963000
-2.834100
-10.564000
-14.428000
-8.631200
-3.800300
-8.631200
-19.259001
-26.989000
-24.090000
-16.361000
0.064410
21.320000
35.813000
41.610001
35.813000
24.219000
10.692000
-6.698900
-22.158001
-26.989000
-26.989000
-26.023001
-24.090000
-11.530000
8.760100
22.287001
26.150999
20.354000
10.692000
4.895300
0.064410
-5.732700
-11.530000
-15.395000
-17.327000
-12.496000
-3.800300
2.963000
4.895300
7.793900
7.793900
5.861500
4.895300
1.996800
1.030600
-3.800300
-8.631200
-16.361000
-18.292999
-9.597400
-1.868000
0.064410
-3.800300
-11.530000
-8.631200
-1.868000
5.861500
6.827700
1.030600
-5.732700
-7.665100
-3.800300
1.996800
12.625000
18.422001
11.659000
1.996800
-5.732700
-15.395000
-21.191999
-21.191999
-7.665100
8.760100
21.320000
25.184999
22.287001
17.455999
15.523000
10.692000
-1.868000
-9.597400
-3.800300
3.929100
1.996800
-2.834100
-8.631200
-11.530000
-6.698900
0.064410
3.929100
10.692000
17.455999
16.490000
15.523000
11.659000
3.929100
-2.834100
-4.766500
-9.597400
-16.361000
-22.158001
-26.023001
-22.158001
-12.496000
-1.868000
15.523000
33.881001
47.407001
47.407001
35.813000
19.388000
2.963000
-5.732700
-13.462000
-19.259001
-25.056000
-27.955000
-24.090000
-15.395000
-3.800300
10.692000
22.287001
30.982000
34.847000
28.084000
15.523000
5.861500
1.996800
-3.800300
-15.395000
-27.955000
-29.886999
-21.191999
-6.698900
2.963000
4.895300
2.963000
1.030600
1.996800
5.861500
6.827700
8.760100
4.895300
0.064410
1.996800
7.793900
12.625000
8.760100
-4.766500
-21.191999
-26.023001
-23.124001
-18.292999
-7.665100
-0.901770
0.064410
1.996800
0.064410
-1.868000
1.030600
3.929100
3.929100
2.963000
1.996800
-1.868000
-12.496000
-29.886999
-42.448002
-46.312000
-44.380001
-27.955000
1.996800
29.049999
43.542999
45.474998
35.813000
19.388000
1.030600
-9.597400
-11.530000
-9.597400
-8.631200
-7.665100
-3.800300
7.793900
21.320000
28.084000
34.847000
35.813000
28.084000
13.591000
0.064410
-8.631200
-14.428000
-17.327000
-12.496000
-6.698900
2.963000
8.760100
5.861500
2.963000
-2.834100
-6.698900
-6.698900
-8.631200
-10.564000
-6.698900
-1.868000
1.030600
1.996800
5.861500
8.760100
16.490000
18.422001
10.692000
-3.800300
-10.564000
-9.597400
-13.462000
-16.361000
-12.496000
1.030600
14.557000
17.455999
10.692000
3.929100
0.064410
-1.868000
-7.665100
-13.462000
-15.395000
-11.530000
-9.597400
-13.462000
-14.428000
-11.530000
-4.766500
1.030600
0.064410
-2.834100
0.064410
9.726200
13.591000
7.793900
-4.766500
-11.530000
-8.631200
-3.800300
-0.901770
2.963000
5.861500
6.827700
1.030600
-4.766500
-4.766500
-3.800300
-2.834100
2.963000
7.793900
12.625000
15.523000
20.354000
20.354000
18.422001
9.726200
-3.800300
-12.496000
-11.530000
-6.698900
-4.766500
-0.901770
4.895300
8.760100
12.625000
11.659000
10.692000
9.726200
3.929100
3.929100
5.861500
6.827700
6.827700
1.996800
1.030600
-0.901770
-11.530000
-11.530000
-4.766500
0.064410
3.929100
0.064410
-5.732700
-8.631200
-8.631200
-6.698900
-3.800300
2.963000
9.726200
3.929100
-11.530000
-15.395000
-10.564000
-3.800300
3.929100
6.827700
6.827700
4.895300
1.996800
0.064410
-4.766500
-15.395000
-21.191999
-17.327000
-14.428000
-5.732700
9.726200
21.320000
28.084000
23.253000
10.692000
-1.868000
-6.698900
-6.698900
-5.732700
-9.597400
-8.631200
-7.665100
-4.766500
-0.901770
3.929100
7.793900
8.760100
12.625000
18.422001
14.557000
2.963000
-8.631200
-20.225000
-28.921000
-29.886999
-20.225000
-8.631200
1.030600
7.793900
11.659000
15.523000
18.422001
23.253000
23.253000
22.287001
22.287001
15.523000
8.760100
2.963000
-6.698900
-11.530000
-10.564000
-5.732700
-1.868000
-0.901770
1.030600
8.760100
17.455999
22.287001
23.253000
21.320000
10.692000
-7.665100
-22.158001
-25.056000
-21.191999
-14.428000
-8.631200
-5.732700
-0.901770
7.793900
19.388000
25.184999
22.287001
11.659000
0.064410
-6.698900
-3.800300
4.895300
8.760100
3.929100
-1.868000
-8.631200
-13.462000
-13.462000
-15.395000
-15.395000
-11.530000
-9.597400
-4.766500
-0.901770
0.064410
1.996800
