8.484800
-2.041500
-9.697000
-9.697000
-5.869200
-8.740000
-9.697000
5.614000
13.270000
-1.084500
-5.869200
4.657100
5.614000
5.614000
11.356000
5.614000
-0.127590
1.786300
-2.041500
-11.611000
-10.654000
-7.783100
-11.611000
-4.912300
0.829350
3.700200
13.270000
20.924999
8.484800
11.356000
10.399000
2.743200
-0.127590
-7.783100
-9.697000
-12.568000
-14.482000
-10.654000
-11.611000
7.527900
23.796000
17.097000
15.183000
9.441800
9.441800
9.441800
6.571000
-1.084500
-13.525000
-21.180000
-25.007999
-19.266001
-5.869200
1.786300
1.786300
8.484800
10.399000
9.441800
2.743200
-2.998400
0.829350
15.183000
12.313000
0.829350
-6.826200
-8.740000
-3.955300
-7.783100
-3.955300
3.700200
5.614000
-1.084500
-5.869200
-15.439000
-9.697000
2.743200
6.571000
5.614000
-2.998400
-13.525000
-19.266001
-19.266001
-15.439000
-8.740000
-2.998400
-6.826200
-4.912300
5.614000
3.700200
0.829350
-2.998400
-6.826200
-9.697000
-16.396000
-15.439000
-16.396000
-16.396000
-12.568000
-2.998400
4.657100
19.011000
24.753000
19.968000
18.054001
10.399000
3.700200
1.786300
-3.955300
-4.912300
-6.826200
-0.127590
11.356000
14.226000
13.270000
8.484800
5.614000
7.527900
-2.041500
-2.998400
8.484800
10.399000
1.786300
-4.912300
-6.826200
-5.869200
-8.740000
-11.611000
-11.611000
-15.439000
-6.826200
8.484800
7.527900
7.527900
6.571000
0.829350
-4.912300
0.829350
0.829350
-11.611000
-24.051001
-22.136999
-15.439000
-10.654000
-2.041500
-1.084500
4.657100
-0.127590
-3.955300
5.614000
14.226000
9.441800
7.527900
6.571000
3.700200
2.743200
5.614000
6.571000
4.657100
5.614000
0.829350
0.829350
8.484800
3.700200
0.829350
8.484800
5.614000
3.700200
-0.127590
-0.127590
8.484800
13.270000
7.527900
13.270000
12.313000
11.356000
14.226000
10.399000
6.571000
-2.041500
-4.912300
-7.783100
-9.697000
-10.654000
-10.654000
-4.912300
2.743200
-1.084500
-2.998400
-5.869200
5.614000
21.882000
20.924999
2.743200
-7.783100
0.829350
7.527900
2.743200
-4.912300
-10.654000
-6.826200
-5.869200
-10.654000
-5.869200
3.700200
2.743200
2.743200
5.614000
1.786300
3.700200
3.700200
-4.912300
-5.869200
-6.826200
-12.568000
-20.223000
-7.783100
8.484800
7.527900
5.614000
5.614000
10.399000
14.226000
14.226000
8.484800
-10.654000
-10.654000
-4.912300
-0.127590
6.571000
0.829350
1.786300
5.614000
2.743200
-6.826200
-9.697000
-2.998400
0.829350
2.743200
2.743200
-4.912300
-9.697000
-4.912300
-4.912300
-9.697000
-7.783100
2.743200
7.527900
7.527900
3.700200
1.786300
5.614000
-0.127590
3.700200
-0.127590
3.700200
3.700200
1.786300
-0.127590
-12.568000
-0.127590
12.313000
2.743200
3.700200
1.786300
-2.998400
1.786300
4.657100
-4.912300
-4.912300
3.700200
8.484800
6.571000
9.441800
2.743200
-4.912300
-2.998400
-0.127590
-7.783100
-9.697000
2.743200
14.226000
12.313000
9.441800
2.743200
-1.084500
-5.869200
-14.482000
-2.041500
14.226000
5.614000
-0.127590
0.829350
-1.084500
-4.912300
2.743200
-1.084500
-6.826200
2.743200
11.356000
2.743200
0.829350
0.829350
-8.740000
-10.654000
-14.482000
-10.654000
-8.740000
-6.826200
-0.127590
3.700200
2.743200
6.571000
14.226000
21.882000
20.924999
15.183000
13.270000
-1.084500
-14.482000
-16.396000
-25.965000
-28.836000
-3.955300
11.356000
8.484800
9.441800
0.829350
0.829350
0.829350
5.614000
14.226000
12.313000
6.571000
0.829350
-3.955300
-1.084500
-8.740000
-5.869200
-1.084500
-12.568000
-10.654000
-0.127590
1.786300
-3.955300
2.743200
10.399000
10.399000
10.399000
12.313000
5.614000
10.399000
13.270000
16.139999
16.139999
12.313000
9.441800
-6.826200
-18.309000
-23.094000
-17.351999
-13.525000
-2.041500
6.571000
9.441800
9.441800
-0.127590
2.743200
-0.127590
-0.127590
5.614000
-1.084500
-3.955300
-12.568000
-17.351999
-23.094000
-10.654000
-1.084500
-1.084500
4.657100
13.270000
11.356000
-1.084500
-2.998400
-5.869200
-7.783100
-22.136999
-15.439000
4.657100
5.614000
10.399000
18.054001
13.270000
8.484800
5.614000
1.786300
-9.697000
3.700200
3.700200
-5.869200
-6.826200
-13.525000
-10.654000
-10.654000
-2.998400
2.743200
12.313000
13.270000
7.527900
3.700200
0.829350
10.399000
10.399000
0.829350
-1.084500
-2.998400
-13.525000
-12.568000
-2.041500
2.743200
-0.127590
-1.084500
7.527900
10.399000
4.657100
9.441800
1.786300
-8.740000
-12.568000
-15.439000
-8.740000
-2.998400
1.786300
2.743200
3.700200
3.700200
-6.826200
-9.697000
-2.041500
2.743200
2.743200
-1.084500
-1.084500
-2.998400
-1.084500
13.270000
10.399000
6.571000
6.571000
-0.127590
-4.912300
-12.568000
-19.266001
-15.439000
-7.783100
-2.998400
2.743200
3.700200
-7.783100
-7.783100
-0.127590
-2.041500
0.829350
-2.998400
-11.611000
-11.611000
-6.826200
3.700200
-0.127590
2.743200
11.356000
4.657100
2.743200
1.786300
-2.998400
-2.041500
-2.041500
-6.826200
-13.525000
-22.136999
-9.697000
6.571000
15.183000
21.882000
15.183000
21.882000
24.753000
17.097000
9.441800
-10.654000
-15.439000
-13.525000
-17.351999
-19.266001
-7.783100
1.786300
11.356000
17.097000
20.924999
16.139999
14.226000
6.571000
-3.955300
-5.869200
-11.611000
-21.180000
-20.223000
-14.482000
1.786300
-0.127590
9.441800
19.011000
19.011000
16.139999
7.527900
-0.127590
-6.826200
-12.568000
-6.826200
-7.783100
-16.396000
-17.351999
-8.740000
-2.998400
-2.041500
-5.869200
9.441800
25.709999
23.796000
22.839001
21.882000
13.270000
9.441800
-0.127590
-2.998400
2.743200
1.786300
3.700200
-0.127590
-2.998400
3.700200
2.743200
2.743200
23.796000
31.451000
36.236000
33.365002
25.709999
20.924999
5.614000
-6.826200
-4.912300
8.484800
8.484800
3.700200
5.614000
-0.127590
-6.826200
-8.740000
-14.482000
-21.180000
-4.912300
5.614000
2.743200
-2.998400
-13.525000
-12.568000
-11.611000
-3.955300
-2.998400
10.399000
16.139999
8.484800
7.527900
4.657100
-1.084500
-18.309000
-24.051001
-23.094000
-15.439000
-9.697000
-3.955300
5.614000
12.313000
6.571000
3.700200
-0.127590
-4.912300
-10.654000
-18.309000
-25.965000
-25.965000
-22.136999
-14.482000
-15.439000
-15.439000
-10.654000
-11.611000
1.786300
6.571000
12.313000
15.183000
7.527900
8.484800
6.571000
3.700200
-4.912300
-6.826200
-11.611000
-3.955300
6.571000
4.657100
-2.998400
-6.826200
-9.697000
-5.869200
3.700200
-3.955300
-4.912300
-2.998400
-1.084500
-5.869200
0.829350
13.270000
19.011000
14.226000
4.657100
-0.127590
-0.127590
-9.697000
-5.869200
-3.955300
-7.783100
-11.611000
-9.697000
-4.912300
-3.955300
0.829350
13.270000
25.709999
28.580999
24.753000
19.011000
17.097000
7.527900
-7.783100
-5.869200
-0.127590
-2.041500
-5.869200
-3.955300
0.829350
-2.041500
5.614000
17.097000
14.226000
14.226000
15.183000
11.356000
6.571000
-4.912300
-3.955300
6.571000
8.484800
-2.998400
-3.955300
3.700200
-2.041500
-9.697000
-14.482000
-14.482000
-6.826200
-11.611000
-7.783100
-8.740000
0.829350
12.313000
11.356000
7.527900
4.657100
-1.084500
-3.955300
-10.654000
-12.568000
-11.611000
-9.697000
-6.826200
-9.697000
3.700200
8.484800
13.270000
16.139999
7.527900
-6.826200
-5.869200
-2.041500
-13.525000
-14.482000
-4.912300
-10.654000
-16.396000
-6.826200
0.829350
4.657100
1.786300
8.484800
18.054001
20.924999
20.924999
23.796000
18.054001
8.484800
-2.998400
-21.180000
-23.094000
-9.697000
-1.084500
0.829350
2.743200
3.700200
6.571000
10.399000
1.786300
-6.826200
5.614000
16.139999
8.484800
-2.041500
-7.783100
-9.697000
-6.826200
-6.826200
-2.998400
-3.955300
-2.041500
-4.912300
2.743200
10.399000
4.657100
-2.998400
-2.998400
-2.998400
-13.525000
-18.309000
-13.525000
-3.955300
-2.041500
-7.783100
-5.869200
-0.127590
-2.998400
-2.998400
-2.041500
-5.869200
1.786300
4.657100
6.571000
1.786300
-5.869200
-5.869200
-4.912300
-4.912300
-5.869200
-5.869200
10.399000
16.139999
14.226000
14.226000
8.484800
6.571000
0.829350
-6.826200
1.786300
12.313000
11.356000
6.571000
-8.740000
-0.127590
14.226000
15.183000
5.614000
6.571000
13.270000
5.614000
2.743200
-0.127590
-0.127590
1.786300
7.527900
1.786300
1.786300
7.527900
10.399000
2.743200
-3.955300
-4.912300
-12.568000
-10.654000
-4.912300
5.614000
9.441800
8.484800
3.700200
-5.869200
-16.396000
-16.396000
-8.740000
-0.127590
5.614000
10.399000
10.399000
12.313000
8.484800
5.614000
-2.998400
-2.998400
1.786300
5.614000
-3.955300
-18.309000
-25.965000
-36.491001
-30.750000
-17.351999
-6.826200
2.743200
6.571000
7.527900
10.399000
7.527900
10.399000
13.270000
4.657100
3.700200
6.571000
5.614000
-0.127590
-2.998400
-10.654000
-6.826200
-2.998400
2.743200
8.484800
2.743200
1.786300
5.614000
4.657100
9.441800
8.484800
7.527900
10.399000
-7.783100
-12.568000
-5.869200
1.786300
2.743200
-1.084500
-1.084500
-2.998400
-7.783100
-16.396000
-8.740000
3.700200
2.743200
2.743200
-2.041500
-0.127590
1.786300
2.743200
7.527900
0.829350
-5.869200
-0.127590
6.571000
6.571000
5.614000
10.399000
3.700200
1.786300
2.743200
0.829350
-3.955300
-11.611000
-5.869200
6.571000
-0.127590
4.657100
6.571000
4.657100
0.829350
-8.740000
-10.654000
-10.654000
-8.740000
1.786300
4.657100
0.829350
0.829350
-0.127590
3.700200
0.829350
-0.127590
4.657100
8.484800
8.484800
8.484800
4.657100
3.700200
3.700200
0.829350
-1.084500
0.829350
2.743200
-6.826200
-3.955300
-5.869200
-1.084500
-3.955300
-14.482000
-13.525000
-11.611000
-5.869200
-3.955300
0.829350
13.270000
18.054001
12.313000
11.356000
5.614000
-7.783100
-8.740000
-2.041500
3.700200
2.743200
-5.869200
-11.611000
-17.351999
-23.094000
-17.351999
0.829350
8.484800
5.614000
4.657100
-1.084500
-5.869200
-6.826200
-14.482000
-10.654000
-9.697000
-16.396000
-15.439000
-18.309000
-6.826200
-4.912300
-13.525000
-2.998400
6.571000
5.614000
-0.127590
5.614000
10.399000
3.700200
-3.955300
-3.955300
1.786300
-0.127590
-10.654000
-5.869200
2.743200
2.743200
-1.084500
5.614000
20.924999
18.054001
3.700200
0.829350
7.527900
12.313000
5.614000
-0.127590
-3.955300
-2.041500
3.700200
-1.084500
-4.912300
-1.084500
-6.826200
2.743200
23.796000
26.667000
18.054001
18.054001
13.270000
-1.084500
-7.783100
-7.783100
-3.955300
-4.912300
-6.826200
-3.955300
-4.912300
-5.869200
0.829350
5.614000
19.968000
25.709999
15.183000
11.356000
4.657100
-4.912300
-14.482000
-16.396000
-13.525000
-15.439000
-16.396000
-8.740000
-1.084500
4.657100
2.743200
-0.127590
10.399000
14.226000
8.484800
-1.084500
3.700200
