3.936500
2.031700
0.126980
3.936500
2.031700
3.936500
3.936500
-2.730200
-9.396800
-5.587300
-2.730200
-4.634900
0.126980
0.126980
0.126980
2.031700
3.936500
2.031700
4.888900
10.603000
3.936500
0.126980
-1.777800
-0.825400
2.984100
0.126980
3.936500
2.984100
4.888900
3.936500
2.984100
1.079400
-1.777800
3.936500
3.936500
0.126980
-1.777800
-4.634900
-2.730200
-5.587300
-8.444400
-9.396800
-3.682500
-2.730200
-7.492100
-6.539700
0.126980
9.650800
8.698400
9.650800
5.841300
0.126980
2.031700
2.984100
2.984100
-1.777800
-7.492100
-5.587300
-7.492100
-11.302000
-4.634900
2.984100
-3.682500
-2.730200
1.079400
0.126980
-0.825400
-5.587300
-9.396800
-9.396800
-7.492100
-2.730200
2.031700
-3.682500
-3.682500
5.841300
12.508000
6.793700
2.031700
2.031700
2.984100
2.031700
1.079400
1.079400
3.936500
4.888900
-6.539700
-1.777800
14.413000
17.270000
17.270000
13.460000
15.365000
16.316999
11.556000
6.793700
5.841300
-2.730200
-17.968000
-19.872999
-15.111000
-11.302000
-10.349000
-3.682500
3.936500
5.841300
2.984100
-1.777800
-5.587300
-10.349000
-13.206000
-9.396800
-5.587300
-7.492100
-10.349000
-11.302000
-8.444400
-13.206000
-3.682500
6.793700
6.793700
2.031700
-4.634900
1.079400
5.841300
8.698400
11.556000
10.603000
12.508000
7.746000
4.888900
0.126980
-4.634900
6.793700
14.413000
16.316999
18.222000
15.365000
13.460000
13.460000
10.603000
8.698400
7.746000
6.793700
5.841300
-1.777800
5.841300
17.270000
16.316999
21.079000
21.079000
17.270000
13.460000
4.888900
-3.682500
-8.444400
-11.302000
-20.825001
-19.872999
-1.777800
7.746000
4.888900
10.603000
12.508000
13.460000
11.556000
9.650800
5.841300
4.888900
-4.634900
-11.302000
-7.492100
-11.302000
-17.968000
-17.016001
-13.206000
-9.396800
-5.587300
-0.825400
1.079400
-0.825400
0.126980
5.841300
3.936500
-1.777800
-6.539700
-4.634900
-8.444400
-7.492100
2.031700
3.936500
2.984100
5.841300
5.841300
-4.634900
-2.730200
-0.825400
-3.682500
-5.587300
-7.492100
-16.063000
-11.302000
2.031700
8.698400
8.698400
3.936500
1.079400
-0.825400
-6.539700
-2.730200
-5.587300
0.126980
3.936500
2.031700
4.888900
6.793700
2.031700
2.984100
2.984100
3.936500
-1.777800
-11.302000
-12.254000
-2.730200
1.079400
-6.539700
-5.587300
0.126980
-1.777800
-4.634900
1.079400
2.031700
2.984100
3.936500
2.984100
2.984100
-3.682500
-6.539700
-5.587300
0.126980
3.936500
-3.682500
0.126980
3.936500
1.079400
2.031700
2.031700
-1.777800
0.126980
-5.587300
-10.349000
-1.777800
-6.539700
-7.492100
-2.730200
-5.587300
-6.539700
-1.777800
3.936500
5.841300
8.698400
6.793700
-2.730200
-9.396800
1.079400
8.698400
6.793700
5.841300
2.031700
-1.777800
-7.492100
-9.396800
-8.444400
-10.349000
-8.444400
-8.444400
-1.777800
3.936500
4.888900
1.079400
2.031700
2.031700
4.888900
4.888900
1.079400
-1.777800
-1.777800
-7.492100
-11.302000
-6.539700
1.079400
5.841300
8.698400
7.746000
-2.730200
-7.492100
-1.777800
-0.825400
-1.777800
0.126980
-9.396800
-7.492100
1.079400
11.556000
13.460000
7.746000
13.460000
20.127001
13.460000
5.841300
-0.825400
-7.492100
-12.254000
-20.825001
-17.016001
-14.159000
-4.634900
11.556000
15.365000
12.508000
13.460000
14.413000
13.460000
11.556000
10.603000
4.888900
-1.777800
-13.206000
-11.302000
-12.254000
-18.921000
-17.968000
-15.111000
-5.587300
2.984100
9.650800
13.460000
14.413000
15.365000
12.508000
9.650800
5.841300
10.603000
10.603000
0.126980
-5.587300
-4.634900
-4.634900
-6.539700
-7.492100
-8.444400
-16.063000
-7.492100
4.888900
2.984100
2.031700
-1.777800
2.031700
6.793700
6.793700
3.936500
0.126980
-5.587300
-9.396800
-1.777800
1.079400
-2.730200
-3.682500
-2.730200
-0.825400
2.031700
0.126980
1.079400
11.556000
12.508000
7.746000
5.841300
4.888900
-0.825400
-8.444400
-5.587300
-3.682500
-5.587300
-9.396800
-11.302000
-1.777800
3.936500
2.031700
3.936500
1.079400
-4.634900
-5.587300
-4.634900
-2.730200
-8.444400
-13.206000
-7.492100
-4.634900
-5.587300
0.126980
4.888900
2.984100
-2.730200
7.746000
6.793700
1.079400
2.984100
1.079400
1.079400
1.079400
0.126980
-0.825400
-10.349000
-3.682500
1.079400
-0.825400
5.841300
8.698400
7.746000
6.793700
2.984100
0.126980
-1.777800
-1.777800
-2.730200
-14.159000
-8.444400
7.746000
17.270000
16.316999
14.413000
9.650800
3.936500
-2.730200
-1.777800
-2.730200
-2.730200
-14.159000
-12.254000
1.079400
4.888900
7.746000
2.031700
2.984100
2.984100
2.031700
1.079400
-1.777800
-5.587300
-7.492100
-2.730200
4.888900
5.841300
3.936500
4.888900
7.746000
6.793700
2.031700
2.031700
3.936500
-4.634900
-9.396800
-5.587300
3.936500
7.746000
2.984100
4.888900
7.746000
5.841300
3.936500
2.984100
7.746000
-1.777800
-9.396800
3.936500
8.698400
12.508000
16.316999
8.698400
2.031700
-6.539700
-9.396800
-9.396800
-4.634900
-3.682500
-10.349000
-5.587300
1.079400
-1.777800
4.888900
11.556000
10.603000
6.793700
3.936500
-1.777800
-7.492100
-16.063000
-11.302000
-1.777800
0.126980
2.984100
3.936500
3.936500
8.698400
11.556000
9.650800
7.746000
0.126980
-4.634900
-7.492100
-12.254000
-16.063000
-17.016001
-9.396800
-3.682500
4.888900
19.174999
24.889000
20.127001
16.316999
9.650800
7.746000
8.698400
3.936500
-2.730200
-7.492100
-15.111000
-20.825001
-25.587000
-19.872999
-11.302000
-6.539700
5.841300
14.413000
17.270000
13.460000
5.841300
2.984100
2.031700
-3.682500
-8.444400
-3.682500
-5.587300
-17.016001
-25.587000
-27.492001
-16.063000
-11.302000
-10.349000
-4.634900
0.126980
-0.825400
-12.254000
-14.159000
-4.634900
2.984100
2.031700
2.031700
4.888900
6.793700
2.031700
-0.825400
3.936500
2.984100
5.841300
9.650800
5.841300
6.793700
5.841300
2.031700
2.031700
-4.634900
-1.777800
-0.825400
-0.825400
7.746000
17.270000
14.413000
13.460000
6.793700
5.841300
3.936500
3.936500
0.126980
-8.444400
-1.777800
6.793700
7.746000
9.650800
9.650800
9.650800
8.698400
15.365000
18.222000
17.270000
17.270000
7.746000
6.793700
7.746000
3.936500
-2.730200
-3.682500
-10.349000
-12.254000
-9.396800
-14.159000
-11.302000
-1.777800
0.126980
1.079400
4.888900
11.556000
15.365000
8.698400
8.698400
9.650800
-0.825400
-2.730200
2.031700
-0.825400
-5.587300
-9.396800
-12.254000
-10.349000
-13.206000
-12.254000
-3.682500
2.031700
4.888900
2.031700
0.126980
-2.730200
-3.682500
-5.587300
-12.254000
-6.539700
3.936500
1.079400
-1.777800
2.031700
-0.825400
-1.777800
0.126980
-0.825400
-0.825400
-9.396800
-6.539700
3.936500
2.984100
2.031700
-6.539700
-10.349000
-2.730200
0.126980
-6.539700
-10.349000
-12.254000
-15.111000
-12.254000
-6.539700
-7.492100
-0.825400
3.936500
-0.825400
-2.730200
1.079400
-5.587300
-1.777800
4.888900
5.841300
6.793700
2.984100
-1.777800
-5.587300
-8.444400
-16.063000
-15.111000
2.984100
11.556000
7.746000
9.650800
9.650800
10.603000
7.746000
8.698400
2.984100
-3.682500
-2.730200
-17.016001
-13.206000
-3.682500
-5.587300
-4.634900
-4.634900
-4.634900
-4.634900
-5.587300
4.888900
6.793700
4.888900
4.888900
9.650800
10.603000
7.746000
5.841300
2.031700
-12.254000
-16.063000
-12.254000
-9.396800
-7.492100
6.793700
16.316999
12.508000
14.413000
18.222000
15.365000
9.650800
4.888900
2.031700
3.936500
-2.730200
-2.730200
0.126980
-6.539700
-8.444400
-3.682500
-5.587300
4.888900
17.270000
12.508000
7.746000
9.650800
14.413000
9.650800
3.936500
-0.825400
0.126980
1.079400
-3.682500
-10.349000
-5.587300
4.888900
7.746000
9.650800
8.698400
8.698400
9.650800
11.556000
5.841300
-6.539700
-8.444400
-9.396800
-8.444400
-3.682500
-0.825400
1.079400
3.936500
4.888900
6.793700
7.746000
5.841300
-3.682500
-3.682500
-3.682500
-3.682500
2.984100
4.888900
1.079400
0.126980
1.079400
1.079400
-2.730200
-13.206000
-11.302000
2.031700
4.888900
2.984100
4.888900
4.888900
2.031700
-7.492100
-7.492100
-7.492100
0.126980
3.936500
4.888900
3.936500
2.031700
-3.682500
-4.634900
-0.825400
-3.682500
-12.254000
-13.206000
-17.968000
-17.016001
-14.159000
-12.254000
-11.302000
-2.730200
3.936500
3.936500
4.888900
2.984100
-6.539700
-14.159000
-12.254000
-7.492100
-4.634900
-3.682500
1.079400
2.031700
2.984100
-3.682500
1.079400
10.603000
19.174999
22.032000
21.079000
12.508000
4.888900
-1.777800
-4.634900
-17.968000
-20.825001
-14.159000
-11.302000
-9.396800
-7.492100
-6.539700
-6.539700
-13.206000
-8.444400
2.984100
10.603000
11.556000
17.270000
20.127001
14.413000
3.936500
2.984100
6.793700
8.698400
0.126980
-5.587300
-2.730200
0.126980
2.031700
7.746000
11.556000
17.270000
19.174999
17.270000
14.413000
15.365000
0.126980
-6.539700
1.079400
1.079400
2.031700
2.031700
-0.825400
0.126980
-6.539700
-8.444400
-0.825400
7.746000
13.460000
13.460000
8.698400
5.841300
2.031700
-1.777800
-5.587300
-10.349000
-6.539700
-5.587300
-9.396800
-1.777800
0.126980
1.079400
-2.730200
1.079400
2.031700
-1.777800
0.126980
5.841300
8.698400
10.603000
3.936500
3.936500
8.698400
2.031700
-3.682500
-7.492100
-6.539700
0.126980
-1.777800
-7.492100
-0.825400
4.888900
7.746000
2.031700
-1.777800
6.793700
1.079400
-0.825400
0.126980
-1.777800
-2.730200
-7.492100
-7.492100
-8.444400
5.841300
11.556000
5.841300
10.603000
8.698400
2.984100
-1.777800
-0.825400
-4.634900
-3.682500
-3.682500
-10.349000
-5.587300
-1.777800
2.031700
6.793700
7.746000
7.746000
6.793700
1.079400
4.888900
5.841300
-1.777800
-3.682500
-8.444400
-4.634900
-0.825400
1.079400
5.841300
22.983999
30.603001
23.937000
11.556000
5.841300
2.984100
-1.777800
-3.682500
-9.396800
-8.444400
-3.682500
-0.825400
3.936500
1.079400
2.984100
7.746000
8.698400
4.888900
-7.492100
-9.396800
-8.444400
-10.349000
-12.254000
-20.825001
-12.254000
-4.634900
-4.634900
-1.777800
-1.777800
9.650800
13.460000
5.841300
-5.587300
-3.682500
0.126980
-2.730200
-3.682500
-10.349000
-1.777800
6.793700
3.936500
5.841300
2.031700
-6.539700
-4.634900
-1.777800
-5.587300
-10.349000
-8.444400
-1.777800
5.841300
5.841300
5.841300
5.841300
1.079400
-2.730200
-6.539700
-15.111000
-11.302000
-2.730200
-5.587300
-8.444400
-3.682500
-2.730200
-0.825400
3.936500
7.746000
6.793700
3.936500
9.650800
12.508000
5.841300
4.888900
4.888900
3.936500
4.888900
-4.634900
-13.206000
-7.492100
1.079400
2.984100
