4.637700
6.570000
4.637700
2.705300
-0.193240
-3.091800
-6.956500
-9.855100
-7.922700
-4.058000
-4.058000
-5.024200
-4.058000
-1.159400
-3.091800
-4.058000
-0.193240
3.671500
-3.091800
-5.024200
0.772950
5.603900
3.671500
0.772950
-1.159400
-0.193240
4.637700
5.603900
2.705300
-1.159400
-0.193240
-1.159400
-5.024200
-2.125600
-5.024200
-7.922700
-2.125600
-1.159400
-1.159400
-0.193240
-0.193240
-1.159400
2.705300
7.536200
7.536200
3.671500
6.570000
5.603900
7.536200
6.570000
2.705300
6.570000
13.333000
3.671500
-5.990300
-8.888900
-8.888900
-5.024200
-3.091800
-3.091800
0.772950
-2.125600
-5.024200
-0.193240
0.772950
-2.125600
-7.922700
-5.990300
-2.125600
3.671500
6.570000
10.435000
7.536200
2.705300
-0.193240
1.739100
1.739100
2.705300
4.637700
4.637700
0.772950
-5.990300
-8.888900
-12.754000
-15.652000
-12.754000
-15.652000
-18.551001
-12.754000
-6.956500
-3.091800
2.705300
2.705300
4.637700
14.300000
15.266000
15.266000
15.266000
13.333000
13.333000
8.502400
4.637700
8.502400
6.570000
1.739100
3.671500
5.603900
5.603900
1.739100
-5.024200
-7.922700
-13.720000
-15.652000
-12.754000
-6.956500
0.772950
5.603900
5.603900
9.468600
10.435000
8.502400
7.536200
1.739100
-1.159400
-0.193240
-2.125600
-5.990300
-6.956500
-4.058000
-1.159400
5.603900
1.739100
-3.091800
-0.193240
-1.159400
-3.091800
-6.956500
-6.956500
-1.159400
-0.193240
-3.091800
0.772950
1.739100
4.637700
11.401000
17.198000
15.266000
8.502400
7.536200
11.401000
15.266000
16.232000
11.401000
4.637700
4.637700
5.603900
-0.193240
-4.058000
-1.159400
-0.193240
-2.125600
-3.091800
-2.125600
-4.058000
-12.754000
-11.787000
-2.125600
-1.159400
-3.091800
-4.058000
-1.159400
-0.193240
-7.922700
-18.551001
-15.652000
-8.888900
-8.888900
-6.956500
-12.754000
-8.888900
-5.024200
-5.990300
-2.125600
2.705300
3.671500
3.671500
9.468600
13.333000
9.468600
5.603900
4.637700
7.536200
4.637700
2.705300
-1.159400
-1.159400
-1.159400
-2.125600
-5.024200
-7.922700
-7.922700
-4.058000
-5.990300
-6.956500
-5.024200
-6.956500
-4.058000
2.705300
4.637700
-2.125600
-6.956500
-3.091800
7.536200
8.502400
3.671500
5.603900
6.570000
8.502400
15.266000
13.333000
12.367000
15.266000
14.300000
15.266000
11.401000
4.637700
3.671500
6.570000
1.739100
-0.193240
3.671500
3.671500
1.739100
0.772950
0.772950
-4.058000
-5.024200
-7.922700
-11.787000
-11.787000
-5.990300
-3.091800
-8.888900
-5.024200
0.772950
1.739100
3.671500
7.536200
8.502400
7.536200
6.570000
5.603900
5.603900
3.671500
-3.091800
1.739100
0.772950
-5.024200
-7.922700
-6.956500
-5.990300
-7.922700
-5.990300
-2.125600
-2.125600
-3.091800
0.772950
6.570000
6.570000
0.772950
4.637700
9.468600
0.772950
-2.125600
2.705300
1.739100
-7.922700
-11.787000
-5.024200
-2.125600
-6.956500
-10.821000
-11.787000
-8.888900
-5.024200
-3.091800
-3.091800
-3.091800
-1.159400
1.739100
7.536200
7.536200
1.739100
-0.193240
3.671500
-1.159400
-5.990300
-5.990300
-2.125600
1.739100
-1.159400
-5.024200
-5.024200
-4.058000
0.772950
0.772950
-0.193240
-1.159400
-2.125600
-3.091800
-5.990300
-2.125600
-0.193240
-0.193240
5.603900
5.603900
-5.024200
-7.922700
-1.159400
0.772950
7.536200
9.468600
13.333000
11.401000
7.536200
9.468600
9.468600
7.536200
7.536200
3.671500
3.671500
-1.159400
-2.125600
5.603900
3.671500
-2.125600
-5.024200
-7.922700
-5.990300
-5.024200
-4.058000
-8.888900
-10.821000
-10.821000
-13.720000
-12.754000
-12.754000
-5.990300
-5.990300
-7.922700
-5.990300
1.739100
0.772950
-0.193240
2.705300
0.772950
7.536200
9.468600
7.536200
6.570000
4.637700
9.468600
10.435000
9.468600
7.536200
5.603900
6.570000
3.671500
1.739100
-2.125600
-4.058000
-6.956500
-8.888900
-8.888900
-8.888900
-11.787000
-12.754000
-11.787000
-8.888900
-5.990300
-5.024200
-4.058000
-0.193240
-1.159400
-3.091800
3.671500
7.536200
3.671500
3.671500
10.435000
8.502400
4.637700
8.502400
9.468600
8.502400
8.502400
0.772950
-5.024200
-3.091800
-2.125600
-0.193240
0.772950
6.570000
1.739100
-2.125600
3.671500
4.637700
2.705300
2.705300
7.536200
6.570000
4.637700
7.536200
5.603900
-0.193240
-2.125600
2.705300
4.637700
3.671500
1.739100
-2.125600
-3.091800
-3.091800
-3.091800
-1.159400
-1.159400
0.772950
0.772950
5.603900
5.603900
4.637700
9.468600
8.502400
4.637700
6.570000
6.570000
-0.193240
-1.159400
2.705300
-2.125600
-3.091800
-3.091800
-5.990300
-5.024200
-7.922700
-8.888900
-13.720000
-15.652000
-12.754000
-14.686000
-11.787000
-7.922700
-5.990300
-8.888900
-5.024200
1.739100
0.772950
-3.091800
-2.125600
8.502400
14.300000
12.367000
4.637700
3.671500
5.603900
3.671500
3.671500
3.671500
6.570000
12.367000
15.266000
13.333000
7.536200
3.671500
5.603900
6.570000
4.637700
3.671500
0.772950
0.772950
2.705300
3.671500
-1.159400
-5.024200
-0.193240
4.637700
5.603900
2.705300
6.570000
3.671500
-0.193240
-2.125600
-5.990300
-7.922700
-9.855100
-8.888900
-6.956500
-7.922700
-12.754000
-14.686000
-9.855100
-6.956500
-5.990300
-2.125600
6.570000
6.570000
2.705300
6.570000
6.570000
9.468600
15.266000
14.300000
14.300000
10.435000
14.300000
21.063000
19.129999
15.266000
19.129999
20.097000
21.063000
22.995001
20.097000
20.097000
22.995001
18.164000
13.333000
9.468600
10.435000
4.637700
2.705300
0.772950
-0.193240
5.603900
5.603900
4.637700
5.603900
-0.193240
-6.956500
-7.922700
-8.888900
-22.415001
-34.009998
-34.009998
-34.976002
-36.908001
-34.976002
-36.908001
-35.942001
-34.976002
-31.111000
-25.313999
-26.280001
-21.448999
-12.754000
-9.855100
-8.888900
-6.956500
-6.956500
-2.125600
0.772950
-5.024200
-5.990300
-5.024200
-7.922700
-7.922700
-8.888900
-7.922700
-3.091800
-8.888900
-10.821000
-4.058000
-2.125600
-1.159400
-0.193240
-2.125600
-6.956500
-6.956500
-5.024200
-3.091800
0.772950
4.637700
7.536200
11.401000
13.333000
10.435000
11.401000
16.232000
16.232000
15.266000
11.401000
2.705300
2.705300
2.705300
0.772950
0.772950
8.502400
12.367000
16.232000
18.164000
14.300000
9.468600
9.468600
16.232000
14.300000
6.570000
6.570000
8.502400
8.502400
8.502400
2.705300
5.603900
5.603900
-4.058000
-5.990300
-8.888900
-14.686000
-17.584999
-16.618000
-16.618000
-11.787000
-5.024200
-3.091800
-4.058000
0.772950
2.705300
-0.193240
-3.091800
-5.024200
-3.091800
-4.058000
-3.091800
1.739100
0.772950
-5.024200
-5.024200
-5.990300
-7.922700
-10.821000
-16.618000
-14.686000
-13.720000
-19.517000
-16.618000
-7.922700
-3.091800
-0.193240
4.637700
9.468600
15.266000
18.164000
13.333000
14.300000
16.232000
18.164000
22.028999
22.995001
23.961000
22.995001
21.063000
21.063000
20.097000
14.300000
8.502400
3.671500
-2.125600
-6.956500
-4.058000
-8.888900
-14.686000
-15.652000
-15.652000
-17.584999
-16.618000
-15.652000
-11.787000
-10.821000
-5.024200
1.739100
2.705300
0.772950
-3.091800
0.772950
3.671500
-0.193240
-2.125600
-2.125600
-2.125600
2.705300
4.637700
2.705300
-2.125600
-3.091800
2.705300
11.401000
14.300000
13.333000
9.468600
5.603900
2.705300
0.772950
-2.125600
1.739100
5.603900
2.705300
-4.058000
-9.855100
-9.855100
-7.922700
-9.855100
-2.125600
4.637700
1.739100
-0.193240
-0.193240
0.772950
-0.193240
-2.125600
-5.024200
-6.956500
-5.990300
-4.058000
-2.125600
1.739100
3.671500
5.603900
2.705300
4.637700
11.401000
11.401000
5.603900
-2.125600
-3.091800
1.739100
-0.193240
-3.091800
-4.058000
-1.159400
1.739100
-4.058000
-7.922700
-6.956500
-7.922700
-6.956500
-4.058000
-7.922700
-5.024200
-0.193240
-3.091800
-1.159400
4.637700
9.468600
10.435000
12.367000
15.266000
17.198000
14.300000
15.266000
17.198000
10.435000
5.603900
3.671500
0.772950
-3.091800
-5.990300
-5.024200
-7.922700
-9.855100
-5.024200
-1.159400
0.772950
-0.193240
0.772950
1.739100
-3.091800
-5.990300
-4.058000
-4.058000
-4.058000
-7.922700
-12.754000
-16.618000
-19.517000
-17.584999
-11.787000
-4.058000
-3.091800
-1.159400
4.637700
3.671500
-6.956500
-7.922700
-1.159400
1.739100
1.739100
2.705300
3.671500
6.570000
1.739100
-3.091800
1.739100
2.705300
-3.091800
-1.159400
4.637700
7.536200
7.536200
8.502400
4.637700
5.603900
4.637700
5.603900
1.739100
0.772950
5.603900
2.705300
-1.159400
3.671500
6.570000
8.502400
3.671500
0.772950
3.671500
5.603900
-1.159400
-5.990300
-6.956500
-6.956500
-5.024200
-5.024200
5.603900
10.435000
11.401000
12.367000
11.401000
10.435000
5.603900
0.772950
0.772950
-0.193240
0.772950
0.772950
-1.159400
6.570000
6.570000
1.739100
-1.159400
-4.058000
-5.024200
-2.125600
-4.058000
1.739100
6.570000
7.536200
3.671500
-0.193240
0.772950
4.637700
3.671500
1.739100
-4.058000
-5.024200
-7.922700
-11.787000
-6.956500
-3.091800
-4.058000
-4.058000
1.739100
7.536200
6.570000
4.637700
3.671500
5.603900
8.502400
4.637700
-0.193240
-0.193240
-3.091800
-5.024200
-3.091800
-4.058000
-8.888900
-6.956500
-5.990300
-11.787000
-17.584999
-15.652000
-13.720000
-7.922700
-7.922700
-6.956500
0.772950
6.570000
5.603900
3.671500
0.772950
1.739100
0.772950
-1.159400
-0.193240
-3.091800
-7.922700
-4.058000
6.570000
2.705300
-0.193240
1.739100
2.705300
0.772950
-4.058000
-5.024200
-3.091800
-4.058000
-5.024200
-9.855100
-12.754000
-13.720000
-11.787000
-7.922700
-5.024200
-5.990300
-8.888900
-3.091800
1.739100
7.536200
7.536200
9.468600
14.300000
16.232000
21.063000
22.995001
25.893999
24.927999
22.995001
18.164000
14.300000
10.435000
6.570000
5.603900
1.739100
-5.024200
-8.888900
-13.720000
-15.652000
-12.754000
-5.024200
-5.024200
-8.888900
-7.922700
-7.922700
-6.956500
-11.787000
-9.855100
-10.821000
-2.125600
8.502400
9.468600
6.570000
4.637700
14.300000
15.266000
10.435000
7.536200
1.739100
3.671500
1.739100
-5.024200
-7.922700
-6.956500
-1.159400
-1.159400
-0.193240
2.705300
-0.193240
1.739100
4.637700
6.570000
5.603900
-2.125600
0.772950
7.536200
4.637700
2.705300
1.739100
-0.193240
-2.125600
-0.193240
-2.125600
-0.193240
-2.125600
-4.058000
-1.159400
-1.159400
-4.058000
-2.125600
-5.024200
-5.990300
-6.956500
-10.821000
-10.821000
-9.855100
-5.990300
0.772950
0.772950
0.772950
2.705300
1.739100
3.671500
-0.193240
-5.024200
-5.990300
-9.855100
-4.058000
-2.125600
-6.956500
-8.888900
-7.922700
-5.990300
-4.058000
-7.922700
-7.922700
-1.159400
3.671500
