-16.964001
-15.974000
-13.993000
-8.052800
1.848200
6.798700
2.838300
5.808600
3.828400
-10.033000
-15.974000
-18.944000
-21.914000
-22.903999
-19.934000
-11.023000
-6.072600
5.808600
19.670000
20.660000
21.650000
18.680000
4.818500
-6.072600
-6.072600
3.828400
9.769000
5.808600
8.778900
12.739000
7.788800
-0.132010
0.858090
-8.052800
-11.023000
-13.993000
-21.914000
-25.875000
-18.944000
-0.132010
14.719000
18.680000
20.660000
27.591000
29.570999
21.650000
4.818500
-6.072600
1.848200
-0.132010
-2.112200
5.808600
13.729000
22.639999
23.629999
27.591000
25.611000
15.710000
2.838300
-9.042900
-13.993000
-9.042900
-9.042900
-9.042900
-6.072600
1.848200
2.838300
4.818500
8.778900
10.759000
0.858090
-7.062700
-9.042900
-3.102300
0.858090
-7.062700
-9.042900
-4.092400
2.838300
9.769000
5.808600
-0.132010
-7.062700
-12.013000
-15.974000
-15.974000
-20.924000
-23.893999
-21.914000
-7.062700
8.778900
15.710000
13.729000
11.749000
6.798700
5.808600
10.759000
1.848200
0.858090
9.769000
16.700001
10.759000
5.808600
3.828400
8.778900
8.778900
2.838300
-6.072600
-12.013000
-5.082500
9.769000
12.739000
6.798700
-1.122100
-5.082500
2.838300
11.749000
12.739000
-0.132010
-11.023000
-11.023000
-9.042900
-11.023000
-13.993000
-8.052800
2.838300
10.759000
19.670000
14.719000
5.808600
-6.072600
-14.983000
-13.003000
-9.042900
-17.954000
-27.855000
-22.903999
-23.893999
-13.993000
1.848200
4.818500
0.858090
-1.122100
-5.082500
-10.033000
-13.993000
-15.974000
-22.903999
-26.865000
-19.934000
-10.033000
5.808600
18.680000
24.620001
23.629999
12.739000
-6.072600
-15.974000
-17.954000
-15.974000
-11.023000
-8.052800
-7.062700
0.858090
12.739000
18.680000
18.680000
18.680000
20.660000
19.670000
6.798700
-2.112200
0.858090
12.739000
15.710000
19.670000
23.629999
14.719000
13.729000
20.660000
13.729000
5.808600
-1.122100
-9.042900
-15.974000
-7.062700
3.828400
9.769000
10.759000
8.778900
4.818500
0.858090
-1.122100
-0.132010
-5.082500
-16.964001
-25.875000
-24.884001
-14.983000
-3.102300
15.710000
24.620001
19.670000
10.759000
7.788800
-0.132010
-8.052800
-10.033000
-1.122100
-2.112200
-4.092400
8.778900
24.620001
27.591000
19.670000
8.778900
1.848200
-9.042900
-16.964001
-21.914000
-20.924000
-14.983000
-11.023000
-5.082500
0.858090
8.778900
8.778900
-1.122100
-8.052800
-4.092400
-7.062700
-13.993000
-18.944000
-15.974000
-12.013000
1.848200
7.788800
6.798700
8.778900
11.749000
5.808600
-0.132010
-11.023000
-13.993000
-10.033000
-12.013000
-7.062700
-10.033000
-18.944000
-12.013000
-11.023000
-13.003000
-12.013000
-11.023000
-11.023000
-11.023000
-12.013000
-11.023000
-11.023000
-13.993000
-11.023000
-10.033000
-6.072600
1.848200
-1.122100
-5.082500
-5.082500
3.828400
12.739000
12.739000
6.798700
1.848200
0.858090
-0.132010
-1.122100
4.818500
8.778900
3.828400
-2.112200
0.858090
7.788800
3.828400
5.808600
6.798700
-0.132010
2.838300
5.808600
5.808600
0.858090
6.798700
11.749000
10.759000
21.650000
18.680000
16.700001
23.629999
23.629999
18.680000
16.700001
17.690001
10.759000
3.828400
-1.122100
-1.122100
1.848200
5.808600
13.729000
10.759000
3.828400
2.838300
-2.112200
-3.102300
-2.112200
-0.132010
0.858090
-1.122100
-2.112200
-4.092400
-7.062700
-3.102300
-5.082500
-3.102300
-2.112200
-5.082500
-0.132010
0.858090
-4.092400
-2.112200
1.848200
2.838300
-2.112200
-5.082500
-10.033000
-10.033000
-7.062700
-3.102300
-6.072600
-4.092400
-1.122100
-0.132010
2.838300
-3.102300
-5.082500
-9.042900
-9.042900
-15.974000
-15.974000
-8.052800
-11.023000
-14.983000
-13.993000
-8.052800
-1.122100
-3.102300
-4.092400
-4.092400
-6.072600
-16.964001
-12.013000
0.858090
10.759000
21.650000
22.639999
24.620001
18.680000
2.838300
-6.072600
-16.964001
-20.924000
-20.924000
-17.954000
-13.003000
-9.042900
-7.062700
-1.122100
4.818500
-2.112200
-12.013000
-17.954000
-17.954000
-13.993000
-13.003000
-9.042900
-3.102300
-7.062700
-13.003000
-9.042900
-1.122100
4.818500
-1.122100
-13.993000
-23.893999
-21.914000
-13.993000
-19.934000
-15.974000
-4.092400
-4.092400
-4.092400
10.759000
13.729000
4.818500
-2.112200
-6.072600
-8.052800
-10.033000
-13.993000
-14.983000
-13.003000
-13.993000
-12.013000
-6.072600
-1.122100
-3.102300
-4.092400
-5.082500
-6.072600
-7.062700
-12.013000
-16.964001
-15.974000
-9.042900
-3.102300
2.838300
5.808600
10.759000
6.798700
4.818500
5.808600
9.769000
10.759000
8.778900
8.778900
16.700001
21.650000
24.620001
23.629999
30.561001
30.561001
25.611000
14.719000
14.719000
17.690001
15.710000
12.739000
8.778900
7.788800
7.788800
10.759000
8.778900
4.818500
5.808600
7.788800
7.788800
-0.132010
1.848200
14.719000
23.629999
18.680000
16.700001
29.570999
27.591000
22.639999
15.710000
9.769000
9.769000
14.719000
13.729000
15.710000
11.749000
6.798700
7.788800
7.788800
5.808600
1.848200
6.798700
17.690001
12.739000
4.818500
6.798700
8.778900
2.838300
0.858090
4.818500
14.719000
27.591000
28.580999
25.611000
13.729000
4.818500
-3.102300
-1.122100
5.808600
6.798700
0.858090
-3.102300
1.848200
8.778900
2.838300
3.828400
5.808600
6.798700
9.769000
10.759000
8.778900
16.700001
18.680000
17.690001
21.650000
24.620001
33.530998
29.570999
16.700001
0.858090
-15.974000
-25.875000
-20.924000
-10.033000
-0.132010
2.838300
6.798700
15.710000
24.620001
25.611000
18.680000
7.788800
-1.122100
-4.092400
-0.132010
1.848200
4.818500
7.788800
14.719000
18.680000
19.670000
23.629999
20.660000
11.749000
4.818500
-6.072600
-14.983000
-12.013000
-13.003000
-11.023000
1.848200
11.749000
11.749000
4.818500
1.848200
0.858090
-0.132010
-0.132010
-7.062700
-7.062700
-12.013000
-20.924000
-21.914000
-16.964001
-9.042900
-11.023000
-10.033000
-12.013000
-18.944000
-19.934000
-16.964001
-20.924000
-18.944000
-18.944000
-16.964001
-15.974000
-12.013000
-16.964001
-18.944000
-16.964001
-20.924000
-17.954000
-22.903999
-21.914000
-9.042900
1.848200
8.778900
1.848200
-4.092400
-3.102300
-8.052800
-12.013000
-24.884001
-31.815001
-32.805000
-26.865000
-20.924000
-13.993000
-12.013000
-3.102300
5.808600
9.769000
11.749000
3.828400
-6.072600
-12.013000
-21.914000
-24.884001
-26.865000
-19.934000
-7.062700
2.838300
6.798700
6.798700
9.769000
6.798700
-6.072600
-13.003000
-20.924000
-25.875000
-28.844999
-25.875000
-16.964001
-11.023000
-8.052800
-0.132010
9.769000
6.798700
2.838300
-1.122100
-12.013000
-18.944000
-28.844999
-30.825001
-29.834999
-28.844999
-22.903999
-17.954000
-19.934000
-16.964001
-15.974000
-22.903999
-29.834999
-24.884001
-16.964001
-5.082500
4.818500
13.729000
25.611000
30.561001
28.580999
24.620001
21.650000
15.710000
10.759000
13.729000
12.739000
7.788800
12.739000
24.620001
22.639999
23.629999
17.690001
6.798700
0.858090
0.858090
-7.062700
-5.082500
-3.102300
-11.023000
-7.062700
7.788800
11.749000
12.739000
13.729000
13.729000
10.759000
3.828400
-12.013000
-13.003000
1.848200
10.759000
6.798700
5.808600
10.759000
13.729000
14.719000
16.700001
9.769000
0.858090
-12.013000
-18.944000
-11.023000
-3.102300
4.818500
12.739000
9.769000
6.798700
10.759000
15.710000
12.739000
8.778900
-5.082500
-10.033000
-8.052800
-11.023000
-15.974000
-14.983000
-10.033000
-6.072600
0.858090
16.700001
20.660000
15.710000
13.729000
11.749000
6.798700
-2.112200
-13.003000
-17.954000
-21.914000
-25.875000
-18.944000
3.828400
16.700001
21.650000
16.700001
22.639999
27.591000
10.759000
2.838300
0.858090
0.858090
-6.072600
-6.072600
4.818500
9.769000
16.700001
29.570999
27.591000
15.710000
5.808600
-3.102300
-10.033000
-17.954000
-25.875000
-27.855000
-23.893999
-20.924000
-19.934000
-16.964001
-7.062700
-4.092400
-4.092400
-10.033000
-16.964001
-14.983000
-21.914000
-25.875000
-23.893999
-25.875000
-24.884001
-23.893999
-18.944000
-10.033000
-1.122100
2.838300
-2.112200
-10.033000
-15.974000
-23.893999
-22.903999
-15.974000
-18.944000
-18.944000
-16.964001
-8.052800
-5.082500
-4.092400
-1.122100
-1.122100
-3.102300
-0.132010
4.818500
0.858090
-4.092400
-10.033000
-18.944000
-18.944000
-16.964001
-11.023000
-9.042900
-9.042900
-8.052800
-3.102300
-1.122100
-4.092400
-7.062700
-21.914000
-26.865000
-20.924000
-24.884001
-20.924000
-6.072600
-4.092400
-3.102300
-11.023000
-19.934000
-21.914000
-21.914000
-18.944000
-17.954000
-17.954000
-13.993000
-11.023000
-9.042900
-7.062700
-4.092400
-5.082500
1.848200
8.778900
4.818500
-3.102300
-5.082500
-9.042900
-10.033000
-12.013000
-9.042900
-11.023000
-18.944000
-17.954000
-13.003000
-4.092400
1.848200
-0.132010
-4.092400
-8.052800
-3.102300
-4.092400
-5.082500
-10.033000
-14.983000
-19.934000
-18.944000
-12.013000
-7.062700
-8.052800
-13.993000
-20.924000
-22.903999
-13.003000
-2.112200
-8.052800
-16.964001
-20.924000
-18.944000
-13.993000
-15.974000
-14.983000
-11.023000
-7.062700
-5.082500
-2.112200
-3.102300
-8.052800
-9.042900
-8.052800
-4.092400
-0.132010
7.788800
17.690001
21.650000
26.601000
19.670000
15.710000
11.749000
8.778900
3.828400
-5.082500
-8.052800
-4.092400
1.848200
8.778900
7.788800
6.798700
11.749000
12.739000
9.769000
6.798700
3.828400
4.818500
8.778900
9.769000
8.778900
9.769000
10.759000
11.749000
14.719000
19.670000
20.660000
19.670000
17.690001
13.729000
7.788800
0.858090
-1.122100
-6.072600
-8.052800
-1.122100
-1.122100
-7.062700
-10.033000
-10.033000
-6.072600
-1.122100
-2.112200
-6.072600
-8.052800
-10.033000
-10.033000
-10.033000
-9.042900
-9.042900
-3.102300
1.848200
3.828400
-0.132010
-3.102300
0.858090
2.838300
-4.092400
-4.092400
1.848200
2.838300
-0.132010
-9.042900
-17.954000
-27.855000
-32.805000
-29.834999
-22.903999
-25.875000
-24.884001
-22.903999
-16.964001
-9.042900
-5.082500
-4.092400
-1.122100
-6.072600
-13.003000
-16.964001
-15.974000
-9.042900
2.838300
7.788800
-5.082500
-13.993000
-7.062700
1.848200
6.798700
2.838300
0.858090
4.818500
5.808600
-0.132010
-4.092400
-7.062700
-8.052800
-3.102300
-0.132010
-0.132010
-0.132010
-3.102300
-6.072600
-9.042900
-8.052800
-5.082500
-3.102300
-2.112200
-3.102300
0.858090
9.769000
17.690001
17.690001
13.729000
12.739000
6.798700
4.818500
5.808600
6.798700
9.769000
14.719000
16.700001
22.639999
27.591000
25.611000
34.521000
42.442001
40.462002
33.530998
26.601000
20.660000
29.570999
33.530998
32.541000
30.561001
31.551001
36.501999
31.551001
32.541000
34.521000
38.481998
31.551001
17.690001
12.739000
16.700001
25.611000
24.620001
20.660000
21.650000
24.620001
27.591000
35.512001
40.462002
36.501999
33.530998
27.591000
19.670000
18.680000
