-10.413000
-21.841000
-26.603001
-22.794001
-11.365000
-6.603200
-10.413000
1.968300
10.540000
4.825400
-0.888890
-10.413000
-17.079000
-19.937000
-18.032000
-12.317000
-9.460300
-2.793700
11.492000
17.205999
29.587000
35.301998
22.921000
5.777800
-8.507900
-11.365000
-10.413000
-14.222000
-6.603200
4.825400
6.730200
4.825400
3.873000
-5.650800
-5.650800
-12.317000
-23.746000
-32.317001
-30.413000
-11.365000
6.730200
16.254000
24.825001
30.540001
31.492001
34.348999
24.825001
7.682500
2.920600
-7.555600
-14.222000
-10.413000
-0.888890
11.492000
17.205999
25.778000
27.683001
21.968000
18.159000
8.634900
-3.746000
-8.507900
-17.079000
-18.032000
-6.603200
6.730200
10.540000
14.349000
17.205999
21.016001
12.444000
-2.793700
-11.365000
-7.555600
-0.888890
-1.841300
-1.841300
0.063490
3.873000
12.444000
10.540000
6.730200
1.968300
-1.841300
-7.555600
-17.079000
-21.841000
-21.841000
-21.841000
-14.222000
-5.650800
8.634900
21.016001
21.968000
12.444000
6.730200
15.302000
6.730200
-3.746000
1.015900
10.540000
10.540000
6.730200
0.063490
1.015900
7.682500
13.397000
12.444000
4.825400
-2.793700
-2.793700
-4.698400
-5.650800
-5.650800
-8.507900
-12.317000
-13.270000
-11.365000
-9.460300
-2.793700
7.682500
2.920600
-3.746000
-7.555600
-14.222000
-18.032000
-12.317000
1.015900
-2.793700
-8.507900
-11.365000
-8.507900
1.015900
2.920600
-9.460300
-18.032000
-15.175000
-30.413000
-35.174999
-30.413000
-26.603001
-17.079000
-1.841300
8.634900
6.730200
-0.888890
-3.746000
-8.507900
-18.032000
-23.746000
-24.698000
-17.079000
-1.841300
9.587300
21.016001
22.921000
12.444000
5.777800
3.873000
4.825400
4.825400
-2.793700
-13.270000
-14.222000
-0.888890
20.063000
35.301998
44.825001
50.540001
47.682999
25.778000
1.968300
-6.603200
-1.841300
-8.507900
-7.555600
7.682500
12.444000
20.063000
36.254002
38.159000
30.540001
17.205999
0.063490
-17.079000
-26.603001
-32.317001
-28.507999
-16.127001
-1.841300
15.302000
26.730000
30.540001
32.444000
21.968000
-8.507900
-40.889000
-51.365002
-40.889000
-27.556000
-3.746000
21.016001
29.587000
33.396999
43.873001
40.063000
26.730000
9.587300
-5.650800
-26.603001
-34.222000
-17.079000
8.634900
21.968000
20.063000
20.063000
32.444000
30.540001
19.111000
-3.746000
-25.650999
-43.745998
-54.222000
-48.507999
-27.556000
2.920600
23.872999
27.683001
30.540001
30.540001
16.254000
0.063490
-18.983999
-36.126999
-47.556000
-40.889000
-31.365000
-9.460300
16.254000
30.540001
34.348999
31.492001
14.349000
0.063490
-15.175000
-33.270000
-42.793999
-47.556000
-41.841000
-13.270000
8.634900
21.016001
21.968000
14.349000
0.063490
-15.175000
-27.556000
-30.413000
-30.413000
-29.459999
-20.889000
-9.460300
2.920600
15.302000
15.302000
13.397000
13.397000
8.634900
-11.365000
-34.222000
-48.507999
-37.078999
-11.365000
9.587300
16.254000
26.730000
36.254002
29.587000
11.492000
-7.555600
-19.937000
-31.365000
-28.507999
-7.555600
4.825400
10.540000
11.492000
9.587300
10.540000
25.778000
29.587000
12.444000
-0.888890
-28.507999
-33.270000
-7.555600
16.254000
31.492001
38.159000
39.111000
24.825001
12.444000
4.825400
-9.460300
-21.841000
-29.459999
-26.603001
-21.841000
-15.175000
5.777800
21.968000
30.540001
30.540001
18.159000
2.920600
-13.270000
-26.603001
-40.889000
-46.603001
-30.413000
-9.460300
11.492000
23.872999
25.778000
29.587000
25.778000
9.587300
-12.317000
-34.222000
-44.698002
-40.889000
-22.794001
-6.603200
8.634900
21.968000
29.587000
23.872999
15.302000
0.063490
-22.794001
-39.937000
-44.698002
-33.270000
-20.889000
4.825400
23.872999
35.301998
41.967999
31.492001
13.397000
-6.603200
-27.556000
-48.507999
-63.745998
-59.937000
-38.032001
-5.650800
10.540000
26.730000
43.873001
51.492001
45.778000
16.254000
-13.270000
-39.937000
-59.937000
-58.984001
-48.507999
-18.032000
15.302000
32.444000
39.111000
41.015999
27.683001
7.682500
-9.460300
-40.889000
-61.841000
-52.317001
-25.650999
-4.698400
14.349000
35.301998
44.825001
30.540001
15.302000
-3.746000
-25.650999
-42.793999
-53.270000
-58.032001
-50.412998
-26.603001
5.777800
18.159000
29.587000
41.967999
30.540001
10.540000
3.873000
-15.175000
-40.889000
-48.507999
-36.126999
-11.365000
13.397000
21.968000
14.349000
10.540000
6.730200
4.825400
-8.507900
-36.126999
-64.697998
-66.602997
-47.556000
-18.983999
6.730200
18.159000
22.921000
21.016001
16.254000
10.540000
1.015900
-13.270000
-27.556000
-38.032001
-23.746000
4.825400
34.348999
48.634998
49.587002
46.730000
43.873001
33.396999
21.016001
-3.746000
-22.794001
-33.270000
-18.032000
6.730200
28.635000
35.301998
41.015999
41.967999
37.206001
33.396999
21.016001
-2.793700
-29.459999
-41.841000
-31.365000
-3.746000
27.683001
42.921001
44.825001
45.778000
48.634998
33.396999
12.444000
-0.888890
-33.270000
-43.745998
-28.507999
1.015900
31.492001
54.348999
55.301998
53.396999
39.111000
22.921000
18.159000
-0.888890
-26.603001
-37.078999
-27.556000
-1.841300
17.205999
31.492001
44.825001
45.778000
36.254002
27.683001
12.444000
-7.555600
-25.650999
-38.984001
-36.126999
-26.603001
-2.793700
18.159000
34.348999
44.825001
43.873001
33.396999
22.921000
10.540000
-5.650800
-34.222000
-38.984001
-21.841000
4.825400
39.111000
58.159000
55.301998
53.396999
47.682999
38.159000
22.921000
-7.555600
-30.413000
-42.793999
-37.078999
-14.222000
13.397000
32.444000
47.682999
54.348999
51.492001
29.587000
-0.888890
-17.079000
-26.603001
-26.603001
-16.127001
1.015900
23.872999
43.873001
59.111000
61.015999
50.540001
33.396999
10.540000
-20.889000
-44.698002
-53.270000
-46.603001
-23.746000
4.825400
22.921000
30.540001
41.015999
41.967999
32.444000
21.968000
1.015900
-30.413000
-66.602997
-72.317001
-45.651001
-12.317000
18.159000
31.492001
41.015999
40.063000
25.778000
9.587300
-13.270000
-37.078999
-67.556000
-76.126999
-63.745998
-37.078999
-3.746000
27.683001
38.159000
43.873001
31.492001
8.634900
-15.175000
-30.413000
-54.222000
-70.413002
-58.032001
-35.174999
2.920600
28.635000
41.967999
48.634998
41.015999
30.540001
6.730200
-23.746000
-45.651001
-62.793999
-56.126999
-41.841000
-17.079000
9.587300
33.396999
41.015999
39.111000
25.778000
15.302000
1.968300
-16.127001
-36.126999
-55.174999
-54.222000
-35.174999
-11.365000
19.111000
38.159000
39.111000
23.872999
6.730200
-7.555600
-27.556000
-34.222000
-40.889000
-48.507999
-38.984001
-21.841000
2.920600
19.111000
33.396999
39.111000
26.730000
4.825400
-17.079000
-28.507999
-45.651001
-55.174999
-43.745998
-27.556000
-4.698400
9.587300
18.159000
12.444000
-3.746000
-18.032000
-31.365000
-46.603001
-56.126999
-69.459999
-69.459999
-50.412998
-18.032000
6.730200
25.778000
32.444000
34.348999
33.396999
17.205999
-2.793700
-17.079000
-22.794001
-25.650999
-8.507900
17.205999
27.683001
30.540001
36.254002
42.921001
29.587000
16.254000
2.920600
-11.365000
-26.603001
-35.174999
-30.413000
-4.698400
11.492000
9.587300
16.254000
27.683001
21.968000
7.682500
-5.650800
-17.079000
-28.507999
-26.603001
-20.889000
-7.555600
13.397000
27.683001
25.778000
16.254000
15.302000
14.349000
5.777800
5.777800
-11.365000
-25.650999
-33.270000
-18.983999
9.587300
23.872999
33.396999
42.921001
35.301998
16.254000
1.015900
-5.650800
-10.413000
-9.460300
-19.937000
-18.032000
-2.793700
2.920600
3.873000
4.825400
5.777800
5.777800
1.968300
3.873000
-10.413000
-29.459999
-34.222000
-16.127001
7.682500
21.016001
21.968000
21.968000
20.063000
6.730200
-8.507900
-6.603200
-6.603200
-7.555600
-9.460300
1.968300
10.540000
7.682500
18.159000
24.825001
21.968000
10.540000
7.682500
14.349000
3.873000
-8.507900
-10.413000
-20.889000
-33.270000
-24.698000
-8.507900
2.920600
5.777800
1.015900
-0.888890
-3.746000
-5.650800
-10.413000
-18.032000
-23.746000
-30.413000
-24.698000
-18.983999
-18.032000
-13.270000
-17.079000
-12.317000
-0.888890
-3.746000
-8.507900
-12.317000
-20.889000
-32.317001
-38.984001
-36.126999
-37.078999
-39.937000
-38.984001
-33.270000
-18.983999
-1.841300
1.968300
2.920600
1.968300
-1.841300
-17.079000
-21.841000
-15.175000
-15.175000
-19.937000
-24.698000
-18.983999
-13.270000
-13.270000
-7.555600
-7.555600
-2.793700
-4.698400
-4.698400
-0.888890
-6.603200
-25.650999
-37.078999
-35.174999
-27.556000
-10.413000
-4.698400
2.920600
5.777800
-4.698400
-12.317000
-3.746000
-0.888890
-4.698400
-21.841000
-36.126999
-36.126999
-29.459999
-19.937000
-12.317000
-6.603200
5.777800
13.397000
12.444000
6.730200
-6.603200
-21.841000
-20.889000
-15.175000
-9.460300
-0.888890
4.825400
1.015900
-3.746000
1.015900
13.397000
12.444000
-4.698400
-21.841000
-41.841000
-47.556000
-32.317001
-7.555600
8.634900
15.302000
22.921000
18.159000
7.682500
1.968300
1.968300
-4.698400
-21.841000
-40.889000
-41.841000
-26.603001
-11.365000
-0.888890
6.730200
12.444000
8.634900
-11.365000
-18.032000
-9.460300
-9.460300
-22.794001
-39.937000
-38.032001
-20.889000
-3.746000
3.873000
10.540000
5.777800
-1.841300
-0.888890
2.920600
3.873000
-4.698400
-6.603200
-2.793700
1.968300
17.205999
19.111000
20.063000
14.349000
5.777800
-3.746000
-13.270000
-14.222000
-8.507900
-6.603200
-6.603200
-7.555600
-5.650800
2.920600
9.587300
10.540000
9.587300
1.968300
-0.888890
-0.888890
-4.698400
-6.603200
-0.888890
7.682500
16.254000
21.016001
18.159000
12.444000
15.302000
14.349000
6.730200
-7.555600
-21.841000
-21.841000
-18.032000
-17.079000
-9.460300
-4.698400
0.063490
1.968300
-2.793700
-3.746000
-0.888890
-0.888890
-0.888890
-6.603200
-18.032000
-19.937000
-15.175000
0.063490
9.587300
13.397000
11.492000
10.540000
6.730200
1.968300
5.777800
8.634900
3.873000
-1.841300
-2.793700
1.968300
8.634900
10.540000
10.540000
3.873000
-7.555600
-20.889000
-27.556000
-38.032001
-34.222000
-30.413000
-21.841000
-7.555600
0.063490
2.920600
8.634900
11.492000
10.540000
1.015900
-7.555600
-5.650800
1.968300
-5.650800
-30.413000
-35.174999
-12.317000
10.540000
19.111000
15.302000
4.825400
0.063490
-3.746000
-8.507900
-7.555600
-15.175000
-23.746000
-19.937000
-18.032000
-13.270000
-1.841300
6.730200
10.540000
5.777800
-0.888890
-4.698400
-4.698400
-4.698400
-5.650800
-11.365000
-9.460300
1.968300
10.540000
18.159000
19.111000
10.540000
6.730200
4.825400
1.015900
2.920600
5.777800
8.634900
15.302000
21.968000
21.016001
32.444000
41.015999
33.396999
19.111000
13.397000
19.111000
41.015999
43.873001
34.348999
23.872999
21.968000
30.540001
35.301998
39.111000
33.396999
32.444000
23.872999
14.349000
8.634900
-1.841300
1.015900
10.540000
21.016001
31.492001
35.301998
31.492001
29.587000
24.825001
11.492000
6.730200
-0.888890
-9.460300
-0.888890
