-21.173000
-20.167999
-19.162001
-15.142000
-3.082100
5.963100
3.953100
8.978200
7.973200
-8.107200
-18.157000
-28.208000
-32.228001
-33.233002
-25.193001
-12.127000
-4.087100
8.978200
24.054001
27.069000
29.079000
25.059000
6.968200
-12.127000
-18.157000
-14.137000
-10.117000
-9.112200
2.948100
15.008000
14.003000
8.978200
6.968200
-6.097200
-14.137000
-24.188000
-38.257999
-44.287998
-35.243000
-10.117000
12.998000
26.063999
32.094002
35.109001
36.113998
31.089001
12.998000
-6.097200
-7.102200
-15.142000
-21.173000
-11.122000
2.948100
18.023001
25.059000
34.104000
35.109001
25.059000
10.988000
-5.092100
-15.142000
-14.137000
-18.157000
-22.177999
-17.152000
-0.067000
10.988000
20.034000
24.054001
22.044001
5.963100
-11.122000
-16.146999
-8.107200
-3.082100
-8.107200
-9.112200
-3.082100
3.953100
12.998000
11.993000
6.968200
0.938020
-5.092100
-13.132000
-20.167999
-27.202999
-30.218000
-30.218000
-16.146999
0.938020
17.018000
26.063999
23.049000
10.988000
3.953100
10.988000
1.943000
-5.092100
1.943000
10.988000
9.983200
8.978200
6.968200
12.998000
18.023001
15.008000
4.958100
-6.097200
-10.117000
-3.082100
-3.082100
-7.102200
-9.112200
-7.102200
-0.067000
3.953100
1.943000
-4.087100
-5.092100
-2.077100
-12.127000
-24.188000
-25.193001
-18.157000
-8.107200
2.948100
18.023001
17.018000
10.988000
1.943000
-6.097200
-5.092100
-6.097200
-22.177999
-34.237999
-32.228001
-39.263000
-31.223000
-11.122000
-1.072000
5.963100
10.988000
5.963100
-7.102200
-18.157000
-22.177999
-28.208000
-35.243000
-34.237999
-25.193001
-2.077100
25.059000
39.129002
40.133999
27.069000
2.948100
-12.127000
-16.146999
-14.137000
-9.112200
-8.107200
-9.112200
-1.072000
17.018000
37.118999
47.168999
49.179001
48.174000
41.139000
19.028000
-1.072000
-5.092100
2.948100
2.948100
8.978200
23.049000
24.054001
32.094002
45.159000
37.118999
23.049000
7.973200
-9.112200
-24.188000
-24.188000
-20.167999
-9.112200
2.948100
11.993000
19.028000
23.049000
22.044001
18.023001
2.948100
-20.167999
-42.278000
-48.307999
-38.257999
-20.167999
8.978200
33.098999
37.118999
32.094002
34.104000
24.054001
11.993000
1.943000
-1.072000
-14.137000
-20.167999
1.943000
31.089001
40.133999
32.094002
25.059000
25.059000
11.993000
-3.082100
-20.167999
-29.212999
-31.223000
-33.233002
-26.198000
-11.122000
8.978200
22.044001
20.034000
17.018000
16.013000
1.943000
-12.127000
-26.198000
-32.228001
-31.223000
-16.146999
-4.087100
7.973200
20.034000
26.063999
20.034000
10.988000
-5.092100
-14.137000
-17.152000
-25.193001
-24.188000
-26.198000
-25.193001
-6.097200
2.948100
4.958100
1.943000
-5.092100
-15.142000
-22.177999
-25.193001
-21.173000
-18.157000
-16.146999
-10.117000
-6.097200
1.943000
8.978200
2.948100
-3.082100
-3.082100
1.943000
-0.067000
-7.102200
-13.132000
-8.107200
1.943000
7.973200
8.978200
18.023001
22.044001
12.998000
-4.087100
-10.117000
-6.097200
-7.102200
1.943000
17.018000
17.018000
16.013000
12.998000
6.968200
-4.087100
-3.082100
-0.067000
-2.077100
7.973200
0.938020
5.963100
26.063999
36.113998
35.109001
32.094002
28.073999
11.993000
-5.092100
-17.152000
-21.173000
-19.162001
-11.122000
2.948100
7.973200
6.968200
14.003000
15.008000
18.023001
12.998000
1.943000
-9.112200
-18.157000
-20.167999
-24.188000
-25.193001
-14.137000
-2.077100
12.998000
21.039000
16.013000
15.008000
8.978200
-3.082100
-15.142000
-24.188000
-26.198000
-23.183001
-16.146999
-12.127000
-3.082100
11.993000
22.044001
12.998000
0.938020
-8.107200
-16.146999
-20.167999
-26.198000
-23.183001
-18.157000
-3.082100
5.963100
15.008000
22.044001
12.998000
-1.072000
-10.117000
-18.157000
-29.212999
-40.268002
-40.268002
-29.212999
-16.146999
-11.122000
3.953100
22.044001
32.094002
34.104000
21.039000
7.973200
-10.117000
-34.237999
-40.268002
-35.243000
-21.173000
-4.087100
9.983200
19.028000
24.054001
18.023001
8.978200
-0.067000
-21.173000
-39.263000
-39.263000
-26.198000
-11.122000
0.938020
17.018000
27.069000
18.023001
3.953100
-4.087100
-9.112200
-12.127000
-24.188000
-41.272999
-50.318001
-38.257999
-12.127000
-1.072000
11.993000
25.059000
17.018000
2.948100
2.948100
-5.092100
-19.162001
-25.193001
-22.177999
-9.112200
3.953100
7.973200
4.958100
-1.072000
-10.117000
-15.142000
-19.162001
-28.208000
-39.263000
-36.248001
-24.188000
-11.122000
-2.077100
0.938020
-0.067000
-3.082100
-6.097200
-8.107200
-12.127000
-13.132000
-10.117000
-14.137000
-7.102200
6.968200
24.054001
33.098999
33.098999
31.089001
32.094002
26.063999
17.018000
3.953100
2.948100
1.943000
5.963100
9.983200
20.034000
26.063999
27.069000
23.049000
16.013000
11.993000
4.958100
-5.092100
-14.137000
-17.152000
-10.117000
4.958100
20.034000
23.049000
25.059000
31.089001
35.109001
20.034000
3.953100
0.938020
-10.117000
-10.117000
-5.092100
6.968200
24.054001
40.133999
41.139000
37.118999
21.039000
6.968200
4.958100
-2.077100
-11.122000
-14.137000
-1.072000
19.028000
24.054001
21.039000
22.044001
22.044001
15.008000
10.988000
4.958100
0.938020
-1.072000
-4.087100
-3.082100
-6.097200
-1.072000
3.953100
14.003000
24.054001
25.059000
14.003000
4.958100
4.958100
5.963100
-8.107200
-8.107200
-1.072000
7.973200
25.059000
35.109001
34.104000
40.133999
40.133999
33.098999
23.049000
7.973200
4.958100
3.953100
2.948100
2.948100
1.943000
3.953100
15.008000
23.049000
27.069000
17.018000
6.968200
4.958100
9.983200
12.998000
10.988000
7.973200
10.988000
21.039000
30.084000
31.089001
27.069000
22.044001
18.023001
8.978200
-1.072000
-5.092100
-6.097200
-4.087100
3.953100
6.968200
5.963100
10.988000
8.978200
9.983200
18.023001
16.013000
0.938020
-20.167999
-29.212999
-21.173000
-6.097200
7.973200
9.983200
14.003000
9.983200
-0.067000
-5.092100
-8.107200
-11.122000
-26.198000
-33.233002
-33.233002
-28.208000
-15.142000
-0.067000
2.948100
6.968200
6.968200
1.943000
-7.102200
-12.127000
-27.202999
-41.272999
-38.257999
-31.223000
-17.152000
-11.122000
-0.067000
17.018000
25.059000
28.073999
15.008000
-2.077100
-12.127000
-26.198000
-30.218000
-39.263000
-39.263000
-33.233002
-18.157000
-5.092100
7.973200
11.993000
19.028000
22.044001
17.018000
4.958100
-19.162001
-34.237999
-35.243000
-35.243000
-26.198000
-16.146999
-8.107200
-2.077100
2.948100
6.968200
3.953100
1.943000
-7.102200
-24.188000
-32.228001
-36.248001
-31.223000
-24.188000
-11.122000
3.953100
8.978200
6.968200
6.968200
7.973200
-1.072000
-15.142000
-24.188000
-33.233002
-31.223000
-31.223000
-26.198000
-23.183001
-24.188000
-19.162001
-15.142000
-22.177999
-26.198000
-35.243000
-44.287998
-49.313000
-41.272999
-28.208000
-8.107200
8.978200
26.063999
43.148998
43.148998
29.079000
14.003000
4.958100
-4.087100
-3.082100
3.953100
5.963100
4.958100
14.003000
32.094002
34.104000
36.113998
29.079000
16.013000
1.943000
-9.112200
-20.167999
-16.146999
-13.132000
-22.177999
-13.132000
9.983200
20.034000
21.039000
17.018000
12.998000
4.958100
-4.087100
-20.167999
-22.177999
-9.112200
-3.082100
-7.102200
-8.107200
2.948100
16.013000
25.059000
33.098999
22.044001
2.948100
-16.146999
-22.177999
-13.132000
-10.117000
-5.092100
5.963100
7.973200
9.983200
16.013000
22.044001
21.039000
18.023001
-1.072000
-10.117000
-10.117000
-18.157000
-27.202999
-31.223000
-28.208000
-18.157000
-3.082100
20.034000
23.049000
12.998000
8.978200
10.988000
14.003000
5.963100
-11.122000
-24.188000
-33.233002
-38.257999
-26.198000
3.953100
24.054001
33.098999
29.079000
31.089001
30.084000
12.998000
6.968200
0.938020
-10.117000
-26.198000
-26.198000
-7.102200
8.978200
22.044001
37.118999
33.098999
18.023001
7.973200
-1.072000
-12.127000
-26.198000
-40.268002
-40.268002
-31.223000
-19.162001
-10.117000
-2.077100
5.963100
1.943000
0.938020
-5.092100
-17.152000
-24.188000
-34.237999
-34.237999
-26.198000
-24.188000
-21.173000
-16.146999
-12.127000
-6.097200
-1.072000
0.938020
-9.112200
-23.183001
-35.243000
-43.283001
-37.252998
-21.173000
-12.127000
-3.082100
0.938020
4.958100
-1.072000
-6.097200
-6.097200
-11.122000
-19.162001
-21.173000
-14.137000
-10.117000
-11.122000
-7.102200
-5.092100
4.958100
6.968200
4.958100
0.938020
-8.107200
-21.173000
-26.198000
-26.198000
-22.177999
-12.127000
-12.127000
-10.117000
-5.092100
-13.132000
-15.142000
-4.087100
-2.077100
-4.087100
-19.162001
-36.248001
-42.278000
-36.248001
-23.183001
-11.122000
-5.092100
4.958100
14.003000
14.003000
2.948100
-12.127000
-23.183001
-15.142000
-2.077100
-2.077100
-4.087100
-3.082100
-4.087100
-3.082100
-0.067000
5.963100
-1.072000
-17.152000
-23.183001
-27.202999
-25.193001
-16.146999
-4.087100
2.948100
6.968200
17.018000
14.003000
2.948100
-9.112200
-16.146999
-17.152000
-18.157000
-20.167999
-21.173000
-17.152000
-13.132000
-10.117000
-5.092100
6.968200
9.983200
-9.112200
-26.198000
-31.223000
-28.208000
-25.193001
-30.218000
-27.202999
-12.127000
2.948100
9.983200
15.008000
10.988000
0.938020
-7.102200
-11.122000
-13.132000
-14.137000
-4.087100
10.988000
23.049000
35.109001
31.089001
27.069000
19.028000
7.973200
-8.107200
-25.193001
-29.212999
-20.167999
-9.112200
3.953100
9.983200
16.013000
25.059000
26.063999
19.028000
9.983200
-2.077100
-8.107200
-12.127000
-18.157000
-17.152000
-4.087100
11.993000
24.054001
33.098999
34.104000
30.084000
27.069000
21.039000
7.973200
-10.117000
-26.198000
-30.218000
-33.233002
-30.218000
-15.142000
-4.087100
2.948100
6.968200
5.963100
3.953100
2.948100
-5.092100
-17.152000
-26.198000
-34.237999
-31.223000
-22.177999
-5.092100
10.988000
22.044001
24.054001
21.039000
11.993000
1.943000
-3.082100
-11.122000
-23.183001
-24.188000
-12.127000
2.948100
16.013000
20.034000
18.023001
5.963100
-10.117000
-21.173000
-30.218000
-43.283001
-46.298000
-45.292999
-34.237999
-14.137000
2.948100
14.003000
22.044001
21.039000
9.983200
-6.097200
-14.137000
-12.127000
-5.092100
-10.117000
-32.228001
-39.263000
-18.157000
6.968200
20.034000
20.034000
16.013000
16.013000
10.988000
-2.077100
-11.122000
-24.188000
-31.223000
-26.198000
-19.162001
-8.107200
5.963100
14.003000
18.023001
12.998000
2.948100
-6.097200
-13.132000
-16.146999
-18.157000
-18.157000
-8.107200
7.973200
21.039000
28.073999
30.084000
22.044001
15.008000
8.978200
-1.072000
-6.097200
-3.082100
4.958100
16.013000
21.039000
23.049000
44.153999
58.223999
54.203999
37.118999
23.049000
17.018000
28.073999
29.079000
20.034000
10.988000
17.018000
36.113998
48.174000
55.209000
54.203999
55.209000
43.148998
21.039000
-0.067000
-13.132000
-9.112200
-1.072000
9.983200
23.049000
30.084000
35.109001
43.148998
47.168999
38.124001
29.079000
15.008000
-0.067000
0.938020
