-17.346001
-11.521000
-6.666700
-5.695800
0.129450
1.100300
-2.783200
4.012900
3.042100
-11.521000
-20.259001
-25.113001
-22.201000
-18.316999
-10.550000
0.129450
3.042100
6.925600
14.693000
14.693000
18.576000
17.605000
3.042100
-12.492000
-11.521000
3.042100
9.838200
8.867300
14.693000
16.634001
5.954700
-4.724900
-4.724900
-11.521000
-14.434000
-22.201000
-28.997000
-27.055000
-11.521000
14.693000
33.139000
35.081001
31.197001
25.372000
16.634001
10.809000
-0.841420
-14.434000
-5.695800
1.100300
7.896400
18.576000
22.459999
22.459999
16.634001
19.547001
15.663000
4.012900
-9.579300
-23.172001
-22.201000
-6.666700
4.983800
11.780000
19.547001
25.372000
16.634001
10.809000
7.896400
4.983800
-10.550000
-23.172001
-21.230000
-4.724900
6.925600
8.867300
12.751000
13.722000
8.867300
7.896400
5.954700
3.042100
-7.637500
-24.142000
-31.909000
-29.968000
-22.201000
-15.405000
-11.521000
-1.812300
5.954700
13.722000
18.576000
11.780000
2.071200
-6.666700
1.100300
-2.783200
-4.724900
6.925600
19.547001
19.547001
17.605000
11.780000
4.012900
-4.724900
-7.637500
-8.608400
-14.434000
-20.259001
-11.521000
1.100300
9.838200
6.925600
-4.724900
-10.550000
-12.492000
-13.463000
-15.405000
-15.405000
-9.579300
-12.492000
-15.405000
-10.550000
-2.783200
2.071200
4.012900
9.838200
4.012900
-5.695800
-18.316999
-28.997000
-28.997000
-24.142000
-23.172001
-16.375000
-5.695800
-17.346001
-19.288000
-9.579300
-7.637500
-5.695800
-0.841420
-2.783200
-18.316999
-34.821999
-37.735001
-31.909000
-27.055000
-14.434000
0.129450
12.751000
22.459999
26.343000
25.372000
10.809000
-16.375000
-32.880001
-28.025999
-12.492000
4.012900
4.983800
-2.783200
-4.724900
6.925600
30.226999
44.790001
46.730999
39.935001
26.343000
0.129450
-16.375000
-9.579300
9.838200
17.605000
24.400999
35.081001
30.226999
28.285000
27.313999
11.780000
-2.783200
-7.637500
-12.492000
-18.316999
-14.434000
-8.608400
2.071200
10.809000
20.518000
30.226999
31.197001
22.459999
6.925600
-14.434000
-32.880001
-39.675999
-31.909000
-14.434000
1.100300
20.518000
33.139000
31.197001
25.372000
25.372000
6.925600
-19.288000
-31.909000
-22.201000
-14.434000
-4.724900
17.605000
37.993999
43.819000
33.139000
19.547001
14.693000
1.100300
-11.521000
-30.938999
-43.560001
-36.764000
-24.142000
-9.579300
1.100300
12.751000
14.693000
6.925600
-0.841420
-5.695800
-17.346001
-20.259001
-22.201000
-25.113001
-25.113001
-5.695800
9.838200
18.576000
19.547001
14.693000
12.751000
10.809000
-1.812300
-8.608400
-12.492000
-22.201000
-24.142000
-22.201000
-12.492000
6.925600
11.780000
6.925600
-4.724900
-11.521000
-10.550000
-11.521000
-19.288000
-23.172001
-18.316999
-11.521000
1.100300
10.809000
15.663000
13.722000
1.100300
-6.666700
-7.637500
-1.812300
-0.841420
-5.695800
-17.346001
-13.463000
4.983800
16.634001
14.693000
13.722000
11.780000
0.129450
-16.375000
-20.259001
-11.521000
-6.666700
0.129450
10.809000
7.896400
6.925600
9.838200
9.838200
5.954700
12.751000
12.751000
3.042100
3.042100
-9.579300
-7.637500
13.722000
27.313999
34.110001
31.197001
25.372000
6.925600
-5.695800
-10.550000
-12.492000
-11.521000
-5.695800
4.983800
0.129450
-4.724900
2.071200
4.983800
9.838200
7.896400
1.100300
-6.666700
-14.434000
-14.434000
-15.405000
-16.375000
-12.492000
-9.579300
1.100300
8.867300
10.809000
16.634001
16.634001
6.925600
-10.550000
-21.230000
-12.492000
0.129450
6.925600
4.983800
4.983800
4.983800
1.100300
-8.608400
-10.550000
-6.666700
-9.579300
-11.521000
-6.666700
1.100300
-1.812300
4.983800
6.925600
8.867300
9.838200
-0.841420
-14.434000
-21.230000
-21.230000
-23.172001
-27.055000
-21.230000
-7.637500
7.896400
10.809000
12.751000
12.751000
8.867300
3.042100
-15.405000
-24.142000
-26.084000
-25.113001
-16.375000
-11.521000
4.983800
19.547001
24.400999
21.489000
13.722000
1.100300
-11.521000
-22.201000
-40.646999
-46.472000
-34.821999
-24.142000
-8.608400
8.867300
24.400999
28.285000
13.722000
0.129450
-14.434000
-28.997000
-44.530998
-55.209999
-51.327000
-34.821999
-7.637500
20.518000
22.459999
24.400999
29.256001
10.809000
-4.724900
-5.695800
-15.405000
-29.968000
-36.764000
-28.025999
-6.666700
12.751000
19.547001
14.693000
9.838200
1.100300
-5.695800
-19.288000
-36.764000
-53.269001
-51.327000
-33.851002
-9.579300
9.838200
14.693000
14.693000
8.867300
3.042100
-2.783200
-10.550000
-18.316999
-15.405000
-10.550000
4.983800
22.459999
34.110001
35.081001
28.285000
22.459999
25.372000
23.430000
19.547001
8.867300
5.954700
4.012900
12.751000
16.634001
23.430000
23.430000
21.489000
17.605000
14.693000
18.576000
13.722000
4.012900
-3.754000
-7.637500
-4.724900
10.809000
27.313999
26.343000
21.489000
22.459999
30.226999
22.459999
12.751000
10.809000
-15.405000
-18.316999
-1.812300
19.547001
37.022999
46.730999
44.790001
38.964001
18.576000
-3.754000
-21.230000
-38.706001
-42.589001
-26.084000
-4.724900
18.576000
33.139000
41.876999
49.644001
44.790001
27.313999
14.693000
-2.783200
-15.405000
-26.084000
-33.851002
-28.025999
-14.434000
10.809000
24.400999
30.226999
35.081001
34.110001
21.489000
4.012900
-4.724900
-10.550000
-20.259001
-9.579300
8.867300
22.459999
39.935001
46.730999
39.935001
32.167999
19.547001
6.925600
-1.812300
-15.405000
-13.463000
-4.724900
5.954700
21.489000
31.197001
29.256001
28.285000
22.459999
12.751000
-4.724900
-19.288000
-20.259001
-16.375000
-8.608400
3.042100
17.605000
31.197001
39.935001
42.848000
35.081001
27.313999
15.663000
1.100300
-23.172001
-39.675999
-40.646999
-35.792999
-19.288000
12.751000
34.110001
38.964001
39.935001
32.167999
19.547001
14.693000
-0.841420
-23.172001
-54.238998
-69.773003
-49.384998
-12.492000
20.518000
34.110001
41.876999
39.935001
24.400999
9.838200
-6.666700
-20.259001
-44.530998
-58.123001
-62.006001
-56.181000
-34.821999
-2.783200
15.663000
31.197001
28.285000
16.634001
0.129450
-11.521000
-28.997000
-45.501999
-47.443001
-43.560001
-22.201000
-0.841420
16.634001
31.197001
33.139000
35.081001
19.547001
-6.666700
-22.201000
-32.880001
-35.792999
-37.735001
-28.025999
-15.405000
0.129450
10.809000
20.518000
18.576000
15.663000
14.693000
7.896400
-8.608400
-33.851002
-41.618000
-26.084000
-7.637500
13.722000
20.518000
16.634001
6.925600
1.100300
-2.783200
-17.346001
-26.084000
-33.851002
-39.675999
-30.938999
-9.579300
12.751000
16.634001
15.663000
12.751000
0.129450
-13.463000
-27.055000
-30.938999
-37.735001
-37.735001
-28.025999
-17.346001
2.071200
13.722000
21.489000
13.722000
-3.754000
-16.375000
-30.938999
-50.355999
-61.035999
-69.773003
-61.035999
-31.909000
2.071200
18.576000
26.343000
26.343000
28.285000
28.285000
14.693000
-11.521000
-28.025999
-26.084000
-17.346001
5.954700
27.313999
37.022999
39.935001
41.876999
43.819000
28.285000
13.722000
-3.754000
-18.316999
-26.084000
-28.997000
-21.230000
4.983800
18.576000
13.722000
18.576000
27.313999
21.489000
4.012900
-14.434000
-24.142000
-25.113001
-17.346001
-8.608400
3.042100
16.634001
17.605000
12.751000
11.780000
15.663000
16.634001
12.751000
14.693000
-0.841420
-16.375000
-27.055000
-20.259001
4.983800
21.489000
35.081001
39.935001
26.343000
8.867300
-3.754000
-6.666700
-2.783200
9.838200
1.100300
-4.724900
-3.754000
-7.637500
-9.579300
-6.666700
-2.783200
2.071200
6.925600
21.489000
13.722000
-3.754000
-13.463000
-5.695800
6.925600
12.751000
5.954700
-1.812300
-5.695800
-11.521000
-7.637500
14.693000
26.343000
19.547001
3.042100
0.129450
4.983800
2.071200
9.838200
13.722000
9.838200
3.042100
8.867300
21.489000
14.693000
-0.841420
-2.783200
-10.550000
-22.201000
-16.375000
-5.695800
2.071200
-0.841420
-9.579300
-9.579300
-4.724900
-4.724900
-11.521000
-21.230000
-30.938999
-44.530998
-37.735001
-23.172001
-16.375000
-2.783200
-0.841420
4.012900
8.867300
3.042100
-3.754000
-14.434000
-29.968000
-46.472000
-56.181000
-47.443001
-33.851002
-20.259001
-10.550000
-7.637500
3.042100
12.751000
9.838200
4.983800
-6.666700
-18.316999
-32.880001
-34.821999
-26.084000
-17.346001
-8.608400
0.129450
10.809000
12.751000
3.042100
-2.783200
-8.608400
-9.579300
-14.434000
-13.463000
-10.550000
-18.316999
-28.025999
-20.259001
-9.579300
-1.812300
11.780000
7.896400
4.983800
1.100300
-11.521000
-18.316999
-10.550000
-7.637500
-5.695800
-16.375000
-27.055000
-26.084000
-17.346001
-5.695800
-2.783200
-5.695800
-2.783200
4.012900
5.954700
2.071200
-7.637500
-20.259001
-12.492000
0.129450
4.983800
4.983800
-0.841420
-10.550000
-12.492000
-4.724900
9.838200
6.925600
-8.608400
-17.346001
-24.142000
-22.201000
-13.463000
-2.783200
-1.812300
-9.579300
-10.550000
-14.434000
-8.608400
-1.812300
6.925600
9.838200
1.100300
-19.288000
-35.792999
-39.675999
-28.997000
-15.405000
-9.579300
-8.608400
-10.550000
-20.259001
-15.405000
-3.754000
1.100300
-3.754000
-22.201000
-35.792999
-35.792999
-27.055000
-17.346001
-7.637500
-8.608400
-13.463000
-6.666700
4.983800
12.751000
10.809000
9.838200
4.012900
-5.695800
-6.666700
-8.608400
-0.841420
1.100300
-1.812300
-8.608400
-9.579300
-0.841420
10.809000
19.547001
15.663000
3.042100
-6.666700
-8.608400
-16.375000
-20.259001
-12.492000
-4.724900
5.954700
8.867300
4.983800
4.983800
11.780000
16.634001
14.693000
7.896400
-3.754000
-17.346001
-15.405000
-6.666700
4.983800
7.896400
4.012900
-1.812300
-6.666700
-11.521000
-9.579300
-9.579300
-8.608400
-6.666700
-11.521000
-18.316999
-17.346001
-8.608400
5.954700
14.693000
5.954700
-3.754000
-13.463000
-14.434000
-12.492000
-11.521000
-5.695800
2.071200
0.129450
-9.579300
-7.637500
1.100300
9.838200
16.634001
22.459999
18.576000
7.896400
-5.695800
-14.434000
-20.259001
-25.113001
-28.997000
-28.025999
-32.880001
-26.084000
-15.405000
-3.754000
4.983800
3.042100
-1.812300
-2.783200
-1.812300
-2.783200
-12.492000
-19.288000
-11.521000
4.983800
5.954700
-6.666700
-5.695800
4.983800
12.751000
7.896400
-4.724900
-17.346001
-17.346001
-17.346001
-18.316999
-8.608400
-2.783200
-5.695800
-7.637500
-4.724900
3.042100
4.983800
-2.783200
-9.579300
-13.463000
-11.521000
-7.637500
-3.754000
1.100300
4.983800
4.983800
6.925600
10.809000
14.693000
16.634001
13.722000
8.867300
4.012900
-0.841420
-3.754000
2.071200
8.867300
12.751000
20.518000
28.285000
30.226999
37.022999
36.051998
29.256001
23.430000
21.489000
23.430000
36.051998
38.964001
39.935001
38.964001
39.935001
37.993999
33.139000
32.167999
25.372000
25.372000
22.459999
16.634001
9.838200
4.012900
12.751000
25.372000
36.051998
41.876999
38.964001
30.226999
20.518000
8.867300
-4.724900
-5.695800
-3.754000
-0.841420
17.605000
