-1.206300
-2.476200
-7.555600
-6.920600
-2.476200
7.047600
11.492000
10.857000
13.397000
12.127000
3.873000
-1.206300
-0.571430
-8.190500
-17.714001
-21.524000
-22.794001
-16.444000
0.063490
10.857000
21.016001
26.730000
21.016001
15.302000
10.857000
10.222000
11.492000
5.142900
6.412700
5.142900
-1.841300
-2.476200
-5.015900
-6.285700
-4.381000
-2.476200
-3.111100
1.333300
3.873000
4.507900
3.238100
5.777800
14.667000
17.841000
21.650999
17.841000
10.857000
5.777800
0.063490
-5.650800
-12.635000
-20.254000
-24.698000
-24.063000
-22.794001
-16.444000
-1.841300
12.127000
13.397000
12.127000
15.302000
14.032000
10.857000
5.142900
-5.650800
-13.270000
-17.079000
-14.540000
-13.270000
-3.746000
1.333300
-0.571430
-0.571430
1.333300
-1.206300
-5.015900
-5.015900
-10.095000
-10.095000
-8.190500
-1.841300
3.873000
8.952400
15.302000
11.492000
1.968300
-3.111100
-2.476200
-4.381000
-4.381000
-2.476200
0.698410
9.587300
9.587300
12.762000
18.476000
22.921000
21.650999
14.032000
8.317500
-1.206300
-7.555600
-12.000000
-17.079000
-14.540000
-12.000000
-5.015900
1.333300
1.333300
7.047600
9.587300
7.047600
5.142900
3.238100
3.873000
0.063490
3.238100
4.507900
3.238100
7.047600
7.682500
7.682500
3.873000
-5.650800
-10.730000
-10.730000
-5.015900
0.698410
6.412700
13.397000
13.397000
7.682500
2.603200
-1.841300
-2.476200
-4.381000
-8.825400
-19.618999
-25.968000
-20.254000
-10.095000
7.047600
20.381001
26.730000
26.094999
20.381001
12.762000
4.507900
-0.571430
-0.571430
-3.111100
-7.555600
-16.444000
-26.603001
-24.698000
-17.714001
-7.555600
0.063490
0.063490
-2.476200
0.698410
0.698410
-2.476200
-2.476200
0.698410
-1.206300
-8.825400
-17.079000
-24.698000
-26.603001
-19.618999
-13.270000
-8.190500
0.698410
11.492000
15.937000
16.570999
15.302000
12.762000
10.857000
6.412700
3.873000
-5.015900
-10.095000
-16.444000
-18.349001
-13.270000
-10.730000
-7.555600
-1.841300
-2.476200
-3.111100
-5.015900
0.063490
7.682500
8.317500
12.127000
14.667000
11.492000
10.857000
5.777800
2.603200
-0.571430
1.333300
-5.015900
-3.746000
8.317500
21.650999
27.365000
26.730000
22.285999
17.205999
13.397000
3.238100
-11.365000
-14.540000
-13.905000
-6.285700
1.968300
7.682500
12.127000
12.762000
16.570999
17.205999
14.032000
14.667000
0.063490
-20.254000
-27.238001
-26.603001
-21.524000
-6.920600
6.412700
15.302000
23.556000
22.285999
17.205999
7.047600
3.238100
5.777800
0.063490
-1.841300
-12.000000
-26.603001
-29.778000
-26.603001
-22.159000
-15.175000
-5.650800
-1.206300
2.603200
0.698410
5.777800
13.397000
14.667000
5.142900
-6.920600
-17.079000
-18.983999
-20.254000
-18.349001
-6.920600
1.968300
8.317500
7.047600
4.507900
3.238100
4.507900
6.412700
3.873000
0.698410
1.968300
3.238100
4.507900
9.587300
10.222000
7.047600
6.412700
8.952400
4.507900
-0.571430
-1.841300
-4.381000
-5.650800
-11.365000
-9.460300
-8.825400
-6.285700
-1.206300
-1.206300
0.063490
2.603200
4.507900
9.587300
13.397000
15.302000
13.397000
12.127000
5.142900
-2.476200
-7.555600
-13.905000
-10.730000
-6.285700
0.063490
4.507900
4.507900
4.507900
4.507900
4.507900
3.238100
1.333300
-3.746000
-6.285700
-11.365000
-12.000000
-11.365000
-9.460300
-12.000000
-14.540000
-12.000000
-9.460300
-6.285700
-3.746000
-5.015900
-4.381000
-4.381000
1.333300
-0.571430
-8.190500
-12.635000
-13.905000
-12.000000
-8.825400
-1.206300
8.952400
17.841000
22.285999
20.381001
18.476000
13.397000
6.412700
-3.111100
-15.175000
-24.063000
-27.872999
-24.063000
-15.175000
0.698410
7.682500
11.492000
15.302000
14.667000
12.762000
12.127000
9.587300
4.507900
-4.381000
-8.825400
-13.905000
-11.365000
1.333300
9.587300
12.762000
17.205999
17.205999
21.650999
21.016001
10.857000
2.603200
-8.190500
-13.905000
-15.810000
-13.905000
-12.635000
-12.635000
-7.555600
-4.381000
1.333300
11.492000
11.492000
8.952400
4.507900
-1.206300
-6.920600
-10.095000
-7.555600
-12.635000
-10.730000
-0.571430
4.507900
10.222000
15.302000
14.032000
16.570999
15.302000
8.317500
2.603200
0.063490
-1.841300
-5.650800
-8.825400
-3.111100
1.968300
2.603200
3.238100
7.047600
13.397000
14.032000
11.492000
10.222000
2.603200
-1.841300
-1.841300
-5.650800
-10.730000
-15.810000
-21.524000
-20.254000
-17.714001
-14.540000
-11.365000
-5.650800
-1.206300
0.698410
1.333300
-4.381000
-11.365000
-6.920600
-3.111100
-1.841300
-2.476200
-1.206300
3.873000
7.047600
6.412700
8.317500
7.047600
0.698410
-2.476200
-5.015900
-2.476200
5.142900
7.682500
12.762000
15.302000
19.111000
22.921000
16.570999
4.507900
-1.206300
-4.381000
-3.111100
-1.206300
-2.476200
1.968300
11.492000
15.937000
18.476000
21.016001
21.650999
18.476000
12.762000
6.412700
0.063490
-8.825400
-12.635000
-10.730000
-3.111100
5.777800
8.952400
10.857000
10.857000
14.667000
14.032000
12.762000
10.222000
6.412700
0.698410
-7.555600
-17.714001
-23.429001
-25.968000
-22.794001
-19.618999
-14.540000
-9.460300
-11.365000
-8.825400
-9.460300
-8.190500
-3.111100
-1.841300
0.698410
4.507900
3.873000
6.412700
13.397000
11.492000
9.587300
5.777800
-4.381000
-10.095000
-15.810000
-18.983999
-13.905000
-8.825400
-8.190500
-6.285700
0.063490
4.507900
7.047600
5.777800
-2.476200
-11.365000
-14.540000
-10.730000
-4.381000
0.063490
-2.476200
-4.381000
-8.825400
-15.175000
-14.540000
-10.730000
-2.476200
-0.571430
3.873000
13.397000
15.302000
15.302000
12.127000
8.952400
7.682500
-2.476200
-13.270000
-25.333000
-35.492001
-32.317001
-18.349001
0.698410
15.302000
16.570999
19.746000
23.556000
29.905001
31.809999
28.635000
24.825001
15.937000
6.412700
-4.381000
-12.635000
-18.983999
-22.159000
-22.794001
-23.429001
-18.349001
-15.175000
-11.365000
-7.555600
-4.381000
-3.746000
-5.015900
-5.015900
-2.476200
-6.285700
-10.730000
-6.920600
0.063490
1.968300
1.333300
2.603200
7.047600
7.047600
1.333300
1.333300
-1.206300
3.238100
10.222000
11.492000
12.127000
6.412700
-0.571430
-3.111100
-0.571430
1.333300
0.698410
-8.825400
-10.095000
-5.015900
-4.381000
-2.476200
-1.841300
1.968300
11.492000
10.222000
5.777800
5.777800
1.333300
-3.746000
-2.476200
-0.571430
-0.571430
-1.841300
-5.015900
-10.095000
-9.460300
-5.650800
-1.206300
3.238100
10.857000
14.032000
12.762000
5.777800
0.698410
-4.381000
-7.555600
-7.555600
-6.920600
-8.190500
-5.650800
3.238100
7.047600
12.127000
15.302000
15.302000
18.476000
15.937000
8.317500
-5.650800
-21.524000
-29.778000
-27.238001
-18.983999
-5.650800
0.698410
7.682500
18.476000
26.730000
34.348999
38.159000
36.889000
32.444000
22.285999
11.492000
4.507900
-2.476200
-3.746000
1.968300
0.698410
-0.571430
-1.206300
-5.015900
-1.841300
2.603200
6.412700
11.492000
5.777800
-3.111100
-8.190500
-13.905000
-17.079000
-21.524000
-22.794001
-18.349001
-13.270000
-8.825400
3.238100
9.587300
9.587300
10.222000
9.587300
8.317500
8.317500
1.968300
-5.015900
-6.920600
-10.730000
-14.540000
-20.254000
-18.983999
-8.190500
3.873000
12.127000
14.667000
18.476000
21.650999
22.921000
17.841000
12.127000
8.952400
1.333300
-3.746000
-10.730000
-13.905000
-8.190500
-0.571430
4.507900
5.142900
5.777800
1.333300
1.333300
7.047600
7.682500
6.412700
7.047600
8.952400
11.492000
16.570999
14.032000
10.857000
14.667000
18.476000
16.570999
14.032000
7.682500
3.238100
-0.571430
-5.650800
-8.825400
-13.270000
-12.635000
-6.285700
-0.571430
-0.571430
-3.746000
-7.555600
-13.905000
-20.254000
-22.794001
-17.714001
-7.555600
1.968300
8.952400
14.032000
19.746000
14.667000
5.142900
-0.571430
-1.206300
-8.190500
-16.444000
-27.238001
-35.492001
-37.396999
-34.856998
-24.063000
-12.635000
0.063490
3.873000
6.412700
9.587300
7.047600
6.412700
1.333300
-1.206300
-3.746000
-12.635000
-18.349001
-15.810000
-7.555600
1.968300
5.142900
7.047600
8.952400
9.587300
3.873000
1.333300
-0.571430
-2.476200
0.698410
3.238100
2.603200
1.968300
2.603200
10.857000
5.777800
-3.746000
-8.825400
-10.095000
-10.095000
-6.920600
0.063490
6.412700
15.937000
22.921000
24.190001
24.825001
26.094999
24.190001
15.302000
6.412700
4.507900
3.873000
0.063490
0.698410
3.238100
-3.746000
-3.746000
-1.206300
-3.111100
-1.206300
-3.746000
-9.460300
-13.270000
-12.000000
-7.555600
-0.571430
8.317500
8.952400
5.142900
2.603200
-4.381000
-5.015900
-0.571430
-1.841300
-9.460300
-12.635000
-8.825400
-6.920600
-6.920600
-1.841300
5.142900
10.222000
7.682500
3.873000
1.333300
0.698410
5.777800
8.952400
8.317500
9.587300
3.238100
1.333300
7.047600
9.587300
7.682500
3.873000
-3.111100
-11.365000
-18.983999
-24.063000
-19.618999
-13.905000
-8.825400
-5.015900
2.603200
17.205999
25.459999
29.905001
28.000000
16.570999
-0.571430
-16.444000
-27.872999
-28.507999
-21.524000
-13.905000
-6.920600
0.698410
1.333300
1.968300
2.603200
1.333300
0.063490
-0.571430
-0.571430
-3.111100
-8.190500
-12.000000
-8.190500
-1.841300
0.063490
8.317500
15.302000
16.570999
14.032000
7.682500
4.507900
-3.111100
-6.285700
-6.920600
-17.079000
-21.524000
-20.889000
-16.444000
-5.650800
1.968300
7.047600
10.857000
14.032000
11.492000
7.682500
4.507900
0.698410
-3.111100
-6.920600
-8.825400
-12.000000
-12.000000
-10.095000
-9.460300
-4.381000
2.603200
7.682500
14.667000
19.111000
14.667000
7.682500
0.063490
-4.381000
-3.111100
2.603200
7.047600
9.587300
10.857000
10.222000
5.142900
3.873000
4.507900
7.047600
3.873000
-5.650800
-5.650800
-1.841300
1.968300
8.952400
5.142900
3.238100
4.507900
5.777800
1.968300
-5.015900
-8.190500
-18.983999
-22.794001
-18.349001
-12.635000
-6.920600
0.063490
7.682500
10.222000
7.682500
10.222000
9.587300
7.682500
4.507900
-2.476200
-4.381000
-10.095000
-15.175000
-15.810000
-14.540000
-10.730000
-3.746000
1.333300
8.317500
14.667000
21.650999
23.556000
17.841000
13.397000
8.952400
3.873000
-4.381000
-6.285700
-11.365000
-13.270000
-11.365000
-5.015900
2.603200
4.507900
4.507900
5.142900
7.682500
10.857000
14.032000
11.492000
3.238100
-3.111100
-6.285700
-6.285700
-7.555600
-11.365000
-15.810000
-12.635000
-6.920600
-5.650800
1.333300
3.238100
3.238100
3.238100
0.698410
2.603200
0.698410
0.063490
-2.476200
-5.015900
-1.206300
3.873000
1.968300
-2.476200
-5.650800
-8.190500
-12.000000
-13.270000
-13.270000
-9.460300
-3.111100
6.412700
13.397000
10.857000
9.587300
10.857000
7.047600
-1.841300
-8.190500
-13.270000
-16.444000
-14.540000
-6.285700
3.238100
7.047600
