-7.767000
-11.650000
-11.650000
-5.825200
3.883500
8.414200
8.414200
9.061500
13.592000
16.827999
11.003000
0.647250
-10.356000
-17.476000
-16.181000
-11.003000
-5.825200
0.647250
6.472500
9.061500
8.414200
9.708700
10.356000
9.708700
9.708700
9.061500
8.414200
0.000000
-3.236200
-4.530700
-8.414200
-5.178000
0.000000
3.236200
5.178000
3.883500
1.294500
3.883500
4.530700
5.178000
3.883500
2.589000
0.647250
-1.294500
-0.647250
0.647250
1.294500
-0.647250
-5.178000
-7.119700
-9.061500
-10.356000
-12.945000
-14.887000
-15.534000
-12.945000
-4.530700
5.178000
9.061500
9.061500
9.061500
7.119700
3.883500
-1.294500
-7.119700
-10.356000
-9.708700
-5.825200
-0.647250
6.472500
10.356000
9.708700
6.472500
5.178000
1.941700
-2.589000
-3.883500
-4.530700
-1.941700
2.589000
7.767000
11.003000
12.945000
14.887000
14.887000
11.650000
8.414200
5.178000
2.589000
-3.236200
-7.767000
-4.530700
4.530700
9.061500
13.592000
18.770000
20.712000
19.417000
16.181000
11.650000
3.883500
-3.236200
-8.414200
-14.887000
-19.417000
-22.006001
-19.417000
-10.356000
-1.294500
5.178000
7.119700
3.883500
-1.941700
-3.236200
-0.647250
-0.647250
-1.294500
-1.941700
0.000000
3.236200
4.530700
5.178000
7.119700
5.178000
1.294500
-3.236200
-4.530700
-1.294500
3.883500
7.767000
7.119700
3.883500
0.647250
-2.589000
-1.294500
0.647250
0.647250
0.647250
-1.941700
-3.236200
-4.530700
0.000000
7.767000
11.650000
8.414200
2.589000
-5.825200
-13.592000
-18.122999
-16.827999
-11.650000
-7.119700
-3.883500
-1.294500
6.472500
11.650000
14.239000
13.592000
7.767000
-0.647250
-7.119700
-12.298000
-16.181000
-17.476000
-14.887000
-10.356000
-5.178000
0.647250
3.883500
3.883500
0.000000
-3.883500
-8.414200
-11.003000
-9.708700
-11.003000
-14.887000
-16.827999
-13.592000
-7.119700
-1.941700
5.178000
8.414200
7.767000
1.941700
-3.236200
-3.883500
-5.825200
-6.472500
-3.883500
-2.589000
0.647250
-1.294500
-4.530700
-6.472500
-7.767000
-1.294500
7.119700
13.592000
18.122999
14.239000
11.003000
9.061500
10.356000
4.530700
0.000000
1.294500
3.883500
5.178000
7.119700
12.298000
18.770000
20.712000
16.827999
10.356000
10.356000
9.061500
3.236200
-1.941700
-7.119700
-9.061500
-5.825200
0.000000
5.178000
5.825200
5.825200
0.000000
-7.119700
-9.061500
-7.767000
-7.119700
-6.472500
-7.767000
-7.119700
-3.236200
-1.941700
0.647250
2.589000
5.825200
10.356000
11.003000
12.298000
7.119700
-3.236200
-12.945000
-22.006001
-25.243000
-24.594999
-18.770000
-12.945000
-5.178000
0.000000
6.472500
12.298000
14.239000
14.239000
11.650000
3.236200
-5.825200
-13.592000
-16.827999
-12.945000
-8.414200
-4.530700
-1.941700
0.647250
1.941700
2.589000
2.589000
2.589000
3.236200
5.825200
7.119700
6.472500
3.883500
2.589000
3.236200
8.414200
13.592000
11.003000
6.472500
1.941700
-1.941700
-5.825200
-15.534000
-21.358999
-24.594999
-22.653999
-14.239000
-7.767000
-0.647250
7.767000
16.181000
23.948000
24.594999
22.006001
15.534000
11.003000
1.294500
-8.414200
-15.534000
-20.065001
-14.887000
-7.119700
1.294500
10.356000
14.887000
16.181000
15.534000
16.181000
16.181000
10.356000
0.647250
-6.472500
-12.945000
-15.534000
-19.417000
-19.417000
-15.534000
-11.003000
-5.178000
-0.647250
3.883500
7.119700
6.472500
4.530700
4.530700
5.825200
3.883500
0.000000
-7.119700
-15.534000
-20.712000
-21.358999
-15.534000
-5.178000
4.530700
13.592000
17.476000
17.476000
14.239000
7.767000
3.236200
-1.294500
-4.530700
-7.119700
-6.472500
-1.941700
5.825200
12.298000
13.592000
13.592000
12.298000
9.708700
2.589000
-7.119700
-14.887000
-17.476000
-18.122999
-16.181000
-6.472500
7.767000
16.181000
18.770000
20.065001
20.065001
22.006001
21.358999
12.945000
2.589000
-8.414200
-12.945000
-12.945000
-8.414200
-8.414200
-11.003000
-5.825200
-1.294500
2.589000
7.119700
5.178000
1.294500
-6.472500
-14.887000
-20.712000
-21.358999
-16.827999
-14.239000
-9.061500
-1.941700
-0.647250
-1.294500
-1.294500
-3.883500
-2.589000
-3.236200
-3.883500
-5.178000
-0.647250
7.119700
10.356000
10.356000
11.003000
11.003000
11.003000
8.414200
5.178000
6.472500
8.414200
9.708700
8.414200
4.530700
-0.647250
-1.294500
-0.647250
1.294500
4.530700
4.530700
4.530700
5.178000
5.825200
6.472500
5.825200
4.530700
3.236200
2.589000
-0.647250
-4.530700
-3.236200
-3.236200
-1.941700
3.236200
8.414200
11.650000
9.708700
5.825200
3.236200
-0.647250
-3.236200
-5.825200
-7.767000
-5.178000
-2.589000
1.294500
5.178000
7.767000
9.708700
11.650000
9.708700
1.941700
-3.883500
-10.356000
-11.650000
-7.767000
-7.119700
-5.178000
0.000000
5.178000
9.708700
11.650000
14.239000
12.945000
7.119700
0.647250
-8.414200
-18.122999
-24.594999
-24.594999
-21.358999
-16.827999
-10.356000
-1.294500
7.767000
14.887000
20.065001
21.358999
18.122999
14.239000
8.414200
-3.883500
-18.122999
-25.889999
-24.594999
-15.534000
-4.530700
2.589000
4.530700
0.647250
-1.941700
-3.236200
-3.236200
-1.941700
-1.294500
-5.178000
-6.472500
-5.178000
0.647250
8.414200
11.650000
13.592000
12.945000
9.708700
5.825200
-2.589000
-9.061500
-10.356000
-6.472500
-3.236200
0.000000
2.589000
1.941700
0.647250
0.000000
-0.647250
-3.883500
-7.767000
-5.825200
-2.589000
0.000000
-1.294500
-5.178000
-7.119700
-10.356000
-10.356000
-7.767000
-3.236200
2.589000
8.414200
13.592000
13.592000
12.298000
5.825200
-2.589000
-9.708700
-15.534000
-14.887000
-12.945000
-12.298000
-8.414200
-2.589000
3.236200
9.708700
12.945000
12.945000
11.650000
11.650000
9.061500
5.825200
2.589000
-1.941700
-7.767000
-14.887000
-18.122999
-15.534000
-12.298000
-12.298000
-11.650000
-9.708700
-9.061500
-6.472500
-5.178000
-0.647250
0.000000
-1.941700
-2.589000
-4.530700
-8.414200
-11.003000
-5.825200
1.294500
5.825200
6.472500
7.119700
12.298000
18.122999
19.417000
17.476000
9.061500
4.530700
0.000000
-4.530700
-5.178000
-9.708700
-13.592000
-15.534000
-12.945000
-9.061500
-6.472500
-6.472500
-3.236200
1.941700
4.530700
7.119700
5.825200
5.825200
11.650000
12.945000
11.003000
10.356000
3.236200
-5.825200
-10.356000
-10.356000
-11.003000
-12.298000
-7.119700
2.589000
13.592000
21.358999
21.358999
16.827999
14.239000
10.356000
5.825200
-0.647250
-7.119700
-12.945000
-16.181000
-13.592000
-10.356000
-5.825200
-0.647250
5.825200
10.356000
12.945000
15.534000
16.181000
20.065001
18.122999
12.298000
5.825200
-1.941700
-7.767000
-12.945000
-15.534000
-11.650000
-8.414200
0.000000
9.708700
14.239000
20.712000
25.889999
29.773001
29.773001
22.006001
8.414200
-5.178000
-14.239000
-16.181000
-12.298000
-9.708700
-4.530700
2.589000
3.883500
4.530700
4.530700
5.825200
9.708700
8.414200
3.236200
-3.236200
-12.298000
-18.770000
-22.006001
-20.065001
-12.945000
-4.530700
3.883500
12.945000
16.181000
16.827999
15.534000
12.298000
7.767000
5.825200
3.236200
-1.294500
-7.767000
-14.887000
-16.827999
-18.122999
-15.534000
-8.414200
-0.647250
4.530700
7.767000
13.592000
14.887000
10.356000
4.530700
-1.294500
-3.236200
-4.530700
-5.178000
-8.414200
-11.650000
-7.119700
-1.941700
0.000000
1.294500
2.589000
0.647250
0.647250
1.941700
1.941700
1.294500
1.941700
1.294500
3.883500
8.414200
8.414200
7.767000
9.061500
11.650000
11.003000
8.414200
5.178000
1.294500
-0.647250
-2.589000
-3.883500
-4.530700
-1.941700
5.178000
9.708700
9.708700
6.472500
0.000000
-6.472500
-13.592000
-16.827999
-9.708700
1.294500
9.708700
16.181000
16.827999
14.239000
9.708700
5.178000
-1.294500
-10.356000
-22.006001
-29.773001
-28.479000
-20.065001
-9.708700
-2.589000
6.472500
12.298000
14.239000
12.298000
11.003000
7.767000
2.589000
-1.294500
-4.530700
-4.530700
-4.530700
-6.472500
-7.119700
-5.825200
-1.941700
0.647250
3.236200
5.825200
7.119700
5.825200
1.294500
0.000000
-0.647250
-2.589000
-1.941700
-1.941700
-5.825200
-9.708700
-11.003000
-5.825200
-5.178000
-5.825200
-5.178000
-4.530700
-6.472500
-7.767000
-5.825200
-3.236200
-0.647250
1.294500
4.530700
6.472500
8.414200
9.708700
10.356000
11.650000
13.592000
6.472500
-4.530700
-9.061500
-5.178000
-1.941700
2.589000
7.767000
7.767000
10.356000
10.356000
7.119700
6.472500
5.178000
2.589000
-1.941700
-2.589000
-3.236200
-3.883500
-5.825200
-11.650000
-13.592000
-7.767000
-3.236200
-1.941700
0.000000
5.178000
5.825200
0.647250
-1.294500
-1.941700
-0.647250
-1.294500
0.647250
5.825200
12.298000
19.417000
21.358999
19.417000
16.827999
9.061500
5.178000
0.647250
-5.178000
-10.356000
-14.239000
-16.181000
-16.181000
-17.476000
-15.534000
-9.061500
-2.589000
1.294500
0.647250
-0.647250
1.294500
7.767000
12.298000
10.356000
3.236200
-3.236200
-9.061500
-14.887000
-14.239000
-12.298000
-9.061500
-5.825200
-3.236200
-1.941700
0.000000
1.294500
4.530700
9.061500
9.708700
5.178000
-0.647250
-4.530700
-5.825200
-1.294500
1.941700
0.000000
3.236200
6.472500
7.119700
7.767000
2.589000
-4.530700
-12.945000
-13.592000
-10.356000
-9.708700
-6.472500
-2.589000
1.941700
3.883500
4.530700
7.767000
9.061500
8.414200
3.236200
-3.236200
-9.708700
-13.592000
-14.239000
-11.003000
-5.178000
1.294500
5.825200
7.119700
5.825200
7.767000
7.767000
3.883500
3.236200
-1.941700
-6.472500
-5.825200
-2.589000
1.941700
9.708700
17.476000
22.653999
22.006001
17.476000
12.945000
6.472500
0.647250
-3.883500
-5.825200
-8.414200
-13.592000
-9.061500
-0.647250
6.472500
12.298000
11.003000
7.767000
2.589000
-3.883500
-7.119700
-5.825200
-5.825200
-11.650000
-14.239000
-15.534000
-13.592000
-8.414200
-1.294500
5.178000
5.825200
5.178000
5.178000
5.178000
9.061500
10.356000
6.472500
1.294500
-6.472500
-13.592000
-18.122999
-15.534000
-11.003000
-7.119700
-5.825200
-3.236200
-0.647250
1.941700
7.119700
10.356000
11.003000
10.356000
6.472500
-0.647250
-3.883500
-5.825200
-7.767000
-11.003000
-10.356000
-6.472500
-0.647250
7.119700
11.003000
12.945000
12.945000
11.650000
7.767000
0.647250
-5.178000
-11.650000
-16.181000
-16.827999
-12.945000
-8.414200
-1.294500
4.530700
5.178000
9.061500
10.356000
9.708700
7.119700
-0.647250
-9.061500
-15.534000
-14.887000
-9.061500
-1.294500
9.061500
17.476000
20.065001
17.476000
10.356000
2.589000
-7.119700
-16.181000
-21.358999
-19.417000
-10.356000
-0.647250
9.061500
14.239000
16.827999
20.712000
18.122999
7.119700
-3.236200
-10.356000
-10.356000
-7.767000
-3.883500
2.589000
5.178000
