8.566800
6.634500
5.668300
-9.790700
-4.959700
1.803500
-1.095000
-1.095000
7.600600
10.499000
1.803500
12.432000
16.296000
12.432000
5.668300
8.566800
8.566800
-0.128820
13.398000
15.330000
21.127001
23.059999
12.432000
12.432000
7.600600
15.330000
24.025999
13.398000
9.533000
10.499000
6.634500
-7.858300
-13.655000
-5.925900
-7.858300
-5.925900
-7.858300
-10.757000
-12.689000
-27.181999
-17.520000
-19.452000
-20.419001
-5.925900
-6.892100
-2.061200
-9.790700
2.769700
19.195000
10.499000
7.600600
20.160999
12.432000
2.769700
12.432000
9.533000
2.769700
-2.061200
-12.689000
-12.689000
-21.385000
-17.520000
-13.655000
-7.858300
-5.925900
-2.061200
-1.095000
6.634500
0.837360
7.600600
14.364000
7.600600
1.803500
-2.061200
4.702100
-0.128820
-4.959700
0.837360
0.837360
-3.993600
-2.061200
-7.858300
-14.622000
-5.925900
1.803500
0.837360
5.668300
6.634500
5.668300
-1.095000
6.634500
11.465000
1.803500
-0.128820
-3.027400
-7.858300
-17.520000
-12.689000
-2.061200
8.566800
7.600600
-2.061200
-0.128820
1.803500
-1.095000
1.803500
-0.128820
-11.723000
-11.723000
-9.790700
-2.061200
6.634500
9.533000
7.600600
-2.061200
1.803500
3.735900
9.533000
16.296000
12.432000
9.533000
7.600600
5.668300
4.702100
-3.027400
3.735900
7.600600
5.668300
3.735900
-6.892100
-6.892100
-0.128820
4.702100
-1.095000
-7.858300
-16.554001
-17.520000
-6.892100
-8.824500
-9.790700
-10.757000
-18.486000
-6.892100
-6.892100
3.735900
12.432000
9.533000
4.702100
6.634500
7.600600
2.769700
10.499000
12.432000
14.364000
11.465000
-3.027400
0.837360
1.803500
7.600600
6.634500
-7.858300
-8.824500
-7.858300
-12.689000
-18.486000
-16.554001
-10.757000
-12.689000
-13.655000
-16.554001
-10.757000
4.702100
-3.027400
3.735900
8.566800
9.533000
15.330000
13.398000
8.566800
2.769700
0.837360
-8.824500
-13.655000
-10.757000
-13.655000
-14.622000
-11.723000
-14.622000
-16.554001
-30.080999
-17.520000
-3.027400
-8.824500
-7.858300
-2.061200
-3.993600
-12.689000
-2.061200
8.566800
9.533000
13.398000
9.533000
5.668300
-1.095000
12.432000
20.160999
22.093000
26.924000
19.195000
16.296000
-6.892100
1.803500
10.499000
4.702100
-0.128820
-4.959700
-6.892100
-23.316999
-15.588000
-2.061200
-6.892100
-11.723000
-15.588000
-15.588000
-16.554001
-7.858300
-0.128820
0.837360
4.702100
-1.095000
9.533000
16.296000
18.229000
10.499000
10.499000
20.160999
21.127001
9.533000
4.702100
-2.061200
0.837360
1.803500
5.668300
17.261999
27.889999
26.924000
19.195000
14.364000
13.398000
24.992001
12.432000
10.499000
5.668300
0.837360
1.803500
-0.128820
-0.128820
-10.757000
-14.622000
-12.689000
-10.757000
-15.588000
-13.655000
-4.959700
5.668300
0.837360
11.465000
17.261999
9.533000
3.735900
-3.027400
-4.959700
-5.925900
-2.061200
2.769700
0.837360
-2.061200
1.803500
-2.061200
3.735900
3.735900
2.769700
2.769700
0.837360
-1.095000
-14.622000
-1.095000
5.668300
-2.061200
0.837360
-0.128820
-2.061200
-11.723000
-1.095000
2.769700
4.702100
8.566800
4.702100
5.668300
7.600600
-0.128820
5.668300
17.261999
19.195000
9.533000
4.702100
3.735900
-3.993600
-3.993600
-3.993600
-5.925900
-0.128820
5.668300
1.803500
-1.095000
-10.757000
-7.858300
1.803500
0.837360
-4.959700
-1.095000
2.769700
-4.959700
-19.452000
-14.622000
-11.723000
-8.824500
-5.925900
-5.925900
-4.959700
0.837360
1.803500
-6.892100
-4.959700
3.735900
7.600600
5.668300
0.837360
6.634500
9.533000
-3.993600
-2.061200
4.702100
-1.095000
-1.095000
9.533000
6.634500
-0.128820
-1.095000
-3.993600
-4.959700
2.769700
2.769700
-3.993600
-8.824500
-16.554001
-3.027400
9.533000
1.803500
-12.689000
-22.351000
-18.486000
-3.993600
1.803500
5.668300
4.702100
0.837360
-3.027400
-11.723000
-3.993600
6.634500
0.837360
-0.128820
-3.027400
-2.061200
-10.757000
-10.757000
0.837360
5.668300
3.735900
1.803500
1.803500
-10.757000
-8.824500
-10.757000
-11.723000
-6.892100
-16.554001
-11.723000
-12.689000
-22.351000
-14.622000
-9.790700
-9.790700
0.837360
11.465000
8.566800
5.668300
12.432000
9.533000
9.533000
16.296000
14.364000
2.769700
-1.095000
-0.128820
2.769700
0.837360
-5.925900
3.735900
2.769700
-0.128820
5.668300
4.702100
4.702100
-3.027400
-3.027400
5.668300
-2.061200
-3.993600
7.600600
16.296000
11.465000
10.499000
12.432000
2.769700
7.600600
9.533000
1.803500
-5.925900
-2.061200
1.803500
-6.892100
-7.858300
1.803500
4.702100
7.600600
12.432000
6.634500
12.432000
15.330000
10.499000
6.634500
2.769700
-2.061200
-7.858300
-8.824500
-0.128820
-2.061200
-6.892100
-12.689000
-10.757000
1.803500
2.769700
8.566800
12.432000
-1.095000
10.499000
15.330000
7.600600
5.668300
5.668300
1.803500
-0.128820
4.702100
5.668300
7.600600
14.364000
9.533000
6.634500
-9.790700
-8.824500
4.702100
3.735900
2.769700
3.735900
-1.095000
2.769700
0.837360
7.600600
8.566800
-4.959700
-5.925900
1.803500
-3.027400
-9.790700
-13.655000
-16.554001
-13.655000
-9.790700
-11.723000
-13.655000
-13.655000
-9.790700
-14.622000
1.803500
10.499000
4.702100
8.566800
6.634500
5.668300
-11.723000
-1.095000
7.600600
-2.061200
-5.925900
-3.993600
-4.959700
-19.452000
-19.452000
-6.892100
-6.892100
-12.689000
-7.858300
-6.892100
-17.520000
2.769700
12.432000
5.668300
14.364000
6.634500
2.769700
-7.858300
0.837360
0.837360
-4.959700
-3.993600
-5.925900
-10.757000
-8.824500
4.702100
11.465000
20.160999
12.432000
3.735900
4.702100
-0.128820
2.769700
3.735900
-3.993600
-7.858300
-9.790700
-11.723000
-11.723000
-1.095000
4.702100
2.769700
2.769700
7.600600
-5.925900
3.735900
16.296000
12.432000
8.566800
10.499000
2.769700
-11.723000
-1.095000
11.465000
12.432000
6.634500
3.735900
9.533000
6.634500
-0.128820
-0.128820
6.634500
10.499000
6.634500
-1.095000
-1.095000
-4.959700
-2.061200
13.398000
19.195000
21.127001
17.261999
1.803500
4.702100
5.668300
-1.095000
-5.925900
-10.757000
-11.723000
-15.588000
-12.689000
-12.689000
-11.723000
-4.959700
-3.993600
1.803500
-2.061200
10.499000
21.127001
17.261999
20.160999
17.261999
9.533000
7.600600
5.668300
9.533000
1.803500
-5.925900
-3.027400
-3.027400
-10.757000
-0.128820
1.803500
-5.925900
1.803500
-8.824500
-10.757000
-10.757000
-12.689000
-16.554001
-19.452000
-15.588000
-20.419001
-24.283001
-21.385000
-6.892100
-3.027400
-2.061200
-5.925900
-2.061200
11.465000
13.398000
11.465000
7.600600
-0.128820
0.837360
6.634500
11.465000
14.364000
12.432000
4.702100
-0.128820
-7.858300
-13.655000
-12.689000
-8.824500
-10.757000
-9.790700
-17.520000
-8.824500
-3.027400
-4.959700
-3.993600
3.735900
10.499000
17.261999
14.364000
21.127001
26.924000
24.992001
23.059999
11.465000
4.702100
-6.892100
-11.723000
-2.061200
3.735900
-0.128820
-4.959700
-5.925900
-4.959700
-10.757000
1.803500
7.600600
6.634500
8.566800
4.702100
-3.027400
-6.892100
-7.858300
-6.892100
-1.095000
-7.858300
-11.723000
-10.757000
-18.486000
-27.181999
-38.776001
-23.316999
-0.128820
-1.095000
-3.027400
-0.128820
3.735900
2.769700
8.566800
16.296000
15.330000
12.432000
9.533000
2.769700
-5.925900
7.600600
18.229000
10.499000
9.533000
6.634500
8.566800
-2.061200
-2.061200
4.702100
-3.993600
-11.723000
-16.554001
-22.351000
-26.216000
-22.351000
-4.959700
5.668300
8.566800
16.296000
17.261999
13.398000
19.195000
28.857000
26.924000
24.992001
12.432000
1.803500
-5.925900
-14.622000
-12.689000
-14.622000
-25.250000
-33.945000
-32.979000
-31.047001
-35.877998
-31.047001
-10.757000
7.600600
12.432000
15.330000
13.398000
18.229000
24.025999
26.924000
29.823000
24.992001
24.992001
26.924000
15.330000
11.465000
2.769700
-6.892100
-2.061200
1.803500
1.803500
1.803500
5.668300
5.668300
-3.993600
13.398000
20.160999
17.261999
24.025999
16.296000
12.432000
3.735900
6.634500
9.533000
8.566800
11.465000
8.566800
0.837360
-3.027400
1.803500
-0.128820
-7.858300
-7.858300
-7.858300
-9.790700
-27.181999
-16.554001
-2.061200
-3.027400
7.600600
11.465000
1.803500
7.600600
7.600600
5.668300
8.566800
3.735900
3.735900
3.735900
-1.095000
0.837360
0.837360
3.735900
3.735900
-7.858300
-3.993600
-3.027400
-4.959700
-12.689000
-5.925900
-1.095000
-6.892100
-11.723000
-10.757000
-15.588000
-10.757000
-8.824500
-18.486000
-11.723000
-1.095000
-1.095000
1.803500
-3.027400
-12.689000
-3.027400
5.668300
2.769700
-5.925900
-13.655000
-18.486000
-28.148001
-26.216000
-13.655000
-4.959700
-1.095000
-5.925900
-6.892100
-2.061200
7.600600
10.499000
15.330000
19.195000
12.432000
16.296000
15.330000
11.465000
0.837360
-9.790700
-11.723000
-12.689000
-20.419001
-19.452000
-7.858300
-6.892100
-10.757000
-15.588000
-9.790700
6.634500
4.702100
4.702100
8.566800
-0.128820
4.702100
12.432000
3.735900
6.634500
4.702100
-9.790700
-2.061200
6.634500
-2.061200
1.803500
1.803500
0.837360
-1.095000
8.566800
19.195000
18.229000
23.059999
22.093000
11.465000
9.533000
11.465000
5.668300
-11.723000
-13.655000
-10.757000
-14.622000
-30.080999
-17.520000
-12.689000
-9.790700
0.837360
5.668300
0.837360
1.803500
-3.993600
1.803500
5.668300
-0.128820
-8.824500
-9.790700
-13.655000
-7.858300
-1.095000
-1.095000
1.803500
-1.095000
6.634500
5.668300
7.600600
25.958000
23.059999
22.093000
12.432000
3.735900
13.398000
15.330000
12.432000
10.499000
10.499000
1.803500
-3.993600
-11.723000
-11.723000
-7.858300
-13.655000
-16.554001
-17.520000
-30.080999
-29.114000
-15.588000
-17.520000
-24.283001
-32.013000
-35.877998
-32.979000
-22.351000
-9.790700
-9.790700
-4.959700
-10.757000
1.803500
10.499000
10.499000
15.330000
13.398000
13.398000
9.533000
21.127001
24.992001
22.093000
22.093000
16.296000
12.432000
26.924000
31.754999
19.195000
19.195000
6.634500
9.533000
8.566800
5.668300
8.566800
11.465000
3.735900
-0.128820
-1.095000
-6.892100
-6.892100
-2.061200
-3.993600
-8.824500
-4.959700
-1.095000
-6.892100
-9.790700
-1.095000
4.702100
9.533000
14.364000
19.195000
11.465000
13.398000
14.364000
18.229000
13.398000
9.533000
4.702100
-6.892100
-8.824500
-9.790700
-14.622000
-15.588000
-3.993600
4.702100
-3.993600
4.702100
17.261999
11.465000
8.566800
12.432000
11.465000
-2.061200
-6.892100
-15.588000
-27.181999
-38.776001
-28.148001
-11.723000
-8.824500
0.837360
5.668300
0.837360
11.465000
17.261999
11.465000
19.195000
17.261999
20.160999
7.600600
19.195000
32.721001
24.992001
14.364000
-5.925900
-4.959700
-13.655000
-16.554001
-3.993600
-3.027400
-17.520000
