0.126380
-5.560800
-7.456600
-6.508700
-19.778999
-2.717200
8.657200
7.709300
2.022100
1.074200
5.813600
-4.613000
-1.769400
4.865700
5.813600
0.126380
4.865700
9.605100
-5.560800
-1.769400
9.605100
8.657200
2.022100
-2.717200
-4.613000
-12.196000
-15.987000
-1.769400
-1.769400
-2.717200
-1.769400
-7.456600
-5.560800
3.917900
7.709300
4.865700
-5.560800
0.126380
2.970000
-1.769400
-8.404400
-10.300000
-8.404400
-7.456600
1.074200
2.022100
-1.769400
-9.352300
3.917900
12.449000
15.292000
-0.821480
2.970000
8.657200
1.074200
2.970000
-6.508700
2.022100
4.865700
6.761500
-9.352300
-9.352300
3.917900
-1.769400
-1.769400
-4.613000
-5.560800
1.074200
14.344000
17.188000
13.397000
10.553000
0.126380
10.553000
9.605100
2.970000
4.865700
1.074200
-3.665100
-1.769400
2.022100
-2.717200
-8.404400
2.970000
18.136000
14.344000
8.657200
-3.665100
1.074200
5.813600
4.865700
2.022100
2.022100
-2.717200
-6.508700
2.970000
7.709300
-4.613000
-11.248000
-14.092000
-1.769400
5.813600
6.761500
-5.560800
-2.717200
6.761500
10.553000
2.970000
4.865700
-1.769400
3.917900
9.605100
2.970000
5.813600
-6.508700
6.761500
19.084000
12.449000
4.865700
-0.821480
-7.456600
-11.248000
-2.717200
5.813600
-0.821480
-4.613000
-2.717200
1.074200
-12.196000
-0.821480
13.397000
4.865700
-4.613000
-2.717200
-1.769400
-8.404400
-12.196000
-15.987000
-14.092000
-8.404400
0.126380
5.813600
0.126380
4.865700
-0.821480
5.813600
7.709300
7.709300
11.501000
-0.821480
-10.300000
-8.404400
-2.717200
-4.613000
-13.144000
-19.778999
-21.674999
-14.092000
-9.352300
-7.456600
-16.934999
-2.717200
10.553000
4.865700
-10.300000
3.917900
12.449000
-0.821480
-2.717200
-6.508700
-14.092000
-2.717200
-6.508700
-9.352300
-2.717200
-3.665100
-9.352300
-1.769400
18.136000
23.823000
20.032000
20.032000
9.605100
16.240000
22.875000
20.032000
11.501000
3.917900
0.126380
-15.987000
-20.726999
-13.144000
-2.717200
-0.821480
-9.352300
-12.196000
2.022100
7.709300
-3.665100
4.865700
0.126380
6.761500
21.927000
20.979000
1.074200
-3.665100
4.865700
7.709300
6.761500
4.865700
-9.352300
-4.613000
-1.769400
-1.769400
9.605100
-6.508700
-9.352300
1.074200
-0.821480
-0.821480
-5.560800
-1.769400
10.553000
11.501000
2.022100
-8.404400
-10.300000
2.970000
3.917900
-3.665100
-5.560800
-15.039000
-5.560800
-9.352300
-15.987000
-8.404400
-11.248000
-13.144000
2.970000
10.553000
7.709300
11.501000
7.709300
0.126380
14.344000
27.615000
16.240000
9.605100
1.074200
-1.769400
4.865700
6.761500
-1.769400
-10.300000
-0.821480
3.917900
-4.613000
-7.456600
-15.987000
-9.352300
-4.613000
5.813600
10.553000
3.917900
-0.821480
-6.508700
2.022100
2.022100
-2.717200
8.657200
1.074200
4.865700
5.813600
-0.821480
-4.613000
-3.665100
-0.821480
-18.830999
-10.300000
-1.769400
-11.248000
-16.934999
-19.778999
-20.726999
-7.456600
-0.821480
-4.613000
3.917900
2.970000
-1.769400
0.126380
2.970000
5.813600
2.970000
-0.821480
-10.300000
9.605100
14.344000
7.709300
5.813600
0.126380
-2.717200
-17.882999
-5.560800
6.761500
4.865700
3.917900
3.917900
-3.665100
2.970000
10.553000
12.449000
15.292000
11.501000
2.022100
9.605100
10.553000
-4.613000
2.022100
8.657200
-5.560800
1.074200
5.813600
-4.613000
-0.821480
-0.821480
-0.821480
6.761500
10.553000
6.761500
8.657200
6.761500
-5.560800
2.022100
18.136000
11.501000
3.917900
0.126380
-9.352300
-3.665100
7.709300
1.074200
-1.769400
2.022100
-8.404400
-4.613000
4.865700
-5.560800
-4.613000
0.126380
-5.560800
-13.144000
-3.665100
-4.613000
-11.248000
-6.508700
2.970000
-4.613000
-2.717200
5.813600
-1.769400
0.126380
7.709300
0.126380
1.074200
7.709300
-3.665100
-1.769400
8.657200
8.657200
0.126380
-12.196000
-4.613000
9.605100
5.813600
3.917900
-6.508700
-7.456600
-1.769400
5.813600
12.449000
9.605100
0.126380
-5.560800
-0.821480
1.074200
-4.613000
-9.352300
-10.300000
4.865700
2.022100
-12.196000
-6.508700
-1.769400
-2.717200
2.970000
3.917900
11.501000
19.084000
4.865700
4.865700
1.074200
-7.456600
2.022100
10.553000
6.761500
3.917900
-13.144000
-10.300000
2.022100
0.126380
-4.613000
1.074200
-1.769400
4.865700
2.970000
7.709300
7.709300
3.917900
-2.717200
-0.821480
12.449000
11.501000
-4.613000
-1.769400
-5.560800
-5.560800
-5.560800
5.813600
10.553000
2.970000
-4.613000
3.917900
3.917900
-2.717200
-8.404400
-4.613000
-8.404400
-18.830999
-12.196000
-3.665100
-15.987000
-18.830999
-22.622000
-15.987000
0.126380
16.240000
13.397000
9.605100
7.709300
13.397000
18.136000
11.501000
13.397000
-0.821480
-0.821480
2.022100
-1.769400
2.022100
-16.934999
-13.144000
2.022100
2.970000
1.074200
3.917900
-5.560800
1.074200
20.979000
20.032000
7.709300
8.657200
2.970000
2.970000
0.126380
-6.508700
-8.404400
-8.404400
-12.196000
-15.039000
-9.352300
-7.456600
-4.613000
-8.404400
0.126380
12.449000
7.709300
5.813600
2.022100
-7.456600
-2.717200
2.970000
4.865700
3.917900
6.761500
-0.821480
-2.717200
13.397000
20.032000
10.553000
7.709300
8.657200
4.865700
2.970000
10.553000
5.813600
7.709300
8.657200
-8.404400
-5.560800
-3.665100
-0.821480
-6.508700
-10.300000
-9.352300
0.126380
-0.821480
-1.769400
-15.987000
-4.613000
0.126380
2.022100
-2.717200
-4.613000
-13.144000
-10.300000
2.970000
4.865700
2.022100
-4.613000
-5.560800
0.126380
-6.508700
-2.717200
3.917900
-7.456600
-1.769400
2.022100
-1.769400
-2.717200
3.917900
-2.717200
-4.613000
6.761500
6.761500
6.761500
3.917900
11.501000
0.126380
5.813600
11.501000
-0.821480
-3.665100
-15.039000
-3.665100
0.126380
-7.456600
-15.039000
-12.196000
-4.613000
-0.821480
10.553000
14.344000
11.501000
2.970000
10.553000
8.657200
6.761500
3.917900
-5.560800
3.917900
3.917900
-1.769400
-17.882999
-17.882999
-6.508700
-8.404400
-9.352300
-13.144000
-13.144000
-12.196000
2.970000
11.501000
12.449000
5.813600
18.136000
28.562000
18.136000
9.605100
-0.821480
7.709300
8.657200
-5.560800
-15.039000
-18.830999
-10.300000
-8.404400
-7.456600
-3.665100
-19.778999
1.074200
16.240000
11.501000
11.501000
10.553000
19.084000
13.397000
4.865700
5.813600
0.126380
-2.717200
-0.821480
-0.821480
-14.092000
-17.882999
-6.508700
4.865700
9.605100
4.865700
8.657200
13.397000
2.970000
11.501000
20.979000
15.292000
13.397000
6.761500
7.709300
15.292000
16.240000
5.813600
-8.404400
1.074200
0.126380
-2.717200
-5.560800
-19.778999
-0.821480
16.240000
7.709300
-8.404400
-7.456600
-1.769400
0.126380
-7.456600
-4.613000
-7.456600
-4.613000
5.813600
3.917900
2.022100
-10.300000
-7.456600
-0.821480
-5.560800
-11.248000
-20.726999
-12.196000
-12.196000
-5.560800
-1.769400
-6.508700
-6.508700
4.865700
9.605100
6.761500
-1.769400
8.657200
14.344000
5.813600
3.917900
-14.092000
-0.821480
6.761500
-4.613000
1.074200
-8.404400
2.022100
6.761500
-1.769400
2.970000
5.813600
10.553000
13.397000
8.657200
4.865700
-3.665100
4.865700
0.126380
-0.821480
-4.613000
-14.092000
-20.726999
-9.352300
-5.560800
-12.196000
-10.300000
-15.039000
-8.404400
-2.717200
0.126380
3.917900
-10.300000
-4.613000
-6.508700
-6.508700
1.074200
-5.560800
-11.248000
3.917900
13.397000
12.449000
3.917900
9.605100
7.709300
4.865700
11.501000
7.709300
2.022100
-7.456600
0.126380
-3.665100
-7.456600
-7.456600
-18.830999
-10.300000
-0.821480
-10.300000
-4.613000
12.449000
13.397000
24.771000
35.196999
32.354000
15.292000
22.875000
35.196999
32.354000
18.136000
4.865700
2.022100
-13.144000
-16.934999
-19.778999
-16.934999
-10.300000
-15.039000
-23.570000
-20.726999
-7.456600
-9.352300
0.126380
6.761500
-5.560800
3.917900
9.605100
5.813600
6.761500
2.022100
6.761500
6.761500
-0.821480
-3.665100
-15.039000
-19.778999
-5.560800
1.074200
-5.560800
-14.092000
-11.248000
-3.665100
-1.769400
-5.560800
0.126380
9.605100
13.397000
7.709300
-5.560800
-4.613000
13.397000
10.553000
0.126380
-3.665100
-21.674999
-15.039000
-6.508700
0.126380
0.126380
-10.300000
-7.456600
4.865700
-3.665100
-2.717200
-0.821480
1.074200
9.605100
3.917900
0.126380
-4.613000
-10.300000
-0.821480
-2.717200
2.022100
2.022100
-3.665100
6.761500
5.813600
6.761500
3.917900
3.917900
12.449000
13.397000
16.240000
6.761500
4.865700
7.709300
-0.821480
-1.769400
7.709300
6.761500
6.761500
-4.613000
-0.821480
2.970000
1.074200
-8.404400
-15.039000
-9.352300
-0.821480
-3.665100
-8.404400
-15.039000
-21.674999
-11.248000
-4.613000
-10.300000
-13.144000
-14.092000
-11.248000
-13.144000
-9.352300
2.970000
4.865700
3.917900
4.865700
3.917900
4.865700
6.761500
1.074200
-0.821480
1.074200
-0.821480
5.813600
7.709300
2.970000
-0.821480
6.761500
15.292000
17.188000
14.344000
2.022100
2.970000
9.605100
12.449000
8.657200
8.657200
9.605100
-6.508700
-3.665100
8.657200
1.074200
-0.821480
-6.508700
-11.248000
3.917900
13.397000
7.709300
2.022100
-8.404400
-3.665100
7.709300
4.865700
2.022100
2.970000
-4.613000
-2.717200
6.761500
5.813600
6.761500
-6.508700
6.761500
9.605100
8.657200
13.397000
3.917900
-1.769400
-10.300000
-11.248000
-3.665100
-1.769400
1.074200
-9.352300
-16.934999
-12.196000
-3.665100
1.074200
8.657200
1.074200
5.813600
12.449000
1.074200
2.022100
2.022100
12.449000
18.136000
14.344000
5.813600
2.022100
2.022100
-13.144000
-1.769400
12.449000
6.761500
2.970000
-8.404400
-1.769400
2.970000
4.865700
11.501000
4.865700
16.240000
18.136000
9.605100
2.022100
-2.717200
3.917900
3.917900
1.074200
-6.508700
-4.613000
-0.821480
-6.508700
-21.674999
-11.248000
-5.560800
-11.248000
-15.987000
-21.674999
-26.414000
-23.570000
-12.196000
-9.352300
-15.039000
-12.196000
-12.196000
-2.717200
1.074200
-2.717200
-6.508700
-11.248000
-5.560800
0.126380
2.970000
-8.404400
-6.508700
0.126380
-9.352300
-10.300000
-2.717200
8.657200
7.709300
0.126380
-3.665100
-1.769400
3.917900
2.970000
2.022100
-2.717200
-20.726999
-8.404400
7.709300
1.074200
4.865700
5.813600
0.126380
-0.821480
-1.769400
13.397000
19.084000
11.501000
5.813600
-8.404400
-4.613000
6.761500
-10.300000
-4.613000
14.344000
12.449000
3.917900
4.865700
1.074200
-0.821480
7.709300
17.188000
13.397000
2.022100
-6.508700
2.022100
-0.821480
0.126380
6.761500
-2.717200
0.126380
3.917900
-1.769400
-9.352300
-7.456600
-2.717200
-4.613000
3.917900
4.865700
2.022100
1.074200
-4.613000
-1.769400
