-3.012800
-1.089700
4.679500
5.641000
10.449000
10.449000
7.564100
10.449000
12.372000
7.564100
-3.012800
-12.628000
-13.590000
-15.513000
-23.205000
-25.128000
-19.358999
-16.474001
-4.935900
-3.012800
2.756400
11.410000
12.372000
15.256000
14.295000
12.372000
12.372000
2.756400
-7.820500
-8.782100
-9.743600
-12.628000
-13.590000
-11.667000
-16.474001
-16.474001
-7.820500
-1.089700
5.641000
2.756400
5.641000
3.717900
0.833330
3.717900
-0.128210
-5.897400
-5.897400
-5.897400
-4.935900
-2.051300
-0.128210
6.602600
2.756400
-0.128210
1.794900
2.756400
3.717900
7.564100
15.256000
10.449000
2.756400
3.717900
7.564100
10.449000
11.410000
9.487200
12.372000
17.179001
11.410000
4.679500
10.449000
10.449000
9.487200
8.525600
6.602600
3.717900
6.602600
0.833330
-2.051300
1.794900
2.756400
2.756400
4.679500
0.833330
-3.012800
-0.128210
-3.012800
-7.820500
-11.667000
-13.590000
-18.396999
-20.320999
-19.358999
-19.358999
-14.551000
-14.551000
-12.628000
-4.935900
4.679500
5.641000
4.679500
7.564100
9.487200
6.602600
4.679500
1.794900
-1.089700
-2.051300
-12.628000
-22.243999
-20.320999
-14.551000
-6.859000
2.756400
9.487200
7.564100
5.641000
8.525600
10.449000
10.449000
6.602600
4.679500
10.449000
4.679500
-5.897400
-3.012800
-3.012800
-2.051300
-6.859000
-5.897400
-2.051300
1.794900
9.487200
12.372000
8.525600
3.717900
0.833330
3.717900
-2.051300
-9.743600
-6.859000
-8.782100
-9.743600
-9.743600
-10.705000
-2.051300
12.372000
14.295000
12.372000
18.141001
18.141001
20.063999
9.487200
2.756400
4.679500
-0.128210
-3.974400
-6.859000
-8.782100
-12.628000
-10.705000
-13.590000
-20.320999
-20.320999
-14.551000
-8.782100
-3.012800
2.756400
0.833330
-8.782100
-7.820500
-7.820500
-12.628000
-10.705000
-5.897400
-3.012800
-3.012800
8.525600
11.410000
14.295000
22.948999
31.603001
36.410000
36.410000
29.679001
27.756001
26.795000
20.063999
13.333000
4.679500
3.717900
-6.859000
-11.667000
-3.974400
-0.128210
3.717900
10.449000
12.372000
14.295000
15.256000
21.987000
23.910000
18.141001
12.372000
11.410000
7.564100
4.679500
-8.782100
-17.436001
-19.358999
-24.167000
-21.282000
-14.551000
-8.782100
-10.705000
-10.705000
-1.089700
2.756400
8.525600
12.372000
14.295000
8.525600
0.833330
-3.012800
-2.051300
-4.935900
-4.935900
-14.551000
-17.436001
-15.513000
-11.667000
-6.859000
-8.782100
-9.743600
-2.051300
-3.012800
-5.897400
-2.051300
-0.128210
-0.128210
-6.859000
-11.667000
-7.820500
-3.974400
-0.128210
-2.051300
-3.974400
0.833330
0.833330
6.602600
1.794900
-2.051300
-2.051300
-5.897400
-8.782100
-15.513000
-17.436001
-16.474001
-11.667000
-12.628000
-11.667000
-4.935900
2.756400
5.641000
10.449000
13.333000
16.218000
17.179001
9.487200
-3.974400
-6.859000
-3.974400
-2.051300
2.756400
6.602600
9.487200
7.564100
10.449000
6.602600
5.641000
7.564100
6.602600
0.833330
-6.859000
-8.782100
-8.782100
-5.897400
-12.628000
-18.396999
-14.551000
-11.667000
-7.820500
-4.935900
-4.935900
-5.897400
0.833330
2.756400
-6.859000
-5.897400
-1.089700
-1.089700
-0.128210
-2.051300
-0.128210
0.833330
1.794900
-0.128210
-2.051300
0.833330
-3.974400
-9.743600
-3.974400
0.833330
4.679500
3.717900
5.641000
7.564100
11.410000
7.564100
0.833330
0.833330
1.794900
3.717900
8.525600
6.602600
1.794900
2.756400
6.602600
6.602600
4.679500
2.756400
3.717900
5.641000
8.525600
2.756400
-2.051300
-1.089700
-3.974400
-6.859000
-9.743600
-9.743600
-3.974400
-2.051300
-3.974400
-0.128210
3.717900
7.564100
13.333000
15.256000
5.641000
1.794900
5.641000
5.641000
4.679500
-3.012800
-10.705000
-13.590000
-11.667000
-15.513000
-20.320999
-17.436001
-10.705000
-4.935900
0.833330
6.602600
10.449000
10.449000
18.141001
16.218000
14.295000
18.141001
13.333000
11.410000
11.410000
7.564100
3.717900
-3.012800
-6.859000
-7.820500
-3.012800
-7.820500
-9.743600
-0.128210
3.717900
8.525600
9.487200
15.256000
18.141001
21.987000
14.295000
1.794900
-2.051300
-2.051300
-3.012800
1.794900
4.679500
2.756400
3.717900
6.602600
5.641000
8.525600
11.410000
14.295000
5.641000
1.794900
3.717900
-0.128210
-8.782100
-14.551000
-15.513000
-13.590000
-8.782100
-14.551000
-17.436001
-9.743600
0.833330
8.525600
9.487200
11.410000
11.410000
17.179001
12.372000
1.794900
-2.051300
-3.974400
-4.935900
-6.859000
-5.897400
-11.667000
-19.358999
-19.358999
-16.474001
-17.436001
-20.320999
-22.243999
-20.320999
-22.243999
-22.243999
-19.358999
-19.358999
-16.474001
-19.358999
-20.320999
-14.551000
-16.474001
-13.590000
-5.897400
-1.089700
5.641000
9.487200
17.179001
16.218000
14.295000
17.179001
12.372000
10.449000
13.333000
4.679500
-5.897400
-7.820500
-6.859000
-2.051300
1.794900
8.525600
14.295000
24.872000
27.756001
28.718000
32.563999
34.487000
26.795000
19.103001
15.256000
6.602600
1.794900
1.794900
0.833330
0.833330
8.525600
10.449000
12.372000
18.141001
23.910000
16.218000
10.449000
10.449000
5.641000
2.756400
0.833330
-2.051300
-0.128210
-5.897400
-10.705000
-6.859000
-3.012800
7.564100
1.794900
-2.051300
-2.051300
-0.128210
2.756400
6.602600
7.564100
1.794900
5.641000
1.794900
-7.820500
-8.782100
-8.782100
-6.859000
-6.859000
-9.743600
-10.705000
-6.859000
-14.551000
-20.320999
-16.474001
-14.551000
-6.859000
-1.089700
-4.935900
-3.012800
5.641000
5.641000
3.717900
4.679500
4.679500
1.794900
-0.128210
3.717900
5.641000
8.525600
4.679500
-4.935900
-9.743600
-6.859000
-4.935900
2.756400
-2.051300
-7.820500
-10.705000
-11.667000
-6.859000
-4.935900
-3.974400
-0.128210
1.794900
4.679500
1.794900
-1.089700
5.641000
6.602600
-2.051300
-9.743600
-11.667000
-17.436001
-20.320999
-24.167000
-23.205000
-13.590000
-12.628000
-11.667000
-4.935900
0.833330
5.641000
7.564100
10.449000
17.179001
10.449000
2.756400
0.833330
-1.089700
-8.782100
-8.782100
-9.743600
-18.396999
-18.396999
-15.513000
-14.551000
-8.782100
-1.089700
6.602600
10.449000
14.295000
14.295000
20.063999
22.948999
18.141001
20.063999
11.410000
3.717900
-0.128210
-3.974400
-9.743600
-13.590000
-16.474001
-20.320999
-19.358999
-9.743600
-6.859000
-8.782100
-2.051300
8.525600
18.141001
19.103001
23.910000
27.756001
22.948999
20.063999
20.063999
13.333000
9.487200
4.679500
0.833330
-1.089700
-7.820500
-12.628000
-10.705000
-4.935900
-2.051300
1.794900
6.602600
0.833330
-2.051300
3.717900
6.602600
11.410000
1.794900
-5.897400
-7.820500
-11.667000
-11.667000
-13.590000
-11.667000
-9.743600
-4.935900
-3.974400
-5.897400
0.833330
5.641000
9.487200
12.372000
12.372000
16.218000
14.295000
8.525600
5.641000
4.679500
2.756400
-3.012800
-3.012800
-7.820500
-12.628000
-11.667000
-8.782100
-4.935900
-7.820500
-3.012800
-7.820500
-12.628000
-6.859000
-2.051300
0.833330
0.833330
0.833330
7.564100
6.602600
1.794900
-0.128210
-3.012800
-6.859000
-7.820500
-9.743600
-3.974400
-3.974400
-5.897400
-0.128210
3.717900
15.256000
11.410000
9.487200
15.256000
19.103001
21.987000
19.103001
16.218000
12.372000
11.410000
3.717900
-9.743600
-10.705000
-5.897400
-3.012800
-1.089700
-1.089700
2.756400
5.641000
15.256000
14.295000
12.372000
11.410000
8.525600
4.679500
7.564100
0.833330
-2.051300
-3.974400
-3.012800
2.756400
4.679500
6.602600
11.410000
5.641000
2.756400
4.679500
7.564100
8.525600
10.449000
1.794900
-4.935900
-5.897400
-5.897400
-11.667000
-17.436001
-16.474001
-16.474001
-10.705000
-10.705000
-12.628000
-5.897400
6.602600
13.333000
18.141001
23.910000
20.063999
13.333000
11.410000
8.525600
3.717900
-2.051300
-6.859000
-20.320999
-32.820999
-35.705002
-35.705002
-34.743999
-32.820999
-26.090000
-22.243999
-23.205000
-16.474001
-4.935900
1.794900
9.487200
16.218000
17.179001
11.410000
13.333000
13.333000
11.410000
10.449000
7.564100
9.487200
-2.051300
-10.705000
-14.551000
-18.396999
-18.396999
-14.551000
-9.743600
-1.089700
-2.051300
-1.089700
8.525600
17.179001
16.218000
15.256000
16.218000
11.410000
5.641000
6.602600
7.564100
4.679500
-0.128210
1.794900
-4.935900
-9.743600
-5.897400
-6.859000
-8.782100
-11.667000
-4.935900
9.487200
11.410000
15.256000
23.910000
21.025999
21.025999
17.179001
9.487200
8.525600
4.679500
-2.051300
-3.974400
-1.089700
-0.128210
-2.051300
4.679500
10.449000
6.602600
6.602600
9.487200
9.487200
11.410000
9.487200
11.410000
13.333000
4.679500
-3.974400
-0.128210
2.756400
6.602600
8.525600
8.525600
5.641000
7.564100
-0.128210
-9.743600
-10.705000
-12.628000
-7.820500
-15.513000
-17.436001
-18.396999
-22.243999
-18.396999
-16.474001
-12.628000
-9.743600
-10.705000
-5.897400
-3.012800
4.679500
-0.128210
-2.051300
3.717900
2.756400
-0.128210
0.833330
-5.897400
-9.743600
-4.935900
-0.128210
1.794900
5.641000
0.833330
-5.897400
-0.128210
2.756400
1.794900
-1.089700
-1.089700
0.833330
2.756400
-0.128210
-6.859000
-11.667000
-11.667000
-10.705000
-7.820500
-4.935900
-5.897400
1.794900
3.717900
1.794900
5.641000
7.564100
8.525600
12.372000
12.372000
3.717900
-3.012800
-5.897400
-9.743600
-7.820500
-6.859000
-6.859000
-4.935900
4.679500
5.641000
-0.128210
-1.089700
5.641000
5.641000
4.679500
9.487200
4.679500
1.794900
6.602600
0.833330
0.833330
1.794900
6.602600
13.333000
12.372000
10.449000
5.641000
7.564100
6.602600
-0.128210
-0.128210
-4.935900
-7.820500
-6.859000
-3.974400
-3.974400
-0.128210
4.679500
6.602600
3.717900
2.756400
0.833330
3.717900
4.679500
6.602600
3.717900
2.756400
-1.089700
-7.820500
-10.705000
-8.782100
-9.743600
-5.897400
1.794900
-1.089700
-8.782100
-6.859000
-8.782100
-9.743600
-11.667000
-13.590000
-10.705000
-12.628000
-21.282000
-22.243999
-16.474001
-14.551000
-13.590000
-11.667000
-16.474001
-21.282000
-17.436001
-10.705000
-6.859000
-3.974400
0.833330
8.525600
11.410000
15.256000
21.025999
16.218000
12.372000
16.218000
14.295000
14.295000
16.218000
7.564100
-3.012800
-4.935900
-3.974400
4.679500
-3.012800
-12.628000
-5.897400
-3.012800
2.756400
8.525600
19.103001
16.218000
11.410000
10.449000
13.333000
15.256000
15.256000
15.256000
21.987000
21.987000
17.179001
15.256000
12.372000
10.449000
9.487200
10.449000
13.333000
3.717900
-3.012800
2.756400
3.717900
2.756400
7.564100
4.679500
-1.089700
-6.859000
-6.859000
-8.782100
-10.705000
-10.705000
-8.782100
-10.705000
-11.667000
-12.628000
-10.705000
-9.743600
-6.859000
0.833330
0.833330
-5.897400
-10.705000
-9.743600
-9.743600
-10.705000
-12.628000
-6.859000
-12.628000
