13.462000
12.174000
10.242000
10.886000
12.174000
7.020900
5.732700
4.444400
-0.064410
-1.352700
-5.861500
-3.929100
-3.285000
-7.793900
-6.505600
-14.235000
-12.303000
-11.014000
-11.014000
-9.726200
-6.505600
2.512100
-4.573300
1.223800
-0.064410
9.597400
10.242000
3.800300
5.732700
17.327000
6.376800
5.732700
9.597400
-1.996800
-4.573300
-5.217400
1.223800
1.223800
3.156200
5.088600
10.242000
18.615000
13.462000
13.462000
13.462000
6.376800
1.223800
3.800300
17.971001
2.512100
2.512100
11.530000
4.444400
8.309200
4.444400
4.444400
2.512100
1.868000
6.376800
0.579710
-6.505600
-1.996800
-10.370000
-7.793900
1.223800
-2.640900
1.868000
1.868000
-1.352700
-14.879000
-10.370000
-9.726200
-13.591000
-3.285000
-7.793900
-12.303000
-0.064410
-1.996800
10.886000
14.750000
15.395000
17.971001
23.124001
21.191999
12.174000
16.039000
7.020900
14.750000
10.242000
10.886000
5.732700
6.376800
8.309200
7.020900
-0.064410
-2.640900
-8.438000
-14.235000
-16.812000
-9.726200
-11.014000
-16.812000
-15.523000
-14.235000
-6.505600
-3.929100
-12.303000
-14.235000
-7.149800
-14.235000
-16.812000
-3.929100
-19.388000
-15.523000
-7.793900
-9.082100
-12.303000
-17.455999
-17.455999
-11.659000
-7.793900
-1.996800
-0.708530
3.800300
12.174000
12.818000
12.818000
4.444400
9.597400
12.818000
3.156200
5.088600
4.444400
-3.929100
1.868000
-9.082100
-8.438000
-3.285000
-5.217400
2.512100
-1.996800
-9.726200
-3.285000
-4.573300
-3.929100
-0.708530
0.579710
5.732700
5.088600
-2.640900
-4.573300
-6.505600
-17.455999
-18.100000
-14.235000
-17.455999
-16.812000
-17.455999
-18.100000
-10.370000
-10.370000
-7.149800
-5.861500
-7.793900
-5.217400
-5.217400
-7.149800
-1.352700
-4.573300
5.732700
5.732700
1.223800
-0.708530
1.223800
1.868000
-1.352700
5.732700
-7.149800
-10.370000
-3.929100
0.579710
0.579710
1.223800
12.818000
10.886000
1.868000
4.444400
4.444400
-0.708530
1.223800
-3.929100
-0.064410
-4.573300
0.579710
-1.996800
-5.861500
0.579710
-1.996800
-1.352700
-8.438000
-0.708530
-11.659000
-9.082100
1.868000
9.597400
8.953300
2.512100
11.530000
6.376800
12.818000
5.088600
8.953300
9.597400
8.953300
14.106000
11.530000
10.886000
14.106000
14.750000
8.309200
5.088600
3.800300
-1.352700
-4.573300
-5.861500
-0.064410
-5.861500
1.223800
1.223800
-4.573300
-8.438000
-8.438000
-7.149800
-9.082100
-3.285000
2.512100
4.444400
1.868000
-5.861500
-2.640900
-8.438000
-8.438000
-12.947000
-14.879000
-14.235000
-16.812000
-17.455999
-16.167000
-5.861500
-12.303000
-13.591000
-1.352700
-0.064410
1.223800
9.597400
10.886000
13.462000
16.039000
23.768000
17.971001
17.971001
19.903000
12.818000
11.530000
12.174000
6.376800
9.597400
4.444400
4.444400
3.156200
21.191999
4.444400
-4.573300
-3.285000
-14.235000
-14.879000
-23.896999
-12.303000
-4.573300
-0.064410
12.174000
10.886000
9.597400
10.242000
10.242000
7.665100
8.309200
-1.996800
5.732700
-1.352700
-3.285000
-1.996800
-1.996800
0.579710
1.223800
8.309200
6.376800
7.020900
10.886000
0.579710
7.665100
4.444400
-0.064410
-5.217400
0.579710
-5.861500
-9.726200
-5.861500
-6.505600
-10.370000
-9.726200
-5.217400
-6.505600
3.156200
4.444400
7.665100
3.156200
6.376800
8.309200
4.444400
1.868000
-3.929100
-6.505600
-7.793900
-5.217400
-5.861500
-0.064410
7.020900
5.088600
5.088600
1.868000
1.868000
-1.352700
-5.861500
-3.929100
-9.082100
2.512100
-6.505600
-9.726200
-5.861500
-5.861500
-7.149800
-1.996800
7.665100
2.512100
-16.812000
-18.743999
-9.082100
-7.793900
-5.217400
7.665100
13.462000
8.953300
19.903000
27.632999
21.191999
17.327000
12.174000
17.327000
16.683001
12.818000
12.818000
10.242000
7.665100
13.462000
1.223800
7.020900
12.818000
7.665100
3.800300
-2.640900
-1.352700
-8.438000
-15.523000
-12.947000
-29.049999
-35.491001
-31.625999
-41.287998
-30.982000
-22.608999
-13.591000
-5.861500
3.156200
-9.726200
-12.303000
-4.573300
-2.640900
3.800300
7.020900
4.444400
4.444400
14.106000
12.818000
7.665100
5.732700
0.579710
3.156200
5.088600
0.579710
10.886000
21.191999
16.683001
30.209000
25.056000
24.412001
26.989000
9.597400
11.530000
10.886000
6.376800
25.700001
21.191999
26.989000
29.565001
41.804001
31.497999
20.548000
25.056000
22.480000
21.191999
13.462000
10.242000
-2.640900
-0.708530
0.579710
0.579710
1.223800
7.020900
-5.861500
-16.167000
-15.523000
-13.591000
-15.523000
0.579710
5.088600
14.106000
12.818000
12.818000
14.106000
25.056000
21.191999
15.395000
1.223800
-2.640900
-8.438000
-4.573300
-14.235000
-8.438000
-7.149800
-16.812000
-18.100000
-3.285000
-20.032000
-25.184999
-12.303000
-11.014000
-9.726200
-9.726200
-14.879000
-3.285000
-12.947000
-13.591000
-12.947000
-10.370000
-15.523000
-7.149800
-1.996800
-4.573300
2.512100
13.462000
7.665100
1.868000
2.512100
-10.370000
-11.014000
-5.217400
2.512100
-4.573300
-8.438000
-8.438000
-11.659000
8.309200
-9.082100
0.579710
16.683001
4.444400
5.732700
-2.640900
-5.217400
9.597400
4.444400
3.800300
4.444400
-0.064410
-0.064410
-6.505600
-8.438000
-10.370000
-12.303000
-14.235000
-20.676001
-15.523000
-21.965000
-14.235000
-1.996800
-4.573300
7.020900
1.223800
3.156200
11.530000
12.818000
4.444400
5.732700
5.088600
3.156200
1.868000
12.174000
12.174000
3.800300
6.376800
7.665100
10.886000
17.971001
10.886000
5.732700
9.597400
8.309200
12.818000
10.886000
9.597400
3.800300
8.953300
0.579710
1.223800
1.868000
-2.640900
-4.573300
3.156200
7.020900
-0.708530
4.444400
0.579710
-3.285000
-7.149800
0.579710
-11.659000
-11.659000
-3.285000
-10.370000
-7.149800
-5.861500
-5.861500
-6.505600
-14.235000
-17.455999
-18.743999
-14.879000
-12.947000
-13.591000
-8.438000
4.444400
8.309200
7.665100
9.597400
5.088600
3.800300
4.444400
5.088600
7.020900
7.665100
15.395000
7.665100
11.530000
5.088600
10.242000
6.376800
-7.149800
-3.929100
-9.082100
3.156200
5.088600
-5.861500
-5.217400
0.579710
-0.064410
8.309200
8.309200
1.868000
7.665100
-0.708530
-9.726200
9.597400
3.156200
2.512100
15.395000
15.395000
14.106000
5.088600
10.242000
4.444400
5.088600
3.156200
6.376800
10.242000
9.597400
1.868000
5.732700
1.868000
-3.285000
0.579710
-1.352700
0.579710
-3.285000
-7.149800
-4.573300
3.156200
-0.064410
8.309200
-0.064410
-1.996800
0.579710
0.579710
-5.217400
10.242000
13.462000
5.088600
4.444400
6.376800
1.868000
5.088600
6.376800
3.800300
6.376800
4.444400
0.579710
1.868000
-9.082100
-9.726200
-11.014000
-7.793900
-11.014000
-3.285000
-7.149800
-12.303000
-11.659000
-16.167000
-12.303000
-18.100000
-17.455999
-13.591000
-16.167000
-15.523000
-14.879000
-12.303000
3.156200
4.444400
9.597400
7.665100
4.444400
-5.861500
-2.640900
-2.640900
-8.438000
-1.352700
-10.370000
-9.726200
-5.861500
-0.064410
-10.370000
-7.149800
-1.996800
-5.217400
-3.929100
-0.708530
-4.573300
-2.640900
6.376800
8.309200
6.376800
3.800300
10.242000
9.597400
10.886000
6.376800
4.444400
1.868000
-0.064410
-3.285000
1.868000
2.512100
5.088600
8.309200
10.886000
14.750000
17.327000
10.886000
8.953300
7.665100
7.020900
-6.505600
-4.573300
1.223800
2.512100
-3.929100
6.376800
-0.064410
-7.149800
-7.793900
1.223800
1.868000
-0.064410
-2.640900
-3.929100
-4.573300
-12.303000
-9.082100
-10.370000
-7.149800
-6.505600
-14.235000
-8.438000
-23.253000
-14.235000
-9.726200
-14.235000
-1.352700
6.376800
12.174000
-2.640900
-7.793900
-0.708530
-5.217400
-6.505600
-1.352700
4.444400
3.156200
-7.149800
1.223800
-9.726200
-14.879000
-5.217400
-16.167000
-9.726200
-9.726200
-13.591000
-6.505600
-4.573300
0.579710
-0.064410
-0.708530
4.444400
3.800300
7.020900
10.886000
8.953300
7.020900
14.750000
3.156200
0.579710
3.800300
-0.708530
-4.573300
-3.929100
1.868000
-4.573300
-0.064410
5.732700
5.088600
8.953300
11.530000
17.327000
-0.064410
-2.640900
5.732700
2.512100
-0.708530
7.665100
1.868000
3.800300
-3.929100
-3.929100
-2.640900
-7.793900
-3.929100
-7.793900
-6.505600
-7.793900
-3.929100
-5.217400
-10.370000
-7.149800
-5.861500
2.512100
3.156200
-1.352700
6.376800
-1.352700
3.156200
7.020900
0.579710
-2.640900
0.579710
-4.573300
-9.082100
-7.793900
-1.996800
-14.235000
-12.303000
-2.640900
-11.659000
-7.793900
-7.793900
3.800300
-2.640900
4.444400
11.530000
2.512100
10.886000
11.530000
2.512100
0.579710
-1.996800
-11.659000
-13.591000
-12.303000
-16.167000
-10.370000
-19.388000
-17.455999
-7.793900
-4.573300
-8.438000
-6.505600
8.309200
2.512100
7.020900
7.020900
6.376800
7.020900
7.665100
10.886000
20.548000
8.309200
9.597400
8.953300
9.597400
3.156200
5.088600
5.732700
6.376800
8.309200
2.512100
-0.064410
7.020900
12.818000
5.088600
5.088600
7.020900
0.579710
4.444400
5.732700
-1.996800
-4.573300
-3.929100
-4.573300
0.579710
-0.708530
7.020900
9.597400
10.242000
10.242000
5.732700
-0.064410
8.309200
8.953300
8.953300
1.223800
1.223800
-1.352700
-3.929100
3.156200
-2.640900
7.020900
-1.996800
-1.352700
5.732700
-0.708530
-5.217400
-1.352700
-0.064410
-5.861500
-7.793900
-6.505600
-5.217400
0.579710
1.868000
-7.793900
-1.352700
2.512100
-2.640900
-3.929100
3.800300
4.444400
3.800300
3.156200
6.376800
9.597400
3.800300
4.444400
14.106000
16.039000
17.971001
16.039000
19.903000
10.886000
9.597400
7.665100
3.800300
-8.438000
-6.505600
3.800300
-9.726200
-14.235000
-4.573300
-18.743999
-18.743999
-11.014000
-11.659000
-11.659000
-9.726200
-8.438000
-14.879000
-16.167000
-20.676001
-19.388000
-17.455999
-9.726200
-0.064410
-12.947000
-12.303000
-11.659000
-12.303000
-2.640900
-3.929100
5.088600
-1.352700
-0.708530
-0.708530
-1.352700
-0.708530
3.156200
5.732700
5.732700
3.800300
7.020900
8.953300
8.309200
0.579710
3.156200
6.376800
3.800300
7.020900
10.886000
6.376800
3.156200
2.512100
-1.996800
5.732700
1.868000
-4.573300
3.156200
3.800300
10.242000
8.953300
3.156200
2.512100
4.444400
-1.352700
-0.064410
7.020900
0.579710
-5.861500
1.868000
-9.726200
-7.149800
-3.929100
-9.082100
-1.996800
-7.793900
-7.149800
-7.149800
-3.285000
-7.793900
-10.370000
-5.861500
-8.438000
-5.861500
-8.438000
-5.861500
-0.708530
-3.929100
0.579710
0.579710
-0.708530
-0.064410
1.223800
7.020900
3.156200
3.156200
12.174000
9.597400
1.868000
3.800300
5.088600
5.088600
2.512100
3.156200
-0.064410
-0.708530
-0.708530
3.156200
-4.573300
-11.014000
