29.702999
25.743000
26.403000
9.901000
7.260700
1.320100
-6.600700
-8.580900
-15.182000
-12.541000
-9.240900
-3.300300
-0.660070
2.640300
1.980200
-4.620500
-11.221000
-15.182000
-19.142000
-19.802000
-23.761999
-15.182000
-5.940600
4.620500
14.521000
20.462000
22.441999
17.162001
15.842000
12.541000
9.240900
4.620500
3.300300
-6.600700
-7.260700
-10.561000
1.980200
1.320100
6.600700
7.920800
11.221000
16.502001
13.861000
15.842000
7.260700
5.940600
2.640300
2.640300
5.940600
3.300300
-6.600700
1.980200
-3.960400
-3.300300
-3.300300
3.960400
1.980200
2.640300
10.561000
2.640300
-5.940600
-1.980200
-1.320100
1.980200
7.260700
7.260700
8.580900
5.280500
4.620500
-9.901000
-5.940600
-7.920800
-7.920800
7.260700
9.901000
7.920800
7.920800
5.940600
5.280500
11.221000
8.580900
17.162001
11.881000
15.182000
5.940600
10.561000
7.260700
10.561000
23.101999
21.122000
23.761999
15.842000
8.580900
14.521000
11.881000
5.280500
3.300300
-4.620500
3.300300
1.320100
3.960400
-2.640300
-9.901000
-13.201000
-17.822001
-15.182000
-22.441999
-25.743000
-19.802000
-25.743000
-23.101999
-23.761999
-30.363001
-28.382999
-34.323002
-26.403000
-34.323002
-27.723000
-22.441999
-22.441999
-11.221000
-3.960400
10.561000
13.201000
17.822001
19.802000
17.822001
13.201000
16.502001
14.521000
12.541000
9.901000
15.842000
12.541000
10.561000
13.861000
13.201000
7.260700
11.221000
14.521000
6.600700
-1.320100
-12.541000
-18.482000
-23.101999
-12.541000
-10.561000
0.000000
-1.320100
-4.620500
-3.300300
-11.221000
-17.162001
-11.881000
-9.240900
-1.320100
-4.620500
-3.960400
1.320100
4.620500
0.660070
-7.920800
-9.901000
-25.743000
-25.083000
-23.761999
-23.101999
-13.861000
-13.201000
-1.980200
4.620500
5.940600
5.940600
6.600700
2.640300
3.960400
3.960400
4.620500
-2.640300
5.940600
0.000000
-3.300300
-5.940600
-1.320100
-1.980200
1.980200
0.660070
7.920800
5.280500
8.580900
3.960400
2.640300
8.580900
5.940600
9.901000
3.300300
9.240900
11.881000
8.580900
9.901000
4.620500
4.620500
9.901000
1.980200
-1.320100
1.980200
-2.640300
0.660070
-1.320100
4.620500
-1.320100
7.260700
5.280500
5.940600
11.221000
6.600700
7.920800
2.640300
-1.320100
-4.620500
-7.260700
-3.300300
-6.600700
-7.920800
-6.600700
-10.561000
-5.280500
-16.502001
-15.182000
-19.142000
-13.201000
-10.561000
-7.260700
-2.640300
0.660070
1.980200
3.300300
4.620500
-2.640300
-1.320100
-6.600700
-9.240900
-23.101999
-21.782000
-25.083000
-21.782000
-26.403000
-20.462000
-14.521000
-9.240900
-7.920800
3.960400
9.240900
15.842000
17.162001
15.182000
23.761999
25.743000
28.382999
26.403000
30.363001
25.743000
25.743000
27.723000
26.403000
21.122000
28.382999
23.101999
25.083000
28.382999
26.403000
26.403000
17.822001
13.861000
-1.980200
-4.620500
-11.881000
-9.240900
1.320100
-0.660070
5.940600
-0.660070
-3.300300
-1.320100
-3.300300
-6.600700
-10.561000
-13.201000
-16.502001
-25.743000
-23.101999
-25.083000
-17.822001
-15.842000
-15.182000
-3.960400
1.320100
7.920800
1.980200
0.660070
5.280500
11.221000
17.162001
20.462000
20.462000
23.101999
15.182000
9.240900
2.640300
1.320100
-5.280500
-6.600700
-6.600700
-4.620500
-3.300300
-3.300300
-7.920800
-8.580900
-11.881000
-19.802000
-23.101999
-31.683001
-33.002998
-40.924000
-36.304001
-27.063000
-24.422001
-19.802000
-13.861000
-7.260700
-5.940600
-5.940600
-11.221000
-16.502001
-14.521000
-11.221000
-11.221000
-11.221000
-17.162001
-16.502001
-11.221000
-6.600700
7.260700
15.182000
13.861000
12.541000
12.541000
19.802000
15.842000
9.901000
1.980200
-5.280500
-0.660070
3.300300
19.142000
13.861000
5.940600
0.660070
-3.960400
1.320100
-0.660070
4.620500
0.660070
5.940600
5.280500
4.620500
4.620500
8.580900
7.260700
5.280500
-0.660070
-3.960400
-13.861000
-17.162001
-18.482000
-27.723000
-25.743000
-30.363001
-32.342999
-26.403000
-14.521000
-3.300300
3.960400
7.260700
5.940600
7.260700
17.162001
7.920800
7.920800
13.201000
17.822001
23.761999
21.782000
20.462000
21.782000
17.822001
19.142000
13.861000
17.822001
15.842000
9.901000
21.782000
25.743000
34.983002
33.662998
31.023001
29.042999
19.802000
11.221000
12.541000
23.761999
31.683001
33.002998
29.702999
29.042999
27.723000
21.122000
15.842000
15.842000
8.580900
9.901000
1.980200
-7.920800
-7.260700
-7.260700
1.320100
1.320100
8.580900
1.320100
-2.640300
-3.300300
-4.620500
3.300300
5.280500
-2.640300
-3.300300
-13.201000
-12.541000
-5.280500
2.640300
14.521000
10.561000
2.640300
-0.660070
-8.580900
-12.541000
-13.861000
-25.083000
-33.002998
-34.323002
-25.743000
-26.403000
-15.182000
-12.541000
-11.221000
-6.600700
0.660070
-6.600700
-9.901000
-4.620500
-3.960400
-6.600700
-14.521000
-13.861000
-13.201000
-3.960400
-7.260700
1.320100
3.960400
7.920800
13.861000
10.561000
7.920800
0.660070
-11.221000
-5.280500
-7.260700
-3.960400
-1.320100
-6.600700
-4.620500
-4.620500
2.640300
9.901000
14.521000
19.142000
22.441999
23.101999
22.441999
33.662998
31.683001
23.101999
21.782000
15.842000
9.240900
-2.640300
-11.881000
-28.382999
-41.584000
-43.563999
-42.903999
-36.964001
-28.382999
-23.101999
-12.541000
-3.300300
1.320100
-9.240900
-13.201000
-10.561000
-9.901000
-8.580900
-5.280500
-9.901000
-3.960400
-1.980200
10.561000
11.881000
17.162001
28.382999
22.441999
25.083000
27.063000
21.122000
19.142000
17.162001
13.201000
24.422001
23.761999
25.743000
18.482000
8.580900
3.300300
0.000000
-12.541000
-21.782000
-26.403000
-24.422001
-9.901000
-5.940600
-6.600700
-9.240900
-13.861000
-15.842000
-17.162001
-30.363001
-28.382999
-24.422001
-24.422001
-17.822001
-10.561000
-1.980200
0.000000
-1.320100
-9.901000
-17.162001
-17.822001
-15.182000
-7.260700
2.640300
6.600700
15.182000
14.521000
18.482000
17.822001
22.441999
21.122000
19.802000
17.162001
19.802000
18.482000
19.802000
17.822001
12.541000
16.502001
3.960400
0.660070
-0.660070
-5.280500
-0.660070
4.620500
5.280500
3.960400
0.000000
-1.320100
-2.640300
1.320100
0.000000
-3.960400
-5.280500
-6.600700
-1.320100
-0.660070
3.960400
5.280500
7.920800
9.901000
10.561000
1.320100
-1.320100
-3.960400
-8.580900
-13.861000
-7.920800
-0.660070
-2.640300
-4.620500
0.000000
-1.980200
-5.280500
-3.960400
-2.640300
1.320100
2.640300
0.000000
1.980200
7.260700
10.561000
6.600700
-1.320100
-5.280500
7.920800
0.660070
-1.980200
2.640300
13.201000
3.960400
6.600700
9.901000
9.901000
7.260700
1.980200
2.640300
-1.320100
-3.300300
-9.240900
-4.620500
-7.260700
-12.541000
-16.502001
-15.182000
-19.142000
-12.541000
-11.881000
-12.541000
-15.182000
-12.541000
-13.861000
-11.221000
-5.940600
-5.280500
-3.960400
-1.320100
0.660070
4.620500
11.881000
6.600700
5.280500
-3.960400
-3.300300
-11.221000
-17.822001
-17.162001
-19.802000
-13.861000
-13.861000
-13.861000
-9.901000
-7.260700
-5.280500
4.620500
5.280500
8.580900
7.920800
10.561000
11.221000
8.580900
10.561000
7.920800
11.881000
9.901000
10.561000
5.280500
2.640300
0.000000
2.640300
-4.620500
1.980200
4.620500
11.221000
15.842000
19.142000
16.502001
15.182000
16.502001
19.802000
17.162001
19.802000
15.182000
12.541000
6.600700
-1.980200
-1.980200
-5.280500
-5.280500
-15.842000
-11.881000
-12.541000
-13.201000
-11.221000
-14.521000
-12.541000
-12.541000
-17.162001
-17.162001
-16.502001
-14.521000
-15.842000
-15.182000
-9.240900
-9.901000
5.280500
7.920800
8.580900
10.561000
11.881000
20.462000
22.441999
15.842000
9.240900
-1.980200
-1.980200
-1.320100
-7.260700
3.300300
1.980200
5.280500
-0.660070
0.660070
-5.280500
-7.920800
-2.640300
-3.960400
-5.280500
-0.660070
-1.980200
1.320100
-0.660070
-7.920800
-7.920800
-13.861000
-2.640300
-0.660070
8.580900
11.221000
9.901000
6.600700
4.620500
2.640300
3.300300
-1.980200
-7.260700
-11.881000
-13.201000
-10.561000
-11.221000
-5.940600
-2.640300
2.640300
4.620500
4.620500
1.980200
0.660070
-1.980200
-3.300300
-3.960400
2.640300
1.980200
-1.320100
-2.640300
-7.260700
-2.640300
-3.960400
-1.320100
6.600700
5.280500
-1.320100
-3.300300
3.300300
-1.980200
-6.600700
-6.600700
-11.881000
-12.541000
-7.260700
-6.600700
-0.660070
1.320100
15.842000
9.240900
5.940600
3.960400
3.300300
0.660070
-3.960400
-3.300300
-1.980200
5.280500
11.221000
15.182000
13.861000
1.980200
-6.600700
-7.920800
-7.920800
-3.960400
-0.660070
5.280500
5.940600
5.280500
7.260700
10.561000
0.000000
-8.580900
-9.901000
-15.182000
-16.502001
-17.822001
-19.802000
-17.822001
-7.920800
-7.260700
-1.980200
-4.620500
-5.280500
-5.280500
-2.640300
1.320100
1.980200
1.320100
1.320100
2.640300
7.260700
8.580900
9.240900
8.580900
7.260700
7.260700
2.640300
4.620500
2.640300
3.960400
-3.960400
-1.980200
-1.980200
-1.320100
4.620500
7.260700
11.221000
8.580900
10.561000
4.620500
-1.980200
-6.600700
2.640300
-0.660070
2.640300
7.260700
11.881000
11.881000
5.280500
1.980200
-0.660070
0.000000
6.600700
5.280500
0.660070
3.300300
-0.660070
-1.320100
-1.320100
1.980200
-1.980200
-3.960400
-3.300300
1.320100
7.260700
6.600700
3.300300
-1.320100
-0.660070
0.000000
-2.640300
-0.660070
9.240900
17.822001
21.782000
19.802000
22.441999
12.541000
6.600700
13.861000
9.901000
9.901000
10.561000
7.920800
4.620500
3.300300
-3.960400
-1.980200
0.660070
8.580900
4.620500
3.960400
3.960400
4.620500
1.320100
-3.300300
-3.300300
-6.600700
-10.561000
-5.940600
-5.940600
-8.580900
-3.300300
-17.822001
-12.541000
-8.580900
-6.600700
-9.901000
-13.201000
-16.502001
-26.403000
-28.382999
-34.983002
-30.363001
-19.802000
-10.561000
-3.300300
-3.300300
-9.901000
-11.881000
-11.221000
-6.600700
-7.920800
1.980200
-3.960400
0.660070
5.940600
3.960400
9.901000
17.162001
19.802000
17.822001
16.502001
18.482000
11.881000
3.300300
6.600700
1.980200
4.620500
-1.980200
2.640300
2.640300
0.000000
1.980200
-3.300300
-3.960400
-6.600700
-15.182000
-17.822001
-5.940600
-6.600700
-5.280500
-4.620500
-5.280500
-7.260700
0.660070
-2.640300
-2.640300
-1.320100
-7.260700
-6.600700
-9.901000
-9.901000
-9.240900
-6.600700
-3.300300
-7.260700
-7.920800
-3.300300
-4.620500
-1.980200
-7.260700
-9.240900
-13.861000
-13.201000
-7.260700
-3.960400
-0.660070
7.920800
5.280500
2.640300
0.660070
-3.300300
4.620500
5.280500
7.920800
7.260700
12.541000
12.541000
7.260700
9.901000
7.920800
7.260700
3.300300
0.660070
0.660070
-7.260700
-9.901000
-5.280500
-3.960400
2.640300
-3.960400
