-5.687200
-12.006000
-13.270000
-16.430000
-14.534000
-13.270000
-13.902000
-12.638000
-12.006000
-5.055300
-3.159600
-3.159600
-1.895700
0.000000
2.527600
4.423400
5.055300
0.000000
-3.791500
-3.159600
-5.687200
-3.791500
-0.631910
-1.895700
-1.263800
-1.263800
0.000000
0.000000
1.895700
2.527600
4.423400
7.582900
7.582900
8.214800
14.534000
15.166000
18.957001
12.006000
5.687200
2.527600
1.895700
3.159600
-1.895700
-1.895700
-2.527600
-4.423400
-8.214800
-8.214800
-6.951000
-10.742000
-13.902000
-8.214800
-5.687200
-3.159600
-4.423400
-2.527600
-1.263800
-1.263800
-4.423400
-7.582900
-8.846800
-8.846800
-13.902000
-19.589001
-23.381001
-24.013000
-18.957001
-17.062000
-17.062000
-18.325001
-19.589001
-17.062000
-12.006000
1.895700
8.846800
13.902000
17.062000
16.430000
20.221001
23.381001
23.381001
25.908001
22.749001
22.749001
22.117001
25.908001
26.540001
24.013000
24.645000
20.221001
18.325001
12.638000
6.951000
1.895700
-3.791500
-1.263800
0.000000
0.000000
5.055300
7.582900
12.006000
15.798000
12.638000
4.423400
-3.791500
-3.791500
-5.055300
-8.214800
-6.951000
-12.006000
-12.638000
-13.270000
-12.638000
-8.846800
-8.846800
-6.319100
-4.423400
-0.631910
1.263800
3.791500
6.951000
1.895700
-1.263800
0.000000
-1.263800
-3.791500
-1.263800
1.263800
2.527600
-0.631910
-4.423400
-3.791500
-3.791500
-7.582900
-7.582900
-5.055300
-1.895700
-3.159600
5.055300
13.902000
12.638000
5.055300
2.527600
-2.527600
-8.846800
-12.006000
-16.430000
-17.062000
-19.589001
-16.430000
-12.638000
-15.166000
-12.006000
-9.478700
-8.846800
-8.846800
-8.846800
-6.319100
-5.055300
-0.631910
-1.895700
-3.159600
-7.582900
-10.742000
-6.319100
-8.846800
-9.478700
-4.423400
-3.791500
0.631910
-0.631910
-3.791500
-1.263800
1.263800
3.159600
8.214800
13.902000
18.957001
22.117001
22.749001
15.166000
17.062000
13.902000
8.846800
3.159600
5.687200
4.423400
6.951000
7.582900
9.478700
9.478700
12.006000
14.534000
11.374000
7.582900
4.423400
1.263800
0.631910
-1.263800
-0.631910
-0.631910
3.159600
6.319100
3.159600
0.631910
-2.527600
-2.527600
0.631910
0.000000
1.263800
0.631910
8.846800
5.687200
3.791500
0.000000
-6.951000
-6.951000
-5.687200
-3.159600
-4.423400
-4.423400
-1.263800
1.895700
5.055300
1.263800
-1.263800
-2.527600
-7.582900
-8.214800
-8.846800
-6.951000
-4.423400
-4.423400
0.631910
3.159600
5.055300
8.214800
5.055300
0.631910
2.527600
7.582900
9.478700
6.951000
12.638000
13.902000
12.006000
4.423400
-1.263800
-5.055300
-7.582900
-9.478700
-4.423400
-0.631910
1.895700
-2.527600
-5.055300
-1.263800
-2.527600
-1.895700
2.527600
3.159600
0.000000
5.055300
8.846800
6.319100
5.687200
9.478700
6.951000
3.159600
2.527600
1.263800
3.159600
5.687200
2.527600
-5.055300
-4.423400
-8.214800
-4.423400
5.687200
3.159600
2.527600
-1.263800
-6.951000
-5.055300
-3.791500
-1.895700
-3.791500
-2.527600
-1.895700
-3.791500
-4.423400
-6.319100
-4.423400
-3.159600
-7.582900
-7.582900
-5.687200
-4.423400
-1.895700
-2.527600
1.895700
3.791500
3.791500
6.319100
8.846800
7.582900
3.791500
-1.263800
1.895700
0.000000
-3.791500
-4.423400
-8.214800
-10.111000
-11.374000
-13.902000
-17.694000
-13.270000
-10.742000
-8.846800
-8.214800
-7.582900
-8.846800
-16.430000
-17.694000
-18.325001
-20.221001
-14.534000
-15.166000
-13.270000
-12.006000
-11.374000
-9.478700
-9.478700
-6.319100
-3.159600
3.159600
11.374000
16.430000
18.325001
17.694000
14.534000
20.221001
22.749001
22.117001
20.221001
17.062000
18.325001
18.325001
11.374000
0.631910
-1.263800
-3.159600
-5.055300
-0.631910
-1.263800
-1.263800
0.000000
-3.791500
-7.582900
-12.006000
-11.374000
-13.902000
-11.374000
-7.582900
-4.423400
-1.263800
-1.895700
1.895700
6.319100
8.846800
13.270000
12.006000
13.902000
15.798000
12.638000
6.951000
-5.055300
-6.951000
-5.055300
-2.527600
3.791500
5.687200
9.478700
10.111000
10.111000
13.270000
5.687200
5.687200
8.214800
6.319100
12.006000
18.957001
15.798000
17.694000
15.166000
16.430000
11.374000
15.166000
13.270000
10.111000
13.902000
12.638000
8.846800
6.951000
2.527600
-3.791500
-4.423400
-1.263800
-1.895700
1.263800
0.631910
-1.895700
-3.791500
-11.374000
-17.694000
-22.117001
-22.117001
-20.853001
-22.749001
-22.749001
-21.485001
-24.013000
-20.221001
-15.798000
-8.846800
-10.111000
-6.319100
-3.791500
2.527600
10.742000
15.798000
13.902000
7.582900
3.159600
-3.159600
-8.214800
-10.111000
-12.006000
-12.006000
-8.214800
-6.951000
-9.478700
-3.791500
-3.791500
-5.687200
-5.055300
-5.055300
-6.319100
-3.791500
-3.159600
-8.214800
-8.214800
-4.423400
0.000000
-0.631910
-1.263800
-5.687200
-10.742000
-15.798000
-12.638000
-10.742000
-8.846800
-0.631910
4.423400
12.006000
15.798000
15.798000
10.111000
8.846800
9.478700
5.687200
4.423400
0.000000
-2.527600
-1.895700
-5.687200
-5.055300
-5.687200
-10.111000
-10.111000
-10.111000
-6.951000
1.263800
3.791500
10.111000
13.902000
17.062000
21.485001
26.540001
27.804001
23.381001
17.062000
11.374000
10.742000
8.214800
2.527600
0.000000
-5.687200
-6.951000
-12.006000
-12.638000
-9.478700
-9.478700
-3.159600
1.263800
1.895700
-2.527600
-8.846800
-13.902000
-18.957001
-18.325001
-14.534000
-11.374000
-3.791500
-2.527600
1.263800
1.895700
-1.263800
3.791500
6.319100
7.582900
12.638000
15.166000
20.221001
18.957001
18.325001
21.485001
17.694000
17.694000
13.902000
9.478700
6.951000
4.423400
-2.527600
-7.582900
-5.687200
-6.951000
-4.423400
-2.527600
-1.263800
5.055300
5.687200
8.214800
11.374000
9.478700
11.374000
8.214800
6.319100
4.423400
-0.631910
-4.423400
-4.423400
-3.791500
1.263800
3.791500
1.263800
-0.631910
-1.895700
1.263800
3.791500
8.846800
9.478700
6.319100
5.687200
3.791500
3.159600
1.263800
-5.687200
-6.319100
-8.214800
-8.214800
-6.951000
-8.846800
-5.055300
-6.319100
-4.423400
-1.263800
-0.631910
0.000000
2.527600
1.895700
-6.951000
-13.902000
-17.694000
-24.013000
-21.485001
-16.430000
-15.166000
-13.270000
-4.423400
3.159600
6.951000
10.111000
12.638000
13.902000
8.846800
4.423400
1.263800
0.631910
-1.263800
-5.055300
-6.319100
-5.687200
-5.687200
-1.895700
3.159600
6.951000
6.951000
8.846800
13.902000
13.902000
11.374000
12.638000
13.270000
13.902000
11.374000
11.374000
14.534000
10.111000
8.846800
8.214800
2.527600
-3.159600
-6.319100
-8.846800
-14.534000
-13.270000
-10.111000
-10.111000
-11.374000
-14.534000
-13.270000
-16.430000
-18.325001
-17.062000
-17.062000
-14.534000
-13.270000
-13.270000
-12.638000
-17.694000
-14.534000
-17.694000
-13.902000
-9.478700
-6.951000
-3.159600
0.631910
3.159600
3.159600
0.631910
1.895700
4.423400
6.951000
6.319100
5.055300
10.111000
8.214800
5.687200
1.263800
-3.159600
-0.631910
0.000000
1.263800
2.527600
5.687200
8.214800
6.951000
7.582900
7.582900
2.527600
0.631910
-0.631910
0.000000
-2.527600
-5.687200
-4.423400
-1.263800
-1.263800
-0.631910
2.527600
2.527600
0.631910
-1.263800
-3.791500
-8.214800
-5.687200
-1.895700
5.687200
12.006000
17.694000
13.270000
11.374000
8.846800
5.055300
0.631910
1.895700
0.000000
1.895700
0.000000
-1.895700
-0.631910
-1.895700
-4.423400
-1.263800
1.263800
-1.263800
-4.423400
-4.423400
-5.055300
-1.895700
-5.055300
-6.951000
0.631910
3.159600
2.527600
1.895700
3.159600
5.687200
3.791500
6.319100
6.951000
6.951000
6.951000
5.055300
8.846800
10.111000
5.055300
6.319100
3.791500
5.055300
7.582900
12.006000
21.485001
25.275999
24.013000
22.117001
22.117001
16.430000
13.902000
19.589001
18.957001
15.166000
14.534000
10.111000
10.742000
2.527600
-3.791500
-10.742000
-18.325001
-20.853001
-25.908001
-29.068001
-27.804001
-27.804001
-24.013000
-20.853001
-21.485001
-19.589001
-17.062000
-13.270000
-10.742000
-10.111000
-12.006000
-12.006000
-12.006000
-13.270000
-13.270000
-12.006000
-7.582900
-4.423400
-5.055300
-2.527600
-1.895700
0.631910
6.319100
3.159600
1.895700
1.895700
1.263800
1.263800
3.791500
10.742000
15.166000
18.325001
15.166000
8.214800
2.527600
-9.478700
-17.694000
-15.166000
-10.111000
-12.006000
-13.270000
-10.111000
-4.423400
-3.159600
-0.631910
0.000000
3.791500
6.951000
8.846800
9.478700
10.111000
12.638000
12.006000
15.166000
15.166000
13.902000
14.534000
9.478700
7.582900
5.687200
3.791500
0.631910
-6.319100
-6.319100
-4.423400
-1.263800
5.687200
8.846800
5.687200
5.055300
7.582900
6.951000
4.423400
3.791500
1.895700
-1.263800
-0.631910
-5.055300
-6.319100
-3.159600
-0.631910
1.895700
2.527600
4.423400
1.263800
0.000000
1.895700
2.527600
7.582900
6.951000
8.846800
5.055300
1.263800
-5.687200
-9.478700
-8.846800
-10.111000
-8.846800
-7.582900
-6.319100
-3.791500
-1.263800
-3.159600
-3.159600
-3.159600
-2.527600
-1.263800
-1.895700
-4.423400
-6.319100
-3.791500
-1.263800
0.000000
-3.159600
-6.951000
-8.846800
-12.638000
-14.534000
-12.006000
-10.742000
-7.582900
-6.951000
-5.055300
-1.263800
4.423400
9.478700
9.478700
11.374000
10.111000
11.374000
15.166000
10.111000
8.214800
8.214800
5.687200
0.631910
-6.319100
-15.166000
-23.381001
-21.485001
-13.902000
0.000000
10.111000
13.270000
13.902000
12.638000
11.374000
15.166000
12.638000
10.111000
9.478700
6.951000
5.055300
3.791500
4.423400
3.791500
1.263800
0.631910
-2.527600
1.263800
5.055300
6.319100
5.687200
3.791500
5.055300
4.423400
1.895700
6.319100
3.791500
1.895700
7.582900
2.527600
2.527600
3.791500
-0.631910
-1.895700
-4.423400
-3.159600
-5.055300
-3.159600
-6.319100
-8.846800
-12.006000
-13.902000
-11.374000
-4.423400
-0.631910
1.895700
3.791500
6.319100
5.687200
10.111000
2.527600
0.000000
5.687200
1.895700
-0.631910
-2.527600
-3.791500
-5.055300
-6.319100
-5.055300
-4.423400
-4.423400
-2.527600
-3.791500
-2.527600
-1.895700
-0.631910
-1.263800
-2.527600
-2.527600
-5.055300
-6.319100
-7.582900
-12.006000
-16.430000
-15.166000
-14.534000
-14.534000
-11.374000
-10.742000
-6.951000
-2.527600
0.000000
0.000000
-1.895700
-4.423400
-1.263800
-6.319100
-6.951000
-6.951000
-6.951000
-4.423400
-6.951000
-4.423400
-2.527600
-2.527600
0.631910
-1.263800
-2.527600
-5.055300
-6.319100
-6.319100
3.159600
13.902000
16.430000
17.062000
19.589001
15.798000
16.430000
17.062000
15.798000
14.534000
13.902000
14.534000
10.742000
3.791500
1.263800
-1.263800
-1.263800
-1.263800
1.263800
5.055300
0.000000
0.631910
3.791500
4.423400
5.055300
2.527600
