8.205100
1.794900
-2.692300
-10.385000
-13.590000
-16.153999
-14.231000
-13.590000
-15.513000
-10.385000
-7.820500
-9.102600
-7.179500
-3.974400
2.435900
6.282100
7.564100
9.487200
0.512820
3.717900
2.435900
5.641000
7.564100
6.923100
7.564100
2.435900
1.794900
-0.128210
2.435900
5.000000
3.076900
3.076900
3.076900
2.435900
8.846200
6.282100
11.410000
8.205100
5.000000
2.435900
3.076900
2.435900
1.794900
2.435900
2.435900
2.435900
1.794900
5.000000
6.923100
6.923100
3.717900
8.846200
8.205100
11.410000
9.487200
8.846200
1.153800
-2.692300
-5.897400
-13.590000
-19.358999
-23.205000
-27.691999
-32.179001
-30.896999
-27.051001
-18.077000
-16.153999
-14.231000
-19.358999
-21.923000
-16.795000
-7.820500
11.410000
17.179001
18.462000
20.385000
16.538000
18.462000
16.538000
10.128000
11.410000
5.641000
3.717900
1.153800
7.564100
6.282100
9.487200
12.051000
9.487200
10.769000
7.564100
5.000000
5.000000
5.000000
4.359000
5.000000
5.641000
7.564100
4.359000
5.641000
8.846200
7.564100
-2.051300
-9.743600
-11.026000
-11.026000
-13.590000
-12.308000
-13.590000
-9.102600
-5.897400
-7.820500
-3.974400
-6.538500
-1.410300
-1.410300
3.717900
7.564100
8.205100
9.487200
7.564100
8.846200
5.000000
3.076900
-3.974400
-2.051300
-0.769230
1.153800
1.153800
0.512820
0.512820
3.717900
2.435900
3.076900
6.282100
10.769000
10.128000
14.615000
21.025999
19.103001
13.333000
10.769000
4.359000
-0.769230
-0.769230
-7.179500
-4.615400
-7.820500
-4.615400
-3.974400
-7.179500
-4.615400
-1.410300
1.794900
2.435900
1.794900
-0.769230
-2.051300
0.512820
-2.692300
-7.820500
-8.461500
-17.436001
-12.949000
-15.513000
-16.153999
-13.590000
-11.667000
-5.256400
-5.897400
-11.026000
-8.461500
-12.308000
-15.513000
-5.897400
0.512820
5.641000
4.359000
5.641000
-0.769230
1.794900
-2.051300
-5.256400
-6.538500
-5.256400
-5.897400
-3.333300
-5.256400
-3.333300
-1.410300
1.153800
4.359000
-0.128210
2.435900
1.794900
5.641000
5.000000
3.717900
4.359000
2.435900
6.923100
7.564100
1.153800
-3.974400
-7.179500
-7.179500
-3.974400
-2.051300
-0.128210
-3.974400
7.564100
7.564100
8.846200
8.205100
5.641000
5.641000
4.359000
4.359000
3.076900
1.153800
2.435900
1.153800
1.794900
3.076900
-4.615400
-1.410300
-4.615400
-3.974400
-5.256400
-2.051300
2.435900
3.076900
5.000000
8.846200
9.487200
8.846200
8.205100
6.923100
9.487200
12.051000
16.538000
15.897000
17.820999
14.615000
13.974000
10.128000
13.974000
12.692000
14.615000
10.769000
11.410000
10.769000
8.205100
4.359000
-2.051300
-0.769230
-5.256400
-5.897400
-7.820500
-6.538500
-8.461500
-1.410300
2.435900
-4.615400
-3.974400
2.435900
1.153800
1.153800
3.717900
6.282100
11.410000
11.410000
10.769000
-3.333300
-7.820500
-10.385000
-3.333300
5.641000
4.359000
4.359000
-0.128210
-3.333300
-3.974400
-5.897400
-7.820500
-7.820500
-8.461500
-7.820500
-7.820500
-8.461500
-11.667000
-9.743600
-11.026000
-11.026000
-11.667000
-12.308000
-9.743600
-9.743600
-11.667000
-11.026000
-8.461500
-4.615400
-2.692300
0.512820
5.641000
-0.769230
-0.128210
-0.128210
1.794900
-1.410300
-2.051300
-2.692300
-7.820500
-9.743600
-10.385000
-12.949000
-9.102600
-10.385000
-11.667000
-8.461500
-10.385000
-9.743600
-12.949000
-10.385000
-11.667000
-15.513000
-12.308000
-11.026000
-11.026000
-8.461500
-6.538500
-6.538500
-1.410300
-1.410300
5.000000
10.128000
10.128000
10.769000
16.538000
19.103001
23.590000
22.308001
28.718000
31.282000
26.153999
20.385000
15.897000
12.051000
3.076900
-6.538500
-10.385000
-12.949000
-18.718000
-14.231000
-17.436001
-18.077000
-16.795000
-16.153999
-16.153999
-14.231000
-11.026000
-12.308000
-1.410300
2.435900
3.717900
6.282100
7.564100
8.205100
10.769000
8.846200
12.692000
8.846200
8.846200
14.615000
13.333000
7.564100
-2.692300
-7.179500
-7.179500
-1.410300
6.282100
8.205100
9.487200
13.333000
8.205100
13.974000
6.923100
5.000000
-0.128210
1.153800
4.359000
6.282100
3.717900
6.282100
0.512820
-1.410300
-4.615400
0.512820
1.153800
1.153800
3.717900
0.512820
2.435900
0.512820
-2.692300
-5.256400
-5.897400
-2.051300
-1.410300
-2.051300
-2.692300
-9.743600
-11.026000
-12.949000
-15.513000
-12.308000
-11.667000
-7.820500
-16.153999
-11.667000
-9.102600
-11.026000
-8.461500
-3.974400
-0.769230
-3.333300
-2.051300
-5.897400
-7.179500
1.794900
5.000000
3.717900
6.923100
-1.410300
0.512820
1.794900
4.359000
3.717900
4.359000
5.641000
4.359000
0.512820
6.282100
5.641000
4.359000
9.487200
10.769000
10.769000
7.564100
13.333000
10.128000
8.846200
10.128000
11.410000
9.487200
10.769000
8.846200
1.794900
-0.128210
-3.974400
-5.897400
-4.615400
1.794900
3.717900
12.051000
11.410000
13.333000
13.974000
10.128000
6.923100
1.153800
-0.128210
-1.410300
-2.692300
-0.128210
-4.615400
-5.256400
-7.820500
-17.436001
-20.000000
-24.487000
-20.641001
-9.102600
-0.769230
1.153800
3.717900
6.282100
7.564100
14.615000
13.333000
10.769000
3.717900
1.153800
1.153800
-1.410300
-8.461500
-7.820500
-12.949000
-9.743600
-9.743600
-7.820500
-0.128210
2.435900
8.205100
8.205100
5.641000
3.717900
0.512820
-5.256400
-4.615400
-6.538500
-5.897400
-5.897400
-1.410300
-2.051300
-1.410300
-0.128210
-2.692300
0.512820
1.153800
3.717900
6.282100
4.359000
9.487200
13.333000
13.333000
20.385000
16.538000
20.385000
14.615000
10.128000
6.282100
3.717900
-2.692300
-7.179500
-6.538500
-7.820500
-7.820500
-7.820500
-6.538500
-3.333300
-1.410300
-3.333300
-1.410300
-3.333300
3.076900
1.153800
-0.769230
-0.769230
-2.692300
-2.692300
-2.051300
-0.769230
4.359000
5.000000
2.435900
1.153800
-3.974400
-1.410300
-5.897400
-1.410300
-3.974400
-3.333300
-1.410300
1.794900
3.076900
1.794900
-2.051300
-3.333300
-7.820500
-7.820500
-9.102600
-11.667000
-6.538500
-11.026000
-5.897400
-2.692300
-1.410300
1.153800
5.000000
2.435900
-5.256400
-14.231000
-15.513000
-18.718000
-11.667000
-2.692300
2.435900
0.512820
5.000000
8.205100
8.205100
11.410000
7.564100
6.923100
2.435900
-0.769230
-0.769230
-2.692300
0.512820
-0.769230
-6.538500
-4.615400
-3.333300
-1.410300
1.153800
1.794900
3.076900
4.359000
10.769000
10.128000
10.128000
12.692000
9.487200
10.128000
7.564100
7.564100
8.846200
3.717900
3.076900
3.717900
0.512820
-1.410300
-2.051300
-0.769230
-5.256400
-3.974400
-1.410300
-4.615400
-2.692300
-5.897400
-6.538500
-11.026000
-12.949000
-15.513000
-16.153999
-13.590000
-9.102600
-7.179500
-3.974400
-5.256400
-5.256400
-6.538500
0.512820
5.641000
3.717900
6.923100
8.205100
8.846200
8.205100
6.923100
7.564100
6.923100
6.282100
6.923100
-0.128210
-1.410300
-5.897400
-7.179500
-14.872000
-14.872000
-11.026000
-9.102600
-3.974400
-1.410300
2.435900
6.923100
4.359000
5.641000
6.923100
3.717900
6.923100
3.076900
1.794900
-1.410300
-4.615400
-5.897400
-3.333300
-1.410300
-2.051300
-0.128210
3.717900
0.512820
-7.179500
-13.590000
-18.077000
-15.513000
-12.949000
1.794900
7.564100
8.846200
3.717900
3.717900
-0.128210
-2.692300
-4.615400
-2.692300
-2.692300
1.794900
3.717900
5.641000
8.205100
3.717900
1.794900
0.512820
0.512820
-5.256400
-6.538500
-7.179500
-8.461500
-4.615400
-4.615400
-9.102600
-6.538500
-2.692300
1.794900
2.435900
1.153800
8.846200
5.000000
13.333000
15.897000
17.820999
19.103001
19.103001
22.948999
20.385000
10.769000
10.128000
3.717900
1.794900
-1.410300
-3.974400
-2.692300
-4.615400
-0.769230
-3.333300
2.435900
1.153800
4.359000
9.487200
7.564100
8.205100
12.051000
10.769000
10.128000
9.487200
7.564100
7.564100
4.359000
5.000000
0.512820
1.153800
-2.692300
-3.974400
-3.974400
-4.615400
-9.102600
-7.179500
-5.897400
-2.692300
-1.410300
-0.128210
-1.410300
-7.179500
-8.461500
-9.743600
-11.026000
-9.102600
-7.820500
-5.256400
-3.333300
-2.051300
-4.615400
-5.256400
-0.769230
-3.333300
-2.051300
-1.410300
-2.692300
-4.615400
-2.051300
4.359000
5.000000
8.846200
1.794900
-4.615400
-14.231000
-29.615000
-34.743999
-30.256001
-20.641001
-18.718000
-16.795000
-12.949000
-5.897400
-3.974400
1.153800
0.512820
4.359000
3.717900
6.282100
8.205100
9.487200
10.128000
13.333000
21.025999
17.820999
14.615000
15.897000
8.205100
4.359000
2.435900
-0.769230
-0.128210
-2.692300
0.512820
2.435900
6.282100
10.128000
13.974000
10.128000
5.641000
5.641000
3.717900
-0.769230
-1.410300
-2.692300
-5.256400
-2.051300
-4.615400
-3.974400
-6.538500
-3.974400
-3.333300
-1.410300
4.359000
5.641000
5.641000
3.076900
3.717900
4.359000
6.923100
10.128000
10.769000
12.051000
10.769000
5.000000
6.282100
3.717900
3.717900
1.794900
-0.128210
-0.769230
-1.410300
-0.128210
0.512820
1.794900
2.435900
0.512820
-1.410300
-2.692300
-4.615400
1.794900
4.359000
9.487200
9.487200
8.205100
6.923100
-2.692300
-7.820500
-6.538500
-9.102600
-8.461500
-9.743600
-9.102600
-5.897400
-5.897400
1.153800
-2.051300
0.512820
-0.769230
-0.128210
2.435900
-0.128210
2.435900
3.076900
3.076900
-0.769230
-8.461500
-15.513000
-20.641001
-18.718000
-6.538500
3.717900
15.897000
19.743999
20.385000
19.103001
18.462000
21.025999
15.897000
12.692000
10.128000
7.564100
5.641000
5.000000
4.359000
-0.128210
-3.974400
-3.333300
-8.461500
-3.974400
-2.692300
-0.128210
1.794900
2.435900
2.435900
2.435900
3.717900
-0.128210
-1.410300
-2.692300
1.153800
1.153800
-5.256400
-5.897400
-3.333300
-5.897400
-5.897400
-7.820500
-11.026000
-10.385000
-12.949000
-11.026000
-13.590000
-14.231000
-11.026000
-7.179500
-3.333300
-0.769230
-2.051300
7.564100
-3.333300
3.076900
0.512820
-1.410300
6.282100
1.153800
-0.128210
-1.410300
-0.128210
1.153800
0.512820
0.512820
4.359000
-3.333300
1.153800
-0.128210
3.076900
2.435900
-0.769230
-3.333300
-2.692300
-1.410300
-3.333300
-6.538500
-5.897400
-10.385000
-14.872000
-12.308000
-12.308000
-9.743600
-8.461500
-3.974400
-5.256400
0.512820
-0.769230
-2.692300
-2.051300
-3.974400
-1.410300
-7.179500
-5.256400
-4.615400
-7.179500
-6.538500
-7.820500
-9.102600
-4.615400
-2.051300
3.717900
0.512820
-2.051300
-12.308000
-13.590000
-10.385000
1.153800
12.051000
14.615000
16.538000
21.025999
16.538000
13.974000
15.897000
8.205100
6.923100
3.076900
2.435900
3.076900
0.512820
3.076900
6.282100
8.205100
10.128000
7.564100
10.128000
8.205100
6.282100
5.000000
5.641000
7.564100
3.717900
